-13633116.59 4546814.886
-13633084.3 4546881.074
-13633077.62 4546902.197
-13633062.04 4546916.28
-13633048.68 4546927.546
-13633018.63 4546954.303
-13632955.17 4547005.0
-13632940.7 4547019.083
-13632919.55 4547037.39
-13632868.34 4547096.538
-13632862.78 4547147.236
-13632871.68 4547181.034
-13632882.82 4547221.875
-13632911.76 4547313.414
-13632909.53 4547327.497
-13632910.65 4547350.03
-13632886.16 4547350.03
-13632870.57 4547350.03
-13632831.61 4547351.438
-13632748.12 4547341.58
-13632699.14 4547328.905
-13632652.38 4547313.414
-13632613.42 4547300.739
-13632585.59 4547290.881
-13632441.99 4547244.407
-13632413.05 4547234.549
-13632221.58 4547192.301
-13632191.52 4547186.667
-13632181.5 4547185.259
-13632092.45 4547168.36
-13631982.24 4547148.644
-13631963.32 4547145.827
-13631914.34 4547135.969
-13631843.09 4547126.111
-13631836.41 4547124.703
-13631784.09 4547116.253
-13631734.0 4547109.212
-13631708.4 4547107.804
-13631679.45 4547106.395
-13631664.98 4547106.395
-13631594.85 4547135.969
-13631543.64 4547159.91
-13631512.47 4547175.401
-13631499.11 4547182.443
-13631457.93 4547186.667
-13631318.78 4547158.502
-13631313.21 4547159.91
-13631152.91 4547188.076
-13631140.67 4547189.484
-13631129.53 4547190.892
-13630958.1 4547220.466
-13630945.86 4547221.875
-13630782.22 4547248.632
-13630773.31 4547250.041
-13630764.41 4547251.449
-13630598.54 4547278.206
-13630409.3 4547307.781
-13630401.5 4547309.189
-13630221.17 4547337.355
-13630213.37 4547338.764
-13630133.22 4547351.438
-13630043.06 4547365.521
-13629856.04 4547395.096
-13629879.42 4547526.07
-13629899.45 4547655.637
-13629712.44 4547686.621
-13629733.59 4547820.416
-13629753.62 4547951.395
-13629569.95 4547980.971
-13629591.1 4548113.361
-13629611.14 4548244.344
-13629622.27 4548310.541
-13629438.59 4548341.526
-13629449.72 4548404.907
-13629469.76 4548534.485
-13629286.08 4548564.063
-13629308.35 4548696.46
-13629327.27 4548826.042
-13629146.93 4548855.621
-13629166.97 4548988.022
-13628983.29 4549016.192
-13628967.71 4549019.009
-13628969.94 4549033.095
-13628972.16 4549048.589
-13628974.39 4549062.674
-13628976.61 4549075.351
-13628979.95 4549097.888
