0.000000 0.000000
0.973560 -0.228430
1.967314 -0.116837
2.958675 -0.248003
3.957742 -0.204813
4.905094 -0.525005
5.905088 -0.521423
6.861897 -0.812141
7.828580 -1.068119
8.808669 -1.266674
9.545502 -1.942749
10.147690 -2.741103
10.859428 -3.443549
11.503050 -4.208892
11.912798 -5.121091
12.066915 -6.109143
11.997157 -7.106707
11.921117 -8.103812
11.745113 -9.088202
12.038648 -10.044150
12.490868 -10.936057
12.864231 -11.863742
12.531552 -12.806782
12.239805 -13.763277
12.203261 -14.762609
12.112035 -15.758440
12.659024 -16.595580
13.612004 -16.898612
14.601365 -16.753127
15.598500 -16.677486
16.189880 -15.871094
16.516033 -14.925776
17.353391 -14.379121
17.771530 -13.470738
18.598845 -12.909000
19.595281 -12.824652
20.491473 -12.380986
20.986232 -11.511955
21.418013 -10.609977
21.463450 -9.611010
21.090211 -8.683274
21.323885 -7.710959
21.444714 -6.718286
21.310160 -5.727380
21.562877 -4.759839
21.533734 -3.760264
21.656819 -2.767868
21.643287 -1.767959
21.617883 -0.768282
20.998519 0.016822
20.309225 0.741304
19.672060 1.512031
19.603584 2.509684
19.790982 3.491968
19.265627 4.342851
18.595569 5.085159
17.689457 5.508198
16.692050 5.580160
15.870268 6.149963
15.159386 6.853273
14.557135 7.651580
13.695695 8.159440
13.072905 8.941829
12.626020 9.836420
12.400580 10.810677
12.538536 11.801116
12.755741 12.777242
12.940758 13.759977
13.443203 14.624586
14.188907 15.290864
14.891281 16.002672
14.993431 16.997441
15.012835 17.997253
15.451831 18.895742
15.709433 19.861993
15.561256 20.850954
15.253560 21.802438
14.824474 22.705702
14.543844 23.665518
14.192923 24.601923
14.280725 25.598061
14.198316 26.594660
13.606789 27.400945
12.905565 28.113886
11.931473 28.340035
10.935817 28.246922
9.951260 28.071859
8.994639 28.363193
8.005980 28.213016
7.053379 27.908791
6.131386 28.295996
5.171485 28.015656
4.475858 27.297254
4.303147 26.312281
4.760868 25.423186
5.204478 24.526966
5.738924 23.681763
6.056288 22.733459
6.763351 22.026308
7.431722 21.282480
8.431546 21.301240
9.407262 21.082202
10.397811 21.219362
11.133155 21.897057
11.771776 22.666578
12.457002 23.394908
13.370981 23.800671
13.945106 24.619439
14.093994 25.608293
13.557412 26.452141
13.121234 27.352001
12.197445 27.734904
11.202442 27.834754
10.238857 27.567352
9.366215 27.078991
8.436942 26.709599
7.494184 26.376122
6.807217 25.649432
6.087503 24.955162
5.440258 24.192880
4.870832 23.370837
4.490759 22.445881
4.656144 21.459652
4.587534 20.462008
4.711097 19.469672
4.686426 18.469976
4.704740 17.470144
4.530878 16.485374
3.861697 15.742274
3.115559 15.076483
2.137839 14.866566
1.469098 14.123072
0.527255 13.787017
-0.459379 13.624068
-1.413889 13.325887
-2.398394 13.150534
-3.137134 12.476543
-3.892460 11.821194
-4.880978 11.670087
-5.710475 11.111576
-6.597658 10.650158
-6.473762 9.657863
-6.682287 8.679846
-7.059406 7.753681
-7.399465 6.813277
-8.100903 6.100546
-8.566504 5.215551
-8.459741 4.221267
-7.732912 3.534448
-6.873069 3.023891
-6.019990 2.502107
-5.020235 2.524200
-4.168006 3.047369
-3.289201 3.524550
-2.339556 3.837878
-1.339798 3.859890
-0.347838 3.986441
0.643972 4.114162
1.542157 4.553779
2.162490 5.338118
3.056381 5.786402
3.844565 6.401841
4.518275 7.140837
5.282028 7.786347
5.989717 8.492870
6.198266 9.470882
6.378697 10.454470
6.555152 11.438779
6.844568 12.395982
6.987771 13.385675
7.303706 14.334456
7.402129 15.329601
7.933450 16.176771
8.669792 16.853381
9.289854 17.637933
9.421888 18.629179
9.760046 19.570268
10.066212 20.522246
10.101887 21.521610
10.252945 22.510135
10.298423 23.509100
10.199302 24.504175
10.610708 25.415628
11.474246 25.919912
12.293925 26.492734
13.271411 26.703736
14.250029 26.909422
15.214398 27.173984
16.213268 27.126453
17.112076 26.688112
17.813518 25.975385
18.760216 25.653262
19.112471 24.717358
19.745649 23.943351
20.354335 23.149941
20.700678 22.211833
21.137696 21.312380
21.512236 20.385169
21.495863 19.385303
21.399296 18.389977
