-1.958563 -1.452787
-0.019700 -2.344313
0.712305 -2.293609
1.534689 -1.710301
2.194982 -1.602787
3.030438 -1.643581
4.479355 -2.636988
4.234328 -3.954781
4.937217 -4.357933
5.943756 -3.157275
6.829424 -5.357271
6.054338 -7.237289
6.665804 -7.653796
5.831970 -7.716812
5.498554 -8.823931
3.674080 -10.123993
5.101223 -10.994977
4.789159 -11.804164
4.266750 -14.073541
3.420640 -15.290783
4.369906 -14.690341
4.535427 -16.119051
4.892237 -15.327347
6.941418 -17.219574
7.043248 -19.067324
5.345645 -19.376038
6.501299 -20.276171
7.199401 -19.123908
6.458949 -21.882026
6.813952 -22.910660
6.891669 -22.773872
5.140511 -24.636913
4.768661 -24.803543
3.022163 -26.236068
1.559502 -24.994543
2.071258 -25.380191
-0.451560 -25.805189
-0.367165 -26.899685
-0.703288 -26.603627
-0.469289 -27.802715
-1.362721 -28.634272
-2.382302 -28.905293
-3.083404 -28.837830
-4.350807 -28.348074
-5.261904 -26.134721
-4.788924 -26.242587
-3.506885 -24.681646
-5.160472 -24.350881
-2.852138 -23.146989
-1.769865 -23.209787
-2.929047 -23.252913
-1.220981 -21.885638
-1.263635 -21.737541
-0.312126 -20.654974
0.579822 -19.970404
-0.567768 -18.073629
0.775869 -17.948349
-0.328110 -16.969755
-1.082487 -16.102732
-1.995772 -15.049040
-1.500555 -15.108884
-1.588322 -12.567047
-1.894289 -11.651879
-2.746036 -12.069310
-4.068678 -11.498261
-3.871768 -10.057606
-3.928643 -10.328786
-2.824260 -6.758172
-4.349911 -6.725781
-4.290590 -5.997226
-4.890900 -5.253123
-5.347658 -4.076385
-4.908154 -2.991986
-5.951542 -2.321803
-6.287685 -1.504188
-7.224932 -0.652329
-5.863062 0.445261
-6.477397 0.772643
-6.223073 2.489514
-4.599643 2.792359
-5.685598 4.085524
-5.898897 4.007617
-6.832169 5.421228
-5.956234 5.765811
-7.003006 7.780602
-7.601006 8.426967
-7.398155 8.963987
-8.998627 9.622651
-9.484969 10.300362
-10.703335 11.158480
-12.121064 10.799188
-11.991090 11.957286
-13.137264 12.337996
-13.983177 12.944822
-13.453378 12.783806
-15.148552 12.863231
-15.677663 14.677304
-17.237691 13.196300
-18.006972 14.422386
-18.579135 14.045387
-21.008899 12.414260
-19.698211 11.318769
-20.418024 12.345735
-21.103132 11.002278
-22.654326 9.147692
-23.167436 9.004614
-24.073066 9.197458
-24.800553 8.151424
-24.893128 7.132142
-24.573857 6.554228
-26.465862 5.616556
-27.545319 5.790825
-27.823853 3.668446
-28.468284 3.257595
-28.750473 3.054309
-29.467428 1.740997
-28.966851 -0.220080
-29.681867 -0.323641
-30.377207 -0.789160
-31.344544 -2.047591
-32.926184 -1.239397
-32.420668 -2.356528
-34.304029 -2.137274
-35.931425 -3.948194
-35.195679 -3.462587
-36.948552 -5.669774
-36.085357 -5.224301
-38.367255 -5.771113
-38.239410 -7.668227
-39.091216 -5.882696
-42.005929 -5.878806
-42.817410 -5.783410
-42.482216 -4.880494
-43.922463 -5.678412
-43.443789 -5.208677
-44.692553 -4.067494
-44.696605 -3.570070
-44.935907 -1.775632
-44.861857 -0.134738
-44.887220 0.606000
-44.358461 1.026664
-44.503715 1.418032
-42.865565 1.815064
-43.120125 2.903624
-43.077714 2.790500
-43.063326 4.774692
-42.765121 5.436716
-41.629777 6.973435
-40.725643 5.975625
-38.761535 6.888902
-38.118868 6.568605
-38.039531 5.238065
-36.194976 4.785435
-35.939496 5.442017
-34.655915 4.896291
-33.357128 4.593713
-32.865546 4.579909
-31.947264 4.090684
-32.294862 2.195609
-31.229667 2.595414
-29.202293 0.921862
-29.186048 0.462296
-28.863600 0.484243
-27.435934 -0.041545
-26.915873 -1.734475
-26.776705 -1.534737
-27.028599 -2.777193
-26.837550 -4.538623
-26.768626 -5.269870
-24.472995 -6.123305
-25.278981 -6.709112
-26.259314 -7.368412
-26.354789 -8.093536
-24.939569 -10.244869
-24.569328 -9.975797
-24.132538 -10.206872
-24.297298 -11.785410
-22.881910 -13.328957
-21.738966 -14.148498
-22.331072 -13.384193
-21.432316 -14.402916
-20.993174 -14.926324
-20.729836 -15.761658
-20.958102 -16.697610
-19.671437 -17.778222
-19.201188 -18.674734
-19.997087 -21.291061
-19.144820 -21.312840
-19.109788 -21.440024
-19.695304 -23.096820
-19.230897 -24.205953
-19.178530 -24.516046
-20.339467 -25.903948
-19.612570 -26.677209
-20.527727 -26.635435
-22.760365 -28.221905
-21.934384 -28.316608
-21.129117 -28.981096
-21.131599 -30.674716
-22.448545 -30.806483
