0.000000 0.000000
0.404667 -0.914464
1.216869 -1.497840
1.305592 -2.493897
1.512356 -3.472287
2.087496 -4.290343
2.702514 -5.078856
3.292596 -5.886199
4.194633 -6.317857
5.151504 -6.608372
5.519120 -7.538350
5.900691 -8.462689
6.348776 -9.356680
6.321365 -10.356305
6.761221 -11.254373
7.196515 -12.154661
7.042880 -13.142789
6.824558 -14.118666
6.336923 -14.991713
6.071559 -15.955861
5.526352 -16.794163
4.819387 -17.501411
4.604885 -18.478134
4.206823 -19.395493
3.650691 -20.226587
3.070817 -21.041293
2.285118 -21.659902
1.706959 -22.475826
0.815421 -22.928773
-0.147381 -23.198980
-0.665445 -24.054322
-1.615307 -24.366990
-2.609114 -24.255868
-3.606271 -24.180515
-4.129329 -23.328218
-3.749315 -22.403237
-3.134825 -21.614313
-2.885332 -20.645936
-2.732232 -19.657725
-2.363371 -18.728241
-1.620469 -18.058840
-1.790399 -17.073384
-2.171724 -16.148943
-2.137094 -15.149543
-2.715928 -14.334098
-3.632798 -13.934912
-4.407814 -13.302970
-4.604097 -12.322422
-5.463057 -11.810380
-6.294650 -11.254995
-6.995732 -10.541914
-7.771644 -9.911073
-8.467264 -9.192663
-9.410808 -8.861415
-10.238542 -8.300295
-11.061802 -7.732630
-11.993685 -7.369871
-12.983507 -7.512180
-13.971532 -7.357883
-14.900091 -6.986699
-15.882406 -7.173937
-16.868659 -7.339179
-17.714117 -7.873220
-18.496955 -8.495446
-19.227419 -9.178397
-20.140943 -9.585183
-21.059636 -9.980155
-21.990857 -10.344609
-22.984234 -10.459513
-23.652277 -11.203635
-24.598269 -11.527828
-25.597983 -11.551719
-26.582122 -11.729121
-27.394996 -12.311561
-28.342781 -12.630472
-29.318398 -12.849949
-30.315499 -12.773852
-31.207616 -12.322049
-32.206158 -12.376039
-33.205167 -12.420546
-34.196969 -12.292763
-35.196764 -12.272534
-36.135071 -12.618339
-36.744229 -13.411387
-37.233283 -14.283641
-37.619852 -15.205901
-37.783160 -16.192476
-37.523242 -17.158107
-37.037327 -18.032113
-37.023904 -19.032023
-36.960646 -20.030020
-37.031574 -21.027502
-36.456028 -21.845272
-35.837329 -22.630900
-35.459984 -23.556972
-34.643159 -24.133859
-33.920316 -24.824871
-33.078001 -25.363856
-32.246119 -25.918808
-31.327494 -26.313940
-30.327908 -26.285181
-29.364523 -26.553303
-28.499702 -27.055384
-27.514195 -27.225018
-26.550810 -27.493141
-25.567536 -27.675269
-24.592840 -27.451731
-23.598911 -27.561751
-22.645509 -27.260049
-21.665126 -27.062948
-20.665372 -27.085147
-19.691666 -27.312953
-18.901446 -26.700129
-18.289172 -25.909484
-17.857585 -25.007413
-17.197107 -24.256568
-17.068262 -23.264903
-16.532027 -22.420834
-15.853485 -21.686273
-15.622580 -20.713296
-15.841061 -19.737455
-15.944841 -18.742855
-16.322821 -17.817041
-16.613449 -16.860205
-16.419378 -15.879217
-16.629085 -14.901453
-16.898482 -13.938424
-17.472371 -13.119491
-18.278410 -12.527628
-18.853330 -11.709419
-19.491256 -10.939321
-19.884143 -10.019734
-20.430558 -9.182220
-21.221400 -8.570200
-22.191701 -8.328296
-22.930678 -9.002026
-23.750717 -9.574333
-24.198727 -10.468362
-24.292238 -11.463980
-24.061471 -12.436989
-24.134403 -13.434326
-23.941006 -14.415447
-23.567567 -15.343102
-23.119382 -16.237042
-22.525894 -17.041885
-22.225874 -17.995818
-21.917956 -18.947231
-21.375419 -19.787263
-20.885671 -20.659127
-20.168591 -21.356117
-19.187421 -21.549264
-18.189582 -21.614969
-17.208012 -21.806072
-16.208017 -21.802855
-15.209032 -21.847899
-14.231990 -22.060946
-13.279136 -22.364376
-12.376637 -21.933685
-11.642208 -21.254999
-11.151100 -20.383900
-11.011468 -19.393697
-10.322897 -18.668529
-9.793406 -17.820213
-9.551952 -16.849800
-9.246096 -15.897723
-8.606406 -15.129090
-8.189390 -14.220190
-7.709301 -13.342971
-7.660459 -12.344164
-7.468902 -11.362683
-7.339022 -10.371153
-7.638801 -9.417144
-8.306024 -8.672287
-9.234231 -8.300223
-10.139336 -7.875034
-11.053829 -8.279636
-12.049790 -8.369416
-13.043697 -8.259193
-14.038943 -8.161800
-14.939442 -8.596657
-15.742044 -9.193173
-15.883913 -10.183059
-15.683639 -11.162799
-15.172770 -12.022458
-14.944915 -12.996152
-14.799549 -13.985530
-14.601286 -14.965679
-14.791161 -15.947488
-15.248840 -16.836605
-16.037354 -17.451621
-16.908049 -17.943445
-17.542733 -18.716217
-17.998736 -19.606195
-18.336922 -20.547274
-18.472803 -21.537999
-18.880347 -22.451185
-19.377140 -23.319054
-20.008947 -24.094180
-20.868497 -24.605232
-21.792439 -24.987764
