0.000000 0.000000
0.999771 -0.021405
1.993375 0.091512
2.983086 -0.051574
3.903673 -0.442111
4.891743 -0.596118
5.793777 -1.027783
6.392774 -1.828534
7.052213 -2.580292
7.737899 -3.308189
8.202037 -4.193952
8.299726 -5.189169
8.560501 -6.154568
8.132410 -7.058304
7.494512 -7.828424
6.716521 -8.456700
6.548978 -9.442565
6.019629 -10.290969
5.735055 -11.249623
5.389186 -12.187905
5.506675 -13.180980
6.146132 -13.949806
6.712871 -14.773704
7.354000 -15.541137
7.696682 -16.480588
7.906850 -17.458253
8.403320 -18.326307
8.436798 -19.325747
8.179740 -20.292143
7.946334 -21.264522
7.605961 -22.204813
7.135680 -23.087329
6.169418 -23.344890
5.178916 -23.482389
4.184113 -23.584207
3.187990 -23.672182
2.196495 -23.802330
1.301761 -24.248930
1.035906 -25.212943
0.373778 -25.962333
-0.514427 -26.421781
-1.285427 -27.058616
-2.272525 -26.898496
-3.106926 -26.347339
-3.695505 -25.538900
-3.891804 -24.558355
-3.650127 -23.587999
-2.974824 -22.850459
-2.090362 -22.383845
-1.278775 -21.799614
-0.917103 -20.867309
-0.062457 -20.348097
0.687110 -19.686169
1.287512 -18.886471
1.761264 -18.005812
1.583891 -17.021668
1.252965 -16.078012
0.509423 -15.409323
-0.003092 -14.550645
-0.035818 -13.551180
-0.582693 -12.713966
-1.223548 -11.946304
-1.417366 -10.965267
-1.594429 -9.981067
-2.088524 -9.111659
-2.294996 -8.133207
-2.659653 -7.202065
-2.513806 -6.212757
-2.609127 -5.217311
-2.825519 -4.241004
-2.988779 -3.254421
-3.049398 -2.256260
-3.063389 -1.256358
-3.585470 -0.403462
-4.450253 0.098684
-4.694951 1.068283
-4.534474 2.055323
-4.311488 3.030144
-4.110266 4.009690
-3.538146 4.829860
-3.280739 5.796163
-3.983463 6.507626
-4.326641 7.446896
-4.269369 8.445255
-4.275446 9.445237
-4.725761 10.338106
-5.450884 11.026726
-6.212044 11.675290
-7.097831 12.139383
-8.001032 12.568600
-8.905864 12.994368
-9.772597 13.493142
-10.531908 14.143869
-11.389340 14.658466
-12.227662 15.203642
-13.135314 15.623366
-13.968042 16.177048
-14.966942 16.130158
-15.959991 16.012449
-16.948826 15.863441
-17.645992 15.146530
-18.307082 14.396224
-18.874829 13.573021
-19.361834 12.699621
-20.267933 12.276556
-20.939120 11.535268
-21.886782 11.215994
-22.575673 10.491129
-23.033485 9.602080
-23.588288 8.770098
-24.439380 8.245082
-25.112977 7.505983
-25.874306 6.857618
-26.117372 5.887608
-26.494670 4.961516
-26.807475 4.011699
-27.115591 3.060350
-27.792931 2.324680
-28.767044 2.098617
-29.629366 1.592257
-30.396330 0.950567
-31.182841 0.332991
-32.093197 -0.080835
-32.842945 -0.742559
-33.775577 -1.103389
-34.523830 -1.766802
-35.171835 -2.528438
-36.057559 -2.992650
-37.016469 -3.276363
-37.998771 -3.463665
-38.998697 -3.451471
-39.993776 -3.550550
-40.959099 -3.289492
-41.778744 -2.716619
-42.271728 -1.846581
-42.442806 -0.861324
-42.801228 0.072236
-43.352607 0.906491
-43.005690 1.844387
-42.765457 2.815102
-42.085417 3.548277
-41.378553 4.255627
-40.774513 5.052581
-40.741144 6.052024
-40.606582 7.042929
-40.639570 8.042385
-40.358721 9.002137
-39.445316 9.409189
-38.479033 9.151705
-37.479044 9.156396
-36.586765 8.704913
-35.773312 8.123281
-34.798725 7.899274
-33.801230 7.970019
-32.817498 7.790379
-31.895177 7.403953
-31.269407 6.623946
-30.319494 6.311431
-29.593857 5.623353
-28.871551 4.931780
-28.133716 4.256798
-27.419475 3.556898
-26.482702 3.206961
-25.931589 2.372531
-25.730441 1.392970
-25.442648 0.435277
-25.228801 -0.541590
-24.680262 -1.377715
-24.732943 -2.376326
-24.440048 -3.332471
-24.528712 -4.328532
-24.732612 -5.307524
-24.195771 -6.151208
-23.492618 -6.862246
-23.283443 -7.840125
-22.780478 -8.704431
-22.450199 -9.648315
-21.751325 -10.363559
-20.892674 -10.876121
-19.996478 -11.319779
-19.241677 -11.975733
-18.486173 -12.630876
-18.556480 -13.628402
-18.572095 -14.628280
-18.068079 -15.491974
-17.742397 -16.437454
-17.812767 -17.434975
-17.800560 -18.434900
-17.497788 -19.387963
-17.190211 -20.339486
-17.575780 -21.262166
-18.108445 -22.108492
-18.604310 -22.976891
-18.880080 -23.938115
-19.678318 -24.540457
-20.441217 -25.186974
-20.778710 -26.128302
-20.464754 -27.077740
-20.646368 -28.061110
-21.238332 -28.867075
