1.073477 -1.417338
1.160412 1.062816
1.066168 1.960809
2.598074 1.094209
3.459730 2.626400
3.738214 1.331734
5.240910 2.566870
6.128641 2.643434
6.581444 3.896351
6.690875 4.681757
8.371858 5.195149
7.916978 6.586726
7.951229 7.705753
9.802682 9.211687
10.378564 9.377505
10.330135 10.136221
9.352573 11.972205
10.351177 11.948591
9.257344 13.974128
9.827256 13.329829
9.806320 16.121260
9.777712 16.175563
9.758738 16.553387
10.913366 19.672938
10.415945 18.803910
10.563420 19.667554
10.148579 21.254334
8.976931 21.134327
8.839698 22.971733
9.180827 24.200314
8.638792 24.671380
9.874041 25.047895
10.583810 25.411698
10.560550 26.253743
11.223046 27.363774
10.935220 28.974180
10.528097 30.464726
9.897361 31.058847
9.815984 30.749222
8.857712 31.609675
8.467519 32.890674
9.334833 33.720576
8.891183 35.178947
7.740704 34.425763
9.345341 35.506724
9.862627 38.132269
9.882226 38.389766
9.483948 39.662006
9.393755 40.198430
9.365497 42.189679
8.647159 42.549880
7.702383 42.686483
6.688394 43.451884
6.933878 44.057133
5.270587 44.037120
4.518248 43.350920
3.889048 43.306526
1.354176 41.885922
2.678694 41.754446
3.460968 40.682784
1.643343 40.705767
2.715742 40.037353
3.400991 38.114722
4.393495 37.279249
4.427016 36.713328
5.377983 36.916129
6.143611 36.249996
6.489308 35.641087
5.354306 34.023274
6.660204 32.597750
6.259333 32.894786
5.564923 32.799988
4.572931 31.371394
2.948172 30.547868
2.362294 30.506162
1.375326 32.311820
-0.269064 31.063010
-0.611152 30.155234
-0.781266 30.095314
-3.016112 30.234827
-3.413320 28.641421
-4.181264 29.314479
-5.667087 30.547845
-5.692418 30.876177
-5.253707 32.051562
-7.496822 32.722184
-8.114732 31.737292
-9.851547 31.760781
-8.598629 31.943734
-10.809121 32.243594
-10.611038 33.434746
-11.071806 34.349223
-12.061519 34.123602
-13.732259 34.294429
-14.802916 34.198280
-15.909409 35.146358
-16.874759 36.782037
-17.345424 36.751541
-17.842802 36.036052
-18.130978 34.225583
-18.237407 33.389501
-19.425464 33.358161
-18.065043 31.120883
-18.902463 31.360345
-21.180974 30.416498
-21.407683 30.111993
-22.825378 29.232763
-23.521703 30.864669
-24.070966 30.575943
-24.877435 29.478638
-26.255345 29.550849
-26.328156 28.706145
-27.596207 28.552963
-27.676714 27.323149
-29.766060 29.509542
-30.183652 26.196615
-30.860842 25.640826
-32.014174 25.869338
-30.900774 25.044041
-31.579876 24.367936
-32.002063 22.295614
-31.877292 22.030711
-31.658845 20.503537
-31.765318 19.023353
-32.739547 19.030964
-33.343824 18.949863
-32.800758 18.222072
-34.024064 16.451719
-34.369695 16.380638
-33.915945 15.469619
-33.648785 14.375413
-32.603079 13.989274
-32.229524 12.369106
-31.778411 11.619139
-30.868029 10.441809
-31.699931 9.514853
-30.144518 9.598855
-29.092485 8.285795
-27.086141 9.930202
-27.537167 8.239152
-26.637917 9.787637
-27.368744 10.317918
-26.204253 11.259114
-24.419073 12.582278
-26.078022 13.783187
-24.729864 13.776134
-25.887671 15.241752
-26.942718 15.175733
-27.650942 16.669350
-28.783807 17.798427
-28.823211 18.203265
-29.653314 18.020439
-29.586858 19.889363
-30.831174 20.516331
-30.829186 21.708729
-31.196387 22.104751
-31.543197 23.763501
-31.844437 23.695060
-30.364079 24.746150
-31.078445 25.275172
-31.218654 25.381206
-30.777193 27.185816
-31.076667 27.519044
-29.710513 29.569886
-30.942449 31.324035
-29.984043 30.938447
-28.788007 31.253164
-29.209187 32.234920
-27.202047 34.135112
-28.177248 35.066053
-26.722656 35.512387
-26.365277 36.399961
-27.259883 36.594121
-27.169323 37.903060
-26.224941 38.397128
-25.759225 39.729390
-27.106675 41.496718
-26.392490 41.887269
-27.039630 42.480726
-27.643019 44.672775
-25.791129 46.044084
-25.756949 46.085867
-25.886732 47.403273
-26.887355 47.967748
-25.628044 47.777312
-27.591808 49.194949
-26.650485 51.389375
-27.755479 51.971618
-27.924965 52.698391
-28.331511 53.501968
-27.660817 55.103400
-25.602683 54.044272
-25.924594 55.841353
-25.178968 57.326806
-24.642337 57.945003
-25.234471 57.405986
-23.098610 59.871797
-24.113146 60.785128
-22.212197 58.881894
-21.248550 60.287879
-20.846771 61.433517
-22.035625 61.930733
-21.806199 64.408759
-22.332912 63.710206
-20.998245 66.807892
-22.182554 66.369689
-23.617530 66.675216
-23.105881 69.232954
-24.445513 69.396224
-24.382867 70.169161
-24.150370 72.502900
-25.301852 72.654503
-25.168978 72.500993
-26.860706 72.106673
-27.150722 72.598362
-29.015278 72.438352
-30.109249 71.579010
-30.289310 72.178025
-31.194609 71.338725
-32.763569 69.363997
-31.669217 69.667241
-34.311173 69.122717
-34.049090 67.982188
-35.697606 68.514307
-36.433899 68.124330
-36.021887 67.184311
-37.144924 65.953188
-37.519578 64.938133
-37.178737 63.861977
-36.662351 64.547443
-37.425489 62.250752
-36.371485 61.459940
-36.862395 59.816677
-36.234694 59.460398
-36.597360 57.635811
-36.821118 57.606681
-37.484781 56.538998
-36.396507 54.116178
-37.773177 53.642371
-39.415737 53.318775
-39.146818 52.939958
-40.790613 51.317415
-40.888071 51.266563
-42.025522 50.180533
-41.500168 50.339352
-43.606555 50.442067
-44.813217 50.496070
-45.097118 49.939396
-46.205591 47.912827
-45.009680 47.949774
-46.531469 48.129783
-47.408201 46.807291
-49.172764 45.014421
-48.147742 45.442565
-48.785912 43.169599
-51.087332 42.838383
-51.282626 42.880172
-52.121927 43.344839
-52.861499 41.862177
-52.658947 41.629754
-54.314635 41.140288
-53.498049 39.382691
-55.742383 39.280308
-57.651328 40.654500
-56.953065 41.403434
-58.083076 39.434534
-59.338294 40.077377
-61.005975 39.762166
-60.819199 40.563270
-60.992942 41.497486
-64.242005 41.873748
-63.367945 41.113755
-65.784271 41.934510
-66.836494 40.970007
-68.170614 40.132695
-68.550779 40.633915
-66.309332 38.934782
-66.878237 38.722095
-64.948022 37.468540
-64.854843 38.165666
-62.803879 38.000890
-62.110195 36.687813
-63.145884 36.869071
-61.533322 35.894004
-60.359073 35.734724
-59.590833 36.333640
-58.267458 36.319533
-57.174516 37.286845
-56.313767 35.533638
-56.024693 38.096722
-54.585324 37.943236
-53.664927 37.622132
-53.721219 38.407332
-51.806073 39.545209
-50.550085 40.077621
-49.601164 40.522505
-50.520567 41.742053
-48.734478 41.869359
-47.856606 40.664877
-47.224854 39.444842
-47.394661 38.807262
-46.172189 37.972164
-45.101182 38.381084
-43.355585 38.414202
-44.543776 36.852349
-45.053588 35.649713
-44.931567 34.101327
-45.229293 32.616320
-45.081890 32.319215
-46.479813 31.411971
-46.307852 30.614016
-47.271879 30.953700
-47.242257 29.183486
-49.029004 29.528937
-48.922251 28.846410
-50.309996 27.504412
-52.092585 29.230213
-52.791968 29.044602
-54.021328 27.348012
-55.518958 27.718149
-55.373244 28.838376
-56.264265 28.050662
-58.050012 28.669305
-57.656210 29.127434
-58.226656 28.525258
-59.946591 28.111816
-60.801649 26.790418
-60.744123 28.321468
-63.162852 28.950989
-63.162364 29.922742
-63.394048 27.927749
-64.897887 30.852384
-66.605748 29.419946
-66.338643 31.608965
-66.196479 31.745957
-67.189359 33.381711
-66.505323 35.567054
-67.174453 34.823468
-69.245970 36.688069
-68.695082 36.620072
-69.442034 38.092857
-70.315212 38.639606
-69.715198 39.596905
-69.547278 40.203891
-70.950225 41.502490
-72.227963 41.773403
-72.029192 43.161076
-72.966307 43.978275
-72.627825 43.544953
-74.394206 44.331113
-74.230600 45.906923
-74.882512 46.299692
-76.641452 46.486442
-76.715374 46.585068
-77.864123 45.860479
-78.926148 46.138789
-80.569052 47.243032
-80.690113 47.823748
-81.967514 47.186900
-82.627593 47.591448
-84.572868 47.982179
-83.856617 47.548389
-86.224412 48.118244
-85.521602 46.810911
-87.470299 46.514367
-86.198624 45.679760
-87.958228 45.058623
-90.325401 43.409661
-90.704153 43.641810
-90.419233 43.594574
-90.611093 41.710351
-90.426293 40.609546
-88.765019 39.749932
-88.910381 39.421886
-89.250584 38.624452
-88.115952 38.311663
-86.851042 38.592144
-86.353339 39.998181
-85.276353 39.784749
-83.166557 39.418406
-82.556997 39.877402
-81.559225 39.796992
-82.207441 39.424745
-80.344567 37.082161
-79.744354 37.285396
-78.466154 36.809663
-78.055965 37.913884
-76.363040 37.180591
-75.646101 37.907737
-74.468463 37.841488
-73.885489 37.721971
-74.128183 36.090393
-72.277404 35.558295
-72.546890 34.546626
-72.377046 34.596195
-72.521130 32.694408
-71.311188 32.244910
-71.844107 32.007280
-70.329217 30.690215
-69.300188 30.155152
