0.000000 0.000000
-0.903408 -0.428782
-1.337736 -1.329537
-1.852893 -2.186632
-2.226967 -3.114031
-2.594644 -4.043985
-2.507112 -5.040147
-2.036484 -5.922478
-1.940973 -6.917907
-2.126102 -7.900621
-2.673777 -8.737312
-3.123954 -9.630251
-3.913655 -10.243743
-4.872217 -10.528627
-5.531407 -11.280604
-6.396607 -11.782031
-7.107481 -12.485350
-8.105297 -12.419292
-9.070452 -12.680969
-10.032183 -12.406973
-10.982715 -12.717599
-11.891075 -13.135788
-12.668022 -13.765355
-13.611631 -14.096415
-14.479951 -14.592419
-15.421213 -14.930097
-16.153786 -15.610786
-16.981001 -16.172671
-17.851664 -16.664551
-18.827493 -16.883087
-19.822016 -16.987604
-20.719628 -17.428390
-21.649751 -17.795638
-22.509846 -18.305771
-23.378559 -17.810454
-24.371008 -17.687795
-25.167509 -17.083159
-25.324049 -16.095488
-25.538513 -15.118756
-25.021602 -14.262717
-25.146246 -13.270515
-25.246956 -12.275599
-25.301887 -11.277109
-25.649191 -10.339357
-25.929942 -9.379576
-26.251710 -8.432757
-26.666832 -7.522991
-27.617717 -7.213449
-28.617717 -7.212658
-29.603122 -7.042433
-30.599707 -6.959854
-31.319114 -6.265265
-32.295010 -6.047030
-33.076169 -5.422697
-33.729553 -4.665671
-34.354003 -3.884606
-35.093850 -3.211831
-35.594244 -2.346034
-35.848314 -1.378848
-35.831310 -0.378992
-34.975428 0.138180
-34.020827 0.436066
-33.175320 0.970031
-32.618856 1.800902
-31.846447 2.436028
-30.887038 2.718044
-30.099773 3.334659
-29.226480 3.821855
-28.714465 4.680832
-27.961147 5.338488
-27.329750 6.113948
-26.671435 6.866690
-26.073075 7.667918
-25.757240 8.616732
-25.494205 9.581518
-25.195927 10.535997
-24.859158 11.477585
-25.144842 12.435909
-25.657525 13.294487
-26.156314 14.161210
-26.114641 15.160341
-26.303347 16.142375
-26.251895 17.141051
-25.632332 17.925998
-25.017452 18.714618
-24.195674 19.284426
-23.371485 19.850741
-22.604524 20.492434
-21.777864 21.055137
-20.835815 21.390611
-19.874862 21.667323
-19.618231 22.633832
-19.060262 23.463694
-18.212842 23.994617
-17.246285 24.251072
-16.264152 24.062886
-15.310249 23.762769
-14.499346 23.177589
-13.616114 22.708652
-12.707096 22.291895
-11.708477 22.239363
-10.708639 22.221368
-9.714111 22.325835
-8.747012 22.580236
-8.049550 21.863614
-7.322699 21.176819
-6.685050 20.406492
-6.299296 19.483890
-5.885590 18.573480
-5.708508 17.589284
-5.270880 16.690127
-4.663351 15.895830
-4.525208 14.905418
-4.072481 14.013769
-4.209700 13.023228
-4.128429 12.026536
-3.377392 11.366276
-2.397354 11.167462
-1.580312 10.590885
-0.580467 10.608524
0.147685 11.293939
0.769908 12.076780
1.296627 12.926819
1.075828 13.902139
0.670741 14.816417
0.816761 15.805699
0.972375 16.793517
1.073145 17.788426
0.856151 18.764599
0.001242 19.283378
-0.973591 19.506313
-1.938201 19.242633
-2.910490 19.476418
-3.767250 19.992132
-4.668670 20.425079
-5.638606 20.668438
-6.411107 20.033424
-6.639015 19.059741
-7.253063 18.270473
-7.521046 17.307050
-8.025598 16.443669
-8.630236 15.647168
-9.183137 14.813921
-9.713029 13.965856
-10.131384 13.057572
-10.696404 12.232495
-10.924711 11.258906
-11.237165 10.308973
-11.584863 9.371366
-12.124659 8.529571
-12.602508 7.651128
-13.315769 6.950230
-14.215362 6.513500
-14.901546 5.786072
-15.402902 4.920832
-15.727309 3.974914
-15.962109 3.002870
-16.485880 2.151011
-17.353111 1.653106
-17.906288 0.820042
-18.423358 -0.035901
-18.703819 -0.995767
-18.910408 -1.974195
-18.733004 -2.958333
-18.933096 -3.938110
-18.707608 -4.912356
-19.245043 -5.755661
-19.657378 -6.666694
-19.521895 -7.657473
-19.206968 -8.606589
-18.752657 -9.497432
-18.533405 -10.473101
-17.933495 -11.273168
-17.272392 -12.023464
-16.403091 -12.517745
-15.427546 -12.737547
-14.462218 -12.998588
-13.555942 -13.421274
-12.560821 -13.519938
-11.582665 -13.312070
-10.640864 -12.975899
-9.815539 -12.411240
-8.899724 -12.009641
-8.015910 -11.541802
-7.342185 -10.802820
-6.792041 -9.967750
-5.794242 -9.901430
-4.824649 -9.656708
-3.829865 -9.554707
-2.831123 -9.504553
-1.844562 -9.341160
-1.158517 -8.613601
-0.160874 -8.544977
0.809890 -8.785010
1.674745 -8.282988
2.617074 -7.948301
3.088058 -7.066159
2.966938 -6.073521
3.137243 -5.088130
3.352715 -4.111620
3.188102 -3.125261
2.425081 -2.478888
1.637432 -1.862764
0.760735 -1.381720
-0.070735 -0.826151
-1.021508 -1.136039
-1.972615 -0.827178
-2.960408 -0.671407
-3.932736 -0.905027
-4.840074 -1.325430
-5.788744 -1.641698
-6.631326 -2.180265
-7.563024 -2.543499
-8.561859 -2.591764
-9.191700 -3.368488
-9.086246 -4.362912
-9.230385 -5.352469
-9.345674 -6.345802
-8.897207 -7.239601
-8.413573 -8.114871
-8.009344 -9.029529
-7.612619 -9.947467
-7.848023 -10.919364
-7.963523 -11.912672
-8.352919 -12.833742
-8.803582 -13.726437
-9.651814 -14.256061
-10.498219 -14.788601
-11.406652 -15.206631
-12.375767 -15.453241
-13.218576 -15.991453
-14.160478 -15.655565
-15.085286 -15.275132
-15.467897 -14.351222
-15.279583 -13.369113
-15.713112 -12.467973
-16.250857 -11.624866
-16.987926 -10.949048
-17.113019 -9.956903
-16.749643 -9.025260
-16.621578 -8.033495
-16.630955 -7.033539
-17.046525 -6.123977
-17.547552 -5.258546
-18.184426 -4.487578
-18.962705 -3.859660
-19.738744 -3.228975
-20.090179 -2.292763
-20.761296 -1.551411
-21.313556 -0.717739
-21.842725 0.130778
-22.322247 1.008307
-23.022927 1.721783
-23.654442 2.497147
-23.862479 3.475267
-24.137281 4.436768
-24.796407 5.188802
-25.336953 6.030116
-26.240391 6.458835
-27.131236 6.913142
-28.082750 7.220746
-28.992370 6.805304
-29.615570 6.023241
-28.875296 5.350936
-28.346185 4.502384
-27.753202 3.697169
-26.924472 3.137521
-26.146284 2.509489
-25.593329 1.676278
-24.884201 0.971198
-24.205420 0.236857
-23.583722 -0.546399
-23.100946 -1.422143
-22.477505 -2.204014
-21.851451 -2.983794
-21.230300 -3.767484
-20.814178 -4.676793
-20.580385 -5.649080
-20.834316 -6.616302
-20.944859 -7.610173
-21.106759 -8.596981
-21.472173 -9.527826
-21.826232 -10.463049
-21.985093 -11.450350
-21.924377 -12.448505
-21.919815 -13.448494
-21.604051 -14.397332
-20.967433 -15.168511
-21.004993 -16.167805
-21.436412 -17.069957
-21.607836 -18.055154
-21.677721 -19.052709
-21.485812 -20.034122
-20.877215 -20.827601
-20.617923 -21.793400
-20.244121 -22.720909
-19.504156 -23.393554
-19.066481 -24.292687
-18.178222 -24.752030
-17.862273 -25.700806
-17.655616 -26.679220
-16.740420 -27.082229
-15.874460 -27.582343
-14.975070 -28.019490
-14.017147 -28.306514
-13.091034 -28.683760
-12.092716 -28.741740
-11.092951 -28.763433
-10.130485 -29.034835
-9.390875 -28.361799
-8.871785 -27.507080
-8.120923 -26.846620
-7.121843 -26.889498
-6.139022 -27.074057
-5.139196 -27.055403
-4.274696 -27.558035
-3.526311 -28.221300
-2.788638 -28.896458
-2.035617 -29.554454
-1.044389 -29.686621
-0.311541 -30.367013
0.124837 -31.266777
1.081623 -31.557569
1.700382 -32.343151
2.362178 -33.092834
3.127843 -33.736074
4.088099 -34.015193
4.916287 -34.575644
5.859424 -34.908048
6.835505 -34.690638
7.813803 -34.483435
8.690221 -34.001885
9.674550 -33.825545
10.532150 -33.311227
11.423084 -32.857094
12.368751 -32.531957
13.323937 -32.235951
14.290758 -32.491406
14.953565 -33.240196
15.691690 -33.914860
16.441207 -34.576846
17.154663 -35.277545
17.352839 -36.257711
17.641086 -37.215268
17.786229 -38.204678
17.384828 -39.120581
17.399997 -40.120466
18.200926 -40.719225
19.038934 -41.264884
19.690486 -42.023488
19.488786 -43.002935
19.708896 -43.978410
20.033948 -44.924106
20.698286 -45.671538
21.698231 -45.682050
22.675057 -45.896084
23.664689 -46.039711
24.540309 -45.556710
25.532030 -45.428295
26.366122 -44.876670
27.187807 -44.306729
28.109398 -43.918566
29.011421 -43.486879
29.762885 -42.827104
30.521455 -42.175513
31.205907 -41.446455
31.672755 -40.562117
31.849546 -39.577869
32.163333 -38.628375
32.403290 -37.657592
33.281858 -37.179974
34.281539 -37.154746
35.234839 -37.456772
36.121286 -37.919601
36.945319 -38.486144
37.474001 -39.334964
38.165937 -40.056922
39.087979 -40.444012
40.068173 -40.245971
41.033087 -39.983406
41.924794 -39.530793
42.624798 -38.816654
42.736316 -37.822891
43.004166 -36.859431
42.981772 -35.859682
43.434801 -34.968186
44.208494 -34.334625
45.184727 -34.117903
46.073103 -33.658785
46.985595 -33.249691
47.883492 -32.809485
48.876400 -32.690601
49.872146 -32.598462
50.543736 -31.857539
51.522236 -31.651295
52.490049 -31.902967
53.482497 -31.780296
54.450463 -32.031373
55.423763 -32.260910
56.410070 -32.425835
