-3.431139 -2.834832
-2.035189 -2.965866
-1.275316 -1.561958
-0.330318 -1.858916
1.367980 -1.392156
2.189122 -2.422035
3.203874 -3.167193
5.584752 -2.017948
4.231304 -1.581631
4.391165 0.990952
4.155145 1.309303
5.592594 2.529261
4.692864 1.983684
5.476276 4.267058
5.393513 4.628816
7.060353 4.874916
5.975686 6.395198
4.944414 7.261916
4.775373 9.150752
3.563925 8.416264
3.841126 8.698628
1.498955 9.395281
1.017070 8.912789
0.961314 8.998829
-0.318612 8.429521
-0.439346 8.146221
-0.718629 6.940327
-1.615265 7.343843
-3.388726 7.568476
-3.104251 4.728194
-3.262812 4.219520
-4.457935 3.154804
-4.350504 2.982296
-5.430190 1.620004
-5.168057 0.011097
-5.643129 -0.364927
-6.482060 -0.716724
-6.725254 -1.427648
-7.422016 -2.522777
-8.326754 -0.380036
-9.464820 -1.149149
-11.230792 -1.837270
-11.592155 -2.044893
-13.800846 -1.747332
-14.091486 -1.975233
-15.914920 -2.205133
-15.878353 -1.030782
-16.236802 -0.617137
-17.414075 -0.334475
-18.439633 0.404417
-18.807468 0.304702
-18.885084 0.144782
-20.559782 0.962109
-21.980897 1.389958
-21.865991 1.898003
-23.189407 2.812169
-23.326740 4.045068
-23.243938 4.186003
-25.271375 6.399891
-24.934420 5.878530
-26.739747 6.471257
-26.694261 6.317433
-27.604964 6.700410
-29.618968 6.139207
-31.456483 5.946180
-31.985025 5.346148
-32.617860 5.328256
-32.649837 5.180275
-33.952731 5.218204
-33.943575 5.858387
-34.518923 6.328335
-35.550848 6.947901
-35.854124 7.725893
-36.582063 8.608310
-37.845336 10.294893
-38.376682 10.610705
-39.267925 9.856557
-39.045208 11.408752
-40.548780 13.018622
-40.788229 13.059896
-39.272450 14.075872
-39.919112 15.068285
-41.452555 15.961434
-42.186054 17.356465
-41.595848 17.719527
-42.114426 18.961503
-41.942240 18.641119
-42.901316 20.880118
-44.277689 21.188050
-44.911708 22.668896
-46.370477 22.503356
-45.916000 22.560293
-47.869509 21.539011
-49.838397 21.363052
-48.915134 21.477357
-51.548819 21.901596
-52.436558 22.088139
-53.064180 22.456123
-53.517994 21.541717
-54.905979 21.903328
-55.911456 23.240550
-56.947479 23.086268
-57.671249 23.440799
-59.174130 22.291525
-58.976767 24.254756
-60.546386 24.169232
-60.688722 24.564105
-60.520350 25.819681
-62.393881 26.554639
-61.191379 27.182852
-62.262298 28.114994
-61.853995 29.268510
-61.398356 30.112631
-62.980756 31.821510
-63.564625 31.926374
-61.395262 33.597152
-62.125434 34.182828
-62.030383 37.366385
-63.534808 35.862803
-63.629857 37.228875
-63.135852 38.206117
-62.675730 38.598414
-64.545243 39.659564
-62.610407 40.106912
-62.232192 41.761934
-64.649006 41.503089
-62.776462 42.859464
-60.728291 43.412203
-60.535383 45.061616
-59.427720 45.179528
-59.418751 44.242300
-58.481185 41.230916
-58.065122 41.540665
-56.862035 41.556190
-55.605800 40.848072
-55.525175 41.221914
-53.511861 40.762880
-54.188223 41.639004
-53.103576 41.756060
-52.011005 42.032915
-50.640948 41.836925
-49.734092 42.321064
-48.929527 42.499813
-49.018927 44.441364
-47.959959 43.911737
-46.789017 43.920618
-44.992149 45.429819
-45.204268 45.014796
-43.690296 45.931881
-42.549386 45.275774
-42.359889 44.394521
-41.051445 45.563260
-40.466766 45.231472
-39.158556 44.496454
-39.061584 44.966596
-35.886678 44.266829
-37.139089 42.962613
-35.376550 44.180725
-33.619355 42.383184
-32.497539 44.230709
-32.578790 44.680268
-32.003991 44.792726
-30.363343 44.578320
-30.064008 45.852348
-29.999505 45.264773
-27.333898 44.917675
-26.945248 44.635077
-26.239369 44.366452
-25.897503 44.318779
-23.355831 43.416806
-23.870679 42.674265
-23.645254 42.059298
-23.558899 41.770201
-22.789555 41.133490
-20.504848 38.606471
-21.103372 38.057813
-20.501259 38.644927
-19.448686 38.594909
-18.742185 36.251163
-17.696028 35.721917
-17.897639 35.791537
-18.197682 34.673513
-16.640849 32.670932
-18.118035 32.468412
-16.581955 31.223966
-17.056993 31.880906
-14.456812 30.786714
-13.647145 32.219204
-12.966379 31.866369
-12.208605 33.070196
-12.584625 33.037338
-10.690752 35.739187
-10.635710 35.531513
-12.111477 36.243531
-12.120116 37.588771
-12.864386 39.419755
-12.833712 37.152116
-15.329622 38.439535
-15.027167 38.818169
-18.204750 37.292813
-16.697135 38.274573
-16.968824 38.373791
-19.169712 38.451028
-20.479386 36.620666
-21.759545 36.732376
-21.709583 36.556978
-22.006701 35.949908
-22.950766 34.869297
-24.739652 34.547099
-23.590480 33.896035
-24.729550 31.957770
-25.632969 31.812220
-26.379236 31.147457
-27.196938 31.093468
-28.106899 30.635125
-29.671623 29.899564
-28.379170 28.976909
-29.791771 29.650183
-31.510118 28.486691
-33.129940 27.847828
-31.038244 26.647624
-33.411310 25.240789
-32.848257 24.655166
-32.601179 23.425389
-33.556899 22.390890
-33.760897 22.297230
-34.609394 21.190645
-34.958467 20.409076
-35.866228 19.875928
-36.976961 18.491467
-38.640086 17.998715
-37.951862 19.954612
-39.557119 16.670472
-38.277317 18.238223
-38.738821 14.574547
-38.438686 15.449811
-40.685555 12.625284
-38.389275 11.637370
-38.882977 10.994356
-38.392486 9.520279
-38.780044 9.490548
-39.187173 8.782373
-40.179731 6.843828
-41.437847 7.562071
-41.878567 8.270961
-42.320380 10.018934
-42.495537 11.355049
-42.216247 10.482412
-43.824676 12.699574
-44.114380 13.626662
-44.777486 13.645576
-44.210181 13.726003
-44.364191 15.283042
-44.378141 17.532499
-44.325468 16.751594
-44.405420 18.203129
-45.390558 19.996783
-46.414834 20.554721
-46.591255 20.360830
-47.516256 20.872775
-47.167249 22.589422
-47.866203 22.671261
-48.278120 23.565360
-49.296625 24.983636
-50.743958 25.552653
-51.339731 25.110108
-52.777857 24.617888
-52.504133 25.545401
-54.334243 25.243684
-55.554974 23.780515
-55.773983 25.062636
-56.757119 23.919614
-56.580779 22.210924
-56.332733 21.627647
-58.580118 20.556826
-59.890133 20.415679
-57.908534 19.032037
-59.471221 18.772942
-59.868871 17.479418
-59.028256 15.399123
-59.613906 15.496601
-59.303191 14.699519
-60.185624 13.519131
-59.801758 12.252524
-58.989748 13.045960
-59.615034 10.443338
-59.423135 10.252820
-61.237765 9.431607
-61.816392 8.720934
-61.498449 8.246401
-63.135338 6.609146
-63.266227 5.329861
-63.465812 5.547534
-64.808107 3.859889
-64.864572 2.465819
-65.007285 3.017585
-64.561898 1.010774
-63.247421 0.889263
-62.688009 -1.864503
-62.765681 -2.627916
-62.828152 -2.485246
-61.791066 -1.138054
-61.108155 -2.495694
-60.964699 -4.201748
-61.271368 -4.601304
-62.153900 -6.349943
-63.085435 -5.507438
-64.029997 -5.715323
-65.122913 -6.647849
-65.650875 -6.868351
-66.397997 -5.989958
-68.267937 -6.613820
-68.742147 -6.413859
-70.921936 -6.095146
-71.784817 -5.985805
-70.263759 -4.291376
-71.913950 -3.849720
-73.027539 -3.914127
-74.494296 -3.341877
-74.590661 -3.870628
-75.968062 -2.014042
-76.685420 -4.396019
-77.428830 -5.157902
-77.037378 -5.143313
-78.303689 -6.005708
-79.802169 -8.451916
-78.716289 -7.491318
-79.739619 -8.715202
-80.234033 -9.740142
-80.863807 -11.987870
-80.857159 -11.531592
-81.305824 -12.099921
-82.788072 -12.616828
-82.888847 -14.150481
-83.552829 -15.084168
-83.724263 -16.073417
-83.140080 -15.093072
-83.961409 -17.129193
-85.298338 -20.643922
-84.728004 -19.792979
-85.808589 -20.888567
-86.746459 -20.882298
-87.111690 -21.030327
-88.923690 -21.078212
-88.246152 -21.064696
-90.112097 -19.889226
-91.625866 -20.680416
-90.405496 -19.613986
-93.452487 -20.356291
-94.032104 -20.657078
-94.737551 -21.299296
-97.087563 -22.358009
-96.047385 -23.518890
-96.390287 -22.842736
-95.963637 -25.098348
-95.505303 -24.958902
-96.244004 -27.228957
-95.673125 -27.753799
-95.425905 -28.831266
-96.021025 -29.143072
-97.654639 -30.052490
-98.520814 -30.089650
-97.984318 -30.807792
-98.874784 -32.477549
-100.100692 -33.068039
-99.926745 -33.855147
-98.280696 -34.797170
-98.395697 -35.911862
-98.063901 -36.371157
-97.308023 -36.716415
-97.607829 -38.194988
-96.895939 -39.431336
-97.218575 -41.416367
-96.409272 -42.142906
-96.934735 -42.980643
-95.862498 -43.984931
-96.324326 -44.008866
-97.354826 -45.111680
-98.038025 -44.352193
-99.629023 -46.016606
-100.199225 -46.790136
-100.639843 -47.120854
-102.032914 -47.168406
-101.562332 -49.174759
-102.650182 -50.988394
-102.371190 -50.665702
-100.683745 -52.674167
-100.392318 -51.483943
-100.763739 -52.828811
-100.694115 -54.859674
-100.290935 -55.676094
-100.756633 -56.551556
-100.869017 -57.202380
-99.776974 -59.256703
-100.932343 -59.169905
-99.119096 -60.165912
-98.814946 -59.776442
-96.760548 -60.662571
-97.713493 -60.622282
-95.299915 -61.184777
-94.148297 -59.519616
-93.390938 -60.838197
-93.637069 -59.946403
-91.728813 -60.135779
-91.703638 -62.409534
-89.277661 -59.793309
-89.435978 -59.643157
-88.175999 -58.637458
-87.854081 -58.663228
-87.497890 -57.205725
-85.897683 -60.075150
-84.807394 -58.755767
-85.216549 -59.549994
-84.935822 -60.473254
-84.071752 -60.818785
-84.314143 -63.173463
-84.261718 -63.897213
-84.146274 -63.940476
-86.527539 -64.681036
-86.401072 -64.708214
-88.152010 -65.506283
-87.869918 -64.931841
-88.287829 -66.018872
-90.634881 -66.576070
-90.447371 -67.090506
-91.050248 -66.861106
-93.475371 -65.743883
-93.812170 -65.729302
-94.750072 -65.320020
-95.768122 -63.711053
-95.966921 -64.545561
-96.665016 -63.180129
-97.995110 -62.880955
-98.293854 -62.635565
-99.798998 -62.029444
-100.515635 -62.160365
-102.496485 -61.947571
-101.898865 -61.659790
-102.249678 -61.372071
-104.399402 -62.677834
-104.881080 -62.609003
-107.133657 -62.149955
-107.319274 -62.131737
-107.764406 -62.033133
-107.894585 -62.799116
-109.742324 -63.006031
-110.830992 -63.952702
-110.129136 -65.290872
-111.768905 -66.064066
-112.624945 -66.686572
-114.429053 -65.342473
-113.324704 -66.783936
-115.830675 -67.269729
-114.652381 -69.304239
-115.454529 -70.324901
-115.501580 -70.588048
-115.366210 -71.079683
-115.668917 -73.803712
-116.301027 -74.202542
-115.731073 -74.722484
-115.010129 -74.527009
-114.687666 -76.903749
-114.388275 -77.654409
-113.611479 -77.485220
-113.286467 -77.927710
-110.582510 -77.735760
-109.918274 -79.215374
-111.092502 -78.901626
-109.596875 -80.624778
-108.894777 -81.769083
-107.312746 -82.070633
-107.575905 -81.313413
-106.189358 -82.734264
-105.026193 -82.192511
-105.020291 -83.974330
-103.607851 -83.773744
-102.335512 -83.777575
-102.371146 -83.661995
-101.236852 -84.270484
-99.674146 -82.398283
-98.825238 -82.127020
-98.460934 -81.467009
-98.088496 -80.196237
-97.289032 -79.862452
-96.344647 -79.488475
-94.976377 -80.863640
-93.384510 -79.511935
-93.692735 -80.275364
-91.329922 -80.357940
-91.968310 -81.034924
-92.775552 -81.358704
-91.228724 -83.815348
-92.183751 -85.232287
-93.968810 -84.679662
-94.733340 -84.469582
-95.247350 -83.893479
-96.414274 -83.398557
-96.688426 -81.440926
-96.343113 -80.859442
-96.899081 -80.846311
-97.691585 -80.720877
-97.105531 -79.090657
-98.600336 -78.652423
-98.827169 -78.167289
-100.735264 -77.795907
-100.523621 -77.121486
-102.205694 -78.408152
-102.299306 -78.193563
-104.203361 -78.182627
-104.483301 -79.241502
-105.319937 -78.080255
-107.144676 -79.377692
-107.347139 -78.859765
-109.118174 -78.887108
-110.153993 -78.149987
-111.629852 -78.487697
-111.194605 -78.613646
-112.449328 -79.169808
-113.923886 -79.760166
-115.328617 -78.736900
-115.846627 -80.031620
-116.281253 -78.601300
-117.517501 -80.070826
-119.188772 -80.054477
-118.659135 -81.803727
-118.463420 -83.116481
-118.528714 -84.758375
-119.551342 -85.159465
-120.130695 -84.482482
-121.370487 -84.950267
-121.547634 -86.843419
-120.996334 -87.882491
-121.121573 -88.499383
-122.285024 -89.902278
-121.831732 -90.347767
-123.592438 -91.460429
-124.391138 -91.677243
-125.157169 -91.864903
-125.598498 -93.207662
-126.298167 -91.924526
-128.798326 -92.489688
-127.926084 -92.717637
-128.771981 -94.393999
-130.455719 -93.593897
-130.651992 -94.946799
-130.719592 -95.642407
-131.428110 -96.932416
-132.623234 -96.560156
-133.610921 -98.613567
-134.354503 -97.844491
-133.646494 -99.100686
-135.398454 -99.783257
-135.739849 -99.922870
-136.572984 -100.444196
-137.371592 -101.244788
-138.993697 -102.192582
-137.951616 -102.242208
-138.551537 -103.749268
-139.229422 -104.774668
-139.097900 -105.319294
-138.348795 -107.044963
-138.452007 -106.479437
-137.510023 -108.752638
-136.853305 -108.240952
-136.540137 -110.439524
-135.925693 -111.459040
-135.616067 -111.587272
-134.691218 -111.800317
-133.505219 -111.650967
-132.643704 -113.607920
-132.175833 -114.522420
-131.686985 -114.311646
-129.736724 -114.444151
-130.252331 -114.756828
-129.041683 -114.262095
-127.623968 -114.366627
-127.087059 -113.371626
-125.904816 -111.916403
-124.954042 -111.496441
-124.946207 -110.396853
-125.333847 -110.013896
-122.896329 -108.891318
-122.932281 -107.371245
-123.102905 -106.963188
-124.097666 -106.205874
-125.731716 -105.800909
-124.710007 -105.058619
-124.417300 -103.696444
-124.736932 -103.031220
-123.978077 -101.500575
-124.787164 -101.369185
-123.471521 -100.559046
-123.391345 -98.359291
-123.767737 -96.862316
-122.512555 -96.476524
-122.906178 -95.403513
-123.189832 -93.936457
-123.025748 -95.159473
-122.512235 -92.502073
-122.003444 -92.379128
-121.369360 -91.265237
-121.817517 -89.386956
-121.591887 -88.285599
-121.018732 -87.497379
-119.466888 -89.098994
-117.239171 -88.842409
-118.741454 -88.339784
-115.907068 -89.572961
-116.385262 -88.711923
-114.778773 -89.961727
-114.096222 -89.466524
-112.394563 -88.093441
-112.584050 -87.439223
-112.113512 -87.749405
-110.342111 -88.131566
-109.517868 -88.861032
-108.100510 -87.784270
-108.598455 -88.091328
-106.880519 -87.982474
-106.755643 -86.340324
-104.742205 -85.854111
-105.457876 -86.434306
-103.729094 -85.450661
-101.424595 -85.043984
-101.374572 -84.239919
-99.504682 -84.366211
-99.658445 -82.691294
-99.171776 -84.415418
-98.418329 -83.279871
-96.475143 -82.257025
-95.915727 -81.594649
-96.887871 -81.026190
-98.195674 -79.587296
-98.082977 -78.967570
-99.586950 -79.354355
-100.047580 -78.627279
-100.088887 -79.259909
-101.652461 -78.069372
-103.375546 -78.573488
-104.149874 -78.230288
-103.632647 -79.042780
-106.240594 -78.869283
-106.674674 -80.008140
-107.329227 -80.001729
-108.859262 -80.516649
-110.708214 -82.359806
-110.487319 -81.975862
-112.111676 -81.509571
-112.431778 -81.939036
-113.135397 -81.157038
-114.446682 -81.176841
-115.590838 -82.495957
-115.690354 -81.085496
-115.894518 -81.371186
-116.492304 -79.645391
-116.135403 -78.655668
-115.594315 -78.051779
-113.970879 -78.068111
-114.896797 -76.123168
-111.793553 -76.493985
-112.687052 -77.326738
-111.912787 -76.491371
-109.959722 -76.431028
-109.288860 -76.308473
-108.850757 -76.781083
-107.329224 -74.252138
-107.122088 -74.316236
-106.412831 -74.587492
-104.088348 -74.287304
-103.774268 -74.198971
-102.831908 -73.604601
-103.600753 -72.040046
-103.895535 -70.701427
-103.725283 -69.531013
-104.797861 -69.432797
-107.000535 -69.114254
-106.343064 -69.083742
-107.610866 -68.942369
-109.708164 -67.650729
-110.273771 -66.921635
-110.434010 -67.833939
-112.132614 -68.098559
-113.341320 -68.577059
-112.783781 -68.237473
-113.470974 -67.562508
-115.014557 -67.337883
-116.199893 -66.425650
-117.584910 -64.411151
-117.348836 -65.153273
-119.322702 -65.179590
-119.952737 -66.507608
-120.198508 -65.387785
-121.832866 -66.980257
-121.004369 -69.946210
-121.864767 -69.301022
-121.232426 -70.629265
-120.766981 -70.740999
-123.008108 -72.524340
-122.911044 -72.896709
-123.241630 -73.677680
-124.106328 -73.604141
-125.198108 -74.356747
-125.651007 -74.258359
-126.550591 -76.405286
-125.044159 -76.339633
-124.499831 -77.183177
-125.369141 -77.783504
-124.852853 -79.139393
-123.768371 -78.876021
-123.281189 -80.030035
-122.414461 -80.568496
-120.432380 -80.345072
-120.381502 -80.078174
-120.268781 -82.193127
-119.389917 -84.384461
-119.023084 -83.035952
-118.449268 -81.539698
-117.658066 -82.063830
-117.388806 -81.354655
-119.268155 -81.094345
-120.086578 -79.662299
-120.409768 -78.881654
-121.909363 -78.984174
-120.623199 -77.913872
-122.511200 -76.664827
-122.740228 -75.572872
-124.198477 -75.226525
-124.958874 -74.703524
-123.849192 -73.875985
-126.739068 -74.224963
-126.745107 -74.243571
-127.648940 -73.814366
-128.014845 -72.064350
-129.307568 -71.420249
-128.553601 -71.222124
-131.993489 -70.658509
-132.081566 -70.892908
-132.031471 -69.198270
-132.985484 -68.205239
-134.586607 -68.915324
-134.712752 -69.554057
-137.454644 -67.376083
-136.922567 -67.189607
-138.160411 -66.494822
-137.525182 -66.147429
-138.716845 -65.446954
-140.055887 -64.892413
-140.038290 -64.362710
-141.359927 -65.115997
-143.928379 -65.066968
-143.644909 -65.834295
-144.763065 -67.325777
-144.547269 -65.702259
-145.426633 -68.186650
-146.861217 -68.352197
-148.264193 -67.739049
-149.464700 -67.562001
-150.134434 -66.013751
-149.888044 -65.708762
-151.366097 -65.475946
-152.218670 -64.706944
-153.412015 -64.571217
-153.503670 -64.910581
-154.692610 -65.827647
-154.267423 -66.797661
-154.946614 -67.227627
-155.311919 -69.082485
-155.702764 -69.574650
-155.976569 -69.615572
-156.361880 -70.884235
-157.258745 -72.159151
-156.029032 -72.608569
-156.120944 -73.833285
-156.092984 -74.605098
-154.901673 -75.606361
-153.480840 -76.122053
-154.487582 -77.872993
-154.729733 -78.087099
-153.826008 -79.819841
-154.462745 -80.779123
-154.434765 -81.317710
-155.617794 -82.868998
-154.954596 -84.017007
-157.143612 -85.911514
-155.562869 -85.191285
-156.650282 -85.478884
-156.941511 -86.107248
-157.666166 -87.768372
-157.591190 -88.066779
-159.481920 -89.317105
-160.874394 -88.886910
-161.320217 -90.120443
-162.122039 -89.658773
-162.405235 -90.667686
-163.207503 -90.778166
-164.688612 -92.353660
-164.372566 -91.736583
-166.705016 -92.932123
-166.025331 -92.063853
-167.840762 -92.392572
