1.515693 1.325863
1.609542 1.387641
0.674553 2.780703
0.593395 5.461466
0.701256 5.090623
0.087834 6.485022
1.671378 7.674086
0.950760 7.353167
0.581101 8.996780
0.802659 10.597011
0.557248 9.982656
0.576145 11.619965
0.842903 12.932934
1.105995 12.963183
0.273383 14.837031
1.150540 15.611530
0.509121 16.782543
1.320771 17.666986
1.157371 17.614432
-0.857372 18.767338
0.734719 19.258510
1.081555 21.507594
1.185536 22.073381
0.350298 23.802917
0.173764 24.070523
-0.947285 24.993937
-0.437096 25.734732
-2.079901 25.741746
-2.615069 26.481626
-4.496746 27.757015
-5.004780 26.197446
-6.039743 28.686840
-6.678276 26.850530
-8.213657 28.373607
-8.185686 27.570218
-9.365208 27.162437
-9.185588 26.629524
-10.860312 24.774752
-10.934488 25.621332
-11.005802 22.975436
-11.287255 23.482332
-11.608707 22.021379
-10.357119 21.707663
-11.375058 18.941226
-9.855966 19.452297
-9.824180 18.138353
-10.055587 17.878577
-11.428968 16.369408
-11.241428 14.888174
-12.061319 14.008732
-11.287831 13.568016
-10.668137 12.529445
-12.295337 12.237232
-13.219721 12.404974
-14.207977 11.230805
-15.183631 10.583099
-15.683259 10.322496
-16.435981 9.171702
-16.655720 8.595110
-16.565197 7.762113
-16.209181 6.707257
-14.383822 5.499110
-15.304078 3.700659
-14.826547 3.405828
-15.407920 2.278901
-16.433128 3.127737
-17.433818 1.501378
-19.171048 1.005070
-18.824598 0.782236
-20.798232 -0.564164
-21.709416 -0.660510
-22.275272 0.298195
-21.972452 0.200209
-23.250053 -0.921617
-24.197389 0.528103
-25.842880 0.655640
-26.728180 1.442131
-27.615146 -0.774724
-30.067285 0.868989
-29.820217 0.022708
-30.456708 -2.023117
-30.328667 -2.440320
-29.460157 -3.825507
-28.465803 -3.710489
-28.465055 -5.241340
-28.312573 -5.400871
-26.293084 -6.155649
-25.662786 -5.709252
-24.590053 -6.008093
-23.303377 -6.671970
-22.463719 -8.247233
-21.886580 -7.926396
-21.874080 -8.687330
-20.020669 -8.475884
-20.195650 -8.293868
-17.630014 -7.067547
-17.640851 -6.233066
-17.723301 -6.269402
-16.282779 -5.424939
-17.111703 -3.962881
-15.487318 -4.813823
-15.802827 -3.210847
-15.526744 -2.468401
-12.908870 -1.597018
-14.127226 -0.657137
-15.027235 0.449658
-15.069360 2.417378
-15.977596 2.602073
-17.715815 2.067248
-18.106062 1.743074
-16.283436 3.290340
-18.669340 3.934590
-19.476681 4.715043
-18.733753 6.068088
-19.965418 7.257172
-21.003030 8.205869
-20.905296 9.181417
-21.161275 9.931916
-20.881452 11.448593
-21.542802 12.450572
-21.577937 12.752294
-20.750492 13.936445
-21.985572 14.217096
-20.301878 16.294771
-20.673795 17.640657
-20.933905 17.710739
-18.565976 17.878568
-17.961432 19.062604
-18.666952 19.855766
-17.303856 20.334984
-19.587641 20.727063
-19.280776 21.634364
-19.012811 22.653915
-17.774454 24.469033
-20.789496 24.598518
-19.933726 25.737217
-21.898257 26.838477
-22.199810 28.318760
-22.963436 28.055835
-22.786382 28.313463
-24.196965 29.436362
-24.810814 28.721157
-25.842313 29.815990
-26.548781 28.969533
-27.495696 26.952279
-27.266240 26.652088
-26.584239 25.636372
-26.692222 24.374572
-25.881601 23.728509
-25.477990 24.194084
-24.818357 23.304942
-23.490257 23.487651
-24.463100 21.216230
-22.093975 21.869832
-21.864176 20.956977
-20.790502 21.829365
-19.944439 19.247125
-19.863381 18.727400
-17.214925 18.957738
-15.877122 19.268584
-15.897900 19.691565
-14.678948 20.065265
-14.745796 19.387193
-13.495360 19.861486
-12.321869 18.994730
-11.713781 20.292684
-9.304042 18.053749
-9.588138 17.876263
-10.188166 17.328503
-9.655131 16.897850
-8.756460 14.914293
-9.655176 14.701317
-6.768379 13.759380
-5.854181 14.136725
-6.519022 13.192377
-4.282322 13.761476
-3.427109 13.004128
-2.973567 12.180192
-1.827506 11.377225
-0.657646 11.203004
-1.008270 10.135439
-1.443784 9.581502
-1.513482 8.845230
-1.775920 7.514936
-2.801460 6.560224
-3.661279 5.652201
-2.126944 5.193463
-2.851093 4.009532
-0.933415 2.777195
-0.173661 3.719476
0.704117 2.908189
-0.071042 0.849152
2.673344 0.964779
2.205426 0.948666
1.474812 -1.476638
1.875636 -1.755457
0.981692 -2.370539
0.616935 -2.837387
-1.714456 -4.653327
-1.765776 -4.024261
-2.357649 -4.357014
-3.926008 -3.088249
-3.923189 -3.208440
-5.100333 -4.572946
-6.598789 -4.700805
-8.095295 -4.734433
-8.319551 -4.688611
-9.091371 -3.625044
-10.458627 -4.527511
-10.633115 -4.784738
-11.456994 -6.521132
-13.606818 -4.826267
-13.978076 -6.575742
-15.662427 -6.687913
-15.574134 -4.915919
-16.952980 -5.245882
-15.532453 -3.712989
-15.209619 -2.840374
-14.863168 -1.851818
-12.283941 -1.567434
-12.382461 -0.538924
-10.784847 -2.031817
-10.425158 -1.633496
-9.214995 -0.115788
-8.609114 -0.836668
-7.164656 -1.172763
-6.516245 -0.175797
-4.584406 -1.850867
-3.976770 -1.427948
-2.667668 -1.155982
-1.731436 -2.185773
-2.161195 -3.093201
-1.790214 -2.447909
0.355141 -2.425254
1.236264 -3.994701
1.612936 -3.819923
2.394914 -4.119493
3.731546 -5.210280
2.087448 -6.887960
2.652452 -7.530992
4.201468 -7.047669
5.780623 -6.560601
7.514098 -7.214992
8.423096 -6.787533
9.114195 -6.193298
9.156459 -7.143132
11.532042 -6.930603
11.308290 -5.575035
11.361956 -5.519412
11.843029 -4.560141
13.546632 -3.080261
13.418063 -2.931346
13.264877 -1.147401
13.976099 -0.734305
14.415039 1.311894
15.419743 0.866788
13.874890 1.533972
15.926116 3.325069
16.295603 3.140994
17.668264 5.150031
17.833689 3.766394
19.081259 3.281567
19.610101 1.846540
19.033250 0.885650
18.599844 -0.084750
18.985090 -0.589718
19.172223 -1.825068
18.923350 -3.585768
20.511608 -4.408479
20.456684 -4.236798
17.124713 -5.601512
17.404776 -5.772032
17.089864 -7.028990
17.292995 -7.512842
16.854703 -8.804710
15.917878 -8.617084
15.938287 -11.021231
15.925543 -10.754498
16.414180 -12.670027
17.108869 -12.645818
17.028113 -14.318313
17.524982 -13.352112
17.967800 -14.854163
18.695423 -16.351266
18.129174 -17.318566
20.192407 -18.174129
20.795502 -19.270369
20.896202 -19.043410
22.094364 -19.913335
22.770178 -21.072997
23.419233 -19.913373
24.041222 -21.837568
25.201764 -22.947838
25.751590 -22.096493
27.871738 -22.547794
30.211994 -21.900829
30.007606 -23.031183
30.763347 -22.100494
30.709033 -22.611745
31.315939 -24.848199
32.751975 -24.826348
34.138407 -24.812841
34.748917 -24.967123
35.474664 -22.595592
36.337094 -23.008374
37.986252 -24.367524
37.233828 -24.438849
38.776244 -25.424387
38.425626 -25.477573
38.543069 -27.314278
39.483939 -27.697434
39.296620 -29.602195
40.774524 -30.616380
40.488390 -31.112069
40.339002 -31.843759
40.965959 -32.503780
40.170779 -33.529964
42.432899 -34.785326
42.927979 -33.487271
45.192066 -34.820506
44.873432 -36.145924
46.450957 -36.679140
45.810229 -36.756305
46.559479 -38.174301
48.415014 -39.557259
48.274932 -39.200303
49.400134 -40.482448
49.933189 -40.396100
52.148989 -39.946346
51.447628 -40.488877
53.282663 -41.068459
53.749296 -41.232088
53.952471 -41.669745
56.252415 -41.009437
57.611518 -42.654936
57.797989 -44.236907
58.266478 -43.687029
59.845869 -44.279339
59.614220 -44.443839
61.062203 -44.108758
60.645234 -44.475570
61.604159 -46.967210
62.182210 -47.372236
63.192254 -47.851651
64.561807 -48.193348
63.032777 -49.406304
64.561916 -51.166781
64.374682 -51.760919
63.959469 -51.713405
65.944548 -52.123674
66.379614 -53.571109
67.963338 -53.616042
68.651600 -55.163001
70.438914 -54.785916
70.502735 -55.174300
71.288592 -56.527476
71.441917 -57.110565
71.160786 -57.461981
72.112861 -58.460744
73.047693 -58.581277
74.347128 -57.690996
75.481246 -59.530749
75.783429 -60.303338
77.051734 -60.945646
77.649782 -61.859459
79.222893 -62.074956
79.222234 -61.997373
80.218825 -62.416805
81.067616 -63.597414
81.805109 -64.360501
81.435268 -64.644428
82.024023 -66.705798
82.044645 -66.737825
83.466687 -66.982377
84.301513 -67.198841
84.611621 -68.673457
86.199886 -68.088097
86.614743 -66.831540
87.954147 -65.884163
87.127619 -65.824940
87.571827 -65.488766
85.864882 -63.523178
86.080498 -63.431589
86.183585 -61.902892
85.554766 -61.689625
84.029806 -61.110728
83.452715 -61.713767
81.910598 -60.402341
81.207329 -61.612030
81.033940 -61.976358
79.882637 -63.546123
80.699669 -63.648405
79.288858 -64.579044
77.465155 -64.144347
77.702724 -63.416980
76.338112 -65.768026
74.337833 -65.931943
73.510638 -65.421145
72.381705 -65.961992
72.914009 -65.576762
70.336541 -67.764878
70.510591 -67.162317
70.060901 -67.684643
70.461292 -68.961373
69.468972 -70.942374
69.954293 -71.210492
67.932383 -72.651879
69.540392 -73.040944
69.625812 -73.217367
70.779340 -74.112259
71.634598 -75.615028
72.162578 -76.645097
73.551389 -76.247207
74.335161 -77.576278
73.848099 -78.332603
74.133649 -79.111189
74.662184 -80.607087
73.582333 -80.651774
74.226095 -80.748450
73.761825 -83.500802
72.508400 -84.411830
73.029075 -84.795159
72.309216 -86.068747
71.343328 -86.200351
71.030262 -86.743262
69.607136 -88.274400
70.684840 -88.606216
69.012866 -89.289356
69.489375 -90.413605
69.016659 -91.365446
69.452912 -92.795413
69.039212 -92.590628
69.751380 -93.820929
69.808468 -94.078644
70.557513 -95.042328
70.097138 -97.242624
72.077755 -97.355458
72.311285 -98.038354
74.439237 -98.193846
74.591812 -98.045770
75.404921 -96.140628
77.871007 -98.098335
76.414441 -97.686137
77.354267 -100.197161
79.031534 -100.035752
78.971471 -98.819511
80.181147 -99.472281
81.652042 -98.629005
82.803183 -97.656275
83.895599 -96.473756
85.004232 -96.554374
84.973351 -97.115278
85.862322 -98.732349
86.037292 -97.874278
86.215929 -99.264960
87.799668 -99.137699
88.942988 -99.027436
90.385274 -99.759957
90.744800 -101.449034
92.180898 -101.355867
92.962963 -100.349283
94.668726 -99.756252
95.739534 -100.413391
96.265119 -98.749759
97.083441 -100.119718
98.083573 -99.829662
98.407225 -98.557146
99.304459 -99.042542
99.734870 -96.562692
100.556212 -96.919634
102.119698 -96.362653
102.744719 -97.140072
103.306849 -96.556029
106.161890 -95.552160
105.357225 -94.511448
106.925619 -95.248795
107.899505 -95.093244
109.143498 -93.973151
109.252900 -94.655188
110.195189 -94.427176
111.150667 -95.463943
112.371103 -96.683700
112.406502 -96.384743
113.693296 -97.289001
113.824658 -98.514745
113.953709 -99.346969
114.692861 -100.983096
115.909420 -101.462704
116.247743 -101.158899
116.329009 -103.391837
117.721638 -102.969033
117.641196 -103.322432
119.173649 -105.044324
119.508479 -105.090519
119.816786 -102.339935
119.727215 -101.711128
120.017126 -101.629843
122.198756 -99.796416
122.858612 -100.029645
124.573751 -101.657661
123.564451 -99.078479
127.009026 -99.823064
126.588822 -99.851387
127.564024 -100.280395
128.432848 -99.549877
129.438962 -98.286253
130.516836 -97.894924
130.369754 -97.528240
130.284454 -98.681154
132.318595 -100.017521
133.549565 -101.287664
132.117250 -101.885138
133.445361 -102.047737
134.157831 -102.570904
134.666302 -103.492598
136.129665 -103.704304
137.132001 -102.906973
138.421568 -103.247741
138.388521 -103.726908
139.042966 -104.806619
139.659042 -105.843718
140.306895 -105.653357
139.849810 -107.143074
139.246062 -108.586184
140.189399 -109.388004
140.032715 -109.682597
140.972941 -110.978693
140.470068 -111.774213
140.448191 -112.987509
140.436431 -113.172735
140.344258 -114.847590
139.889760 -115.862453
138.738956 -115.374322
139.528686 -116.776003
136.986048 -117.377359
135.598434 -117.700470
135.254823 -118.648692
135.213881 -118.838043
134.527230 -118.120215
132.936651 -119.157572
131.514103 -120.630635
131.024767 -119.959463
130.187080 -119.764701
129.319307 -119.863206
126.778919 -118.547159
127.683260 -120.764550
126.806841 -119.093162
125.251230 -119.082392
124.863745 -116.783591
124.286320 -116.535203
123.944252 -114.625970
123.946933 -115.747963
122.459175 -114.925568
121.164976 -114.014584
122.083587 -112.740632
121.439938 -111.928626
120.437759 -110.872205
119.914541 -109.113444
120.001529 -110.022961
118.396895 -111.807227
117.206969 -109.904996
115.847765 -111.074974
116.021115 -111.713385
114.183701 -111.800448
113.805096 -111.283655
113.321173 -110.160858
111.577874 -109.842647
110.472703 -112.066189
109.549019 -112.481724
108.554312 -111.552828
108.357291 -112.137715
106.049822 -111.468969
105.735281 -110.443354
104.466157 -109.684429
104.236386 -109.760953
103.768009 -108.363944
102.916850 -108.904884
101.884844 -107.983359
101.845282 -107.475734
100.812286 -107.723839
99.577494 -105.627283
99.752744 -106.058823
96.691773 -105.108312
96.897429 -105.003981
95.767317 -106.054301
94.890349 -106.491303
94.939672 -108.115714
94.018779 -105.842756
92.158926 -108.016118
91.537592 -107.959347
89.528608 -108.526174
89.615007 -108.415481
89.427769 -106.526655
87.970807 -105.287967
86.829394 -104.999950
85.796312 -104.967368
86.597644 -104.153601
85.701338 -102.576416
85.939882 -101.491026
84.325961 -102.347034
82.353449 -101.689069
83.274549 -103.917486
81.706746 -102.848802
80.646536 -102.381247
79.132666 -102.448791
78.236128 -101.932806
77.109738 -103.003189
77.164594 -101.431029
76.534143 -100.777236
76.605453 -99.444439
75.549384 -99.270948
75.220542 -99.428718
74.085830 -97.859395
74.137757 -96.734336
74.931791 -95.232063
73.487957 -93.383635
72.725714 -94.031833
73.083759 -92.427259
72.632857 -91.243564
71.399376 -91.461722
70.334943 -90.503845
70.534547 -90.570182
68.814142 -90.184126
69.521702 -88.282156
68.266228 -88.484872
67.488853 -87.153161
67.266109 -86.969279
66.334743 -84.892211
65.540372 -85.186854
63.333011 -85.270630
63.521986 -85.870093
61.871051 -85.858512
61.284682 -86.743291
60.113835 -87.019332
61.513583 -88.454989
61.285380 -89.843296
61.497290 -89.638967
61.484358 -90.277785
61.439858 -91.738145
63.516606 -92.579364
62.896928 -91.933039
64.762151 -93.187411
64.382095 -94.335362
65.464069 -92.782702
67.433316 -94.530709
68.823365 -93.623722
67.945983 -95.160165
68.170752 -95.949764
70.846387 -97.726642
70.736676 -97.699475
71.417125 -97.918437
72.298749 -98.194622
72.980140 -98.940387
73.286614 -99.909324
73.002718 -101.037106
74.130167 -102.068416
76.440919 -101.155502
76.207517 -102.060250
76.972470 -99.995732
77.828929 -100.224176
78.562600 -99.114907
76.744284 -98.362958
75.943910 -97.171576
75.838532 -97.005975
74.520680 -96.473970
75.820431 -95.528184
74.905927 -95.323151
74.612582 -93.003144
75.131497 -92.220988
74.249414 -91.342253
73.618382 -89.922777
72.242059 -91.120032
71.823913 -89.942858
71.822837 -88.424615
71.935759 -88.216101
72.149995 -87.696865
72.102560 -86.486071
72.391188 -84.913575
72.138731 -84.697429
72.492480 -83.412027
73.034127 -81.849035
74.401601 -82.335302
74.670534 -79.823563
74.358283 -79.552383
73.463006 -77.714566
73.042033 -78.669691
73.438601 -76.621752
72.671619 -76.509251
74.311142 -74.734586
73.515397 -74.148560
71.603864 -73.105789
72.412945 -72.837058
69.686787 -72.174943
69.565908 -71.909665
68.135661 -72.227128
67.607230 -70.949561
67.100300 -70.534125
66.160384 -71.726023
64.068980 -70.230066
64.698834 -70.119347
63.177391 -71.457614
62.034124 -69.746962
62.108321 -70.163667
59.994944 -70.445133
59.904784 -69.554208
57.448259 -69.918819
57.326071 -72.258090
56.273342 -72.568017
58.339246 -71.630366
56.393829 -74.514539
57.513563 -74.826608
57.626949 -76.876505
57.111134 -77.179818
56.169012 -77.685384
56.053896 -79.740026
57.769845 -79.171931
57.500529 -80.626623
56.239718 -81.727819
55.046096 -82.006719
55.648046 -83.560458
53.803128 -84.234593
55.784172 -84.320291
55.400213 -86.374296
55.192289 -86.819592
55.136037 -87.527076
54.248456 -90.419568
53.001034 -90.565136
53.272659 -90.587193
54.344946 -91.916707
53.227456 -92.459796
52.133225 -93.247416
50.997546 -92.868931
50.083035 -93.712956
49.971897 -92.805007
48.334837 -92.545327
47.202037 -91.986728
47.339731 -91.283783
47.082991 -90.083586
45.593022 -89.782165
47.029333 -88.589299
46.848981 -87.531596
48.638189 -86.575827
46.684316 -85.969181
46.443867 -84.405967
46.954370 -83.236683
48.547056 -82.571287
49.040587 -82.049470
47.310169 -81.044698
48.586079 -80.917982
47.715164 -78.389713
49.352864 -77.512626
50.315108 -78.820209
50.421789 -79.331208
50.904828 -80.618293
51.402849 -81.633607
53.115301 -82.760064
51.510584 -83.825949
53.473913 -84.177744
52.824638 -85.056520
53.618125 -86.470518
54.409876 -86.387339
55.938056 -85.990639
55.158216 -87.744031
56.858740 -87.237466
57.049086 -89.025239
56.683910 -91.144922
55.162230 -91.153948
54.288892 -91.060178
54.537473 -92.086942
53.837044 -92.775398
53.827228 -94.318403
53.410849 -95.390233
53.002415 -96.075047
50.895655 -96.327227
50.272372 -95.503612
49.623001 -96.214534
49.998360 -97.517257
48.329460 -98.071152
46.241108 -99.681922
48.011372 -100.154976
48.206843 -101.256292
45.256899 -101.655537
45.623945 -101.202195
43.506980 -102.759179
44.498173 -103.896328
43.011592 -105.084535
43.555753 -104.870762
42.989056 -106.099372
43.067587 -107.303712
42.830776 -107.747883
42.572523 -108.729489
40.974938 -109.066768
39.491933 -111.364536
41.207311 -111.239470
39.177164 -112.539735
39.511447 -113.137317
38.615823 -113.436190
37.712449 -113.305911
38.578591 -114.840341
40.056873 -117.698333
