1.407919 -0.355526
1.573939 0.887890
0.947819 0.550950
-0.185124 0.292053
-0.296738 1.740647
-2.089286 1.888868
-2.752289 1.202259
-3.136850 2.580388
-3.450845 3.694516
-4.619300 2.789108
-6.160205 3.888339
-7.268620 4.161557
-7.583640 4.799991
-8.052503 6.073765
-7.618450 6.875755
-8.756794 6.349313
-9.740795 7.769455
-12.147188 8.256465
-12.620375 4.980078
-11.736993 7.307351
-13.957546 7.661193
-13.641036 8.747195
-15.437958 9.661400
-16.733839 8.745583
-17.307824 9.406305
-17.395224 10.259626
-19.265588 10.691294
-20.663067 11.616178
-20.379605 12.117539
-21.573925 12.119203
-22.955118 12.171466
-23.086828 12.041831
-22.991605 13.845757
-24.083847 14.109587
-23.601392 15.120142
-26.199319 14.971323
-26.356357 15.582154
-28.168959 15.458876
-28.133158 15.933272
-29.059865 15.830831
-31.173954 15.724420
-31.147262 14.325622
-32.442556 13.738005
-32.688517 13.705301
-33.768172 13.616271
-34.648419 12.783641
-35.324323 11.120395
-36.408627 11.306681
-36.704942 12.416441
-38.476370 12.141021
-38.952232 12.133499
-40.637940 11.349628
-41.561546 10.465347
-41.139065 9.565610
-43.469877 11.346790
-43.019893 11.407091
-45.203198 11.712678
-43.943338 14.391761
-43.733825 14.282452
-43.113089 15.544846
-42.617867 15.892280
-41.332155 16.411266
-42.984817 17.339740
-41.375998 18.673688
-42.217801 19.322960
-42.085466 20.245176
-41.278907 21.527607
-39.810328 21.028231
-39.493473 22.609514
-39.558814 22.048806
-38.048551 20.832921
-36.617161 22.683255
-35.646028 21.991054
-34.416611 21.337208
-33.473434 20.979135
-32.965322 22.061659
-31.294774 21.573885
-31.657805 22.830293
-30.653390 23.112506
-29.124720 22.558291
-28.415404 22.498573
-28.887934 20.543671
-29.307071 20.287104
-28.789879 18.228414
-29.487561 18.694719
-30.605038 18.092196
-29.398645 16.884336
-30.120398 14.966301
-28.830905 15.481069
-29.285119 13.534654
-30.014319 11.654997
-29.459576 11.669588
-28.825133 10.422220
-28.913940 9.426431
-29.609907 9.764684
-30.631784 8.518558
-30.818625 6.619050
-31.563476 7.068181
-32.907052 5.921782
-33.797385 5.411306
-34.312137 5.676326
-35.018002 5.082568
-35.658047 3.223944
-35.547602 3.816254
-37.476468 2.897406
-38.276392 1.437242
-38.275604 1.218064
-39.215720 -0.417331
-39.583445 -0.762371
-40.049828 -2.608349
-37.801069 -2.671478
-40.818860 -3.200160
-40.553541 -5.804281
-38.507758 -4.903612
-39.906763 -7.290760
-38.685997 -6.333361
-38.382695 -8.121691
-39.272778 -10.557034
-37.810096 -9.746807
-37.884082 -11.348468
-37.156453 -12.844321
-37.378047 -12.850646
-38.315388 -14.267330
-38.222041 -14.935403
-39.593705 -16.104301
-39.774338 -16.530980
-40.785841 -16.639001
-41.870898 -17.368091
-42.119108 -17.681681
-43.879775 -18.102200
-45.313109 -17.648261
-45.651958 -17.873535
-46.318969 -17.617650
-47.161364 -16.233911
-48.321742 -17.726795
-48.478210 -17.520750
-51.371043 -17.522341
-50.632265 -18.734742
-51.983645 -20.579425
-51.730214 -20.750240
-51.811760 -22.475955
-50.874544 -23.393305
-51.684466 -24.493236
-52.772081 -25.011311
-52.312415 -26.688153
-51.597342 -26.355696
-51.799936 -28.130082
-52.978888 -28.881806
-52.284426 -29.927879
-52.654830 -31.410343
-52.981916 -31.842581
-52.463665 -31.738734
-52.296107 -33.453522
-51.764454 -34.594776
-51.534918 -35.620477
-51.663683 -37.542248
-49.520185 -37.823612
-49.560324 -38.144429
-49.777630 -38.569785
-49.890526 -39.734868
-50.024773 -40.388862
-49.558401 -41.871159
-50.104118 -42.391111
-50.761689 -43.130087
-53.588315 -42.908855
-53.429901 -42.794467
-54.690408 -42.679148
-56.273227 -41.762968
-56.991186 -43.439183
-58.379663 -42.899948
-58.353006 -41.062981
-58.925556 -42.039342
-60.838280 -41.709875
-60.929716 -39.908852
-62.120686 -39.186534
-61.610941 -39.619987
-64.835578 -38.492284
-64.608783 -38.592230
-64.948641 -39.364957
-66.456584 -38.408925
-67.718814 -37.481142
-68.312247 -37.846862
-68.108408 -37.296406
-69.184018 -37.120456
-70.435417 -37.037822
-71.955306 -36.039706
-74.319218 -36.371049
-74.198201 -35.966512
-74.931823 -36.593881
-76.788504 -34.775591
-77.420311 -36.999346
-78.397617 -37.154721
-78.843600 -37.729727
-79.292071 -36.757462
-80.509903 -37.528223
-81.806591 -35.695579
-82.163486 -35.012150
-81.543243 -33.403899
-82.018498 -33.835062
-80.618254 -31.953370
-79.919147 -30.387526
-79.907298 -31.025163
-79.140812 -30.215230
-77.304959 -30.335086
-76.607460 -30.702113
-76.891105 -31.435206
-76.014115 -31.174536
-74.415373 -31.500681
-73.284346 -29.801478
-73.122760 -30.620724
-72.873405 -29.111703
-72.209547 -27.740655
-70.649279 -26.499363
-70.119846 -28.799042
-69.607649 -26.404323
-69.142870 -26.640323
-67.719586 -25.294110
-68.416613 -24.853048
-68.987537 -23.698125
-67.223361 -22.986341
-67.384112 -22.516035
-67.103408 -19.348145
-67.924460 -20.768892
-67.642687 -18.457884
-66.774867 -17.675313
-68.273899 -17.464141
-69.123623 -16.836298
-69.879195 -16.902377
-70.847005 -14.407977
-70.975079 -15.650997
-72.271660 -15.524451
-72.488230 -15.199140
-74.451329 -15.270914
-74.702150 -16.653259
-76.210249 -16.669223
-77.473640 -17.942774
-76.652537 -17.581023
-77.376425 -18.966376
-79.028006 -19.628073
-79.826828 -19.217581
-80.454019 -19.802811
-81.602594 -20.881454
-81.109366 -21.054199
-83.441215 -20.880986
-84.993838 -20.556787
-85.385998 -18.815384
-86.189962 -20.923096
-85.821703 -18.231814
-86.351155 -17.621683
-86.029671 -17.125459
-86.401038 -15.713564
-85.848933 -14.053594
-87.637166 -15.258196
-88.020572 -13.909796
-88.140533 -12.889524
-89.435774 -11.838477
-90.826503 -12.089483
-90.044766 -12.311618
-91.825174 -11.600368
-92.850468 -11.488203
-95.116883 -11.683622
-96.361965 -12.779332
-95.771144 -12.785455
-95.719856 -14.854571
-96.910924 -15.321132
-97.757952 -16.507763
-98.105260 -16.288473
-96.893582 -17.520435
-97.517784 -18.488270
-100.053431 -19.342263
-100.093760 -18.961272
-99.981720 -20.961501
-100.623782 -21.620751
-101.577239 -21.444071
-101.710546 -23.044025
-103.216918 -23.113750
-104.508830 -22.880063
-104.259512 -22.956118
-105.471930 -19.773318
-104.991911 -20.459512
-106.736862 -19.776581
-106.036259 -18.091016
-105.827934 -17.173761
-106.213316 -15.616575
-105.763177 -15.595360
-104.832649 -15.985793
-103.201421 -14.818213
-102.624539 -13.190674
-102.160081 -13.700274
-101.576099 -12.764977
-99.810935 -11.610948
-98.769424 -11.379181
-99.178140 -11.053827
-98.078841 -10.669623
-98.300855 -9.787368
-98.922098 -8.734352
-98.178070 -7.998017
-100.690401 -7.586362
-99.500123 -6.349079
-100.322217 -6.381818
-101.635863 -5.612528
-102.048134 -3.749836
-101.301557 -3.352869
-101.622332 -2.922175
-102.769118 -2.362895
-104.185349 -1.636205
-104.351294 0.993397
-102.642581 1.774750
-103.289646 2.267715
-102.784108 2.141706
-101.149135 2.093084
-100.176481 3.337649
-100.513931 1.569808
-98.456445 2.908882
-97.278002 1.953566
-96.075104 2.379314
-96.074477 2.625785
-94.847891 1.333279
-93.562151 -0.325497
-93.887556 -1.490783
-93.365481 -1.071313
-91.169072 -1.810931
-92.294335 -3.849245
-92.933781 -5.191002
-92.923625 -4.993833
-91.692867 -6.562962
-91.820378 -7.482440
-91.971309 -7.403808
-93.487854 -8.616450
-94.067074 -9.604693
-91.904511 -10.329876
-93.583765 -10.431408
-94.208011 -10.815270
-96.584231 -9.768332
-96.140778 -9.989415
-96.679599 -8.844486
-97.628609 -6.801774
-98.045916 -7.039306
-99.532734 -6.925457
-99.681779 -7.049001
-101.738597 -6.885412
-102.359124 -6.893833
-103.329402 -8.727348
-105.170916 -7.684464
-106.521109 -8.312729
-104.904508 -6.577281
-107.285279 -6.366244
-109.333124 -6.531068
-108.420856 -6.616043
-110.389918 -6.953250
-110.635915 -8.560740
-110.667257 -9.289449
-109.440940 -10.184675
-109.634163 -10.805035
-111.540458 -12.064488
-111.252325 -12.100607
-111.207443 -12.175204
-113.171603 -14.514251
-111.754304 -15.715224
-113.677823 -14.909499
-114.821682 -16.999676
-115.453332 -17.100507
-115.547766 -18.062380
-115.929399 -19.345610
-117.084781 -19.452333
-115.384819 -20.709911
-116.249640 -20.873005
-116.501433 -21.844096
-116.751535 -22.867859
-116.732448 -25.081927
-117.979536 -25.067240
-117.351655 -24.222061
-119.376771 -24.546656
-120.813538 -26.782695
-120.369588 -27.811948
-121.024586 -27.462063
-122.051144 -28.905543
-123.176554 -27.851136
-124.360150 -28.179443
-125.300800 -28.745433
-126.376350 -30.232561
-127.113041 -29.700452
-128.359532 -31.599549
-129.210684 -30.605284
-128.842588 -32.732712
-128.795062 -32.950433
-131.357571 -33.488211
-131.968893 -33.519644
-132.662572 -34.109561
-132.291326 -35.379619
-133.362649 -35.870426
-133.602835 -36.720069
-134.502022 -36.084232
-135.922753 -37.904014
-136.233962 -39.347645
-136.869110 -39.876445
-137.402903 -40.046837
-137.844044 -40.282263
-138.839047 -40.724825
-139.668835 -42.029097
-140.181777 -41.269105
-140.785592 -43.315277
-142.123194 -43.864590
-142.919219 -43.079784
-144.646769 -43.357261
-145.509313 -42.828339
-146.790598 -43.323722
-147.048490 -43.187378
-148.029199 -44.101883
-147.415672 -44.104221
-149.576073 -45.769354
-149.930890 -45.460884
-152.291107 -46.812613
-151.258868 -47.309364
-152.309534 -47.897014
-152.495434 -47.872724
-154.479632 -48.064354
-154.051952 -48.316039
-156.606587 -47.462884
-157.126727 -47.857425
-157.363624 -47.641789
-158.825736 -47.855039
-160.115271 -48.049225
-160.371512 -49.102761
-162.588956 -48.755537
-163.314908 -49.555388
-162.772199 -51.110498
-164.104477 -50.830626
-165.447298 -50.918230
-166.690683 -52.064128
-166.945322 -53.388009
-169.049242 -52.482515
-168.049819 -51.522650
-169.815097 -53.456938
-170.695293 -53.170525
-170.708298 -54.679979
-171.583688 -54.934753
-172.182339 -55.152867
-173.977392 -55.239510
-175.646370 -54.553973
-175.389160 -54.315697
-176.646917 -55.125702
-178.319991 -55.815538
-179.199298 -54.849317
-179.635105 -56.786334
-180.645692 -56.046890
-182.059647 -56.419260
-182.113989 -57.015928
-184.195299 -56.287913
-184.200441 -56.023106
-184.422656 -55.650489
-186.929829 -55.072448
-187.660807 -54.795087
-188.190379 -54.684021
-189.845922 -54.922309
-189.981048 -56.041464
-190.690345 -54.643187
-191.685641 -57.057722
-192.741424 -56.492745
-193.469597 -56.617374
-194.643651 -57.495834
-195.314391 -59.364308
-195.003741 -60.444998
-194.823292 -61.193192
-196.286949 -60.075999
-196.975029 -61.189459
-198.871450 -61.862151
-198.984008 -59.517026
-199.331192 -59.279911
-199.582486 -58.489466
-202.971662 -58.767710
-201.388548 -57.521675
-201.949121 -54.948366
-203.740920 -54.601574
-204.114285 -56.169913
-204.512527 -53.893352
-205.559415 -52.722812
-206.443014 -53.072728
-206.278930 -52.675403
-208.103774 -52.209372
-208.197150 -50.596599
-208.372217 -49.710078
-209.837834 -51.041080
-209.923553 -49.300533
-210.252106 -48.392370
-209.793059 -47.058428
-209.596936 -46.715541
-210.044006 -45.333129
-211.207456 -44.217356
-213.251039 -43.495629
-213.642877 -43.499511
-213.291181 -42.506211
-215.800313 -42.559178
-214.867437 -42.004042
-216.594968 -41.822366
-216.469560 -42.607072
-219.018805 -42.870839
-219.683505 -41.943576
-220.146801 -41.705969
-222.386744 -42.584657
-221.863305 -41.610308
-223.923244 -42.029193
-225.435625 -41.700828
-224.570958 -44.393512
-225.505672 -43.882726
-226.869427 -44.703234
-227.656261 -44.923471
-229.030954 -45.459122
-229.117143 -45.069062
-231.247161 -45.773817
-230.445678 -44.705077
-231.383023 -45.790464
-233.724186 -45.593177
-234.982778 -43.821812
-234.917231 -43.366022
-235.170985 -41.940534
-235.107090 -40.973479
-237.602762 -40.758752
-237.549698 -42.845674
-238.222231 -43.008466
-240.033998 -41.925640
-240.547320 -43.207926
-240.870299 -41.954245
-241.761211 -42.985117
-242.507577 -41.086329
-243.347960 -40.769232
-244.737340 -40.710428
-246.232446 -40.464920
-246.355089 -39.137231
-245.317010 -39.651664
-247.185029 -37.875654
-247.277952 -36.064996
-248.470694 -36.608192
-247.901325 -35.134482
-249.216158 -34.427107
-250.661635 -34.062526
-251.112040 -33.764532
-251.341356 -32.360788
-252.399970 -32.107706
-251.601618 -30.602365
-251.631696 -29.893611
-252.091842 -28.328625
-250.809876 -29.607058
-250.157929 -27.486324
-249.753689 -25.231977
-249.948581 -25.833405
-248.917123 -24.490170
-248.376429 -24.453712
-248.863408 -22.115706
-248.278259 -21.325026
-247.459359 -21.345102
-246.895515 -19.886902
-247.321722 -19.772976
-245.707026 -18.872465
-244.170596 -18.495794
-244.354133 -16.943694
-243.401992 -18.217906
-241.717611 -17.599342
-241.763925 -17.820519
-239.647788 -17.446449
-239.387287 -16.673080
-238.767635 -16.285888
-238.100636 -14.542029
-236.769685 -14.506556
-237.398687 -14.475219
-236.401579 -14.120712
-235.350322 -11.641015
-235.818796 -11.532907
-236.194010 -10.143850
-235.528019 -8.950854
-235.768339 -7.415827
-237.309873 -6.866546
-235.545087 -6.045944
-236.145891 -4.817116
-236.935160 -2.427097
-236.174768 -2.362286
-235.571064 -1.293414
-233.775453 -0.873339
-233.146295 -0.499474
-232.253458 0.095621
-232.346167 1.092735
-232.066461 -0.482822
-230.046092 1.049252
-230.355210 -0.003188
-229.834965 -1.089872
-228.248798 -0.946552
-226.863123 -1.016492
-226.265386 0.146261
-226.111537 -0.986364
-225.248966 0.400879
-224.177262 2.083949
-223.427293 0.496944
-222.668649 0.037432
-222.310272 -0.559411
-220.643903 -1.973979
-220.541197 -1.097938
-219.223209 -1.554717
-219.354799 -2.889618
-216.256839 -0.267425
-216.661928 0.000931
-215.929597 0.109394
-216.431324 0.611018
-217.432868 2.369356
-216.136867 3.389278
-217.332936 4.803202
-216.348224 5.726178
-216.625966 6.112199
-216.254640 7.999807
-217.916442 7.457956
-217.201340 9.150605
-218.293576 9.184069
-218.702830 10.063702
-220.175798 10.109840
-221.383633 9.470914
-221.513329 8.811727
-222.094742 6.924283
-223.589663 6.997128
-223.178986 6.063088
-224.111421 6.700535
-224.869134 6.610854
-226.042520 4.681092
-225.140379 3.746817
-225.427605 2.435336
-225.731073 1.894131
-227.882712 1.347623
-227.088610 -0.808117
-227.881820 -1.130565
-227.228419 -1.737883
-228.080966 -2.939127
-228.681650 -4.310158
-228.782131 -4.994852
-229.440844 -6.069821
-228.302296 -6.543519
-229.237294 -7.550103
-229.764847 -9.396130
-229.246493 -8.318043
-229.942003 -10.137628
-228.618686 -12.267334
-229.636882 -12.734686
-230.205711 -14.522330
-230.065834 -14.284353
-231.425576 -15.550035
-230.985572 -16.994359
-230.000972 -16.352141
-230.450168 -17.669125
-230.602993 -19.260726
-230.994290 -19.383108
-232.159494 -21.095821
-233.630934 -22.558704
-234.294903 -20.912354
-234.435217 -20.761191
-234.808209 -21.639354
-235.414923 -19.761666
-236.486693 -18.277457
-238.004788 -18.811300
-238.197769 -17.927050
-239.609852 -17.401492
-240.615233 -16.853689
-241.377165 -15.648099
-242.655742 -15.859531
-242.722828 -14.577364
-244.246386 -15.377654
-243.477821 -14.951358
-245.239095 -13.927363
-246.134124 -12.112764
-245.422298 -12.305903
-247.461850 -12.305426
-247.572160 -11.503295
-248.395580 -11.980112
-248.954103 -9.151409
-248.040128 -10.344462
-248.181868 -7.543579
-248.002640 -6.896637
-247.782582 -5.722474
-246.715226 -6.848998
-246.619589 -3.468466
-246.896256 -2.304821
-247.867875 -1.051613
-247.561500 -1.877734
-247.168823 -0.024599
-248.736750 -1.125142
-250.730723 0.048617
-250.692517 0.566994
-252.738195 2.018838
-252.333683 2.511091
-251.663225 2.827832
-251.387770 3.728058
-250.348330 3.060789
-248.958262 4.743999
-248.508972 6.251245
-250.081216 6.610398
-249.819955 7.659052
-250.954137 8.512221
-250.124474 10.138873
-250.007846 10.834174
-252.553107 11.197780
-250.962845 10.523547
-249.739490 13.819770
-251.354669 14.206443
-252.038761 14.073324
-252.486669 15.524393
-253.696645 13.618301
-254.951212 14.142529
-255.621456 13.459596
-256.461896 14.508206
-257.615089 13.455207
-258.966737 12.418147
-259.858883 12.845734
-260.802848 12.324512
-261.665548 12.016447
-262.399203 11.405069
-263.451107 11.317437
-263.780710 10.923609
-264.755037 9.277769
-265.652519 8.031012
-264.060767 7.304368
-262.658206 7.039435
-263.011665 6.480828
-262.156588 6.509657
-261.070038 6.706936
-260.587651 8.419696
-260.619379 9.905344
-259.129520 10.613805
-258.813709 9.590159
-258.121762 9.415975
-257.554128 11.139959
-255.770944 9.983034
-255.342033 8.893355
-253.531932 7.105608
-254.688286 7.299923
-254.473282 6.650001
-253.410181 5.800778
-253.284863 4.271680
-252.354432 3.262629
-252.789366 3.086341
-251.648420 3.167742
-251.530905 2.287793
-250.705971 0.124627
-250.546845 0.153888
-249.545526 -0.219667
-248.054661 -1.382952
-248.712147 -2.313119
-246.484429 -3.646856
-245.440613 -2.999724
-245.251248 -3.277337
-243.546498 -3.491859
-243.611316 -3.629572
-242.705657 -4.415201
-240.751471 -4.072190
-239.387366 -4.161868
-239.276334 -4.658651
-238.337259 -4.627175
-235.803656 -5.033780
-237.781109 -5.473048
-237.977467 -6.751776
-237.091808 -8.724373
-235.935215 -8.956980
-235.607733 -8.971902
-234.015156 -9.045971
-233.745124 -11.536307
-232.052328 -11.313107
-231.125025 -13.238968
-231.741687 -12.488991
-228.943346 -12.848320
-230.613346 -11.594467
-227.757403 -9.907351
-228.678796 -10.536055
-228.136427 -10.114758
-226.730026 -8.887222
-224.524612 -7.428029
-224.595619 -7.793186
-223.406343 -7.676970
-221.398405 -7.464027
-220.642869 -7.925302
-220.160290 -8.243183
-220.483582 -9.937318
-220.220454 -10.405124
-219.617460 -11.425486
-218.989549 -11.276626
-218.732436 -12.863605
-219.491830 -12.636075
-219.957981 -13.536639
-220.333005 -14.449647
-220.072318 -16.453674
-220.680590 -16.331678
-221.947166 -18.053895
-221.758417 -18.870358
-222.887794 -19.369065
-223.413496 -19.382465
-223.596305 -20.529634
-223.722432 -20.409014
-225.358916 -19.971581
-228.253315 -19.951030
-228.585343 -18.897699
-230.297699 -19.225739
-229.369313 -17.469683
-228.991986 -16.351370
-229.538860 -16.030570
-228.852509 -13.864708
-229.199812 -13.814650
