0.000829247 0.000113 0.000162 0.092 0 0 63743.5 1604 5678 
0.00556117 0.000122 0.004904 0.597 0 1 678091 3148 453736 
0.0378857 0.000178 0.058396 4.077 0 7 1.89778e+06 9490 2.08718e+06 
0.107133 0.000205 0.162918 11.922 0 21 2.93489e+06 183963 3.53102e+06 
0.232219 0.008016 0.357946 25.925 1 43 3.591e+06 390813 4.2769e+06 
0.42792 0.089595 0.639151 46.745 10 76 3.94835e+06 519155 4.68082e+06 
0.761453 0.219781 1.12725 79.414 27 128 4.14015e+06 591908 4.92604e+06 
1.3005 0.362501 1.88688 124.22 40 200 4.23716e+06 621712 5.02662e+06 
2.26955 0.560271 3.28495 187.483 61 305 4.27947e+06 648207 5.0985e+06 
4.09325 0.8249 6.13572 274.827 81 460 4.30712e+06 661604 5.16406e+06 
1.92773 0.70363 2.64977 146.529 75 207 4.35613e+06 672153 5.214e+06 
1.19423 0.440785 1.62738 107.801 55 152 4.37936e+06 682770 5.25189e+06 
0.785876 0.279302 1.08555 75.673 37 109 4.42662e+06 701189 5.31293e+06 
0.533548 0.16468 0.768939 52.871 22 78 4.53284e+06 743151 5.479e+06 
0.353568 0.074132 0.523059 35.174 10 54 4.7342e+06 802532 5.70146e+06 
0.229303 0.038618 0.32872 22.226 2 35 5.14404e+06 971436 6.34407e+06 
0.129874 0.030054 0.183306 12.521 2 20 6.0152e+06 1.2418e+06 7.68352e+06 
0.0762831 0.024863 0.098326 6.939 2 9 7.88358e+06 1.80755e+06 1.02476e+07 
0.0417407 0.019812 0.046141 3.707 2 4 1.20878e+07 3.05736e+06 1.64319e+07 
0.0247214 0.01519 0.02936 2.304 2 2 2.19424e+07 6.40203e+06 3.06229e+07 
0.0166583 0.010181 0.021748 2 2 2 4.4052e+07 1.61436e+07 6.07447e+07 
0.0109383 0.005316 0.015534 2 2 2 8.30098e+07 4.46248e+07 1.09063e+08 
0.00540402 0.001705 0.007628 2 2 2 1.26007e+08 7.70096e+07 1.62102e+08 
