24.3068
96.4906
95.1529
12.5272
101.599
26.6301
15.0798
13.2653
11.9036
3.9248
529.417
136.429
25.6567
21.0059
31.3503
223.912
219.547
116.205
402.585
247.65
57.4408
37.6895
27.5633
30.407
28.173
17.8213
24.4134
194.131
17.8744
48.158
15.5762
114.932
55.3901
124.021
39.3091
181.657
39.3351
40.3955
23.0034
70.588
52.2691
194.202
114.568
157.698
15.3058
50.0872
30.9068
29.6299
100.984
27.1785
31.2459
92.9516
19.5966
142.484
24.887
27.6272
17.3387
66.309
170.107
19.0141
41.5423
231.508
24.9608
264.403
5.35974
31.1342
32.3131
32.5295
60.1336
131.273
14.4662
23.8766
17.0734
3.37121
30.3637
14.3565
20.5159
122.171
45.2523
22.0852
40.3417
28.4096
28.1029
51.8236
28.9998
22.0439
22.5148
31.1407
20.035
16.4888
21.3042
66.3486
280.417
318.197
239.043
63.6371
20.9675
38.9098
79.2142
35.2045
93.8875
116.724
95.7449
35.3949
46.4516
10.1092
16.9759
27.3851
26.538
32.534
174.276
138.243
4.44364
19.0461
14.6023
23.602
98.1017
3.51168
112.934
12.7723
123.377
48.6437
16.3518
16.4374
25.9347
46.0209
11.6265
180.069
189.913
76.6262
101.101
82.0215
76.366
86.911
20.8787
65.004
11.8586
4.54791
114.636
3.78244
156.102
231.625
108.719
58.0358
133.33
106.867
34.8377
153.038
256.219
27.9569
206.775
69.6844
86.39
228.008
225.617
42.0674
44.2556
107.033
57.5148
51.1949
125.669
12.3301
11.5737
4.07822
350.142
113.448
3.72195
3.3117
9.75991
15.2018
12.2288
10.4579
121.214
96.6642
8.17326
13.3892
229.555
18.1269
24.4771
42.8974
13.4246
9.90493
3.0883
99.1719
3.4789
173.908
160.872
37.081
28.7176
197.313
5.4264
17.1987
11.7002
14.0044
155.335
35.9659
67.5432
24.6206
22.4436
65.8398
74.7652
39.3666
3172.22
723.953
54.9822
8.5671
12.4314
8.9221
6.3524
9.68106
24.4625
115.876
20.1527
36.8685
27.9741
81.9926
23.2287
75.7863
21.9876
8.48357
23.4181
47.6172
22.1151
13.6274
24.6091
32.0625
11.4691
57.46
12.8559
2.83979
51.8068
107.97
24.8893
30.9319
29.123
125.045
22.2998
93.5022
34.2585
24.2594
205.594
30.9278
18.2745
157.881
25.5201
40.2331
29.8005
28.9316
42.3518
25.725
26.5132
18.5874
39.5068
101.812
9.43764
26.9338
22.9274
57.7881
19.5667
58.5929
142.425
70.4459
28.9889
8.71051
6.56721
41.198
446.514
33.4022
82.0902
56.5596
16.7333
19.4012
10.5988
17.5982
81.0888
112.156
17.1308
96.9905
28.4712
111.136
148.135
106.002
43.5575
42.5377
9.99487
78.2791
151.44
83.6047
102.559
33.8246
31.671
283.824
163.671
46.8925
34.2467
13.0169
12.9533
13.5178
13.1596
15.4912
19.0868
183.424
165.082
207.28
112.551
26.1455
20.4123
21.6187
101.685
2.12475
68.0164
46.4097
88.1873
65.9654
90.5991
241.37
39.9034
276.347
49.7325
68.9315
127.939
185.719
449.314
45.7122
155.211
130.386
30.0353
32.2684
30.0844
13.7041
190.972
171.909
367.003
4.3882
41.4243
8681.07
41.8036
1310.24
66.8508
499.531
31.5325
9.82393
8.2898
12.4275
102.227
39.833
132.517
78.4701
146.527
30.5489
75.5363
35.2502
184.8
28.4627
122.302
186.51
173.38
60.6369
259.459
42.018
133.544
132.628
153.449
149.72
151.64
196.162
39.8315
66.7296
47.2298
283.466
76.4183
34.9461
53.3553
114.724
32.2806
100.336
13.0036
122.839
12.6317
119.305
34.3981
261.769
132.94
85.3055
3.02324
42.0729
157.985
16.2214
2.25802
17.3945
70.5384
104.94
44.2884
119.564
206.296
66.4632
49.6478
451.859
82.5774
79.03
24.6609
10.2045
82.6516
25.6354
10.1353
24.7736
22.4021
19.5954
23.2735
16.3698
125.907
14.2107
173.212
30.5079
67.3272
37.2273
22.4685
27.1801
50.8135
189.381
12.5847
11.3204
20.8126
12.7479
61.5949
43.6066
180.272
41.7882
242.182
33.7341
39.5962
99.1215
24.5467
342.414
326.746
67.3474
148.288
12.2645
22.0216
318.959
18.6254
12.1695
116.978
3.37436
13.0978
131.102
48.6479
32.129
28.1393
51.005
3.75332
52.3305
66.934
29.9897
139.683
110.032
142.56
51.4618
43.4797
171.568
13.6181
91.5989
107.204
76.513
94.8779
112.01
106.463
343.753
13.5619
8.5067
3.8804
15.5901
116.838
104.775
218.586
145.587
29.0286
43.7652
397.762
36.513
463.839
909.731
269.931
1086.51
1098.1
40.5912
154.111
33.7373
174.626
121.616
123.189
134.671
104.956
25.3365
35.3164
30.7947
359.35
769.364
877.778
33.2286
208.078
98.9956
94.7283
30.4845
3.70378
140.206
3.32498
55.4617
10.6753
132.14
132.152
32.068
117.659
100.389
23.6039
124.247
58.9044
78.0904
22.1558
33.2669
15.3592
150.233
177.404
12.8531
3.9569
39.7079
75.4713
112.32
121.55
13.996
281.998
22.5798
23.5348
47.3231
92.1365
131.438
96.1705
116.697
32.2173
35.7939
32.7295
87.8556
131.732
81.9276
99.0784
16.1793
116.647
33.2915
178.517
33.567
153.826
17.7752
28.0303
67.8084
22.5425
64.0915
126.761
861.866
628.517
67.0561
27.2246
51.2498
47.3688
62.2951
126.177
17.0229
11.1177
21.8803
68.1535
63.8034
26.7028
71.6478
160.803
106.809
90.1801
202.271
31.6496
120.045
142.996
58.445
3.13275
59.6065
117.451
86.8633
42.7562
104.17
200.283
188.991
115.597
197.504
121.055
37.7712
311.605
75.0789
44.9492
39.5524
14.0936
64.5487
26.1091
52.4658
65.4295
10.4317
2.9744
10.629
22.8213
94.607
39.5831
101.753
99.3316
24.1154
26.9505
613.864
1147.48
21.3063
57.5722
21.6515
2.32208
12.7118
56.5934
22.3735
37.1198
129.666
761.752
26.26
93.5028
159.446
125.031
35.2182
25.4475
39.5305
20.7629
52.0195
19.9143
8.50701
60.8443
25.6548
21.3905
51.9776
90.4437
151.16
23.1953
36.0389
23.7519
141.95
21.1252
13.6287
82.0829
94.9775
91.3842
14.418
21.1733
13.6297
17.4527
15.7507
52.3295
43.4371
31.0421
36.6811
45.7654
18.6601
132.927
40.3461
5.67292
18.0287
121.143
160.961
11.1698
35.2148
116.461
48.4209
16.308
4.19907
13.6975
8.1308
79.6725
26.7231
19.0933
3.81485
11.3193
21.0123
13.4221
19.1475
168.252
14.6678
14.075
64.5419
38.134
90.6624
37.5841
27.4644
13.8246
11.2504
12.6646
12.1841
3.56809
144.34
59.57
19.8525
146.824
26.0817
145.464
134.116
128.911
45.2706
153.295
115.578
54.8819
52.1273
47.1928
30.6693
137.286
80.82
29.7434
127.166
202.851
142.529
167.243
144.206
38.1872
147.541
5.67528
104.074
69.2355
200.81
11.2208
103.66
211.366
2.49264
24.2714
92.6871
118.069
114.416
12.6749
133.345
103.074
7.33211
16.6489
130.072
159.625
37.3101
41.2993
113.758
47.6784
206.341
115.985
17.1338
12.6702
10.2906
3.13877
22.8894
79.1862
26.6229
50.1461
88.5088
46.1302
114.241
216.835
116.915
147.749
48.4279
178.642
60.8985
210.138
118.891
90.3914
113.752
144.361
121.428
118.548
45.1275
22.0732
114.299
145.237
217.807
18.1158
148.886
3.46319
23.5287
30.7809
106.754
183.267
194.986
120.369
106.999
151.627
29.4298
49.2264
30.279
38.9204
76.7305
106.637
9.19923
9.31215
43.3117
37.3017
34.7531
240.469
49.0806
14.9715
31.7997
2.99592
17.5259
3.02779
8.33186
13.9218
27.9531
26.9206
140.016
51.8259
52.3082
53.5958
122.129
38.1204
29.2759
149.584
526.488
168.107
44.8673
30.8495
34.156
25.9767
34.7439
10.3878
11.2468
117.853
43.3656
56.3258
134.655
59.3157
105.136
42.8464
49.9311
161.234
117.461
128.015
6.00111
13.4531
113.771
151.306
138.514
413.603
65.2558
242.944
95.8081
191.137
154.789
111.754
13.3404
125.424
3.79524
15.6172
22.7323
12.7842
13.183
142.906
19.4437
11.7158
3.0289
26.6072
3.31926
184.659
181.348
44.4486
124.685
112.873
27.0681
197.146
22.3509
4.5095
10.2746
48.0704
152.398
292.66
134.492
92.6055
196.361
164.42
56.2364
47.1525
1190.91
209.872
167.581
65.948
3.64851
29.5131
14.4149
240.155
34.9038
12.2745
107.047
457.108
52.2909
23.2041
171.188
578.97
6.05481
4.24775
11.9379
4.71142
191.875
191.881
150.522
198.806
174.384
118.467
184.15
180.375
35.0238
157.464
61.7568
37.698
115.703
42.7143
27.6865
32.0891
106.891
139.191
6.24592
128.89
94.3033
45.199
32.0072
28.9659
403.192
32.9858
28.7921
45.5928
37.2566
169.824
263.839
129.058
68.9949
44.3164
86.7203
32.7444
135.683
48.3995
207.485
105.908
52.5415
24.209
35.0748
27.7389
22.5215
43.0088
49.651
205.992
134.186
40.3676
43.8822
119.326
3.52801
78.2213
112.303
20.4588
127.379
40.4871
105.073
262.23
99.9114
157.108
9.30154
7.92002
25.1818
101.876
62.578
69.1074
120.532
51.2604
181.33
13.6061
4.10214
27.1111
4.59452
10.4376
117.301
90.4654
111.723
86.3591
131.902
55.0268
35.3531
107.461
46.3384
973.679
30.5491
54.2296
19.9888
76.4152
41.8978
57.3957
27.9279
125.761
3.39582
114.728
33.9779
15.583
164.087
30.5664
37.3013
34.394
20.0849
53.2624
50.0114
92.0275
102.101
108.419
68.3985
127.813
154.54
16.1544
16.3039
2.45524
2.49967
41.8148
25.1671
391.107
87.1208
618.525
528.336
36.3922
19.4259
113.18
138.559
15.1208
122.068
142.51
155.747
255.876
131.342
111.925
27.9386
37.9396
30.4563
29.7474
120.681
44.6912
13.4255
51.3348
153.767
6.55901
284.449
11.7624
4.07273
301.959
118.24
92.0001
307.395
177.759
37.8385
