 0.00000000e+00 0.00000000e+00
 0.00000000e+00 0.00000000e+00
 0.00000000e+00 0.00000000e+00
 0.00000000e+00 0.00000000e+00
 3.35789974e-03 3.18289391e-02
 -1.11674521e-02 7.04352342e-02
 -5.01572595e-02 1.12535514e-01
 -1.12044100e-01 1.55287167e-01
 -1.89336438e-01 1.96733068e-01
 -2.75652992e-01 2.35579439e-01
 -3.71061963e-01 2.71118654e-01
 -4.81844711e-01 3.03473288e-01
 -6.16854043e-01 3.33610064e-01
 -7.84888650e-01 3.62630812e-01
 -9.94784876e-01 3.90816255e-01
 -1.25653055e+00 4.17398691e-01
 -1.58125321e+00 4.41033868e-01
 -1.97982996e+00 4.60095238e-01
 -2.46126158e+00 4.72510752e-01
 -3.03171897e+00 4.75285803e-01
 -3.69422766e+00 4.63614917e-01
 -4.44834594e+00 4.30194427e-01
 -5.28945693e+00 3.66119779e-01
 -6.20816339e+00 2.63323300e-01
 -7.19056763e+00 1.16474586e-01
 -8.21943728e+00 -7.71245135e-02
 -9.27552481e+00 -3.18784976e-01
 -1.03386297e+01 -6.09240441e-01
 -1.13886947e+01 -9.48657050e-01
 -1.24071871e+01 -1.33646653e+00
 -1.33783875e+01 -1.77157424e+00
 -1.42899906e+01 -2.25296705e+00
 -1.51329431e+01 -2.78031071e+00
 -1.59010240e+01 -3.35414203e+00
 -1.65906030e+01 -3.97569964e+00
 -1.72004282e+01 -4.64662884e+00
 -1.77310385e+01 -5.36849721e+00
 -1.81838094e+01 -6.14193319e+00
 -1.85601459e+01 -6.96555029e+00
 -1.88613757e+01 -7.83511984e+00
 -1.90894082e+01 -8.74330246e+00
 -1.92472493e+01 -9.67978032e+00
 -1.93380007e+01 -1.06313893e+01
 -1.93626065e+01 -1.15822924e+01
 -1.93188065e+01 -1.25147903e+01
 -1.92026152e+01 -1.34109588e+01
 -1.90102356e+01 -1.42542632e+01
 -1.87381186e+01 -1.50301053e+01
 -1.83819736e+01 -1.57252361e+01
 -1.79367309e+01 -1.63268906e+01
 -1.73976984e+01 -1.68224577e+01
 -1.67618955e+01 -1.71997777e+01
 -1.60289932e+01 -1.74475821e+01
 -1.52018963e+01 -1.75558051e+01
 -1.42869639e+01 -1.75161935e+01
 -1.32937591e+01 -1.73236251e+01
 -1.22344654e+01 -1.69775979e+01
 -1.11233737e+01 -1.64829286e+01
 -9.97659655e+00 -1.58494589e+01
 -8.81169903e+00 -1.50912974e+01
 -7.64691778e+00 -1.42259587e+01
 -6.50019285e+00 -1.32733358e+01
 -5.38858901e+00 -1.22542510e+01
 -4.32810180e+00 -1.11884672e+01
 -3.33296448e+00 -1.00926592e+01
 -2.41397231e+00 -8.97943724e+00
 -1.57686592e+00 -7.85800494e+00
 -8.22174471e-01 -6.73569063e+00
 -1.46427367e-01 -5.61908604e+00
 4.56445444e-01 -4.51454262e+00
 9.93978056e-01 -3.42889017e+00
 1.47370965e+00 -2.37094365e+00
 1.90117946e+00 -1.35308554e+00
 2.27835915e+00 -3.91583374e-01
 2.60369375e+00 4.94942299e-01
 2.87359991e+00 1.28816682e+00
 3.08400852e+00 1.97239120e+00
 3.23078609e+00 2.53541613e+00
 3.30925066e+00 2.96788855e+00
 3.31416606e+00 3.26226400e+00
 3.24144365e+00 3.41281933e+00
 3.09101432e+00 3.41696838e+00
 2.86858433e+00 3.27662930e+00
 2.58473261e+00 2.99828137e+00
 2.25244744e+00 2.59172649e+00
 1.88533247e+00 2.06884608e+00
 1.49725351e+00 1.44341480e+00
 1.10239746e+00 7.31548096e-01
 7.14477160e-01 -4.87397950e-02
 3.44945716e-01 -8.79809836e-01
 1.21269745e-03 -1.74765983e+00
 -3.14080565e-01 -2.64416711e+00
 -6.02476014e-01 -3.56700360e+00
 -8.68337217e-01 -4.51771714e+00
 -1.11739018e+00 -5.49949374e+00
 -1.35537452e+00 -6.51551246e+00
 -1.58658918e+00 -7.56760312e+00
 -1.81234482e+00 -8.65460762e+00
 -2.02987938e+00 -9.77055979e+00
 -2.23236200e+00 -1.09034195e+01
 -2.41011605e+00 -1.20349526e+01
 -2.55267733e+00 -1.31418543e+01
 -2.65086012e+00 -1.41978755e+01
 -2.69753413e+00 -1.51765047e+01
 -2.68640060e+00 -1.60535779e+01
 -2.61022839e+00 -1.68091360e+01
 -2.46099994e+00 -1.74281054e+01
 -2.23203068e+00 -1.78999682e+01
 -1.91970469e+00 -1.82181650e+01
 -1.52370640e+00 -1.83799517e+01
 -1.04711818e+00 -1.83868217e+01
 -4.97635815e-01 -1.82451420e+01
 1.10771579e-01 -1.79666447e+01
 7.57395289e-01 -1.75685526e+01
 1.41657588e+00 -1.70732020e+01
 2.06170151e+00 -1.65069901e+01
 2.67058583e+00 -1.58982870e+01
 3.23087103e+00 -1.52740405e+01
 3.74320325e+00 -1.46556141e+01
 4.21954893e+00 -1.40554868e+01
 4.67648155e+00 -1.34766680e+01
 5.12752460e+00 -1.29153356e+01
 5.57952326e+00 -1.23651086e+01
 6.03393678e+00 -1.18204772e+01
 6.48997914e+00 -1.12780973e+01
 6.94672452e+00 -1.07364408e+01
 7.40368890e+00 -1.01949696e+01
 7.86070451e+00 -9.65353610e+00
 8.31772927e+00 -9.11210866e+00
 8.77475524e+00 -8.57068205e+00
 9.23178072e+00 -8.02925626e+00
 9.68880019e+00 -7.48783761e+00
 1.01457739e+01 -6.94647315e+00
 1.06024755e+01 -6.40543106e+00
 1.10579063e+01 -5.86589449e+00
 1.15086716e+01 -5.33188497e+00
 1.19459527e+01 -4.81384982e+00
 1.23525072e+01 -4.33221566e+00
 1.27037860e+01 -3.91606521e+00
 1.29764784e+01 -3.59301382e+00
 1.29764784e+01 -3.59301382e+00
 1.29764784e+01 -3.59301382e+00
 1.29764784e+01 -3.59301382e+00
 1.29764784e+01 -3.59301382e+00
 1.29764784e+01 -3.59301382e+00
 1.29764784e+01 -3.59301382e+00
 1.29764784e+01 -3.59301382e+00
 1.29764784e+01 -3.59301382e+00
 1.29764784e+01 -3.59301382e+00
 1.29764784e+01 -3.59301382e+00
 1.29764784e+01 -3.59301382e+00
 1.29764784e+01 -3.59301382e+00
 1.29764784e+01 -3.59301382e+00
 1.29764784e+01 -3.59301382e+00
 1.29764784e+01 -3.59301382e+00
 1.29764784e+01 -3.59301382e+00
 1.29764784e+01 -3.59301382e+00
 1.29764784e+01 -3.59301382e+00
 1.29764784e+01 -3.59301382e+00
 1.29764784e+01 -3.59301382e+00
 1.29764784e+01 -3.59301382e+00
 1.29764784e+01 -3.59301382e+00
 1.29764784e+01 -3.59301382e+00
 1.29764784e+01 -3.59301382e+00
 1.29764784e+01 -3.59301382e+00
 1.29764784e+01 -3.59301382e+00
 1.29764784e+01 -3.59301382e+00
 1.29764784e+01 -3.59301382e+00
 1.29764784e+01 -3.59301382e+00
 1.29764784e+01 -3.59301382e+00
 1.29764784e+01 -3.59301382e+00
 1.29764784e+01 -3.59301382e+00
 1.29764784e+01 -3.59301382e+00
 1.29764784e+01 -3.59301382e+00
 1.29764784e+01 -3.59301382e+00
 1.29764784e+01 -3.59301382e+00
 1.29764784e+01 -3.59301382e+00
 1.29764784e+01 -3.59301382e+00
