 0.00000000e+00 0.00000000e+00
 0.00000000e+00 0.00000000e+00
 0.00000000e+00 0.00000000e+00
 0.00000000e+00 0.00000000e+00
 2.42713287e-02 2.61603015e-02
 5.05442462e-02 5.34699660e-02
 7.06490693e-02 7.09435705e-02
 7.62147059e-02 6.37279341e-02
 6.05340537e-02 1.59366194e-02
 1.86544884e-02 -8.70307936e-02
 -5.29724348e-02 -2.57929592e-01
 -1.56835533e-01 -5.08322522e-01
 -2.95157365e-01 -8.48995833e-01
 -4.70576908e-01 -1.28935063e+00
 -6.85662278e-01 -1.83603800e+00
 -9.41527344e-01 -2.49154994e+00
 -1.23697817e+00 -3.25339375e+00
 -1.56904743e+00 -4.11421954e+00
 -1.93433465e+00 -5.06288023e+00
 -2.32986213e+00 -6.08596092e+00
 -2.75286318e+00 -7.16913536e+00
 -3.20021335e+00 -8.29801823e+00
 -3.66850127e+00 -9.45871420e+00
 -4.15463306e+00 -1.06383878e+01
 -4.65591079e+00 -1.18257427e+01
 -5.16906836e+00 -1.30109984e+01
 -5.68906462e+00 -1.41852722e+01
 -6.20884145e+00 -1.53397035e+01
 -6.72024992e+00 -1.64646383e+01
 -7.21508809e+00 -1.75489587e+01
 -7.68521402e+00 -1.85796782e+01
 -8.12206077e+00 -1.95420895e+01
 -8.51683046e+00 -2.04206845e+01
 -8.86188042e+00 -2.12008482e+01
 -9.15236339e+00 -2.18710849e+01
 -9.38695989e+00 -2.24251168e+01
 -9.56771796e+00 -2.28629333e+01
 -9.69973488e+00 -2.31903969e+01
 -9.79063603e+00 -2.34178680e+01
 -9.84929694e+00 -2.35582512e+01
 -9.88425082e+00 -2.36241606e+01
 -9.90270043e+00 -2.36243386e+01
 -9.90991024e+00 -2.35610175e+01
 -9.90819834e+00 -2.34299634e+01
 -9.89583744e+00 -2.32226733e+01
 -9.86711165e+00 -2.29286272e+01
 -9.81410314e+00 -2.25366338e+01
 -9.72906863e+00 -2.20360430e+01
 -9.60551250e+00 -2.14185134e+01
 -9.43753279e+00 -2.06797605e+01
 -9.21890397e+00 -1.98203134e+01
 -8.94317848e+00 -1.88451547e+01
 -8.60467591e+00 -1.77628667e+01
 -8.19977675e+00 -1.65848989e+01
 -7.72824340e+00 -1.53254140e+01
 -7.19424708e+00 -1.40019367e+01
 -6.60672754e+00 -1.26363275e+01
 -5.97911983e+00 -1.12550636e+01
 -5.32873824e+00 -9.88824734e+00
 -4.67581550e+00 -8.56763329e+00
 -4.04191049e+00 -7.32427898e+00
 -3.44760875e+00 -6.18615114e+00
 -2.90997541e+00 -5.17579595e+00
 -2.44066813e+00 -4.30832937e+00
 -2.04543995e+00 -3.59019907e+00
 -1.72468647e+00 -3.01905830e+00
 -1.47374097e+00 -2.58479838e+00
 -1.28218708e+00 -2.27148711e+00
 -1.13312402e+00 -2.05964268e+00
 -1.00406704e+00 -1.92829906e+00
 -8.69731254e-01 -1.85702689e+00
 -7.04793087e-01 -1.82842075e+00
 -4.84894424e-01 -1.83037268e+00
 -1.86704949e-01 -1.85623806e+00
 2.10929695e-01 -1.90223217e+00
 7.24393853e-01 -1.96400960e+00
 1.36260889e+00 -2.03494002e+00
 2.12541760e+00 -2.10663082e+00
 3.00345855e+00 -2.17055932e+00
 3.97953064e+00 -2.21968485e+00
 5.03090867e+00 -2.24929872e+00
 6.13165515e+00 -2.25651392e+00
 7.25432958e+00 -2.23883720e+00
 8.37114807e+00 -2.19364356e+00
 9.45495705e+00 -2.11956207e+00
 1.04804307e+01 -2.01828458e+00
 1.14255913e+01 -1.89482483e+00
 1.22730886e+01 -1.75632073e+00
 1.30105695e+01 -1.61066363e+00
 1.36303250e+01 -1.46535203e+00
 1.41291275e+01 -1.32633817e+00
 1.45089321e+01 -1.19730460e+00
 1.47783739e+01 -1.08007570e+00
 1.49541065e+01 -9.75724224e-01
 1.50601620e+01 -8.84890277e-01
 1.51239238e+01 -8.06722310e-01
 1.51697774e+01 -7.37891143e-01
 1.52139286e+01 -6.73456493e-01
 1.52633295e+01 -6.09171372e-01
 1.53184732e+01 -5.43055413e-01
 1.53773158e+01 -4.75109749e-01
 1.54378824e+01 -4.06087428e-01
 1.54990617e+01 -3.36619074e-01
 1.55604098e+01 -2.67013583e-01
 1.56217944e+01 -1.97376104e-01
 1.56831851e+01 -1.27732902e-01
 1.57445765e+01 -5.80889184e-02
 1.58059680e+01 1.15550549e-02
 1.58673587e+01 8.11981168e-02
 1.59287432e+01 1.50834209e-01
 1.59900912e+01 2.20428835e-01
 1.60512685e+01 2.89829805e-01
 1.61118190e+01 3.58519826e-01
 1.61705583e+01 4.25155052e-01
 1.62251701e+01 4.87107995e-01
 1.62723568e+01 5.40637720e-01
 1.63089871e+01 5.82192049e-01
 1.63089871e+01 5.82192049e-01
 1.63089871e+01 5.82192049e-01
 1.63089871e+01 5.82192049e-01
 1.63089871e+01 5.82192049e-01
 1.63089871e+01 5.82192049e-01
 1.63089871e+01 5.82192049e-01
 1.63089871e+01 5.82192049e-01
 1.63089871e+01 5.82192049e-01
 1.63089871e+01 5.82192049e-01
 1.63089871e+01 5.82192049e-01
 1.63089871e+01 5.82192049e-01
 1.63089871e+01 5.82192049e-01
 1.63089871e+01 5.82192049e-01
 1.63089871e+01 5.82192049e-01
 1.63089871e+01 5.82192049e-01
 1.63089871e+01 5.82192049e-01
 1.63089871e+01 5.82192049e-01
 1.63089871e+01 5.82192049e-01
 1.63089871e+01 5.82192049e-01
 1.63089871e+01 5.82192049e-01
 1.63089871e+01 5.82192049e-01
 1.63089871e+01 5.82192049e-01
 1.63089871e+01 5.82192049e-01
 1.63089871e+01 5.82192049e-01
 1.63089871e+01 5.82192049e-01
 1.63089871e+01 5.82192049e-01
 1.63089871e+01 5.82192049e-01
 1.63089871e+01 5.82192049e-01
 1.63089871e+01 5.82192049e-01
 1.63089871e+01 5.82192049e-01
 1.63089871e+01 5.82192049e-01
 1.63089871e+01 5.82192049e-01
 1.63089871e+01 5.82192049e-01
 1.63089871e+01 5.82192049e-01
 1.63089871e+01 5.82192049e-01
 1.63089871e+01 5.82192049e-01
 1.63089871e+01 5.82192049e-01
 1.63089871e+01 5.82192049e-01
 1.63089871e+01 5.82192049e-01
 1.63089871e+01 5.82192049e-01
 1.63089871e+01 5.82192049e-01
 1.63089871e+01 5.82192049e-01
 1.63089871e+01 5.82192049e-01
 1.63089871e+01 5.82192049e-01
 1.63089871e+01 5.82192049e-01
 1.63089871e+01 5.82192049e-01
 1.63089871e+01 5.82192049e-01
 1.63089871e+01 5.82192049e-01
 1.63089871e+01 5.82192049e-01
 1.63089871e+01 5.82192049e-01
 1.63089871e+01 5.82192049e-01
 1.63089871e+01 5.82192049e-01
 1.63089871e+01 5.82192049e-01
 1.63089871e+01 5.82192049e-01
 1.63089871e+01 5.82192049e-01
 1.63089871e+01 5.82192049e-01
 1.63089871e+01 5.82192049e-01
