 0.00000000e+00 0.00000000e+00
 0.00000000e+00 0.00000000e+00
 0.00000000e+00 0.00000000e+00
 0.00000000e+00 0.00000000e+00
 0.00000000e+00 0.00000000e+00
 0.00000000e+00 0.00000000e+00
 0.00000000e+00 0.00000000e+00
 0.00000000e+00 0.00000000e+00
 0.00000000e+00 0.00000000e+00
 0.00000000e+00 0.00000000e+00
 6.94871537e-03 1.67948655e-01
 -3.52959863e-03 3.58359256e-01
 -4.29337558e-02 5.38898566e-01
 -1.18359144e-01 6.79364321e-01
 -2.31039317e-01 7.58229762e-01
 -3.78036657e-01 7.60859002e-01
 -5.55292125e-01 6.74905861e-01
 -7.60161978e-01 4.88505804e-01
 -9.92632812e-01 1.91513733e-01
 -1.25526710e+00 -2.23382813e-01
 -1.55228946e+00 -7.61317289e-01
 -1.88837109e+00 -1.42636082e+00
 -2.26769665e+00 -2.22159580e+00
 -2.69371082e+00 -3.14858995e+00
 -3.16948701e+00 -4.20760561e+00
 -3.69809370e+00 -5.39867446e+00
 -4.28221946e+00 -6.72218387e+00
 -4.92302403e+00 -8.17777422e+00
 -5.61900234e+00 -9.76192091e+00
 -6.36560143e+00 -1.14657265e+01
 -7.15559608e+00 -1.32740799e+01
 -7.97972155e+00 -1.51662174e+01
 -8.82716562e+00 -1.71171182e+01
 -9.68596018e+00 -1.90992436e+01
 -1.05435962e+01 -2.10842649e+01
 -1.13879689e+01 -2.30445187e+01
 -1.22082759e+01 -2.49542040e+01
 -1.29954081e+01 -2.67904283e+01
 -1.37417744e+01 -2.85338110e+01
 -1.44407661e+01 -3.01681729e+01
 -1.50860542e+01 -3.16794420e+01
 -1.56710038e+01 -3.30547112e+01
 -1.61886230e+01 -3.42825313e+01
 -1.66322917e+01 -3.53546691e+01
 -1.69970883e+01 -3.62681884e+01
 -1.72811699e+01 -3.70261842e+01
 -1.74867375e+01 -3.76366483e+01
 -1.76203599e+01 -3.81105894e+01
 -1.76921887e+01 -3.84607444e+01
 -1.77135435e+01 -3.87008937e+01
 -1.76936066e+01 -3.88444290e+01
 -1.76373043e+01 -3.89009161e+01
 -1.75456633e+01 -3.88715106e+01
 -1.74174877e+01 -3.87464627e+01
 -1.72499554e+01 -3.85071108e+01
 -1.70373307e+01 -3.81308185e+01
 -1.67695587e+01 -3.75953497e+01
 -1.64328002e+01 -3.68815692e+01
 -1.60119925e+01 -3.59760357e+01
 -1.54940401e+01 -3.48745537e+01
 -1.48704135e+01 -3.35854966e+01
 -1.41387829e+01 -3.21306812e+01
 -1.33037887e+01 -3.05428932e+01
 -1.23769620e+01 -2.88614961e+01
 -1.13757463e+01 -2.71284595e+01
 -1.03219239e+01 -2.53858698e+01
 -9.23990282e+00 -2.36742228e+01
 -8.15491799e+00 -2.20303519e+01
 -7.09101112e+00 -2.04849607e+01
 -6.06907170e+00 -1.90610424e+01
 -5.10552419e+00 -1.77742268e+01
 -4.21192435e+00 -1.66344219e+01
 -3.39519580e+00 -1.56472204e+01
 -2.65809289e+00 -1.48144173e+01
 -1.99972540e+00 -1.41342687e+01
 -1.41618597e+00 -1.36023779e+01
 -9.01387119e-01 -1.32134469e+01
 -4.48315201e-01 -1.29632736e+01
 -5.07602471e-02 -1.28499544e+01
 2.94969645e-01 -1.28736611e+01
 5.89133439e-01 -1.30354068e+01
 8.28838714e-01 -1.33358096e+01
 1.00926443e+00 -1.37742999e+01
 1.12490829e+00 -1.43484243e+01
 1.16964153e+00 -1.50529842e+01
 1.13566228e+00 -1.58792910e+01
 1.01368532e+00 -1.68149419e+01
 7.96041110e-01 -1.78443208e+01
 4.80401768e-01 -1.89498228e+01
 7.04384716e-02 -2.01134904e+01
 -4.26770526e-01 -2.13184655e+01
 -1.00366362e+00 -2.25497093e+01
 -1.65343898e+00 -2.37937809e+01
 -2.36977745e+00 -2.50378989e+01
 -3.14590846e+00 -2.62689379e+01
 -3.97368516e+00 -2.74731037e+01
 -4.84317729e+00 -2.86365723e+01
 -5.74296656e+00 -2.97467271e+01
 -6.66088208e+00 -3.07932861e+01
 -7.58489903e+00 -3.17687616e+01
 -8.50406748e+00 -3.26682496e+01
 -9.40899647e+00 -3.34890477e+01
 -1.02912758e+01 -3.42303861e+01
 -1.11421463e+01 -3.48928906e+01
 -1.19516306e+01 -3.54774345e+01
 -1.27087384e+01 -3.59838665e+01
 -1.34021806e+01 -3.64105481e+01
 -1.40212975e+01 -3.67555124e+01
 -1.45584406e+01 -3.70197954e+01
 -1.50138652e+01 -3.72121188e+01
 -1.54005208e+01 -3.73513133e+01
 -1.57429705e+01 -3.74625023e+01
 -1.60683924e+01 -3.75682140e+01
 -1.63959093e+01 -3.76811711e+01
 -1.67325805e+01 -3.78039155e+01
 -1.70771797e+01 -3.79335842e+01
 -1.74261175e+01 -3.80666706e+01
 -1.77767672e+01 -3.82010168e+01
 -1.81279248e+01 -3.83357189e+01
 -1.84791978e+01 -3.84704987e+01
 -1.88304910e+01 -3.86052917e+01
 -1.91817869e+01 -3.87400865e+01
 -1.95330825e+01 -3.88748813e+01
 -1.98843736e+01 -3.90096743e+01
 -2.02356296e+01 -3.91444538e+01
 -2.05866763e+01 -3.92791531e+01
 -2.09367462e+01 -3.94134776e+01
 -2.12832300e+01 -3.95464260e+01
 -2.16193491e+01 -3.96753974e+01
 -2.19318499e+01 -3.97953063e+01
 -2.22018627e+01 -3.98989122e+01
 -2.24114696e+01 -3.99793400e+01
 -2.24114696e+01 -3.99793400e+01
 -2.24114696e+01 -3.99793400e+01
 -2.24114696e+01 -3.99793400e+01
 -2.24114696e+01 -3.99793400e+01
 -2.24114696e+01 -3.99793400e+01
 -2.24114696e+01 -3.99793400e+01
 -2.24114696e+01 -3.99793400e+01
 -2.24114696e+01 -3.99793400e+01
 -2.24114696e+01 -3.99793400e+01
 -2.24114696e+01 -3.99793400e+01
 -2.24114696e+01 -3.99793400e+01
 -2.24114696e+01 -3.99793400e+01
 -2.24114696e+01 -3.99793400e+01
 -2.24114696e+01 -3.99793400e+01
 -2.24114696e+01 -3.99793400e+01
 -2.24114696e+01 -3.99793400e+01
 -2.24114696e+01 -3.99793400e+01
 -2.24114696e+01 -3.99793400e+01
 -2.24114696e+01 -3.99793400e+01
 -2.24114696e+01 -3.99793400e+01
 -2.24114696e+01 -3.99793400e+01
 -2.24114696e+01 -3.99793400e+01
 -2.24114696e+01 -3.99793400e+01
 -2.24114696e+01 -3.99793400e+01
 -2.24114696e+01 -3.99793400e+01
 -2.24114696e+01 -3.99793400e+01
 -2.24114696e+01 -3.99793400e+01
 -2.24114696e+01 -3.99793400e+01
 -2.24114696e+01 -3.99793400e+01
 -2.24114696e+01 -3.99793400e+01
 -2.24114696e+01 -3.99793400e+01
 -2.24114696e+01 -3.99793400e+01
 -2.24114696e+01 -3.99793400e+01
 -2.24114696e+01 -3.99793400e+01
 -2.24114696e+01 -3.99793400e+01
 -2.24114696e+01 -3.99793400e+01
 -2.24114696e+01 -3.99793400e+01
 -2.24114696e+01 -3.99793400e+01
 -2.24114696e+01 -3.99793400e+01
 -2.24114696e+01 -3.99793400e+01
 -2.24114696e+01 -3.99793400e+01
 -2.24114696e+01 -3.99793400e+01
