 0.00000000e+00 0.00000000e+00
 0.00000000e+00 0.00000000e+00
 0.00000000e+00 0.00000000e+00
 0.00000000e+00 0.00000000e+00
 4.90914416e-02 9.04046817e-02
 9.85023460e-02 1.90418815e-01
 1.39933419e-01 2.81494614e-01
 1.71133636e-01 3.46373692e-01
 1.95200419e-01 3.71802116e-01
 2.14749187e-01 3.45931738e-01
 2.26134274e-01 2.53937305e-01
 2.17683536e-01 7.58683327e-02
 1.71906468e-01 -2.12344838e-01
 6.93471824e-02 -6.36235331e-01
 -1.08127692e-01 -1.21983567e+00
 -3.75777092e-01 -1.98271700e+00
 -7.45867265e-01 -2.93707045e+00
 -1.22753419e+00 -4.08520496e+00
 -1.82568684e+00 -5.41819760e+00
 -2.53935861e+00 -6.91634572e+00
 -3.36030999e+00 -8.55140222e+00
 -4.27246118e+00 -1.02899102e+01
 -5.25281878e+00 -1.20967314e+01
 -6.27429986e+00 -1.39378566e+01
 -7.30958820e+00 -1.57818355e+01
 -8.33407825e+00 -1.75999598e+01
 -9.32672776e+00 -1.93661355e+01
 -1.02696424e+01 -2.10571996e+01
 -1.11479840e+01 -2.26534221e+01
 -1.19505260e+01 -2.41383594e+01
 -1.26698693e+01 -2.54978677e+01
 -1.33016624e+01 -2.67192600e+01
 -1.38434584e+01 -2.77917995e+01
 -1.42943524e+01 -2.87084725e+01
 -1.46556372e+01 -2.94676639e+01
 -1.49314124e+01 -3.00735031e+01
 -1.51280786e+01 -3.05349366e+01
 -1.52529160e+01 -3.08643638e+01
 -1.53127172e+01 -3.10762445e+01
 -1.53131260e+01 -3.11853712e+01
 -1.52589971e+01 -3.12045750e+01
 -1.51554592e+01 -3.11423041e+01
 -1.50083333e+01 -3.10008635e+01
 -1.48231830e+01 -3.07758441e+01
 -1.46042727e+01 -3.04568699e+01
 -1.43545971e+01 -3.00295750e+01
 -1.40760560e+01 -2.94784583e+01
 -1.37685968e+01 -2.87898299e+01
 -1.34291225e+01 -2.79540018e+01
 -1.30517907e+01 -2.69664590e+01
 -1.26298141e+01 -2.58283330e+01
 -1.21573432e+01 -2.45465091e+01
 -1.16303713e+01 -2.31333717e+01
 -1.10468650e+01 -2.16060872e+01
 -1.04067610e+01 -1.99855027e+01
 -9.71210031e+00 -1.82948892e+01
 -8.96725335e+00 -1.65587774e+01
 -8.17906348e+00 -1.48021299e+01
 -7.35669903e+00 -1.30499598e+01
 -6.51120032e+00 -1.13272370e+01
 -5.65502046e+00 -9.65872776e+00
 -4.80178988e+00 -8.06841541e+00
 -3.96600356e+00 -6.57836389e+00
 -3.16199070e+00 -5.20721240e+00
 -2.40201261e+00 -3.96863881e+00
 -1.69424104e+00 -2.87005647e+00
 -1.04159111e+00 -1.91185944e+00
 -4.41668227e-01 -1.08766872e+00
 1.12523286e-01 -3.85752544e-01
 6.31227047e-01 2.08895426e-01
 1.12574965e+00 7.12639825e-01
 1.60584747e+00 1.14170016e+00
 2.07787510e+00 1.51070277e+00
 2.54456738e+00 1.83129009e+00
 3.00616097e+00 2.11148140e+00
 3.46185623e+00 2.35619588e+00
 3.91094201e+00 2.56838292e+00
 4.35369698e+00 2.74990827e+00
 4.79244448e+00 2.90196360e+00
 5.23251079e+00 3.02534867e+00
 5.68219155e+00 3.12081163e+00
 6.15116850e+00 3.18899454e+00
 6.64788943e+00 3.22945790e+00
 7.17717863e+00 3.23935112e+00
 7.73919235e+00 3.21326747e+00
 8.33003970e+00 3.14487588e+00
 8.94360420e+00 3.02904142e+00
 9.57369507e+00 2.86298913e+00
 1.02156612e+01 2.64657475e+00
 1.08670088e+01 2.38250742e+00
 1.15271903e+01 2.07672394e+00
 1.21970675e+01 1.73844003e+00
 1.28782753e+01 1.37960666e+00
 1.35721887e+01 1.01398848e+00
 1.42780327e+01 6.56047409e-01
 1.49902245e+01 3.19552879e-01
 1.56961408e+01 1.60138873e-02
 1.63761963e+01 -2.46647035e-01
 1.70071678e+01 -4.64780861e-01
 1.75674689e+01 -6.38807919e-01
 1.80419344e+01 -7.72160939e-01
 1.84250738e+01 -8.70138471e-01
 1.87233865e+01 -9.39622872e-01
 1.89559828e+01 -9.89286898e-01
 1.91504866e+01 -1.02870831e+00
 1.93337071e+01 -1.06598527e+00
 1.95226560e+01 -1.10565048e+00
 1.97223794e+01 -1.14865933e+00
 1.99305132e+01 -1.19405733e+00
 2.01430551e+01 -1.24064068e+00
 2.03572953e+01 -1.28766241e+00
 2.05720320e+01 -1.33480819e+00
 2.07868801e+01 -1.38198113e+00
 2.10017477e+01 -1.42915870e+00
 2.12166179e+01 -1.47633687e+00
 2.14314881e+01 -1.52351505e+00
 2.16463554e+01 -1.57069261e+00
 2.18612013e+01 -1.61786544e+00
 2.20759192e+01 -1.66501019e+00
 2.22900397e+01 -1.71202375e+00
 2.25019666e+01 -1.75855570e+00
 2.27075540e+01 -1.80369569e+00
 2.28986953e+01 -1.84566381e+00
 2.30638488e+01 -1.88192588e+00
 2.31920549e+01 -1.91007559e+00
 2.31920549e+01 -1.91007559e+00
 2.31920549e+01 -1.91007559e+00
 2.31920549e+01 -1.91007559e+00
 2.31920549e+01 -1.91007559e+00
 2.31920549e+01 -1.91007559e+00
 2.31920549e+01 -1.91007559e+00
 2.31920549e+01 -1.91007559e+00
 2.31920549e+01 -1.91007559e+00
 2.31920549e+01 -1.91007559e+00
 2.31920549e+01 -1.91007559e+00
 2.31920549e+01 -1.91007559e+00
 2.31920549e+01 -1.91007559e+00
 2.31920549e+01 -1.91007559e+00
 2.31920549e+01 -1.91007559e+00
 2.31920549e+01 -1.91007559e+00
 2.31920549e+01 -1.91007559e+00
 2.31920549e+01 -1.91007559e+00
 2.31920549e+01 -1.91007559e+00
 2.31920549e+01 -1.91007559e+00
 2.31920549e+01 -1.91007559e+00
 2.31920549e+01 -1.91007559e+00
 2.31920549e+01 -1.91007559e+00
 2.31920549e+01 -1.91007559e+00
 2.31920549e+01 -1.91007559e+00
 2.31920549e+01 -1.91007559e+00
 2.31920549e+01 -1.91007559e+00
 2.31920549e+01 -1.91007559e+00
 2.31920549e+01 -1.91007559e+00
 2.31920549e+01 -1.91007559e+00
 2.31920549e+01 -1.91007559e+00
 2.31920549e+01 -1.91007559e+00
 2.31920549e+01 -1.91007559e+00
 2.31920549e+01 -1.91007559e+00
 2.31920549e+01 -1.91007559e+00
 2.31920549e+01 -1.91007559e+00
 2.31920549e+01 -1.91007559e+00
 2.31920549e+01 -1.91007559e+00
 2.31920549e+01 -1.91007559e+00
 2.31920549e+01 -1.91007559e+00
 2.31920549e+01 -1.91007559e+00
 2.31920549e+01 -1.91007559e+00
 2.31920549e+01 -1.91007559e+00
 2.31920549e+01 -1.91007559e+00
 2.31920549e+01 -1.91007559e+00
 2.31920549e+01 -1.91007559e+00
 2.31920549e+01 -1.91007559e+00
 2.31920549e+01 -1.91007559e+00
 2.31920549e+01 -1.91007559e+00
 2.31920549e+01 -1.91007559e+00
