 0.00000000e+00 0.00000000e+00
 0.00000000e+00 0.00000000e+00
 0.00000000e+00 0.00000000e+00
 0.00000000e+00 0.00000000e+00
 0.00000000e+00 0.00000000e+00
 0.00000000e+00 0.00000000e+00
 0.00000000e+00 0.00000000e+00
 0.00000000e+00 0.00000000e+00
 0.00000000e+00 0.00000000e+00
 0.00000000e+00 0.00000000e+00
 0.00000000e+00 0.00000000e+00
 -6.78338931e-02 5.68902172e-02
 -1.71046893e-01 1.28271050e-01
 -3.11284233e-01 2.10335958e-01
 -4.89248620e-01 3.00626883e-01
 -7.09431456e-01 3.98618162e-01
 -9.82122531e-01 5.04479590e-01
 -1.32176953e+00 6.17672412e-01
 -1.74403883e+00 7.36334873e-01
 -2.26386220e+00 8.57150149e-01
 -2.89451239e+00 9.75066725e-01
 -3.64651902e+00 1.08287642e+00
 -4.52623035e+00 1.17123354e+00
 -5.53509203e+00 1.22916816e+00
 -6.67018913e+00 1.24407110e+00
 -7.92527487e+00 1.20069853e+00
 -9.29147413e+00 1.08095975e+00
 -1.07577682e+01 8.66431211e-01
 -1.23114753e+01 5.42470852e-01
 -1.39382084e+01 1.00980854e-01
 -1.56207427e+01 -4.59099783e-01
 -1.73372293e+01 -1.13221761e+00
 -1.90599643e+01 -1.90655211e+00
 -2.07555177e+01 -2.76448312e+00
 -2.23860593e+01 -3.68353971e+00
 -2.39113050e+01 -4.63791277e+00
 -2.52908997e+01 -5.60054024e+00
 -2.64874687e+01 -6.54561743e+00
 -2.74702821e+01 -7.45098053e+00
 -2.82186448e+01 -8.29961819e+00
 -2.87235991e+01 -9.08002000e+00
 -2.89870628e+01 -9.78582283e+00
 -2.90189485e+01 -1.04153732e+01
 -2.88338995e+01 -1.09711917e+01
 -2.84489778e+01 -1.14588612e+01
 -2.78823862e+01 -1.18853434e+01
 -2.71527280e+01 -1.22574929e+01
 -2.62789285e+01 -1.25814275e+01
 -2.52812780e+01 -1.28625593e+01
 -2.41830359e+01 -1.31057080e+01
 -2.30111517e+01 -1.33151889e+01
 -2.17954337e+01 -1.34951608e+01
 -2.05667746e+01 -1.36502170e+01
 -1.93551368e+01 -1.37857738e+01
 -1.81874007e+01 -1.39079584e+01
 -1.70851881e+01 -1.40232352e+01
 -1.60632558e+01 -1.41381707e+01
 -1.51291027e+01 -1.42592942e+01
 -1.42838797e+01 -1.43927224e+01
 -1.35240506e+01 -1.45436112e+01
 -1.28431031e+01 -1.47158991e+01
 -1.22330441e+01 -1.49125099e+01
 -1.16858333e+01 -1.51356901e+01
 -1.11947503e+01 -1.53871451e+01
 -1.07554271e+01 -1.56680259e+01
 -1.03665701e+01 -1.59790956e+01
 -1.00306287e+01 -1.63212680e+01
 -9.75408996e+00 -1.66962359e+01
 -9.54658320e+00 -1.71065801e+01
 -9.41886419e+00 -1.75550779e+01
 -9.38106825e+00 -1.80436813e+01
 -9.44209900e+00 -1.85729205e+01
 -9.60905989e+00 -1.91418914e+01
 -9.88554723e+00 -1.97483084e+01
 -1.02698928e+01 -2.03882391e+01
 -1.07553673e+01 -2.10557765e+01
 -1.13324679e+01 -2.17431582e+01
 -1.19917138e+01 -2.24415070e+01
 -1.27258573e+01 -2.31419143e+01
 -1.35316366e+01 -2.38364998e+01
 -1.44114017e+01 -2.45193254e+01
 -1.53740879e+01 -2.51870785e+01
 -1.64342493e+01 -2.58391238e+01
 -1.76084705e+01 -2.64766461e+01
 -1.89102995e+01 -2.71013487e+01
 -2.03460881e+01 -2.77144857e+01
 -2.19133175e+01 -2.83163761e+01
 -2.36009031e+01 -2.89059153e+01
 -2.53899439e+01 -2.94797944e+01
 -2.72544350e+01 -3.00317161e+01
 -2.91629232e+01 -3.05521180e+01
 -3.10818974e+01 -3.10287419e+01
 -3.29801018e+01 -3.14480085e+01
 -3.48318383e+01 -3.17965676e+01
 -3.66176958e+01 -3.20620803e+01
 -3.83226215e+01 -3.22329289e+01
 -3.99328618e+01 -3.22977158e+01
 -4.14338116e+01 -3.22456951e+01
 -4.28096434e+01 -3.20682172e+01
 -4.40440165e+01 -3.17601582e+01
 -4.51211093e+01 -3.13207541e+01
 -4.60279051e+01 -3.07548257e+01
 -4.67599165e+01 -3.00757662e+01
 -4.73301201e+01 -2.93093024e+01
 -4.77747696e+01 -2.84934637e+01
 -4.81471970e+01 -2.76703204e+01
 -4.84993571e+01 -2.68720271e+01
 -4.88639145e+01 -2.61111691e+01
 -4.92501369e+01 -2.53827890e+01
 -4.96530152e+01 -2.46745538e+01
 -5.00645598e+01 -2.39757533e+01
 -5.04794288e+01 -2.32803564e+01
 -5.08952665e+01 -2.25859131e+01
 -5.13113216e+01 -2.18916780e+01
 -5.17274143e+01 -2.11974785e+01
 -5.21435122e+01 -2.05032838e+01
 -5.25596099e+01 -1.98090906e+01
 -5.29757023e+01 -1.91149065e+01
 -5.33917530e+01 -1.84207919e+01
 -5.38075560e+01 -1.77270906e+01
 -5.42222019e+01 -1.70353197e+01
 -5.46326002e+01 -1.63506352e+01
 -5.50307218e+01 -1.56864325e+01
 -5.54008684e+01 -1.50689016e+01
 -5.57206894e+01 -1.45353311e+01
 -5.59689616e+01 -1.41211283e+01
 -5.59689616e+01 -1.41211283e+01
 -5.59689616e+01 -1.41211283e+01
 -5.59689616e+01 -1.41211283e+01
 -5.59689616e+01 -1.41211283e+01
 -5.59689616e+01 -1.41211283e+01
 -5.59689616e+01 -1.41211283e+01
 -5.59689616e+01 -1.41211283e+01
 -5.59689616e+01 -1.41211283e+01
 -5.59689616e+01 -1.41211283e+01
 -5.59689616e+01 -1.41211283e+01
 -5.59689616e+01 -1.41211283e+01
 -5.59689616e+01 -1.41211283e+01
 -5.59689616e+01 -1.41211283e+01
 -5.59689616e+01 -1.41211283e+01
 -5.59689616e+01 -1.41211283e+01
 -5.59689616e+01 -1.41211283e+01
 -5.59689616e+01 -1.41211283e+01
 -5.59689616e+01 -1.41211283e+01
 -5.59689616e+01 -1.41211283e+01
 -5.59689616e+01 -1.41211283e+01
 -5.59689616e+01 -1.41211283e+01
 -5.59689616e+01 -1.41211283e+01
 -5.59689616e+01 -1.41211283e+01
 -5.59689616e+01 -1.41211283e+01
 -5.59689616e+01 -1.41211283e+01
 -5.59689616e+01 -1.41211283e+01
 -5.59689616e+01 -1.41211283e+01
 -5.59689616e+01 -1.41211283e+01
 -5.59689616e+01 -1.41211283e+01
 -5.59689616e+01 -1.41211283e+01
 -5.59689616e+01 -1.41211283e+01
 -5.59689616e+01 -1.41211283e+01
 -5.59689616e+01 -1.41211283e+01
 -5.59689616e+01 -1.41211283e+01
 -5.59689616e+01 -1.41211283e+01
 -5.59689616e+01 -1.41211283e+01
 -5.59689616e+01 -1.41211283e+01
 -5.59689616e+01 -1.41211283e+01
 -5.59689616e+01 -1.41211283e+01
 -5.59689616e+01 -1.41211283e+01
 -5.59689616e+01 -1.41211283e+01
 -5.59689616e+01 -1.41211283e+01
 -5.59689616e+01 -1.41211283e+01
 -5.59689616e+01 -1.41211283e+01
 -5.59689616e+01 -1.41211283e+01
 -5.59689616e+01 -1.41211283e+01
 -5.59689616e+01 -1.41211283e+01
