 0.00000000e+00 0.00000000e+00
 0.00000000e+00 0.00000000e+00
 0.00000000e+00 0.00000000e+00
 0.00000000e+00 0.00000000e+00
 0.00000000e+00 0.00000000e+00
 0.00000000e+00 0.00000000e+00
 0.00000000e+00 0.00000000e+00
 0.00000000e+00 0.00000000e+00
 0.00000000e+00 0.00000000e+00
 0.00000000e+00 0.00000000e+00
 0.00000000e+00 0.00000000e+00
 -6.29427643e-02 4.46116535e-02
 -1.66801190e-01 1.03028793e-01
 -3.19565564e-01 1.71513810e-01
 -5.26075069e-01 2.45177967e-01
 -7.89973095e-01 3.18907951e-01
 -1.11547860e+00 3.87434619e-01
 -1.50765725e+00 4.45457702e-01
 -1.97176715e+00 4.88465558e-01
 -2.51261834e+00 5.13478260e-01
 -3.13398379e+00 5.18368216e-01
 -3.83771276e+00 4.99895010e-01
 -4.62293620e+00 4.52433792e-01
 -5.48647657e+00 3.68818904e-01
 -6.42482496e+00 2.42252303e-01
 -7.43625930e+00 6.72207269e-02
 -8.52125206e+00 -1.61043151e-01
 -9.68116424e+00 -4.47389714e-01
 -1.09169534e+01 -7.96947351e-01
 -1.22290291e+01 -1.21473221e+00
 -1.36174420e+01 -1.70493757e+00
 -1.50807002e+01 -2.26999450e+00
 -1.66127678e+01 -2.90970306e+00
 -1.82000290e+01 -3.62088738e+00
 -1.98205510e+01 -4.39748193e+00
 -2.14458982e+01 -5.23034946e+00
 -2.30435671e+01 -6.10655999e+00
 -2.45784056e+01 -7.00891949e+00
 -2.60133286e+01 -7.91672844e+00
 -2.73108100e+01 -8.80779936e+00
 -2.84361194e+01 -9.66094434e+00
 -2.93615840e+01 -1.04581915e+01
 -3.00695937e+01 -1.11863046e+01
 -3.05524104e+01 -1.18373317e+01
 -3.08092742e+01 -1.24082075e+01
 -3.08433792e+01 -1.28998879e+01
 -3.06608807e+01 -1.33165720e+01
 -3.02717438e+01 -1.36650349e+01
 -2.96902711e+01 -1.39536203e+01
 -2.89336602e+01 -1.41908001e+01
 -2.80197600e+01 -1.43840197e+01
 -2.69668986e+01 -1.45396573e+01
 -2.57966599e+01 -1.46641385e+01
 -2.45371521e+01 -1.47653809e+01
 -2.32236422e+01 -1.48534353e+01
 -2.18957106e+01 -1.49396954e+01
 -2.05925686e+01 -1.50351486e+01
 -1.93488992e+01 -1.51489238e+01
 -1.81926074e+01 -1.52881652e+01
 -1.71443668e+01 -1.54590966e+01
 -1.62179909e+01 -1.56679506e+01
 -1.54209382e+01 -1.59206604e+01
 -1.47551075e+01 -1.62217402e+01
 -1.42184199e+01 -1.65736194e+01
 -1.38070033e+01 -1.69769056e+01
 -1.35169679e+01 -1.74309017e+01
 -1.33450103e+01 -1.79335995e+01
 -1.32881396e+01 -1.84812555e+01
 -1.33431517e+01 -1.90683970e+01
 -1.35059491e+01 -1.96886954e+01
 -1.37707950e+01 -2.03360559e+01
 -1.41300570e+01 -2.10050042e+01
 -1.45748093e+01 -2.16903712e+01
 -1.50961413e+01 -2.23870552e+01
 -1.56868652e+01 -2.30903495e+01
 -1.63431628e+01 -2.37965584e+01
 -1.70654746e+01 -2.45033279e+01
 -1.78581486e+01 -2.52094594e+01
 -1.87279916e+01 -2.59144956e+01
 -1.96823182e+01 -2.66184218e+01
 -2.07270364e+01 -2.73213480e+01
 -2.18649973e+01 -2.80227768e+01
 -2.30947260e+01 -2.87205285e+01
 -2.44097087e+01 -2.94099779e+01
 -2.57983588e+01 -3.00840823e+01
 -2.72446810e+01 -3.07339043e+01
 -2.87294280e+01 -3.13489883e+01
 -3.02312261e+01 -3.19174664e+01
 -3.17274134e+01 -3.24263349e+01
 -3.31952250e+01 -3.28622768e+01
 -3.46140030e+01 -3.32130132e+01
 -3.59676839e+01 -3.34687991e+01
 -3.72457954e+01 -3.36232901e+01
 -3.84422779e+01 -3.36730424e+01
 -3.95534396e+01 -3.36160539e+01
 -4.05768389e+01 -3.34510719e+01
 -4.15116640e+01 -3.31792233e+01
 -4.23601370e+01 -3.28080117e+01
 -4.31294208e+01 -3.23558220e+01
 -4.38330924e+01 -3.18529470e+01
 -4.44902211e+01 -3.13351986e+01
 -4.51209803e+01 -3.08317705e+01
 -4.57411238e+01 -3.03559279e+01
 -4.63592956e+01 -2.99056109e+01
 -4.69783566e+01 -2.94716175e+01
 -4.75984013e+01 -2.90454067e+01
 -4.82189309e+01 -2.86220360e+01
 -4.88396209e+01 -2.81994675e+01
 -4.94603498e+01 -2.77770752e+01
 -5.00810857e+01 -2.73547131e+01
 -5.07018225e+01 -2.69323550e+01
 -5.13225586e+01 -2.65099979e+01
 -5.19432866e+01 -2.60876464e+01
 -5.25639524e+01 -2.56653372e+01
 -5.31842486e+01 -2.52432795e+01
 -5.38028188e+01 -2.48223962e+01
 -5.44150523e+01 -2.44058244e+01
 -5.50089714e+01 -2.40017140e+01
 -5.55611573e+01 -2.36259994e+01
 -5.60382673e+01 -2.33013675e+01
 -5.64086406e+01 -2.30493606e+01
 -5.64086406e+01 -2.30493606e+01
 -5.64086406e+01 -2.30493606e+01
 -5.64086406e+01 -2.30493606e+01
 -5.64086406e+01 -2.30493606e+01
 -5.64086406e+01 -2.30493606e+01
 -5.64086406e+01 -2.30493606e+01
 -5.64086406e+01 -2.30493606e+01
 -5.64086406e+01 -2.30493606e+01
 -5.64086406e+01 -2.30493606e+01
 -5.64086406e+01 -2.30493606e+01
 -5.64086406e+01 -2.30493606e+01
 -5.64086406e+01 -2.30493606e+01
 -5.64086406e+01 -2.30493606e+01
 -5.64086406e+01 -2.30493606e+01
 -5.64086406e+01 -2.30493606e+01
 -5.64086406e+01 -2.30493606e+01
 -5.64086406e+01 -2.30493606e+01
 -5.64086406e+01 -2.30493606e+01
 -5.64086406e+01 -2.30493606e+01
 -5.64086406e+01 -2.30493606e+01
 -5.64086406e+01 -2.30493606e+01
 -5.64086406e+01 -2.30493606e+01
 -5.64086406e+01 -2.30493606e+01
 -5.64086406e+01 -2.30493606e+01
 -5.64086406e+01 -2.30493606e+01
 -5.64086406e+01 -2.30493606e+01
 -5.64086406e+01 -2.30493606e+01
 -5.64086406e+01 -2.30493606e+01
 -5.64086406e+01 -2.30493606e+01
 -5.64086406e+01 -2.30493606e+01
 -5.64086406e+01 -2.30493606e+01
 -5.64086406e+01 -2.30493606e+01
 -5.64086406e+01 -2.30493606e+01
 -5.64086406e+01 -2.30493606e+01
 -5.64086406e+01 -2.30493606e+01
 -5.64086406e+01 -2.30493606e+01
 -5.64086406e+01 -2.30493606e+01
 -5.64086406e+01 -2.30493606e+01
 -5.64086406e+01 -2.30493606e+01
 -5.64086406e+01 -2.30493606e+01
 -5.64086406e+01 -2.30493606e+01
 -5.64086406e+01 -2.30493606e+01
 -5.64086406e+01 -2.30493606e+01
 -5.64086406e+01 -2.30493606e+01
 -5.64086406e+01 -2.30493606e+01
 -5.64086406e+01 -2.30493606e+01
 -5.64086406e+01 -2.30493606e+01
 -5.64086406e+01 -2.30493606e+01
 -5.64086406e+01 -2.30493606e+01
 -5.64086406e+01 -2.30493606e+01
 -5.64086406e+01 -2.30493606e+01
 -5.64086406e+01 -2.30493606e+01
