 0.00000000e+00 0.00000000e+00
 0.00000000e+00 0.00000000e+00
 0.00000000e+00 0.00000000e+00
 0.00000000e+00 0.00000000e+00
 -7.54866427e-02 -1.12314453e-02
 -1.64382026e-01 -1.71276007e-02
 -2.52066943e-01 -1.05661162e-02
 -3.24496557e-01 1.64654755e-02
 -3.74475112e-01 7.19136194e-02
 -4.03452264e-01 1.62310558e-01
 -4.18842409e-01 2.91817554e-01
 -4.30490342e-01 4.62304171e-01
 -4.49316023e-01 6.73796024e-01
 -4.87660288e-01 9.24392729e-01
 -5.58963040e-01 1.20973832e+00
 -6.76055313e-01 1.52269567e+00
 -8.49646192e-01 1.85364554e+00
 -1.08817801e+00 2.19142483e+00
 -1.39813769e+00 2.52463082e+00
 -1.78350434e+00 2.84284310e+00
 -2.24456079e+00 3.13736146e+00
 -2.77730309e+00 3.40139813e+00
 -3.37407168e+00 3.63002800e+00
 -4.02493235e+00 3.82025733e+00
 -4.71896098e+00 3.97135267e+00
 -5.44504695e+00 4.08526144e+00
 -6.19244815e+00 4.16661911e+00
 -6.95149499e+00 4.22181537e+00
 -7.71451905e+00 4.25735190e+00
 -8.47667011e+00 4.27853449e+00
 -9.23626614e+00 4.28900611e+00
 -9.99474007e+00 4.29039846e+00
 -1.07564784e+01 4.28152257e+00
 -1.15285129e+01 4.25783412e+00
 -1.23197332e+01 4.21211925e+00
 -1.31396850e+01 4.13587437e+00
 -1.39975997e+01 4.01987090e+00
 -1.49019208e+01 3.85356688e+00
 -1.58594940e+01 3.62474918e+00
 -1.68736317e+01 3.32057188e+00
 -1.79419360e+01 2.92952148e+00
 -1.90556681e+01 2.44310496e+00
 -2.02009737e+01 1.85674250e+00
 -2.13603957e+01 1.17022200e+00
 -2.25134133e+01 3.88162178e-01
 -2.36367128e+01 -4.79722906e-01
 -2.47058378e+01 -1.41921805e+00
 -2.56984798e+01 -2.41315652e+00
 -2.65976879e+01 -3.44310125e+00
 -2.73932656e+01 -4.49034374e+00
 -2.80814183e+01 -5.53627015e+00
 -2.86637859e+01 -6.56275122e+00
 -2.91463702e+01 -7.55306799e+00
 -2.95381069e+01 -8.49328405e+00
 -2.98491188e+01 -9.37341612e+00
 -3.00893415e+01 -1.01877339e+01
 -3.02680747e+01 -1.09341419e+01
 -3.03938911e+01 -1.16132307e+01
 -3.04735488e+01 -1.22275740e+01
 -3.05098442e+01 -1.27813535e+01
 -3.05007224e+01 -1.32800089e+01
 -3.04416421e+01 -1.37296249e+01
 -3.03295014e+01 -1.41361004e+01
 -3.01643403e+01 -1.45045061e+01
 -2.99477896e+01 -1.48390144e+01
 -2.96809442e+01 -1.51433650e+01
 -2.93640805e+01 -1.54214570e+01
 -2.89977305e+01 -1.56776194e+01
 -2.85833203e+01 -1.59163700e+01
 -2.81226645e+01 -1.61418613e+01
 -2.76169192e+01 -1.63573715e+01
 -2.70658620e+01 -1.65650740e+01
 -2.64678920e+01 -1.67661591e+01
 -2.58205491e+01 -1.69612122e+01
 -2.51212968e+01 -1.71505632e+01
 -2.43688074e+01 -1.73344546e+01
 -2.35649890e+01 -1.75132143e+01
 -2.27170131e+01 -1.76876027e+01
 -2.18379864e+01 -1.78591962e+01
 -2.09458381e+01 -1.80306328e+01
 -2.00613891e+01 -1.82057987e+01
 -1.92066911e+01 -1.83900436e+01
 -1.84037206e+01 -1.85901956e+01
 -1.76728795e+01 -1.88140825e+01
 -1.70310672e+01 -1.90696145e+01
 -1.64898446e+01 -1.93637490e+01
 -1.60546863e+01 -1.97016095e+01
 -1.57258146e+01 -2.00858798e+01
 -1.54999377e+01 -2.05164338e+01
 -1.53717930e+01 -2.09901297e+01
 -1.53350192e+01 -2.15009264e+01
 -1.53824037e+01 -2.20406224e+01
 -1.55059036e+01 -2.26001735e+01
 -1.56973538e+01 -2.31711330e+01
 -1.59502842e+01 -2.37468280e+01
 -1.62618071e+01 -2.43232451e+01
 -1.66333879e+01 -2.48997119e+01
 -1.70706576e+01 -2.54791544e+01
 -1.75829618e+01 -2.60673989e+01
 -1.81825850e+01 -2.66713497e+01
 -1.88831888e+01 -2.72968299e+01
 -1.96975713e+01 -2.79472300e+01
 -2.06355135e+01 -2.86232627e+01
 -2.17023718e+01 -2.93231413e+01
 -2.28984258e+01 -3.00425315e+01
 -2.42187239e+01 -3.07743477e+01
 -2.56534301e+01 -3.15089345e+01
 -2.71886833e+01 -3.22349603e+01
 -2.88076435e+01 -3.29406632e+01
 -3.04914050e+01 -3.36146716e+01
 -3.22197770e+01 -3.42460562e+01
 -3.39720767e+01 -3.48240837e+01
 -3.57279739e+01 -3.53382858e+01
 -3.74681012e+01 -3.57789073e+01
 -3.91740291e+01 -3.61373663e+01
 -4.08278403e+01 -3.64063993e+01
 -4.24121788e+01 -3.65797393e+01
 -4.39110686e+01 -3.66513430e+01
 -4.53106604e+01 -3.66143920e+01
 -4.65989197e+01 -3.64604826e+01
 -4.77641972e+01 -3.61793948e+01
 -4.87935833e+01 -3.57595797e+01
 -4.96721864e+01 -3.51893179e+01
 -5.03838653e+01 -3.44586010e+01
 -5.09129873e+01 -3.35619802e+01
 -5.12464184e+01 -3.25022213e+01
 -5.13757504e+01 -3.12935704e+01
 -5.13008833e+01 -2.99629336e+01
 -5.10358484e+01 -2.85480730e+01
 -5.06149160e+01 -2.70928702e+01
 -5.00927721e+01 -2.56398588e+01
 -4.95326934e+01 -2.42211124e+01
 -4.89861106e+01 -2.28512309e+01
 -4.84776253e+01 -2.15271777e+01
 -4.80063521e+01 -2.02355033e+01
 -4.75592692e+01 -1.89616584e+01
 -4.71237817e+01 -1.76955421e+01
 -4.66925309e+01 -1.64320689e+01
 -4.62624760e+01 -1.51693086e+01
 -4.58326835e+01 -1.39066998e+01
 -4.54029358e+01 -1.26441163e+01
 -4.49731941e+01 -1.13815362e+01
 -4.45434537e+01 -1.01189582e+01
 -4.41137190e+01 -8.85639690e+00
 -4.36840272e+01 -7.59396193e+00
 -4.32545914e+01 -6.33227871e+00
 -4.28263505e+01 -5.07410630e+00
 -4.24024966e+01 -3.82882268e+00
 -4.19913218e+01 -2.62079052e+00
 -4.16090392e+01 -1.49764363e+00
 -4.12787323e+01 -5.27201507e-01
 -4.10223200e+01 2.26138255e-01
 -4.10223200e+01 2.26138255e-01
 -4.10223200e+01 2.26138255e-01
 -4.10223200e+01 2.26138255e-01
 -4.10223200e+01 2.26138255e-01
 -4.10223200e+01 2.26138255e-01
 -4.10223200e+01 2.26138255e-01
 -4.10223200e+01 2.26138255e-01
 -4.10223200e+01 2.26138255e-01
 -4.10223200e+01 2.26138255e-01
 -4.10223200e+01 2.26138255e-01
 -4.10223200e+01 2.26138255e-01
 -4.10223200e+01 2.26138255e-01
 -4.10223200e+01 2.26138255e-01
 -4.10223200e+01 2.26138255e-01
 -4.10223200e+01 2.26138255e-01
 -4.10223200e+01 2.26138255e-01
 -4.10223200e+01 2.26138255e-01
 -4.10223200e+01 2.26138255e-01
 -4.10223200e+01 2.26138255e-01
 -4.10223200e+01 2.26138255e-01
 -4.10223200e+01 2.26138255e-01
