 0.00000000e+00 0.00000000e+00
 0.00000000e+00 0.00000000e+00
 0.00000000e+00 0.00000000e+00
 0.00000000e+00 0.00000000e+00
 0.00000000e+00 0.00000000e+00
 0.00000000e+00 0.00000000e+00
 0.00000000e+00 0.00000000e+00
 0.00000000e+00 0.00000000e+00
 0.00000000e+00 0.00000000e+00
 0.00000000e+00 0.00000000e+00
 7.44582972e-02 2.06942284e-01
 1.51249517e-01 4.57670258e-01
 2.12237722e-01 7.22281007e-01
 2.40650662e-01 9.69941563e-01
 2.24229915e-01 1.17674283e+00
 1.55730218e-01 1.32640344e+00
 3.15770242e-02 1.40652099e+00
 -1.50528467e-01 1.40428621e+00
 -3.93423343e-01 1.30413115e+00
 -7.00441563e-01 1.08807424e+00
 -1.07417437e+00 7.37802262e-01
 -1.51554240e+00 2.36777203e-01
 -2.02372104e+00 -4.28308299e-01
 -2.59645339e+00 -1.26618318e+00
 -3.23032627e+00 -2.27953863e+00
 -3.92109002e+00 -3.46435947e+00
 -4.66423352e+00 -4.81111315e+00
 -5.45575874e+00 -6.30760009e+00
 -6.29287917e+00 -7.94179745e+00
 -7.17431498e+00 -9.70300706e+00
 -8.09985429e+00 -1.15811231e+01
 -9.06902835e+00 -1.35651581e+01
 -1.00793348e+01 -1.56421131e+01
 -1.11250625e+01 -1.77964887e+01
 -1.21975512e+01 -2.00103097e+01
 -1.32865331e+01 -2.22634752e+01
 -1.43811362e+01 -2.45338802e+01
 -1.54692688e+01 -2.67964284e+01
 -1.65355460e+01 -2.90211168e+01
 -1.75596377e+01 -3.11723802e+01
 -1.85171546e+01 -3.32119256e+01
 -1.93832757e+01 -3.51041497e+01
 -2.01370435e+01 -3.68203786e+01
 -2.07640551e+01 -3.83394600e+01
 -2.12573444e+01 -3.96464192e+01
 -2.16180728e+01 -4.07327810e+01
 -2.18566590e+01 -4.15992435e+01
 -2.19920919e+01 -4.22572612e+01
 -2.20470583e+01 -4.27260667e+01
 -2.20410088e+01 -4.30259475e+01
 -2.19865262e+01 -4.31720872e+01
 -2.18908016e+01 -4.31722615e+01
 -2.17582731e+01 -4.30280129e+01
 -2.15905945e+01 -4.27367651e+01
 -2.13849070e+01 -4.22931249e+01
 -2.11335824e+01 -4.16897301e+01
 -2.08263135e+01 -4.09192316e+01
 -2.04527626e+01 -3.99780717e+01
 -2.00039661e+01 -3.88704649e+01
 -1.94725536e+01 -3.76101119e+01
 -1.88531208e+01 -3.62190648e+01
 -1.81435117e+01 -3.47255005e+01
 -1.73462913e+01 -3.31620729e+01
 -1.64691238e+01 -3.15646050e+01
 -1.55236712e+01 -2.99698373e+01
 -1.45238072e+01 -2.84118407e+01
 -1.34841035e+01 -2.69183755e+01
 -1.24189247e+01 -2.55091337e+01
 -1.13420748e+01 -2.41966038e+01
 -1.02669116e+01 -2.29884161e+01
 -9.20673610e+00 -2.18894380e+01
 -8.17507649e+00 -2.09029477e+01
 -7.18547593e+00 -2.00314342e+01
 -6.25063591e+00 -1.92776469e+01
 -5.38115450e+00 -1.86455319e+01
 -4.58435965e+00 -1.81400283e+01
 -3.86365000e+00 -1.77655404e+01
 -3.21845006e+00 -1.75243299e+01
 -2.64474567e+00 -1.74160225e+01
 -2.13632050e+00 -1.74379607e+01
 -1.68678359e+00 -1.75854484e+01
 -1.29193678e+00 -1.78517417e+01
 -9.51561306e-01 -1.82282285e+01
 -6.69787443e-01 -1.87048652e+01
 -4.53702000e-01 -1.92707704e+01
 -3.10955104e-01 -1.99150862e+01
 -2.48369778e-01 -2.06279325e+01
 -2.72644266e-01 -2.14008699e+01
 -3.91202468e-01 -2.22266695e+01
 -6.10755689e-01 -2.30988579e+01
 -9.34733112e-01 -2.40115076e+01
 -1.36265213e+00 -2.49592872e+01
 -1.89169119e+00 -2.59375003e+01
 -2.51817802e+00 -2.69418667e+01
 -3.23782420e+00 -2.79680167e+01
 -4.04531455e+00 -2.90109347e+01
 -4.93375872e+00 -3.00646545e+01
 -5.89391951e+00 -3.11222333e+01
 -6.91343659e+00 -3.21756576e+01
 -7.97664413e+00 -3.32153307e+01
 -9.06514099e+00 -3.42293637e+01
 -1.01586816e+01 -3.52034610e+01
 -1.12360600e+01 -3.61219577e+01
 -1.22760578e+01 -3.69696015e+01
 -1.32585525e+01 -3.77331230e+01
 -1.41657022e+01 -3.84021198e+01
 -1.49830769e+01 -3.89695771e+01
 -1.57005108e+01 -3.94323861e+01
 -1.63122855e+01 -3.97915007e+01
 -1.68165625e+01 -4.00510925e+01
 -1.72150153e+01 -4.02172396e+01
 -1.75142125e+01 -4.02982353e+01
 -1.77286980e+01 -4.03075726e+01
 -1.78824206e+01 -4.02666052e+01
 -1.80044652e+01 -4.02018675e+01
 -1.81200132e+01 -4.01367452e+01
 -1.82431554e+01 -4.00839704e+01
 -1.83767942e+01 -4.00450625e+01
 -1.85179019e+01 -4.00156207e+01
 -1.86627069e+01 -3.99908218e+01
 -1.88088774e+01 -3.99677396e+01
 -1.89554341e+01 -3.99451453e+01
 -1.91020752e+01 -3.99226583e+01
 -1.92487307e+01 -3.99001898e+01
 -1.93953881e+01 -3.98777236e+01
 -1.95420456e+01 -3.98552578e+01
 -1.96887011e+01 -3.98327923e+01
 -1.98353419e+01 -3.98103291e+01
 -1.99818954e+01 -3.97878792e+01
 -2.01280411e+01 -3.97654918e+01
 -2.02726897e+01 -3.97433337e+01
 -2.04130112e+01 -3.97218385e+01
 -2.05434727e+01 -3.97018536e+01
 -2.06561965e+01 -3.96845860e+01
 -2.07437023e+01 -3.96711814e+01
 -2.07437023e+01 -3.96711814e+01
 -2.07437023e+01 -3.96711814e+01
 -2.07437023e+01 -3.96711814e+01
 -2.07437023e+01 -3.96711814e+01
 -2.07437023e+01 -3.96711814e+01
 -2.07437023e+01 -3.96711814e+01
 -2.07437023e+01 -3.96711814e+01
 -2.07437023e+01 -3.96711814e+01
 -2.07437023e+01 -3.96711814e+01
 -2.07437023e+01 -3.96711814e+01
 -2.07437023e+01 -3.96711814e+01
 -2.07437023e+01 -3.96711814e+01
 -2.07437023e+01 -3.96711814e+01
 -2.07437023e+01 -3.96711814e+01
 -2.07437023e+01 -3.96711814e+01
 -2.07437023e+01 -3.96711814e+01
 -2.07437023e+01 -3.96711814e+01
 -2.07437023e+01 -3.96711814e+01
 -2.07437023e+01 -3.96711814e+01
 -2.07437023e+01 -3.96711814e+01
 -2.07437023e+01 -3.96711814e+01
 -2.07437023e+01 -3.96711814e+01
 -2.07437023e+01 -3.96711814e+01
 -2.07437023e+01 -3.96711814e+01
 -2.07437023e+01 -3.96711814e+01
 -2.07437023e+01 -3.96711814e+01
 -2.07437023e+01 -3.96711814e+01
 -2.07437023e+01 -3.96711814e+01
 -2.07437023e+01 -3.96711814e+01
 -2.07437023e+01 -3.96711814e+01
 -2.07437023e+01 -3.96711814e+01
 -2.07437023e+01 -3.96711814e+01
 -2.07437023e+01 -3.96711814e+01
 -2.07437023e+01 -3.96711814e+01
 -2.07437023e+01 -3.96711814e+01
 -2.07437023e+01 -3.96711814e+01
 -2.07437023e+01 -3.96711814e+01
 -2.07437023e+01 -3.96711814e+01
 -2.07437023e+01 -3.96711814e+01
