 0.00000000e+00 0.00000000e+00
 0.00000000e+00 0.00000000e+00
 0.00000000e+00 0.00000000e+00
 0.00000000e+00 0.00000000e+00
 0.00000000e+00 0.00000000e+00
 0.00000000e+00 0.00000000e+00
 0.00000000e+00 0.00000000e+00
 0.00000000e+00 0.00000000e+00
 0.00000000e+00 0.00000000e+00
 0.00000000e+00 0.00000000e+00
 -3.10566699e-02 3.37928123e-02
 -9.96926131e-02 7.29583482e-02
 -2.28395985e-01 1.12882275e-01
 -4.38014232e-01 1.49864824e-01
 -7.42410122e-01 1.81655058e-01
 -1.14707491e+00 2.06157694e-01
 -1.65137691e+00 2.19535443e-01
 -2.25185562e+00 2.15707282e-01
 -2.94478633e+00 1.87981347e-01
 -3.72764180e+00 1.31156727e-01
 -4.59949212e+00 4.20209845e-02
 -5.56056011e+00 -8.17443036e-02
 -6.61153804e+00 -2.42707104e-01
 -7.75306590e+00 -4.44023726e-01
 -8.98488225e+00 -6.89352996e-01
 -1.03039924e+01 -9.82752451e-01
 -1.17023325e+01 -1.32826436e+00
 -1.31653877e+01 -1.72879042e+00
 -1.46727236e+01 -2.18453718e+00
 -1.61999475e+01 -2.69192046e+00
 -1.77207484e+01 -3.24362279e+00
 -1.92081549e+01 -3.82963523e+00
 -2.06353029e+01 -4.43840862e+00
 -2.19765481e+01 -5.05748184e+00
 -2.32092629e+01 -5.67392448e+00
 -2.43157875e+01 -6.27540500e+00
 -2.52846784e+01 -6.85199047e+00
 -2.61108309e+01 -7.39779205e+00
 -2.67945978e+01 -7.91154365e+00
 -2.73403029e+01 -8.39604124e+00
 -2.77548982e+01 -8.85700118e+00
 -2.80475919e+01 -9.30185251e+00
 -2.82300039e+01 -9.73866165e+00
 -2.83149328e+01 -1.01752140e+01
 -2.83131969e+01 -1.06182902e+01
 -2.82313341e+01 -1.10732103e+01
 -2.80728031e+01 -1.15436249e+01
 -2.78410842e+01 -1.20314442e+01
 -2.75411890e+01 -1.25369208e+01
 -2.71791113e+01 -1.30590297e+01
 -2.67613504e+01 -1.35960273e+01
 -2.62955034e+01 -1.41457097e+01
 -2.57909706e+01 -1.47051536e+01
 -2.52587986e+01 -1.52705008e+01
 -2.47107265e+01 -1.58374971e+01
 -2.41581316e+01 -1.64025813e+01
 -2.36114503e+01 -1.69635589e+01
 -2.30799463e+01 -1.75193292e+01
 -2.25712045e+01 -1.80691850e+01
 -2.20902515e+01 -1.86125710e+01
 -2.16391631e+01 -1.91495348e+01
 -2.12179526e+01 -1.96812376e+01
 -2.08263232e+01 -2.02098863e+01
 -2.04649636e+01 -2.07382156e+01
 -2.01356658e+01 -2.12690936e+01
 -1.98410022e+01 -2.18054773e+01
 -1.95845857e+01 -2.23504161e+01
 -1.93713997e+01 -2.29066434e+01
 -1.92066023e+01 -2.34756523e+01
 -1.90928014e+01 -2.40567364e+01
 -1.90284685e+01 -2.46466860e+01
 -1.90099088e+01 -2.52403331e+01
 -1.90352524e+01 -2.58314671e+01
 -1.91060317e+01 -2.64134949e+01
 -1.92244586e+01 -2.69796765e+01
 -1.93895606e+01 -2.75233121e+01
 -1.95962969e+01 -2.80382972e+01
 -1.98380936e+01 -2.85199658e+01
 -2.01101384e+01 -2.89657640e+01
 -2.04110925e+01 -2.93754993e+01
 -2.07428830e+01 -2.97512817e+01
 -2.11097574e+01 -3.00972267e+01
 -2.15180286e+01 -3.04188374e+01
 -2.19768774e+01 -3.07222003e+01
 -2.24990694e+01 -3.10133081e+01
 -2.31000642e+01 -3.12975374e+01
 -2.37953399e+01 -3.15790362e+01
 -2.45973743e+01 -3.18599657e+01
 -2.55138144e+01 -3.21398016e+01
 -2.65471051e+01 -3.24149270e+01
 -2.76947329e+01 -3.26787492e+01
 -2.89493203e+01 -3.29224959e+01
 -3.02987869e+01 -3.31364783e+01
 -3.17273988e+01 -3.33113749e+01
 -3.32178782e+01 -3.34393042e+01
 -3.47535877e+01 -3.35146847e+01
 -3.63195347e+01 -3.35348768e+01
 -3.79019322e+01 -3.35005919e+01
 -3.94872461e+01 -3.34159125e+01
 -4.10617638e+01 -3.32875308e+01
 -4.26116414e+01 -3.31231672e+01
 -4.41226225e+01 -3.29298588e+01
 -4.55793116e+01 -3.27127901e+01
 -4.69649564e+01 -3.24746675e+01
 -4.82623672e+01 -3.22153958e+01
 -4.94552471e+01 -3.19320703e+01
 -5.05288039e+01 -3.16193516e+01
 -5.14695072e+01 -3.12701049e+01
 -5.22650833e+01 -3.08763878e+01
 -5.29066583e+01 -3.04314822e+01
 -5.33946035e+01 -2.99336264e+01
 -5.37462471e+01 -2.93903971e+01
 -5.39985767e+01 -2.88201853e+01
 -5.41995220e+01 -2.82472461e+01
 -5.43910424e+01 -2.76917682e+01
 -5.45963372e+01 -2.71621009e+01
 -5.48197819e+01 -2.66549926e+01
 -5.50559647e+01 -2.61620129e+01
 -5.52984090e+01 -2.56757084e+01
 -5.55431563e+01 -2.51918297e+01
 -5.57885530e+01 -2.47086347e+01
 -5.60340916e+01 -2.42255898e+01
 -5.62796543e+01 -2.37425705e+01
 -5.65252202e+01 -2.32595548e+01
 -5.67707861e+01 -2.27765400e+01
 -5.70163488e+01 -2.22935317e+01
 -5.72618870e+01 -2.18105717e+01
 -5.75072789e+01 -2.13278993e+01
 -5.77519880e+01 -2.08465700e+01
 -5.79941902e+01 -2.03701715e+01
 -5.82291472e+01 -1.99080239e+01
 -5.84475944e+01 -1.94783503e+01
 -5.86363412e+01 -1.91070957e+01
 -5.87828625e+01 -1.88188964e+01
 -5.87828625e+01 -1.88188964e+01
 -5.87828625e+01 -1.88188964e+01
 -5.87828625e+01 -1.88188964e+01
 -5.87828625e+01 -1.88188964e+01
 -5.87828625e+01 -1.88188964e+01
 -5.87828625e+01 -1.88188964e+01
 -5.87828625e+01 -1.88188964e+01
 -5.87828625e+01 -1.88188964e+01
 -5.87828625e+01 -1.88188964e+01
 -5.87828625e+01 -1.88188964e+01
 -5.87828625e+01 -1.88188964e+01
 -5.87828625e+01 -1.88188964e+01
 -5.87828625e+01 -1.88188964e+01
 -5.87828625e+01 -1.88188964e+01
 -5.87828625e+01 -1.88188964e+01
 -5.87828625e+01 -1.88188964e+01
 -5.87828625e+01 -1.88188964e+01
 -5.87828625e+01 -1.88188964e+01
 -5.87828625e+01 -1.88188964e+01
 -5.87828625e+01 -1.88188964e+01
 -5.87828625e+01 -1.88188964e+01
 -5.87828625e+01 -1.88188964e+01
 -5.87828625e+01 -1.88188964e+01
 -5.87828625e+01 -1.88188964e+01
 -5.87828625e+01 -1.88188964e+01
 -5.87828625e+01 -1.88188964e+01
 -5.87828625e+01 -1.88188964e+01
 -5.87828625e+01 -1.88188964e+01
 -5.87828625e+01 -1.88188964e+01
 -5.87828625e+01 -1.88188964e+01
 -5.87828625e+01 -1.88188964e+01
 -5.87828625e+01 -1.88188964e+01
 -5.87828625e+01 -1.88188964e+01
 -5.87828625e+01 -1.88188964e+01
 -5.87828625e+01 -1.88188964e+01
 -5.87828625e+01 -1.88188964e+01
 -5.87828625e+01 -1.88188964e+01
 -5.87828625e+01 -1.88188964e+01
 -5.87828625e+01 -1.88188964e+01
