 0.00000000e+00 0.00000000e+00
 0.00000000e+00 0.00000000e+00
 0.00000000e+00 0.00000000e+00
 0.00000000e+00 0.00000000e+00
 0.00000000e+00 0.00000000e+00
 0.00000000e+00 0.00000000e+00
 0.00000000e+00 0.00000000e+00
 0.00000000e+00 0.00000000e+00
 0.00000000e+00 0.00000000e+00
 0.00000000e+00 0.00000000e+00
 7.78206381e-02 8.29972801e-02
 1.71966021e-01 1.94253140e-01
 2.69791015e-01 3.28798521e-01
 3.56046014e-01 4.79529416e-01
 4.15618827e-01 6.39039807e-01
 4.33736248e-01 8.00051160e-01
 3.93627339e-01 9.55222815e-01
 2.74067080e-01 1.09715137e+00
 4.96493490e-02 1.21858696e+00
 -3.06276283e-01 1.31253079e+00
 -8.18642018e-01 1.37186188e+00
 -1.50911244e+00 1.38814242e+00
 -2.39489447e+00 1.35002466e+00
 -3.48671723e+00 1.24310350e+00
 -4.78632141e+00 1.05259298e+00
 -6.28458556e+00 7.67307177e-01
 -7.96108426e+00 3.82058533e-01
 -9.78524667e+00 -1.02247488e-01
 -1.17187495e+01 -6.79319815e-01
 -1.37184241e+01 -1.33785606e+00
 -1.57389739e+01 -2.06178597e+00
 -1.77352203e+01 -2.83104867e+00
 -1.96640296e+01 -3.62319104e+00
 -2.14860841e+01 -4.41540732e+00
 -2.31673893e+01 -5.18631541e+00
 -2.46803092e+01 -5.91721359e+00
 -2.60041765e+01 -6.59316567e+00
 -2.71258117e+01 -7.20414906e+00
 -2.80401787e+01 -7.74598456e+00
 -2.87509364e+01 -8.22067911e+00
 -2.92703217e+01 -8.63604759e+00
 -2.96178006e+01 -9.00458500e+00
 -2.98171673e+01 -9.34172442e+00
 -2.98926635e+01 -9.66395160e+00
 -2.98658119e+01 -9.98725410e+00
 -2.97542798e+01 -1.03259193e+01
 -2.95720996e+01 -1.06914273e+01
 -2.93297519e+01 -1.10914839e+01
 -2.90340796e+01 -1.15295852e+01
 -2.86891904e+01 -1.20054066e+01
 -2.82985785e+01 -1.25159186e+01
 -2.78671633e+01 -1.30567511e+01
 -2.74018366e+01 -1.36231935e+01
 -2.69104526e+01 -1.42104935e+01
 -2.64004641e+01 -1.48136832e+01
 -2.58783207e+01 -1.54275097e+01
 -2.53496023e+01 -1.60467965e+01
 -2.48191562e+01 -1.66669399e+01
 -2.42909607e+01 -1.72839292e+01
 -2.37681244e+01 -1.78938049e+01
 -2.32534245e+01 -1.84923047e+01
 -2.27503129e+01 -1.90754043e+01
 -2.22639390e+01 -1.96404349e+01
 -2.18015724e+01 -2.01868155e+01
 -2.13719453e+01 -2.07159571e+01
 -2.09836810e+01 -2.12307438e+01
 -2.06438696e+01 -2.17350931e+01
 -2.03578193e+01 -2.22335863e+01
 -2.01295258e+01 -2.27308682e+01
 -1.99614037e+01 -2.32308242e+01
 -1.98532668e+01 -2.37359544e+01
 -1.98024431e+01 -2.42472693e+01
 -1.98058896e+01 -2.47645547e+01
 -1.98622985e+01 -2.52865951e+01
 -1.99719245e+01 -2.58111600e+01
 -2.01348323e+01 -2.63349750e+01
 -2.03500498e+01 -2.68540516e+01
 -2.06164482e+01 -2.73643997e+01
 -2.09340121e+01 -2.78626886e+01
 -2.13042154e+01 -2.83464562e+01
 -2.17295507e+01 -2.88139749e+01
 -2.22130348e+01 -2.92642207e+01
 -2.27582493e+01 -2.96971809e+01
 -2.33697661e+01 -3.01142389e+01
 -2.40534054e+01 -3.05180941e+01
 -2.48159790e+01 -3.09119818e+01
 -2.56645868e+01 -3.12986559e+01
 -2.66057372e+01 -3.16798548e+01
 -2.76445117e+01 -3.20563244e+01
 -2.87837655e+01 -3.24277806e+01
 -3.00231803e+01 -3.27924532e+01
 -3.13582755e+01 -3.31466206e+01
 -3.27799584e+01 -3.34846910e+01
 -3.42749836e+01 -3.37998490e+01
 -3.58269134e+01 -3.40848131e+01
 -3.74170635e+01 -3.43322656e+01
 -3.90256204e+01 -3.45350607e+01
 -4.06333135e+01 -3.46868499e+01
 -4.22232570e+01 -3.47832861e+01
 -4.37820628e+01 -3.48228310e+01
 -4.52998838e+01 -3.48063136e+01
 -4.67698887e+01 -3.47358938e+01
 -4.81877279e+01 -3.46146503e+01
 -4.95509352e+01 -3.44468124e+01
 -5.08578492e+01 -3.42376220e+01
 -5.21060977e+01 -3.39922498e+01
 -5.32914114e+01 -3.37143161e+01
 -5.44073946e+01 -3.34050083e+01
 -5.54459589e+01 -3.30630796e+01
 -5.63977182e+01 -3.26850074e+01
 -5.72522137e+01 -3.22647039e+01
 -5.79982947e+01 -3.17933243e+01
 -5.86247211e+01 -3.12601608e+01
 -5.91208823e+01 -3.06546216e+01
 -5.94779695e+01 -2.99685094e+01
 -5.96913596e+01 -2.91985610e+01
 -5.97648436e+01 -2.83500377e+01
 -5.97161176e+01 -2.74405665e+01
 -5.95796836e+01 -2.65001719e+01
 -5.94010493e+01 -2.55635103e+01
 -5.92217428e+01 -2.46568404e+01
 -5.90652243e+01 -2.37890795e+01
 -5.89347394e+01 -2.29536928e+01
 -5.88222994e+01 -2.21380422e+01
 -5.87188252e+01 -2.13315584e+01
 -5.86187016e+01 -2.05283675e+01
 -5.85195380e+01 -1.97260971e+01
 -5.84205872e+01 -1.89240276e+01
 -5.83216731e+01 -1.81219923e+01
 -5.82227639e+01 -1.73199616e+01
 -5.81238553e+01 -1.65179325e+01
 -5.80249481e+01 -1.57159140e+01
 -5.79260508e+01 -1.49139758e+01
 -5.78272124e+01 -1.41125151e+01
 -5.77286491e+01 -1.33132845e+01
 -5.76310954e+01 -1.25222414e+01
 -5.75364599e+01 -1.17548615e+01
 -5.74484742e+01 -1.10414035e+01
 -5.73724512e+01 -1.04249482e+01
 -5.73134357e+01 -9.94640322e+00
 -5.73134357e+01 -9.94640322e+00
 -5.73134357e+01 -9.94640322e+00
 -5.73134357e+01 -9.94640322e+00
 -5.73134357e+01 -9.94640322e+00
 -5.73134357e+01 -9.94640322e+00
 -5.73134357e+01 -9.94640322e+00
 -5.73134357e+01 -9.94640322e+00
 -5.73134357e+01 -9.94640322e+00
 -5.73134357e+01 -9.94640322e+00
 -5.73134357e+01 -9.94640322e+00
 -5.73134357e+01 -9.94640322e+00
 -5.73134357e+01 -9.94640322e+00
 -5.73134357e+01 -9.94640322e+00
 -5.73134357e+01 -9.94640322e+00
 -5.73134357e+01 -9.94640322e+00
 -5.73134357e+01 -9.94640322e+00
 -5.73134357e+01 -9.94640322e+00
 -5.73134357e+01 -9.94640322e+00
 -5.73134357e+01 -9.94640322e+00
 -5.73134357e+01 -9.94640322e+00
 -5.73134357e+01 -9.94640322e+00
 -5.73134357e+01 -9.94640322e+00
 -5.73134357e+01 -9.94640322e+00
 -5.73134357e+01 -9.94640322e+00
 -5.73134357e+01 -9.94640322e+00
 -5.73134357e+01 -9.94640322e+00
 -5.73134357e+01 -9.94640322e+00
 -5.73134357e+01 -9.94640322e+00
 -5.73134357e+01 -9.94640322e+00
 -5.73134357e+01 -9.94640322e+00
 -5.73134357e+01 -9.94640322e+00
 -5.73134357e+01 -9.94640322e+00
 -5.73134357e+01 -9.94640322e+00
