 0.00000000e+00 0.00000000e+00
 0.00000000e+00 0.00000000e+00
 0.00000000e+00 0.00000000e+00
 0.00000000e+00 0.00000000e+00
 0.00000000e+00 0.00000000e+00
 0.00000000e+00 0.00000000e+00
 0.00000000e+00 0.00000000e+00
 -1.15552447e-01 -2.54348346e-02
 -2.90956413e-01 -5.72650929e-02
 -5.36079833e-01 -9.35627729e-02
 -8.59567037e-01 -1.32648299e-01
 -1.27032975e+00 -1.73796478e-01
 -1.77786584e+00 -2.17411424e-01
 -2.39178119e+00 -2.64665668e-01
 -3.12125475e+00 -3.16807937e-01
 -3.97426141e+00 -3.74818802e-01
 -4.95609108e+00 -4.39958262e-01
 -6.06767154e+00 -5.14541255e-01
 -7.30488450e+00 -6.01774557e-01
 -8.65925566e+00 -7.04903813e-01
 -1.01191034e+01 -8.27015335e-01
 -1.16701981e+01 -9.71782924e-01
 -1.32962077e+01 -1.14411324e+00
 -1.49799031e+01 -1.34985915e+00
 -1.67050785e+01 -1.59469423e+00
 -1.84576786e+01 -1.88274662e+00
 -2.02249417e+01 -2.21564376e+00
 -2.19932793e+01 -2.59232469e+00
 -2.37466371e+01 -3.00942525e+00
 -2.54661955e+01 -3.46169991e+00
 -2.71310476e+01 -3.94219001e+00
 -2.87192612e+01 -4.44239401e+00
 -3.02090985e+01 -4.95284176e+00
 -3.15803948e+01 -5.46402756e+00
 -3.28160838e+01 -5.96724999e+00
 -3.39036470e+01 -6.45509523e+00
 -3.48359583e+01 -6.92181259e+00
 -3.56110521e+01 -7.36396100e+00
 -3.62310568e+01 -7.78119837e+00
 -3.67012743e+01 -8.17660896e+00
 -3.70301048e+01 -8.55626428e+00
 -3.72290879e+01 -8.92841579e+00
 -3.73114943e+01 -9.30287285e+00
 -3.72894694e+01 -9.69064504e+00
 -3.71720331e+01 -1.01035160e+01
 -3.69655927e+01 -1.05532612e+01
 -3.66756113e+01 -1.10505272e+01
 -3.63072423e+01 -1.16036318e+01
 -3.58649395e+01 -1.22176257e+01
 -3.53524836e+01 -1.28938369e+01
 -3.47738736e+01 -1.36297883e+01
 -3.41342210e+01 -1.44191012e+01
 -3.34399220e+01 -1.52511926e+01
 -3.26984408e+01 -1.61112512e+01
 -3.19185860e+01 -1.69813264e+01
 -3.11113706e+01 -1.78426979e+01
 -3.02903318e+01 -1.86786164e+01
 -2.94703806e+01 -1.94763012e+01
 -2.86658796e+01 -2.02278961e+01
 -2.78895110e+01 -2.09307748e+01
 -2.71523974e+01 -2.15874589e+01
 -2.64643807e+01 -2.22049595e+01
 -2.58333872e+01 -2.27933559e+01
 -2.52643519e+01 -2.33638888e+01
 -2.47591780e+01 -2.39271658e+01
 -2.43181980e+01 -2.44918977e+01
 -2.39418778e+01 -2.50641852e+01
 -2.36313251e+01 -2.56471771e+01
 -2.33873926e+01 -2.62410257e+01
 -2.32090297e+01 -2.68432166e+01
 -2.30918991e+01 -2.74493340e+01
 -2.30287843e+01 -2.80540579e+01
 -2.30125914e+01 -2.86519464e+01
 -2.30399199e+01 -2.92376943e+01
 -2.31116070e+01 -2.98060394e+01
 -2.32297080e+01 -3.03518426e+01
 -2.33946892e+01 -3.08707572e+01
 -2.36060727e+01 -3.13602896e+01
 -2.38652600e+01 -3.18204166e+01
 -2.41771515e+01 -3.22531548e+01
 -2.45494639e+01 -3.26615050e+01
 -2.49912659e+01 -3.30487729e+01
 -2.55121228e+01 -3.34186665e+01
 -2.61216912e+01 -3.37755737e+01
 -2.68289995e+01 -3.41241979e+01
 -2.76412241e+01 -3.44684395e+01
 -2.85623724e+01 -3.48101876e+01
 -2.95922696e+01 -3.51487609e+01
 -3.07259573e+01 -3.54811955e+01
 -3.19535869e+01 -3.58030012e+01
 -3.32610610e+01 -3.61088374e+01
 -3.46315258e+01 -3.63929040e+01
 -3.60473186e+01 -3.66493038e+01
 -3.74918054e+01 -3.68727068e+01
 -3.89509357e+01 -3.70593546e+01
 -4.04145509e+01 -3.72081281e+01
 -4.18770787e+01 -3.73210830e+01
 -4.33369843e+01 -3.74027961e+01
 -4.47949558e+01 -3.74587774e+01
 -4.62516689e+01 -3.74943117e+01
 -4.77060873e+01 -3.75144383e+01
 -4.91546096e+01 -3.75240754e+01
 -5.05908362e+01 -3.75272925e+01
 -5.20058598e+01 -3.75261801e+01
 -5.33892367e+01 -3.75202713e+01
 -5.47304232e+01 -3.75068066e+01
 -5.60199623e+01 -3.74816000e+01
 -5.72499809e+01 -3.74401675e+01
 -5.84141944e+01 -3.73787904e+01
 -5.95076837e+01 -3.72950479e+01
 -6.05264030e+01 -3.71872795e+01
 -6.14663645e+01 -3.70530494e+01
 -6.23227667e+01 -3.68876864e+01
 -6.30895008e+01 -3.66839258e+01
 -6.37592008e+01 -3.64325476e+01
 -6.43236543e+01 -3.61233209e+01
 -6.47746274e+01 -3.57460626e+01
 -6.51055568e+01 -3.52920883e+01
 -6.53137156e+01 -3.47560286e+01
 -6.54009061e+01 -3.41373460e+01
 -6.53715447e+01 -3.34408214e+01
 -6.52303572e+01 -3.26760918e+01
 -6.49831134e+01 -3.18570819e+01
 -6.46407038e+01 -3.10017185e+01
 -6.42232656e+01 -3.01309919e+01
 -6.37602701e+01 -2.92659848e+01
 -6.32843633e+01 -2.84229973e+01
 -6.28212209e+01 -2.76092974e+01
 -6.23822588e+01 -2.68226348e+01
 -6.19655897e+01 -2.60550380e+01
 -6.15631779e+01 -2.52979738e+01
 -6.11675741e+01 -2.45454990e+01
 -6.07744599e+01 -2.37946029e+01
 -6.03820504e+01 -2.30441350e+01
 -5.99897959e+01 -2.22937586e+01
 -5.95975680e+01 -2.15433975e+01
 -5.92053437e+01 -2.07930386e+01
 -5.88131203e+01 -2.00426808e+01
 -5.84209021e+01 -1.92923330e+01
 -5.80287231e+01 -1.85420602e+01
 -5.76367777e+01 -1.77922343e+01
 -5.72459229e+01 -1.70444948e+01
 -5.68590721e+01 -1.63044152e+01
 -5.64837935e+01 -1.55864744e+01
 -5.61348848e+01 -1.49189814e+01
 -5.58334143e+01 -1.43422418e+01
 -5.55993872e+01 -1.38945274e+01
 -5.55993872e+01 -1.38945274e+01
 -5.55993872e+01 -1.38945274e+01
 -5.55993872e+01 -1.38945274e+01
 -5.55993872e+01 -1.38945274e+01
 -5.55993872e+01 -1.38945274e+01
 -5.55993872e+01 -1.38945274e+01
 -5.55993872e+01 -1.38945274e+01
 -5.55993872e+01 -1.38945274e+01
 -5.55993872e+01 -1.38945274e+01
 -5.55993872e+01 -1.38945274e+01
 -5.55993872e+01 -1.38945274e+01
 -5.55993872e+01 -1.38945274e+01
 -5.55993872e+01 -1.38945274e+01
 -5.55993872e+01 -1.38945274e+01
 -5.55993872e+01 -1.38945274e+01
 -5.55993872e+01 -1.38945274e+01
 -5.55993872e+01 -1.38945274e+01
 -5.55993872e+01 -1.38945274e+01
 -5.55993872e+01 -1.38945274e+01
 -5.55993872e+01 -1.38945274e+01
 -5.55993872e+01 -1.38945274e+01
 -5.55993872e+01 -1.38945274e+01
 -5.55993872e+01 -1.38945274e+01
 -5.55993872e+01 -1.38945274e+01
 -5.55993872e+01 -1.38945274e+01
 -5.55993872e+01 -1.38945274e+01
