 0.00000000e+00 0.00000000e+00
 0.00000000e+00 0.00000000e+00
 0.00000000e+00 0.00000000e+00
 0.00000000e+00 0.00000000e+00
 -1.02698590e-04 -7.30063500e-04
 -6.10524110e-04 -2.92089867e-03
 -2.62253377e-03 -8.23163986e-03
 -9.06564993e-03 -1.88166300e-02
 -2.59399121e-02 -3.66620940e-02
 -6.26644421e-02 -6.32120254e-02
 -1.30521885e-01 -9.99259351e-02
 -2.39941671e-01 -1.49129161e-01
 -3.98950899e-01 -2.13756704e-01
 -6.13990207e-01 -2.95879779e-01
 -8.91597876e-01 -3.95607667e-01
 -1.23895929e+00 -5.11500116e-01
 -1.66343720e+00 -6.41765501e-01
 -2.17256166e+00 -7.85046928e-01
 -2.77484378e+00 -9.40692043e-01
 -3.48024160e+00 -1.10901909e+00
 -4.29927114e+00 -1.29170945e+00
 -5.24099179e+00 -1.49206460e+00
 -6.31081951e+00 -1.71485158e+00
 -7.50900673e+00 -1.96566626e+00
 -8.83007330e+00 -2.25001564e+00
 -1.02628448e+01 -2.57236215e+00
 -1.17905634e+01 -2.93520279e+00
 -1.33909311e+01 -3.33831597e+00
 -1.50363850e+01 -3.77848199e+00
 -1.66949989e+01 -4.24973672e+00
 -1.83322206e+01 -4.74383708e+00
 -1.99132713e+01 -5.25073235e+00
 -2.14055758e+01 -5.75919695e+00
 -2.27805804e+01 -6.25783855e+00
 -2.40149910e+01 -6.73645275e+00
 -2.50920732e+01 -7.18737425e+00
 -2.60031334e+01 -7.60631261e+00
 -2.67482252e+01 -7.99239618e+00
 -2.73352361e+01 -8.34762324e+00
 -2.77778686e+01 -8.67613771e+00
 -2.80936288e+01 -8.98355863e+00
 -2.83018072e+01 -9.27636281e+00
 -2.84204901e+01 -9.56129575e+00
 -2.84630605e+01 -9.84481368e+00
 -2.84366973e+01 -1.01325697e+01
 -2.83441580e+01 -1.04290698e+01
 -2.81866399e+01 -1.07376752e+01
 -2.79649607e+01 -1.10608922e+01
 -2.76791629e+01 -1.14006259e+01
 -2.73283311e+01 -1.17581045e+01
 -2.69112933e+01 -1.21335000e+01
 -2.64275711e+01 -1.25256632e+01
 -2.58781285e+01 -1.29324842e+01
 -2.52660810e+01 -1.33518514e+01
 -2.45973354e+01 -1.37824931e+01
 -2.38807484e+01 -1.42240107e+01
 -2.31277004e+01 -1.46762380e+01
 -2.23513481e+01 -1.51387346e+01
 -2.15656813e+01 -1.56109394e+01
 -2.07843950e+01 -1.60925944e+01
 -2.00197275e+01 -1.65836695e+01
 -1.92814530e+01 -1.70836487e+01
 -1.85762491e+01 -1.75908921e+01
 -1.79077341e+01 -1.81028052e+01
 -1.72771934e+01 -1.86167102e+01
 -1.66845539e+01 -1.91306535e+01
 -1.61290834e+01 -1.96436354e+01
 -1.56096575e+01 -2.01554201e+01
 -1.51249290e+01 -2.06663019e+01
 -1.46738191e+01 -2.11769453e+01
 -1.42560987e+01 -2.16881097e+01
 -1.38722884e+01 -2.22000334e+01
 -1.35226984e+01 -2.27115688e+01
 -1.32065205e+01 -2.32196244e+01
 -1.29219829e+01 -2.37194428e+01
 -1.26675020e+01 -2.42055597e+01
 -1.24428120e+01 -2.46727584e+01
 -1.22492563e+01 -2.51165821e+01
 -1.20892862e+01 -2.55335560e+01
 -1.19655854e+01 -2.59214749e+01
 -1.18802297e+01 -2.62799272e+01
 -1.18347334e+01 -2.66108947e+01
 -1.18318276e+01 -2.69190360e+01
 -1.18777896e+01 -2.72113113e+01
 -1.19823105e+01 -2.74959826e+01
 -1.21551196e+01 -2.77813562e+01
 -1.24026096e+01 -2.80746138e+01
 -1.27273797e+01 -2.83808295e+01
 -1.31295606e+01 -2.87022382e+01
 -1.36073237e+01 -2.90379610e+01
 -1.41563776e+01 -2.93842811e+01
 -1.47700469e+01 -2.97353072e+01
 -1.54405870e+01 -3.00838901e+01
 -1.61608293e+01 -3.04227152e+01
 -1.69252107e+01 -3.07452882e+01
 -1.77303085e+01 -3.10465055e+01
 -1.85754183e+01 -3.13228588e+01
 -1.94629397e+01 -3.15725063e+01
 -2.03978124e+01 -3.17952316e+01
 -2.13859583e+01 -3.19921671e+01
 -2.24326305e+01 -3.21652668e+01
 -2.35415441e+01 -3.23166435e+01
 -2.47149008e+01 -3.24480024e+01
 -2.59537333e+01 -3.25605660e+01
 -2.72579915e+01 -3.26556929e+01
 -2.86263704e+01 -3.27356700e+01
 -3.00561967e+01 -3.28037017e+01
 -3.15434354e+01 -3.28628532e+01
 -3.30827532e+01 -3.29148523e+01
 -3.46676685e+01 -3.29596564e+01
 -3.62906720e+01 -3.29956730e+01
 -3.79431102e+01 -3.30200105e+01
 -3.96149213e+01 -3.30285253e+01
 -4.12945151e+01 -3.30159196e+01
 -4.29689573e+01 -3.29762805e+01
 -4.46244427e+01 -3.29041606e+01
 -4.62469040e+01 -3.27957124e+01
 -4.78225094e+01 -3.26491654e+01
 -4.93378793e+01 -3.24643625e+01
 -5.07800272e+01 -3.22415657e+01
 -5.21361751e+01 -3.19800253e+01
 -5.33936990e+01 -3.16769202e+01
 -5.45403855e+01 -3.13269926e+01
 -5.55648785e+01 -3.09227871e+01
 -5.64570976e+01 -3.04554603e+01
 -5.72087877e+01 -2.99164788e+01
 -5.78150516e+01 -2.93006274e+01
 -5.82781119e+01 -2.86103890e+01
 -5.86130832e+01 -2.78602761e+01
 -5.88515319e+01 -2.70772455e+01
 -5.90365280e+01 -2.62935328e+01
 -5.92088023e+01 -2.55342653e+01
 -5.93933695e+01 -2.48087265e+01
 -5.95967029e+01 -2.41117805e+01
 -5.98141239e+01 -2.34323927e+01
 -6.00388215e+01 -2.27611824e+01
 -6.02663043e+01 -2.20929115e+01
 -6.04945988e+01 -2.14254622e+01
 -6.07230755e+01 -2.07581919e+01
 -6.09515838e+01 -2.00909521e+01
 -6.11800964e+01 -1.94237165e+01
 -6.14086091e+01 -1.87564822e+01
 -6.16371188e+01 -1.80892567e+01
 -6.18656057e+01 -1.74220980e+01
 -6.20939565e+01 -1.67553366e+01
 -6.23216719e+01 -1.60904306e+01
 -6.25470545e+01 -1.54323358e+01
 -6.27656951e+01 -1.47939274e+01
 -6.29689723e+01 -1.42003782e+01
 -6.31446117e+01 -1.36875289e+01
 -6.32809579e+01 -1.32894117e+01
 -6.32809579e+01 -1.32894117e+01
 -6.32809579e+01 -1.32894117e+01
 -6.32809579e+01 -1.32894117e+01
 -6.32809579e+01 -1.32894117e+01
 -6.32809579e+01 -1.32894117e+01
 -6.32809579e+01 -1.32894117e+01
 -6.32809579e+01 -1.32894117e+01
 -6.32809579e+01 -1.32894117e+01
 -6.32809579e+01 -1.32894117e+01
 -6.32809579e+01 -1.32894117e+01
 -6.32809579e+01 -1.32894117e+01
 -6.32809579e+01 -1.32894117e+01
 -6.32809579e+01 -1.32894117e+01
 -6.32809579e+01 -1.32894117e+01
 -6.32809579e+01 -1.32894117e+01
 -6.32809579e+01 -1.32894117e+01
 -6.32809579e+01 -1.32894117e+01
 -6.32809579e+01 -1.32894117e+01
 -6.32809579e+01 -1.32894117e+01
 -6.32809579e+01 -1.32894117e+01
 -6.32809579e+01 -1.32894117e+01
 -6.32809579e+01 -1.32894117e+01
