 0.00000000e+00 0.00000000e+00
 0.00000000e+00 0.00000000e+00
 0.00000000e+00 0.00000000e+00
 0.00000000e+00 0.00000000e+00
 1.02297136e-01 5.83238202e-02
 2.34356973e-01 1.32212225e-01
 3.86754162e-01 2.14880668e-01
 5.47940396e-01 2.98221872e-01
 7.06753563e-01 3.75444094e-01
 8.53622397e-01 4.42635626e-01
 9.82008924e-01 4.98817037e-01
 1.08975163e+00 5.44934939e-01
 1.17821219e+00 5.82738287e-01
 1.24863738e+00 6.14010787e-01
 1.29794860e+00 6.40249426e-01
 1.31674284e+00 6.63053488e-01
 1.29059181e+00 6.84876961e-01
 1.20365866e+00 7.08935553e-01
 1.04200705e+00 7.37993589e-01
 7.94056734e-01 7.73245992e-01
 4.48513699e-01 8.14005973e-01
 -7.16721922e-03 8.57515120e-01
 -5.85711297e-01 8.98296502e-01
 -1.29721564e+00 9.27586334e-01
 -2.14658658e+00 9.33774550e-01
 -3.13230104e+00 9.04160197e-01
 -4.24641993e+00 8.27316622e-01
 -5.47518926e+00 6.94814341e-01
 -6.79979386e+00 5.01679785e-01
 -8.19745982e+00 2.46088928e-01
 -9.64311291e+00 -7.10347643e-02
 -1.11113344e+01 -4.46477579e-01
 -1.25782566e+01 -8.75381359e-01
 -1.40230810e+01 -1.35185914e+00
 -1.54287283e+01 -1.86933017e+00
 -1.67813411e+01 -2.42061596e+00
 -1.80691069e+01 -2.99786838e+00
 -1.92812428e+01 -3.59231870e+00
 -2.04074884e+01 -4.19409255e+00
 -2.14378816e+01 -4.79255134e+00
 -2.23627951e+01 -5.37728122e+00
 -2.31736645e+01 -5.93936184e+00
 -2.38644735e+01 -6.47249546e+00
 -2.44331191e+01 -6.97380034e+00
 -2.48816399e+01 -7.44421047e+00
 -2.52152980e+01 -7.88840693e+00
 -2.54413071e+01 -8.31407537e+00
 -2.55677124e+01 -8.73029125e+00
 -2.56025274e+01 -9.14531148e+00
 -2.55534723e+01 -9.56465620e+00
 -2.54283892e+01 -9.99027599e+00
 -2.52354455e+01 -1.04207854e+01
 -2.49824462e+01 -1.08521527e+01
 -2.46759973e+01 -1.12785112e+01
 -2.43214671e+01 -1.16933467e+01
 -2.39234646e+01 -1.20912030e+01
 -2.34859222e+01 -1.24692778e+01
 -2.30114763e+01 -1.28279597e+01
 -2.25007034e+01 -1.31700894e+01
 -2.19519610e+01 -1.34997072e+01
 -2.13619597e+01 -1.38211285e+01
 -2.07266583e+01 -1.41383899e+01
 -2.00422807e+01 -1.44545990e+01
 -1.93064959e+01 -1.47712251e+01
 -1.85195209e+01 -1.50879709e+01
 -1.76846863e+01 -1.54034499e+01
 -1.68083579e+01 -1.57159528e+01
 -1.58996186e+01 -1.60235502e+01
 -1.49701440e+01 -1.63237177e+01
 -1.40341401e+01 -1.66132790e+01
 -1.31077922e+01 -1.68889905e+01
 -1.22080616e+01 -1.71482351e+01
 -1.13513340e+01 -1.73892224e+01
 -1.05524573e+01 -1.76108401e+01
 -9.82419047e+00 -1.78128331e+01
 -9.17669170e+00 -1.79966496e+01
 -8.61682702e+00 -1.81665674e+01
 -8.14764990e+00 -1.83303542e+01
 -7.76866249e+00 -1.84989825e+01
 -7.47670088e+00 -1.86855172e+01
 -7.26641573e+00 -1.89036594e+01
 -7.13015319e+00 -1.91662545e+01
 -7.05896042e+00 -1.94837354e+01
 -7.04605681e+00 -1.98625528e+01
 -7.09047423e+00 -2.03040157e+01
 -7.19657033e+00 -2.08040296e+01
 -7.36906758e+00 -2.13537869e+01
 -7.60862548e+00 -2.19410627e+01
 -7.91200303e+00 -2.25517247e+01
 -8.27519111e+00 -2.31712492e+01
 -8.69559663e+00 -2.37861848e+01
 -9.17213041e+00 -2.43854371e+01
 -9.70463911e+00 -2.49610236e+01
 -1.02937821e+01 -2.55080042e+01
 -1.09412186e+01 -2.60237650e+01
 -1.16497296e+01 -2.65072154e+01
 -1.24232091e+01 -2.69584115e+01
 -1.32665311e+01 -2.73787013e+01
 -1.41852034e+01 -2.77708392e+01
 -1.51846934e+01 -2.81383020e+01
 -1.62693630e+01 -2.84838352e+01
 -1.74411420e+01 -2.88082017e+01
 -1.86983458e+01 -2.91098802e+01
 -2.00352071e+01 -2.93855113e+01
 -2.14424855e+01 -2.96305245e+01
 -2.29088365e+01 -2.98396585e+01
 -2.44220308e+01 -3.00072884e+01
 -2.59693267e+01 -3.01274974e+01
 -2.75371467e+01 -3.01940184e+01
 -2.91108318e+01 -3.02005181e+01
 -3.06750698e+01 -3.01416596e+01
 -3.22147953e+01 -3.00145022e+01
 -3.37156664e+01 -2.98189687e+01
 -3.51634652e+01 -2.95569304e+01
 -3.65428580e+01 -2.92311591e+01
 -3.78366469e+01 -2.88453935e+01
 -3.90261636e+01 -2.84050644e+01
 -4.00925763e+01 -2.79174652e+01
 -4.10187611e+01 -2.73911415e+01
 -4.17921827e+01 -2.68352982e+01
 -4.24099516e+01 -2.62598674e+01
 -4.28856244e+01 -2.56759335e+01
 -4.32528049e+01 -2.50953045e+01
 -4.35587285e+01 -2.45282495e+01
 -4.38482021e+01 -2.39803196e+01
 -4.41487957e+01 -2.34509012e+01
 -4.44680032e+01 -2.29350116e+01
 -4.48013514e+01 -2.24267887e+01
 -4.51420076e+01 -2.19219650e+01
 -4.54854545e+01 -2.14183243e+01
 -4.58297119e+01 -2.09150069e+01
 -4.61741507e+01 -2.04117588e+01
 -4.65186209e+01 -1.99085225e+01
 -4.68630954e+01 -1.94052877e+01
 -4.72075698e+01 -1.89020537e+01
 -4.75520397e+01 -1.83988264e+01
 -4.78964751e+01 -1.78956495e+01
 -4.82407054e+01 -1.73927722e+01
 -4.85839779e+01 -1.68912942e+01
 -4.89237338e+01 -1.63949534e+01
 -4.92533263e+01 -1.59134602e+01
 -4.95597592e+01 -1.54658002e+01
 -4.98245289e+01 -1.50790048e+01
 -5.00300658e+01 -1.47787413e+01
 -5.00300658e+01 -1.47787413e+01
 -5.00300658e+01 -1.47787413e+01
 -5.00300658e+01 -1.47787413e+01
 -5.00300658e+01 -1.47787413e+01
 -5.00300658e+01 -1.47787413e+01
 -5.00300658e+01 -1.47787413e+01
 -5.00300658e+01 -1.47787413e+01
 -5.00300658e+01 -1.47787413e+01
 -5.00300658e+01 -1.47787413e+01
 -5.00300658e+01 -1.47787413e+01
 -5.00300658e+01 -1.47787413e+01
 -5.00300658e+01 -1.47787413e+01
 -5.00300658e+01 -1.47787413e+01
 -5.00300658e+01 -1.47787413e+01
 -5.00300658e+01 -1.47787413e+01
 -5.00300658e+01 -1.47787413e+01
 -5.00300658e+01 -1.47787413e+01
 -5.00300658e+01 -1.47787413e+01
 -5.00300658e+01 -1.47787413e+01
 -5.00300658e+01 -1.47787413e+01
 -5.00300658e+01 -1.47787413e+01
 -5.00300658e+01 -1.47787413e+01
 -5.00300658e+01 -1.47787413e+01
 -5.00300658e+01 -1.47787413e+01
 -5.00300658e+01 -1.47787413e+01
 -5.00300658e+01 -1.47787413e+01
 -5.00300658e+01 -1.47787413e+01
 -5.00300658e+01 -1.47787413e+01
 -5.00300658e+01 -1.47787413e+01
