 0.00000000e+00 0.00000000e+00
 0.00000000e+00 0.00000000e+00
 0.00000000e+00 0.00000000e+00
 0.00000000e+00 0.00000000e+00
 5.93440689e-02 1.16550796e-02
 1.22557628e-01 2.49990880e-02
 1.78332998e-01 3.77751770e-02
 2.17715066e-01 4.95319836e-02
 2.35280197e-01 6.29766732e-02
 2.26141467e-01 8.32583888e-02
 1.81741467e-01 1.15933399e-01
 8.87661142e-02 1.65223209e-01
 -6.76305009e-02 2.33312483e-01
 -2.99380699e-01 3.20195720e-01
 -6.13189160e-01 4.23613333e-01
 -1.01041933e+00 5.39353715e-01
 -1.48742039e+00 6.61959556e-01
 -2.03580847e+00 7.85208596e-01
 -2.64355173e+00 9.02165303e-01
 -3.29717806e+00 1.00549535e+00
 -3.98438472e+00 1.08856856e+00
 -4.69624115e+00 1.14669749e+00
 -5.42868617e+00 1.17700970e+00
 -6.18322280e+00 1.17621396e+00
 -6.96656330e+00 1.13780831e+00
 -7.78901439e+00 1.05161129e+00
 -8.66173273e+00 9.06435659e-01
 -9.59340371e+00 6.93385442e-01
 -1.05873572e+01 4.07212141e-01
 -1.16401750e+01 4.61152778e-02
 -1.27418735e+01 -3.88230651e-01
 -1.38765879e+01 -8.90013007e-01
 -1.50228550e+01 -1.44886418e+00
 -1.61539211e+01 -2.05031127e+00
 -1.72393334e+01 -2.67701435e+00
 -1.82483593e+01 -3.31054054e+00
 -1.91541272e+01 -3.93346180e+00
 -1.99364703e+01 -4.53133606e+00
 -2.05824445e+01 -5.09397808e+00
 -2.10855898e+01 -5.61583412e+00
 -2.14457454e+01 -6.09573073e+00
 -2.16693714e+01 -6.53615979e+00
 -2.17682452e+01 -6.94211708e+00
 -2.17556466e+01 -7.31980701e+00
 -2.16426126e+01 -7.67563649e+00
 -2.14373275e+01 -8.01553063e+00
 -2.11472156e+01 -8.34440914e+00
 -2.07808826e+01 -8.66591304e+00
 -2.03483796e+01 -8.98257710e+00
 -1.98603690e+01 -9.29636010e+00
 -1.93272422e+01 -9.60911636e+00
 -1.87587898e+01 -9.92259201e+00
 -1.81644920e+01 -1.02379566e+01
 -1.75538980e+01 -1.05553723e+01
 -1.69363704e+01 -1.08740871e+01
 -1.63200482e+01 -1.11929585e+01
 -1.57107380e+01 -1.15108809e+01
 -1.51116705e+01 -1.18268822e+01
 -1.45242877e+01 -1.21401515e+01
 -1.39493127e+01 -1.24502109e+01
 -1.33873724e+01 -1.27571138e+01
 -1.28391696e+01 -1.30614697e+01
 -1.23055704e+01 -1.33642605e+01
 -1.17877645e+01 -1.36666163e+01
 -1.12875091e+01 -1.39697453e+01
 -1.08074850e+01 -1.42749282e+01
 -1.03515388e+01 -1.45832964e+01
 -9.92428237e+00 -1.48954136e+01
 -9.52992466e+00 -1.52110625e+01
 -9.17104010e+00 -1.55295096e+01
 -8.84817988e+00 -1.58500777e+01
 -8.56053632e+00 -1.61726793e+01
 -8.30697355e+00 -1.64981164e+01
 -8.08650271e+00 -1.68281228e+01
 -7.89807031e+00 -1.71652434e+01
 -7.74047332e+00 -1.75127275e+01
 -7.61302019e+00 -1.78744276e+01
 -7.51671784e+00 -1.82544261e+01
 -7.45556871e+00 -1.86562458e+01
 -7.43737664e+00 -1.90819146e+01
 -7.47291781e+00 -1.95312957e+01
 -7.57327001e+00 -2.00019233e+01
 -7.74710871e+00 -2.04893492e+01
 -7.99965964e+00 -2.09878126e+01
 -8.33299402e+00 -2.14909549e+01
 -8.74666038e+00 -2.19923594e+01
 -9.23842759e+00 -2.24858428e+01
 -9.80516679e+00 -2.29655749e+01
 -1.04435202e+01 -2.34261800e+01
 -1.11501654e+01 -2.38628949e+01
 -1.19221763e+01 -2.42716685e+01
 -1.27580232e+01 -2.46490623e+01
 -1.36587861e+01 -2.49921309e+01
 -1.46284355e+01 -2.52986173e+01
 -1.56726042e+01 -2.55673838e+01
 -1.67964903e+01 -2.57985462e+01
 -1.80030855e+01 -2.59930402e+01
 -1.92923497e+01 -2.61520802e+01
 -2.06610225e+01 -2.62771218e+01
 -2.21024057e+01 -2.63700553e+01
 -2.36057998e+01 -2.64325000e+01
 -2.51558843e+01 -2.64639129e+01
 -2.67327335e+01 -2.64601778e+01
 -2.83129210e+01 -2.64144717e+01
 -2.98713864e+01 -2.63198090e+01
 -3.13831619e+01 -2.61709804e+01
 -3.28242374e+01 -2.59647924e+01
 -3.41714986e+01 -2.56995540e+01
 -3.54023376e+01 -2.53749846e+01
 -3.64949484e+01 -2.49925768e+01
 -3.74302772e+01 -2.45559292e+01
 -3.81961081e+01 -2.40711278e+01
 -3.87930517e+01 -2.35475913e+01
 -3.92405101e+01 -2.29989059e+01
 -3.95777617e+01 -2.24419303e+01
 -3.98552162e+01 -2.18929461e+01
 -4.01180020e+01 -2.13624489e+01
 -4.03926030e+01 -2.08524359e+01
 -4.06855811e+01 -2.03583373e+01
 -4.09922083e+01 -1.98735712e+01
 -4.13057985e+01 -1.93930348e+01
 -4.16220244e+01 -1.89139928e+01
 -4.19390111e+01 -1.84353638e+01
 -4.22561672e+01 -1.79568242e+01
 -4.25733526e+01 -1.74782997e+01
 -4.28905419e+01 -1.69997773e+01
 -4.32077312e+01 -1.65212557e+01
 -4.35249164e+01 -1.60427405e+01
 -4.38420698e+01 -1.55642731e+01
 -4.41590344e+01 -1.50860907e+01
 -4.44751169e+01 -1.46092389e+01
 -4.47879615e+01 -1.41372720e+01
 -4.50914476e+01 -1.36794235e+01
 -4.53736086e+01 -1.32537468e+01
 -4.56174065e+01 -1.28859458e+01
 -4.58066632e+01 -1.26004273e+01
 -4.58066632e+01 -1.26004273e+01
 -4.58066632e+01 -1.26004273e+01
 -4.58066632e+01 -1.26004273e+01
 -4.58066632e+01 -1.26004273e+01
 -4.58066632e+01 -1.26004273e+01
 -4.58066632e+01 -1.26004273e+01
 -4.58066632e+01 -1.26004273e+01
 -4.58066632e+01 -1.26004273e+01
 -4.58066632e+01 -1.26004273e+01
 -4.58066632e+01 -1.26004273e+01
 -4.58066632e+01 -1.26004273e+01
 -4.58066632e+01 -1.26004273e+01
 -4.58066632e+01 -1.26004273e+01
 -4.58066632e+01 -1.26004273e+01
 -4.58066632e+01 -1.26004273e+01
 -4.58066632e+01 -1.26004273e+01
 -4.58066632e+01 -1.26004273e+01
 -4.58066632e+01 -1.26004273e+01
 -4.58066632e+01 -1.26004273e+01
 -4.58066632e+01 -1.26004273e+01
 -4.58066632e+01 -1.26004273e+01
 -4.58066632e+01 -1.26004273e+01
 -4.58066632e+01 -1.26004273e+01
 -4.58066632e+01 -1.26004273e+01
 -4.58066632e+01 -1.26004273e+01
 -4.58066632e+01 -1.26004273e+01
 -4.58066632e+01 -1.26004273e+01
 -4.58066632e+01 -1.26004273e+01
 -4.58066632e+01 -1.26004273e+01
 -4.58066632e+01 -1.26004273e+01
 -4.58066632e+01 -1.26004273e+01
 -4.58066632e+01 -1.26004273e+01
 -4.58066632e+01 -1.26004273e+01
 -4.58066632e+01 -1.26004273e+01
 -4.58066632e+01 -1.26004273e+01
 -4.58066632e+01 -1.26004273e+01
 -4.58066632e+01 -1.26004273e+01
