 0.00000000e+00 0.00000000e+00
 0.00000000e+00 0.00000000e+00
 0.00000000e+00 0.00000000e+00
 0.00000000e+00 0.00000000e+00
 5.30195724e-02 9.51188400e-02
 9.88864400e-02 2.14146002e-01
 1.18776922e-01 3.43878273e-01
 9.80564232e-02 4.69102817e-01
 3.16138141e-02 5.76927023e-01
 -7.51571200e-02 6.58350857e-01
 -2.10251493e-01 7.07125252e-01
 -3.61868287e-01 7.17105353e-01
 -5.23571969e-01 6.80173789e-01
 -6.94723207e-01 5.86312574e-01
 -8.77586654e-01 4.25158351e-01
 -1.07441907e+00 1.87272454e-01
 -1.28622726e+00 -1.35333254e-01
 -1.51296497e+00 -5.48751545e-01
 -1.75437882e+00 -1.05671554e+00
 -2.01096401e+00 -1.66065385e+00
 -2.28461094e+00 -2.36039883e+00
 -2.57851154e+00 -3.15513581e+00
 -2.89648845e+00 -4.04427359e+00
 -3.24265238e+00 -5.02819872e+00
 -3.62173962e+00 -6.10878678e+00
 -4.03906293e+00 -7.28918153e+00
 -4.49888855e+00 -8.57217966e+00
 -5.00165240e+00 -9.95699524e+00
 -5.54166941e+00 -1.14351688e+01
 -6.10638357e+00 -1.29872735e+01
 -6.67682898e+00 -1.45821389e+01
 -7.22864067e+00 -1.61792995e+01
 -7.73371703e+00 -1.77337454e+01
 -8.16315198e+00 -1.92010267e+01
 -8.49135775e+00 -2.05412173e+01
 -8.69962305e+00 -2.17215935e+01
 -8.77655440e+00 -2.27185427e+01
 -8.71500627e+00 -2.35185637e+01
 -8.50859379e+00 -2.41174442e+01
 -8.15098668e+00 -2.45172345e+01
 -7.63743558e+00 -2.47221433e+01
 -6.96573728e+00 -2.47352898e+01
 -6.13581949e+00 -2.45577143e+01
 -5.14970084e+00 -2.41897708e+01
 -4.01315298e+00 -2.36337316e+01
 -2.73799933e+00 -2.28959456e+01
 -1.34287904e+00 -2.19876671e+01
 1.48324439e-01 -2.09247628e+01
 1.70927782e+00 -1.97266614e+01
 3.31379945e+00 -1.84145564e+01
 4.93784843e+00 -1.70090960e+01
 6.56109193e+00 -1.55284099e+01
 8.16790689e+00 -1.39874669e+01
 9.74728270e+00 -1.23992027e+01
 1.12912899e+01 -1.07770464e+01
 1.27922895e+01 -9.13791203e+00
 1.42396878e+01 -7.50456532e+00
 1.56177335e+01 -5.90640029e+00
 1.69057762e+01 -4.37806929e+00
 1.80810534e+01 -2.95616811e+00
 1.91225156e+01 -1.67496468e+00
 2.00138167e+01 -5.62434931e-01
 2.07445802e+01 3.62487009e-01
 2.13105336e+01 1.09096443e+00
 2.17136485e+01 1.62323894e+00
 2.19622060e+01 1.96557927e+00
 2.20692979e+01 2.12651289e+00
 2.20492802e+01 2.11442903e+00
 2.19143099e+01 1.93733237e+00
 2.16734287e+01 1.60343672e+00
 2.13340452e+01 1.12121665e+00
 2.09038536e+01 4.99279448e-01
 2.03919935e+01 -2.52903440e-01
 1.98094096e+01 -1.12360143e+00
 1.91684646e+01 -2.09807557e+00
 1.84818055e+01 -3.15937863e+00
 1.77609648e+01 -4.29033969e+00
 1.70155639e+01 -5.47545960e+00
 1.62537260e+01 -6.70152154e+00
 1.54836692e+01 -7.95663649e+00
 1.47158317e+01 -9.22839897e+00
 1.39644447e+01 -1.05020518e+01
 1.32475976e+01 -1.17592642e+01
 1.25857982e+01 -1.29780542e+01
 1.19999964e+01 -1.41343196e+01
 1.15099361e+01 -1.52046579e+01
 1.11329626e+01 -1.61691729e+01
 1.08830769e+01 -1.70130086e+01
 1.07700857e+01 -1.77264518e+01
 1.07988455e+01 -1.83043938e+01
 1.09691511e+01 -1.87458740e+01
 1.12771651e+01 -1.90535252e+01
 1.17181478e+01 -1.92320546e+01
 1.22886722e+01 -1.92855108e+01
 1.29869056e+01 -1.92147874e+01
 1.38113668e+01 -1.90175223e+01
 1.47591291e+01 -1.86907520e+01
 1.58235952e+01 -1.82342684e+01
 1.69918029e+01 -1.76526359e+01
 1.82422095e+01 -1.69557367e+01
 1.95444271e+01 -1.61587135e+01
 2.08616413e+01 -1.52816257e+01
 2.21554753e+01 -1.43484942e+01
 2.33927518e+01 -1.33854264e+01
 2.45530946e+01 -1.24177787e+01
 2.56344335e+01 -1.14665391e+01
 2.66521063e+01 -1.05446960e+01
 2.76302901e+01 -9.65533637e+00
 2.85908461e+01 -8.79316138e+00
 2.95468942e+01 -7.94895544e+00
 3.05033637e+01 -7.11421825e+00
 3.14609038e+01 -6.28345939e+00
 3.24190310e+01 -5.45403003e+00
 3.33773609e+01 -4.62495299e+00
 3.43357409e+01 -3.79594978e+00
 3.52941302e+01 -2.96695877e+00
 3.62525206e+01 -2.13796943e+00
 3.72109099e+01 -1.30898139e+00
 3.81692865e+01 -4.80004291e-01
 3.91275672e+01 3.48889843e-01
 4.00852773e+01 1.17729039e+00
 4.10403225e+01 2.00338580e+00
 4.19855841e+01 2.82101864e+00
 4.29025691e+01 3.61419278e+00
 4.37551199e+01 4.35163264e+00
 4.44917567e+01 4.98880905e+00
 4.50635968e+01 5.48343961e+00
 4.50635968e+01 5.48343961e+00
 4.50635968e+01 5.48343961e+00
 4.50635968e+01 5.48343961e+00
 4.50635968e+01 5.48343961e+00
 4.50635968e+01 5.48343961e+00
 4.50635968e+01 5.48343961e+00
 4.50635968e+01 5.48343961e+00
 4.50635968e+01 5.48343961e+00
 4.50635968e+01 5.48343961e+00
 4.50635968e+01 5.48343961e+00
 4.50635968e+01 5.48343961e+00
 4.50635968e+01 5.48343961e+00
 4.50635968e+01 5.48343961e+00
 4.50635968e+01 5.48343961e+00
 4.50635968e+01 5.48343961e+00
 4.50635968e+01 5.48343961e+00
 4.50635968e+01 5.48343961e+00
 4.50635968e+01 5.48343961e+00
 4.50635968e+01 5.48343961e+00
 4.50635968e+01 5.48343961e+00
 4.50635968e+01 5.48343961e+00
 4.50635968e+01 5.48343961e+00
 4.50635968e+01 5.48343961e+00
 4.50635968e+01 5.48343961e+00
 4.50635968e+01 5.48343961e+00
 4.50635968e+01 5.48343961e+00
 4.50635968e+01 5.48343961e+00
 4.50635968e+01 5.48343961e+00
 4.50635968e+01 5.48343961e+00
 4.50635968e+01 5.48343961e+00
 4.50635968e+01 5.48343961e+00
 4.50635968e+01 5.48343961e+00
 4.50635968e+01 5.48343961e+00
 4.50635968e+01 5.48343961e+00
 4.50635968e+01 5.48343961e+00
 4.50635968e+01 5.48343961e+00
 4.50635968e+01 5.48343961e+00
 4.50635968e+01 5.48343961e+00
 4.50635968e+01 5.48343961e+00
