 0.00000000e+00 0.00000000e+00
 0.00000000e+00 0.00000000e+00
 0.00000000e+00 0.00000000e+00
 0.00000000e+00 0.00000000e+00
 0.00000000e+00 0.00000000e+00
 0.00000000e+00 0.00000000e+00
 0.00000000e+00 0.00000000e+00
 0.00000000e+00 0.00000000e+00
 0.00000000e+00 0.00000000e+00
 0.00000000e+00 0.00000000e+00
 0.00000000e+00 0.00000000e+00
 0.00000000e+00 0.00000000e+00
 0.00000000e+00 0.00000000e+00
 0.00000000e+00 0.00000000e+00
 0.00000000e+00 0.00000000e+00
 0.00000000e+00 0.00000000e+00
 2.47455269e-01 3.61414436e-01
 5.21086984e-01 8.04606635e-01
 7.71832849e-01 1.27697566e+00
 9.60032532e-01 1.71907032e+00
 1.06704242e+00 2.07727345e+00
 1.09024156e+00 2.30647409e+00
 1.03022044e+00 2.36800333e+00
 8.82463564e-01 2.22860614e+00
 6.37965088e-01 1.86166799e+00
 2.88512606e-01 1.24905661e+00
 -1.69181155e-01 3.82109630e-01
 -7.32387819e-01 -7.38140207e-01
 -1.39296700e+00 -2.10063253e+00
 -2.13833890e+00 -3.68404003e+00
 -2.95294455e+00 -5.45823551e+00
 -3.82087126e+00 -7.38859972e+00
 -4.72935311e+00 -9.44209088e+00
 -5.67145840e+00 -1.15923601e+01
 -6.64634769e+00 -1.38218694e+01
 -7.65738756e+00 -1.61211965e+01
 -8.70988678e+00 -1.84869127e+01
 -9.80937496e+00 -2.09183721e+01
 -1.09595431e+01 -2.34125482e+01
 -1.21590210e+01 -2.59572625e+01
 -1.33982080e+01 -2.85258505e+01
 -1.46583940e+01 -3.10768745e+01
 -1.59135565e+01 -3.35592587e+01
 -1.71328791e+01 -3.59191852e+01
 -1.82824928e+01 -3.81048735e+01
 -1.93273149e+01 -4.00691289e+01
 -2.02345028e+01 -4.17724271e+01
 -2.09779802e+01 -4.31876487e+01
 -2.15416810e+01 -4.43036522e+01
 -2.19199825e+01 -4.51239300e+01
 -2.21158911e+01 -4.56603366e+01
 -2.21383880e+01 -4.59261683e+01
 -2.19997102e+01 -4.59327705e+01
 -2.17126994e+01 -4.56898300e+01
 -2.12884197e+01 -4.52065237e+01
 -2.07346332e+01 -4.44918470e+01
 -2.00557711e+01 -4.35554588e+01
 -1.92544627e+01 -4.24108359e+01
 -1.83339067e+01 -4.10796131e+01
 -1.73001140e+01 -3.95935867e+01
 -1.61633653e+01 -3.79924015e+01
 -1.49385054e+01 -3.63186664e+01
 -1.36439458e+01 -3.46137991e+01
 -1.22998299e+01 -3.29160701e+01
 -1.09261985e+01 -3.12597197e+01
 -9.54162704e+00 -2.96734488e+01
 -8.16231279e+00 -2.81783178e+01
 -6.80157639e+00 -2.67868981e+01
 -5.46997979e+00 -2.55050564e+01
 -4.17640050e+00 -2.43355431e+01
 -2.93016726e+00 -2.32812521e+01
 -1.74347062e+00 -2.23467471e+01
 -6.32471143e-01 -2.15381759e+01
 3.83913080e-01 -2.08625991e+01
 1.28695256e+00 -2.03275986e+01
 2.06115862e+00 -1.99411768e+01
 2.69617051e+00 -1.97112436e+01
 3.18740475e+00 -1.96442025e+01
 3.53618629e+00 -1.97431318e+01
 3.74950107e+00 -2.00067238e+01
 3.83841962e+00 -2.04295879e+01
 3.81485174e+00 -2.10032416e+01
 3.68835285e+00 -2.17166027e+01
 3.46501141e+00 -2.25557557e+01
 3.14825416e+00 -2.35039915e+01
 2.73988749e+00 -2.45429951e+01
 2.24049282e+00 -2.56548324e+01
 1.64949313e+00 -2.68237016e+01
 9.65299654e-01 -2.80368731e+01
 1.85656536e-01 -2.92848751e+01
 -6.91651242e-01 -3.05610050e+01
 -1.66762743e+00 -3.18600144e+01
 -2.74078925e+00 -3.31761187e+01
 -3.90630020e+00 -3.45012371e+01
 -5.15547461e+00 -3.58244991e+01
 -6.47521461e+00 -3.71330589e+01
 -7.84747453e+00 -3.84132134e+01
 -9.24952173e+00 -3.96509181e+01
 -1.06552922e+01 -4.08317568e+01
 -1.20369756e+01 -4.19410775e+01
 -1.33658235e+01 -4.29646914e+01
 -1.46124540e+01 -4.38897242e+01
 -1.57480254e+01 -4.47050451e+01
 -1.67470699e+01 -4.54014162e+01
 -1.75912284e+01 -4.59720596e+01
 -1.82727125e+01 -4.64143060e+01
 -1.87973629e+01 -4.67328420e+01
 -1.91871392e+01 -4.69439390e+01
 -1.94793901e+01 -4.70771204e+01
 -1.97191644e+01 -4.71696850e+01
 -1.99458401e+01 -4.72548709e+01
 -2.01823753e+01 -4.73517809e+01
 -2.04345326e+01 -4.74644114e+01
 -2.06983416e+01 -4.75883482e+01
 -2.09681078e+01 -4.77179777e+01
 -2.12401324e+01 -4.78497472e+01
 -2.15128094e+01 -4.79821318e+01
 -2.17856320e+01 -4.81146532e+01
 -2.20584797e+01 -4.82471981e+01
 -2.23313307e+01 -4.83797461e+01
 -2.26041817e+01 -4.85122943e+01
 -2.28770291e+01 -4.86448408e+01
 -2.31498493e+01 -4.87773740e+01
 -2.34225069e+01 -4.89098283e+01
 -2.36944059e+01 -4.90419140e+01
 -2.39635195e+01 -4.91726466e+01
 -2.42245829e+01 -4.92994685e+01
 -2.44673020e+01 -4.94173789e+01
 -2.46770206e+01 -4.95192581e+01
 -2.48398221e+01 -4.95983453e+01
 -2.48398221e+01 -4.95983453e+01
 -2.48398221e+01 -4.95983453e+01
 -2.48398221e+01 -4.95983453e+01
 -2.48398221e+01 -4.95983453e+01
 -2.48398221e+01 -4.95983453e+01
 -2.48398221e+01 -4.95983453e+01
 -2.48398221e+01 -4.95983453e+01
 -2.48398221e+01 -4.95983453e+01
 -2.48398221e+01 -4.95983453e+01
 -2.48398221e+01 -4.95983453e+01
 -2.48398221e+01 -4.95983453e+01
 -2.48398221e+01 -4.95983453e+01
 -2.48398221e+01 -4.95983453e+01
 -2.48398221e+01 -4.95983453e+01
 -2.48398221e+01 -4.95983453e+01
 -2.48398221e+01 -4.95983453e+01
 -2.48398221e+01 -4.95983453e+01
 -2.48398221e+01 -4.95983453e+01
 -2.48398221e+01 -4.95983453e+01
 -2.48398221e+01 -4.95983453e+01
 -2.48398221e+01 -4.95983453e+01
 -2.48398221e+01 -4.95983453e+01
 -2.48398221e+01 -4.95983453e+01
 -2.48398221e+01 -4.95983453e+01
 -2.48398221e+01 -4.95983453e+01
 -2.48398221e+01 -4.95983453e+01
 -2.48398221e+01 -4.95983453e+01
 -2.48398221e+01 -4.95983453e+01
 -2.48398221e+01 -4.95983453e+01
 -2.48398221e+01 -4.95983453e+01
 -2.48398221e+01 -4.95983453e+01
 -2.48398221e+01 -4.95983453e+01
 -2.48398221e+01 -4.95983453e+01
 -2.48398221e+01 -4.95983453e+01
 -2.48398221e+01 -4.95983453e+01
 -2.48398221e+01 -4.95983453e+01
 -2.48398221e+01 -4.95983453e+01
 -2.48398221e+01 -4.95983453e+01
 -2.48398221e+01 -4.95983453e+01
 -2.48398221e+01 -4.95983453e+01
 -2.48398221e+01 -4.95983453e+01
 -2.48398221e+01 -4.95983453e+01
 -2.48398221e+01 -4.95983453e+01
 -2.48398221e+01 -4.95983453e+01
