 0.00000000e+00 0.00000000e+00
 0.00000000e+00 0.00000000e+00
 0.00000000e+00 0.00000000e+00
 0.00000000e+00 0.00000000e+00
 -2.13782084e-02 2.17070043e-02
 -6.53772552e-02 4.25434714e-02
 -1.40330955e-01 5.58314809e-02
 -2.48141673e-01 5.27550741e-02
 -3.82789645e-01 2.23908703e-02
 -5.34346586e-01 -4.74507363e-02
 -6.94900723e-01 -1.69506993e-01
 -8.61507760e-01 -3.57377718e-01
 -1.03531430e+00 -6.25985489e-01
 -1.21949081e+00 -9.90881104e-01
 -1.41809424e+00 -1.46657709e+00
 -1.63574356e+00 -2.06506610e+00
 -1.87707948e+00 -2.79506392e+00
 -2.14569657e+00 -3.66153892e+00
 -2.44316920e+00 -4.66500263e+00
 -2.76883388e+00 -5.80065187e+00
 -3.12023224e+00 -7.05786426e+00
 -3.49348850e+00 -8.42033541e+00
 -3.88309103e+00 -9.86660726e+00
 -4.28127537e+00 -1.13705154e+01
 -4.67762397e+00 -1.29015508e+01
 -5.05931395e+00 -1.44257848e+01
 -5.41204961e+00 -1.59079583e+01
 -5.72137971e+00 -1.73145127e+01
 -5.97393160e+00 -1.86165874e+01
 -6.15819741e+00 -1.97920237e+01
 -6.26464068e+00 -2.08260871e+01
 -6.28505456e+00 -2.17111670e+01
 -6.21165649e+00 -2.24456951e+01
 -6.03664495e+00 -2.30324140e+01
 -5.75205710e+00 -2.34763234e+01
 -5.34920300e+00 -2.37827455e+01
 -4.81801199e+00 -2.39556785e+01
 -4.14749441e+00 -2.39965067e+01
 -3.32766300e+00 -2.39036115e+01
 -2.35218371e+00 -2.36734269e+01
 -1.22096391e+00 -2.33023134e+01
 5.79345182e-02 -2.27879960e+01
 1.46761926e+00 -2.21303290e+01
 2.98312988e+00 -2.13320214e+01
 4.57332790e+00 -2.03994874e+01
 6.20329845e+00 -1.93434919e+01
 7.83659017e+00 -1.81794521e+01
 9.43694387e+00 -1.69274639e+01
 1.09697394e+01 -1.56120354e+01
 1.24036019e+01 -1.42613932e+01
 1.37122077e+01 -1.29062451e+01
 1.48758217e+01 -1.15780926e+01
 1.58820658e+01 -1.03073960e+01
 1.67258753e+01 -9.12184990e+00
 1.74090614e+01 -8.04478258e+00
 1.79399252e+01 -7.09359546e+00
 1.83329894e+01 -6.27840840e+00
 1.86084385e+01 -5.60143183e+00
 1.87905057e+01 -5.05756138e+00
 1.89042815e+01 -4.63608168e+00
 1.89718208e+01 -4.32270397e+00
 1.90097276e+01 -4.10115595e+00
 1.90293515e+01 -3.95416200e+00
 1.90383029e+01 -3.86424014e+00
 1.90414758e+01 -3.81488060e+00
 1.90411756e+01 -3.79244093e+00
 1.90368190e+01 -3.78863406e+00
 1.90245512e+01 -3.80288061e+00
 1.89972124e+01 -3.84335552e+00
 1.89451464e+01 -3.92581764e+00
 1.88576019e+01 -4.07049560e+00
 1.87238530e+01 -4.29855695e+00
 1.85338211e+01 -4.62958771e+00
 1.82788209e+01 -5.08016046e+00
 1.79526329e+01 -5.66265340e+00
 1.75524656e+01 -6.38378240e+00
 1.70796522e+01 -7.24306855e+00
 1.65401920e+01 -8.23192507e+00
 1.59448637e+01 -9.33400356e+00
 1.53085786e+01 -1.05269328e+01
 1.46492612e+01 -1.17848457e+01
 1.39868410e+01 -1.30805895e+01
 1.33425359e+01 -1.43868254e+01
 1.27381992e+01 -1.56763256e+01
 1.21954144e+01 -1.69225319e+01
 1.17341181e+01 -1.81009260e+01
 1.13709422e+01 -1.91907183e+01
 1.11179449e+01 -2.01760188e+01
 1.09823161e+01 -2.10461471e+01
 1.09670865e+01 -2.17952567e+01
 1.10725098e+01 -2.24214848e+01
 1.12978095e+01 -2.29256626e+01
 1.16430929e+01 -2.33096639e+01
 1.21109921e+01 -2.35746407e+01
 1.27071822e+01 -2.37194050e+01
 1.34392738e+01 -2.37394505e+01
 1.43146655e+01 -2.36276671e+01
 1.53383557e+01 -2.33772875e+01
 1.65110311e+01 -2.29856117e+01
 1.78272686e+01 -2.24561876e+01
 1.92739848e+01 -2.17988567e+01
 2.08295605e+01 -2.10289441e+01
 2.24639349e+01 -2.01667264e+01
 2.41399821e+01 -1.92371362e+01
 2.58167864e+01 -1.82687898e+01
 2.74554011e+01 -1.72912379e+01
 2.90266387e+01 -1.63301696e+01
 3.05182030e+01 -1.54021435e+01
 3.19366511e+01 -1.45118338e+01
 3.33016146e+01 -1.36538222e+01
 3.46354521e+01 -1.28178344e+01
 3.59550652e+01 -1.19940275e+01
 3.72696871e+01 -1.11757145e+01
 3.85830182e+01 -1.03594216e+01
 3.98961264e+01 -9.54373240e+00
 4.12092185e+01 -8.72818920e+00
 4.25223143e+01 -7.91267441e+00
 4.38354115e+01 -7.09716406e+00
 4.51485089e+01 -6.28165434e+00
 4.64616045e+01 -5.46614578e+00
 4.77746828e+01 -4.65064799e+00
 4.90876298e+01 -3.83523181e+00
 5.03997948e+01 -3.02030119e+00
 5.17083086e+01 -2.20763822e+00
 5.30034179e+01 -1.40330023e+00
 5.42597853e+01 -6.23023228e-01
 5.54278710e+01 1.02425744e-01
 5.64371420e+01 7.29241560e-01
 5.72206240e+01 1.21582934e+00
 5.72206240e+01 1.21582934e+00
 5.72206240e+01 1.21582934e+00
 5.72206240e+01 1.21582934e+00
 5.72206240e+01 1.21582934e+00
 5.72206240e+01 1.21582934e+00
 5.72206240e+01 1.21582934e+00
 5.72206240e+01 1.21582934e+00
 5.72206240e+01 1.21582934e+00
 5.72206240e+01 1.21582934e+00
 5.72206240e+01 1.21582934e+00
 5.72206240e+01 1.21582934e+00
 5.72206240e+01 1.21582934e+00
 5.72206240e+01 1.21582934e+00
 5.72206240e+01 1.21582934e+00
 5.72206240e+01 1.21582934e+00
 5.72206240e+01 1.21582934e+00
 5.72206240e+01 1.21582934e+00
 5.72206240e+01 1.21582934e+00
 5.72206240e+01 1.21582934e+00
 5.72206240e+01 1.21582934e+00
 5.72206240e+01 1.21582934e+00
 5.72206240e+01 1.21582934e+00
 5.72206240e+01 1.21582934e+00
 5.72206240e+01 1.21582934e+00
 5.72206240e+01 1.21582934e+00
 5.72206240e+01 1.21582934e+00
 5.72206240e+01 1.21582934e+00
 5.72206240e+01 1.21582934e+00
 5.72206240e+01 1.21582934e+00
 5.72206240e+01 1.21582934e+00
 5.72206240e+01 1.21582934e+00
 5.72206240e+01 1.21582934e+00
 5.72206240e+01 1.21582934e+00
 5.72206240e+01 1.21582934e+00
 5.72206240e+01 1.21582934e+00
 5.72206240e+01 1.21582934e+00
 5.72206240e+01 1.21582934e+00
