 0.00000000e+00 0.00000000e+00
 0.00000000e+00 0.00000000e+00
 0.00000000e+00 0.00000000e+00
 0.00000000e+00 0.00000000e+00
 0.00000000e+00 0.00000000e+00
 0.00000000e+00 0.00000000e+00
 0.00000000e+00 0.00000000e+00
 -4.08657430e-02 1.86968021e-02
 -1.00967745e-01 3.53577170e-02
 -1.81344964e-01 4.19486032e-02
 -2.84003729e-01 2.93419450e-02
 -4.13371076e-01 -1.16388794e-02
 -5.75834044e-01 -9.03227408e-02
 -7.78809651e-01 -2.16842545e-01
 -1.03027157e+00 -4.02454040e-01
 -1.33799701e+00 -6.59310637e-01
 -1.70794580e+00 -9.99844268e-01
 -2.14255797e+00 -1.43579671e+00
 -2.64021918e+00 -1.97692058e+00
 -3.19603842e+00 -2.62956042e+00
 -3.80278616e+00 -3.39570024e+00
 -4.45101170e+00 -4.27315895e+00
 -5.12871269e+00 -5.25687586e+00
 -5.82163436e+00 -6.34023279e+00
 -6.51444156e+00 -7.51533794e+00
 -7.19176379e+00 -8.77230757e+00
 -7.83807053e+00 -1.00985206e+01
 -8.43664806e+00 -1.14784795e+01
 -8.96911135e+00 -1.28939355e+01
 -9.41642188e+00 -1.43237355e+01
 -9.76082562e+00 -1.57435406e+01
 -9.98745749e+00 -1.71261410e+01
 -1.00852575e+01 -1.84429415e+01
 -1.00478556e+01 -1.96664441e+01
 -9.87472467e+00 -2.07727675e+01
 -9.57164980e+00 -2.17431282e+01
 -9.14936571e+00 -2.25639329e+01
 -8.62065018e+00 -2.32258535e+01
 -7.99734914e+00 -2.37223684e+01
 -7.28849342e+00 -2.40481791e+01
 -6.49979638e+00 -2.41981160e+01
 -5.63428286e+00 -2.41671920e+01
 -4.69354944e+00 -2.39517678e+01
 -3.67929684e+00 -2.35509403e+01
 -2.59506154e+00 -2.29673944e+01
 -1.44781544e+00 -2.22078718e+01
 -2.48688115e-01 -2.12838025e+01
 9.87488617e-01 -2.02120861e+01
 2.24321972e+00 -1.90154019e+01
 3.49935427e+00 -1.77214604e+01
 4.73617071e+00 -1.63612018e+01
 5.93471581e+00 -1.49666316e+01
 7.07788664e+00 -1.35691670e+01
 8.15073516e+00 -1.21988477e+01
 9.14037816e+00 -1.08840201e+01
 1.00362648e+01 -9.65086061e+00
 1.08308482e+01 -8.52242402e+00
 1.15200366e+01 -7.51731599e+00
 1.21030277e+01 -6.64830897e+00
 1.25818727e+01 -5.92128166e+00
 1.29614154e+01 -5.33482738e+00
 1.32497655e+01 -4.88072917e+00
 1.34587058e+01 -4.54533039e+00
 1.36029616e+01 -4.31174755e+00
 1.36975500e+01 -4.16275759e+00
 1.37540134e+01 -4.08388100e+00
 1.37779777e+01 -4.06579279e+00
 1.37696916e+01 -4.10523541e+00
 1.37265633e+01 -4.20445902e+00
 1.36453017e+01 -4.37010045e+00
 1.35222712e+01 -4.61208328e+00
 1.33526853e+01 -4.94210546e+00
 1.31303797e+01 -5.37129268e+00
 1.28490900e+01 -5.90757542e+00
 1.25045390e+01 -6.55378035e+00
 1.20961594e+01 -7.30696685e+00
 1.16279385e+01 -8.15892702e+00
 1.11083892e+01 -9.09736370e+00
 1.05497962e+01 -1.01071274e+01
 9.96708395e+00 -1.11711421e+01
 9.37679079e+00 -1.22710460e+01
 8.79635907e+00 -1.33876813e+01
 8.24349621e+00 -1.45014823e+01
 7.73521650e+00 -1.55928885e+01
 7.28655680e+00 -1.66430092e+01
 6.90951235e+00 -1.76346147e+01
 6.61274217e+00 -1.85532524e+01
 6.40200799e+00 -1.93881171e+01
 6.28099840e+00 -2.01323560e+01
 6.25236922e+00 -2.07827021e+01
 6.31880767e+00 -2.13385550e+01
 6.48384360e+00 -2.18007278e+01
 6.75250613e+00 -2.21701207e+01
 7.13196908e+00 -2.24465451e+01
 7.63161683e+00 -2.26278426e+01
 8.26175917e+00 -2.27095877e+01
 9.03097610e+00 -2.26858182e+01
 9.94275475e+00 -2.25507637e+01
 1.09923312e+01 -2.23008121e+01
 1.21646747e+01 -2.19360062e+01
 1.34341604e+01 -2.14610020e+01
 1.47658150e+01 -2.08855977e+01
 1.61176993e+01 -2.02246093e+01
 1.74442521e+01 -1.94968527e+01
 1.87009245e+01 -1.87234340e+01
 1.98505028e+01 -1.79257706e+01
 2.08706884e+01 -1.71235783e+01
 2.17607477e+01 -1.63329325e+01
 2.25430799e+01 -1.55646675e+01
 2.32558919e+01 -1.48234660e+01
 2.39385528e+01 -1.41080286e+01
 2.46181779e+01 -1.34126937e+01
 2.53057161e+01 -1.27302223e+01
 2.60012264e+01 -1.20544418e+01
 2.67012896e+01 -1.13814637e+01
 2.74031829e+01 -1.07094234e+01
 2.81056247e+01 -1.00376326e+01
 2.88081918e+01 -9.36589421e+00
 2.95107809e+01 -8.69416453e+00
 3.02133730e+01 -8.02243606e+00
 3.09159644e+01 -7.35070862e+00
 3.16185465e+01 -6.67899005e+00
 3.23210584e+01 -6.00733871e+00
 3.30231519e+01 -5.33608732e+00
 3.37232917e+01 -4.66670377e+00
 3.44162593e+01 -4.00417743e+00
 3.50884974e+01 -3.36146993e+00
 3.57134992e+01 -2.76392381e+00
 3.62535247e+01 -2.24762098e+00
 3.66727384e+01 -1.84682277e+00
 3.66727384e+01 -1.84682277e+00
 3.66727384e+01 -1.84682277e+00
 3.66727384e+01 -1.84682277e+00
 3.66727384e+01 -1.84682277e+00
 3.66727384e+01 -1.84682277e+00
 3.66727384e+01 -1.84682277e+00
 3.66727384e+01 -1.84682277e+00
 3.66727384e+01 -1.84682277e+00
 3.66727384e+01 -1.84682277e+00
 3.66727384e+01 -1.84682277e+00
 3.66727384e+01 -1.84682277e+00
 3.66727384e+01 -1.84682277e+00
 3.66727384e+01 -1.84682277e+00
 3.66727384e+01 -1.84682277e+00
 3.66727384e+01 -1.84682277e+00
 3.66727384e+01 -1.84682277e+00
 3.66727384e+01 -1.84682277e+00
 3.66727384e+01 -1.84682277e+00
 3.66727384e+01 -1.84682277e+00
 3.66727384e+01 -1.84682277e+00
 3.66727384e+01 -1.84682277e+00
 3.66727384e+01 -1.84682277e+00
 3.66727384e+01 -1.84682277e+00
 3.66727384e+01 -1.84682277e+00
 3.66727384e+01 -1.84682277e+00
 3.66727384e+01 -1.84682277e+00
 3.66727384e+01 -1.84682277e+00
 3.66727384e+01 -1.84682277e+00
 3.66727384e+01 -1.84682277e+00
 3.66727384e+01 -1.84682277e+00
 3.66727384e+01 -1.84682277e+00
 3.66727384e+01 -1.84682277e+00
 3.66727384e+01 -1.84682277e+00
 3.66727384e+01 -1.84682277e+00
 3.66727384e+01 -1.84682277e+00
 3.66727384e+01 -1.84682277e+00
