 0.00000000e+00 0.00000000e+00
 0.00000000e+00 0.00000000e+00
 0.00000000e+00 0.00000000e+00
 0.00000000e+00 0.00000000e+00
 9.34921683e-03 7.19606995e-02
 1.25854387e-02 1.61265977e-01
 2.19622081e-03 2.58185825e-01
 -2.67507035e-02 3.52350544e-01
 -7.56321803e-02 4.35874668e-01
 -1.44622101e-01 5.03657495e-01
 -2.35301287e-01 5.51163131e-01
 -3.51134534e-01 5.71297373e-01
 -4.96652100e-01 5.52588704e-01
 -6.77065356e-01 4.80170644e-01
 -8.98293461e-01 3.38794751e-01
 -1.16637740e+00 1.15455578e-01
 -1.48622410e+00 -1.99829973e-01
 -1.86062890e+00 -6.14399558e-01
 -2.29029038e+00 -1.13313988e+00
 -2.77469249e+00 -1.75812874e+00
 -3.31303315e+00 -2.48824627e+00
 -3.90423703e+00 -3.31940142e+00
 -4.54593421e+00 -4.24561566e+00
 -5.23343171e+00 -5.26050473e+00
 -5.95954469e+00 -6.35827211e+00
 -6.71480563e+00 -7.53362961e+00
 -7.48703107e+00 -8.78069110e+00
 -8.26027626e+00 -1.00913084e+01
 -9.01435159e+00 -1.14534861e+01
 -9.72576977e+00 -1.28504039e+01
 -1.03696291e+01 -1.42601964e+01
 -1.09212869e+01 -1.56564435e+01
 -1.13574894e+01 -1.70095496e+01
 -1.16575856e+01 -1.82891898e+01
 -1.18052946e+01 -1.94672928e+01
 -1.17906410e+01 -2.05204896e+01
 -1.16111651e+01 -2.14314175e+01
 -1.12719197e+01 -2.21890777e+01
 -1.07846418e+01 -2.27886158e+01
 -1.01665889e+01 -2.32304888e+01
 -9.43877225e+00 -2.35187938e+01
 -8.62330211e+00 -2.36590876e+01
 -7.74051759e+00 -2.36567287e+01
 -6.80689046e+00 -2.35163896e+01
 -5.83401133e+00 -2.32422565e+01
 -4.82838023e+00 -2.28381746e+01
 -3.79165120e+00 -2.23077162e+01
 -2.72122080e+00 -2.16544889e+01
 -1.61142052e+00 -2.08826738e+01
 -4.55591981e-01 -1.99976713e+01
 7.51260403e-01 -1.90069491e+01
 2.01008406e+00 -1.79210408e+01
 3.31638218e+00 -1.67541231e+01
 4.66004377e+00 -1.55236495e+01
 6.02630201e+00 -1.42493187e+01
 7.39746471e+00 -1.29521156e+01
 8.75477746e+00 -1.16536848e+01
 1.00798545e+01 -1.03756899e+01
 1.13555509e+01 -9.13885897e+00
 1.25663610e+01 -7.96195192e+00
 1.36984150e+01 -6.86116234e+00
 1.47393667e+01 -5.85007269e+00
 1.56786401e+01 -4.93966816e+00
 1.65081191e+01 -4.13797228e+00
 1.72228144e+01 -3.44953678e+00
 1.78210618e+01 -2.87524078e+00
 1.83044263e+01 -2.41235039e+00
 1.86780445e+01 -2.05453607e+00
 1.89517095e+01 -1.79192587e+00
 1.91405220e+01 -1.61144783e+00
 1.92632599e+01 -1.49746985e+00
 1.93385586e+01 -1.43290078e+00
 1.93814445e+01 -1.40125400e+00
 1.94019599e+01 -1.38960878e+00
 1.94047011e+01 -1.39143899e+00
 1.93877777e+01 -1.40825860e+00
 1.93422332e+01 -1.44964178e+00
 1.92539645e+01 -1.53158704e+00
 1.91077479e+01 -1.67380325e+00
 1.88904401e+01 -1.89715645e+00
 1.85914902e+01 -2.22200220e+00
 1.82022235e+01 -2.66684634e+00
 1.77164171e+01 -3.24660770e+00
 1.71325268e+01 -3.97077370e+00
 1.64557612e+01 -4.84224926e+00
 1.56982610e+01 -5.85714158e+00
 1.48771823e+01 -7.00513724e+00
 1.40119018e+01 -8.27027017e+00
 1.31218959e+01 -9.63230438e+00
 1.22259151e+01 -1.10688610e+01
 1.13417405e+01 -1.25577147e+01
 1.04855342e+01 -1.40781440e+01
 9.67085541e+00 -1.56106420e+01
 8.90834038e+00 -1.71355260e+01
 8.20654538e+00 -1.86318551e+01
 7.57325719e+00 -2.00776390e+01
 7.01629117e+00 -2.14510806e+01
 6.54351502e+00 -2.27319129e+01
 6.16232732e+00 -2.39022826e+01
 5.87876010e+00 -2.49473060e+01
 5.69688127e+00 -2.58555709e+01
 5.62005856e+00 -2.66194945e+01
 5.65433358e+00 -2.72352219e+01
 5.81080573e+00 -2.77020023e+01
 6.10386873e+00 -2.80212638e+01
 6.54691388e+00 -2.81954354e+01
 7.14975116e+00 -2.82264282e+01
 7.91860919e+00 -2.81143474e+01
 8.85584188e+00 -2.78576331e+01
 9.95732174e+00 -2.74551011e+01
 1.12085768e+01 -2.69089548e+01
 1.25821826e+01 -2.62274012e+01
 1.40381295e+01 -2.54259998e+01
 1.55272787e+01 -2.45273058e+01
 1.69970552e+01 -2.35587261e+01
 1.83987215e+01 -2.25491846e+01
 1.96960431e+01 -2.15258054e+01
 2.08740393e+01 -2.05114470e+01
 2.19434658e+01 -1.95227655e+01
 2.29356791e+01 -1.85683469e+01
 2.38881913e+01 -1.76479289e+01
 2.48296716e+01 -1.67543406e+01
 2.57738878e+01 -1.58777991e+01
 2.67233964e+01 -1.50099771e+01
 2.76763427e+01 -1.41457337e+01
 2.86307474e+01 -1.32826640e+01
 2.95856015e+01 -1.24199007e+01
 3.05405602e+01 -1.15572008e+01
 3.14955374e+01 -1.06945113e+01
 3.24505170e+01 -9.83182328e+00
 3.34054957e+01 -8.96913654e+00
 3.43604617e+01 -8.10646118e+00
 3.53153322e+01 -7.24387216e+00
 3.62696341e+01 -6.38179680e+00
 3.72212805e+01 -5.52212027e+00
 3.81631781e+01 -4.67125033e+00
 3.90768999e+01 -3.84583334e+00
 3.99264167e+01 -3.07841624e+00
 4.06604320e+01 -2.41533835e+00
 4.12302371e+01 -1.90060086e+00
 4.12302371e+01 -1.90060086e+00
 4.12302371e+01 -1.90060086e+00
 4.12302371e+01 -1.90060086e+00
 4.12302371e+01 -1.90060086e+00
 4.12302371e+01 -1.90060086e+00
 4.12302371e+01 -1.90060086e+00
 4.12302371e+01 -1.90060086e+00
 4.12302371e+01 -1.90060086e+00
 4.12302371e+01 -1.90060086e+00
 4.12302371e+01 -1.90060086e+00
 4.12302371e+01 -1.90060086e+00
 4.12302371e+01 -1.90060086e+00
 4.12302371e+01 -1.90060086e+00
 4.12302371e+01 -1.90060086e+00
 4.12302371e+01 -1.90060086e+00
 4.12302371e+01 -1.90060086e+00
 4.12302371e+01 -1.90060086e+00
 4.12302371e+01 -1.90060086e+00
 4.12302371e+01 -1.90060086e+00
 4.12302371e+01 -1.90060086e+00
 4.12302371e+01 -1.90060086e+00
 4.12302371e+01 -1.90060086e+00
 4.12302371e+01 -1.90060086e+00
 4.12302371e+01 -1.90060086e+00
 4.12302371e+01 -1.90060086e+00
 4.12302371e+01 -1.90060086e+00
