 0.00000000e+00 0.00000000e+00
 0.00000000e+00 0.00000000e+00
 0.00000000e+00 0.00000000e+00
 0.00000000e+00 0.00000000e+00
 0.00000000e+00 0.00000000e+00
 0.00000000e+00 0.00000000e+00
 -4.29606637e-03 4.66357512e-02
 -1.51573159e-02 1.06527351e-01
 -3.80969294e-02 1.76044476e-01
 -7.95312083e-02 2.51661215e-01
 -1.45128739e-01 3.31181613e-01
 -2.38276344e-01 4.13698093e-01
 -3.59507543e-01 4.98940102e-01
 -5.07628479e-01 5.86689979e-01
 -6.82406326e-01 6.76536482e-01
 -8.87042735e-01 7.67858418e-01
 -1.12840029e+00 8.59728054e-01
 -1.41505191e+00 9.50579166e-01
 -1.75531798e+00 1.03784993e+00
 -2.15709093e+00 1.11790511e+00
 -2.62897884e+00 1.18606867e+00
 -3.18087713e+00 1.23609322e+00
 -3.82304101e+00 1.25903341e+00
 -4.56449703e+00 1.24294369e+00
 -5.41188597e+00 1.17464741e+00
 -6.36868441e+00 1.04249552e+00
 -7.43405762e+00 8.37805028e-01
 -8.60118032e+00 5.54443569e-01
 -9.85582508e+00 1.88095706e-01
 -1.11762361e+01 -2.63563678e-01
 -1.25345968e+01 -8.00080342e-01
 -1.38994294e+01 -1.41773599e+00
 -1.52379173e+01 -2.10993822e+00
 -1.65176403e+01 -2.86840828e+00
 -1.77078706e+01 -3.68450265e+00
 -1.87808352e+01 -4.54998017e+00
 -1.97132819e+01 -5.45717562e+00
 -2.04883153e+01 -6.39899475e+00
 -2.10967260e+01 -7.36883731e+00
 -2.15367340e+01 -8.36017661e+00
 -2.18121147e+01 -9.36575750e+00
 -2.19303330e+01 -1.03767812e+01
 -2.19023403e+01 -1.13824110e+01
 -2.17432628e+01 -1.23696475e+01
 -2.14712667e+01 -1.33235728e+01
 -2.11037137e+01 -1.42281224e+01
 -2.06531728e+01 -1.50674370e+01
 -2.01260535e+01 -1.58272387e+01
 -1.95237453e+01 -1.64952744e+01
 -1.88445015e+01 -1.70605254e+01
 -1.80851790e+01 -1.75120629e+01
 -1.72430191e+01 -1.78386559e+01
 -1.63175379e+01 -1.80293030e+01
 -1.53121523e+01 -1.80742053e+01
 -1.42351995e+01 -1.79659510e+01
 -1.31002533e+01 -1.77009238e+01
 -1.19257642e+01 -1.72806001e+01
 -1.07340350e+01 -1.67121333e+01
 -9.54947691e+00 -1.60079715e+01
 -8.39623835e+00 -1.51848037e+01
 -7.29574057e+00 -1.42621683e+01
 -6.26477277e+00 -1.32605864e+01
 -5.31428811e+00 -1.21990308e+01
 -4.44864875e+00 -1.10923250e+01
 -3.66532998e+00 -9.94972274e+00
 -2.95542938e+00 -8.77555663e+00
 -2.30521409e+00 -7.57176769e+00
 -1.69865868e+00 -6.34122680e+00
 -1.12066392e+00 -5.09068365e+00
 -5.60269702e-01 -3.83287358e+00
 -1.29686417e-02 -2.58771940e+00
 5.18492630e-01 -1.38214391e+00
 1.02500618e+00 -2.47804513e-01
 1.49349797e+00 7.83025840e-01
 1.91006087e+00 1.68199303e+00
 2.26259741e+00 2.42795225e+00
 2.54212875e+00 3.00827217e+00
 2.74295331e+00 3.41847309e+00
 2.86247268e+00 3.66077099e+00
 2.90128355e+00 3.74192692e+00
 2.86351642e+00 3.67119688e+00
 2.75687618e+00 3.45939381e+00
 2.59176352e+00 3.11890988e+00
 2.37962806e+00 2.66357392e+00
 2.13160371e+00 2.10813831e+00
 1.85804324e+00 1.46812254e+00
 1.56836677e+00 7.59850114e-01
 1.27054949e+00 -4.64016185e-04
 9.70393835e-01 -7.98914994e-01
 6.70963738e-01 -1.62627217e+00
 3.72281788e-01 -2.47912602e+00
 7.15005723e-02 -3.35931597e+00
 -2.36029592e-01 -4.27196917e+00
 -5.54805643e-01 -5.22283529e+00
 -8.87066942e-01 -6.21564414e+00
 -1.23133583e+00 -7.24998460e+00
 -1.58177632e+00 -8.31985333e+00
 -1.92820707e+00 -9.41290089e+00
 -2.25683586e+00 -1.05106063e+01
 -2.55184041e+00 -1.15897223e+01
 -2.79755907e+00 -1.26248844e+01
 -2.98071138e+00 -1.35915598e+01
 -3.09185419e+00 -1.44683704e+01
 -3.12540736e+00 -1.52384105e+01
 -3.07849733e+00 -1.58897490e+01
 -2.94970615e+00 -1.64153519e+01
 -2.73822810e+00 -1.68124501e+01
 -2.44291769e+00 -1.70813770e+01
 -2.06118764e+00 -1.72242066e+01
 -1.58888598e+00 -1.72437817e+01
 -1.02205503e+00 -1.71436007e+01
 -3.60048631e-01 -1.69286495e+01
 3.91346167e-01 -1.66068679e+01
 1.21773660e+00 -1.61906774e+01
 2.09518807e+00 -1.56979586e+01
 2.99080973e+00 -1.51519908e+01
 3.86539752e+00 -1.45800405e+01
 4.67828068e+00 -1.40105274e+01
 5.39390369e+00 -1.34689750e+01
 5.98967616e+00 -1.29733316e+01
 6.46385285e+00 -1.25300136e+01
 6.83907437e+00 -1.21328956e+01
 7.15566057e+00 -1.17669730e+01
 7.45509364e+00 -1.14155390e+01
 7.76418643e+00 -1.10666499e+01
 8.09085990e+00 -1.07151788e+01
 8.43120650e+00 -1.03607270e+01
 8.77871627e+00 -1.00045145e+01
 9.12898699e+00 -9.64758421e+00
 9.48006522e+00 -9.29043727e+00
 9.83132507e+00 -8.93324062e+00
 1.01826165e+01 -8.57603521e+00
 1.05339122e+01 -8.21882863e+00
 1.08852079e+01 -7.86162242e+00
 1.12364990e+01 -7.50442091e+00
 1.15877549e+01 -7.14725514e+00
 1.19388017e+01 -6.79030206e+00
 1.22888716e+01 -6.43434225e+00
 1.26353554e+01 -6.08202891e+00
 1.29714745e+01 -5.74025469e+00
 1.32839753e+01 -5.42249605e+00
 1.35539881e+01 -5.14794036e+00
 1.37635950e+01 -4.93480687e+00
 1.37635950e+01 -4.93480687e+00
 1.37635950e+01 -4.93480687e+00
 1.37635950e+01 -4.93480687e+00
 1.37635950e+01 -4.93480687e+00
 1.37635950e+01 -4.93480687e+00
 1.37635950e+01 -4.93480687e+00
 1.37635950e+01 -4.93480687e+00
 1.37635950e+01 -4.93480687e+00
 1.37635950e+01 -4.93480687e+00
 1.37635950e+01 -4.93480687e+00
 1.37635950e+01 -4.93480687e+00
 1.37635950e+01 -4.93480687e+00
 1.37635950e+01 -4.93480687e+00
 1.37635950e+01 -4.93480687e+00
 1.37635950e+01 -4.93480687e+00
 1.37635950e+01 -4.93480687e+00
 1.37635950e+01 -4.93480687e+00
 1.37635950e+01 -4.93480687e+00
 1.37635950e+01 -4.93480687e+00
 1.37635950e+01 -4.93480687e+00
 1.37635950e+01 -4.93480687e+00
 1.37635950e+01 -4.93480687e+00
 1.37635950e+01 -4.93480687e+00
 1.37635950e+01 -4.93480687e+00
 1.37635950e+01 -4.93480687e+00
 1.37635950e+01 -4.93480687e+00
 1.37635950e+01 -4.93480687e+00
 1.37635950e+01 -4.93480687e+00
 1.37635950e+01 -4.93480687e+00
 1.37635950e+01 -4.93480687e+00
 1.37635950e+01 -4.93480687e+00
 1.37635950e+01 -4.93480687e+00
 1.37635950e+01 -4.93480687e+00
 1.37635950e+01 -4.93480687e+00
 1.37635950e+01 -4.93480687e+00
