 0.00000000e+00 0.00000000e+00
 0.00000000e+00 0.00000000e+00
 0.00000000e+00 0.00000000e+00
 0.00000000e+00 0.00000000e+00
 -1.46414240e-01 1.15893127e-01
 -3.53178833e-01 2.59939043e-01
 -6.16652881e-01 4.16400549e-01
 -9.28134698e-01 5.67476392e-01
 -1.27907684e+00 6.97945006e-01
 -1.66420322e+00 7.96568041e-01
 -2.08137992e+00 8.55033468e-01
 -2.52974064e+00 8.65608581e-01
 -3.00810124e+00 8.18391413e-01
 -3.51456757e+00 6.99555937e-01
 -4.04713640e+00 4.91796187e-01
 -4.60453871e+00 1.76490524e-01
 -5.18650821e+00 -2.64101308e-01
 -5.79329357e+00 -8.45581487e-01
 -6.42500270e+00 -1.58069265e+00
 -7.08121074e+00 -2.47834614e+00
 -7.76051305e+00 -3.54221247e+00
 -8.45962958e+00 -4.76932003e+00
 -9.17233853e+00 -6.14920879e+00
 -9.88890106e+00 -7.66385747e+00
 -1.05963748e+01 -9.28825090e+00
 -1.12797364e+01 -1.09913196e+01
 -1.19233013e+01 -1.27370256e+01
 -1.25117888e+01 -1.44854900e+01
 -1.30309010e+01 -1.61942960e+01
 -1.34680442e+01 -1.78204243e+01
 -1.38138346e+01 -1.93232471e+01
 -1.40639894e+01 -2.06682205e+01
 -1.42198597e+01 -2.18300246e+01
 -1.42858492e+01 -2.27938828e+01
 -1.42645733e+01 -2.35546007e+01
 -1.41536590e+01 -2.41137881e+01
 -1.39468357e+01 -2.44764729e+01
 -1.36370579e+01 -2.46485086e+01
 -1.32176237e+01 -2.46355419e+01
 -1.26807757e+01 -2.44432529e+01
 -1.20165764e+01 -2.40779042e+01
 -1.12142433e+01 -2.35465684e+01
 -1.02656355e+01 -2.28574322e+01
 -9.16891675e+00 -2.20209347e+01
 -7.93053408e+00 -2.10514956e+01
 -6.56515245e+00 -1.99684676e+01
 -5.09453674e+00 -1.87952030e+01
 -3.54637082e+00 -1.75566745e+01
 -1.95325011e+00 -1.62774405e+01
 -3.51584927e-01 -1.49814153e+01
 1.21996928e+00 -1.36930929e+01
 2.72281036e+00 -1.24385447e+01
 4.12125966e+00 -1.12449864e+01
 5.38543691e+00 -1.01390133e+01
 6.49351120e+00 -9.14423322e+00
 7.43289783e+00 -8.27892373e+00
 8.20027290e+00 -7.55417134e+00
 8.80066823e+00 -6.97282544e+00
 9.24624394e+00 -6.52939735e+00
 9.55536028e+00 -6.21084324e+00
 9.75192598e+00 -5.99809021e+00
 9.86387132e+00 -5.86827174e+00
 9.91955718e+00 -5.79778817e+00
 9.94290412e+00 -5.76599956e+00
 9.94975991e+00 -5.75854506e+00
 9.94707071e+00 -5.76894742e+00
 9.93426137e+00 -5.79804487e+00
 9.90571130e+00 -5.85200238e+00
 9.85385903e+00 -5.93992747e+00
 9.77214755e+00 -6.07183325e+00
 9.65636545e+00 -6.25762850e+00
 9.50401736e+00 -6.50728624e+00
 9.31319698e+00 -6.83119882e+00
 9.08236732e+00 -7.23958034e+00
 8.81085938e+00 -7.74095766e+00
 8.49930481e+00 -8.34060996e+00
 8.14992766e+00 -9.03961811e+00
 7.76691702e+00 -9.83473679e+00
 7.35663694e+00 -1.07189087e+01
 6.92746316e+00 -1.16819040e+01
 6.48965127e+00 -1.27107107e+01
 6.05547339e+00 -1.37898602e+01
 5.63889224e+00 -1.49020104e+01
 5.25403210e+00 -1.60286448e+01
 4.91306615e+00 -1.71505154e+01
 4.62488076e+00 -1.82478025e+01
 4.39481496e+00 -1.93003471e+01
 4.22454135e+00 -2.02883570e+01
 4.11175929e+00 -2.11937086e+01
 4.05110941e+00 -2.20014941e+01
 4.03766660e+00 -2.27011585e+01
 4.07154272e+00 -2.32867126e+01
 4.16011755e+00 -2.37558625e+01
 4.31668201e+00 -2.41082338e+01
 4.55795505e+00 -2.43432711e+01
 4.90281524e+00 -2.44586369e+01
 5.37158431e+00 -2.44497133e+01
 5.98417113e+00 -2.43103205e+01
 6.75708044e+00 -2.40343442e+01
 7.70064528e+00 -2.36177156e+01
 8.81740509e+00 -2.30602802e+01
 1.01015014e+01 -2.23674106e+01
 1.15386584e+01 -2.15512643e+01
 1.31066414e+01 -2.06312488e+01
 1.47760900e+01 -1.96331114e+01
 1.65114330e+01 -1.85865603e+01
 1.82723176e+01 -1.75220328e+01
 2.00173097e+01 -1.64672377e+01
 2.17111695e+01 -1.54435373e+01
 2.33335495e+01 -1.44625661e+01
 2.48835329e+01 -1.35248055e+01
 2.63759483e+01 -1.26218506e+01
 2.78316688e+01 -1.17416350e+01
 2.92685502e+01 -1.08735026e+01
 3.06976456e+01 -1.00105840e+01
 3.21241563e+01 -9.14948705e+00
 3.35499797e+01 -8.28890408e+00
 3.49756570e+01 -7.42843785e+00
 3.64013096e+01 -6.56799292e+00
 3.78269587e+01 -5.70755110e+00
 3.92526074e+01 -4.84710975e+00
 4.06782541e+01 -3.98666959e+00
 4.21038820e+01 -3.12624079e+00
 4.35293672e+01 -2.26589810e+00
 4.49540036e+01 -1.40606772e+00
 4.63746757e+01 -5.48629937e-01
 4.77807944e+01 3.00024202e-01
 4.91448504e+01 1.12329167e+00
 5.04130577e+01 1.88871028e+00
 5.15088376e+01 2.55006140e+00
 5.23594753e+01 3.06345843e+00
 5.23594753e+01 3.06345843e+00
 5.23594753e+01 3.06345843e+00
 5.23594753e+01 3.06345843e+00
 5.23594753e+01 3.06345843e+00
 5.23594753e+01 3.06345843e+00
 5.23594753e+01 3.06345843e+00
 5.23594753e+01 3.06345843e+00
 5.23594753e+01 3.06345843e+00
 5.23594753e+01 3.06345843e+00
 5.23594753e+01 3.06345843e+00
 5.23594753e+01 3.06345843e+00
 5.23594753e+01 3.06345843e+00
 5.23594753e+01 3.06345843e+00
 5.23594753e+01 3.06345843e+00
 5.23594753e+01 3.06345843e+00
 5.23594753e+01 3.06345843e+00
 5.23594753e+01 3.06345843e+00
 5.23594753e+01 3.06345843e+00
 5.23594753e+01 3.06345843e+00
 5.23594753e+01 3.06345843e+00
 5.23594753e+01 3.06345843e+00
 5.23594753e+01 3.06345843e+00
 5.23594753e+01 3.06345843e+00
 5.23594753e+01 3.06345843e+00
 5.23594753e+01 3.06345843e+00
 5.23594753e+01 3.06345843e+00
 5.23594753e+01 3.06345843e+00
 5.23594753e+01 3.06345843e+00
 5.23594753e+01 3.06345843e+00
 5.23594753e+01 3.06345843e+00
 5.23594753e+01 3.06345843e+00
 5.23594753e+01 3.06345843e+00
 5.23594753e+01 3.06345843e+00
 5.23594753e+01 3.06345843e+00
 5.23594753e+01 3.06345843e+00
