 0.00000000e+00 0.00000000e+00
 0.00000000e+00 0.00000000e+00
 0.00000000e+00 0.00000000e+00
 0.00000000e+00 0.00000000e+00
 6.77185052e-02 1.15283919e-01
 1.44505145e-01 2.49596143e-01
 2.18540494e-01 3.84017426e-01
 2.80289704e-01 5.00730242e-01
 3.24704628e-01 5.87096949e-01
 3.49599678e-01 6.34577209e-01
 3.52576658e-01 6.34793326e-01
 3.28591896e-01 5.75954731e-01
 2.69198614e-01 4.41604912e-01
 1.63695350e-01 2.11854839e-01
 1.21267479e-03 -1.34083946e-01
 -2.27595715e-01 -6.15316819e-01
 -5.29510994e-01 -1.24698179e+00
 -9.07971438e-01 -2.03806437e+00
 -1.36266210e+00 -2.98946920e+00
 -1.88962230e+00 -4.09309249e+00
 -2.48133814e+00 -5.33255965e+00
 -3.12634993e+00 -6.68535686e+00
 -3.80888916e+00 -8.12516665e+00
 -4.50938981e+00 -9.62334602e+00
 -5.20574459e+00 -1.11494279e+01
 -5.87432662e+00 -1.26712497e+01
 -6.49045285e+00 -1.41554585e+01
 -7.02924250e+00 -1.55688880e+01
 -7.46771269e+00 -1.68807459e+01
 -7.78733434e+00 -1.80649933e+01
 -7.97519490e+00 -1.91021404e+01
 -8.02292904e+00 -1.99799118e+01
 -7.92474872e+00 -2.06926973e+01
 -7.67654389e+00 -2.12401818e+01
 -7.27610979e+00 -2.16256507e+01
 -6.72292511e+00 -2.18541620e+01
 -6.01709912e+00 -2.19306035e+01
 -5.15899938e+00 -2.18579450e+01
 -4.15066510e+00 -2.16364595e+01
 -2.99823816e+00 -2.12646910e+01
 -1.71378698e+00 -2.07420959e+01
 -3.15702476e-01 -2.00721268e+01
 1.17194685e+00 -1.92641817e+01
 2.72055366e+00 -1.83336429e+01
 4.29875924e+00 -1.73004369e+01
 5.87507500e+00 -1.61872458e+01
 7.42059830e+00 -1.50182144e+01
 8.91068567e+00 -1.38180419e+01
 1.03253029e+01 -1.26108793e+01
 1.16488117e+01 -1.14190414e+01
 1.28699466e+01 -1.02622037e+01
 1.39817875e+01 -9.15743693e+00
 1.49809758e+01 -8.11965484e+00
 1.58661399e+01 -7.16191363e+00
 1.66366504e+01 -6.29545014e+00
 1.72928265e+01 -5.52950336e+00
 1.78373112e+01 -4.87071198e+00
 1.82760561e+01 -4.32201633e+00
 1.86177811e+01 -3.88170781e+00
 1.88724077e+01 -3.54355943e+00
 1.90496928e+01 -3.29827627e+00
 1.91583845e+01 -3.13566241e+00
 1.92052356e+01 -3.04668080e+00
 1.91938263e+01 -3.02467084e+00
 1.91245436e+01 -3.06524990e+00
 1.89965473e+01 -3.16528378e+00
 1.88102442e+01 -3.32209897e+00
 1.85683121e+01 -3.53347098e+00
 1.82754866e+01 -3.79758025e+00
 1.79385583e+01 -4.11215625e+00
 1.75667944e+01 -4.47327300e+00
 1.71717554e+01 -4.87484600e+00
 1.67659056e+01 -5.30937924e+00
 1.63604833e+01 -5.76984629e+00
 1.59635166e+01 -6.25220624e+00
 1.55786521e+01 -6.75769840e+00
 1.52050002e+01 -7.29376297e+00
 1.48376780e+01 -7.87284195e+00
 1.44686039e+01 -8.50957797e+00
 1.40876178e+01 -9.21789596e+00
 1.36843682e+01 -1.00090094e+01
 1.32507731e+01 -1.08901332e+01
 1.27829800e+01 -1.18631583e+01
 1.22821059e+01 -1.29232502e+01
 1.17541847e+01 -1.40582622e+01
 1.12099031e+01 -1.52497187e+01
 1.06638910e+01 -1.64748961e+01
 1.01332427e+01 -1.77086380e+01
 9.63580347e+00 -1.89242150e+01
 9.18909115e+00 -2.00940075e+01
 8.80989390e+00 -2.11911926e+01
 8.51377452e+00 -2.21924273e+01
 8.31414750e+00 -2.30801789e+01
 8.22163354e+00 -2.38434264e+01
 8.24438500e+00 -2.44767950e+01
 8.38900688e+00 -2.49793491e+01
 8.66115729e+00 -2.53540071e+01
 9.06548947e+00 -2.56070812e+01
 9.60529119e+00 -2.57465792e+01
 1.02821802e+01 -2.57792167e+01
 1.10958155e+01 -2.57083197e+01
 1.20433339e+01 -2.55347246e+01
 1.31182034e+01 -2.52599830e+01
 1.43084208e+01 -2.48892343e+01
 1.55945805e+01 -2.44321532e+01
 1.69489791e+01 -2.39022920e+01
 1.83369311e+01 -2.33157352e+01
 1.97208107e+01 -2.26897801e+01
 2.10664334e+01 -2.20420053e+01
 2.23503171e+01 -2.13893754e+01
 2.35649491e+01 -2.07465103e+01
 2.47186966e+01 -2.01230683e+01
 2.58295165e+01 -1.95218430e+01
 2.69161193e+01 -1.89394643e+01
 2.79919260e+01 -1.83695728e+01
 2.90640080e+01 -1.78062357e+01
 3.01351313e+01 -1.72456330e+01
 3.12060853e+01 -1.66859367e+01
 3.22770244e+01 -1.61264787e+01
 3.33479653e+01 -1.55670701e+01
 3.44189070e+01 -1.50076697e+01
 3.54898487e+01 -1.44482704e+01
 3.65607891e+01 -1.38888720e+01
 3.76317153e+01 -1.33294809e+01
 3.87025343e+01 -1.27701458e+01
 3.97727157e+01 -1.22111438e+01
 4.08399192e+01 -1.16536974e+01
 4.18961902e+01 -1.11019614e+01
 4.29208638e+01 -1.05667300e+01
 4.38735363e+01 -1.00691080e+01
 4.46966820e+01 -9.63914345e+00
 4.53356777e+01 -9.30536836e+00
 4.53356777e+01 -9.30536836e+00
 4.53356777e+01 -9.30536836e+00
 4.53356777e+01 -9.30536836e+00
 4.53356777e+01 -9.30536836e+00
 4.53356777e+01 -9.30536836e+00
 4.53356777e+01 -9.30536836e+00
 4.53356777e+01 -9.30536836e+00
 4.53356777e+01 -9.30536836e+00
 4.53356777e+01 -9.30536836e+00
 4.53356777e+01 -9.30536836e+00
 4.53356777e+01 -9.30536836e+00
 4.53356777e+01 -9.30536836e+00
 4.53356777e+01 -9.30536836e+00
 4.53356777e+01 -9.30536836e+00
 4.53356777e+01 -9.30536836e+00
 4.53356777e+01 -9.30536836e+00
 4.53356777e+01 -9.30536836e+00
 4.53356777e+01 -9.30536836e+00
 4.53356777e+01 -9.30536836e+00
 4.53356777e+01 -9.30536836e+00
 4.53356777e+01 -9.30536836e+00
 4.53356777e+01 -9.30536836e+00
 4.53356777e+01 -9.30536836e+00
 4.53356777e+01 -9.30536836e+00
 4.53356777e+01 -9.30536836e+00
 4.53356777e+01 -9.30536836e+00
 4.53356777e+01 -9.30536836e+00
 4.53356777e+01 -9.30536836e+00
 4.53356777e+01 -9.30536836e+00
 4.53356777e+01 -9.30536836e+00
 4.53356777e+01 -9.30536836e+00
 4.53356777e+01 -9.30536836e+00
 4.53356777e+01 -9.30536836e+00
 4.53356777e+01 -9.30536836e+00
