 0.00000000e+00 0.00000000e+00
 0.00000000e+00 0.00000000e+00
 0.00000000e+00 0.00000000e+00
 0.00000000e+00 0.00000000e+00
 3.51657256e-04 6.87999203e-04
 1.66598686e-03 2.67632006e-03
 5.57312319e-03 7.20562651e-03
 1.48725062e-02 1.53416054e-02
 3.27411738e-02 2.68315034e-02
 6.07290848e-02 3.93533369e-02
 9.68117619e-02 4.88357424e-02
 1.35328125e-01 4.98561316e-02
 1.69020153e-01 3.44111521e-02
 1.91151078e-01 -1.06595548e-02
 1.95271828e-01 -1.05013826e-01
 1.72406586e-01 -2.73043747e-01
 1.08640367e-01 -5.40077513e-01
 -1.33526253e-02 -9.29100839e-01
 -2.09244259e-01 -1.45922523e+00
 -4.88847410e-01 -2.14510549e+00
 -8.55622346e-01 -2.99594167e+00
 -1.30807400e+00 -4.01367628e+00
 -1.84007787e+00 -5.19138555e+00
 -2.43990219e+00 -6.51333200e+00
 -3.08959476e+00 -7.95702280e+00
 -3.76579377e+00 -9.49590075e+00
 -4.44169421e+00 -1.11008745e+01
 -5.08926067e+00 -1.27403021e+01
 -5.68098786e+00 -1.43797932e+01
 -6.19118839e+00 -1.59834286e+01
 -6.59727828e+00 -1.75164937e+01
 -6.88132931e+00 -1.89483815e+01
 -7.03148492e+00 -2.02545861e+01
 -7.04246173e+00 -2.14178678e+01
 -6.91469823e+00 -2.24288689e+01
 -6.65249775e+00 -2.32857764e+01
 -6.26212848e+00 -2.39926001e+01
 -5.75064087e+00 -2.45564853e+01
 -5.12524359e+00 -2.49850820e+01
 -4.39260545e+00 -2.52847883e+01
 -3.55803490e+00 -2.54599962e+01
 -2.62515440e+00 -2.55129409e+01
 -1.59655408e+00 -2.54439360e+01
 -4.75339671e-01 -2.52522089e+01
 7.33040989e-01 -2.49371872e+01
 2.01962032e+00 -2.44994772e+01
 3.37205681e+00 -2.39411700e+01
 4.77602372e+00 -2.32658045e+01
 6.21710794e+00 -2.24781705e+01
 7.68221210e+00 -2.15839012e+01
 9.15969823e+00 -2.05891208e+01
 1.06384854e+01 -1.95005022e+01
 1.21072550e+01 -1.83256486e+01
 1.35546230e+01 -1.70734894e+01
 1.49699545e+01 -1.57545545e+01
 1.63438537e+01 -1.43811704e+01
 1.76677294e+01 -1.29677559e+01
 1.89326645e+01 -1.15314088e+01
 2.01284664e+01 -1.00926263e+01
 2.12437323e+01 -8.67557810e+00
 2.22669685e+01 -7.30744209e+00
 2.31879949e+01 -6.01678588e+00
 2.39988417e+01 -4.83129486e+00
 2.46940182e+01 -3.77516200e+00
 2.52706775e+01 -2.86651327e+00
 2.57290755e+01 -2.11548020e+00
 2.60729003e+01 -1.52365547e+00
 2.63086175e+01 -1.08535144e+00
 2.64436417e+01 -7.90439202e-01
 2.64840873e+01 -6.27986818e-01
 2.64331357e+01 -5.89513272e-01
 2.62906146e+01 -6.70543222e-01
 2.60536526e+01 -8.70123823e-01
 2.57180043e+01 -1.18973867e+00
 2.52799040e+01 -1.63314205e+00
 2.47380702e+01 -2.20651174e+00
 2.40948793e+01 -2.91723212e+00
 2.33561963e+01 -3.77122627e+00
 2.25306673e+01 -4.77048989e+00
 2.16295180e+01 -5.91207806e+00
 2.06668039e+01 -7.18825183e+00
 1.96592715e+01 -8.58672348e+00
 1.86254923e+01 -1.00903732e+01
 1.75849626e+01 -1.16767341e+01
 1.65580085e+01 -1.33180742e+01
 1.55662926e+01 -1.49825670e+01
 1.46326608e+01 -1.66362941e+01
 1.37793838e+01 -1.82455254e+01
 1.30253960e+01 -1.97789021e+01
 1.23842833e+01 -2.12093589e+01
 1.18642381e+01 -2.25156569e+01
 1.14695775e+01 -2.36833292e+01
 1.12023840e+01 -2.47047863e+01
 1.10632662e+01 -2.55784239e+01
 1.10514967e+01 -2.63069160e+01
 1.11655233e+01 -2.68952416e+01
 1.14043957e+01 -2.73489614e+01
 1.17695242e+01 -2.76727426e+01
 1.22655212e+01 -2.78689238e+01
 1.28993389e+01 -2.79365684e+01
 1.36780389e+01 -2.78719348e+01
 1.46061746e+01 -2.76703854e+01
 1.56835107e+01 -2.73285231e+01
 1.69032993e+01 -2.68456803e+01
 1.82512153e+01 -2.62250847e+01
 1.97050345e+01 -2.54750621e+01
 2.12350159e+01 -2.46098692e+01
 2.28051128e+01 -2.36496973e+01
 2.43757616e+01 -2.26198374e+01
 2.59092785e+01 -2.15490221e+01
 2.73776730e+01 -2.04666173e+01
 2.87698245e+01 -1.93983451e+01
 3.00930604e+01 -1.83613099e+01
 3.13668666e+01 -1.73608503e+01
 3.26125792e+01 -1.63918023e+01
 3.38458130e+01 -1.54437822e+01
 3.50748267e+01 -1.45069102e+01
 3.63028101e+01 -1.35747341e+01
 3.75306374e+01 -1.26441288e+01
 3.87584614e+01 -1.17139396e+01
 3.99862909e+01 -1.07838376e+01
 4.12141221e+01 -9.85375006e+00
 4.24419534e+01 -8.92366445e+00
 4.36697831e+01 -7.99358031e+00
 4.48975966e+01 -7.06350844e+00
 4.61252872e+01 -6.13352966e+00
 4.73522467e+01 -5.20410466e+00
 4.85757921e+01 -4.27726590e+00
 4.97868034e+01 -3.35992174e+00
 5.09615885e+01 -2.47001904e+00
 5.20538245e+01 -1.64264749e+00
 5.29975584e+01 -9.27766642e-01
 5.37301649e+01 -3.72815286e-01
 5.37301649e+01 -3.72815286e-01
 5.37301649e+01 -3.72815286e-01
 5.37301649e+01 -3.72815286e-01
 5.37301649e+01 -3.72815286e-01
 5.37301649e+01 -3.72815286e-01
 5.37301649e+01 -3.72815286e-01
 5.37301649e+01 -3.72815286e-01
 5.37301649e+01 -3.72815286e-01
 5.37301649e+01 -3.72815286e-01
 5.37301649e+01 -3.72815286e-01
 5.37301649e+01 -3.72815286e-01
 5.37301649e+01 -3.72815286e-01
 5.37301649e+01 -3.72815286e-01
 5.37301649e+01 -3.72815286e-01
 5.37301649e+01 -3.72815286e-01
 5.37301649e+01 -3.72815286e-01
 5.37301649e+01 -3.72815286e-01
 5.37301649e+01 -3.72815286e-01
 5.37301649e+01 -3.72815286e-01
 5.37301649e+01 -3.72815286e-01
 5.37301649e+01 -3.72815286e-01
 5.37301649e+01 -3.72815286e-01
 5.37301649e+01 -3.72815286e-01
 5.37301649e+01 -3.72815286e-01
 5.37301649e+01 -3.72815286e-01
 5.37301649e+01 -3.72815286e-01
 5.37301649e+01 -3.72815286e-01
 5.37301649e+01 -3.72815286e-01
 5.37301649e+01 -3.72815286e-01
 5.37301649e+01 -3.72815286e-01
 5.37301649e+01 -3.72815286e-01
 5.37301649e+01 -3.72815286e-01
 5.37301649e+01 -3.72815286e-01
