 0.00000000e+00 0.00000000e+00
 0.00000000e+00 0.00000000e+00
 0.00000000e+00 0.00000000e+00
 0.00000000e+00 0.00000000e+00
 0.00000000e+00 0.00000000e+00
 0.00000000e+00 0.00000000e+00
 5.37666754e-03 7.18318937e-03
 -1.31130007e-02 8.17702454e-03
 -7.07714222e-02 -7.75124458e-03
 -1.78338429e-01 -5.33717897e-02
 -3.41167379e-01 -1.40980554e-01
 -5.61558157e-01 -2.81321240e-01
 -8.40955401e-01 -4.83959341e-01
 -1.18011361e+00 -7.57726915e-01
 -1.57794751e+00 -1.11040493e+00
 -2.03073132e+00 -1.54815774e+00
 -2.53260771e+00 -2.07544369e+00
 -3.07705181e+00 -2.69529665e+00
 -3.65795233e+00 -3.40947950e+00
 -4.26934654e+00 -4.21843492e+00
 -4.90431386e+00 -5.12131748e+00
 -5.55427289e+00 -6.11616564e+00
 -6.20914800e+00 -7.19990164e+00
 -6.85790224e+00 -8.36785367e+00
 -7.48895166e+00 -9.61285318e+00
 -8.09054888e+00 -1.09243240e+01
 -8.65147245e+00 -1.22878956e+01
 -9.16207962e+00 -1.36858640e+01
 -9.61527618e+00 -1.50983354e+01
 -1.00067307e+01 -1.65043926e+01
 -1.03340675e+01 -1.78826449e+01
 -1.05955201e+01 -1.92112253e+01
 -1.07888546e+01 -2.04681521e+01
 -1.09107309e+01 -2.16329300e+01
 -1.09556753e+01 -2.26889747e+01
 -1.09145034e+01 -2.36252801e+01
 -1.07742218e+01 -2.44362513e+01
 -1.05210697e+01 -2.51201565e+01
 -1.01445657e+01 -2.56773509e+01
 -9.63902373e+00 -2.61089197e+01
 -9.00237762e+00 -2.64156563e+01
 -8.23479907e+00 -2.65970261e+01
 -7.33830902e+00 -2.66501033e+01
 -6.31674065e+00 -2.65690549e+01
 -5.17556277e+00 -2.63458225e+01
 -3.92178436e+00 -2.59719964e+01
 -2.56399183e+00 -2.54412064e+01
 -1.11214741e+00 -2.47511389e+01
 4.22965210e-01 -2.39044437e+01
 2.03018897e+00 -2.29083384e+01
 3.69790486e+00 -2.17734688e+01
 5.41361687e+00 -2.05128640e+01
 7.16383126e+00 -1.91413409e+01
 8.93445269e+00 -1.76752350e+01
 1.07111372e+01 -1.61324989e+01
 1.24788081e+01 -1.45334961e+01
 1.42201390e+01 -1.29024075e+01
 1.59137299e+01 -1.12684105e+01
 1.75333060e+01 -9.66563923e+00
 1.90490025e+01 -8.13155471e+00
 2.04306123e+01 -6.70408523e+00
 2.16515146e+01 -5.41814033e+00
 2.26918149e+01 -4.30202879e+00
 2.35398509e+01 -3.37448012e+00
 2.41921431e+01 -2.64330372e+00
 2.46524693e+01 -2.10646844e+00
 2.49303640e+01 -1.75531305e+00
 2.50386487e+01 -1.57852054e+00
 2.49903243e+01 -1.56535637e+00
 2.47967050e+01 -1.70742479e+00
 2.44681481e+01 -1.99898076e+00
 2.40162322e+01 -2.43619413e+00
 2.34551868e+01 -3.01586246e+00
 2.28017455e+01 -3.73397185e+00
 2.20740003e+01 -4.58430422e+00
 2.12900830e+01 -5.55737918e+00
 2.04672103e+01 -6.64026826e+00
 1.96210737e+01 -7.81749188e+00
 1.87651390e+01 -9.07238176e+00
 1.79100425e+01 -1.03880307e+01
 1.70642321e+01 -1.17475770e+01
 1.62363482e+01 -1.31340822e+01
 1.54379801e+01 -1.45300207e+01
 1.46848628e+01 -1.59161774e+01
 1.39959508e+01 -1.72704013e+01
 1.33912503e+01 -1.85675298e+01
 1.28896035e+01 -1.97814167e+01
 1.25072798e+01 -2.08883074e+01
 1.22576312e+01 -2.18695474e+01
 1.21512706e+01 -2.27122155e+01
 1.21958962e+01 -2.34081626e+01
 1.23957065e+01 -2.39531127e+01
 1.27512655e+01 -2.43466349e+01
 1.32601598e+01 -2.45920653e+01
 1.39176967e+01 -2.46953097e+01
 1.47171409e+01 -2.46631194e+01
 1.56500557e+01 -2.45022353e+01
 1.67072596e+01 -2.42195412e+01
 1.78798101e+01 -2.38222846e+01
 1.91590011e+01 -2.33179722e+01
 2.05351537e+01 -2.27143171e+01
 2.19958911e+01 -2.20195249e+01
 2.35247176e+01 -2.12428701e+01
 2.51003179e+01 -2.03952580e+01
 2.66965989e+01 -1.94893690e+01
 2.82834794e+01 -1.85393721e+01
 2.98290491e+01 -1.75607079e+01
 3.13043091e+01 -1.65701332e+01
 3.26906080e+01 -1.55851628e+01
 3.39865381e+01 -1.46216730e+01
 3.52086369e+01 -1.36899437e+01
 3.63834046e+01 -1.27917143e+01
 3.75355601e+01 -1.19209573e+01
 3.86806570e+01 -1.10681004e+01
 3.98251397e+01 -1.02245572e+01
 4.09703636e+01 -9.38488250e+00
 4.21160937e+01 -8.54648758e+00
 4.32620113e+01 -7.70842890e+00
 4.44079768e+01 -6.87044017e+00
 4.55539514e+01 -6.03246294e+00
 4.66999272e+01 -5.19448729e+00
 4.78459016e+01 -4.35651292e+00
 4.89918609e+01 -3.51854962e+00
 5.01377054e+01 -2.68067019e+00
 5.12828677e+01 -1.84328969e+00
 5.24248434e+01 -1.00823931e+00
 5.35551206e+01 -1.81743246e-01
 5.46515866e+01 6.20028987e-01
 5.56710069e+01 1.36546278e+00
 5.65518252e+01 2.00954625e+00
 5.72355913e+01 2.50953865e+00
 5.72355913e+01 2.50953865e+00
 5.72355913e+01 2.50953865e+00
 5.72355913e+01 2.50953865e+00
 5.72355913e+01 2.50953865e+00
 5.72355913e+01 2.50953865e+00
 5.72355913e+01 2.50953865e+00
 5.72355913e+01 2.50953865e+00
 5.72355913e+01 2.50953865e+00
 5.72355913e+01 2.50953865e+00
 5.72355913e+01 2.50953865e+00
 5.72355913e+01 2.50953865e+00
 5.72355913e+01 2.50953865e+00
 5.72355913e+01 2.50953865e+00
 5.72355913e+01 2.50953865e+00
 5.72355913e+01 2.50953865e+00
 5.72355913e+01 2.50953865e+00
 5.72355913e+01 2.50953865e+00
 5.72355913e+01 2.50953865e+00
 5.72355913e+01 2.50953865e+00
 5.72355913e+01 2.50953865e+00
 5.72355913e+01 2.50953865e+00
 5.72355913e+01 2.50953865e+00
 5.72355913e+01 2.50953865e+00
 5.72355913e+01 2.50953865e+00
 5.72355913e+01 2.50953865e+00
 5.72355913e+01 2.50953865e+00
 5.72355913e+01 2.50953865e+00
 5.72355913e+01 2.50953865e+00
 5.72355913e+01 2.50953865e+00
 5.72355913e+01 2.50953865e+00
 5.72355913e+01 2.50953865e+00
 5.72355913e+01 2.50953865e+00
 5.72355913e+01 2.50953865e+00
 5.72355913e+01 2.50953865e+00
 5.72355913e+01 2.50953865e+00
