 0.00000000e+00 0.00000000e+00
 0.00000000e+00 0.00000000e+00
 0.00000000e+00 0.00000000e+00
 0.00000000e+00 0.00000000e+00
 0.00000000e+00 0.00000000e+00
 0.00000000e+00 0.00000000e+00
 0.00000000e+00 0.00000000e+00
 0.00000000e+00 0.00000000e+00
 0.00000000e+00 0.00000000e+00
 0.00000000e+00 0.00000000e+00
 6.80598683e-02 1.03448218e-01
 1.48961106e-01 2.24050261e-01
 2.31974593e-01 3.42259494e-01
 3.06673623e-01 4.36801368e-01
 3.65542073e-01 4.88220792e-01
 4.03196577e-01 4.78185700e-01
 4.13970164e-01 3.87169119e-01
 3.90783420e-01 1.94087409e-01
 3.26540714e-01 -1.21377104e-01
 2.16624167e-01 -5.76082136e-01
 5.98214966e-02 -1.18240426e+00
 -1.43354263e-01 -1.94835505e+00
 -3.93054530e-01 -2.87723596e+00
 -6.90769966e-01 -3.96675181e+00
 -1.03838564e+00 -5.20901241e+00
 -1.43758357e+00 -6.59227988e+00
 -1.89047450e+00 -8.10361116e+00
 -2.40032486e+00 -9.73081932e+00
 -2.97095690e+00 -1.14629711e+01
 -3.60479252e+00 -1.32897666e+01
 -4.30081982e+00 -1.52004900e+01
 -5.05375325e+00 -1.71828957e+01
 -5.85458823e+00 -1.92222856e+01
 -6.69182842e+00 -2.13012545e+01
 -7.55256221e+00 -2.34002854e+01
 -8.42291075e+00 -2.54984424e+01
 -9.28782266e+00 -2.75732372e+01
 -1.01307846e+01 -2.95999460e+01
 -1.09343598e+01 -3.15517402e+01
 -1.16819000e+01 -3.34014607e+01
 -1.23595682e+01 -3.51242476e+01
 -1.29573180e+01 -3.66993478e+01
 -1.34685672e+01 -3.81103601e+01
 -1.38898071e+01 -3.93450262e+01
 -1.42213474e+01 -4.03961453e+01
 -1.44687512e+01 -4.12634813e+01
 -1.46431855e+01 -4.19547631e+01
 -1.47594757e+01 -4.24842804e+01
 -1.48327191e+01 -4.28695003e+01
 -1.48757094e+01 -4.31272778e+01
 -1.48982559e+01 -4.32708553e+01
 -1.49071909e+01 -4.33079844e+01
 -1.49055708e+01 -4.32401452e+01
 -1.48913452e+01 -4.30627864e+01
 -1.48570138e+01 -4.27663222e+01
 -1.47912014e+01 -4.23376768e+01
 -1.46812759e+01 -4.17625145e+01
 -1.45149825e+01 -4.10281925e+01
 -1.42803071e+01 -4.01268883e+01
 -1.39652064e+01 -3.90580874e+01
 -1.35591776e+01 -3.78299320e+01
 -1.30564318e+01 -3.64595780e+01
 -1.24587176e+01 -3.49733086e+01
 -1.17763509e+01 -3.34069147e+01
 -1.10274045e+01 -3.18055098e+01
 -1.02356460e+01 -3.02209636e+01
 -9.42772032e+00 -2.87062069e+01
 -8.62990248e+00 -2.73081536e+01
 -7.86472436e+00 -2.60622976e+01
 -7.14790896e+00 -2.49906688e+01
 -6.48637013e+00 -2.41021955e+01
 -5.87816832e+00 -2.33935864e+01
 -5.31461032e+00 -2.28505514e+01
 -4.78348720e+00 -2.24508419e+01
 -4.27201043e+00 -2.21695046e+01
 -3.76883812e+00 -2.19842798e+01
 -3.26565037e+00 -2.18787816e+01
 -2.75872721e+00 -2.18431959e+01
 -2.25007818e+00 -2.18736341e+01
 -1.74722132e+00 -2.19706713e+01
 -1.26136411e+00 -2.21370704e+01
 -8.04857103e-01 -2.23754410e+01
 -3.89271206e-01 -2.26870212e+01
 -2.46912064e-02 -2.30718588e+01
 2.80422035e-01 -2.35295348e+01
 5.19643377e-01 -2.40593415e+01
 6.89106216e-01 -2.46595000e+01
 7.87305116e-01 -2.53261542e+01
 8.13980934e-01 -2.60534284e+01
 7.68945340e-01 -2.68348098e+01
 6.51731763e-01 -2.76644881e+01
 4.61919484e-01 -2.85372764e+01
 1.99378737e-01 -2.94474869e+01
 -1.35710943e-01 -3.03884181e+01
 -5.42645825e-01 -3.13533325e+01
 -1.01978849e+00 -3.23369033e+01
 -1.56444749e+00 -3.33353663e+01
 -2.17313613e+00 -3.43449621e+01
 -2.84172213e+00 -3.53600319e+01
 -3.56517183e+00 -3.63722306e+01
 -4.33720024e+00 -3.73709763e+01
 -5.15024422e+00 -3.83442908e+01
 -5.99573151e+00 -3.92794034e+01
 -6.86426411e+00 -4.01631682e+01
 -7.74544037e+00 -4.09825933e+01
 -8.62753194e+00 -4.17254934e+01
 -9.49765660e+00 -4.23809253e+01
 -1.03427828e+01 -4.29392062e+01
 -1.11509306e+01 -4.33917749e+01
 -1.19114297e+01 -4.37312138e+01
 -1.26139463e+01 -4.39513743e+01
 -1.32476090e+01 -4.40477222e+01
 -1.38022870e+01 -4.40189729e+01
 -1.42727622e+01 -4.38712178e+01
 -1.46638444e+01 -4.36233084e+01
 -1.49924668e+01 -4.33085283e+01
 -1.52836761e+01 -4.29675694e+01
 -1.55617738e+01 -4.26347403e+01
 -1.58424044e+01 -4.23271249e+01
 -1.61307910e+01 -4.20446582e+01
 -1.64256160e+01 -4.17787574e+01
 -1.67238972e+01 -4.15208778e+01
 -1.70235278e+01 -4.12659527e+01
 -1.73235563e+01 -4.10118671e+01
 -1.76236747e+01 -4.07579666e+01
 -1.79238089e+01 -4.05040980e+01
 -1.82239452e+01 -4.02502336e+01
 -1.85240814e+01 -3.99963700e+01
 -1.88242136e+01 -3.97425098e+01
 -1.91243157e+01 -3.94886751e+01
 -1.94242392e+01 -3.92349914e+01
 -1.97233280e+01 -3.89820137e+01
 -2.00193530e+01 -3.87316275e+01
 -2.03065227e+01 -3.84887313e+01
 -2.05735137e+01 -3.82629029e+01
 -2.08042042e+01 -3.80677784e+01
 -2.09832858e+01 -3.79163062e+01
 -2.09832858e+01 -3.79163062e+01
 -2.09832858e+01 -3.79163062e+01
 -2.09832858e+01 -3.79163062e+01
 -2.09832858e+01 -3.79163062e+01
 -2.09832858e+01 -3.79163062e+01
 -2.09832858e+01 -3.79163062e+01
 -2.09832858e+01 -3.79163062e+01
 -2.09832858e+01 -3.79163062e+01
 -2.09832858e+01 -3.79163062e+01
 -2.09832858e+01 -3.79163062e+01
 -2.09832858e+01 -3.79163062e+01
 -2.09832858e+01 -3.79163062e+01
 -2.09832858e+01 -3.79163062e+01
 -2.09832858e+01 -3.79163062e+01
 -2.09832858e+01 -3.79163062e+01
 -2.09832858e+01 -3.79163062e+01
 -2.09832858e+01 -3.79163062e+01
 -2.09832858e+01 -3.79163062e+01
 -2.09832858e+01 -3.79163062e+01
 -2.09832858e+01 -3.79163062e+01
 -2.09832858e+01 -3.79163062e+01
 -2.09832858e+01 -3.79163062e+01
 -2.09832858e+01 -3.79163062e+01
 -2.09832858e+01 -3.79163062e+01
 -2.09832858e+01 -3.79163062e+01
 -2.09832858e+01 -3.79163062e+01
 -2.09832858e+01 -3.79163062e+01
 -2.09832858e+01 -3.79163062e+01
 -2.09832858e+01 -3.79163062e+01
 -2.09832858e+01 -3.79163062e+01
 -2.09832858e+01 -3.79163062e+01
 -2.09832858e+01 -3.79163062e+01
 -2.09832858e+01 -3.79163062e+01
 -2.09832858e+01 -3.79163062e+01
 -2.09832858e+01 -3.79163062e+01
 -2.09832858e+01 -3.79163062e+01
 -2.09832858e+01 -3.79163062e+01
