 0.00000000e+00 0.00000000e+00
 0.00000000e+00 0.00000000e+00
 0.00000000e+00 0.00000000e+00
 0.00000000e+00 0.00000000e+00
 0.00000000e+00 0.00000000e+00
 0.00000000e+00 0.00000000e+00
 4.76737395e-02 6.60874401e-02
 8.10271853e-02 1.50233681e-01
 7.69973158e-02 2.43604783e-01
 1.77651778e-02 3.34391462e-01
 -1.03390768e-01 4.10708607e-01
 -2.82589241e-01 4.62519411e-01
 -5.10590681e-01 4.81613360e-01
 -7.78630528e-01 4.59690988e-01
 -1.08147070e+00 3.86328903e-01
 -1.41718439e+00 2.48861261e-01
 -1.78537947e+00 3.40811051e-02
 -2.18564942e+00 -2.70057900e-01
 -2.61701553e+00 -6.73740560e-01
 -3.07827263e+00 -1.18505137e+00
 -3.56864196e+00 -1.80955830e+00
 -4.08770130e+00 -2.54974047e+00
 -4.63360041e+00 -3.40436138e+00
 -5.19989096e+00 -4.36770187e+00
 -5.77319894e+00 -5.42877202e+00
 -6.33397083e+00 -6.57086644e+00
 -6.85992990e+00 -7.77171211e+00
 -7.32970805e+00 -9.00421243e+00
 -7.72498990e+00 -1.02376851e+01
 -8.03167462e+00 -1.14395703e+01
 -8.24096949e+00 -1.25777325e+01
 -8.35022869e+00 -1.36233356e+01
 -8.36281245e+00 -1.45536519e+01
 -8.28652850e+00 -1.53536792e+01
 -8.13062624e+00 -1.60158232e+01
 -7.90202644e+00 -1.65379339e+01
 -7.60225104e+00 -1.69207081e+01
 -7.22628037e+00 -1.71654239e+01
 -6.76344811e+00 -1.72725967e+01
 -6.19972060e+00 -1.72418339e+01
 -5.52053413e+00 -1.70726531e+01
 -4.71335319e+00 -1.67655411e+01
 -3.76952438e+00 -1.63228522e+01
 -2.68577512e+00 -1.57498223e+01
 -1.46579163e+00 -1.50557890e+01
 -1.21532470e-01 -1.42550298e+01
 1.32644815e+00 -1.33666075e+01
 2.84986708e+00 -1.24131812e+01
 4.41446713e+00 -1.14191008e+01
 5.98246154e+00 -1.04081209e+01
 7.51569296e+00 -9.40120046e+00
 8.97936850e+00 -8.41508797e+00
 1.03457299e+01 -7.46200002e+00
 1.15965660e+01 -6.54985700e+00
 1.27236284e+01 -5.68259367e+00
 1.37269298e+01 -4.86105294e+00
 1.46118269e+01 -4.08511599e+00
 1.53860013e+01 -3.35641288e+00
 1.60571226e+01 -2.67994905e+00
 1.66315800e+01 -2.06366740e+00
 1.71142418e+01 -1.51651965e+00
 1.75089102e+01 -1.04643224e+00
 1.78192469e+01 -6.59047469e-01
 1.80499733e+01 -3.57045839e-01
 1.82074162e+01 -1.39538342e-01
 1.82981027e+01 -1.96055432e-03
 1.83259416e+01 6.22556712e-02
 1.82907551e+01 5.81483637e-02
 1.81895782e+01 -1.38530935e-02
 1.80186746e+01 -1.58208308e-01
 1.77741191e+01 -3.82344125e-01
 1.74517443e+01 -6.94763969e-01
 1.70480844e+01 -1.10382163e+00
 1.65620151e+01 -1.61635235e+00
 1.59956349e+01 -2.23611686e+00
 1.53538150e+01 -2.96293943e+00
 1.46431636e+01 -3.79304852e+00
 1.38714735e+01 -4.72025107e+00
 1.30479742e+01 -5.73702618e+00
 1.21839328e+01 -6.83473162e+00
 1.12931499e+01 -8.00296626e+00
 1.03922618e+01 -9.22900051e+00
 9.50071801e+00 -1.04980497e+01
 8.63999760e+00 -1.17942059e+01
 7.83190032e+00 -1.31012080e+01
 7.09667975e+00 -1.44024399e+01
 6.45213614e+00 -1.56802444e+01
 5.91374428e+00 -1.69152409e+01
 5.49468900e+00 -1.80864344e+01
 5.20507184e+00 -1.91724229e+01
 5.05112694e+00 -2.01532937e+01
 5.03584456e+00 -2.10122736e+01
 5.16101194e+00 -2.17363081e+01
 5.42907021e+00 -2.23156071e+01
 5.84343908e+00 -2.27431332e+01
 6.40769000e+00 -2.30149254e+01
 7.12495339e+00 -2.31308889e+01
 7.99819263e+00 -2.30946647e+01
 9.03063015e+00 -2.29119077e+01
 1.02251635e+01 -2.25881533e+01
 1.15821303e+01 -2.21283230e+01
 1.30955678e+01 -2.15386951e+01
 1.47489523e+01 -2.08300572e+01
 1.65122408e+01 -2.00198180e+01
 1.83424528e+01 -1.91318754e+01
 2.01894441e+01 -1.81946397e+01
 2.20064699e+01 -1.72378947e+01
 2.37618523e+01 -1.62884144e+01
 2.54457542e+01 -1.53647446e+01
 2.70678822e+01 -1.44736683e+01
 2.86478309e+01 -1.36112581e+01
 3.02046489e+01 -1.27681473e+01
 3.17512402e+01 -1.19352442e+01
 3.32941875e+01 -1.11066158e+01
 3.48360903e+01 -1.02794071e+01
 3.63777526e+01 -9.45257212e+00
 3.79193707e+01 -8.62581484e+00
 3.94609822e+01 -7.79907034e+00
 4.10025927e+01 -6.97232758e+00
 4.25442011e+01 -6.14558612e+00
 4.40857892e+01 -5.31885557e+00
 4.56272230e+01 -4.49220776e+00
 4.71677388e+01 -3.66605221e+00
 4.87039680e+01 -2.84219554e+00
 5.02244600e+01 -2.02677850e+00
 5.16994679e+01 -1.23575389e+00
 5.30708309e+01 -5.00312505e-01
 5.42557412e+01 1.35137138e-01
 5.51755695e+01 6.28427231e-01
 5.51755695e+01 6.28427231e-01
 5.51755695e+01 6.28427231e-01
 5.51755695e+01 6.28427231e-01
 5.51755695e+01 6.28427231e-01
 5.51755695e+01 6.28427231e-01
 5.51755695e+01 6.28427231e-01
 5.51755695e+01 6.28427231e-01
 5.51755695e+01 6.28427231e-01
 5.51755695e+01 6.28427231e-01
 5.51755695e+01 6.28427231e-01
 5.51755695e+01 6.28427231e-01
 5.51755695e+01 6.28427231e-01
 5.51755695e+01 6.28427231e-01
 5.51755695e+01 6.28427231e-01
 5.51755695e+01 6.28427231e-01
 5.51755695e+01 6.28427231e-01
 5.51755695e+01 6.28427231e-01
 5.51755695e+01 6.28427231e-01
 5.51755695e+01 6.28427231e-01
 5.51755695e+01 6.28427231e-01
 5.51755695e+01 6.28427231e-01
 5.51755695e+01 6.28427231e-01
 5.51755695e+01 6.28427231e-01
 5.51755695e+01 6.28427231e-01
 5.51755695e+01 6.28427231e-01
 5.51755695e+01 6.28427231e-01
 5.51755695e+01 6.28427231e-01
 5.51755695e+01 6.28427231e-01
 5.51755695e+01 6.28427231e-01
 5.51755695e+01 6.28427231e-01
 5.51755695e+01 6.28427231e-01
 5.51755695e+01 6.28427231e-01
 5.51755695e+01 6.28427231e-01
 5.51755695e+01 6.28427231e-01
 5.51755695e+01 6.28427231e-01
 5.51755695e+01 6.28427231e-01
 5.51755695e+01 6.28427231e-01
