 0.00000000e+00 0.00000000e+00
 0.00000000e+00 0.00000000e+00
 0.00000000e+00 0.00000000e+00
 0.00000000e+00 0.00000000e+00
 0.00000000e+00 0.00000000e+00
 0.00000000e+00 0.00000000e+00
 0.00000000e+00 0.00000000e+00
 0.00000000e+00 0.00000000e+00
 -7.87562153e-02 4.86743240e-02
 -1.81033422e-01 1.07939566e-01
 -2.99343932e-01 1.70950034e-01
 -4.26689037e-01 2.30665547e-01
 -5.60832802e-01 2.81488859e-01
 -7.05031501e-01 3.18445599e-01
 -8.65916293e-01 3.34496084e-01
 -1.05109700e+00 3.17907854e-01
 -1.26819516e+00 2.51399662e-01
 -1.52507908e+00 1.13294087e-01
 -1.83000619e+00 -1.20283644e-01
 -2.19078935e+00 -4.73051630e-01
 -2.61320198e+00 -9.66149137e-01
 -3.09937298e+00 -1.61535074e+00
 -3.64660040e+00 -2.42807849e+00
 -4.24669486e+00 -3.40101324e+00
 -4.88607954e+00 -4.51916566e+00
 -5.54689114e+00 -5.75674102e+00
 -6.20891362e+00 -7.07954454e+00
 -6.85159250e+00 -8.44841986e+00
 -7.45521234e+00 -9.82318812e+00
 -8.00108583e+00 -1.11664666e+01
 -8.47170220e+00 -1.24466532e+01
 -8.85179632e+00 -1.36395420e+01
 -9.12998632e+00 -1.47284631e+01
 -9.29936381e+00 -1.57032627e+01
 -9.35569352e+00 -1.65587007e+01
 -9.29399719e+00 -1.72928132e+01
 -9.10638950e+00 -1.79054256e+01
 -8.78318358e+00 -1.83968330e+01
 -8.31596180e+00 -1.87669710e+01
 -7.69978026e+00 -1.90154398e+01
 -6.93357771e+00 -1.91420420e+01
 -6.01990903e+00 -1.91470468e+01
 -4.96490677e+00 -1.90310155e+01
 -3.77834747e+00 -1.87948024e+01
 -2.47358085e+00 -1.84401452e+01
 -1.06742151e+00 -1.79705202e+01
 4.19990218e-01 -1.73917026e+01
 1.96565237e+00 -1.67118068e+01
 3.54468955e+00 -1.59408712e+01
 5.13173938e+00 -1.50901492e+01
 6.70253794e+00 -1.41713703e+01
 8.23549025e+00 -1.31962390e+01
 9.71277675e+00 -1.21762852e+01
 1.11205362e+01 -1.11231146e+01
 1.24481225e+01 -1.00491170e+01
 1.36868492e+01 -8.96844858e+00
 1.48287694e+01 -7.89777062e+00
 1.58660045e+01 -6.85630214e+00
 1.67908113e+01 -5.86517632e+00
 1.75961244e+01 -4.94626191e+00
 1.82763222e+01 -4.12036802e+00
 1.88282598e+01 -3.40480188e+00
 1.92525722e+01 -2.81097685e+00
 1.95548580e+01 -2.34329148e+00
 1.97457630e+01 -1.99998852e+00
 1.98387083e+01 -1.77561848e+00
 1.98454809e+01 -1.66399671e+00
 1.97726192e+01 -1.66053387e+00
 1.96215963e+01 -1.76334553e+00
 1.93920121e+01 -1.97317942e+00
 1.90843539e+01 -2.29262388e+00
 1.87007763e+01 -2.72506784e+00
 1.82451034e+01 -3.27347610e+00
 1.77230997e+01 -3.93879444e+00
 1.71425792e+01 -4.71823626e+00
 1.65127914e+01 -5.60430381e+00
 1.58433324e+01 -6.58520759e+00
 1.51432946e+01 -7.64636761e+00
 1.44213159e+01 -8.77184885e+00
 1.36866786e+01 -9.94474828e+00
 1.29507773e+01 -1.11466406e+01
 1.22278799e+01 -1.23571194e+01
 1.15345758e+01 -1.35542475e+01
 1.08882592e+01 -1.47157723e+01
 1.03056682e+01 -1.58205387e+01
 9.80201306e+00 -1.68499224e+01
 9.39004995e+00 -1.77894153e+01
 9.07855492e+00 -1.86301491e+01
 8.87113161e+00 -1.93696889e+01
 8.76656999e+00 -2.00116446e+01
 8.76041165e+00 -2.05643724e+01
 8.84640744e+00 -2.10393871e+01
 9.01730431e+00 -2.14497484e+01
 9.26535856e+00 -2.18082635e+01
 9.58309304e+00 -2.21254708e+01
 9.96452697e+00 -2.24078049e+01
 1.04068966e+01 -2.26564511e+01
 1.09127084e+01 -2.28669525e+01
 1.14916529e+01 -2.30290799e+01
 1.21616388e+01 -2.31265621e+01
 1.29483090e+01 -2.31372062e+01
 1.38827326e+01 -2.30346780e+01
 1.49972556e+01 -2.27924105e+01
 1.63198517e+01 -2.23883163e+01
 1.78676949e+01 -2.18085230e+01
 1.96408305e+01 -2.10499667e+01
 2.16170901e+01 -2.01230732e+01
 2.37502026e+01 -1.90546864e+01
 2.59740311e+01 -1.78885350e+01
 2.82153223e+01 -1.66790019e+01
 3.04129736e+01 -1.54772120e+01
 3.25347985e+01 -1.43158261e+01
 3.45809184e+01 -1.32027693e+01
 3.65719829e+01 -1.21277924e+01
 3.85322725e+01 -1.10751046e+01
 4.04791135e+01 -1.00324515e+01
 4.24213348e+01 -8.99331703e+00
 4.43623071e+01 -7.95514789e+00
 4.63030139e+01 -6.91718629e+00
 4.82436763e+01 -5.87925966e+00
 5.01843326e+01 -4.84133776e+00
 5.21249857e+01 -3.80341775e+00
 5.40656131e+01 -2.76551146e+00
 5.60060463e+01 -1.72770905e+00
 5.79453241e+01 -6.90524625e-01
 5.98792055e+01 3.43773697e-01
 6.17932762e+01 1.36747660e+00
 6.36500892e+01 2.36055642e+00
 6.53764289e+01 3.28385511e+00
 6.68680527e+01 4.08162069e+00
 6.80259781e+01 4.70091424e+00
 6.80259781e+01 4.70091424e+00
 6.80259781e+01 4.70091424e+00
 6.80259781e+01 4.70091424e+00
 6.80259781e+01 4.70091424e+00
 6.80259781e+01 4.70091424e+00
 6.80259781e+01 4.70091424e+00
 6.80259781e+01 4.70091424e+00
 6.80259781e+01 4.70091424e+00
 6.80259781e+01 4.70091424e+00
 6.80259781e+01 4.70091424e+00
 6.80259781e+01 4.70091424e+00
 6.80259781e+01 4.70091424e+00
 6.80259781e+01 4.70091424e+00
 6.80259781e+01 4.70091424e+00
 6.80259781e+01 4.70091424e+00
 6.80259781e+01 4.70091424e+00
 6.80259781e+01 4.70091424e+00
 6.80259781e+01 4.70091424e+00
 6.80259781e+01 4.70091424e+00
 6.80259781e+01 4.70091424e+00
 6.80259781e+01 4.70091424e+00
 6.80259781e+01 4.70091424e+00
 6.80259781e+01 4.70091424e+00
 6.80259781e+01 4.70091424e+00
 6.80259781e+01 4.70091424e+00
 6.80259781e+01 4.70091424e+00
 6.80259781e+01 4.70091424e+00
 6.80259781e+01 4.70091424e+00
 6.80259781e+01 4.70091424e+00
 6.80259781e+01 4.70091424e+00
 6.80259781e+01 4.70091424e+00
 6.80259781e+01 4.70091424e+00
 6.80259781e+01 4.70091424e+00
 6.80259781e+01 4.70091424e+00
 6.80259781e+01 4.70091424e+00
