 0.00000000e+00 0.00000000e+00
 0.00000000e+00 0.00000000e+00
 0.00000000e+00 0.00000000e+00
 0.00000000e+00 0.00000000e+00
 0.00000000e+00 0.00000000e+00
 0.00000000e+00 0.00000000e+00
 0.00000000e+00 0.00000000e+00
 0.00000000e+00 0.00000000e+00
 -1.29510243e-01 -1.38275918e-02
 -3.11532727e-01 -4.63874714e-02
 -5.44267282e-01 -1.12012130e-01
 -8.24130358e-01 -2.27830154e-01
 -1.14988884e+00 -4.11253335e-01
 -1.52366708e+00 -6.78118218e-01
 -1.94897410e+00 -1.04183340e+00
 -2.42783078e+00 -1.51283130e+00
 -2.95876181e+00 -2.09783240e+00
 -3.53617851e+00 -2.79909732e+00
 -4.15081629e+00 -3.61411303e+00
 -4.79060249e+00 -4.53612635e+00
 -5.44146399e+00 -5.55562144e+00
 -6.08808739e+00 -6.66224749e+00
 -6.71504278e+00 -7.84639594e+00
 -7.30832427e+00 -9.09990686e+00
 -7.85660140e+00 -1.04158341e+01
 -8.35143460e+00 -1.17874529e+01
 -8.78652811e+00 -1.32067432e+01
 -9.15671220e+00 -1.46625441e+01
 -9.45733462e+00 -1.61387481e+01
 -9.68442998e+00 -1.76133427e+01
 -9.83521044e+00 -1.90591506e+01
 -9.90760542e+00 -2.04463494e+01
 -9.89859654e+00 -2.17459278e+01
 -9.80310025e+00 -2.29329320e+01
 -9.61474398e+00 -2.39886643e+01
 -9.32751979e+00 -2.49015475e+01
 -8.93672679e+00 -2.56668458e+01
 -8.43900499e+00 -2.62855180e+01
 -7.83199253e+00 -2.67621877e+01
 -7.11384470e+00 -2.71021382e+01
 -6.28275682e+00 -2.73078919e+01
 -5.33691711e+00 -2.73769391e+01
 -4.27533781e+00 -2.73021897e+01
 -3.09941557e+00 -2.70748553e+01
 -1.81438846e+00 -2.66875188e+01
 -4.29973318e-01 -2.61357936e+01
 1.03972561e+00 -2.54192522e+01
 2.57646143e+00 -2.45427425e+01
 4.15804170e+00 -2.35176681e+01
 5.75899798e+00 -2.23620530e+01
 7.35231779e+00 -2.10990536e+01
 8.91197984e+00 -1.97546249e+01
 1.04152999e+01 -1.83554042e+01
 1.18442901e+01 -1.69275749e+01
 1.31857597e+01 -1.54968632e+01
 1.44302158e+01 -1.40892034e+01
 1.55701669e+01 -1.27312649e+01
 1.65989492e+01 -1.14501726e+01
 1.75107458e+01 -1.02722453e+01
 1.83013662e+01 -9.22098231e+00
 1.89689496e+01 -8.31468867e+00
 1.95143673e+01 -7.56427683e+00
 1.99416567e+01 -6.97187341e+00
 2.02585747e+01 -6.53062773e+00
 2.04767645e+01 -6.22569354e+00
 2.06108141e+01 -6.03640195e+00
 2.06758769e+01 -5.94006545e+00
 2.06845595e+01 -5.91716626e+00
 2.06447663e+01 -5.95566912e+00
 2.05595964e+01 -6.05179987e+00
 2.04285710e+01 -6.20751520e+00
 2.02490186e+01 -6.42761928e+00
 2.00175409e+01 -6.71854305e+00
 1.97316346e+01 -7.08800499e+00
 1.93907833e+01 -7.54386586e+00
 1.89966355e+01 -8.09189020e+00
 1.85528363e+01 -8.73363852e+00
 1.80650838e+01 -9.46578864e+00
 1.75413091e+01 -1.02810005e+01
 1.69915421e+01 -1.11692468e+01
 1.64272648e+01 -1.21185203e+01
 1.58605858e+01 -1.31149313e+01
 1.53036753e+01 -1.41430963e+01
 1.47682943e+01 -1.51874174e+01
 1.42649750e+01 -1.62338743e+01
 1.38020494e+01 -1.72714309e+01
 1.33851396e+01 -1.82924521e+01
 1.30172768e+01 -1.92922319e+01
 1.26994413e+01 -2.02681448e+01
 1.24313615e+01 -2.12187119e+01
 1.22122450e+01 -2.21424474e+01
 1.20410619e+01 -2.30364368e+01
 1.19167727e+01 -2.38951857e+01
 1.18394190e+01 -2.47104961e+01
 1.18116866e+01 -2.54724358e+01
 1.18390025e+01 -2.61705721e+01
 1.19276489e+01 -2.67946840e+01
 1.20832011e+01 -2.73350590e+01
 1.23111479e+01 -2.77830809e+01
 1.26184637e+01 -2.81324131e+01
 1.30139695e+01 -2.83801301e+01
 1.35072223e+01 -2.85266187e+01
 1.41070694e+01 -2.85738058e+01
 1.48204600e+01 -2.85230124e+01
 1.56510445e+01 -2.83746140e+01
 1.65971157e+01 -2.81301407e+01
 1.76494361e+01 -2.77949439e+01
 1.87900138e+01 -2.73791628e+01
 1.99923331e+01 -2.68967238e+01
 2.12230481e+01 -2.63637989e+01
 2.24455427e+01 -2.57977666e+01
 2.36260808e+01 -2.52162980e+01
 2.47418885e+01 -2.46356655e+01
 2.57875604e+01 -2.40682488e+01
 2.67748757e+01 -2.35203998e+01
 2.77248471e+01 -2.29921161e+01
 2.86571888e+01 -2.24789685e+01
 2.95841436e+01 -2.19751761e+01
 3.05106798e+01 -2.14760360e+01
 3.14378013e+01 -2.09787559e+01
 3.23653109e+01 -2.04820718e+01
 3.32929621e+01 -1.99855402e+01
 3.42206492e+01 -1.94890396e+01
 3.51483430e+01 -1.89925439e+01
 3.60760377e+01 -1.84960490e+01
 3.70037312e+01 -1.79995548e+01
 3.79314125e+01 -1.75030672e+01
 3.88590010e+01 -1.70066292e+01
 3.97860371e+01 -1.65104869e+01
 4.07104936e+01 -1.60157251e+01
 4.16254799e+01 -1.55260318e+01
 4.25130953e+01 -1.50509871e+01
 4.33383403e+01 -1.46093226e+01
 4.40513837e+01 -1.42277074e+01
 4.46049087e+01 -1.39314653e+01
 4.46049087e+01 -1.39314653e+01
 4.46049087e+01 -1.39314653e+01
 4.46049087e+01 -1.39314653e+01
 4.46049087e+01 -1.39314653e+01
 4.46049087e+01 -1.39314653e+01
 4.46049087e+01 -1.39314653e+01
 4.46049087e+01 -1.39314653e+01
 4.46049087e+01 -1.39314653e+01
 4.46049087e+01 -1.39314653e+01
 4.46049087e+01 -1.39314653e+01
 4.46049087e+01 -1.39314653e+01
 4.46049087e+01 -1.39314653e+01
 4.46049087e+01 -1.39314653e+01
 4.46049087e+01 -1.39314653e+01
 4.46049087e+01 -1.39314653e+01
 4.46049087e+01 -1.39314653e+01
 4.46049087e+01 -1.39314653e+01
 4.46049087e+01 -1.39314653e+01
 4.46049087e+01 -1.39314653e+01
 4.46049087e+01 -1.39314653e+01
 4.46049087e+01 -1.39314653e+01
 4.46049087e+01 -1.39314653e+01
 4.46049087e+01 -1.39314653e+01
 4.46049087e+01 -1.39314653e+01
 4.46049087e+01 -1.39314653e+01
 4.46049087e+01 -1.39314653e+01
 4.46049087e+01 -1.39314653e+01
 4.46049087e+01 -1.39314653e+01
 4.46049087e+01 -1.39314653e+01
 4.46049087e+01 -1.39314653e+01
 4.46049087e+01 -1.39314653e+01
