 0.00000000e+00 0.00000000e+00
 0.00000000e+00 0.00000000e+00
 0.00000000e+00 0.00000000e+00
 0.00000000e+00 0.00000000e+00
 0.00000000e+00 0.00000000e+00
 0.00000000e+00 0.00000000e+00
 0.00000000e+00 0.00000000e+00
 0.00000000e+00 0.00000000e+00
 0.00000000e+00 0.00000000e+00
 0.00000000e+00 0.00000000e+00
 0.00000000e+00 0.00000000e+00
 2.33343161e-01 1.92495140e-01
 4.78766619e-01 4.14146634e-01
 6.79644995e-01 6.25399693e-01
 7.89231898e-01 7.81642703e-01
 7.86412947e-01 8.41127389e-01
 6.75554763e-01 7.68336569e-01
 4.74906328e-01 5.35136292e-01
 2.03385397e-01 1.20997744e-01
 -1.26350312e-01 -4.87579335e-01
 -5.07178405e-01 -1.29734486e+00
 -9.33599919e-01 -2.30717732e+00
 -1.39951237e+00 -3.50667340e+00
 -1.89880501e+00 -4.87698786e+00
 -2.42694166e+00 -6.39482019e+00
 -2.98180769e+00 -8.03760782e+00
 -3.56367024e+00 -9.78722961e+00
 -4.17473954e+00 -1.16312583e+01
 -4.81836612e+00 -1.35626213e+01
 -5.49775658e+00 -1.55785814e+01
 -6.21455615e+00 -1.76789248e+01
 -6.96793499e+00 -1.98630139e+01
 -7.75457786e+00 -2.21262345e+01
 -8.56930063e+00 -2.44569608e+01
 -9.40526047e+00 -2.68348149e+01
 -1.02528624e+01 -2.92306692e+01
 -1.10978876e+01 -3.16088210e+01
 -1.19207021e+01 -3.39310993e+01
 -1.26979969e+01 -3.61613754e+01
 -1.34065404e+01 -3.82685684e+01
 -1.40268077e+01 -4.02274104e+01
 -1.45448684e+01 -4.20179238e+01
 -1.49530736e+01 -4.36252690e+01
 -1.52511894e+01 -4.50406418e+01
 -1.54479502e+01 -4.62621912e+01
 -1.55606018e+01 -4.72945384e+01
 -1.56106863e+01 -4.81468313e+01
 -1.56181153e+01 -4.88304237e+01
 -1.55975221e+01 -4.93568404e+01
 -1.55580202e+01 -4.97357126e+01
 -1.55039430e+01 -4.99724447e+01
 -1.54347677e+01 -5.00663919e+01
 -1.53451993e+01 -5.00107692e+01
 -1.52265941e+01 -4.97944856e+01
 -1.50689297e+01 -4.94047616e+01
 -1.48619774e+01 -4.88294686e+01
 -1.45957754e+01 -4.80593048e+01
 -1.42613898e+01 -4.70903129e+01
 -1.38521927e+01 -4.59265548e+01
 -1.33649288e+01 -4.45823262e+01
 -1.27999797e+01 -4.30834220e+01
 -1.21611148e+01 -4.14668021e+01
 -1.14554122e+01 -3.97778868e+01
 -1.06933738e+01 -3.80657140e+01
 -9.88840481e+00 -3.63776882e+01
 -9.05514916e+00 -3.47558228e+01
 -8.20746594e+00 -3.32349491e+01
 -7.35727337e+00 -3.18418315e+01
 -6.51442419e+00 -3.05939616e+01
 -5.68679875e+00 -2.94982322e+01
 -4.88006725e+00 -2.85511376e+01
 -4.09733178e+00 -2.77415899e+01
 -3.33917093e+00 -2.70552969e+01
 -2.60440981e+00 -2.64785716e+01
 -1.89142302e+00 -2.60004920e+01
 -1.19925272e+00 -2.56136892e+01
 -5.27873108e-01 -2.53141480e+01
 1.22267197e-01 -2.51000693e+01
 7.50538079e-01 -2.49703949e+01
 1.35561826e+00 -2.49243108e+01
 1.93459228e+00 -2.49621725e+01
 2.48259696e+00 -2.50863653e+01
 2.99331669e+00 -2.53003528e+01
 3.45979971e+00 -2.56061932e+01
 3.87514055e+00 -2.60024234e+01
 4.23308768e+00 -2.64835779e+01
 4.52865640e+00 -2.70410793e+01
 4.75847653e+00 -2.76646361e+01
 4.92049694e+00 -2.83436060e+01
 5.01291101e+00 -2.90681772e+01
 5.03266160e+00 -2.98304152e+01
 4.97452426e+00 -3.06252024e+01
 4.83175986e+00 -3.14507948e+01
 4.59797968e+00 -3.23084240e+01
 4.26861163e+00 -3.32006586e+01
 3.84116220e+00 -3.41290954e+01
 3.31515330e+00 -3.50925919e+01
 2.69261968e+00 -3.60869236e+01
 1.97882162e+00 -3.71055664e+01
 1.18248346e+00 -3.81404360e+01
 3.15496217e-01 -3.91818349e+01
 -6.07645583e-01 -4.02179959e+01
 -1.57053858e+00 -4.12350476e+01
 -2.55557866e+00 -4.22176070e+01
 -3.54454222e+00 -4.31495215e+01
 -4.51925251e+00 -4.40143415e+01
 -5.46289211e+00 -4.47956893e+01
 -6.36206608e+00 -4.54780017e+01
 -7.20870760e+00 -4.60477694e+01
 -8.00061567e+00 -4.64948821e+01
 -8.74025283e+00 -4.68135530e+01
 -9.43238430e+00 -4.70024343e+01
 -1.00814106e+01 -4.70638687e+01
 -1.06890980e+01 -4.70029214e+01
 -1.12532268e+01 -4.68271757e+01
 -1.17677619e+01 -4.65475595e+01
 -1.22255628e+01 -4.61798072e+01
 -1.26239218e+01 -4.57459707e+01
 -1.29700366e+01 -4.52741630e+01
 -1.32811685e+01 -4.47938626e+01
 -1.35777483e+01 -4.43275376e+01
 -1.38747011e+01 -4.38845425e+01
 -1.41778954e+01 -4.34623597e+01
 -1.44867736e+01 -4.30532592e+01
 -1.47988160e+01 -4.26503339e+01
 -1.51121172e+01 -4.22496476e+01
 -1.54257936e+01 -4.18495909e+01
 -1.57395555e+01 -4.14496720e+01
 -1.60533324e+01 -4.10497767e+01
 -1.63671113e+01 -4.06498846e+01
 -1.66808900e+01 -4.02499933e+01
 -1.69946645e+01 -3.98501073e+01
 -1.73084077e+01 -3.94502614e+01
 -1.76219640e+01 -3.90506535e+01
 -1.79346478e+01 -3.86521576e+01
 -1.82441285e+01 -3.82577440e+01
 -1.85443514e+01 -3.78751288e+01
 -1.88234783e+01 -3.75193990e+01
 -1.90646548e+01 -3.72120348e+01
 -1.92518765e+01 -3.69734325e+01
 -1.92518765e+01 -3.69734325e+01
 -1.92518765e+01 -3.69734325e+01
 -1.92518765e+01 -3.69734325e+01
 -1.92518765e+01 -3.69734325e+01
 -1.92518765e+01 -3.69734325e+01
 -1.92518765e+01 -3.69734325e+01
 -1.92518765e+01 -3.69734325e+01
 -1.92518765e+01 -3.69734325e+01
 -1.92518765e+01 -3.69734325e+01
 -1.92518765e+01 -3.69734325e+01
 -1.92518765e+01 -3.69734325e+01
 -1.92518765e+01 -3.69734325e+01
 -1.92518765e+01 -3.69734325e+01
 -1.92518765e+01 -3.69734325e+01
 -1.92518765e+01 -3.69734325e+01
 -1.92518765e+01 -3.69734325e+01
 -1.92518765e+01 -3.69734325e+01
 -1.92518765e+01 -3.69734325e+01
 -1.92518765e+01 -3.69734325e+01
 -1.92518765e+01 -3.69734325e+01
 -1.92518765e+01 -3.69734325e+01
 -1.92518765e+01 -3.69734325e+01
 -1.92518765e+01 -3.69734325e+01
 -1.92518765e+01 -3.69734325e+01
 -1.92518765e+01 -3.69734325e+01
 -1.92518765e+01 -3.69734325e+01
 -1.92518765e+01 -3.69734325e+01
 -1.92518765e+01 -3.69734325e+01
 -1.92518765e+01 -3.69734325e+01
 -1.92518765e+01 -3.69734325e+01
 -1.92518765e+01 -3.69734325e+01
 -1.92518765e+01 -3.69734325e+01
 -1.92518765e+01 -3.69734325e+01
 -1.92518765e+01 -3.69734325e+01
