 0.00000000e+00 0.00000000e+00
 0.00000000e+00 0.00000000e+00
 0.00000000e+00 0.00000000e+00
 0.00000000e+00 0.00000000e+00
 0.00000000e+00 0.00000000e+00
 0.00000000e+00 0.00000000e+00
 0.00000000e+00 0.00000000e+00
 -4.37147911e-02 -4.16038330e-03
 -1.11320222e-01 -1.55033810e-02
 -2.06061354e-01 -4.14808609e-02
 -3.29609588e-01 -9.25684487e-02
 -4.82633909e-01 -1.81097016e-01
 -6.65351147e-01 -3.20009306e-01
 -8.77786233e-01 -5.22422176e-01
 -1.11964862e+00 -8.01864969e-01
 -1.39008825e+00 -1.17247255e+00
 -1.68752504e+00 -1.64861206e+00
 -2.00943528e+00 -2.24376309e+00
 -2.35208171e+00 -2.96881564e+00
 -2.71043554e+00 -3.83040221e+00
 -3.07840770e+00 -4.82996525e+00
 -3.44916330e+00 -5.96365224e+00
 -3.81527884e+00 -7.22242021e+00
 -4.16877128e+00 -8.59182461e+00
 -4.50110525e+00 -1.00518124e+01
 -4.80320314e+00 -1.15772664e+01
 -5.06553175e+00 -1.31394280e+01
 -5.27836521e+00 -1.47075739e+01
 -5.43217945e+00 -1.62504219e+01
 -5.51808488e+00 -1.77373352e+01
 -5.52841349e+00 -1.91396281e+01
 -5.45767479e+00 -2.04320399e+01
 -5.30351685e+00 -2.15941323e+01
 -5.06658358e+00 -2.26111539e+01
 -4.74871455e+00 -2.34739056e+01
 -4.35048611e+00 -2.41775128e+01
 -3.86948240e+00 -2.47195740e+01
 -3.29966461e+00 -2.50984294e+01
 -2.63166342e+00 -2.53119878e+01
 -1.85419298e+00 -2.53570909e+01
 -9.56732903e-01 -2.52294969e+01
 6.72280995e-02 -2.49249729e+01
 1.21760687e+00 -2.44415207e+01
 2.48653820e+00 -2.37816347e+01
 3.85858017e+00 -2.29534645e+01
 5.31211216e+00 -2.19708148e+01
 6.82189873e+00 -2.08522494e+01
 8.36271637e+00 -1.96190425e+01
 9.91338312e+00 -1.82920286e+01
 1.14597990e+01 -1.68886707e+01
 1.29954221e+01 -1.54220980e+01
 1.45185668e+01 -1.39026816e+01
 1.60275578e+01 -1.23411760e+01
 1.75158630e+01 -1.07518939e+01
 1.89692189e+01 -9.15478422e+00
 2.03657341e+01 -7.57597122e+00
 2.16785710e+01 -6.04686709e+00
 2.28797859e+01 -4.60213533e+00
 2.39440179e+01 -3.27655036e+00
 2.48516841e+01 -2.10081625e+00
 2.55918666e+01 -1.09709199e+00
 2.61643761e+01 -2.75676921e-01
 2.65795648e+01 3.65797799e-01
 2.68550599e+01 8.40216012e-01
 2.70105554e+01 1.16652260e+00
 2.70630378e+01 1.36453188e+00
 2.70242178e+01 1.45085741e+00
 2.69004040e+01 1.43711150e+00
 2.66939160e+01 1.33003500e+00
 2.64050186e+01 1.13225653e+00
 2.60338914e+01 8.42976409e-01
 2.55823790e+01 4.59020313e-01
 2.50551004e+01 -2.33268145e-02
 2.44595846e+01 -6.06289492e-01
 2.38055781e+01 -1.28934477e+00
 2.31040333e+01 -2.06909537e+00
 2.23662009e+01 -2.93994148e+00
 2.16028847e+01 -3.89506844e+00
 2.08238405e+01 -4.92736052e+00
 2.00375212e+01 -6.02989308e+00
 1.92513169e+01 -7.19583654e+00
 1.84720324e+01 -8.41800789e+00
 1.77061667e+01 -9.68858304e+00
 1.69598006e+01 -1.09993435e+01
 1.62382619e+01 -1.23423066e+01
 1.55460480e+01 -1.37100164e+01
 1.48876206e+01 -1.50948086e+01
 1.42691544e+01 -1.64872481e+01
 1.37001599e+01 -1.78748416e+01
 1.31934843e+01 -1.92420330e+01
 1.27634807e+01 -2.05715013e+01
 1.24237623e+01 -2.18458125e+01
 1.21859072e+01 -2.30483646e+01
 1.20590728e+01 -2.41634044e+01
 1.20497185e+01 -2.51759028e+01
 1.21612342e+01 -2.60721227e+01
 1.23941041e+01 -2.68406503e+01
 1.27472403e+01 -2.74728126e+01
 1.32203414e+01 -2.79619058e+01
 1.38162041e+01 -2.83018829e+01
 1.45416493e+01 -2.84865071e+01
 1.54064390e+01 -2.85092919e+01
 1.64206281e+01 -2.83642302e+01
 1.75914041e+01 -2.80476262e+01
 1.89204282e+01 -2.75607821e+01
 2.04021580e+01 -2.69119466e+01
 2.20229483e+01 -2.61161656e+01
 2.37604801e+01 -2.51937417e+01
 2.55833752e+01 -2.41691380e+01
 2.74513475e+01 -2.30709850e+01
 2.93165118e+01 -2.19321704e+01
 3.11263127e+01 -2.07887113e+01
 3.28282617e+01 -1.96769412e+01
 3.43769437e+01 -1.86291871e+01
 3.57438494e+01 -1.76682355e+01
 3.69280927e+01 -1.68015965e+01
 3.79611446e+01 -1.60185804e+01
 3.88978378e+01 -1.52940803e+01
 3.97950353e+01 -1.45991067e+01
 4.06914586e+01 -1.39118120e+01
 4.16018885e+01 -1.32218835e+01
 4.25252691e+01 -1.25275950e+01
 4.34558495e+01 -1.18305336e+01
 4.43892853e+01 -1.11323049e+01
 4.53235698e+01 -1.04337176e+01
 4.62580471e+01 -9.73504720e+00
 4.71925582e+01 -9.03636204e+00
 4.81270737e+01 -8.33767494e+00
 4.90615885e+01 -7.63898857e+00
 4.99960910e+01 -6.94031140e+00
 5.09305000e+01 -6.24170414e+00
 5.18643525e+01 -5.54351290e+00
 5.27956065e+01 -4.84726446e+00
 5.37173207e+01 -4.15814844e+00
 5.46114626e+01 -3.48964666e+00
 5.54427756e+01 -2.86811875e+00
 5.61610619e+01 -2.33109473e+00
 5.67186569e+01 -1.91421098e+00
 5.67186569e+01 -1.91421098e+00
 5.67186569e+01 -1.91421098e+00
 5.67186569e+01 -1.91421098e+00
 5.67186569e+01 -1.91421098e+00
 5.67186569e+01 -1.91421098e+00
 5.67186569e+01 -1.91421098e+00
 5.67186569e+01 -1.91421098e+00
 5.67186569e+01 -1.91421098e+00
 5.67186569e+01 -1.91421098e+00
 5.67186569e+01 -1.91421098e+00
 5.67186569e+01 -1.91421098e+00
 5.67186569e+01 -1.91421098e+00
 5.67186569e+01 -1.91421098e+00
 5.67186569e+01 -1.91421098e+00
 5.67186569e+01 -1.91421098e+00
 5.67186569e+01 -1.91421098e+00
 5.67186569e+01 -1.91421098e+00
 5.67186569e+01 -1.91421098e+00
 5.67186569e+01 -1.91421098e+00
 5.67186569e+01 -1.91421098e+00
 5.67186569e+01 -1.91421098e+00
 5.67186569e+01 -1.91421098e+00
 5.67186569e+01 -1.91421098e+00
 5.67186569e+01 -1.91421098e+00
 5.67186569e+01 -1.91421098e+00
 5.67186569e+01 -1.91421098e+00
 5.67186569e+01 -1.91421098e+00
 5.67186569e+01 -1.91421098e+00
