 0.00000000e+00 0.00000000e+00
 0.00000000e+00 0.00000000e+00
 0.00000000e+00 0.00000000e+00
 0.00000000e+00 0.00000000e+00
 0.00000000e+00 0.00000000e+00
 0.00000000e+00 0.00000000e+00
 -2.64541810e-02 9.84991007e-03
 -8.29516413e-02 1.40711574e-02
 -1.83725289e-01 1.03077128e-03
 -3.36709460e-01 -4.34777277e-02
 -5.39106319e-01 -1.33283154e-01
 -7.79223476e-01 -2.79812546e-01
 -1.04294911e+00 -4.91828435e-01
 -1.31954317e+00 -7.76633527e-01
 -1.60332221e+00 -1.14146337e+00
 -1.89204892e+00 -1.59375293e+00
 -2.18478724e+00 -2.14017100e+00
 -2.48088445e+00 -2.78540944e+00
 -2.77986797e+00 -3.53153856e+00
 -3.08139943e+00 -4.37789488e+00
 -3.38498792e+00 -5.32109302e+00
 -3.68968224e+00 -6.35502456e+00
 -3.99382121e+00 -7.47097406e+00
 -4.29469692e+00 -8.65792511e+00
 -4.58823312e+00 -9.90304050e+00
 -4.86905265e+00 -1.11922286e+01
 -5.13092538e+00 -1.25104370e+01
 -5.36698532e+00 -1.38411473e+01
 -5.56940219e+00 -1.51650360e+01
 -5.72918385e+00 -1.64587727e+01
 -5.83670109e+00 -1.76954642e+01
 -5.88205088e+00 -1.88473884e+01
 -5.85417837e+00 -1.98897828e+01
 -5.73995103e+00 -2.08034215e+01
 -5.52538106e+00 -2.15748582e+01
 -5.19847344e+00 -2.21953961e+01
 -4.75103256e+00 -2.26605156e+01
 -4.17867756e+00 -2.29699888e+01
 -3.48060426e+00 -2.31274020e+01
 -2.65980172e+00 -2.31383471e+01
 -1.72293420e+00 -2.30082301e+01
 -6.79584986e-01 -2.27411448e+01
 4.58347868e-01 -2.23402120e+01
 1.67656068e+00 -2.18086658e+01
 2.95820834e+00 -2.11507353e+01
 4.28493092e+00 -2.03718098e+01
 5.63935534e+00 -1.94779097e+01
 7.00787481e+00 -1.84748480e+01
 8.38201656e+00 -1.73676557e+01
 9.75762768e+00 -1.61609448e+01
 1.11323083e+01 -1.48606581e+01
 1.25020751e+01 -1.34769301e+01
 1.38582471e+01 -1.20269824e+01
 1.51854397e+01 -1.05367988e+01
 1.64613880e+01 -9.04086914e+00
 1.76588632e+01 -7.58001959e+00
 1.87492918e+01 -6.19772054e+00
 1.97072405e+01 -4.93532146e+00
 2.05147278e+01 -3.82687878e+00
 2.11642713e+01 -2.89471849e+00
 2.16598738e+01 -2.14701995e+00
 2.20158230e+01 -1.57803990e+00
 2.22539193e+01 -1.17050703e+00
 2.24000306e+01 -8.99165695e-01
 2.24804774e+01 -7.34896696e-01
 2.25182673e+01 -6.49535963e-01
 2.25294575e+01 -6.21130182e-01
 2.25206467e+01 -6.37886824e-01
 2.24887651e+01 -6.98634883e-01
 2.24235357e+01 -8.09871330e-01
 2.23116148e+01 -9.82183268e-01
 2.21403361e+01 -1.22836792e+00
 2.18993777e+01 -1.56270201e+00
 2.15805651e+01 -1.99960894e+00
 2.11774871e+01 -2.55146796e+00
 2.06860890e+01 -3.22678530e+00
 2.01059013e+01 -4.02951941e+00
 1.94410250e+01 -4.95896996e+00
 1.87005859e+01 -6.00920384e+00
 1.78988236e+01 -7.16793890e+00
 1.70548367e+01 -8.41579983e+00
 1.61918037e+01 -9.72680314e+00
 1.53355859e+01 -1.10701958e+01
 1.45128327e+01 -1.24131361e+01
 1.37488904e+01 -1.37234311e+01
 1.30658609e+01 -1.49717358e+01
 1.24809992e+01 -1.61332037e+01
 1.20054321e+01 -1.71888994e+01
 1.16432716e+01 -1.81269202e+01
 1.13915719e+01 -1.89427172e+01
 1.12416417e+01 -1.96382946e+01
 1.11815409e+01 -2.02205563e+01
 1.11986746e+01 -2.06994589e+01
 1.12814393e+01 -2.10865131e+01
 1.14201773e+01 -2.13936389e+01
 1.16084859e+01 -2.16320175e+01
 1.18448245e+01 -2.18109208e+01
 1.21330209e+01 -2.19369275e+01
 1.24809163e+01 -2.20135770e+01
 1.28980923e+01 -2.20409235e+01
 1.33940811e+01 -2.20150236e+01
 1.39774416e+01 -2.19285176e+01
 1.46551243e+01 -2.17729091e+01
 1.54316033e+01 -2.15411542e+01
 1.63079246e+01 -2.12289105e+01
 1.72811159e+01 -2.08347227e+01
 1.83439465e+01 -2.03603515e+01
 1.94846685e+01 -1.98113823e+01
 2.06867847e+01 -1.91974044e+01
 2.19293654e+01 -1.85314783e+01
 2.31881146e+01 -1.78292025e+01
 2.44368074e+01 -1.71076653e+01
 2.56486694e+01 -1.63842950e+01
 2.67976470e+01 -1.56756120e+01
 2.78599004e+01 -1.49960909e+01
 2.88158237e+01 -1.43573609e+01
 2.96522882e+01 -1.37677501e+01
 3.03644921e+01 -1.32318884e+01
 3.09573903e+01 -1.27500142e+01
 3.14468269e+01 -1.23171662e+01
 3.18589839e+01 -1.19233108e+01
 3.22256704e+01 -1.15554353e+01
 3.25756867e+01 -1.12011434e+01
 3.29272461e+01 -1.08517054e+01
 3.32866508e+01 -1.05028133e+01
 3.36527911e+01 -1.01532628e+01
 3.40225830e+01 -9.80315444e+00
 3.43938058e+01 -9.45279140e+00
 3.47654511e+01 -9.10234741e+00
 3.51371920e+01 -8.75188435e+00
 3.55089495e+01 -8.40141788e+00
 3.58807093e+01 -8.05095097e+00
 3.62524689e+01 -7.70048449e+00
 3.66242235e+01 -7.35002263e+00
 3.69959409e+01 -6.99959584e+00
 3.73674370e+01 -6.64937773e+00
 3.77378994e+01 -6.30013414e+00
 3.81045667e+01 -5.95446822e+00
 3.84602655e+01 -5.61914257e+00
 3.87909703e+01 -5.30737937e+00
 3.90767119e+01 -5.03800398e+00
 3.92985289e+01 -4.82889188e+00
 3.92985289e+01 -4.82889188e+00
 3.92985289e+01 -4.82889188e+00
 3.92985289e+01 -4.82889188e+00
 3.92985289e+01 -4.82889188e+00
 3.92985289e+01 -4.82889188e+00
 3.92985289e+01 -4.82889188e+00
 3.92985289e+01 -4.82889188e+00
 3.92985289e+01 -4.82889188e+00
 3.92985289e+01 -4.82889188e+00
 3.92985289e+01 -4.82889188e+00
 3.92985289e+01 -4.82889188e+00
 3.92985289e+01 -4.82889188e+00
 3.92985289e+01 -4.82889188e+00
 3.92985289e+01 -4.82889188e+00
 3.92985289e+01 -4.82889188e+00
 3.92985289e+01 -4.82889188e+00
 3.92985289e+01 -4.82889188e+00
 3.92985289e+01 -4.82889188e+00
 3.92985289e+01 -4.82889188e+00
 3.92985289e+01 -4.82889188e+00
 3.92985289e+01 -4.82889188e+00
 3.92985289e+01 -4.82889188e+00
 3.92985289e+01 -4.82889188e+00
 3.92985289e+01 -4.82889188e+00
