 0.00000000e+00 0.00000000e+00
 0.00000000e+00 0.00000000e+00
 0.00000000e+00 0.00000000e+00
 0.00000000e+00 0.00000000e+00
 -3.08497775e-02 -5.71215334e-03
 -8.52905550e-02 -2.10787082e-02
 -1.68442611e-01 -5.58822599e-02
 -2.82153942e-01 -1.23882449e-01
 -4.26314949e-01 -2.41693489e-01
 -6.00366318e-01 -4.27643372e-01
 -8.02997932e-01 -7.01059720e-01
 -1.03049621e+00 -1.08136908e+00
 -1.27570022e+00 -1.58645616e+00
 -1.52866460e+00 -2.23044349e+00
 -1.77843310e+00 -3.02124787e+00
 -2.01458042e+00 -3.95828995e+00
 -2.22773114e+00 -5.03111701e+00
 -2.40946292e+00 -6.21974453e+00
 -2.55280816e+00 -7.49669419e+00
 -2.65384012e+00 -8.82986119e+00
 -2.71287587e+00 -1.01854239e+01
 -2.73334018e+00 -1.15306428e+01
 -2.71892354e+00 -1.28366301e+01
 -2.67210811e+00 -1.40807316e+01
 -2.59545717e+00 -1.52476713e+01
 -2.49343038e+00 -1.63289690e+01
 -2.37214536e+00 -1.73212550e+01
 -2.23734916e+00 -1.82246363e+01
 -2.09253446e+00 -1.90415240e+01
 -1.93826788e+00 -1.97755212e+01
 -1.77251030e+00 -2.04301559e+01
 -1.59138348e+00 -2.10078722e+01
 -1.39008207e+00 -2.15097874e+01
 -1.16372386e+00 -2.19362788e+01
 -9.07832292e-01 -2.22879326e+01
 -6.18335566e-01 -2.25661455e+01
 -2.91432386e-01 -2.27728932e+01
 7.62681085e-02 -2.29097714e+01
 4.87421163e-01 -2.29769337e+01
 9.43843767e-01 -2.29725443e+01
 1.44678019e+00 -2.28927840e+01
 1.99730969e+00 -2.27319877e+01
 2.59663892e+00 -2.24827598e+01
 3.24616434e+00 -2.21364457e+01
 3.94728512e+00 -2.16841964e+01
 4.70111925e+00 -2.11182239e+01
 5.50838420e+00 -2.04327460e+01
 6.36931342e+00 -1.96247270e+01
 7.28302626e+00 -1.86948695e+01
 8.24620991e+00 -1.76488862e+01
 9.25190772e+00 -1.64985374e+01
 1.02892543e+01 -1.52619699e+01
 1.13439643e+01 -1.39634271e+01
 1.23985838e+01 -1.26327207e+01
 1.34321573e+01 -1.13045182e+01
 1.44204785e+01 -1.00168850e+01
 1.53382848e+01 -8.80846015e+00
 1.61629256e+01 -7.71441259e+00
 1.68775133e+01 -6.76220085e+00
 1.74723069e+01 -5.96842928e+00
 1.79447562e+01 -5.33771378e+00
 1.82991836e+01 -4.86368909e+00
 1.85463869e+01 -4.53153552e+00
 1.87025109e+01 -4.32125784e+00
 1.87861723e+01 -4.21128329e+00
 1.88138277e+01 -4.18198365e+00
 1.87955940e+01 -4.21842271e+00
 1.87345474e+01 -4.31161724e+00
 1.86298388e+01 -4.45798963e+00
 1.84806195e+01 -4.65726803e+00
 1.82880266e+01 -4.90975028e+00
 1.80552346e+01 -5.21412184e+00
 1.77868687e+01 -5.56643381e+00
 1.74885412e+01 -5.95997611e+00
 1.71667665e+01 -6.38564656e+00
 1.68291172e+01 -6.83293989e+00
 1.64839040e+01 -7.29177429e+00
 1.61388725e+01 -7.75460747e+00
 1.57995923e+01 -8.21768115e+00
 1.54688127e+01 -8.68081221e+00
 1.51471252e+01 -9.14630247e+00
 1.48340916e+01 -9.61783173e+00
 1.45290463e+01 -1.00995332e+01
 1.42316344e+01 -1.05949647e+01
 1.39424622e+01 -1.11059422e+01
 1.36638036e+01 -1.16316516e+01
 1.33999096e+01 -1.21684371e+01
 1.31566841e+01 -1.27102533e+01
 1.29410076e+01 -1.32495665e+01
 1.27598951e+01 -1.37786278e+01
 1.26190095e+01 -1.42909782e+01
 1.25204159e+01 -1.47826740e+01
 1.24612419e+01 -1.52526742e+01
 1.24354352e+01 -1.57023006e+01
 1.24380992e+01 -1.61341839e+01
 1.24685916e+01 -1.65512682e+01
 1.25291938e+01 -1.69561973e+01
 1.26207507e+01 -1.73509077e+01
 1.27398817e+01 -1.77360690e+01
 1.28801442e+01 -1.81104818e+01
 1.30349715e+01 -1.84709846e+01
 1.31991217e+01 -1.88130978e+01
 1.33681417e+01 -1.91319765e+01
 1.35376722e+01 -1.94230257e+01
 1.37039761e+01 -1.96818953e+01
 1.38653418e+01 -1.99041353e+01
 1.40232542e+01 -2.00850770e+01
 1.41829736e+01 -2.02201236e+01
 1.43539907e+01 -2.03047351e+01
 1.45505031e+01 -2.03330590e+01
 1.47913416e+01 -2.02955690e+01
 1.50988691e+01 -2.01781030e+01
 1.54970934e+01 -1.99641388e+01
 1.60096354e+01 -1.96388585e+01
 1.66579313e+01 -1.91919605e+01
 1.74595953e+01 -1.86182886e+01
 1.84266933e+01 -1.79176417e+01
 1.95636404e+01 -1.70949893e+01
 2.08645342e+01 -1.61612192e+01
 2.23104578e+01 -1.51340688e+01
 2.38682300e+01 -1.40386189e+01
 2.54921440e+01 -1.29063389e+01
 2.71295423e+01 -1.17717538e+01
 2.87302106e+01 -1.06666979e+01
 3.02578683e+01 -9.61346677e+00
 3.16991512e+01 -8.61964095e+00
 3.30642562e+01 -7.67789945e+00
 3.43775838e+01 -6.77187561e+00
 3.56642514e+01 -5.88468124e+00
 3.69411706e+01 -5.00472948e+00
 3.82160797e+01 -4.12652138e+00
 3.94911558e+01 -3.24837105e+00
 4.07665507e+01 -2.37006334e+00
 4.20420845e+01 -1.49167708e+00
 4.33176563e+01 -6.13268260e-01
 4.45932356e+01 2.65145071e-01
 4.58688158e+01 1.14355897e+00
 4.71443945e+01 2.02197176e+00
 4.84199563e+01 2.90037296e+00
 4.96953904e+01 3.77868626e+00
 5.09700650e+01 4.65647654e+00
 5.22411927e+01 5.53182425e+00
 5.34992989e+01 6.39820485e+00
 5.47197701e+01 7.23866850e+00
 5.58544819e+01 8.02007497e+00
 5.68349166e+01 8.69524022e+00
 5.75960134e+01 9.21936094e+00
 5.75960134e+01 9.21936094e+00
 5.75960134e+01 9.21936094e+00
 5.75960134e+01 9.21936094e+00
 5.75960134e+01 9.21936094e+00
 5.75960134e+01 9.21936094e+00
 5.75960134e+01 9.21936094e+00
 5.75960134e+01 9.21936094e+00
 5.75960134e+01 9.21936094e+00
 5.75960134e+01 9.21936094e+00
 5.75960134e+01 9.21936094e+00
 5.75960134e+01 9.21936094e+00
 5.75960134e+01 9.21936094e+00
 5.75960134e+01 9.21936094e+00
 5.75960134e+01 9.21936094e+00
 5.75960134e+01 9.21936094e+00
 5.75960134e+01 9.21936094e+00
 5.75960134e+01 9.21936094e+00
 5.75960134e+01 9.21936094e+00
 5.75960134e+01 9.21936094e+00
