 0.00000000e+00 0.00000000e+00
 0.00000000e+00 0.00000000e+00
 0.00000000e+00 0.00000000e+00
 0.00000000e+00 0.00000000e+00
 0.00000000e+00 0.00000000e+00
 0.00000000e+00 0.00000000e+00
 0.00000000e+00 0.00000000e+00
 0.00000000e+00 0.00000000e+00
 0.00000000e+00 0.00000000e+00
 0.00000000e+00 0.00000000e+00
 0.00000000e+00 0.00000000e+00
 0.00000000e+00 0.00000000e+00
 0.00000000e+00 0.00000000e+00
 0.00000000e+00 0.00000000e+00
 0.00000000e+00 0.00000000e+00
 0.00000000e+00 0.00000000e+00
 0.00000000e+00 0.00000000e+00
 0.00000000e+00 0.00000000e+00
 0.00000000e+00 0.00000000e+00
 0.00000000e+00 0.00000000e+00
 0.00000000e+00 0.00000000e+00
 0.00000000e+00 0.00000000e+00
 0.00000000e+00 0.00000000e+00
 0.00000000e+00 0.00000000e+00
 0.00000000e+00 0.00000000e+00
 0.00000000e+00 0.00000000e+00
 0.00000000e+00 0.00000000e+00
 0.00000000e+00 0.00000000e+00
 0.00000000e+00 0.00000000e+00
 0.00000000e+00 0.00000000e+00
 0.00000000e+00 0.00000000e+00
 0.00000000e+00 0.00000000e+00
 0.00000000e+00 0.00000000e+00
 0.00000000e+00 0.00000000e+00
 0.00000000e+00 0.00000000e+00
 0.00000000e+00 0.00000000e+00
 0.00000000e+00 0.00000000e+00
 0.00000000e+00 0.00000000e+00
 0.00000000e+00 0.00000000e+00
 0.00000000e+00 0.00000000e+00
 0.00000000e+00 0.00000000e+00
 0.00000000e+00 0.00000000e+00
 0.00000000e+00 0.00000000e+00
 0.00000000e+00 0.00000000e+00
 0.00000000e+00 0.00000000e+00
 0.00000000e+00 0.00000000e+00
 0.00000000e+00 0.00000000e+00
 0.00000000e+00 0.00000000e+00
 0.00000000e+00 0.00000000e+00
 0.00000000e+00 0.00000000e+00
 0.00000000e+00 0.00000000e+00
 0.00000000e+00 0.00000000e+00
 0.00000000e+00 0.00000000e+00
 0.00000000e+00 0.00000000e+00
 0.00000000e+00 0.00000000e+00
 0.00000000e+00 0.00000000e+00
 1.35473334e-08 1.39069120e-02
 1.81924534e-07 2.95431832e-02
 1.82220391e-06 4.34500032e-02
 1.43754502e-05 5.32309023e-02
 9.00972807e-05 5.86614863e-02
 4.51814933e-04 6.10059665e-02
 1.82966455e-03 6.16315503e-02
 6.05724322e-03 6.10897365e-02
 1.66573750e-02 5.87585809e-02
 3.88132579e-02 5.26783968e-02
 7.84095826e-02 3.95037902e-02
 1.40707166e-01 1.46120646e-02
 2.29567886e-01 -2.78507327e-02
 3.47536814e-01 -9.52097948e-02
 4.96414522e-01 -1.96705560e-01
 6.77642459e-01 -3.44029601e-01
 8.91826489e-01 -5.51900528e-01
 1.13744582e+00 -8.38334722e-01
 1.40972587e+00 -1.22414694e+00
 1.70049703e+00 -1.73158297e+00
 1.99889032e+00 -2.38223598e+00
 2.29231132e+00 -3.19436478e+00
 2.56748956e+00 -4.17988228e+00
 2.81171259e+00 -5.34165197e+00
 3.01436192e+00 -6.67187681e+00
 3.16873792e+00 -8.15203601e+00
 3.27363785e+00 -9.75417270e+00
 3.33347107e+00 -1.14428104e+01
 3.35636483e+00 -1.31769515e+01
 3.35190847e+00 -1.49124328e+01
 3.33077257e+00 -1.66052791e+01
 3.30564451e+00 -1.82157984e+01
 3.29071554e+00 -1.97119325e+01
 3.29895969e+00 -2.10704466e+01
 3.33927073e+00 -2.22760912e+01
 3.41503893e+00 -2.33202919e+01
 3.52395174e+00 -2.42007704e+01
 3.65863048e+00 -2.49219278e+01
 3.80827058e+00 -2.54944703e+01
 3.96136273e+00 -2.59331244e+01
 4.10904217e+00 -2.62529939e+01
 4.24801096e+00 -2.64661500e+01
 4.38173151e+00 -2.65794226e+01
 4.51929512e+00 -2.65934086e+01
 4.67275405e+00 -2.65027614e+01
 4.85458205e+00 -2.62978366e+01
 5.07649994e+00 -2.59667254e+01
 5.34960284e+00 -2.54963797e+01
 5.68479010e+00 -2.48731137e+01
 6.09274276e+00 -2.40839083e+01
 6.58361476e+00 -2.31188968e+01
 7.16699295e+00 -2.19739187e+01
 7.85213049e+00 -2.06520509e+01
 8.64775147e+00 -1.91641802e+01
 9.56069795e+00 -1.75294479e+01
 1.05933802e+01 -1.57759143e+01
 1.17409159e+01 -1.39406269e+01
 1.29893504e+01 -1.20679975e+01
 1.43158403e+01 -1.02064653e+01
 1.56904861e+01 -8.40445432e+00
 1.70788475e+01 -6.70658526e+00
 1.84444802e+01 -5.15052629e+00
 1.97513107e+01 -3.76453109e+00
 2.09658632e+01 -2.56568458e+00
 2.20595197e+01 -1.55915826e+00
 2.30109697e+01 -7.39071820e-01
 2.38084740e+01 -9.11722159e-02
 2.44510080e+01 4.03461548e-01
 2.49475666e+01 7.65127351e-01
 2.53149343e+01 1.01377843e+00
 2.55750907e+01 1.16896803e+00
 2.57529916e+01 1.25040568e+00
 2.58742305e+01 1.27800391e+00
 2.59620536e+01 1.27124006e+00
 2.60345475e+01 1.24787913e+00
 2.61033187e+01 1.22181609e+00
 2.61739842e+01 1.20094085e+00
 2.62479016e+01 1.18707508e+00
 2.63243111e+01 1.17841695e+00
 2.64020384e+01 1.17247365e+00
 2.64802844e+01 1.16758406e+00
 2.65586860e+01 1.16300582e+00
 2.66371234e+01 1.15849833e+00
 2.67155672e+01 1.15400327e+00
 2.67940119e+01 1.14950991e+00
 2.68724565e+01 1.14501673e+00
 2.69509002e+01 1.14052363e+00
 2.70293360e+01 1.13603098e+00
 2.71077251e+01 1.13154100e+00
 2.71858960e+01 1.12706352e+00
 2.72632662e+01 1.12263191e+00
 2.73383219e+01 1.11833286e+00
 2.74081036e+01 1.11433590e+00
 2.74683977e+01 1.11088237e+00
 2.75152032e+01 1.10820144e+00
 2.75152032e+01 1.10820144e+00
