 0.00000000e+00 0.00000000e+00
 0.00000000e+00 0.00000000e+00
 0.00000000e+00 0.00000000e+00
 0.00000000e+00 0.00000000e+00
 0.00000000e+00 0.00000000e+00
 0.00000000e+00 0.00000000e+00
 0.00000000e+00 0.00000000e+00
 0.00000000e+00 0.00000000e+00
 0.00000000e+00 0.00000000e+00
 0.00000000e+00 0.00000000e+00
 0.00000000e+00 0.00000000e+00
 0.00000000e+00 0.00000000e+00
 0.00000000e+00 0.00000000e+00
 0.00000000e+00 0.00000000e+00
 0.00000000e+00 0.00000000e+00
 0.00000000e+00 0.00000000e+00
 0.00000000e+00 0.00000000e+00
 0.00000000e+00 0.00000000e+00
 0.00000000e+00 0.00000000e+00
 0.00000000e+00 0.00000000e+00
 0.00000000e+00 0.00000000e+00
 0.00000000e+00 0.00000000e+00
 0.00000000e+00 0.00000000e+00
 0.00000000e+00 0.00000000e+00
 0.00000000e+00 0.00000000e+00
 0.00000000e+00 0.00000000e+00
 0.00000000e+00 0.00000000e+00
 0.00000000e+00 0.00000000e+00
 0.00000000e+00 0.00000000e+00
 0.00000000e+00 0.00000000e+00
 0.00000000e+00 0.00000000e+00
 0.00000000e+00 0.00000000e+00
 0.00000000e+00 0.00000000e+00
 0.00000000e+00 0.00000000e+00
 0.00000000e+00 0.00000000e+00
 0.00000000e+00 0.00000000e+00
 0.00000000e+00 0.00000000e+00
 0.00000000e+00 0.00000000e+00
 0.00000000e+00 0.00000000e+00
 0.00000000e+00 0.00000000e+00
 0.00000000e+00 0.00000000e+00
 0.00000000e+00 0.00000000e+00
 0.00000000e+00 0.00000000e+00
 0.00000000e+00 0.00000000e+00
 0.00000000e+00 0.00000000e+00
 0.00000000e+00 0.00000000e+00
 7.27231052e-05 1.55457597e-02
 4.30502589e-04 2.89998727e-02
 1.83691243e-03 3.69610468e-02
 6.28681626e-03 3.64592563e-02
 1.77316893e-02 2.29334130e-02
 4.19819650e-02 -1.18074981e-02
 8.50924117e-02 -7.92506041e-02
 1.50955392e-01 -1.91510873e-01
 2.40011419e-01 -3.58739260e-01
 3.50012168e-01 -5.88692350e-01
 4.77699569e-01 -8.88035962e-01
 6.19852413e-01 -1.26330318e+00
 7.73499685e-01 -1.72040933e+00
 9.36079724e-01 -2.26372607e+00
 1.10607130e+00 -2.89631706e+00
 1.28382027e+00 -3.62160147e+00
 1.47175294e+00 -4.44526879e+00
 1.67348580e+00 -5.37607130e+00
 1.89230601e+00 -6.42485951e+00
 2.13000513e+00 -7.60214917e+00
 2.38653260e+00 -8.91510192e+00
 2.66009217e+00 -1.03647647e+01
 2.94712476e+00 -1.19439370e+01
 3.24228710e+00 -1.36356070e+01
 3.53915902e+00 -1.54118225e+01
 3.83192803e+00 -1.72333203e+01
 4.11702171e+00 -1.90510658e+01
 4.39327479e+00 -2.08108258e+01
 4.66049710e+00 -2.24601392e+01
 4.91775198e+00 -2.39550304e+01
 5.16261879e+00 -2.52640073e+01
 5.39159112e+00 -2.63691679e+01
 5.60087977e+00 -2.72659066e+01
 5.78697149e+00 -2.79620672e+01
 5.94719304e+00 -2.84755908e+01
 6.08090432e+00 -2.88294129e+01
 6.19091993e+00 -2.90446090e+01
 6.28408807e+00 -2.91352520e+01
 6.37094431e+00 -2.91077404e+01
 6.46495764e+00 -2.89636978e+01
 6.58115846e+00 -2.87029611e+01
 6.73424791e+00 -2.83245085e+01
 6.93758202e+00 -2.78263533e+01
 7.20362456e+00 -2.72064378e+01
 7.54422301e+00 -2.64647885e+01
 7.96930161e+00 -2.56052977e+01
 8.48511787e+00 -2.46355928e+01
 9.09406094e+00 -2.35652202e+01
 9.79598935e+00 -2.24039076e+01
 1.05892981e+01 -2.11613638e+01
 1.14704803e+01 -1.98484217e+01
 1.24328152e+01 -1.84783364e+01
 1.34656679e+01 -1.70674727e+01
 1.45549998e+01 -1.56353253e+01
 1.56843505e+01 -1.42038671e+01
 1.68353226e+01 -1.27961621e+01
 1.79875701e+01 -1.14346289e+01
 1.91191775e+01 -1.01396975e+01
 2.02080236e+01 -8.92912769e+00
 2.12336621e+01 -7.81751177e+00
 2.21788903e+01 -6.81544501e+00
 2.30309684e+01 -5.92846902e+00
 2.37829116e+01 -5.15634549e+00
 2.44344640e+01 -4.49307177e+00
 2.49917724e+01 -3.92764437e+00
 2.54657181e+01 -3.44539511e+00
 2.58699612e+01 -3.02973641e+00
 2.62193836e+01 -2.66403623e+00
 2.65286232e+01 -2.33321130e+00
 2.68102838e+01 -2.02486333e+00
 2.70731147e+01 -1.73018650e+00
 2.73209772e+01 -1.44483051e+00
 2.75531477e+01 -1.16937444e+00
 2.77656661e+01 -9.08788524e-01
 2.79529878e+01 -6.70794316e-01
 2.81096366e+01 -4.63872613e-01
 2.82317182e+01 -2.95709668e-01
 2.83175453e+01 -1.71980311e-01
 2.83672096e+01 -9.47497814e-02
 2.83828266e+01 -6.04190796e-02
 2.83704679e+01 -5.86185045e-02
 2.83411093e+01 -7.41395770e-02
 2.83074893e+01 -9.21461898e-02
 2.82787097e+01 -1.03464535e-01
 2.82575839e+01 -1.06018324e-01
 2.82424353e+01 -1.02128203e-01
 2.82304760e+01 -9.49060541e-02
 2.82197693e+01 -8.63995997e-02
 2.82094351e+01 -7.75158319e-02
 2.81991859e+01 -6.85467079e-02
 2.81889517e+01 -5.95626388e-02
 2.81787196e+01 -5.05765398e-02
 2.81684876e+01 -4.15902385e-02
 2.81582559e+01 -3.26040381e-02
 2.81480251e+01 -2.36187359e-02
 2.81378004e+01 -1.46387842e-02
 2.81276042e+01 -5.68382033e-03
 2.81175125e+01 3.17940828e-03
 2.81077226e+01 1.17775019e-02
 2.80986206e+01 1.97714300e-02
 2.80907562e+01 2.66784913e-02
 2.80846511e+01 3.20403402e-02
 2.80846511e+01 3.20403402e-02
 2.80846511e+01 3.20403402e-02
 2.80846511e+01 3.20403402e-02
 2.80846511e+01 3.20403402e-02
