 0.00000000e+00 0.00000000e+00
 0.00000000e+00 0.00000000e+00
 0.00000000e+00 0.00000000e+00
 0.00000000e+00 0.00000000e+00
 0.00000000e+00 0.00000000e+00
 0.00000000e+00 0.00000000e+00
 0.00000000e+00 0.00000000e+00
 0.00000000e+00 0.00000000e+00
 0.00000000e+00 0.00000000e+00
 0.00000000e+00 0.00000000e+00
 2.23206896e-01 2.22274317e-01
 4.86369626e-01 4.82778513e-01
 7.53809223e-01 7.44289850e-01
 9.90256513e-01 9.69573962e-01
 1.16876299e+00 1.12829715e+00
 1.27083155e+00 1.19548150e+00
 1.28324887e+00 1.14744578e+00
 1.19612861e+00 9.60577138e-01
 1.00335416e+00 6.13565517e-01
 7.03819218e-01 9.06837446e-02
 3.01531729e-01 -6.16196174e-01
 -1.95312733e-01 -1.50711478e+00
 -7.74861271e-01 -2.57391027e+00
 -1.42166502e+00 -3.80015461e+00
 -2.11776854e+00 -5.16237930e+00
 -2.84549460e+00 -6.63359694e+00
 -3.59058051e+00 -8.18818908e+00
 -4.34380851e+00 -9.80588651e+00
 -5.10063990e+00 -1.14731523e+01
 -5.85975750e+00 -1.31819399e+01
 -6.62149971e+00 -1.49270116e+01
 -7.38648159e+00 -1.67031476e+01
 -8.15438881e+00 -1.85031064e+01
 -8.92314696e+00 -2.03167469e+01
 -9.68880583e+00 -2.21314025e+01
 -1.04462310e+01 -2.39331941e+01
 -1.11902314e+01 -2.57086719e+01
 -1.19164051e+01 -2.74461893e+01
 -1.26212112e+01 -2.91364792e+01
 -1.33014882e+01 -3.07719863e+01
 -1.39538676e+01 -3.23450099e+01
 -1.45740432e+01 -3.38455076e+01
 -1.51558879e+01 -3.52596902e+01
 -1.56912389e+01 -3.65700656e+01
 -1.61711292e+01 -3.77569555e+01
 -1.65878199e+01 -3.88010671e+01
 -1.69360919e+01 -3.96863813e+01
 -1.72132155e+01 -4.04024192e+01
 -1.74185693e+01 -4.09450174e+01
 -1.75538836e+01 -4.13153660e+01
 -1.76234463e+01 -4.15180193e+01
 -1.76329489e+01 -4.15588559e+01
 -1.75873449e+01 -4.14432771e+01
 -1.74893108e+01 -4.11744784e+01
 -1.73385779e+01 -4.07521431e+01
 -1.71313412e+01 -4.01726464e+01
 -1.68600486e+01 -3.94316341e+01
 -1.65144261e+01 -3.85281750e+01
 -1.60832978e+01 -3.74678992e+01
 -1.55561915e+01 -3.62631445e+01
 -1.49247962e+01 -3.49310699e+01
 -1.41848895e+01 -3.34924812e+01
 -1.33386110e+01 -3.19725736e+01
 -1.23962071e+01 -3.04019830e+01
 -1.13763012e+01 -2.88158756e+01
 -1.03042662e+01 -2.72508866e+01
 -9.20920092e+00 -2.57418967e+01
 -8.12059541e+00 -2.43202666e+01
 -7.06556713e+00 -2.30130917e+01
 -6.06695672e+00 -2.18421529e+01
 -5.14205590e+00 -2.08223139e+01
 -4.30165779e+00 -1.99603696e+01
 -3.54961127e+00 -1.92553770e+01
 -2.88337939e+00 -1.87005879e+01
 -2.29566308e+00 -1.82861248e+01
 -1.77653105e+00 -1.80012633e+01
 -1.31536942e+00 -1.78359181e+01
 -9.02356180e-01 -1.77817742e+01
 -5.29735572e-01 -1.78331468e+01
 -1.93245919e-01 -1.79867838e+01
 1.06643866e-01 -1.82403501e+01
 3.64695499e-01 -1.85907317e+01
 5.72610228e-01 -1.90333075e+01
 7.21396373e-01 -1.95620270e+01
 8.02288806e-01 -2.01695225e+01
 8.06007315e-01 -2.08471150e+01
 7.23072355e-01 -2.15851404e+01
 5.46736325e-01 -2.23737168e+01
 2.75839971e-01 -2.32035478e+01
 -8.54507580e-02 -2.40664219e+01
 -5.30107738e-01 -2.49554397e+01
 -1.05023177e+00 -2.58650506e+01
 -1.63784290e+00 -2.67907600e+01
 -2.28520743e+00 -2.77283302e+01
 -2.98496170e+00 -2.86726603e+01
 -3.72972345e+00 -2.96169393e+01
 -4.51116732e+00 -3.05526163e+01
 -5.31914284e+00 -3.14700621e+01
 -6.14165578e+00 -3.23591047e+01
 -6.96603550e+00 -3.32088024e+01
 -7.78065169e+00 -3.40069342e+01
 -8.57612570e+00 -3.47404576e+01
 -9.34557734e+00 -3.53973555e+01
 -1.00842758e+01 -3.59686771e+01
 -1.07892776e+01 -3.64492282e+01
 -1.14592203e+01 -3.68367561e+01
 -1.20937850e+01 -3.71309437e+01
 -1.26922079e+01 -3.73333066e+01
 -1.32512705e+01 -3.74475102e+01
 -1.37645868e+01 -3.74791687e+01
 -1.42250080e+01 -3.74360085e+01
 -1.46299018e+01 -3.73300774e+01
 -1.49859669e+01 -3.71803744e+01
 -1.53089913e+01 -3.70110848e+01
 -1.56174916e+01 -3.68440749e+01
 -1.59250419e+01 -3.66913600e+01
 -1.62372096e+01 -3.65540112e+01
 -1.65538669e+01 -3.64271335e+01
 -1.68730651e+01 -3.63054301e+01
 -1.71932793e+01 -3.61856591e+01
 -1.75137968e+01 -3.60664425e+01
 -1.78343834e+01 -3.59473491e+01
 -1.81549820e+01 -3.58282770e+01
 -1.84755822e+01 -3.57092078e+01
 -1.87961822e+01 -3.55901390e+01
 -1.91167779e+01 -3.54710719e+01
 -1.94373416e+01 -3.53520166e+01
 -1.97577143e+01 -3.52330323e+01
 -2.00771956e+01 -3.51143790e+01
 -2.03934041e+01 -3.49969412e+01
 -2.07001536e+01 -3.48830165e+01
 -2.09853485e+01 -3.47770969e+01
 -2.12317679e+01 -3.46855784e+01
 -2.14230596e+01 -3.46145339e+01
 -2.14230596e+01 -3.46145339e+01
 -2.14230596e+01 -3.46145339e+01
 -2.14230596e+01 -3.46145339e+01
 -2.14230596e+01 -3.46145339e+01
 -2.14230596e+01 -3.46145339e+01
 -2.14230596e+01 -3.46145339e+01
 -2.14230596e+01 -3.46145339e+01
 -2.14230596e+01 -3.46145339e+01
 -2.14230596e+01 -3.46145339e+01
 -2.14230596e+01 -3.46145339e+01
 -2.14230596e+01 -3.46145339e+01
 -2.14230596e+01 -3.46145339e+01
 -2.14230596e+01 -3.46145339e+01
 -2.14230596e+01 -3.46145339e+01
 -2.14230596e+01 -3.46145339e+01
 -2.14230596e+01 -3.46145339e+01
 -2.14230596e+01 -3.46145339e+01
 -2.14230596e+01 -3.46145339e+01
 -2.14230596e+01 -3.46145339e+01
 -2.14230596e+01 -3.46145339e+01
 -2.14230596e+01 -3.46145339e+01
 -2.14230596e+01 -3.46145339e+01
 -2.14230596e+01 -3.46145339e+01
 -2.14230596e+01 -3.46145339e+01
 -2.14230596e+01 -3.46145339e+01
 -2.14230596e+01 -3.46145339e+01
 -2.14230596e+01 -3.46145339e+01
 -2.14230596e+01 -3.46145339e+01
 -2.14230596e+01 -3.46145339e+01
 -2.14230596e+01 -3.46145339e+01
 -2.14230596e+01 -3.46145339e+01
 -2.14230596e+01 -3.46145339e+01
 -2.14230596e+01 -3.46145339e+01
 -2.14230596e+01 -3.46145339e+01
 -2.14230596e+01 -3.46145339e+01
 -2.14230596e+01 -3.46145339e+01
 -2.14230596e+01 -3.46145339e+01
 -2.14230596e+01 -3.46145339e+01
 -2.14230596e+01 -3.46145339e+01
 -2.14230596e+01 -3.46145339e+01
