 0.00000000e+00 0.00000000e+00
 0.00000000e+00 0.00000000e+00
 0.00000000e+00 0.00000000e+00
 0.00000000e+00 0.00000000e+00
 -1.26987639e-01 -6.40497347e-02
 -2.84409701e-01 -1.62295976e-01
 -4.54097116e-01 -2.96532305e-01
 -6.17080056e-01 -4.65657311e-01
 -7.60817108e-01 -6.68629611e-01
 -8.81509043e-01 -9.06438164e-01
 -9.81639379e-01 -1.18237613e+00
 -1.06565787e+00 -1.50151951e+00
 -1.13695164e+00 -1.87041102e+00
 -1.19712347e+00 -2.29719272e+00
 -1.24636453e+00 -2.79173505e+00
 -1.28382941e+00 -3.36519638e+00
 -1.30801017e+00 -4.02895713e+00
 -1.31675203e+00 -4.79334126e+00
 -1.30624985e+00 -5.66636837e+00
 -1.27006833e+00 -6.65241535e+00
 -1.20037036e+00 -7.75083399e+00
 -1.09118206e+00 -8.95503281e+00
 -9.40533441e-01 -1.02525298e+01
 -7.49422332e-01 -1.16259388e+01
 -5.19378556e-01 -1.30543236e+01
 -2.51576174e-01 -1.45142700e+01
 5.20050198e-02 -1.59804405e+01
 3.87104446e-01 -1.74259976e+01
 7.46865392e-01 -1.88235183e+01
 1.12265486e+00 -2.01465768e+01
 1.50518476e+00 -2.13715699e+01
 1.88539953e+00 -2.24793048e+01
 2.25512132e+00 -2.34562202e+01
 2.60745560e+00 -2.42952465e+01
 2.93683048e+00 -2.49961944e+01
 3.23887397e+00 -2.55654780e+01
 3.51064220e+00 -2.60150586e+01
 3.75123089e+00 -2.63606948e+01
 3.96207734e+00 -2.66198379e+01
 4.14646222e+00 -2.68096589e+01
 4.30875173e+00 -2.69456447e+01
 4.45435788e+00 -2.70407525e+01
 4.59043075e+00 -2.71045423e+01
 4.72612494e+00 -2.71419688e+01
 4.87164878e+00 -2.71526226e+01
 5.03678824e+00 -2.71315559e+01
 5.23007295e+00 -2.70716656e+01
 5.45871665e+00 -2.69661650e+01
 5.72864496e+00 -2.68094517e+01
 6.04433252e+00 -2.65961881e+01
 6.40885599e+00 -2.63202009e+01
 6.82447335e+00 -2.59746329e+01
 7.29341760e+00 -2.55529255e+01
 7.81839925e+00 -2.50492371e+01
 8.40288831e+00 -2.44577407e+01
 9.05168888e+00 -2.37714786e+01
 9.77165251e+00 -2.29818788e+01
 1.05714300e+01 -2.20795474e+01
 1.14596355e+01 -2.10560845e+01
 1.24423594e+01 -1.99062390e+01
 1.35215453e+01 -1.86299652e+01
 1.46946863e+01 -1.72341896e+01
 1.59550396e+01 -1.57339622e+01
 1.72912752e+01 -1.41526678e+01
 1.86861229e+01 -1.25213575e+01
 2.01146802e+01 -1.08775171e+01
 2.15439002e+01 -9.26333160e+00
 2.29345923e+01 -7.72310855e+00
 2.42458689e+01 -6.29953829e+00
 2.54403684e+01 -5.02910771e+00
 2.64882673e+01 -3.93782372e+00
 2.73693971e+01 -3.03864656e+00
 2.80741012e+01 -2.33126982e+00
 2.86033550e+01 -1.80376537e+00
 2.89678166e+01 -1.43523094e+00
 2.91853051e+01 -1.19908326e+00
 2.92768665e+01 -1.06704550e+00
 2.92625868e+01 -1.01335549e+00
 2.91588387e+01 -1.01786580e+00
 2.89778501e+01 -1.06700004e+00
 2.87290887e+01 -1.15289374e+00
 2.84215333e+01 -1.27154673e+00
 2.80661199e+01 -1.42008573e+00
 2.76773575e+01 -1.59344304e+00
 2.72727090e+01 -1.78241007e+00
 2.68690918e+01 -1.97524798e+00
 2.64780930e+01 -2.16213381e+00
 2.61033056e+01 -2.33872529e+00
 2.57418456e+01 -2.50601852e+00
 2.53884408e+01 -2.66743308e+00
 2.50387560e+01 -2.82606427e+00
 2.46904024e+01 -2.98368438e+00
 2.43424202e+01 -3.14101985e+00
 2.39945188e+01 -3.29829293e+00
 2.36466312e+01 -3.45555535e+00
 2.32987454e+01 -3.61281632e+00
 2.29508603e+01 -3.77007694e+00
 2.26029798e+01 -3.92733547e+00
 2.22551342e+01 -4.08457826e+00
 2.19074956e+01 -4.24172741e+00
 2.15608244e+01 -4.39843928e+00
 2.12177046e+01 -4.55354578e+00
 2.08848488e+01 -4.70401242e+00
 2.05753819e+01 -4.84390616e+00
 2.03079906e+01 -4.96477973e+00
 2.01004188e+01 -5.05861209e+00
 2.01004188e+01 -5.05861209e+00
 2.01004188e+01 -5.05861209e+00
 2.01004188e+01 -5.05861209e+00
 2.01004188e+01 -5.05861209e+00
 2.01004188e+01 -5.05861209e+00
 2.01004188e+01 -5.05861209e+00
 2.01004188e+01 -5.05861209e+00
 2.01004188e+01 -5.05861209e+00
 2.01004188e+01 -5.05861209e+00
 2.01004188e+01 -5.05861209e+00
 2.01004188e+01 -5.05861209e+00
 2.01004188e+01 -5.05861209e+00
 2.01004188e+01 -5.05861209e+00
 2.01004188e+01 -5.05861209e+00
 2.01004188e+01 -5.05861209e+00
 2.01004188e+01 -5.05861209e+00
 2.01004188e+01 -5.05861209e+00
 2.01004188e+01 -5.05861209e+00
 2.01004188e+01 -5.05861209e+00
 2.01004188e+01 -5.05861209e+00
 2.01004188e+01 -5.05861209e+00
 2.01004188e+01 -5.05861209e+00
 2.01004188e+01 -5.05861209e+00
 2.01004188e+01 -5.05861209e+00
 2.01004188e+01 -5.05861209e+00
 2.01004188e+01 -5.05861209e+00
 2.01004188e+01 -5.05861209e+00
 2.01004188e+01 -5.05861209e+00
 2.01004188e+01 -5.05861209e+00
 2.01004188e+01 -5.05861209e+00
 2.01004188e+01 -5.05861209e+00
 2.01004188e+01 -5.05861209e+00
 2.01004188e+01 -5.05861209e+00
 2.01004188e+01 -5.05861209e+00
 2.01004188e+01 -5.05861209e+00
 2.01004188e+01 -5.05861209e+00
 2.01004188e+01 -5.05861209e+00
 2.01004188e+01 -5.05861209e+00
 2.01004188e+01 -5.05861209e+00
 2.01004188e+01 -5.05861209e+00
 2.01004188e+01 -5.05861209e+00
 2.01004188e+01 -5.05861209e+00
 2.01004188e+01 -5.05861209e+00
 2.01004188e+01 -5.05861209e+00
 2.01004188e+01 -5.05861209e+00
 2.01004188e+01 -5.05861209e+00
