 0.00000000e+00 0.00000000e+00
 0.00000000e+00 0.00000000e+00
 0.00000000e+00 0.00000000e+00
 0.00000000e+00 0.00000000e+00
 6.10185271e-02 6.38769416e-02
 1.27757212e-01 1.39417020e-01
 1.89782969e-01 2.15539045e-01
 2.39378053e-01 2.81529729e-01
 2.73577495e-01 3.30925716e-01
 2.93734032e-01 3.62723622e-01
 3.03772720e-01 3.80097001e-01
 3.08191525e-01 3.87784191e-01
 3.10885225e-01 3.89419144e-01
 3.15337679e-01 3.85525929e-01
 3.25506611e-01 3.72117221e-01
 3.46100823e-01 3.39799677e-01
 3.81708949e-01 2.73916392e-01
 4.35618032e-01 1.56205012e-01
 5.09493148e-01 -3.26274073e-02
 6.04035341e-01 -3.10663240e-01
 7.19867570e-01 -6.93368704e-01
 8.57997444e-01 -1.19243745e+00
 1.01956923e+00 -1.81432828e+00
 1.20506537e+00 -2.55887272e+00
 1.41362644e+00 -3.41880220e+00
 1.64305593e+00 -4.38060790e+00
 1.89039936e+00 -5.42647116e+00
 2.15255796e+00 -6.53650520e+00
 2.42649627e+00 -7.69038254e+00
 2.70902581e+00 -8.86791630e+00
 2.99660908e+00 -1.00489762e+01
 3.28566479e+00 -1.12133921e+01
 3.57331216e+00 -1.23412434e+01
 3.85791160e+00 -1.34136624e+01
 4.13878585e+00 -1.44139119e+01
 4.41524983e+00 -1.53281817e+01
 4.68583489e+00 -1.61458837e+01
 4.94833831e+00 -1.68598664e+01
 5.20024194e+00 -1.74668881e+01
 5.43869173e+00 -1.79681165e+01
 5.66017105e+00 -1.83691978e+01
 5.86073066e+00 -1.86795863e+01
 6.03710207e+00 -1.89111424e+01
 6.18823401e+00 -1.90764272e+01
 6.31668303e+00 -1.91870557e+01
 6.42919047e+00 -1.92519769e+01
 6.53557643e+00 -1.92759154e+01
 6.64615267e+00 -1.92591129e+01
 6.76965296e+00 -1.91987183e+01
 6.91323563e+00 -1.90903644e+01
 7.08354810e+00 -1.89287599e+01
 7.28698731e+00 -1.87080171e+01
 7.52902021e+00 -1.84226054e+01
 7.81368382e+00 -1.80683252e+01
 8.14385502e+00 -1.76423074e+01
 8.52207723e+00 -1.71422293e+01
 8.95157507e+00 -1.65657591e+01
 9.43707081e+00 -1.59107029e+01
 9.98484158e+00 -1.51754516e+01
 1.06016433e+01 -1.43593056e+01
 1.12929083e+01 -1.34628496e+01
 1.20611816e+01 -1.24886889e+01
 1.29053219e+01 -1.14423680e+01
 1.38200769e+01 -1.03329417e+01
 1.47955369e+01 -9.17283149e+00
 1.58169907e+01 -7.97688887e+00
 1.68664221e+01 -6.76080070e+00
 1.79258662e+01 -5.53924056e+00
 1.89809706e+01 -4.32445108e+00
 2.00225587e+01 -3.12599765e+00
 2.10453490e+01 -1.95204759e+00
 2.20448883e+01 -8.11668927e-01
 2.30145340e+01 2.83141503e-01
 2.39436652e+01 1.31689252e+00
 2.48174233e+01 2.27175823e+00
 2.56180149e+01 3.12988945e+00
 2.63273517e+01 3.87605494e+00
 2.69301149e+01 4.49985479e+00
 2.74159741e+01 4.99696872e+00
 2.77801719e+01 5.36929594e+00
 2.80225608e+01 5.62404543e+00
 2.81457978e+01 5.77168515e+00
 2.81535054e+01 5.82289519e+00
 2.80490635e+01 5.78570801e+00
 2.78357200e+01 5.66466137e+00
 2.75187075e+01 5.46289351e+00
 2.71092549e+01 5.18650516e+00
 2.66283924e+01 4.84915406e+00
 2.61066142e+01 4.47353072e+00
 2.55768410e+01 4.08669655e+00
 2.50637101e+01 3.71077714e+00
 2.45768419e+01 3.35580137e+00
 2.41128638e+01 3.02016426e+00
 2.36630568e+01 2.69686904e+00
 2.32198660e+01 2.37944656e+00
 2.27790549e+01 2.06416337e+00
 2.23389087e+01 1.74948340e+00
 2.18989074e+01 1.43493575e+00
 2.14589308e+01 1.12041072e+00
 2.10189575e+01 8.05888745e-01
 2.05789852e+01 4.91367514e-01
 2.01390187e+01 1.76850456e-01
 1.96990962e+01 -1.37635123e-01
 1.92594357e+01 -4.51933432e-01
 1.88209986e+01 -7.65357166e-01
 1.83870529e+01 -1.07557017e+00
 1.79660882e+01 -1.37650345e+00
 1.75747037e+01 -1.65629093e+00
 1.72365324e+01 -1.89803807e+00
 1.69740150e+01 -2.08570278e+00
 1.69740150e+01 -2.08570278e+00
 1.69740150e+01 -2.08570278e+00
 1.69740150e+01 -2.08570278e+00
 1.69740150e+01 -2.08570278e+00
 1.69740150e+01 -2.08570278e+00
 1.69740150e+01 -2.08570278e+00
 1.69740150e+01 -2.08570278e+00
 1.69740150e+01 -2.08570278e+00
 1.69740150e+01 -2.08570278e+00
 1.69740150e+01 -2.08570278e+00
 1.69740150e+01 -2.08570278e+00
 1.69740150e+01 -2.08570278e+00
 1.69740150e+01 -2.08570278e+00
 1.69740150e+01 -2.08570278e+00
 1.69740150e+01 -2.08570278e+00
 1.69740150e+01 -2.08570278e+00
 1.69740150e+01 -2.08570278e+00
 1.69740150e+01 -2.08570278e+00
 1.69740150e+01 -2.08570278e+00
 1.69740150e+01 -2.08570278e+00
 1.69740150e+01 -2.08570278e+00
 1.69740150e+01 -2.08570278e+00
 1.69740150e+01 -2.08570278e+00
 1.69740150e+01 -2.08570278e+00
 1.69740150e+01 -2.08570278e+00
 1.69740150e+01 -2.08570278e+00
 1.69740150e+01 -2.08570278e+00
 1.69740150e+01 -2.08570278e+00
 1.69740150e+01 -2.08570278e+00
 1.69740150e+01 -2.08570278e+00
 1.69740150e+01 -2.08570278e+00
 1.69740150e+01 -2.08570278e+00
 1.69740150e+01 -2.08570278e+00
 1.69740150e+01 -2.08570278e+00
 1.69740150e+01 -2.08570278e+00
 1.69740150e+01 -2.08570278e+00
 1.69740150e+01 -2.08570278e+00
 1.69740150e+01 -2.08570278e+00
 1.69740150e+01 -2.08570278e+00
 1.69740150e+01 -2.08570278e+00
 1.69740150e+01 -2.08570278e+00
 1.69740150e+01 -2.08570278e+00
