 0.00000000e+00 0.00000000e+00
 0.00000000e+00 0.00000000e+00
 0.00000000e+00 0.00000000e+00
 0.00000000e+00 0.00000000e+00
 0.00000000e+00 0.00000000e+00
 0.00000000e+00 0.00000000e+00
 0.00000000e+00 0.00000000e+00
 0.00000000e+00 0.00000000e+00
 0.00000000e+00 0.00000000e+00
 0.00000000e+00 0.00000000e+00
 5.04212884e-02 7.12993882e-02
 1.18903545e-01 1.52349539e-01
 1.96699677e-01 2.30177138e-01
 2.70946782e-01 2.91723081e-01
 3.29617040e-01 3.24061707e-01
 3.64550277e-01 3.11191236e-01
 3.70639707e-01 2.31596743e-01
 3.42724440e-01 5.95505317e-02
 2.73744230e-01 -2.31044329e-01
 1.56013302e-01 -6.63170682e-01
 -1.61046349e-02 -1.25469932e+00
 -2.44829436e-01 -2.01721186e+00
 -5.29413130e-01 -2.95513184e+00
 -8.67118979e-01 -4.06542423e+00
 -1.25386394e+00 -5.33826201e+00
 -1.68470144e+00 -6.75870217e+00
 -2.15445617e+00 -8.30892699e+00
 -2.65834880e+00 -9.97026595e+00
 -3.19231183e+00 -1.17243279e+01
 -3.75296431e+00 -1.35530920e+01
 -4.33739021e+00 -1.54383316e+01
 -4.94297104e+00 -1.73610083e+01
 -5.56760058e+00 -1.93012651e+01
 -6.21026684e+00 -2.12394166e+01
 -6.87142449e+00 -2.31578600e+01
 -7.55257483e+00 -2.50430923e+01
 -8.25498205e+00 -2.68863739e+01
 -8.97770704e+00 -2.86818775e+01
 -9.71510276e+00 -3.04228081e+01
 -1.04543949e+01 -3.20978020e+01
 -1.11749289e+01 -3.36898777e+01
 -1.18505802e+01 -3.51781213e+01
 -1.24548926e+01 -3.65403708e+01
 -1.29664748e+01 -3.77553933e+01
 -1.33723541e+01 -3.88047730e+01
 -1.36689450e+01 -3.96754577e+01
 -1.38614621e+01 -4.03625281e+01
 -1.39621008e+01 -4.08701911e+01
 -1.39871672e+01 -4.12096432e+01
 -1.39543269e+01 -4.13946978e+01
 -1.38808038e+01 -4.14374513e+01
 -1.37815096e+01 -4.13457529e+01
 -1.36662815e+01 -4.11228267e+01
 -1.35377007e+01 -4.07682626e+01
 -1.33912850e+01 -4.02793608e+01
 -1.32177930e+01 -3.96524340e+01
 -1.30059930e+01 -3.88843186e+01
 -1.27446041e+01 -3.79743001e+01
 -1.24233036e+01 -3.69261250e+01
 -1.20336623e+01 -3.57494072e+01
 -1.15705804e+01 -3.44598981e+01
 -1.10336710e+01 -3.30787531e+01
 -1.04277199e+01 -3.16315600e+01
 -9.76203061e+00 -3.01476833e+01
 -9.04899955e+00 -2.86594370e+01
 -8.30233761e+00 -2.71999786e+01
 -7.53526381e+00 -2.57996642e+01
 -6.75888472e+00 -2.44823055e+01
 -5.98103968e+00 -2.32633581e+01
 -5.20612905e+00 -2.21506235e+01
 -4.43629131e+00 -2.11461865e+01
 -3.67353360e+00 -2.02482595e+01
 -2.92165418e+00 -1.94528843e+01
 -2.18676101e+00 -1.87558423e+01
 -1.47609168e+00 -1.81543679e+01
 -7.96073981e-01 -1.76479320e+01
 -1.51001655e-01 -1.72380677e+01
 4.57175734e-01 -1.69278629e+01
 1.02863364e+00 -1.67214658e+01
 1.56573035e+00 -1.66232531e+01
 2.07299762e+00 -1.66363147e+01
 2.55628061e+00 -1.67607124e+01
 3.02115136e+00 -1.69924401e+01
 3.47156309e+00 -1.73234560e+01
 3.90930760e+00 -1.77422610e+01
 4.33396824e+00 -1.82343351e+01
 4.74280338e+00 -1.87824482e+01
 5.13034315e+00 -1.93675715e+01
 5.48798403e+00 -1.99708533e+01
 5.80406489e+00 -2.05760953e+01
 6.06460384e+00 -2.11715793e+01
 6.25442327e+00 -2.17505666e+01
 6.35821182e+00 -2.23106447e+01
 6.36143791e+00 -2.28525557e+01
 6.25177077e+00 -2.33791062e+01
 6.02145075e+00 -2.38943696e+01
 5.66942659e+00 -2.44029199e+01
 5.20153350e+00 -2.49087924e+01
 4.62879371e+00 -2.54144340e+01
 3.96522925e+00 -2.59203949e+01
 3.22575708e+00 -2.64261296e+01
 2.42405503e+00 -2.69313208e+01
 1.57088322e+00 -2.74367149e+01
 6.73607897e-01 -2.79439849e+01
 -2.62990417e-01 -2.84549495e+01
 -1.23512140e+00 -2.89707404e+01
 -2.23826062e+00 -2.94911188e+01
 -3.26587816e+00 -3.00137346e+01
 -4.30874176e+00 -3.05332672e+01
 -5.35440434e+00 -3.10409458e+01
 -6.38662927e+00 -3.15250767e+01
 -7.38518516e+00 -3.19723979e+01
 -8.32675894e+00 -3.23691040e+01
 -9.18707068e+00 -3.27007051e+01
 -9.94321255e+00 -3.29515414e+01
 -1.05753385e+01 -3.31058643e+01
 -1.10685776e+01 -3.31516738e+01
 -1.14173646e+01 -3.30867817e+01
 -1.16323912e+01 -3.29246167e+01
 -1.17451587e+01 -3.26952302e+01
 -1.18024620e+01 -3.24375455e+01
 -1.18499477e+01 -3.21851917e+01
 -1.19156788e+01 -3.19554386e+01
 -1.20061328e+01 -3.17489349e+01
 -1.21147336e+01 -3.15579057e+01
 -1.22326448e+01 -3.13744027e+01
 -1.23541127e+01 -3.11936774e+01
 -1.24766167e+01 -3.10137420e+01
 -1.25993532e+01 -3.08339810e+01
 -1.27221303e+01 -3.06542498e+01
 -1.28449128e+01 -3.04745227e+01
 -1.29676957e+01 -3.02947963e+01
 -1.30904771e+01 -3.01150723e+01
 -1.32132461e+01 -2.99353662e+01
 -1.33359421e+01 -2.97557672e+01
 -1.34582966e+01 -2.95766679e+01
 -1.35793978e+01 -2.93994033e+01
 -1.36968763e+01 -2.92274415e+01
 -1.38060999e+01 -2.90675629e+01
 -1.39004733e+01 -2.89294217e+01
 -1.39737339e+01 -2.88221847e+01
 -1.39737339e+01 -2.88221847e+01
 -1.39737339e+01 -2.88221847e+01
 -1.39737339e+01 -2.88221847e+01
 -1.39737339e+01 -2.88221847e+01
 -1.39737339e+01 -2.88221847e+01
 -1.39737339e+01 -2.88221847e+01
 -1.39737339e+01 -2.88221847e+01
 -1.39737339e+01 -2.88221847e+01
 -1.39737339e+01 -2.88221847e+01
 -1.39737339e+01 -2.88221847e+01
 -1.39737339e+01 -2.88221847e+01
 -1.39737339e+01 -2.88221847e+01
 -1.39737339e+01 -2.88221847e+01
 -1.39737339e+01 -2.88221847e+01
 -1.39737339e+01 -2.88221847e+01
 -1.39737339e+01 -2.88221847e+01
 -1.39737339e+01 -2.88221847e+01
 -1.39737339e+01 -2.88221847e+01
 -1.39737339e+01 -2.88221847e+01
 -1.39737339e+01 -2.88221847e+01
 -1.39737339e+01 -2.88221847e+01
 -1.39737339e+01 -2.88221847e+01
 -1.39737339e+01 -2.88221847e+01
 -1.39737339e+01 -2.88221847e+01
 -1.39737339e+01 -2.88221847e+01
 -1.39737339e+01 -2.88221847e+01
 -1.39737339e+01 -2.88221847e+01
 -1.39737339e+01 -2.88221847e+01
 -1.39737339e+01 -2.88221847e+01
 -1.39737339e+01 -2.88221847e+01
 -1.39737339e+01 -2.88221847e+01
 -1.39737339e+01 -2.88221847e+01
 -1.39737339e+01 -2.88221847e+01
