 0.00000000e+00 0.00000000e+00
 0.00000000e+00 0.00000000e+00
 0.00000000e+00 0.00000000e+00
 0.00000000e+00 0.00000000e+00
 0.00000000e+00 0.00000000e+00
 0.00000000e+00 0.00000000e+00
 0.00000000e+00 0.00000000e+00
 0.00000000e+00 0.00000000e+00
 0.00000000e+00 0.00000000e+00
 0.00000000e+00 0.00000000e+00
 0.00000000e+00 0.00000000e+00
 0.00000000e+00 0.00000000e+00
 0.00000000e+00 0.00000000e+00
 -4.29053798e-02 6.14932866e-02
 -1.18341909e-01 1.26078090e-01
 -2.31927028e-01 1.75871976e-01
 -3.83161276e-01 1.91226451e-01
 -5.67999656e-01 1.52678018e-01
 -7.82708381e-01 4.06741278e-02
 -1.02521519e+00 -1.63934871e-01
 -1.29381680e+00 -4.77949725e-01
 -1.58574611e+00 -9.14592975e-01
 -1.89715739e+00 -1.48417694e+00
 -2.22417583e+00 -2.19542410e+00
 -2.56407409e+00 -3.05582594e+00
 -2.91602958e+00 -4.07077350e+00
 -3.28134044e+00 -5.24243565e+00
 -3.66317113e+00 -6.56946283e+00
 -4.06593769e+00 -8.04755079e+00
 -4.49450321e+00 -9.66985698e+00
 -4.95353265e+00 -1.14264368e+01
 -5.44731791e+00 -1.33029937e+01
 -5.97985792e+00 -1.52799113e+01
 -6.55458222e+00 -1.73321081e+01
 -7.17351932e+00 -1.94296803e+01
 -7.83643230e+00 -2.15394307e+01
 -8.54049254e+00 -2.36274952e+01
 -9.28036871e+00 -2.56625100e+01
 -1.00480380e+01 -2.76179291e+01
 -1.08319841e+01 -2.94724700e+01
 -1.16164913e+01 -3.12091345e+01
 -1.23822043e+01 -3.28142602e+01
 -1.31082457e+01 -3.42774262e+01
 -1.37748938e+01 -3.55915635e+01
 -1.43656263e+01 -3.67523314e+01
 -1.48682604e+01 -3.77569271e+01
 -1.52755166e+01 -3.86032050e+01
 -1.55848646e+01 -3.92893984e+01
 -1.57971618e+01 -3.98140507e+01
 -1.59144837e+01 -4.01758749e+01
 -1.59387359e+01 -4.03735669e+01
 -1.58722656e+01 -4.04055452e+01
 -1.57195687e+01 -4.02696670e+01
 -1.54876972e+01 -3.99634069e+01
 -1.51844714e+01 -3.94849040e+01
 -1.48164828e+01 -3.88345119e+01
 -1.43889780e+01 -3.80161023e+01
 -1.39069107e+01 -3.70377564e+01
 -1.33748816e+01 -3.59118318e+01
 -1.27953978e+01 -3.46545340e+01
 -1.21673465e+01 -3.32854176e+01
 -1.14866783e+01 -3.18273089e+01
 -1.07492480e+01 -3.03065353e+01
 -9.95410964e+00 -2.87528935e+01
 -9.10566147e+00 -2.71991299e+01
 -8.21407187e+00 -2.56800687e+01
 -7.29427179e+00 -2.42312723e+01
 -6.36418352e+00 -2.28868005e+01
 -5.44277078e+00 -2.16759776e+01
 -4.54812188e+00 -2.06200887e+01
 -3.69556330e+00 -1.97305799e+01
 -2.89592542e+00 -1.90095131e+01
 -2.15435856e+00 -1.84515575e+01
 -1.47031385e+00 -1.80464531e+01
 -8.39065810e-01 -1.77814754e+01
 -2.54329763e-01 -1.76436990e+01
 2.89074790e-01 -1.76217608e+01
 7.93278124e-01 -1.77068760e+01
 1.25631714e+00 -1.78929592e+01
 1.67205489e+00 -1.81758286e+01
 2.03116136e+00 -1.85518593e+01
 2.32296324e+00 -1.90167704e+01
 2.53755922e+00 -1.95650437e+01
 2.66742734e+00 -2.01899758e+01
 2.70797758e+00 -2.08840189e+01
 2.65731631e+00 -2.16390630e+01
 2.51623763e+00 -2.24464931e+01
 2.28879368e+00 -2.32969619e+01
 1.98238645e+00 -2.41799045e+01
 1.60645278e+00 -2.50832080e+01
 1.17034753e+00 -2.59937278e+01
 6.81683883e-01 -2.68987012e+01
 1.45733854e-01 -2.77870841e+01
 -4.34186708e-01 -2.86498429e+01
 -1.05584828e+00 -2.94794076e+01
 -1.71757464e+00 -3.02694788e+01
 -2.41839789e+00 -3.10159620e+01
 -3.15817763e+00 -3.17182069e+01
 -3.93688582e+00 -3.23788547e+01
 -4.75337915e+00 -3.30018521e+01
 -5.60452815e+00 -3.35900718e+01
 -6.48491981e+00 -3.41440133e+01
 -7.38673702e+00 -3.46616325e+01
 -8.29952841e+00 -3.51386432e+01
 -9.20994944e+00 -3.55689996e+01
 -1.01017982e+01 -3.59454915e+01
 -1.09566080e+01 -3.62601716e+01
 -1.17545908e+01 -3.65043353e+01
 -1.24753892e+01 -3.66682887e+01
 -1.30987619e+01 -3.67418743e+01
 -1.36067760e+01 -3.67170566e+01
 -1.39894577e+01 -3.65930562e+01
 -1.42530235e+01 -3.63821528e+01
 -1.44246245e+01 -3.61114852e+01
 -1.45462517e+01 -3.58165183e+01
 -1.46585387e+01 -3.55280670e+01
 -1.47858840e+01 -3.52618624e+01
 -1.49336636e+01 -3.50181570e+01
 -1.50962531e+01 -3.47893617e+01
 -1.52663373e+01 -3.45678091e+01
 -1.54392485e+01 -3.43489293e+01
 -1.56129742e+01 -3.41308098e+01
 -1.57868810e+01 -3.39128580e+01
 -1.59608191e+01 -3.36949352e+01
 -1.61347614e+01 -3.34770162e+01
 -1.63087039e+01 -3.32590979e+01
 -1.64826442e+01 -3.30411825e+01
 -1.66565670e+01 -3.28232889e+01
 -1.68303863e+01 -3.26055251e+01
 -1.70037219e+01 -3.23883672e+01
 -1.71752818e+01 -3.21734339e+01
 -1.73417097e+01 -3.19649301e+01
 -1.74964431e+01 -3.17710774e+01
 -1.76301387e+01 -3.16035811e+01
 -1.77339247e+01 -3.14735563e+01
 -1.77339247e+01 -3.14735563e+01
 -1.77339247e+01 -3.14735563e+01
 -1.77339247e+01 -3.14735563e+01
 -1.77339247e+01 -3.14735563e+01
 -1.77339247e+01 -3.14735563e+01
 -1.77339247e+01 -3.14735563e+01
 -1.77339247e+01 -3.14735563e+01
 -1.77339247e+01 -3.14735563e+01
 -1.77339247e+01 -3.14735563e+01
 -1.77339247e+01 -3.14735563e+01
 -1.77339247e+01 -3.14735563e+01
 -1.77339247e+01 -3.14735563e+01
 -1.77339247e+01 -3.14735563e+01
 -1.77339247e+01 -3.14735563e+01
 -1.77339247e+01 -3.14735563e+01
 -1.77339247e+01 -3.14735563e+01
 -1.77339247e+01 -3.14735563e+01
 -1.77339247e+01 -3.14735563e+01
 -1.77339247e+01 -3.14735563e+01
 -1.77339247e+01 -3.14735563e+01
 -1.77339247e+01 -3.14735563e+01
 -1.77339247e+01 -3.14735563e+01
 -1.77339247e+01 -3.14735563e+01
 -1.77339247e+01 -3.14735563e+01
 -1.77339247e+01 -3.14735563e+01
 -1.77339247e+01 -3.14735563e+01
 -1.77339247e+01 -3.14735563e+01
 -1.77339247e+01 -3.14735563e+01
 -1.77339247e+01 -3.14735563e+01
 -1.77339247e+01 -3.14735563e+01
 -1.77339247e+01 -3.14735563e+01
 -1.77339247e+01 -3.14735563e+01
 -1.77339247e+01 -3.14735563e+01
 -1.77339247e+01 -3.14735563e+01
 -1.77339247e+01 -3.14735563e+01
 -1.77339247e+01 -3.14735563e+01
 -1.77339247e+01 -3.14735563e+01
 -1.77339247e+01 -3.14735563e+01
 -1.77339247e+01 -3.14735563e+01
