 0.00000000e+00 0.00000000e+00
 0.00000000e+00 0.00000000e+00
 0.00000000e+00 0.00000000e+00
 0.00000000e+00 0.00000000e+00
 -7.54441528e-02 3.74471706e-02
 -1.76708695e-01 7.60515856e-02
 -3.00428483e-01 1.04436832e-01
 -4.42151243e-01 1.08944232e-01
 -5.97831238e-01 7.33271479e-02
 -7.63514680e-01 -2.25045554e-02
 -9.33662646e-01 -2.01849335e-01
 -1.09938526e+00 -4.87962511e-01
 -1.24787485e+00 -9.00298848e-01
 -1.36349146e+00 -1.45205562e+00
 -1.42980670e+00 -2.14873985e+00
 -1.43161552e+00 -2.98703553e+00
 -1.35679061e+00 -3.95444096e+00
 -1.19844129e+00 -5.03062464e+00
 -9.57002866e-01 -6.19047269e+00
 -6.40949898e-01 -7.40767853e+00
 -2.65426503e-01 -8.65759992e+00
 1.50595232e-01 -9.91885556e+00
 5.87405991e-01 -1.11738828e+01
 1.02682469e+00 -1.24087704e+01
 1.45325095e+00 -1.36123212e+01
 1.85409565e+00 -1.47743207e+01
 2.22041192e+00 -1.58836726e+01
 2.54752704e+00 -1.69274886e+01
 2.83466202e+00 -1.78915732e+01
 3.08338336e+00 -1.87618037e+01
 3.29605395e+00 -1.95258702e+01
 3.47519931e+00 -2.01752137e+01
 3.62358610e+00 -2.07067151e+01
 3.74468309e+00 -2.11231777e+01
 3.84348475e+00 -2.14320620e+01
 3.92721103e+00 -2.16430509e+01
 4.00522994e+00 -2.17655213e+01
 4.08849642e+00 -2.18064751e+01
 4.18913329e+00 -2.17691019e+01
 4.31982136e+00 -2.16523749e+01
 4.49261855e+00 -2.14518488e+01
 4.71822354e+00 -2.11610010e+01
 5.00679806e+00 -2.07724189e+01
 5.36958255e+00 -2.02788351e+01
 5.81961074e+00 -1.96740482e+01
 6.37102680e+00 -1.89533700e+01
 7.03773472e+00 -1.81135059e+01
 7.83197206e+00 -1.71523759e+01
 8.76264164e+00 -1.60693972e+01
 9.83301530e+00 -1.48663906e+01
 1.10380615e+01 -1.35490587e+01
 1.23624334e+01 -1.21287657e+01
 1.37802231e+01 -1.06239133e+01
 1.52568183e+01 -9.06004778e+00
 1.67521920e+01 -7.46834300e+00
 1.82245648e+01 -5.88290593e+00
 1.96339004e+01 -4.33785724e+00
 2.09452028e+01 -2.86498566e+00
 2.21312887e+01 -1.49203781e+00
 2.31743057e+01 -2.41193615e-01
 2.40656963e+01 8.72358111e-01
 2.48051372e+01 1.84121132e+00
 2.53991200e+01 2.66542146e+00
 2.58592884e+01 3.35119670e+00
 2.62004813e+01 3.90919820e+00
 2.64390083e+01 4.35299530e+00
 2.65916796e+01 4.69780323e+00
 2.66747879e+01 4.95934850e+00
 2.67016823e+01 5.15272117e+00
 2.66798050e+01 5.29114632e+00
 2.66103315e+01 5.38475863e+00
 2.64916609e+01 5.43974734e+00
 2.63240332e+01 5.45846541e+00
 2.61122322e+01 5.44125546e+00
 2.58661993e+01 5.39024253e+00
 2.56002074e+01 5.31311731e+00
 2.53299063e+01 5.22303253e+00
 2.50674969e+01 5.13344553e+00
 2.48181397e+01 5.05226733e+00
 2.45804554e+01 4.98045868e+00
 2.43501377e+01 4.91506589e+00
 2.41233115e+01 4.85282550e+00
 2.38977562e+01 4.79175042e+00
 2.36725595e+01 4.73100584e+00
 2.34474415e+01 4.67033386e+00
 2.32223371e+01 4.60967427e+00
 2.29972345e+01 4.54901634e+00
 2.27721323e+01 4.48835866e+00
 2.25470332e+01 4.42770180e+00
 2.23219566e+01 4.36705101e+00
 2.20970140e+01 4.30643634e+00
 2.18726974e+01 4.24599033e+00
 2.16506786e+01 4.18616354e+00
 2.14353014e+01 4.12812641e+00
 2.12350581e+01 4.07416739e+00
 2.10620402e+01 4.02754473e+00
 2.09277290e+01 3.99135225e+00
 2.09277290e+01 3.99135225e+00
 2.09277290e+01 3.99135225e+00
 2.09277290e+01 3.99135225e+00
 2.09277290e+01 3.99135225e+00
 2.09277290e+01 3.99135225e+00
 2.09277290e+01 3.99135225e+00
 2.09277290e+01 3.99135225e+00
 2.09277290e+01 3.99135225e+00
 2.09277290e+01 3.99135225e+00
 2.09277290e+01 3.99135225e+00
 2.09277290e+01 3.99135225e+00
 2.09277290e+01 3.99135225e+00
 2.09277290e+01 3.99135225e+00
 2.09277290e+01 3.99135225e+00
 2.09277290e+01 3.99135225e+00
 2.09277290e+01 3.99135225e+00
 2.09277290e+01 3.99135225e+00
 2.09277290e+01 3.99135225e+00
 2.09277290e+01 3.99135225e+00
 2.09277290e+01 3.99135225e+00
 2.09277290e+01 3.99135225e+00
 2.09277290e+01 3.99135225e+00
 2.09277290e+01 3.99135225e+00
 2.09277290e+01 3.99135225e+00
 2.09277290e+01 3.99135225e+00
 2.09277290e+01 3.99135225e+00
 2.09277290e+01 3.99135225e+00
 2.09277290e+01 3.99135225e+00
 2.09277290e+01 3.99135225e+00
 2.09277290e+01 3.99135225e+00
 2.09277290e+01 3.99135225e+00
 2.09277290e+01 3.99135225e+00
 2.09277290e+01 3.99135225e+00
 2.09277290e+01 3.99135225e+00
 2.09277290e+01 3.99135225e+00
 2.09277290e+01 3.99135225e+00
 2.09277290e+01 3.99135225e+00
 2.09277290e+01 3.99135225e+00
 2.09277290e+01 3.99135225e+00
 2.09277290e+01 3.99135225e+00
 2.09277290e+01 3.99135225e+00
 2.09277290e+01 3.99135225e+00
 2.09277290e+01 3.99135225e+00
 2.09277290e+01 3.99135225e+00
 2.09277290e+01 3.99135225e+00
 2.09277290e+01 3.99135225e+00
 2.09277290e+01 3.99135225e+00
 2.09277290e+01 3.99135225e+00
 2.09277290e+01 3.99135225e+00
 2.09277290e+01 3.99135225e+00
 2.09277290e+01 3.99135225e+00
 2.09277290e+01 3.99135225e+00
 2.09277290e+01 3.99135225e+00
 2.09277290e+01 3.99135225e+00
 2.09277290e+01 3.99135225e+00
