 0.00000000e+00 0.00000000e+00
 0.00000000e+00 0.00000000e+00
 0.00000000e+00 0.00000000e+00
 0.00000000e+00 0.00000000e+00
 3.83263424e-02 -7.25190035e-01
 1.04732422e-01 -1.68806093e+00
 2.02993492e-01 -2.83650708e+00
 3.30315643e-01 -4.10106600e+00
 4.78216412e-01 -5.41656940e+00
 6.34485456e-01 -6.73104668e+00
 7.84670551e-01 -8.00606223e+00
 9.14190700e-01 -9.21496773e+00
 1.01221307e+00 -1.03412226e+01
 1.07526884e+00 -1.13765347e+01
 1.10720410e+00 -1.23188973e+01
 1.11538735e+00 -1.31709223e+01
 1.10713550e+00 -1.39384722e+01
 1.08959668e+00 -1.46293697e+01
 1.07185905e+00 -1.52520876e+01
 1.06589226e+00 -1.58144237e+01
 1.08522401e+00 -1.63223178e+01
 1.14274708e+00 -1.67792152e+01
 1.24871858e+00 -1.71862584e+01
 1.40906048e+00 -1.75429938e+01
 1.62435647e+00 -1.78478781e+01
 1.89014033e+00 -1.80982845e+01
 2.19840531e+00 -1.82904871e+01
 2.53955760e+00 -1.84202064e+01
 2.90382865e+00 -1.84836157e+01
 3.28160305e+00 -1.84782345e+01
 3.66309298e+00 -1.84034133e+01
 4.03839871e+00 -1.82605588e+01
 4.39844004e+00 -1.80532427e+01
 4.73613500e+00 -1.77870646e+01
 5.04695919e+00 -1.74690766e+01
 5.32895224e+00 -1.71068274e+01
 5.58302125e+00 -1.67073174e+01
 5.81390887e+00 -1.62761175e+01
 6.03118081e+00 -1.58166841e+01
 6.24946204e+00 -1.53297431e+01
 6.48791410e+00 -1.48127363e+01
 6.76944848e+00 -1.42597059e+01
 7.11983578e+00 -1.36621065e+01
 7.56626577e+00 -1.30104715e+01
 8.13497554e+00 -1.22962113e+01
 8.84834856e+00 -1.15128304e+01
 9.72241870e+00 -1.06564258e+01
 1.07653639e+01 -9.72581783e+00
 1.19767920e+01 -8.72273484e+00
 1.33472200e+01 -7.65216452e+00
 1.48575757e+01 -6.52258712e+00
 1.64794384e+01 -5.34565978e+00
 1.81769175e+01 -4.13522426e+00
 1.99100610e+01 -2.90597969e+00
 2.16386599e+01 -1.67230781e+00
 2.33253908e+01 -4.47567502e-01
 2.49378397e+01 7.55978911e-01
 2.64493579e+01 1.92666062e+00
 2.78391192e+01 3.05276286e+00
 2.90919505e+01 4.12228333e+00
 3.01980847e+01 5.12309577e+00
 3.11526233e+01 6.04321440e+00
 3.19547963e+01 6.87121634e+00
 3.26073921e+01 7.59717998e+00
 3.31164375e+01 8.21411508e+00
 3.34908681e+01 8.71932904e+00
 3.37419351e+01 9.11512416e+00
 3.38822906e+01 9.40858764e+00
 3.39251584e+01 9.61064202e+00
 3.38843020e+01 9.73455959e+00
 3.37746431e+01 9.79393699e+00
 3.36121976e+01 9.80060405e+00
 3.34127413e+01 9.76382066e+00
 3.31904458e+01 9.69137130e+00
 3.29576380e+01 9.59106100e+00
 3.27252829e+01 9.47090882e+00
 3.25033747e+01 9.33840831e+00
 3.23008998e+01 9.20012236e+00
 3.21249188e+01 9.06164442e+00
 3.19784635e+01 8.92723375e+00
 3.18585476e+01 8.79922644e+00
 3.17568061e+01 8.67792844e+00
 3.16633962e+01 8.56220619e+00
 3.15713183e+01 8.45034975e+00
 3.14778559e+01 8.34075635e+00
 3.13830588e+01 8.23227337e+00
 3.12876704e+01 8.12424025e+00
 3.11921489e+01 8.01635527e+00
 3.10966304e+01 7.90850946e+00
 3.10011256e+01 7.80067189e+00
 3.09056261e+01 7.69283569e+00
 3.08101278e+01 7.58499967e+00
 3.07146298e+01 7.47716368e+00
 3.06191319e+01 7.36932784e+00
 3.05236353e+01 7.26149342e+00
 3.04281483e+01 7.15366980e+00
 3.03327181e+01 7.04591038e+00
 3.02375535e+01 6.93845081e+00
 3.01433637e+01 6.83209207e+00
 3.00519915e+01 6.72891494e+00
 2.99670398e+01 6.63298781e+00
 2.98936383e+01 6.55010307e+00
 2.98366578e+01 6.48576088e+00
 2.98366578e+01 6.48576088e+00
 2.98366578e+01 6.48576088e+00
 2.98366578e+01 6.48576088e+00
 2.98366578e+01 6.48576088e+00
 2.98366578e+01 6.48576088e+00
 2.98366578e+01 6.48576088e+00
 2.98366578e+01 6.48576088e+00
 2.98366578e+01 6.48576088e+00
 2.98366578e+01 6.48576088e+00
 2.98366578e+01 6.48576088e+00
 2.98366578e+01 6.48576088e+00
 2.98366578e+01 6.48576088e+00
 2.98366578e+01 6.48576088e+00
 2.98366578e+01 6.48576088e+00
 2.98366578e+01 6.48576088e+00
 2.98366578e+01 6.48576088e+00
 2.98366578e+01 6.48576088e+00
 2.98366578e+01 6.48576088e+00
 2.98366578e+01 6.48576088e+00
 2.98366578e+01 6.48576088e+00
 2.98366578e+01 6.48576088e+00
 2.98366578e+01 6.48576088e+00
 2.98366578e+01 6.48576088e+00
 2.98366578e+01 6.48576088e+00
 2.98366578e+01 6.48576088e+00
 2.98366578e+01 6.48576088e+00
 2.98366578e+01 6.48576088e+00
 2.98366578e+01 6.48576088e+00
 2.98366578e+01 6.48576088e+00
 2.98366578e+01 6.48576088e+00
 2.98366578e+01 6.48576088e+00
 2.98366578e+01 6.48576088e+00
 2.98366578e+01 6.48576088e+00
 2.98366578e+01 6.48576088e+00
 2.98366578e+01 6.48576088e+00
 2.98366578e+01 6.48576088e+00
 2.98366578e+01 6.48576088e+00
 2.98366578e+01 6.48576088e+00
 2.98366578e+01 6.48576088e+00
 2.98366578e+01 6.48576088e+00
 2.98366578e+01 6.48576088e+00
 2.98366578e+01 6.48576088e+00
 2.98366578e+01 6.48576088e+00
 2.98366578e+01 6.48576088e+00
 2.98366578e+01 6.48576088e+00
 2.98366578e+01 6.48576088e+00
 2.98366578e+01 6.48576088e+00
 2.98366578e+01 6.48576088e+00
 2.98366578e+01 6.48576088e+00
