 0.00000000e+00 0.00000000e+00
 0.00000000e+00 0.00000000e+00
 0.00000000e+00 0.00000000e+00
 0.00000000e+00 0.00000000e+00
 0.00000000e+00 0.00000000e+00
 0.00000000e+00 0.00000000e+00
 0.00000000e+00 0.00000000e+00
 0.00000000e+00 0.00000000e+00
 0.00000000e+00 0.00000000e+00
 0.00000000e+00 0.00000000e+00
 0.00000000e+00 0.00000000e+00
 0.00000000e+00 0.00000000e+00
 0.00000000e+00 0.00000000e+00
 0.00000000e+00 0.00000000e+00
 0.00000000e+00 0.00000000e+00
 0.00000000e+00 0.00000000e+00
 0.00000000e+00 0.00000000e+00
 0.00000000e+00 0.00000000e+00
 0.00000000e+00 0.00000000e+00
 0.00000000e+00 0.00000000e+00
 0.00000000e+00 0.00000000e+00
 0.00000000e+00 0.00000000e+00
 0.00000000e+00 0.00000000e+00
 0.00000000e+00 0.00000000e+00
 0.00000000e+00 0.00000000e+00
 0.00000000e+00 0.00000000e+00
 0.00000000e+00 0.00000000e+00
 0.00000000e+00 0.00000000e+00
 0.00000000e+00 0.00000000e+00
 0.00000000e+00 0.00000000e+00
 0.00000000e+00 0.00000000e+00
 0.00000000e+00 0.00000000e+00
 0.00000000e+00 0.00000000e+00
 0.00000000e+00 0.00000000e+00
 0.00000000e+00 0.00000000e+00
 0.00000000e+00 0.00000000e+00
 0.00000000e+00 0.00000000e+00
 0.00000000e+00 0.00000000e+00
 0.00000000e+00 0.00000000e+00
 -4.59817093e-02 7.72892853e-03
 -1.00187525e-01 1.76477734e-02
 -1.58428128e-01 2.53370216e-02
 -2.18580804e-01 2.29294005e-02
 -2.81364158e-01 4.84609574e-04
 -3.49291510e-01 -5.21029793e-02
 -4.24763722e-01 -1.43908025e-01
 -5.08432549e-01 -2.83250308e-01
 -5.98852405e-01 -4.79205129e-01
 -6.93568052e-01 -7.43161672e-01
 -7.90135902e-01 -1.08932953e+00
 -8.85604853e-01 -1.53396888e+00
 -9.75548005e-01 -2.09364500e+00
 -1.05464061e+00 -2.78286488e+00
 -1.11807977e+00 -3.61156060e+00
 -1.16165535e+00 -4.58298104e+00
 -1.18045331e+00 -5.69236801e+00
 -1.16795302e+00 -6.92643973e+00
 -1.11644792e+00 -8.26353031e+00
 -1.01845239e+00 -9.67441366e+00
 -8.68302697e-01 -1.11240525e+01
 -6.63201330e-01 -1.25743100e+01
 -4.03540601e-01 -1.39872268e+01
 -9.29788052e-02 -1.53283027e+01
 2.61437110e-01 -1.65692676e+01
 6.49519345e-01 -1.76897687e+01
 1.05912177e+00 -1.86775679e+01
 1.47796475e+00 -1.95275013e+01
 1.89495602e+00 -2.02400214e+01
 2.30036208e+00 -2.08200142e+01
 2.68554183e+00 -2.12760069e+01
 3.04327749e+00 -2.16195324e+01
 3.36868503e+00 -2.18643205e+01
 3.65985177e+00 -2.20247135e+01
 3.91769006e+00 -2.21128241e+01
 4.14525582e+00 -2.21356079e+01
 4.34697382e+00 -2.20944721e+01
 4.52792144e+00 -2.19880135e+01
 4.69324888e+00 -2.18148616e+01
 4.84801856e+00 -2.15739057e+01
 4.99757808e+00 -2.12629754e+01
 5.14798720e+00 -2.08785733e+01
 5.30590039e+00 -2.04171543e+01
 5.47805315e+00 -1.98765002e+01
 5.67114445e+00 -1.92561042e+01
 5.89246600e+00 -1.85567569e+01
 6.15059038e+00 -1.77800663e+01
 6.45510646e+00 -1.69283770e+01
 6.81518915e+00 -1.60051498e+01
 7.23784521e+00 -1.50156041e+01
 7.72691123e+00 -1.39672165e+01
 8.28309576e+00 -1.28696352e+01
 8.90447709e+00 -1.17338822e+01
 9.58684192e+00 -1.05711361e+01
 1.03238340e+01 -9.39153680e+00
 1.11072548e+01 -8.20330140e+00
 1.19278104e+01 -7.01228270e+00
 1.27762198e+01 -5.82206190e+00
 1.36440047e+01 -4.63455758e+00
 1.45231663e+01 -3.45100709e+00
 1.54048525e+01 -2.27334538e+00
 1.62780836e+01 -1.10616794e+00
 1.71294286e+01 4.10970758e-02
 1.79436414e+01 1.15305852e+00
 1.87048263e+01 2.20936954e+00
 1.93977428e+01 3.18762732e+00
 2.00090286e+01 4.06679766e+00
 2.05283639e+01 4.82996704e+00
 2.09496709e+01 5.46619953e+00
 2.12722283e+01 5.97184004e+00
 2.15015180e+01 6.35129485e+00
 2.16494305e+01 6.61667846e+00
 2.17326875e+01 6.78546999e+00
 2.17685060e+01 6.87612619e+00
 2.17690048e+01 6.90362567e+00
 2.17383215e+01 6.87810860e+00
 2.16751007e+01 6.80734981e+00
 2.15784016e+01 6.69990162e+00
 2.14520900e+01 6.56579710e+00
 2.13048707e+01 6.41540180e+00
 2.11475527e+01 6.25874485e+00
 2.09906993e+01 6.10585132e+00
 2.08437183e+01 5.96667703e+00
 2.07143435e+01 5.84954316e+00
 2.06077173e+01 5.75883517e+00
 2.05256359e+01 5.69405462e+00
 2.04665934e+01 5.65120859e+00
 2.04262439e+01 5.62512014e+00
 2.03980083e+01 5.61083368e+00
 2.03746625e+01 5.60403503e+00
 2.03510600e+01 5.60131569e+00
 2.03259770e+01 5.60042453e+00
 2.03011470e+01 5.60018933e+00
 2.02785215e+01 5.60013988e+00
 2.02585225e+01 5.60013166e+00
 2.02403321e+01 5.60013059e+00
 2.02229710e+01 5.60013048e+00
 2.02058668e+01 5.60013047e+00
 2.01888122e+01 5.60013047e+00
 2.01717609e+01 5.60013047e+00
 2.01547083e+01 5.60013047e+00
 2.01376552e+01 5.60013047e+00
 2.01206020e+01 5.60013047e+00
 2.01035488e+01 5.60013047e+00
 2.00864958e+01 5.60013047e+00
 2.00694446e+01 5.60013047e+00
 2.00524034e+01 5.60013047e+00
 2.00354098e+01 5.60013047e+00
 2.00185902e+01 5.60013047e+00
 2.00022737e+01 5.60013047e+00
 1.99871038e+01 5.60013047e+00
 1.99739963e+01 5.60013047e+00
 1.99638212e+01 5.60013047e+00
