 0.00000000e+00 0.00000000e+00
 0.00000000e+00 0.00000000e+00
 0.00000000e+00 0.00000000e+00
 0.00000000e+00 0.00000000e+00
 0.00000000e+00 0.00000000e+00
 0.00000000e+00 0.00000000e+00
 0.00000000e+00 0.00000000e+00
 0.00000000e+00 0.00000000e+00
 0.00000000e+00 0.00000000e+00
 0.00000000e+00 0.00000000e+00
 0.00000000e+00 0.00000000e+00
 0.00000000e+00 0.00000000e+00
 0.00000000e+00 0.00000000e+00
 0.00000000e+00 0.00000000e+00
 0.00000000e+00 0.00000000e+00
 0.00000000e+00 0.00000000e+00
 0.00000000e+00 0.00000000e+00
 0.00000000e+00 0.00000000e+00
 0.00000000e+00 0.00000000e+00
 0.00000000e+00 0.00000000e+00
 0.00000000e+00 0.00000000e+00
 0.00000000e+00 0.00000000e+00
 0.00000000e+00 0.00000000e+00
 0.00000000e+00 0.00000000e+00
 0.00000000e+00 0.00000000e+00
 0.00000000e+00 0.00000000e+00
 0.00000000e+00 0.00000000e+00
 0.00000000e+00 0.00000000e+00
 0.00000000e+00 0.00000000e+00
 0.00000000e+00 0.00000000e+00
 0.00000000e+00 0.00000000e+00
 0.00000000e+00 0.00000000e+00
 0.00000000e+00 0.00000000e+00
 0.00000000e+00 0.00000000e+00
 0.00000000e+00 0.00000000e+00
 0.00000000e+00 0.00000000e+00
 0.00000000e+00 0.00000000e+00
 0.00000000e+00 0.00000000e+00
 0.00000000e+00 0.00000000e+00
 0.00000000e+00 0.00000000e+00
 0.00000000e+00 0.00000000e+00
 0.00000000e+00 0.00000000e+00
 0.00000000e+00 0.00000000e+00
 0.00000000e+00 0.00000000e+00
 0.00000000e+00 0.00000000e+00
 0.00000000e+00 0.00000000e+00
 0.00000000e+00 0.00000000e+00
 1.36351659e-06 1.38410198e-02
 1.17825385e-05 2.91411357e-02
 7.44752030e-05 4.16653391e-02
 3.72782859e-04 4.68191119e-02
 1.50219678e-03 3.95003853e-02
 4.93573265e-03 1.24839402e-02
 1.34301382e-02 -4.44821176e-02
 3.08590446e-02 -1.43441260e-01
 6.12742546e-02 -2.96010445e-01
 1.07785827e-01 -5.12123606e-01
 1.72036347e-01 -8.00077987e-01
 2.54364108e-01 -1.16685630e+00
 3.54337790e-01 -1.61798612e+00
 4.71470900e-01 -2.15702336e+00
 6.05804597e-01 -2.78509618e+00
 7.57899492e-01 -3.50089773e+00
 9.28191973e-01 -4.30120146e+00
 1.11620485e+00 -5.18157103e+00
 1.32016267e+00 -6.13684161e+00
 1.53721312e+00 -7.16113193e+00
 1.76404173e+00 -8.24732953e+00
 1.99741692e+00 -9.38632155e+00
 2.23425638e+00 -1.05666875e+01
 2.47130583e+00 -1.17753177e+01
 2.70516130e+00 -1.29982804e+01
 2.93323070e+00 -1.42207102e+01
 3.15502752e+00 -1.54256045e+01
 3.37226638e+00 -1.65928421e+01
 3.58716913e+00 -1.76996749e+01
 3.80044169e+00 -1.87227064e+01
 4.01088835e+00 -1.96403909e+01
 4.21682271e+00 -2.04350415e+01
 4.41773122e+00 -2.10939310e+01
 4.61506563e+00 -2.16095966e+01
 4.81247960e+00 -2.19793945e+01
 5.01616718e+00 -2.22041961e+01
 5.23520707e+00 -2.22864540e+01
 5.48144574e+00 -2.22283179e+01
 5.76881963e+00 -2.20304115e+01
 6.11232284e+00 -2.16915297e+01
 6.52682138e+00 -2.12093124e+01
 7.02591174e+00 -2.05817179e+01
 7.62099107e+00 -1.98087581e+01
 8.32051248e+00 -1.88938981e+01
 9.12920588e+00 -1.78447980e+01
 1.00471177e+01 -1.66732772e+01
 1.10686774e+01 -1.53944924e+01
 1.21821456e+01 -1.40256291e+01
 1.33694392e+01 -1.25847790e+01
 1.46061997e+01 -1.10907304e+01
 1.58625107e+01 -9.56387054e+00
 1.71048427e+01 -8.02749566e+00
 1.82990486e+01 -6.50831957e+00
 1.94136522e+01 -5.03544967e+00
 2.04228275e+01 -3.63813594e+00
 2.13086367e+01 -2.34320752e+00
 2.20621195e+01 -1.17290107e+00
 2.26831597e+01 -1.43172979e-01
 2.31794784e+01 7.37771078e-01
 2.35651687e+01 1.47071832e+00
 2.38589716e+01 2.06577330e+00
 2.40822509e+01 2.54088649e+00
 2.42566156e+01 2.91864126e+00
 2.44015627e+01 3.22259048e+00
 2.45328627e+01 3.47448558e+00
 2.46619610e+01 3.69264391e+00
 2.47959414e+01 3.89095565e+00
 2.49376595e+01 4.07833847e+00
 2.50862546e+01 4.25898677e+00
 2.52382450e+01 4.43364612e+00
 2.53888348e+01 4.60145791e+00
 2.55328846e+01 4.76144394e+00
 2.56655438e+01 4.91303999e+00
 2.57828988e+01 5.05591939e+00
 2.58824854e+01 5.18974525e+00
 2.59630594e+01 5.31414557e+00
 2.60238506e+01 5.42872694e+00
 2.60643706e+01 5.53289053e+00
 2.60847149e+01 5.62552593e+00
 2.60851034e+01 5.70498064e+00
 2.60650675e+01 5.76974404e+00
 2.60245355e+01 5.81982174e+00
 2.59668137e+01 5.85788699e+00
 2.58997850e+01 5.88890345e+00
 2.58328209e+01 5.91806620e+00
 2.57720644e+01 5.94867129e+00
 2.57185974e+01 5.98158280e+00
 2.56702999e+01 6.01621237e+00
 2.56246132e+01 6.05171338e+00
 2.55799135e+01 6.08754099e+00
 2.55354989e+01 6.12346179e+00
 2.54911479e+01 6.15940310e+00
 2.54468079e+01 6.19534791e+00
 2.54024694e+01 6.23129319e+00
 2.53581311e+01 6.26723846e+00
 2.53137934e+01 6.30318327e+00
 2.52694601e+01 6.33912448e+00
 2.52251532e+01 6.37504429e+00
 2.51809696e+01 6.41086414e+00
 2.51372387e+01 6.44631706e+00
 2.50948159e+01 6.48070943e+00
 2.50553740e+01 6.51268514e+00
 2.50212947e+01 6.54031339e+00
 2.49948395e+01 6.56176078e+00
 2.49948395e+01 6.56176078e+00
