 0.00000000e+00 0.00000000e+00
 0.00000000e+00 0.00000000e+00
 0.00000000e+00 0.00000000e+00
 0.00000000e+00 0.00000000e+00
 1.63267054e-06 -1.06148883e-06
 1.40885430e-05 -9.55945416e-06
 8.88276368e-05 -6.38015386e-05
 4.42700659e-04 -3.41787334e-04
 1.77084519e-03 -1.49607868e-03
 5.74731451e-03 -5.42496161e-03
 1.53301014e-02 -1.65484863e-02
 3.41547856e-02 -4.32163490e-02
 6.48386458e-02 -9.84900473e-02
 1.07348504e-01 -1.99795652e-01
 1.58958815e-01 -3.67719770e-01
 2.15815930e-01 -6.24628013e-01
 2.74648083e-01 -9.93411636e-01
 3.33522938e-01 -1.49613213e+00
 3.91663651e-01 -2.15228876e+00
 4.48692753e-01 -2.97682526e+00
 5.03821587e-01 -3.97838915e+00
 5.55906061e-01 -5.15840714e+00
 6.04703223e-01 -6.51113734e+00
 6.52092394e-01 -8.02425847e+00
 7.02028406e-01 -9.67923301e+00
 7.59896265e-01 -1.14509418e+01
 8.32378309e-01 -1.33068496e+01
 9.27229789e-01 -1.52067461e+01
 1.05194515e+00 -1.71041913e+01
 1.21204482e+00 -1.89499051e+01
 1.41037387e+00 -2.06962557e+01
 1.64722108e+00 -2.23016999e+01
 1.92001559e+00 -2.37343489e+01
 2.22243586e+00 -2.49741325e+01
 2.54407532e+00 -2.60133839e+01
 2.87152301e+00 -2.68560782e+01
 3.19057927e+00 -2.75159235e+01
 3.48881256e+00 -2.80132371e+01
 3.75788094e+00 -2.83708380e+01
 3.99523596e+00 -2.86098996e+01
 4.20474480e+00 -2.87468046e+01
 4.39587516e+00 -2.87913913e+01
 4.58177078e+00 -2.87466144e+01
 4.77724372e+00 -2.86097953e+01
 4.99745285e+00 -2.83752232e+01
 5.25711335e+00 -2.80368718e+01
 5.56982538e+00 -2.75900559e+01
 5.94769360e+00 -2.70321469e+01
 6.40155365e+00 -2.63630894e+01
 6.94140762e+00 -2.55857061e+01
 7.57632182e+00 -2.47051500e+01
 8.31373570e+00 -2.37275060e+01
 9.15874116e+00 -2.26585395e+01
 1.01134774e+01 -2.15035263e+01
 1.11762249e+01 -2.02681063e+01
 1.23400865e+01 -1.89593951e+01
 1.35918417e+01 -1.75867237e+01
 1.49118244e+01 -1.61619405e+01
 1.62753591e+01 -1.46993971e+01
 1.76555549e+01 -1.32153870e+01
 1.90265380e+01 -1.17266969e+01
 2.03660914e+01 -1.02486634e+01
 2.16571387e+01 -8.79392274e+00
 2.28880282e+01 -7.37266430e+00
 2.40518368e+01 -5.99386769e+00
 2.51449154e+01 -4.66631214e+00
 2.61649722e+01 -3.39880935e+00
 2.71093294e+01 -2.20013198e+00
 2.79740032e+01 -1.07929200e+00
 2.87536246e+01 -4.61216090e-02
 2.94418398e+01 8.88691746e-01
 3.00322701e+01 1.71492255e+00
 3.05202974e+01 2.42513816e+00
 3.09051527e+01 3.01661227e+00
 3.11909568e+01 3.49169270e+00
 3.13853616e+01 3.85670881e+00
 3.14956589e+01 4.12013995e+00
 3.15248415e+01 4.29064665e+00
 3.14715210e+01 4.37544494e+00
 3.13342119e+01 4.37944675e+00
 3.11155606e+01 4.30532948e+00
 3.08229625e+01 4.15450928e+00
 3.04672312e+01 3.92914106e+00
 3.00623757e+01 3.63526604e+00
 2.96260381e+01 3.28618493e+00
 2.91778708e+01 2.90327501e+00
 2.87350746e+01 2.51146274e+00
 2.83077180e+01 2.13073374e+00
 2.78973753e+01 1.76982531e+00
 2.74999019e+01 1.42690028e+00
 2.71097619e+01 1.09535501e+00
 2.67228599e+01 7.69196980e-01
 2.63370767e+01 4.44994728e-01
 2.59515970e+01 1.21342632e-01
 2.55661819e+01 -2.02188998e-01
 2.51807777e+01 -5.25700050e-01
 2.47953749e+01 -8.49208324e-01
 2.44099728e+01 -1.17271587e+00
 2.40245758e+01 -1.49621913e+00
 2.36392174e+01 -1.81969001e+00
 2.32540884e+01 -2.14296827e+00
 2.28700311e+01 -2.46534697e+00
 2.24899081e+01 -2.78442320e+00
 2.21211561e+01 -3.09395457e+00
 2.17783154e+01 -3.38173598e+00
 2.14820878e+01 -3.63039019e+00
 2.12521307e+01 -3.82341675e+00
 2.12521307e+01 -3.82341675e+00
 2.12521307e+01 -3.82341675e+00
 2.12521307e+01 -3.82341675e+00
 2.12521307e+01 -3.82341675e+00
 2.12521307e+01 -3.82341675e+00
 2.12521307e+01 -3.82341675e+00
 2.12521307e+01 -3.82341675e+00
 2.12521307e+01 -3.82341675e+00
 2.12521307e+01 -3.82341675e+00
 2.12521307e+01 -3.82341675e+00
 2.12521307e+01 -3.82341675e+00
 2.12521307e+01 -3.82341675e+00
 2.12521307e+01 -3.82341675e+00
 2.12521307e+01 -3.82341675e+00
 2.12521307e+01 -3.82341675e+00
 2.12521307e+01 -3.82341675e+00
 2.12521307e+01 -3.82341675e+00
 2.12521307e+01 -3.82341675e+00
 2.12521307e+01 -3.82341675e+00
 2.12521307e+01 -3.82341675e+00
 2.12521307e+01 -3.82341675e+00
 2.12521307e+01 -3.82341675e+00
 2.12521307e+01 -3.82341675e+00
 2.12521307e+01 -3.82341675e+00
 2.12521307e+01 -3.82341675e+00
 2.12521307e+01 -3.82341675e+00
 2.12521307e+01 -3.82341675e+00
 2.12521307e+01 -3.82341675e+00
 2.12521307e+01 -3.82341675e+00
 2.12521307e+01 -3.82341675e+00
 2.12521307e+01 -3.82341675e+00
 2.12521307e+01 -3.82341675e+00
 2.12521307e+01 -3.82341675e+00
 2.12521307e+01 -3.82341675e+00
 2.12521307e+01 -3.82341675e+00
 2.12521307e+01 -3.82341675e+00
 2.12521307e+01 -3.82341675e+00
 2.12521307e+01 -3.82341675e+00
 2.12521307e+01 -3.82341675e+00
 2.12521307e+01 -3.82341675e+00
 2.12521307e+01 -3.82341675e+00
 2.12521307e+01 -3.82341675e+00
 2.12521307e+01 -3.82341675e+00
 2.12521307e+01 -3.82341675e+00
 2.12521307e+01 -3.82341675e+00
