 0.00000000e+00 0.00000000e+00
 0.00000000e+00 0.00000000e+00
 0.00000000e+00 0.00000000e+00
 0.00000000e+00 0.00000000e+00
 -9.63072573e-03 -8.23884138e-06
 -2.69559686e-02 -6.03193340e-05
 -5.15874904e-02 -3.23868626e-04
 -7.92820159e-02 -1.40056345e-03
 -1.03913537e-01 -4.99170695e-03
 -1.21238766e-01 -1.49159689e-02
 -1.30869325e-01 -3.80769736e-02
 -1.35094099e-01 -8.48015802e-02
 -1.36544107e-01 -1.68447809e-01
 -1.36869154e-01 -3.04805711e-01
 -1.36611408e-01 -5.11631173e-01
 -1.35360048e-01 -8.07958785e-01
 -1.31666207e-01 -1.21281131e+00
 -1.23070077e-01 -1.74351850e+00
 -1.06966477e-01 -2.41400698e+00
 -8.22311328e-02 -3.23304778e+00
 -5.02381996e-02 -4.20249943e+00
 -1.42766077e-02 -5.31625601e+00
 2.16760935e-02 -6.56082293e+00
 5.36082450e-02 -7.91747932e+00
 7.80591041e-02 -9.36479680e+00
 9.31184233e-02 -1.08802299e+01
 9.86979730e-02 -1.24404706e+01
 9.55308454e-02 -1.40211693e+01
 8.45217055e-02 -1.55968331e+01
 6.77639297e-02 -1.71413327e+01
 4.99943467e-02 -1.86289424e+01
 3.85624719e-02 -2.00355723e+01
 4.20962866e-02 -2.13398307e+01
 6.92606269e-02 -2.25237758e+01
 1.27636965e-01 -2.35736687e+01
 2.22003984e-01 -2.44811716e+01
 3.52760154e-01 -2.52447763e+01
 5.16006726e-01 -2.58704466e+01
 7.05439811e-01 -2.63705393e+01
 9.14757791e-01 -2.67610983e+01
 1.13924315e+00 -2.70586569e+01
 1.37612719e+00 -2.72778644e+01
 1.62439282e+00 -2.74305300e+01
 1.88480730e+00 -2.75256257e+01
 2.16008077e+00 -2.75691938e+01
 2.45443630e+00 -2.75636545e+01
 2.77247983e+00 -2.75073513e+01
 3.11820164e+00 -2.73954285e+01
 3.49492714e+00 -2.72215568e+01
 3.90612122e+00 -2.69789166e+01
 4.35621722e+00 -2.66599506e+01
 4.85082293e+00 -2.62558749e+01
 5.39648130e+00 -2.57568231e+01
 6.00061400e+00 -2.51525505e+01
 6.67176642e+00 -2.44332317e+01
 7.41956593e+00 -2.35901022e+01
 8.25388528e+00 -2.26160792e+01
 9.18334031e+00 -2.15066556e+01
 1.02136161e+01 -2.02611018e+01
 1.13459615e+01 -1.88837262e+01
 1.25759364e+01 -1.73850743e+01
 1.38926054e+01 -1.57830549e+01
 1.52785757e+01 -1.41035798e+01
 1.67109229e+01 -1.23799863e+01
 1.81624193e+01 -1.06510355e+01
 1.96025238e+01 -8.95815344e+00
 2.09982711e+01 -7.34275512e+00
 2.23157076e+01 -5.84381798e+00
 2.35224433e+01 -4.49520153e+00
 2.45912587e+01 -3.32241788e+00
 2.55037536e+01 -2.33956184e+00
 2.62524189e+01 -1.54783499e+00
 2.68401391e+01 -9.36595163e-01
 2.72779279e+01 -4.86449648e-01
 2.75828994e+01 -1.72920024e-01
 2.77773116e+01 3.04853777e-02
 2.78870429e+01 1.49829088e-01
 2.79375211e+01 2.08340116e-01
 2.79481197e+01 2.24051964e-01
 2.79288453e+01 2.08444893e-01
 2.78818208e+01 1.66995717e-01
 2.78057473e+01 1.01482925e-01
 2.76993193e+01 1.28566366e-02
 2.75618699e+01 -9.68666111e-02
 2.73929015e+01 -2.24486551e-01
 2.71923548e+01 -3.66615391e-01
 2.69613901e+01 -5.20419993e-01
 2.67027235e+01 -6.83444092e-01
 2.64207222e+01 -8.52894537e-01
 2.61219326e+01 -1.02520250e+00
 2.58153785e+01 -1.19640674e+00
 2.55109984e+01 -1.36324218e+00
 2.52162596e+01 -1.52419137e+00
 2.49335759e+01 -1.67969186e+00
 2.46608139e+01 -1.83136778e+00
 2.43940669e+01 -1.98095090e+00
 2.41301022e+01 -2.12963333e+00
 2.38671332e+01 -2.27801012e+00
 2.36044415e+01 -2.42630513e+00
 2.33418102e+01 -2.57458291e+00
 2.30791892e+01 -2.72285782e+00
 2.28165696e+01 -2.87113235e+00
 2.25539504e+01 -3.01940663e+00
 2.22913348e+01 -3.16767896e+00
 2.20287454e+01 -3.31593644e+00
 2.17663124e+01 -3.46410565e+00
 2.15046096e+01 -3.61186255e+00
 2.12455878e+01 -3.75810582e+00
 2.09943143e+01 -3.89997437e+00
 2.07606971e+01 -4.03187418e+00
 2.05588429e+01 -4.14584069e+00
 2.04021465e+01 -4.23431120e+00
 2.04021465e+01 -4.23431120e+00
 2.04021465e+01 -4.23431120e+00
 2.04021465e+01 -4.23431120e+00
 2.04021465e+01 -4.23431120e+00
 2.04021465e+01 -4.23431120e+00
 2.04021465e+01 -4.23431120e+00
 2.04021465e+01 -4.23431120e+00
 2.04021465e+01 -4.23431120e+00
 2.04021465e+01 -4.23431120e+00
 2.04021465e+01 -4.23431120e+00
 2.04021465e+01 -4.23431120e+00
 2.04021465e+01 -4.23431120e+00
 2.04021465e+01 -4.23431120e+00
 2.04021465e+01 -4.23431120e+00
 2.04021465e+01 -4.23431120e+00
 2.04021465e+01 -4.23431120e+00
 2.04021465e+01 -4.23431120e+00
 2.04021465e+01 -4.23431120e+00
 2.04021465e+01 -4.23431120e+00
 2.04021465e+01 -4.23431120e+00
 2.04021465e+01 -4.23431120e+00
 2.04021465e+01 -4.23431120e+00
 2.04021465e+01 -4.23431120e+00
 2.04021465e+01 -4.23431120e+00
 2.04021465e+01 -4.23431120e+00
 2.04021465e+01 -4.23431120e+00
 2.04021465e+01 -4.23431120e+00
 2.04021465e+01 -4.23431120e+00
 2.04021465e+01 -4.23431120e+00
 2.04021465e+01 -4.23431120e+00
 2.04021465e+01 -4.23431120e+00
 2.04021465e+01 -4.23431120e+00
 2.04021465e+01 -4.23431120e+00
 2.04021465e+01 -4.23431120e+00
 2.04021465e+01 -4.23431120e+00
 2.04021465e+01 -4.23431120e+00
 2.04021465e+01 -4.23431120e+00
 2.04021465e+01 -4.23431120e+00
 2.04021465e+01 -4.23431120e+00
 2.04021465e+01 -4.23431120e+00
