 0.00000000e+00 0.00000000e+00
 0.00000000e+00 0.00000000e+00
 0.00000000e+00 0.00000000e+00
 0.00000000e+00 0.00000000e+00
 4.04711841e-02 5.70818855e-02
 9.58294862e-02 1.27523124e-01
 1.61429522e-01 2.03261896e-01
 2.30749747e-01 2.76193185e-01
 2.97898424e-01 3.40712586e-01
 3.58642204e-01 3.93190976e-01
 4.10026624e-01 4.29485257e-01
 4.49943885e-01 4.42972532e-01
 4.77560073e-01 4.24301662e-01
 4.94019238e-01 3.62295624e-01
 5.02190459e-01 2.45144434e-01
 5.05282962e-01 6.14416405e-02
 5.05359610e-01 -1.99256398e-01
 5.02648219e-01 -5.46458489e-01
 4.95894513e-01 -9.89035766e-01
 4.83828765e-01 -1.53532997e+00
 4.67367600e-01 -2.19295222e+00
 4.51015398e-01 -2.96854384e+00
 4.41835971e-01 -3.86760286e+00
 4.46403795e-01 -4.89395923e+00
 4.68002923e-01 -6.04856038e+00
 5.05715109e-01 -7.32790665e+00
 5.55161456e-01 -8.72274410e+00
 6.09860146e-01 -1.02173220e+01
 6.62725636e-01 -1.17893085e+01
 7.07956766e-01 -1.34103900e+01
 7.43324784e-01 -1.50475167e+01
 7.71772249e-01 -1.66648955e+01
 8.00904835e-01 -1.82269058e+01
 8.40502519e-01 -1.97015385e+01
 8.99867219e-01 -2.10631872e+01
 9.86350360e-01 -2.22938054e+01
 1.10472355e+00 -2.33826029e+01
 1.25665749e+00 -2.43252879e+01
 1.44029668e+00 -2.51235287e+01
 1.65015330e+00 -2.57844528e+01
 1.87738215e+00 -2.63196611e+01
 2.11060867e+00 -2.67435839e+01
 2.33750688e+00 -2.70715134e+01
 2.54692046e+00 -2.73178738e+01
 2.73090758e+00 -2.74950543e+01
 2.88621965e+00 -2.76126580e+01
 3.01514319e+00 -2.76767737e+01
 3.12547946e+00 -2.76891801e+01
 3.22905567e+00 -2.76469791e+01
 3.33904448e+00 -2.75432765e+01
 3.46797358e+00 -2.73687211e+01
 3.62795801e+00 -2.71128870e+01
 3.83227817e+00 -2.67648045e+01
 4.09612735e+00 -2.63130845e+01
 4.43555355e+00 -2.57466523e+01
 4.86539752e+00 -2.50564934e+01
 5.39751449e+00 -2.42375972e+01
 6.03981391e+00 -2.32897803e+01
 6.79580802e+00 -2.22170182e+01
 7.66424373e+00 -2.10262286e+01
 8.63874296e+00 -1.97265796e+01
 9.70754693e+00 -1.83295012e+01
 1.08534616e+01 -1.68489394e+01
 1.20543084e+01 -1.53014696e+01
 1.32843104e+01 -1.37062462e+01
 1.45162441e+01 -1.20849577e+01
 1.57233701e+01 -1.04618737e+01
 1.68803784e+01 -8.86379935e+00
 1.79636956e+01 -7.31951169e+00
 1.89520811e+01 -5.85835355e+00
 1.98279295e+01 -4.50816208e+00
 2.05788793e+01 -3.29306390e+00
 2.11989824e+01 -2.23149589e+00
 2.16889420e+01 -1.33451957e+00
 2.20554470e+01 -6.04584150e-01
 2.23099982e+01 -3.52772135e-02
 2.24673317e+01 3.87215939e-01
 2.25429397e+01 6.80814407e-01
 2.25498507e+01 8.63525924e-01
 2.24965897e+01 9.50512364e-01
 2.23881171e+01 9.53208260e-01
 2.22288385e+01 8.80044327e-01
 2.20251789e+01 7.38009044e-01
 2.17865344e+01 5.35050236e-01
 2.15249215e+01 2.83185230e-01
 2.12534545e+01 2.68825456e-04
 2.09836112e+01 -2.92574131e-01
 2.07224025e+01 -5.77629431e-01
 2.04714095e+01 -8.46387203e-01
 2.02283913e+01 -1.09965688e+00
 1.99900077e+01 -1.34285153e+00
 1.97536993e+01 -1.58118127e+00
 1.95181158e+01 -1.81771798e+00
 1.92827307e+01 -2.05374433e+00
 1.90473881e+01 -2.28965789e+00
 1.88120527e+01 -2.52555204e+00
 1.85767183e+01 -2.76144355e+00
 1.83413842e+01 -2.99733448e+00
 1.81060533e+01 -3.23322227e+00
 1.78707459e+01 -3.46908646e+00
 1.76355787e+01 -3.70481019e+00
 1.74010658e+01 -3.93987799e+00
 1.71689553e+01 -4.17253774e+00
 1.69437882e+01 -4.39823770e+00
 1.67344430e+01 -4.60807831e+00
 1.65535606e+01 -4.78938867e+00
 1.64131444e+01 -4.93013721e+00
 1.64131444e+01 -4.93013721e+00
 1.64131444e+01 -4.93013721e+00
 1.64131444e+01 -4.93013721e+00
 1.64131444e+01 -4.93013721e+00
 1.64131444e+01 -4.93013721e+00
 1.64131444e+01 -4.93013721e+00
 1.64131444e+01 -4.93013721e+00
 1.64131444e+01 -4.93013721e+00
 1.64131444e+01 -4.93013721e+00
 1.64131444e+01 -4.93013721e+00
 1.64131444e+01 -4.93013721e+00
 1.64131444e+01 -4.93013721e+00
 1.64131444e+01 -4.93013721e+00
 1.64131444e+01 -4.93013721e+00
 1.64131444e+01 -4.93013721e+00
 1.64131444e+01 -4.93013721e+00
 1.64131444e+01 -4.93013721e+00
 1.64131444e+01 -4.93013721e+00
 1.64131444e+01 -4.93013721e+00
 1.64131444e+01 -4.93013721e+00
 1.64131444e+01 -4.93013721e+00
 1.64131444e+01 -4.93013721e+00
 1.64131444e+01 -4.93013721e+00
 1.64131444e+01 -4.93013721e+00
 1.64131444e+01 -4.93013721e+00
 1.64131444e+01 -4.93013721e+00
 1.64131444e+01 -4.93013721e+00
 1.64131444e+01 -4.93013721e+00
 1.64131444e+01 -4.93013721e+00
 1.64131444e+01 -4.93013721e+00
 1.64131444e+01 -4.93013721e+00
 1.64131444e+01 -4.93013721e+00
 1.64131444e+01 -4.93013721e+00
 1.64131444e+01 -4.93013721e+00
 1.64131444e+01 -4.93013721e+00
 1.64131444e+01 -4.93013721e+00
 1.64131444e+01 -4.93013721e+00
 1.64131444e+01 -4.93013721e+00
 1.64131444e+01 -4.93013721e+00
 1.64131444e+01 -4.93013721e+00
 1.64131444e+01 -4.93013721e+00
 1.64131444e+01 -4.93013721e+00
 1.64131444e+01 -4.93013721e+00
 1.64131444e+01 -4.93013721e+00
 1.64131444e+01 -4.93013721e+00
