 0.00000000e+00 0.00000000e+00
 0.00000000e+00 0.00000000e+00
 0.00000000e+00 0.00000000e+00
 0.00000000e+00 0.00000000e+00
 0.00000000e+00 0.00000000e+00
 0.00000000e+00 0.00000000e+00
 0.00000000e+00 0.00000000e+00
 0.00000000e+00 0.00000000e+00
 0.00000000e+00 0.00000000e+00
 0.00000000e+00 0.00000000e+00
 0.00000000e+00 0.00000000e+00
 0.00000000e+00 0.00000000e+00
 0.00000000e+00 0.00000000e+00
 0.00000000e+00 0.00000000e+00
 0.00000000e+00 0.00000000e+00
 0.00000000e+00 0.00000000e+00
 0.00000000e+00 0.00000000e+00
 0.00000000e+00 0.00000000e+00
 0.00000000e+00 0.00000000e+00
 0.00000000e+00 0.00000000e+00
 0.00000000e+00 0.00000000e+00
 0.00000000e+00 0.00000000e+00
 0.00000000e+00 0.00000000e+00
 0.00000000e+00 0.00000000e+00
 0.00000000e+00 0.00000000e+00
 0.00000000e+00 0.00000000e+00
 0.00000000e+00 0.00000000e+00
 0.00000000e+00 0.00000000e+00
 0.00000000e+00 0.00000000e+00
 0.00000000e+00 0.00000000e+00
 0.00000000e+00 0.00000000e+00
 0.00000000e+00 0.00000000e+00
 0.00000000e+00 0.00000000e+00
 0.00000000e+00 0.00000000e+00
 0.00000000e+00 0.00000000e+00
 0.00000000e+00 0.00000000e+00
 0.00000000e+00 0.00000000e+00
 0.00000000e+00 0.00000000e+00
 0.00000000e+00 0.00000000e+00
 0.00000000e+00 0.00000000e+00
 0.00000000e+00 0.00000000e+00
 0.00000000e+00 0.00000000e+00
 0.00000000e+00 0.00000000e+00
 0.00000000e+00 0.00000000e+00
 0.00000000e+00 0.00000000e+00
 0.00000000e+00 0.00000000e+00
 0.00000000e+00 0.00000000e+00
 0.00000000e+00 0.00000000e+00
 0.00000000e+00 0.00000000e+00
 0.00000000e+00 0.00000000e+00
 0.00000000e+00 0.00000000e+00
 2.46457110e-02 3.41868105e-02
 5.24284581e-02 7.44513859e-02
 7.74969071e-02 1.15027210e-01
 9.65578838e-02 1.50031943e-01
 1.11771624e-01 1.75222152e-01
 1.30723172e-01 1.88235068e-01
 1.64573191e-01 1.86469160e-01
 2.25678531e-01 1.63320651e-01
 3.25276302e-01 1.05609487e-01
 4.71932918e-01 -5.24581458e-03
 6.71124438e-01 -1.89108826e-01
 9.25341659e-01 -4.63629276e-01
 1.23408489e+00 -8.43533526e-01
 1.59389759e+00 -1.34126218e+00
 1.99876671e+00 -1.96650264e+00
 2.44083667e+00 -2.72429739e+00
 2.91132442e+00 -3.61329476e+00
 3.40165942e+00 -4.62555749e+00
 3.90459161e+00 -5.74812957e+00
 4.41454508e+00 -6.96543480e+00
 4.92669168e+00 -8.26107769e+00
 5.43522427e+00 -9.61819019e+00
 5.93209693e+00 -1.10188123e+01
 6.40709874e+00 -1.24434889e+01
 6.84906096e+00 -1.38715340e+01
 7.24748771e+00 -1.52814081e+01
 7.59406128e+00 -1.66507840e+01
 7.88372737e+00 -1.79567213e+01
 8.11537965e+00 -1.91765615e+01
 8.29233375e+00 -2.02895337e+01
 8.42230356e+00 -2.12785999e+01
 8.51620193e+00 -2.21321460e+01
 8.58585686e+00 -2.28452692e+01
 8.64169047e+00 -2.34203269e+01
 8.69126800e+00 -2.38663457e+01
 8.73924764e+00 -2.41972545e+01
 8.78898899e+00 -2.44294684e+01
 8.84485744e+00 -2.45792763e+01
 8.91344097e+00 -2.46599905e+01
 9.00327871e+00 -2.46793787e+01
 9.12423124e+00 -2.46389781e+01
 9.28713262e+00 -2.45359184e+01
 9.50314782e+00 -2.43654150e+01
 9.78217995e+00 -2.41219363e+01
 1.01308388e+01 -2.37993578e+01
 1.05514372e+01 -2.33914650e+01
 1.10427701e+01 -2.28930097e+01
 1.16018484e+01 -2.23005888e+01
 1.22252724e+01 -2.16128649e+01
 1.29096656e+01 -2.08301115e+01
 1.36514325e+01 -1.99533316e+01
 1.44465081e+01 -1.89834799e+01
 1.52905699e+01 -1.79213990e+01
 1.61794759e+01 -1.67686524e+01
 1.71092806e+01 -1.55289510e+01
 1.80754709e+01 -1.42097309e+01
 1.90715987e+01 -1.28234593e+01
 2.00879298e+01 -1.13883845e+01
 2.11108995e+01 -9.92873210e+00
 2.21237757e+01 -8.47433768e+00
 2.31080238e+01 -7.05929765e+00
 2.40443262e+01 -5.71927027e+00
 2.49129045e+01 -4.48776068e+00
 2.56942175e+01 -3.39236185e+00
 2.63712843e+01 -2.45195032e+00
 2.69331119e+01 -1.67526050e+00
 2.73770944e+01 -1.06060851e+00
 2.77089564e+01 -5.96536812e-01
 2.79409654e+01 -2.63593765e-01
 2.80900299e+01 -3.73455773e-02
 2.81760105e+01 1.07907071e-01
 2.82192342e+01 1.95433277e-01
 2.82370131e+01 2.43035415e-01
 2.82408122e+01 2.61539937e-01
 2.82359180e+01 2.55616021e-01
 2.82238077e+01 2.26710293e-01
 2.82055750e+01 1.76611458e-01
 2.81839253e+01 1.09708355e-01
 2.81623875e+01 3.28510216e-02
 2.81431344e+01 -4.66894877e-02
 2.81260802e+01 -1.23587641e-01
 2.81099540e+01 -1.95655893e-01
 2.80937395e+01 -2.63343858e-01
 2.80771385e+01 -3.28245973e-01
 2.80602580e+01 -3.91816164e-01
 2.80432541e+01 -4.54896911e-01
 2.80262116e+01 -5.17838254e-01
 2.80091602e+01 -5.80748715e-01
 2.79921073e+01 -6.43653846e-01
 2.79750541e+01 -7.06558254e-01
 2.79580009e+01 -7.69462502e-01
 2.79409479e+01 -8.32365913e-01
 2.79238967e+01 -8.95263029e-01
 2.79068556e+01 -9.58122691e-01
 2.78898619e+01 -1.02080744e+00
 2.78730423e+01 -1.08285004e+00
 2.78567258e+01 -1.14303669e+00
 2.78415559e+01 -1.19899419e+00
 2.78284485e+01 -1.24734362e+00
 2.78182734e+01 -1.28487656e+00
 2.78182734e+01 -1.28487656e+00
