 0.00000000e+00 0.00000000e+00
 0.00000000e+00 0.00000000e+00
 0.00000000e+00 0.00000000e+00
 0.00000000e+00 0.00000000e+00
 0.00000000e+00 0.00000000e+00
 0.00000000e+00 0.00000000e+00
 0.00000000e+00 0.00000000e+00
 0.00000000e+00 0.00000000e+00
 0.00000000e+00 0.00000000e+00
 -1.19342110e-04 2.57096312e-02
 -7.11420398e-04 6.03382546e-02
 -3.06569866e-03 1.00428907e-01
 -1.06335692e-02 1.40918309e-01
 -3.05316086e-02 1.75943968e-01
 -7.40162010e-02 1.98324873e-01
 -1.54739231e-01 1.98030725e-01
 -2.85657537e-01 1.60597169e-01
 -4.77312621e-01 6.64461537e-02
 -7.38708738e-01 -1.08322266e-01
 -1.07875608e+00 -3.89967675e-01
 -1.50589292e+00 -8.04879818e-01
 -2.02630326e+00 -1.37766002e+00
 -2.64278430e+00 -2.12945230e+00
 -3.35503207e+00 -3.07624988e+00
 -4.16044219e+00 -4.22718103e+00
 -5.05448343e+00 -5.58328743e+00
 -6.03053693e+00 -7.13748581e+00
 -7.07963203e+00 -8.87591702e+00
 -8.19076008e+00 -1.07802086e+01
 -9.35246477e+00 -1.28297699e+01
 -1.05555424e+01 -1.50030397e+01
 -1.17950454e+01 -1.72767943e+01
 -1.30692339e+01 -1.96237864e+01
 -1.43752283e+01 -2.20108134e+01
 -1.57044977e+01 -2.43999185e+01
 -1.70423460e+01 -2.67531813e+01
 -1.83722367e+01 -2.90380770e+01
 -1.96808187e+01 -3.12295584e+01
 -2.09584134e+01 -3.33082317e+01
 -2.21945869e+01 -3.52578420e+01
 -2.33741400e+01 -3.70653070e+01
 -2.44784937e+01 -3.87226624e+01
 -2.54912329e+01 -4.02273528e+01
 -2.64020632e+01 -4.15790876e+01
 -2.72056555e+01 -4.27756614e+01
 -2.78974608e+01 -4.38115767e+01
 -2.84712556e+01 -4.46805426e+01
 -2.89210650e+01 -4.53792713e+01
 -2.92459772e+01 -4.59091106e+01
 -2.94536058e+01 -4.62743102e+01
 -2.95585643e+01 -4.64786239e+01
 -2.95763579e+01 -4.65229539e+01
 -2.95174256e+01 -4.64053620e+01
 -2.93858021e+01 -4.61226062e+01
 -2.91818342e+01 -4.56715030e+01
 -2.89048957e+01 -4.50494451e+01
 -2.85539656e+01 -4.42549619e+01
 -2.81272928e+01 -4.32895755e+01
 -2.76226467e+01 -4.21609223e+01
 -2.70380013e+01 -4.08853104e+01
 -2.63719104e+01 -3.94875698e+01
 -2.56235544e+01 -3.79980954e+01
 -2.47930800e+01 -3.64493923e+01
 -2.38826474e+01 -3.48743579e+01
 -2.28977681e+01 -3.33060845e+01
 -2.18479205e+01 -3.17771685e+01
 -2.07458297e+01 -3.03173569e+01
 -1.96057993e+01 -2.89505940e+01
 -1.84420606e+01 -2.76935139e+01
 -1.72678805e+01 -2.65561915e+01
 -1.60954749e+01 -2.55441558e+01
 -1.49361279e+01 -2.46602527e+01
 -1.38000030e+01 -2.39057851e+01
 -1.26959193e+01 -2.32810149e+01
 -1.16317373e+01 -2.27851785e+01
 -1.06153921e+01 -2.24162601e+01
 -9.65580856e+00 -2.21708695e+01
 -8.76293367e+00 -2.20443119e+01
 -7.94693757e+00 -2.20306819e+01
 -7.21739089e+00 -2.21230274e+01
 -6.58309647e+00 -2.23138626e+01
 -6.05242427e+00 -2.25960583e+01
 -5.63341152e+00 -2.29637610e+01
 -5.33318053e+00 -2.34129540e+01
 -5.15704170e+00 -2.39413689e+01
 -5.10793212e+00 -2.45475868e+01
 -5.18608262e+00 -2.52295350e+01
 -5.38828559e+00 -2.59830452e+01
 -5.70709370e+00 -2.68011707e+01
 -6.13112505e+00 -2.76744806e+01
 -6.64662412e+00 -2.85919366e+01
 -7.23920446e+00 -2.95417227e+01
 -7.89518047e+00 -3.05117480e+01
 -8.60274393e+00 -3.14901177e+01
 -9.35289154e+00 -3.24659417e+01
 -1.01395372e+01 -3.34301939e+01
 -1.09589162e+01 -3.43758089e+01
 -1.18091095e+01 -3.52966872e+01
 -1.26899169e+01 -3.61864021e+01
 -1.36023404e+01 -3.70377822e+01
 -1.45471124e+01 -3.78435819e+01
 -1.55227277e+01 -3.85972958e+01
 -1.65239633e+01 -3.92932213e+01
 -1.75413400e+01 -3.99259339e+01
 -1.85611601e+01 -4.04900530e+01
 -1.95657141e+01 -4.09807647e+01
 -2.05338517e+01 -4.13945237e+01
 -2.14423178e+01 -4.17288660e+01
 -2.22677455e+01 -4.19810778e+01
 -2.29885232e+01 -4.21467872e+01
 -2.35858933e+01 -4.22199596e+01
 -2.40449164e+01 -4.21949453e+01
 -2.43569728e+01 -4.20701188e+01
 -2.45246459e+01 -4.18520312e+01
 -2.45671412e+01 -4.15584243e+01
 -2.45212851e+01 -4.12174282e+01
 -2.44332815e+01 -4.08608334e+01
 -2.43432736e+01 -4.05137355e+01
 -2.42730301e+01 -4.01874712e+01
 -2.42254375e+01 -3.98807569e+01
 -2.41934195e+01 -3.95865530e+01
 -2.41690779e+01 -3.92983005e+01
 -2.41475864e+01 -3.90122141e+01
 -2.41269077e+01 -3.87267380e+01
 -2.41064084e+01 -3.84413957e+01
 -2.40859399e+01 -3.81560762e+01
 -2.40654756e+01 -3.78707598e+01
 -2.40450118e+01 -3.75854441e+01
 -2.40245482e+01 -3.73001322e+01
 -2.40040867e+01 -3.70148489e+01
 -2.39836374e+01 -3.67297354e+01
 -2.39632449e+01 -3.64454153e+01
 -2.39430614e+01 -3.61640078e+01
 -2.39234817e+01 -3.58910183e+01
 -2.39052777e+01 -3.56372111e+01
 -2.38895488e+01 -3.54179119e+01
 -2.38773387e+01 -3.52476732e+01
 -2.38773387e+01 -3.52476732e+01
 -2.38773387e+01 -3.52476732e+01
 -2.38773387e+01 -3.52476732e+01
 -2.38773387e+01 -3.52476732e+01
 -2.38773387e+01 -3.52476732e+01
 -2.38773387e+01 -3.52476732e+01
 -2.38773387e+01 -3.52476732e+01
 -2.38773387e+01 -3.52476732e+01
 -2.38773387e+01 -3.52476732e+01
 -2.38773387e+01 -3.52476732e+01
 -2.38773387e+01 -3.52476732e+01
 -2.38773387e+01 -3.52476732e+01
 -2.38773387e+01 -3.52476732e+01
 -2.38773387e+01 -3.52476732e+01
 -2.38773387e+01 -3.52476732e+01
 -2.38773387e+01 -3.52476732e+01
 -2.38773387e+01 -3.52476732e+01
 -2.38773387e+01 -3.52476732e+01
 -2.38773387e+01 -3.52476732e+01
 -2.38773387e+01 -3.52476732e+01
 -2.38773387e+01 -3.52476732e+01
 -2.38773387e+01 -3.52476732e+01
 -2.38773387e+01 -3.52476732e+01
 -2.38773387e+01 -3.52476732e+01
 -2.38773387e+01 -3.52476732e+01
 -2.38773387e+01 -3.52476732e+01
 -2.38773387e+01 -3.52476732e+01
 -2.38773387e+01 -3.52476732e+01
 -2.38773387e+01 -3.52476732e+01
 -2.38773387e+01 -3.52476732e+01
 -2.38773387e+01 -3.52476732e+01
 -2.38773387e+01 -3.52476732e+01
 -2.38773387e+01 -3.52476732e+01
 -2.38773387e+01 -3.52476732e+01
 -2.38773387e+01 -3.52476732e+01
 -2.38773387e+01 -3.52476732e+01
 -2.38773387e+01 -3.52476732e+01
