 0.00000000e+00 0.00000000e+00
 0.00000000e+00 0.00000000e+00
 0.00000000e+00 0.00000000e+00
 0.00000000e+00 0.00000000e+00
 1.67629695e-02 1.08490275e-01
 2.74780589e-02 2.38727472e-01
 2.74803740e-02 3.73153971e-01
 1.67834697e-02 4.93806606e-01
 1.30400102e-04 5.87577397e-01
 -1.58857951e-02 6.46967461e-01
 -2.59137033e-02 6.67101514e-01
 -2.63233602e-02 6.41653766e-01
 -1.31719793e-02 5.60603676e-01
 1.93589345e-02 4.11258394e-01
 7.77635383e-02 1.81231626e-01
 1.66456342e-01 -1.39244276e-01
 2.86453300e-01 -5.56820713e-01
 4.36318685e-01 -1.07549510e+00
 6.13533956e-01 -1.69691264e+00
 8.14965654e-01 -2.42035161e+00
 1.03699912e+00 -3.24288396e+00
 1.27585192e+00 -4.16005651e+00
 1.52752838e+00 -5.16696072e+00
 1.78725215e+00 -6.25915220e+00
 2.04934634e+00 -7.43277136e+00
 2.30830172e+00 -8.68364561e+00
 2.56038055e+00 -1.00058875e+01
 2.80455726e+00 -1.13908104e+01
 3.04247496e+00 -1.28265958e+01
 3.27798944e+00 -1.42985259e+01
 3.51677918e+00 -1.57892999e+01
 3.76590925e+00 -1.72791660e+01
 4.03297826e+00 -1.87460478e+01
 4.32474168e+00 -2.01660588e+01
 4.64549782e+00 -2.15146795e+01
 4.99565220e+00 -2.27685760e+01
 5.37079908e+00 -2.39075866e+01
 5.76163027e+00 -2.49161828e+01
 6.15497259e+00 -2.57842172e+01
 6.53596768e+00 -2.65074349e+01
 6.89076330e+00 -2.70879174e+01
 7.20868091e+00 -2.75337260e+01
 7.48333260e+00 -2.78570185e+01
 7.71310472e+00 -2.80709957e+01
 7.90163257e+00 -2.81868882e+01
 8.05816306e+00 -2.82121838e+01
 8.19686246e+00 -2.81507055e+01
 8.33420631e+00 -2.80041153e+01
 8.48523563e+00 -2.77734060e+01
 8.66121109e+00 -2.74593303e+01
 8.87019824e+00 -2.70623443e+01
 9.11917315e+00 -2.65831588e+01
 9.41541875e+00 -2.60236487e+01
 9.76683557e+00 -2.53869178e+01
 1.01820560e+01 -2.46761490e+01
 1.06706599e+01 -2.38931251e+01
 1.12429551e+01 -2.30374476e+01
 1.19089370e+01 -2.21068189e+01
 1.26767004e+01 -2.10982103e+01
 1.35507947e+01 -2.00095444e+01
 1.45307574e+01 -1.88415400e+01
 1.56099368e+01 -1.75994794e+01
 1.67748100e+01 -1.62945646e+01
 1.80050988e+01 -1.49442774e+01
 1.92750168e+01 -1.35712896e+01
 2.05556463e+01 -1.22011407e+01
 2.18176565e+01 -1.08595133e+01
 2.30333534e+01 -9.56989968e+00
 2.41780528e+01 -8.35187573e+00
 2.52316394e+01 -7.21969260e+00
 2.61805105e+01 -6.18101915e+00
 2.70188896e+01 -5.23630157e+00
 2.77485516e+01 -4.37948803e+00
 2.83771620e+01 -3.60017284e+00
 2.89161776e+01 -2.88617533e+00
 2.93790103e+01 -2.22541964e+00
 2.97795727e+01 -1.60694438e+00
 3.01310306e+01 -1.02173726e+00
 3.04446737e+01 -4.63805331e-01
 3.07290519e+01 6.89470471e-02
 3.09895747e+01 5.74611837e-01
 3.12285777e+01 1.04799933e+00
 3.14457185e+01 1.48190162e+00
 3.16386308e+01 1.86861035e+00
 3.18039515e+01 2.20140924e+00
 3.19388494e+01 2.47580564e+00
 3.20426382e+01 2.69042020e+00
 3.21172826e+01 2.84736719e+00
 3.21660320e+01 2.95145855e+00
 3.21910519e+01 3.00763264e+00
 3.21917141e+01 3.01772581e+00
 3.21646381e+01 2.97943983e+00
 3.21058680e+01 2.88912070e+00
 3.20144317e+01 2.74668947e+00
 3.18950352e+01 2.55954199e+00
 3.17577848e+01 2.34296194e+00
 3.16148726e+01 2.11601588e+00
 3.14761263e+01 1.89459852e+00
 3.13460917e+01 1.68626341e+00
 3.12242973e+01 1.49044105e+00
 3.11078571e+01 1.30269862e+00
 3.09940051e+01 1.11881693e+00
 3.08811089e+01 9.36342964e-01
 3.07684854e+01 7.54265738e-01
 3.06559222e+01 5.72275440e-01
 3.05433694e+01 3.90299988e-01
 3.04308181e+01 2.08326535e-01
 3.03182670e+01 2.63535347e-02
 3.02057174e+01 -1.55617049e-01
 3.00931791e+01 -3.37569420e-01
 2.99807078e+01 -5.19413442e-01
 2.98685495e+01 -7.00751459e-01
 2.97575401e+01 -8.80231839e-01
 2.96498515e+01 -1.05434324e+00
 2.95497299e+01 -1.21622028e+00
 2.94632209e+01 -1.35608827e+00
 2.93960653e+01 -1.46466571e+00
 2.93960653e+01 -1.46466571e+00
 2.93960653e+01 -1.46466571e+00
 2.93960653e+01 -1.46466571e+00
 2.93960653e+01 -1.46466571e+00
 2.93960653e+01 -1.46466571e+00
 2.93960653e+01 -1.46466571e+00
 2.93960653e+01 -1.46466571e+00
 2.93960653e+01 -1.46466571e+00
 2.93960653e+01 -1.46466571e+00
 2.93960653e+01 -1.46466571e+00
 2.93960653e+01 -1.46466571e+00
 2.93960653e+01 -1.46466571e+00
 2.93960653e+01 -1.46466571e+00
 2.93960653e+01 -1.46466571e+00
 2.93960653e+01 -1.46466571e+00
 2.93960653e+01 -1.46466571e+00
 2.93960653e+01 -1.46466571e+00
 2.93960653e+01 -1.46466571e+00
 2.93960653e+01 -1.46466571e+00
 2.93960653e+01 -1.46466571e+00
 2.93960653e+01 -1.46466571e+00
 2.93960653e+01 -1.46466571e+00
 2.93960653e+01 -1.46466571e+00
 2.93960653e+01 -1.46466571e+00
 2.93960653e+01 -1.46466571e+00
 2.93960653e+01 -1.46466571e+00
 2.93960653e+01 -1.46466571e+00
 2.93960653e+01 -1.46466571e+00
 2.93960653e+01 -1.46466571e+00
 2.93960653e+01 -1.46466571e+00
 2.93960653e+01 -1.46466571e+00
 2.93960653e+01 -1.46466571e+00
 2.93960653e+01 -1.46466571e+00
 2.93960653e+01 -1.46466571e+00
 2.93960653e+01 -1.46466571e+00
