 0.00000000e+00 0.00000000e+00
 0.00000000e+00 0.00000000e+00
 0.00000000e+00 0.00000000e+00
 0.00000000e+00 0.00000000e+00
 3.63719386e-03 4.72564670e-02
 1.19796918e-02 1.01588832e-01
 2.72459737e-02 1.54599230e-01
 4.99289824e-02 1.98455870e-01
 7.84121311e-02 2.27778736e-01
 1.11129941e-01 2.38880838e-01
 1.49291613e-01 2.26699745e-01
 1.96729901e-01 1.81546779e-01
 2.56691819e-01 8.85196556e-02
 3.28934478e-01 -6.98887160e-02
 4.09690499e-01 -3.10663506e-01
 4.93826787e-01 -6.49118598e-01
 5.76749081e-01 -1.09915285e+00
 6.54464394e-01 -1.67286745e+00
 7.22573768e-01 -2.37898653e+00
 7.76187828e-01 -3.22125903e+00
 8.11288386e-01 -4.19806895e+00
 8.26029395e-01 -5.30334434e+00
 8.20734360e-01 -6.52774703e+00
 7.97237351e-01 -7.85899434e+00
 7.58816807e-01 -9.28116255e+00
 7.10780328e-01 -1.07738682e+01
 6.60999265e-01 -1.23122076e+01
 6.20139263e-01 -1.38675732e+01
 6.01485680e-01 -1.54089806e+01
 6.19631029e-01 -1.69046422e+01
 6.87467585e-01 -1.83237293e+01
 8.12653325e-01 -1.96382425e+01
 9.95783434e-01 -2.08248756e+01
 1.23096173e+00 -2.18668104e+01
 1.50734604e+00 -2.27551849e+01
 1.81039953e+00 -2.34896582e+01
 2.12318982e+00 -2.40776656e+01
 2.42862212e+00 -2.45325703e+01
 2.71252028e+00 -2.48712959e+01
 2.96634302e+00 -2.51119327e+01
 3.18839416e+00 -2.52715514e+01
 3.38369272e+00 -2.53641461e+01
 3.56362939e+00 -2.53985588e+01
 3.74589962e+00 -2.53769114e+01
 3.95395859e+00 -2.52947339e+01
 4.21519604e+00 -2.51429192e+01
 4.55824562e+00 -2.49096786e+01
 5.01074199e+00 -2.45810226e+01
 5.59822533e+00 -2.41408142e+01
 6.34333875e+00 -2.35723270e+01
 7.26376982e+00 -2.28614459e+01
 8.36855991e+00 -2.19999796e+01
 9.65438859e+00 -2.09876517e+01
 1.11041853e+01 -1.98324021e+01
 1.26890081e+01 -1.85496063e+01
 1.43718161e+01 -1.71610871e+01
 1.61108821e+01 -1.56941667e+01
 1.78619850e+01 -1.41804754e+01
 1.95804243e+01 -1.26544960e+01
 2.12239975e+01 -1.11520740e+01
 2.27563998e+01 -9.70874289e+00
 2.41493260e+01 -8.35758704e+00
 2.53825324e+01 -7.12695549e+00
 2.64430408e+01 -6.03868524e+00
 2.73250279e+01 -5.10708836e+00
 2.80303321e+01 -4.33848316e+00
 2.85681701e+01 -3.73102002e+00
 2.89532934e+01 -3.27492038e+00
 2.92034360e+01 -2.95372568e+00
 2.93375203e+01 -2.74708149e+00
 2.93751082e+01 -2.63448750e+00
 2.93361746e+01 -2.59824061e+00
 2.92400857e+01 -2.62418837e+00
 2.91040453e+01 -2.70087805e+00
 2.89423453e+01 -2.81879784e+00
 2.87668345e+01 -2.97012900e+00
 2.85874093e+01 -3.14791400e+00
 2.84114733e+01 -3.34439654e+00
 2.82429364e+01 -3.55019089e+00
 2.80821191e+01 -3.75578799e+00
 2.79270243e+01 -3.95450941e+00
 2.77751293e+01 -4.14428349e+00
 2.76245814e+01 -4.32676138e+00
 2.74744419e+01 -4.50489640e+00
 2.73243787e+01 -4.68106111e+00
 2.71743171e+01 -4.85653318e+00
 2.70242509e+01 -5.03181530e+00
 2.68741831e+01 -5.20705665e+00
 2.67241149e+01 -5.38229115e+00
 2.65740466e+01 -5.55752473e+00
 2.64239785e+01 -5.73275798e+00
 2.62739124e+01 -5.90798891e+00
 2.61238614e+01 -6.08320231e+00
 2.59738996e+01 -6.25831136e+00
 2.58243552e+01 -6.43293316e+00
 2.56763427e+01 -6.60576612e+00
 2.55327579e+01 -6.77342894e+00
 2.53992624e+01 -6.92931054e+00
 2.52839171e+01 -7.06399824e+00
 2.51943763e+01 -7.16855429e+00
 2.51943763e+01 -7.16855429e+00
 2.51943763e+01 -7.16855429e+00
 2.51943763e+01 -7.16855429e+00
 2.51943763e+01 -7.16855429e+00
 2.51943763e+01 -7.16855429e+00
 2.51943763e+01 -7.16855429e+00
 2.51943763e+01 -7.16855429e+00
 2.51943763e+01 -7.16855429e+00
 2.51943763e+01 -7.16855429e+00
 2.51943763e+01 -7.16855429e+00
 2.51943763e+01 -7.16855429e+00
 2.51943763e+01 -7.16855429e+00
 2.51943763e+01 -7.16855429e+00
 2.51943763e+01 -7.16855429e+00
 2.51943763e+01 -7.16855429e+00
 2.51943763e+01 -7.16855429e+00
 2.51943763e+01 -7.16855429e+00
 2.51943763e+01 -7.16855429e+00
 2.51943763e+01 -7.16855429e+00
 2.51943763e+01 -7.16855429e+00
 2.51943763e+01 -7.16855429e+00
 2.51943763e+01 -7.16855429e+00
 2.51943763e+01 -7.16855429e+00
 2.51943763e+01 -7.16855429e+00
 2.51943763e+01 -7.16855429e+00
 2.51943763e+01 -7.16855429e+00
 2.51943763e+01 -7.16855429e+00
 2.51943763e+01 -7.16855429e+00
 2.51943763e+01 -7.16855429e+00
 2.51943763e+01 -7.16855429e+00
 2.51943763e+01 -7.16855429e+00
 2.51943763e+01 -7.16855429e+00
 2.51943763e+01 -7.16855429e+00
 2.51943763e+01 -7.16855429e+00
 2.51943763e+01 -7.16855429e+00
 2.51943763e+01 -7.16855429e+00
 2.51943763e+01 -7.16855429e+00
 2.51943763e+01 -7.16855429e+00
 2.51943763e+01 -7.16855429e+00
 2.51943763e+01 -7.16855429e+00
 2.51943763e+01 -7.16855429e+00
 2.51943763e+01 -7.16855429e+00
 2.51943763e+01 -7.16855429e+00
 2.51943763e+01 -7.16855429e+00
 2.51943763e+01 -7.16855429e+00
 2.51943763e+01 -7.16855429e+00
 2.51943763e+01 -7.16855429e+00
 2.51943763e+01 -7.16855429e+00
 2.51943763e+01 -7.16855429e+00
 2.51943763e+01 -7.16855429e+00
 2.51943763e+01 -7.16855429e+00
 2.51943763e+01 -7.16855429e+00
