 0.00000000e+00 0.00000000e+00
 0.00000000e+00 0.00000000e+00
 0.00000000e+00 0.00000000e+00
 0.00000000e+00 0.00000000e+00
 -2.29571486e-03 1.90070815e-01
 -2.81693788e-02 4.22209733e-01
 -8.55842744e-02 6.68784006e-01
 -1.71320706e-01 9.00445705e-01
 -2.71813572e-01 1.09431955e+00
 -3.70731480e-01 1.23594436e+00
 -4.56506208e-01 1.31642517e+00
 -5.24389293e-01 1.32765155e+00
 -5.74019572e-01 1.25826568e+00
 -6.06757887e-01 1.09291711e+00
 -6.24592821e-01 8.15500080e-01
 -6.29203483e-01 4.13906936e-01
 -6.20293892e-01 -1.16928266e-01
 -5.94820029e-01 -7.74374353e-01
 -5.48859343e-01 -1.54844308e+00
 -4.81120268e-01 -2.42250404e+00
 -3.95079550e-01 -3.37523236e+00
 -2.98123776e-01 -4.38435615e+00
 -1.98948106e-01 -5.43121147e+00
 -1.05340316e-01 -6.50417758e+00
 -2.33601563e-02 -7.59959976e+00
 4.21293333e-02 -8.72017210e+00
 8.65360816e-02 -9.87179514e+00
 1.05943500e-01 -1.10600633e+01
 9.94390510e-02 -1.22870523e+01
 7.16010755e-02 -1.35486601e+01
 3.31084796e-02 -1.48328508e+01
 -6.15439136e-04 -1.61194440e+01
 -1.15120984e-02 -1.73818835e+01
 1.91213846e-02 -1.85905831e+01
 1.08574933e-01 -1.97167189e+01
 2.70019885e-01 -2.07354045e+01
 5.09810729e-01 -2.16278657e+01
 8.26668014e-01 -2.23826435e+01
 1.21340312e+00 -2.29956583e+01
 1.65959076e+00 -2.34688768e+01
 2.15336350e+00 -2.38078318e+01
 2.68217436e+00 -2.40188720e+01
 3.23352950e+00 -2.41071581e+01
 3.79620476e+00 -2.40759999e+01
 4.36139539e+00 -2.39273257e+01
 4.92313087e+00 -2.36623961e+01
 5.47820299e+00 -2.32820440e+01
 6.02661288e+00 -2.27865258e+01
 6.57324938e+00 -2.21753980e+01
 7.13032468e+00 -2.14475594e+01
 7.71895807e+00 -2.06014988e+01
 8.36837654e+00 -1.96358771e+01
 9.11265608e+00 -1.85503867e+01
 9.98632095e+00 -1.73466017e+01
 1.10201248e+01 -1.60287083e+01
 1.22374424e+01 -1.46043482e+01
 1.36510298e+01 -1.30858299e+01
 1.52597820e+01 -1.14915839e+01
 1.70456645e+01 -9.84728651e+00
 1.89720961e+01 -8.18591194e+00
 2.09855102e+01 -6.54624192e+00
 2.30206272e+01 -4.96993366e+00
 2.50080201e+01 -3.49774774e+00
 2.68815422e+01 -2.16569859e+00
 2.85839865e+01 -1.00172728e+00
 3.00712189e+01 -2.32555906e-02
 3.13157754e+01 7.64048213e-01
 3.23093328e+01 1.36581047e+00
 3.30618318e+01 1.79653947e+00
 3.35962788e+01 2.07587787e+00
 3.39414803e+01 2.22494788e+00
 3.41264450e+01 2.26402144e+00
 3.41783157e+01 2.21169932e+00
 3.41226911e+01 2.08495174e+00
 3.39841542e+01 1.89947519e+00
 3.37861393e+01 1.67035526e+00
 3.35505466e+01 1.41285278e+00
 3.32970878e+01 1.14228058e+00
 3.30416689e+01 8.72044968e-01
 3.27941867e+01 6.10761316e-01
 3.25577103e+01 3.60895181e-01
 3.23303209e+01 1.20276022e-01
 3.21083742e+01 -1.14834359e-01
 3.18889106e+01 -3.47432158e-01
 3.16703250e+01 -5.79139985e-01
 3.14519815e+01 -8.10601671e-01
 3.12336903e+01 -1.04201010e+00
 3.10154078e+01 -1.27340951e+00
 3.07971266e+01 -1.50480771e+00
 3.05788457e+01 -1.73620546e+00
 3.03605678e+01 -1.96760015e+00
 3.01423116e+01 -2.19897168e+00
 2.99241855e+01 -2.43020544e+00
 2.97066663e+01 -2.66079576e+00
 2.94913754e+01 -2.88902390e+00
 2.92825247e+01 -3.11042481e+00
 2.90883495e+01 -3.31626846e+00
 2.89205745e+01 -3.49412528e+00
 2.87903334e+01 -3.63219289e+00
 2.87903334e+01 -3.63219289e+00
 2.87903334e+01 -3.63219289e+00
 2.87903334e+01 -3.63219289e+00
 2.87903334e+01 -3.63219289e+00
 2.87903334e+01 -3.63219289e+00
 2.87903334e+01 -3.63219289e+00
 2.87903334e+01 -3.63219289e+00
 2.87903334e+01 -3.63219289e+00
 2.87903334e+01 -3.63219289e+00
 2.87903334e+01 -3.63219289e+00
 2.87903334e+01 -3.63219289e+00
 2.87903334e+01 -3.63219289e+00
 2.87903334e+01 -3.63219289e+00
 2.87903334e+01 -3.63219289e+00
 2.87903334e+01 -3.63219289e+00
 2.87903334e+01 -3.63219289e+00
 2.87903334e+01 -3.63219289e+00
 2.87903334e+01 -3.63219289e+00
 2.87903334e+01 -3.63219289e+00
 2.87903334e+01 -3.63219289e+00
 2.87903334e+01 -3.63219289e+00
 2.87903334e+01 -3.63219289e+00
 2.87903334e+01 -3.63219289e+00
 2.87903334e+01 -3.63219289e+00
 2.87903334e+01 -3.63219289e+00
 2.87903334e+01 -3.63219289e+00
 2.87903334e+01 -3.63219289e+00
 2.87903334e+01 -3.63219289e+00
 2.87903334e+01 -3.63219289e+00
 2.87903334e+01 -3.63219289e+00
 2.87903334e+01 -3.63219289e+00
 2.87903334e+01 -3.63219289e+00
 2.87903334e+01 -3.63219289e+00
 2.87903334e+01 -3.63219289e+00
 2.87903334e+01 -3.63219289e+00
 2.87903334e+01 -3.63219289e+00
 2.87903334e+01 -3.63219289e+00
 2.87903334e+01 -3.63219289e+00
 2.87903334e+01 -3.63219289e+00
 2.87903334e+01 -3.63219289e+00
 2.87903334e+01 -3.63219289e+00
 2.87903334e+01 -3.63219289e+00
 2.87903334e+01 -3.63219289e+00
 2.87903334e+01 -3.63219289e+00
 2.87903334e+01 -3.63219289e+00
 2.87903334e+01 -3.63219289e+00
 2.87903334e+01 -3.63219289e+00
 2.87903334e+01 -3.63219289e+00
 2.87903334e+01 -3.63219289e+00
 2.87903334e+01 -3.63219289e+00
 2.87903334e+01 -3.63219289e+00
 2.87903334e+01 -3.63219289e+00
 2.87903334e+01 -3.63219289e+00
