 0.00000000e+00 0.00000000e+00
 0.00000000e+00 0.00000000e+00
 0.00000000e+00 0.00000000e+00
 0.00000000e+00 0.00000000e+00
 1.52936366e-01 1.56272703e-01
 3.24588001e-01 3.38766618e-01
 4.84957764e-01 5.19024076e-01
 6.09682043e-01 6.67519896e-01
 6.88584937e-01 7.59752039e-01
 7.22947670e-01 7.76209306e-01
 7.15511877e-01 6.99253177e-01
 6.62026676e-01 5.10636079e-01
 5.50283875e-01 1.91020962e-01
 3.65487134e-01 -2.79158144e-01
 9.61014544e-02 -9.18148847e-01
 -2.63835911e-01 -1.74020040e+00
 -7.14843985e-01 -2.75142619e+00
 -1.25160466e+00 -3.94547507e+00
 -1.86154759e+00 -5.30121186e+00
 -2.52421253e+00 -6.78363376e+00
 -3.21263455e+00 -8.34738333e+00
 -3.89626178e+00 -9.94116636e+00
 -4.54418982e+00 -1.15118435e+01
 -5.12786799e+00 -1.30081118e+01
 -5.62300973e+00 -1.43841335e+01
 -6.01074367e+00 -1.56028563e+01
 -6.27792788e+00 -1.66380181e+01
 -6.41627139e+00 -1.74738934e+01
 -6.42025349e+00 -1.81028321e+01
 -6.28487446e+00 -1.85218863e+01
 -6.00465952e+00 -1.87303118e+01
 -5.57431826e+00 -1.87289502e+01
 -4.99034809e+00 -1.85210899e+01
 -4.25289570e+00 -1.81137170e+01
 -3.36763817e+00 -1.75186222e+01
 -2.34744499e+00 -1.67536410e+01
 -1.21353969e+00 -1.58442631e+01
 3.98719521e-03 -1.48250278e+01
 1.26659780e+00 -1.37394563e+01
 2.52916175e+00 -1.26375332e+01
 3.74353204e+00 -1.15710310e+01
 4.86352336e+00 -1.05884254e+01
 5.85012662e+00 -9.73158701e+00
 6.67517187e+00 -9.03529599e+00
 7.32240522e+00 -8.52847051e+00
 7.78687764e+00 -8.23450530e+00
 8.07427118e+00 -8.16901786e+00
 8.20044487e+00 -8.33609375e+00
 8.19042296e+00 -8.72593959e+00
 8.07649007e+00 -9.31567038e+00
 7.89545084e+00 -1.00721124e+01
 7.68518022e+00 -1.09542279e+01
 7.48122224e+00 -1.19144332e+01
 7.31440186e+00 -1.29004306e+01
 7.20971522e+00 -1.38591863e+01
 7.18647781e+00 -1.47423673e+01
 7.25956188e+00 -1.55105757e+01
 7.44082596e+00 -1.61342271e+01
 7.74007877e+00 -1.65913844e+01
 8.16628931e+00 -1.68648280e+01
 8.72964655e+00 -1.69403531e+01
 9.44327584e+00 -1.68065976e+01
 1.03227570e+01 -1.64557097e+01
 1.13829829e+01 -1.58845489e+01
 1.26335339e+01 -1.50966818e+01
 1.40742902e+01 -1.41049254e+01
 1.56926587e+01 -1.29330010e+01
 1.74629805e+01 -1.16147044e+01
 1.93476171e+01 -1.01906253e+01
 2.12985855e+01 -8.70429021e+00
 2.32592794e+01 -7.19955081e+00
 2.51671681e+01 -5.71923524e+00
 2.69585822e+01 -4.30381569e+00
 2.85750862e+01 -2.98948958e+00
 2.99693626e+01 -1.80634625e+00
 3.11091187e+01 -7.77275702e-01
 3.19799675e+01 8.32391805e-02
 3.25896506e+01 7.72538673e-01
 3.29734348e+01 1.30572331e+00
 3.31945553e+01 1.71918906e+00
 3.33315499e+01 2.06413664e+00
 3.34539729e+01 2.38960126e+00
 3.36018811e+01 2.72624378e+00
 3.37836967e+01 3.08282285e+00
 3.39899946e+01 3.45477474e+00
 3.42086909e+01 3.83473253e+00
 3.44320757e+01 4.21776216e+00
 3.46568155e+01 4.60168701e+00
 3.48818577e+01 4.98581264e+00
 3.51069523e+01 5.36997315e+00
 3.53320539e+01 5.75413832e+00
 3.55571560e+01 6.13830346e+00
 3.57822551e+01 6.52246357e+00
 3.60073317e+01 6.90658525e+00
 3.62322743e+01 7.29047818e+00
 3.64565910e+01 7.67330288e+00
 3.66786097e+01 8.05220591e+00
 3.68939870e+01 8.41977441e+00
 3.70942302e+01 8.76151484e+00
 3.72672481e+01 9.05679171e+00
 3.74015593e+01 9.28601075e+00
 3.74015593e+01 9.28601075e+00
 3.74015593e+01 9.28601075e+00
 3.74015593e+01 9.28601075e+00
 3.74015593e+01 9.28601075e+00
 3.74015593e+01 9.28601075e+00
 3.74015593e+01 9.28601075e+00
 3.74015593e+01 9.28601075e+00
 3.74015593e+01 9.28601075e+00
 3.74015593e+01 9.28601075e+00
 3.74015593e+01 9.28601075e+00
 3.74015593e+01 9.28601075e+00
 3.74015593e+01 9.28601075e+00
 3.74015593e+01 9.28601075e+00
 3.74015593e+01 9.28601075e+00
 3.74015593e+01 9.28601075e+00
 3.74015593e+01 9.28601075e+00
 3.74015593e+01 9.28601075e+00
 3.74015593e+01 9.28601075e+00
 3.74015593e+01 9.28601075e+00
 3.74015593e+01 9.28601075e+00
 3.74015593e+01 9.28601075e+00
 3.74015593e+01 9.28601075e+00
 3.74015593e+01 9.28601075e+00
 3.74015593e+01 9.28601075e+00
 3.74015593e+01 9.28601075e+00
 3.74015593e+01 9.28601075e+00
 3.74015593e+01 9.28601075e+00
 3.74015593e+01 9.28601075e+00
 3.74015593e+01 9.28601075e+00
 3.74015593e+01 9.28601075e+00
 3.74015593e+01 9.28601075e+00
 3.74015593e+01 9.28601075e+00
 3.74015593e+01 9.28601075e+00
 3.74015593e+01 9.28601075e+00
 3.74015593e+01 9.28601075e+00
 3.74015593e+01 9.28601075e+00
 3.74015593e+01 9.28601075e+00
 3.74015593e+01 9.28601075e+00
 3.74015593e+01 9.28601075e+00
 3.74015593e+01 9.28601075e+00
 3.74015593e+01 9.28601075e+00
 3.74015593e+01 9.28601075e+00
 3.74015593e+01 9.28601075e+00
 3.74015593e+01 9.28601075e+00
 3.74015593e+01 9.28601075e+00
 3.74015593e+01 9.28601075e+00
 3.74015593e+01 9.28601075e+00
 3.74015593e+01 9.28601075e+00
 3.74015593e+01 9.28601075e+00
 3.74015593e+01 9.28601075e+00
 3.74015593e+01 9.28601075e+00
 3.74015593e+01 9.28601075e+00
 3.74015593e+01 9.28601075e+00
 3.74015593e+01 9.28601075e+00
 3.74015593e+01 9.28601075e+00
 3.74015593e+01 9.28601075e+00
 3.74015593e+01 9.28601075e+00
 3.74015593e+01 9.28601075e+00
 3.74015593e+01 9.28601075e+00
 3.74015593e+01 9.28601075e+00
 3.74015593e+01 9.28601075e+00
 3.74015593e+01 9.28601075e+00
 3.74015593e+01 9.28601075e+00
 3.74015593e+01 9.28601075e+00
 3.74015593e+01 9.28601075e+00
 3.74015593e+01 9.28601075e+00
 3.74015593e+01 9.28601075e+00
 3.74015593e+01 9.28601075e+00
 3.74015593e+01 9.28601075e+00
 3.74015593e+01 9.28601075e+00
 3.74015593e+01 9.28601075e+00
 3.74015593e+01 9.28601075e+00
 3.74015593e+01 9.28601075e+00
 3.74015593e+01 9.28601075e+00
 3.74015593e+01 9.28601075e+00
 3.74015593e+01 9.28601075e+00
 3.74015593e+01 9.28601075e+00
 3.74015593e+01 9.28601075e+00
 3.74015593e+01 9.28601075e+00
 3.74015593e+01 9.28601075e+00
 3.74015593e+01 9.28601075e+00
 3.74015593e+01 9.28601075e+00
 3.74015593e+01 9.28601075e+00
 3.74015593e+01 9.28601075e+00
 3.74015593e+01 9.28601075e+00
 3.74015593e+01 9.28601075e+00
 3.74015593e+01 9.28601075e+00
 3.74015593e+01 9.28601075e+00
 3.74015593e+01 9.28601075e+00
 3.74015593e+01 9.28601075e+00
 3.74015593e+01 9.28601075e+00
 3.74015593e+01 9.28601075e+00
 3.74015593e+01 9.28601075e+00
 3.74015593e+01 9.28601075e+00
 3.74015593e+01 9.28601075e+00
 3.74015593e+01 9.28601075e+00
 3.74015593e+01 9.28601075e+00
 3.74015593e+01 9.28601075e+00
 3.74015593e+01 9.28601075e+00
 3.74015593e+01 9.28601075e+00
 3.74015593e+01 9.28601075e+00
 3.74015593e+01 9.28601075e+00
 3.74015593e+01 9.28601075e+00
 3.74015593e+01 9.28601075e+00
