 0.00000000e+00 0.00000000e+00
 0.00000000e+00 0.00000000e+00
 0.00000000e+00 0.00000000e+00
 0.00000000e+00 0.00000000e+00
 0.00000000e+00 0.00000000e+00
 0.00000000e+00 0.00000000e+00
 0.00000000e+00 0.00000000e+00
 0.00000000e+00 0.00000000e+00
 0.00000000e+00 0.00000000e+00
 0.00000000e+00 0.00000000e+00
 -1.60742293e-02 1.60908186e-01
 -6.07346725e-02 3.59932931e-01
 -1.40955839e-01 5.74590074e-01
 -2.56323175e-01 7.79404602e-01
 -4.02853687e-01 9.51433171e-01
 -5.78426375e-01 1.07061691e+00
 -7.84798768e-01 1.11745120e+00
 -1.02601736e+00 1.07133224e+00
 -1.30623604e+00 9.10893395e-01
 -1.62888936e+00 6.15941722e-01
 -1.99692298e+00 1.69906953e-01
 -2.41299419e+00 -4.38451233e-01
 -2.87903909e+00 -1.21472436e+00
 -3.39543814e+00 -2.15944393e+00
 -3.96062183e+00 -3.26871350e+00
 -4.57177320e+00 -4.53473197e+00
 -5.22630901e+00 -5.94670892e+00
 -5.92308190e+00 -7.49239773e+00
 -6.66246175e+00 -9.15964274e+00
 -7.44521171e+00 -1.09368828e+01
 -8.27079881e+00 -1.28121439e+01
 -9.13615244e+00 -1.47712901e+01
 -1.00355028e+01 -1.67967804e+01
 -1.09609879e+01 -1.88673392e+01
 -1.19032207e+01 -2.09580627e+01
 -1.28513888e+01 -2.30406801e+01
 -1.37930318e+01 -2.50844229e+01
 -1.47138480e+01 -2.70579330e+01
 -1.55978718e+01 -2.89316275e+01
 -1.64282816e+01 -3.06792402e+01
 -1.71887877e+01 -3.22781008e+01
 -1.78652320e+01 -3.37092366e+01
 -1.84470352e+01 -3.49585941e+01
 -1.89282884e+01 -3.60191982e+01
 -1.93083938e+01 -3.68926400e+01
 -1.95922366e+01 -3.75885074e+01
 -1.97898897e+01 -3.81219056e+01
 -1.99156726e+01 -3.85103793e+01
 -1.99860918e+01 -3.87712833e+01
 -2.00163249e+01 -3.89194987e+01
 -2.00161756e+01 -3.89648894e+01
 -1.99878964e+01 -3.89099370e+01
 -1.99275151e+01 -3.87492069e+01
 -1.98281208e+01 -3.84713782e+01
 -1.96817321e+01 -3.80623120e+01
 -1.94786353e+01 -3.75072707e+01
 -1.92064717e+01 -3.67923571e+01
 -1.88512791e+01 -3.59064799e+01
 -1.83998466e+01 -3.48440664e+01
 -1.78413573e+01 -3.36071366e+01
 -1.71677258e+01 -3.22054327e+01
 -1.63738383e+01 -3.06549142e+01
 -1.54587975e+01 -2.89762147e+01
 -1.44276686e+01 -2.71944444e+01
 -1.32922605e+01 -2.53402872e+01
 -1.20704051e+01 -2.34508322e+01
 -1.07848023e+01 -2.15684920e+01
 -9.46262565e+00 -1.97380184e+01
 -8.13555425e+00 -1.80030781e+01
 -6.83869127e+00 -1.64034404e+01
 -5.60743897e+00 -1.49726924e+01
 -4.47302751e+00 -1.37362233e+01
 -3.45829743e+00 -1.27097800e+01
 -2.57498146e+00 -1.18992206e+01
 -1.82288012e+00 -1.13017638e+01
 -1.19072616e+00 -1.09081708e+01
 -6.58317829e-01 -1.07047566e+01
 -1.99541297e-01 -1.06746439e+01
 2.13945660e-01 -1.07986878e+01
 6.08578277e-01 -1.10567943e+01
 1.00484078e+00 -1.14295755e+01
 1.41430387e+00 -1.18993457e+01
 1.83870370e+00 -1.24496913e+01
 2.27130177e+00 -1.30643043e+01
 2.69971530e+00 -1.37267540e+01
 3.10866962e+00 -1.44219323e+01
 3.48143329e+00 -1.51380748e+01
 3.80012333e+00 -1.58678374e+01
 4.04618562e+00 -1.66081312e+01
 4.20159227e+00 -1.73593462e+01
 4.24959901e+00 -1.81242827e+01
 4.17419933e+00 -1.89067432e+01
 3.95984304e+00 -1.97101342e+01
 3.59352816e+00 -2.05366950e+01
 3.06841148e+00 -2.13874209e+01
 2.38593622e+00 -2.22621423e+01
 1.55526069e+00 -2.31593682e+01
 5.91474324e-01 -2.40760400e+01
 -4.85829979e-01 -2.50075109e+01
 -1.65360412e+00 -2.59477860e+01
 -2.88648484e+00 -2.68897263e+01
 -4.15781526e+00 -2.78248393e+01
 -5.44024142e+00 -2.87425845e+01
 -6.70630817e+00 -2.96297664e+01
 -7.92963970e+00 -3.04709703e+01
 -9.08665559e+00 -3.12503666e+01
 -1.01583953e+01 -3.19539800e+01
 -1.11320698e+01 -3.25711124e+01
 -1.20019497e+01 -3.30945612e+01
 -1.27692610e+01 -3.35204217e+01
 -1.34410626e+01 -3.38483121e+01
 -1.40283120e+01 -3.40818894e+01
 -1.45434874e+01 -3.42286978e+01
 -1.49984020e+01 -3.42987464e+01
 -1.54030631e+01 -3.43029175e+01
 -1.57661374e+01 -3.42533980e+01
 -1.60964892e+01 -3.41659260e+01
 -1.64040621e+01 -3.40597846e+01
 -1.66987823e+01 -3.39528858e+01
 -1.69883352e+01 -3.38557030e+01
 -1.72769453e+01 -3.37698881e+01
 -1.75660099e+01 -3.36920204e+01
 -1.78555682e+01 -3.36181131e+01
 -1.81453691e+01 -3.35456864e+01
 -1.84352502e+01 -3.34736834e+01
 -1.87251508e+01 -3.34017743e+01
 -1.90150549e+01 -3.33298812e+01
 -1.93049594e+01 -3.32579903e+01
 -1.95948637e+01 -3.31860997e+01
 -1.98847641e+01 -3.31142101e+01
 -2.01746355e+01 -3.30423277e+01
 -2.04643343e+01 -3.29704881e+01
 -2.07532269e+01 -3.28988483e+01
 -2.10391601e+01 -3.28279425e+01
 -2.13165400e+01 -3.27591578e+01
 -2.15744290e+01 -3.26952063e+01
 -2.17972551e+01 -3.26399499e+01
 -2.19702316e+01 -3.25970551e+01
 -2.19702316e+01 -3.25970551e+01
 -2.19702316e+01 -3.25970551e+01
 -2.19702316e+01 -3.25970551e+01
 -2.19702316e+01 -3.25970551e+01
 -2.19702316e+01 -3.25970551e+01
 -2.19702316e+01 -3.25970551e+01
 -2.19702316e+01 -3.25970551e+01
 -2.19702316e+01 -3.25970551e+01
 -2.19702316e+01 -3.25970551e+01
 -2.19702316e+01 -3.25970551e+01
 -2.19702316e+01 -3.25970551e+01
 -2.19702316e+01 -3.25970551e+01
 -2.19702316e+01 -3.25970551e+01
 -2.19702316e+01 -3.25970551e+01
 -2.19702316e+01 -3.25970551e+01
 -2.19702316e+01 -3.25970551e+01
 -2.19702316e+01 -3.25970551e+01
 -2.19702316e+01 -3.25970551e+01
 -2.19702316e+01 -3.25970551e+01
 -2.19702316e+01 -3.25970551e+01
 -2.19702316e+01 -3.25970551e+01
 -2.19702316e+01 -3.25970551e+01
 -2.19702316e+01 -3.25970551e+01
 -2.19702316e+01 -3.25970551e+01
 -2.19702316e+01 -3.25970551e+01
 -2.19702316e+01 -3.25970551e+01
 -2.19702316e+01 -3.25970551e+01
 -2.19702316e+01 -3.25970551e+01
 -2.19702316e+01 -3.25970551e+01
 -2.19702316e+01 -3.25970551e+01
 -2.19702316e+01 -3.25970551e+01
 -2.19702316e+01 -3.25970551e+01
 -2.19702316e+01 -3.25970551e+01
 -2.19702316e+01 -3.25970551e+01
 -2.19702316e+01 -3.25970551e+01
 -2.19702316e+01 -3.25970551e+01
