 0.00000000e+00 0.00000000e+00
 0.00000000e+00 0.00000000e+00
 0.00000000e+00 0.00000000e+00
 0.00000000e+00 0.00000000e+00
 6.90812115e-02 1.21605682e-01
 1.33097880e-01 2.70886262e-01
 1.72096472e-01 4.28780835e-01
 1.70993347e-01 5.72595830e-01
 1.22223357e-01 6.80640374e-01
 2.34461131e-02 7.32886116e-01
 -1.26340323e-01 7.08520091e-01
 -3.29776397e-01 5.83468615e-01
 -5.92164446e-01 3.30516686e-01
 -9.20457198e-01 -7.79418900e-02
 -1.32098720e+00 -6.66330888e-01
 -1.79695756e+00 -1.45246407e+00
 -2.34642214e+00 -2.44369833e+00
 -2.96112643e+00 -3.63240912e+00
 -3.62609324e+00 -4.99225834e+00
 -4.31960204e+00 -6.47781092e+00
 -5.01384417e+00 -8.02906034e+00
 -5.67715386e+00 -9.57971221e+00
 -6.27787687e+00 -1.10659529e+01
 -6.78834737e+00 -1.24328687e+01
 -7.18719619e+00 -1.36378781e+01
 -7.45954880e+00 -1.46520508e+01
 -7.59587661e+00 -1.54599169e+01
 -7.59038321e+00 -1.60574415e+01
 -7.43937563e+00 -1.64479354e+01
 -7.13979823e+00 -1.66371469e+01
 -6.68825791e+00 -1.66299378e+01
 -6.08120489e+00 -1.64299983e+01
 -5.31672761e+00 -1.60418863e+01
 -4.39747290e+00 -1.54737355e+01
 -3.33347538e+00 -1.47396446e+01
 -2.14396740e+00 -1.38614242e+01
 -8.57962431e-01 -1.28694200e+01
 4.86352995e-01 -1.18021681e+01
 1.84352812e+00 -1.07047797e+01
 3.16414714e+00 -9.62602521e+00
 4.39935301e+00 -8.61433688e+00
 5.50594495e+00 -7.71362134e+00
 6.45059171e+00 -6.96048923e+00
 7.21139162e+00 -6.38408920e+00
 7.77645648e+00 -6.00765824e+00
 8.14169179e+00 -5.84909729e+00
 8.31074120e+00 -5.91888229e+00
 8.29768974e+00 -6.21661380e+00
 8.12955822e+00 -6.72897395e+00
 7.84472533e+00 -7.43037690e+00
 7.48683730e+00 -8.28530075e+00
 7.09799499e+00 -9.25069236e+00
 6.71500894e+00 -1.02781783e+01
 6.36876614e+00 -1.13171638e+01
 6.08430179e+00 -1.23194237e+01
 5.88015829e+00 -1.32440848e+01
 5.76762706e+00 -1.40611181e+01
 5.75113720e+00 -1.47522830e+01
 5.83031732e+00 -1.53096924e+01
 6.00302491e+00 -1.57328965e+01
 6.26790657e+00 -1.60256008e+01
 6.62552975e+00 -1.61928677e+01
 7.07827411e+00 -1.62392565e+01
 7.62965248e+00 -1.61682528e+01
 8.28326355e+00 -1.59829967e+01
 9.04120230e+00 -1.56873774e+01
 9.90226772e+00 -1.52864441e+01
 1.08610987e+01 -1.47863153e+01
 1.19090127e+01 -1.41943206e+01
 1.30357345e+01 -1.35191666e+01
 1.42303398e+01 -1.27703527e+01
 1.54808102e+01 -1.19568960e+01
 1.67730559e+01 -1.10864016e+01
 1.80902889e+01 -1.01653261e+01
 1.94128038e+01 -9.20011569e+00
 2.07180383e+01 -8.19811620e+00
 2.19811965e+01 -7.16757140e+00
 2.31767986e+01 -6.11707990e+00
 2.42810917e+01 -5.05541136e+00
 2.52748395e+01 -3.99212470e+00
 2.61461127e+01 -2.93840898e+00
 2.68932097e+01 -1.90683940e+00
 2.75275181e+01 -9.09103137e-01
 2.80741185e+01 4.76767353e-02
 2.85668167e+01 9.63719687e-01
 2.90378641e+01 1.84622962e+00
 2.95084954e+01 2.70592155e+00
 2.99866841e+01 3.55282865e+00
 3.04718389e+01 4.39386656e+00
 3.09608601e+01 5.23270857e+00
 3.14514133e+01 6.07088463e+00
 3.19424217e+01 6.90889785e+00
 3.24335335e+01 7.74687913e+00
 3.29246633e+01 8.58485540e+00
 3.34157956e+01 9.42283096e+00
 3.39069275e+01 1.02608053e+01
 3.43980529e+01 1.10987686e+01
 3.48891291e+01 1.19366480e+01
 3.53799129e+01 1.27740285e+01
 3.58693311e+01 1.36090789e+01
 3.63537356e+01 1.44355750e+01
 3.68236496e+01 1.52373472e+01
 3.72605440e+01 1.59827810e+01
 3.76380376e+01 1.66268645e+01
 3.79310802e+01 1.71268569e+01
 3.79310802e+01 1.71268569e+01
 3.79310802e+01 1.71268569e+01
 3.79310802e+01 1.71268569e+01
 3.79310802e+01 1.71268569e+01
 3.79310802e+01 1.71268569e+01
 3.79310802e+01 1.71268569e+01
 3.79310802e+01 1.71268569e+01
 3.79310802e+01 1.71268569e+01
 3.79310802e+01 1.71268569e+01
 3.79310802e+01 1.71268569e+01
 3.79310802e+01 1.71268569e+01
 3.79310802e+01 1.71268569e+01
 3.79310802e+01 1.71268569e+01
 3.79310802e+01 1.71268569e+01
 3.79310802e+01 1.71268569e+01
 3.79310802e+01 1.71268569e+01
 3.79310802e+01 1.71268569e+01
 3.79310802e+01 1.71268569e+01
 3.79310802e+01 1.71268569e+01
 3.79310802e+01 1.71268569e+01
 3.79310802e+01 1.71268569e+01
 3.79310802e+01 1.71268569e+01
 3.79310802e+01 1.71268569e+01
 3.79310802e+01 1.71268569e+01
 3.79310802e+01 1.71268569e+01
 3.79310802e+01 1.71268569e+01
 3.79310802e+01 1.71268569e+01
 3.79310802e+01 1.71268569e+01
 3.79310802e+01 1.71268569e+01
 3.79310802e+01 1.71268569e+01
 3.79310802e+01 1.71268569e+01
 3.79310802e+01 1.71268569e+01
 3.79310802e+01 1.71268569e+01
 3.79310802e+01 1.71268569e+01
 3.79310802e+01 1.71268569e+01
 3.79310802e+01 1.71268569e+01
 3.79310802e+01 1.71268569e+01
 3.79310802e+01 1.71268569e+01
 3.79310802e+01 1.71268569e+01
 3.79310802e+01 1.71268569e+01
 3.79310802e+01 1.71268569e+01
 3.79310802e+01 1.71268569e+01
 3.79310802e+01 1.71268569e+01
 3.79310802e+01 1.71268569e+01
 3.79310802e+01 1.71268569e+01
 3.79310802e+01 1.71268569e+01
 3.79310802e+01 1.71268569e+01
 3.79310802e+01 1.71268569e+01
 3.79310802e+01 1.71268569e+01
 3.79310802e+01 1.71268569e+01
 3.79310802e+01 1.71268569e+01
 3.79310802e+01 1.71268569e+01
 3.79310802e+01 1.71268569e+01
 3.79310802e+01 1.71268569e+01
 3.79310802e+01 1.71268569e+01
 3.79310802e+01 1.71268569e+01
 3.79310802e+01 1.71268569e+01
 3.79310802e+01 1.71268569e+01
 3.79310802e+01 1.71268569e+01
 3.79310802e+01 1.71268569e+01
 3.79310802e+01 1.71268569e+01
 3.79310802e+01 1.71268569e+01
 3.79310802e+01 1.71268569e+01
 3.79310802e+01 1.71268569e+01
 3.79310802e+01 1.71268569e+01
 3.79310802e+01 1.71268569e+01
 3.79310802e+01 1.71268569e+01
 3.79310802e+01 1.71268569e+01
 3.79310802e+01 1.71268569e+01
 3.79310802e+01 1.71268569e+01
 3.79310802e+01 1.71268569e+01
 3.79310802e+01 1.71268569e+01
 3.79310802e+01 1.71268569e+01
 3.79310802e+01 1.71268569e+01
 3.79310802e+01 1.71268569e+01
 3.79310802e+01 1.71268569e+01
 3.79310802e+01 1.71268569e+01
 3.79310802e+01 1.71268569e+01
 3.79310802e+01 1.71268569e+01
 3.79310802e+01 1.71268569e+01
 3.79310802e+01 1.71268569e+01
 3.79310802e+01 1.71268569e+01
 3.79310802e+01 1.71268569e+01
 3.79310802e+01 1.71268569e+01
 3.79310802e+01 1.71268569e+01
 3.79310802e+01 1.71268569e+01
 3.79310802e+01 1.71268569e+01
 3.79310802e+01 1.71268569e+01
 3.79310802e+01 1.71268569e+01
 3.79310802e+01 1.71268569e+01
 3.79310802e+01 1.71268569e+01
 3.79310802e+01 1.71268569e+01
 3.79310802e+01 1.71268569e+01
 3.79310802e+01 1.71268569e+01
 3.79310802e+01 1.71268569e+01
 3.79310802e+01 1.71268569e+01
 3.79310802e+01 1.71268569e+01
 3.79310802e+01 1.71268569e+01
 3.79310802e+01 1.71268569e+01
 3.79310802e+01 1.71268569e+01
