 0.00000000e+00 0.00000000e+00
 0.00000000e+00 0.00000000e+00
 0.00000000e+00 0.00000000e+00
 0.00000000e+00 0.00000000e+00
 1.52610483e-03 1.16461115e-02
 -2.05319584e-02 9.36750816e-03
 -8.66047921e-02 -2.63168794e-02
 -2.13043525e-01 -1.18866624e-01
 -4.07766753e-01 -2.91130082e-01
 -6.72504213e-01 -5.62559001e-01
 -1.00782004e+00 -9.49602445e-01
 -1.41576332e+00 -1.46723664e+00
 -1.89893924e+00 -2.12902872e+00
 -2.45804828e+00 -2.94543937e+00
 -3.09011654e+00 -3.92178440e+00
 -3.78812086e+00 -5.05703134e+00
 -4.54133698e+00 -6.34360762e+00
 -5.33561686e+00 -7.76764480e+00
 -6.15360143e+00 -9.30882753e+00
 -6.97525961e+00 -1.09395289e+01
 -7.77873169e+00 -1.26240544e+01
 -8.54122458e+00 -1.43194693e+01
 -9.24014479e+00 -1.59786911e+01
 -9.85484920e+00 -1.75549800e+01
 -1.03686822e+01 -1.90062509e+01
 -1.07702621e+01 -2.02982292e+01
 -1.10532738e+01 -2.14063886e+01
 -1.12148806e+01 -2.23168074e+01
 -1.12535503e+01 -2.30256353e+01
 -1.11674374e+01 -2.35367174e+01
 -1.09539038e+01 -2.38577110e+01
 -1.06093738e+01 -2.39961581e+01
 -1.01285443e+01 -2.39572016e+01
 -9.50376499e+00 -2.37434668e+01
 -8.72625284e+00 -2.33562573e+01
 -7.78908234e+00 -2.27972546e+01
 -6.69031845e+00 -2.20708065e+01
 -5.43542047e+00 -2.11867652e+01
 -4.03935535e+00 -2.01629229e+01
 -2.52854937e+00 -1.90261571e+01
 -9.41656473e-01 -1.78122491e+01
 6.72073413e-01 -1.65645201e+01
 2.25701253e+00 -1.53310772e+01
 3.75685829e+00 -1.41606736e+01
 5.12025180e+00 -1.30980663e+01
 6.30535131e+00 -1.21804908e+01
 7.28309644e+00 -1.14364822e+01
 8.03885963e+00 -1.08866459e+01
 8.57199057e+00 -1.05446983e+01
 8.89306517e+00 -1.04176471e+01
 9.01933346e+00 -1.05055739e+01
 8.96996748e+00 -1.08021740e+01
 8.76344775e+00 -1.12963275e+01
 8.41802199e+00 -1.19735093e+01
 7.95360055e+00 -1.28155397e+01
 7.39299015e+00 -1.37988139e+01
 6.76204448e+00 -1.48931309e+01
 6.08933345e+00 -1.60630525e+01
 5.40554310e+00 -1.72713151e+01
 4.74228532e+00 -1.84820205e+01
 4.12999162e+00 -1.96621770e+01
 3.59503367e+00 -2.07822592e+01
 3.15700518e+00 -2.18171267e+01
 2.82760771e+00 -2.27474286e+01
 2.61193333e+00 -2.35603891e+01
 2.51131899e+00 -2.42490618e+01
 2.52599557e+00 -2.48103590e+01
 2.65655213e+00 -2.52429678e+01
 2.90459212e+00 -2.55458814e+01
 3.27309457e+00 -2.57173801e+01
 3.76629920e+00 -2.57541478e+01
 4.38895907e+00 -2.56510702e+01
 5.14529736e+00 -2.54025935e+01
 6.03781437e+00 -2.50051558e+01
 7.06580377e+00 -2.44590199e+01
 8.22399859e+00 -2.37689081e+01
 9.50219239e+00 -2.29443222e+01
 1.08858408e+01 -2.19999968e+01
 1.23564917e+01 -2.09558939e+01
 1.38910592e+01 -1.98364227e+01
 1.54604385e+01 -1.86693806e+01
 1.70290891e+01 -1.74849834e+01
 1.85567612e+01 -1.63145811e+01
 2.00021086e+01 -1.51884368e+01
 2.13269822e+01 -1.41326934e+01
 2.25003722e+01 -1.31665556e+01
 2.35017447e+01 -1.23007654e+01
 2.43238105e+01 -1.15375918e+01
 2.49742392e+01 -1.08716936e+01
 2.54753614e+01 -1.02912312e+01
 2.58611260e+01 -9.77936814e+00
 2.61711023e+01 -9.31674360e+00
 2.64423466e+01 -8.88484125e+00
 2.67019463e+01 -8.46905476e+00
 2.69639851e+01 -8.06005989e+00
 2.72321125e+01 -7.65318141e+00
 2.75048754e+01 -7.24667801e+00
 2.77799675e+01 -6.84013485e+00
 2.80559222e+01 -6.43353421e+00
 2.83321206e+01 -6.02691013e+00
 2.86083723e+01 -5.62027990e+00
 2.88846331e+01 -5.21364851e+00
 2.91608950e+01 -4.80701699e+00
 2.94371567e+01 -4.40038601e+00
 2.97134147e+01 -3.99376038e+00
 2.99896451e+01 -3.58717546e+00
 3.02657110e+01 -3.18083264e+00
 3.05410087e+01 -2.77562053e+00
 3.08134863e+01 -2.37455943e+00
 3.10778129e+01 -1.98549570e+00
 3.13235660e+01 -1.62377045e+00
 3.15359061e+01 -1.31122593e+00
 3.17007426e+01 -1.06860227e+00
 3.17007426e+01 -1.06860227e+00
 3.17007426e+01 -1.06860227e+00
 3.17007426e+01 -1.06860227e+00
 3.17007426e+01 -1.06860227e+00
 3.17007426e+01 -1.06860227e+00
 3.17007426e+01 -1.06860227e+00
 3.17007426e+01 -1.06860227e+00
 3.17007426e+01 -1.06860227e+00
 3.17007426e+01 -1.06860227e+00
 3.17007426e+01 -1.06860227e+00
 3.17007426e+01 -1.06860227e+00
 3.17007426e+01 -1.06860227e+00
 3.17007426e+01 -1.06860227e+00
 3.17007426e+01 -1.06860227e+00
 3.17007426e+01 -1.06860227e+00
 3.17007426e+01 -1.06860227e+00
 3.17007426e+01 -1.06860227e+00
 3.17007426e+01 -1.06860227e+00
 3.17007426e+01 -1.06860227e+00
 3.17007426e+01 -1.06860227e+00
 3.17007426e+01 -1.06860227e+00
 3.17007426e+01 -1.06860227e+00
 3.17007426e+01 -1.06860227e+00
 3.17007426e+01 -1.06860227e+00
 3.17007426e+01 -1.06860227e+00
 3.17007426e+01 -1.06860227e+00
 3.17007426e+01 -1.06860227e+00
 3.17007426e+01 -1.06860227e+00
 3.17007426e+01 -1.06860227e+00
 3.17007426e+01 -1.06860227e+00
 3.17007426e+01 -1.06860227e+00
 3.17007426e+01 -1.06860227e+00
 3.17007426e+01 -1.06860227e+00
 3.17007426e+01 -1.06860227e+00
 3.17007426e+01 -1.06860227e+00
 3.17007426e+01 -1.06860227e+00
 3.17007426e+01 -1.06860227e+00
 3.17007426e+01 -1.06860227e+00
 3.17007426e+01 -1.06860227e+00
 3.17007426e+01 -1.06860227e+00
 3.17007426e+01 -1.06860227e+00
 3.17007426e+01 -1.06860227e+00
 3.17007426e+01 -1.06860227e+00
 3.17007426e+01 -1.06860227e+00
 3.17007426e+01 -1.06860227e+00
 3.17007426e+01 -1.06860227e+00
 3.17007426e+01 -1.06860227e+00
 3.17007426e+01 -1.06860227e+00
 3.17007426e+01 -1.06860227e+00
 3.17007426e+01 -1.06860227e+00
 3.17007426e+01 -1.06860227e+00
 3.17007426e+01 -1.06860227e+00
 3.17007426e+01 -1.06860227e+00
 3.17007426e+01 -1.06860227e+00
 3.17007426e+01 -1.06860227e+00
 3.17007426e+01 -1.06860227e+00
 3.17007426e+01 -1.06860227e+00
 3.17007426e+01 -1.06860227e+00
 3.17007426e+01 -1.06860227e+00
 3.17007426e+01 -1.06860227e+00
 3.17007426e+01 -1.06860227e+00
 3.17007426e+01 -1.06860227e+00
 3.17007426e+01 -1.06860227e+00
 3.17007426e+01 -1.06860227e+00
 3.17007426e+01 -1.06860227e+00
 3.17007426e+01 -1.06860227e+00
 3.17007426e+01 -1.06860227e+00
 3.17007426e+01 -1.06860227e+00
 3.17007426e+01 -1.06860227e+00
 3.17007426e+01 -1.06860227e+00
 3.17007426e+01 -1.06860227e+00
 3.17007426e+01 -1.06860227e+00
 3.17007426e+01 -1.06860227e+00
 3.17007426e+01 -1.06860227e+00
 3.17007426e+01 -1.06860227e+00
 3.17007426e+01 -1.06860227e+00
 3.17007426e+01 -1.06860227e+00
 3.17007426e+01 -1.06860227e+00
 3.17007426e+01 -1.06860227e+00
 3.17007426e+01 -1.06860227e+00
 3.17007426e+01 -1.06860227e+00
 3.17007426e+01 -1.06860227e+00
 3.17007426e+01 -1.06860227e+00
 3.17007426e+01 -1.06860227e+00
 3.17007426e+01 -1.06860227e+00
 3.17007426e+01 -1.06860227e+00
 3.17007426e+01 -1.06860227e+00
 3.17007426e+01 -1.06860227e+00
 3.17007426e+01 -1.06860227e+00
 3.17007426e+01 -1.06860227e+00
 3.17007426e+01 -1.06860227e+00
 3.17007426e+01 -1.06860227e+00
