 0.00000000e+00 0.00000000e+00
 0.00000000e+00 0.00000000e+00
 0.00000000e+00 0.00000000e+00
 0.00000000e+00 0.00000000e+00
 8.20027684e-02 1.66714028e-01
 1.51936811e-01 3.67859995e-01
 1.76407824e-01 5.73931096e-01
 1.26199965e-01 7.48302314e-01
 -1.54027960e-02 8.52944749e-01
 -2.52437855e-01 8.51163568e-01
 -5.81742715e-01 7.09171901e-01
 -9.98209201e-01 3.97826155e-01
 -1.49644528e+00 -1.05707263e-01
 -2.07002757e+00 -8.16730725e-01
 -2.71074523e+00 -1.74185915e+00
 -3.40819253e+00 -2.87727322e+00
 -4.14893978e+00 -4.20654822e+00
 -4.91564051e+00 -5.69943023e+00
 -5.68736309e+00 -7.31310952e+00
 -6.44152238e+00 -8.99627234e+00
 -7.15623080e+00 -1.06946033e+01
 -7.81168083e+00 -1.23558267e+01
 -8.39053785e+00 -1.39331818e+01
 -8.87852632e+00 -1.53876033e+01
 -9.26606238e+00 -1.66894522e+01
 -9.55050393e+00 -1.78199403e+01
 -9.73736615e+00 -1.87715171e+01
 -9.83821521e+00 -1.95465607e+01
 -9.86441427e+00 -2.01543777e+01
 -9.81998896e+00 -2.06071018e+01
 -9.69915811e+00 -2.09155511e+01
 -9.48999187e+00 -2.10861883e+01
 -9.17943461e+00 -2.11198689e+01
 -8.75479337e+00 -2.10125818e+01
 -8.20234092e+00 -2.07578741e+01
 -7.50721232e+00 -2.03497790e+01
 -6.65690214e+00 -1.97850295e+01
 -5.64682997e+00 -1.90646681e+01
 -4.48473135e+00 -1.81958920e+01
 -3.19191382e+00 -1.71940996e+01
 -1.80171469e+00 -1.60843019e+01
 -3.56645000e-01 -1.49012308e+01
 1.09463731e+00 -1.36878101e+01
 2.50047094e+00 -1.24918377e+01
 3.81028672e+00 -1.13612244e+01
 4.98001670e+00 -1.03389864e+01
 5.97738669e+00 -9.45974674e+00
 6.78468548e+00 -8.74893847e+00
 7.39796883e+00 -8.22421553e+00
 7.82386301e+00 -7.89719788e+00
 8.07581163e+00 -7.77404007e+00
 8.17083971e+00 -7.85501375e+00
 8.12732548e+00 -8.13447178e+00
 7.96399007e+00 -8.60194828e+00
 7.69962429e+00 -9.24347793e+00
 7.35287579e+00 -1.00415141e+01
 6.94231868e+00 -1.09731676e+01
 6.48730537e+00 -1.20086109e+01
 6.00898307e+00 -1.31119166e+01
 5.53021044e+00 -1.42445544e+01
 5.07398149e+00 -1.53695253e+01
 4.66111558e+00 -1.64541430e+01
 4.30827102e+00 -1.74712720e+01
 4.02693287e+00 -1.83999958e+01
 3.82351895e+00 -1.92262286e+01
 3.70049807e+00 -1.99427588e+01
 3.65826092e+00 -2.05480735e+01
 3.69711035e+00 -2.10442376e+01
 3.81855134e+00 -2.14348183e+01
 4.02573211e+00 -2.17234575e+01
 4.32374078e+00 -2.19128780e+01
 4.72011926e+00 -2.20039545e+01
 5.22483934e+00 -2.19949154e+01
 5.84888833e+00 -2.18810303e+01
 6.60184687e+00 -2.16550317e+01
 7.48983461e+00 -2.13082712e+01
 8.51471010e+00 -2.08323923e+01
 9.67409667e+00 -2.02211797e+01
 1.09613264e+01 -1.94722144e+01
 1.23651044e+01 -1.85878965e+01
 1.38692636e+01 -1.75754277e+01
 1.54527386e+01 -1.64458474e+01
 1.70896625e+01 -1.52129563e+01
 1.87496266e+01 -1.38930671e+01
 2.03981102e+01 -1.25057420e+01
 2.19970874e+01 -1.10747676e+01
 2.35062902e+01 -9.62845689e+00
 2.48858593e+01 -8.19888931e+00
 2.61002988e+01 -6.82030251e+00
 2.71224854e+01 -5.52706280e+00
 2.79362498e+01 -4.35148197e+00
 2.85369425e+01 -3.32147139e+00
 2.89306895e+01 -2.45786346e+00
 2.91339769e+01 -1.77107502e+00
 2.91746186e+01 -1.25681157e+00
 2.90924376e+01 -8.91961087e-01
 2.89355627e+01 -6.34858112e-01
 2.87504489e+01 -4.34446435e-01
 2.85701778e+01 -2.46219271e-01
 2.84090087e+01 -4.47346674e-02
 2.82663396e+01 1.75739076e-01
 2.81354045e+01 4.10039281e-01
 2.80099637e+01 6.51327837e-01
 2.78864916e+01 8.95247278e-01
 2.77635667e+01 1.13992342e+00
 2.76407605e+01 1.38476767e+00
 2.75179744e+01 1.62964092e+00
 2.73951910e+01 1.87451803e+00
 2.72724080e+01 2.11939522e+00
 2.71496266e+01 2.36426921e+00
 2.70268576e+01 2.60911870e+00
 2.69041616e+01 2.85382238e+00
 2.67818071e+01 3.09784515e+00
 2.66607059e+01 3.33936813e+00
 2.65432274e+01 3.57366618e+00
 2.64340038e+01 3.79150072e+00
 2.63396305e+01 3.97971814e+00
 2.62663698e+01 4.12582852e+00
 2.62663698e+01 4.12582852e+00
 2.62663698e+01 4.12582852e+00
 2.62663698e+01 4.12582852e+00
 2.62663698e+01 4.12582852e+00
 2.62663698e+01 4.12582852e+00
 2.62663698e+01 4.12582852e+00
 2.62663698e+01 4.12582852e+00
 2.62663698e+01 4.12582852e+00
 2.62663698e+01 4.12582852e+00
 2.62663698e+01 4.12582852e+00
 2.62663698e+01 4.12582852e+00
 2.62663698e+01 4.12582852e+00
 2.62663698e+01 4.12582852e+00
 2.62663698e+01 4.12582852e+00
 2.62663698e+01 4.12582852e+00
 2.62663698e+01 4.12582852e+00
 2.62663698e+01 4.12582852e+00
 2.62663698e+01 4.12582852e+00
 2.62663698e+01 4.12582852e+00
 2.62663698e+01 4.12582852e+00
 2.62663698e+01 4.12582852e+00
 2.62663698e+01 4.12582852e+00
 2.62663698e+01 4.12582852e+00
 2.62663698e+01 4.12582852e+00
 2.62663698e+01 4.12582852e+00
 2.62663698e+01 4.12582852e+00
 2.62663698e+01 4.12582852e+00
 2.62663698e+01 4.12582852e+00
 2.62663698e+01 4.12582852e+00
 2.62663698e+01 4.12582852e+00
 2.62663698e+01 4.12582852e+00
 2.62663698e+01 4.12582852e+00
 2.62663698e+01 4.12582852e+00
 2.62663698e+01 4.12582852e+00
 2.62663698e+01 4.12582852e+00
 2.62663698e+01 4.12582852e+00
 2.62663698e+01 4.12582852e+00
 2.62663698e+01 4.12582852e+00
 2.62663698e+01 4.12582852e+00
 2.62663698e+01 4.12582852e+00
 2.62663698e+01 4.12582852e+00
 2.62663698e+01 4.12582852e+00
 2.62663698e+01 4.12582852e+00
 2.62663698e+01 4.12582852e+00
 2.62663698e+01 4.12582852e+00
 2.62663698e+01 4.12582852e+00
 2.62663698e+01 4.12582852e+00
 2.62663698e+01 4.12582852e+00
 2.62663698e+01 4.12582852e+00
 2.62663698e+01 4.12582852e+00
 2.62663698e+01 4.12582852e+00
 2.62663698e+01 4.12582852e+00
 2.62663698e+01 4.12582852e+00
 2.62663698e+01 4.12582852e+00
 2.62663698e+01 4.12582852e+00
 2.62663698e+01 4.12582852e+00
 2.62663698e+01 4.12582852e+00
 2.62663698e+01 4.12582852e+00
 2.62663698e+01 4.12582852e+00
 2.62663698e+01 4.12582852e+00
 2.62663698e+01 4.12582852e+00
 2.62663698e+01 4.12582852e+00
 2.62663698e+01 4.12582852e+00
 2.62663698e+01 4.12582852e+00
 2.62663698e+01 4.12582852e+00
 2.62663698e+01 4.12582852e+00
 2.62663698e+01 4.12582852e+00
 2.62663698e+01 4.12582852e+00
 2.62663698e+01 4.12582852e+00
 2.62663698e+01 4.12582852e+00
 2.62663698e+01 4.12582852e+00
 2.62663698e+01 4.12582852e+00
 2.62663698e+01 4.12582852e+00
 2.62663698e+01 4.12582852e+00
 2.62663698e+01 4.12582852e+00
 2.62663698e+01 4.12582852e+00
 2.62663698e+01 4.12582852e+00
 2.62663698e+01 4.12582852e+00
 2.62663698e+01 4.12582852e+00
 2.62663698e+01 4.12582852e+00
 2.62663698e+01 4.12582852e+00
 2.62663698e+01 4.12582852e+00
 2.62663698e+01 4.12582852e+00
 2.62663698e+01 4.12582852e+00
 2.62663698e+01 4.12582852e+00
 2.62663698e+01 4.12582852e+00
 2.62663698e+01 4.12582852e+00
