 0.00000000e+00 0.00000000e+00
 0.00000000e+00 0.00000000e+00
 0.00000000e+00 0.00000000e+00
 0.00000000e+00 0.00000000e+00
 1.21420352e-03 1.87194357e-01
 -1.86008341e-02 4.16781091e-01
 -6.90595126e-02 6.61948728e-01
 -1.52886650e-01 8.93138225e-01
 -2.67396295e-01 1.08530603e+00
 -4.10320115e-01 1.21926449e+00
 -5.84357071e-01 1.27905627e+00
 -7.97040464e-01 1.24899006e+00
 -1.05731240e+00 1.11289186e+00
 -1.37188709e+00 8.56283121e-01
 -1.74307050e+00 4.70093607e-01
 -2.16826118e+00 -4.67221538e-02
 -2.64087001e+00 -6.87261730e-01
 -3.15215003e+00 -1.43882983e+00
 -3.69332964e+00 -2.28568065e+00
 -4.25769874e+00 -3.21164278e+00
 -4.84249615e+00 -4.20270148e+00
 -5.45023041e+00 -5.24950314e+00
 -6.08879006e+00 -6.34917931e+00
 -6.76994304e+00 -7.50556498e+00
 -7.50655044e+00 -8.72731661e+00
 -8.30933357e+00 -1.00245027e+01
 -9.18388694e+00 -1.14049314e+01
 -1.01281661e+01 -1.28710995e+01
 -1.11305101e+01 -1.44179564e+01
 -1.21685430e+01 -1.60316542e+01
 -1.32096129e+01 -1.76896772e+01
 -1.42132810e+01 -1.93624620e+01
 -1.51356803e+01 -2.10160984e+01
 -1.59347483e+01 -2.26154375e+01
 -1.65750233e+01 -2.41269568e+01
 -1.70311411e+01 -2.55210797e+01
 -1.72897600e+01 -2.67741284e+01
 -1.73497657e+01 -2.78699755e+01
 -1.72207406e+01 -2.88007386e+01
 -1.69201238e+01 -2.95657011e+01
 -1.64695773e+01 -3.01685887e+01
 -1.58908682e+01 -3.06144229e+01
 -1.52020091e+01 -3.09072356e+01
 -1.44149414e+01 -3.10490877e+01
 -1.35354376e+01 -3.10401183e+01
 -1.25647039e+01 -3.08792386e+01
 -1.15017246e+01 -3.05651653e+01
 -1.03454606e+01 -3.00974265e+01
 -9.09608729e+00 -2.94770032e+01
 -7.75507819e+00 -2.87065092e+01
 -6.32489751e+00 -2.77900347e+01
 -4.80898935e+00 -2.67329389e+01
 -3.21187767e+00 -2.55420813e+01
 -1.53935356e+00 -2.42269868e+01
 2.00226393e-01 -2.28018624e+01
 1.99281977e+00 -2.12876412e+01
 3.81508596e+00 -1.97132387e+01
 5.63290563e+00 -1.81157760e+01
 7.40346236e+00 -1.65396438e+01
 9.07989752e+00 -1.50338734e+01
 1.06164288e+01 -1.36472760e+01
 1.19728073e+01 -1.24219678e+01
 1.31182843e+01 -1.13875362e+01
 1.40349317e+01 -1.05582881e+01
 1.47190677e+01 -9.93403981e+00
 1.51798612e+01 -9.50293864e+00
 1.54358147e+01 -9.24504499e+00
 1.55107068e+01 -9.13661905e+00
 1.54300523e+01 -9.15473725e+00
 1.52183069e+01 -9.28067156e+00
 1.48967712e+01 -9.50092093e+00
 1.44825553e+01 -9.80647380e+00
 1.39893342e+01 -1.01914571e+01
 1.34297319e+01 -1.06517448e+01
 1.28174146e+01 -1.11837834e+01
 1.21668876e+01 -1.17839196e+01
 1.14913910e+01 -1.24482765e+01
 1.08013009e+01 -1.31728377e+01
 1.01046120e+01 -1.39533536e+01
 9.40876171e+00 -1.47849699e+01
 8.72207839e+00 -1.56616864e+01
 8.05413490e+00 -1.65757194e+01
 7.41545386e+00 -1.75168923e+01
 6.81697910e+00 -1.84723990e+01
 6.26924858e+00 -1.94272767e+01
 5.78143136e+00 -2.03655158e+01
 5.36078074e+00 -2.12713546e+01
 5.01255811e+00 -2.21303224e+01
 4.73964569e+00 -2.29298742e+01
 4.54128492e+00 -2.36597412e+01
 4.41181014e+00 -2.43122396e+01
 4.34136087e+00 -2.48826840e+01
 4.31938529e+00 -2.53697773e+01
 4.33859863e+00 -2.57756633e+01
 4.39585919e+00 -2.61053877e+01
 4.48987991e+00 -2.63657863e+01
 4.61970123e+00 -2.65641234e+01
 4.78652440e+00 -2.67068384e+01
 4.99672995e+00 -2.67982514e+01
 5.26260663e+00 -2.68387579e+01
 5.60059082e+00 -2.68230127e+01
 6.02938816e+00 -2.67397759e+01
 6.56929453e+00 -2.65740753e+01
 7.24171205e+00 -2.63100743e+01
 8.06722553e+00 -2.59328535e+01
 9.06193153e+00 -2.54293272e+01
 1.02334884e+01 -2.47895635e+01
 1.15789966e+01 -2.40086789e+01
 1.30856177e+01 -2.30881469e+01
 1.47327581e+01 -2.20354788e+01
 1.64938238e+01 -2.08624843e+01
 1.83369445e+01 -1.95834317e+01
 2.02258873e+01 -1.82144887e+01
 2.21222612e+01 -1.67747210e+01
 2.39882605e+01 -1.52876406e+01
 2.57881837e+01 -1.37821869e+01
 2.74881985e+01 -1.22928103e+01
 2.90557990e+01 -1.08585948e+01
 3.04607593e+01 -9.52096613e+00
 3.16776404e+01 -8.31973296e+00
 3.26880382e+01 -7.28843557e+00
 3.34810685e+01 -6.45100999e+00
 3.40527205e+01 -5.82112394e+00
 3.44060583e+01 -5.40330882e+00
 3.45531498e+01 -5.19343437e+00
 3.45172383e+01 -5.17726755e+00
 3.43325694e+01 -5.32900868e+00
 3.40406453e+01 -5.61307528e+00
 3.36839903e+01 -5.98966788e+00
 3.32995392e+01 -6.42097725e+00
 3.29134854e+01 -6.87523071e+00
 3.25391658e+01 -7.32900853e+00
 3.21789566e+01 -7.76893681e+00
 3.18291625e+01 -8.19163139e+00
 3.14849599e+01 -8.60057091e+00
 3.11430205e+01 -9.00139169e+00
 3.08017724e+01 -9.39853437e+00
 3.04606808e+01 -9.79438140e+00
 3.01196141e+01 -1.01898718e+01
 2.97785499e+01 -1.05852853e+01
 2.94374856e+01 -1.09806859e+01
 2.90964214e+01 -1.13760847e+01
 2.87553576e+01 -1.17714828e+01
 2.84142983e+01 -1.21668757e+01
 2.80732731e+01 -1.25622290e+01
 2.77324510e+01 -1.29573469e+01
 2.73925773e+01 -1.33513653e+01
 2.70561852e+01 -1.37413473e+01
 2.67298561e+01 -1.41196634e+01
 2.64264572e+01 -1.44713963e+01
 2.61643089e+01 -1.47753070e+01
 2.59608070e+01 -1.50112283e+01
 2.59608070e+01 -1.50112283e+01
 2.59608070e+01 -1.50112283e+01
 2.59608070e+01 -1.50112283e+01
 2.59608070e+01 -1.50112283e+01
 2.59608070e+01 -1.50112283e+01
 2.59608070e+01 -1.50112283e+01
 2.59608070e+01 -1.50112283e+01
 2.59608070e+01 -1.50112283e+01
 2.59608070e+01 -1.50112283e+01
 2.59608070e+01 -1.50112283e+01
 2.59608070e+01 -1.50112283e+01
 2.59608070e+01 -1.50112283e+01
 2.59608070e+01 -1.50112283e+01
 2.59608070e+01 -1.50112283e+01
 2.59608070e+01 -1.50112283e+01
 2.59608070e+01 -1.50112283e+01
 2.59608070e+01 -1.50112283e+01
 2.59608070e+01 -1.50112283e+01
 2.59608070e+01 -1.50112283e+01
 2.59608070e+01 -1.50112283e+01
 2.59608070e+01 -1.50112283e+01
 2.59608070e+01 -1.50112283e+01
 2.59608070e+01 -1.50112283e+01
 2.59608070e+01 -1.50112283e+01
 2.59608070e+01 -1.50112283e+01
 2.59608070e+01 -1.50112283e+01
 2.59608070e+01 -1.50112283e+01
 2.59608070e+01 -1.50112283e+01
 2.59608070e+01 -1.50112283e+01
 2.59608070e+01 -1.50112283e+01
 2.59608070e+01 -1.50112283e+01
 2.59608070e+01 -1.50112283e+01
 2.59608070e+01 -1.50112283e+01
 2.59608070e+01 -1.50112283e+01
 2.59608070e+01 -1.50112283e+01
 2.59608070e+01 -1.50112283e+01
 2.59608070e+01 -1.50112283e+01
 2.59608070e+01 -1.50112283e+01
 2.59608070e+01 -1.50112283e+01
 2.59608070e+01 -1.50112283e+01
 2.59608070e+01 -1.50112283e+01
 2.59608070e+01 -1.50112283e+01
 2.59608070e+01 -1.50112283e+01
 2.59608070e+01 -1.50112283e+01
 2.59608070e+01 -1.50112283e+01
 2.59608070e+01 -1.50112283e+01
 2.59608070e+01 -1.50112283e+01
 2.59608070e+01 -1.50112283e+01
 2.59608070e+01 -1.50112283e+01
 2.59608070e+01 -1.50112283e+01
 2.59608070e+01 -1.50112283e+01
 2.59608070e+01 -1.50112283e+01
 2.59608070e+01 -1.50112283e+01
