 0.00000000e+00 0.00000000e+00
 0.00000000e+00 0.00000000e+00
 0.00000000e+00 0.00000000e+00
 0.00000000e+00 0.00000000e+00
 7.85493691e-02 1.30302310e-02
 1.61282106e-01 2.46193039e-02
 2.34251741e-01 3.27705415e-02
 2.88967801e-01 3.72991606e-02
 3.24209521e-01 3.92670024e-02
 3.43710335e-01 3.98257829e-02
 3.52867383e-01 3.93687691e-02
 3.56355876e-01 3.68278198e-02
 3.56926262e-01 2.84534085e-02
 3.54863701e-01 6.11793553e-03
 3.47302676e-01 -4.35328903e-02
 3.27209181e-01 -1.37511622e-01
 2.83141537e-01 -2.92852439e-01
 2.01144540e-01 -5.23521409e-01
 6.81839363e-02 -8.39956693e-01
 -1.25485756e-01 -1.25048316e+00
 -3.86514257e-01 -1.76236312e+00
 -7.19640346e-01 -2.38137480e+00
 -1.12766869e+00 -3.11057282e+00
 -1.61037713e+00 -3.94968951e+00
 -2.16398158e+00 -4.89615702e+00
 -2.78170520e+00 -5.94715988e+00
 -3.45455211e+00 -7.10072732e+00
 -4.17140509e+00 -8.35423812e+00
 -4.91837435e+00 -9.70071112e+00
 -5.67781831e+00 -1.11250751e+01
 -6.42768424e+00 -1.26027135e+01
 -7.14205140e+00 -1.41010535e+01
 -7.79346107e+00 -1.55831996e+01
 -8.35642765e+00 -1.70119205e+01
 -8.81058860e+00 -1.83529235e+01
 -9.14251040e+00 -1.95774165e+01
 -9.34629657e+00 -2.06643640e+01
 -9.42327795e+00 -2.16023038e+01
 -9.38078987e+00 -2.23898789e+01
 -9.23029064e+00 -2.30343299e+01
 -8.98511231e+00 -2.35481203e+01
 -8.65789752e+00 -2.39447420e+01
 -8.25816549e+00 -2.42349023e+01
 -7.79079613e+00 -2.44239694e+01
 -7.25565881e+00 -2.45111295e+01
 -6.64806963e+00 -2.44901031e+01
 -5.95990374e+00 -2.43506478e+01
 -5.18119939e+00 -2.40801005e+01
 -4.30171254e+00 -2.36649222e+01
 -3.31208633e+00 -2.30926530e+01
 -2.20508319e+00 -2.23543240e+01
 -9.77343327e-01 -2.14468318e+01
 3.68717761e-01 -2.03747749e+01
 1.82363227e+00 -1.91515310e+01
 3.37050168e+00 -1.77993881e+01
 4.98525523e+00 -1.63485993e+01
 6.63730162e+00 -1.48355899e+01
 8.29085374e+00 -1.33007571e+01
 9.90735700e+00 -1.17860847e+01
 1.14486256e+01 -1.03326117e+01
 1.28796193e+01 -8.97789532e+00
 1.41704849e+01 -7.75361651e+00
 1.52985109e+01 -6.68339832e+00
 1.62503006e+01 -5.78111862e+00
 1.70231406e+01 -5.05032078e+00
 1.76242487e+01 -4.48523989e+00
 1.80681102e+01 -4.07339960e+00
 1.83735905e+01 -3.79910021e+00
 1.85617922e+01 -3.64678272e+00
 1.86538008e+01 -3.60326309e+00
 1.86677054e+01 -3.65826447e+00
 1.86163962e+01 -3.80375610e+00
 1.85077358e+01 -4.03349296e+00
 1.83462124e+01 -4.34331811e+00
 1.81341906e+01 -4.73121418e+00
 1.78725060e+01 -5.19635563e+00
 1.75610429e+01 -5.73796187e+00
 1.71991472e+01 -6.35495587e+00
 1.67855358e+01 -7.04628068e+00
 1.63183235e+01 -7.81108794e+00
 1.57961547e+01 -8.64835802e+00
 1.52203672e+01 -9.55597887e+00
 1.45969166e+01 -1.05294283e+01
 1.39369987e+01 -1.15602896e+01
 1.32565975e+01 -1.26351176e+01
 1.25758257e+01 -1.37352337e+01
 1.19182677e+01 -1.48375738e+01
 1.13097083e+01 -1.59163025e+01
 1.07756482e+01 -1.69449817e+01
 1.03376783e+01 -1.78991101e+01
 1.00096248e+01 -1.87585129e+01
 9.79537589e+00 -1.95089158e+01
 9.69059765e+00 -2.01423802e+01
 9.68817039e+00 -2.06567081e+01
 9.78333160e+00 -2.10541533e+01
 9.97464257e+00 -2.13397492e+01
 1.02620454e+01 -2.15193941e+01
 1.06462770e+01 -2.15979735e+01
 1.11307074e+01 -2.15782668e+01
 1.17227409e+01 -2.14612019e+01
 1.24323471e+01 -2.12469850e+01
 1.32681165e+01 -2.09361164e+01
 1.42329526e+01 -2.05299689e+01
 1.53214134e+01 -2.00312537e+01
 1.65195745e+01 -1.94444579e+01
 1.78070191e+01 -1.87759129e+01
 1.91598695e+01 -1.80333457e+01
 2.05538278e+01 -1.72251521e+01
 2.19666911e+01 -1.63595918e+01
 2.33802605e+01 -1.54439317e+01
 2.47816098e+01 -1.44837579e+01
 2.61635413e+01 -1.34828464e+01
 2.75240178e+01 -1.24437056e+01
 2.88644044e+01 -1.13685092e+01
 3.01866898e+01 -1.02600721e+01
 3.14905752e+01 -9.12271119e+00
 3.27715566e+01 -7.96308207e+00
 3.40203223e+01 -6.79128929e+00
 3.52229515e+01 -5.62237639e+00
 3.63615219e+01 -4.47750512e+00
 3.74153683e+01 -3.38346787e+00
 3.83634257e+01 -2.36968994e+00
 3.91875543e+01 -1.46346901e+00
 3.98758340e+01 -6.85504986e-01
 4.04244087e+01 -4.75813753e-02
 4.08373450e+01 4.47253054e-01
 4.11252534e+01 8.03040430e-01
 4.13033231e+01 1.02897282e+00
 4.13884905e+01 1.13767233e+00
 4.13962298e+01 1.14383079e+00
 4.13392450e+01 1.06320577e+00
 4.12292728e+01 9.11774271e-01
 4.10795551e+01 7.05034863e-01
 4.09047719e+01 4.57858898e-01
 4.07185603e+01 1.84893280e-01
 4.05311078e+01 -9.95115715e-02
 4.03482535e+01 -3.82907732e-01
 4.01719084e+01 -6.57293609e-01
 4.00012830e+01 -9.20413858e-01
 3.98344433e+01 -1.17441977e+00
 3.96695704e+01 -1.42298144e+00
 3.95055080e+01 -1.66905223e+00
 3.93417112e+01 -1.91423840e+00
 3.91779835e+01 -2.15917943e+00
 3.90142700e+01 -2.40406734e+00
 3.88505588e+01 -2.64894625e+00
 3.86868479e+01 -2.89382394e+00
 3.85231373e+01 -3.13870118e+00
 3.83594288e+01 -3.38357517e+00
 3.81957367e+01 -3.62842466e+00
 3.80321421e+01 -3.87312834e+00
 3.78690027e+01 -4.11715110e+00
 3.77075345e+01 -4.35867408e+00
 3.75508965e+01 -4.59297214e+00
 3.74052651e+01 -4.81080668e+00
 3.72794339e+01 -4.99902410e+00
 3.71817530e+01 -5.14513448e+00
 3.71817530e+01 -5.14513448e+00
 3.71817530e+01 -5.14513448e+00
 3.71817530e+01 -5.14513448e+00
 3.71817530e+01 -5.14513448e+00
 3.71817530e+01 -5.14513448e+00
 3.71817530e+01 -5.14513448e+00
 3.71817530e+01 -5.14513448e+00
 3.71817530e+01 -5.14513448e+00
 3.71817530e+01 -5.14513448e+00
 3.71817530e+01 -5.14513448e+00
 3.71817530e+01 -5.14513448e+00
 3.71817530e+01 -5.14513448e+00
 3.71817530e+01 -5.14513448e+00
 3.71817530e+01 -5.14513448e+00
 3.71817530e+01 -5.14513448e+00
 3.71817530e+01 -5.14513448e+00
 3.71817530e+01 -5.14513448e+00
 3.71817530e+01 -5.14513448e+00
 3.71817530e+01 -5.14513448e+00
 3.71817530e+01 -5.14513448e+00
 3.71817530e+01 -5.14513448e+00
 3.71817530e+01 -5.14513448e+00
 3.71817530e+01 -5.14513448e+00
 3.71817530e+01 -5.14513448e+00
 3.71817530e+01 -5.14513448e+00
 3.71817530e+01 -5.14513448e+00
 3.71817530e+01 -5.14513448e+00
 3.71817530e+01 -5.14513448e+00
 3.71817530e+01 -5.14513448e+00
 3.71817530e+01 -5.14513448e+00
 3.71817530e+01 -5.14513448e+00
 3.71817530e+01 -5.14513448e+00
 3.71817530e+01 -5.14513448e+00
 3.71817530e+01 -5.14513448e+00
 3.71817530e+01 -5.14513448e+00
 3.71817530e+01 -5.14513448e+00
 3.71817530e+01 -5.14513448e+00
 3.71817530e+01 -5.14513448e+00
 3.71817530e+01 -5.14513448e+00
 3.71817530e+01 -5.14513448e+00
 3.71817530e+01 -5.14513448e+00
 3.71817530e+01 -5.14513448e+00
 3.71817530e+01 -5.14513448e+00
 3.71817530e+01 -5.14513448e+00
 3.71817530e+01 -5.14513448e+00
 3.71817530e+01 -5.14513448e+00
 3.71817530e+01 -5.14513448e+00
 3.71817530e+01 -5.14513448e+00
