 0.00000000e+00 0.00000000e+00
 0.00000000e+00 0.00000000e+00
 0.00000000e+00 0.00000000e+00
 0.00000000e+00 0.00000000e+00
 8.00637638e-03 8.95195218e-02
 -1.37709184e-02 1.81038331e-01
 -8.92710488e-02 2.45731108e-01
 -2.40536031e-01 2.51138933e-01
 -4.84017455e-01 1.66505982e-01
 -8.30151033e-01 -3.45624515e-02
 -1.28471928e+00 -3.73539469e-01
 -1.84965081e+00 -8.67530672e-01
 -2.52248281e+00 -1.52958507e+00
 -3.29556966e+00 -2.36755380e+00
 -4.15613899e+00 -3.38172625e+00
 -5.08723595e+00 -4.56279987e+00
 -6.06905374e+00 -5.89160064e+00
 -7.08017716e+00 -7.34068136e+00
 -8.09833175e+00 -8.87655662e+00
 -9.10039942e+00 -1.04611085e+01
 -1.00619943e+01 -1.20521358e+01
 -1.09575210e+01 -1.36046384e+01
 -1.17615998e+01 -1.50740824e+01
 -1.24517151e+01 -1.64208242e+01
 -1.30107562e+01 -1.76134832e+01
 -1.34279740e+01 -1.86298838e+01
 -1.36980875e+01 -1.94561495e+01
 -1.38196993e+01 -2.00854512e+01
 -1.37942332e+01 -2.05169434e+01
 -1.36251740e+01 -2.07540922e+01
 -1.33163559e+01 -2.08017970e+01
 -1.28690190e+01 -2.06633159e+01
 -1.22793417e+01 -2.03388960e+01
 -1.15386502e+01 -1.98269283e+01
 -1.06367940e+01 -1.91267800e+01
 -9.56702113e+00 -1.82420486e+01
 -8.33008883e+00 -1.71834716e+01
 -6.93655532e+00 -1.59709470e+01
 -5.40777104e+00 -1.46342514e+01
 -3.77645818e+00 -1.32125541e+01
 -2.08679617e+00 -1.17530932e+01
 -3.92946261e-01 -1.03088515e+01
 1.24485117e+00 -8.93461147e+00
 2.76631221e+00 -7.68167669e+00
 4.11781187e+00 -6.59316944e+00
 5.25764515e+00 -5.70197587e+00
 6.15813050e+00 -5.03145282e+00
 6.80468846e+00 -4.59688700e+00
 7.19404662e+00 -4.40572478e+00
 7.33347702e+00 -4.45677791e+00
 7.24045581e+00 -4.74043173e+00
 6.94058531e+00 -5.24105481e+00
 6.46331769e+00 -5.94024131e+00
 5.83796308e+00 -6.81824939e+00
 5.09283025e+00 -7.85243748e+00
 4.25753042e+00 -9.01419268e+00
 3.36575307e+00 -1.02672868e+01
 2.45593862e+00 -1.15694463e+01
 1.56928961e+00 -1.28763184e+01
 7.46023197e-01 -1.41455455e+01
 2.11640565e-02 -1.53394206e+01
 -5.78606061e-01 -1.64261782e+01
 -1.03571572e+00 -1.73806940e+01
 -1.34011870e+00 -1.81849638e+01
 -1.48699457e+00 -1.88279983e+01
 -1.47538016e+00 -1.93045321e+01
 -1.30772916e+00 -1.96125600e+01
 -9.89121962e-01 -1.97508119e+01
 -5.25407672e-01 -1.97177457e+01
 7.88871860e-02 -1.95125307e+01
 8.21375343e-01 -1.91366603e+01
 1.70072675e+00 -1.85944942e+01
 2.71446041e+00 -1.78927851e+01
 3.85689828e+00 -1.70408297e+01
 5.11796880e+00 -1.60522016e+01
 6.48268572e+00 -1.49469623e+01
 7.93077742e+00 -1.37524211e+01
 9.43622210e+00 -1.25018334e+01
 1.09670177e+01 -1.12321544e+01
 1.24858237e+01 -9.98208867e+00
 1.39518562e+01 -8.79040165e+00
 1.53239468e+01 -7.69362034e+00
 1.65644526e+01 -6.72276641e+00
 1.76436613e+01 -5.89985744e+00
 1.85441538e+01 -5.23539137e+00
 1.92641743e+01 -4.72762397e+00
 1.98188296e+01 -4.36364855e+00
 2.02384714e+01 -4.12163446e+00
 2.05647282e+01 -3.97344949e+00
 2.08453852e+01 -3.88727872e+00
 2.11291584e+01 -3.83022940e+00
 2.14606252e+01 -3.77113113e+00
 2.18744950e+01 -3.68408416e+00
 2.23882943e+01 -3.55303030e+00
 2.29953275e+01 -3.37586306e+00
 2.36641630e+01 -3.16477465e+00
 2.43502297e+01 -2.94045090e+00
 2.50155281e+01 -2.72212385e+00
 2.56430134e+01 -2.51973350e+00
 2.62360692e+01 -2.33313574e+00
 2.68073454e+01 -2.15698555e+00
 2.73683289e+01 -1.98592467e+00
 2.79255838e+01 -1.81674941e+00
 2.84817921e+01 -1.64811272e+00
 2.90377717e+01 -1.47959534e+00
 2.95937123e+01 -1.31109851e+00
 3.01496476e+01 -1.14260447e+00
 3.07055816e+01 -9.74110941e-01
 3.12615083e+01 -8.05619659e-01
 3.18173793e+01 -6.37145242e-01
 3.23729194e+01 -4.68771147e-01
 3.29269135e+01 -3.00865576e-01
 3.34752325e+01 -1.34680039e-01
 3.40071491e+01 2.65342168e-02
 3.45016893e+01 1.76420368e-01
 3.49289910e+01 3.05927768e-01
 3.52606990e+01 4.06462434e-01
 3.52606990e+01 4.06462434e-01
 3.52606990e+01 4.06462434e-01
 3.52606990e+01 4.06462434e-01
 3.52606990e+01 4.06462434e-01
 3.52606990e+01 4.06462434e-01
 3.52606990e+01 4.06462434e-01
 3.52606990e+01 4.06462434e-01
 3.52606990e+01 4.06462434e-01
 3.52606990e+01 4.06462434e-01
 3.52606990e+01 4.06462434e-01
 3.52606990e+01 4.06462434e-01
 3.52606990e+01 4.06462434e-01
 3.52606990e+01 4.06462434e-01
 3.52606990e+01 4.06462434e-01
 3.52606990e+01 4.06462434e-01
 3.52606990e+01 4.06462434e-01
 3.52606990e+01 4.06462434e-01
 3.52606990e+01 4.06462434e-01
 3.52606990e+01 4.06462434e-01
 3.52606990e+01 4.06462434e-01
 3.52606990e+01 4.06462434e-01
 3.52606990e+01 4.06462434e-01
 3.52606990e+01 4.06462434e-01
 3.52606990e+01 4.06462434e-01
 3.52606990e+01 4.06462434e-01
 3.52606990e+01 4.06462434e-01
 3.52606990e+01 4.06462434e-01
 3.52606990e+01 4.06462434e-01
 3.52606990e+01 4.06462434e-01
 3.52606990e+01 4.06462434e-01
 3.52606990e+01 4.06462434e-01
 3.52606990e+01 4.06462434e-01
 3.52606990e+01 4.06462434e-01
 3.52606990e+01 4.06462434e-01
 3.52606990e+01 4.06462434e-01
 3.52606990e+01 4.06462434e-01
 3.52606990e+01 4.06462434e-01
 3.52606990e+01 4.06462434e-01
 3.52606990e+01 4.06462434e-01
 3.52606990e+01 4.06462434e-01
 3.52606990e+01 4.06462434e-01
 3.52606990e+01 4.06462434e-01
 3.52606990e+01 4.06462434e-01
 3.52606990e+01 4.06462434e-01
 3.52606990e+01 4.06462434e-01
 3.52606990e+01 4.06462434e-01
 3.52606990e+01 4.06462434e-01
 3.52606990e+01 4.06462434e-01
 3.52606990e+01 4.06462434e-01
 3.52606990e+01 4.06462434e-01
 3.52606990e+01 4.06462434e-01
 3.52606990e+01 4.06462434e-01
 3.52606990e+01 4.06462434e-01
 3.52606990e+01 4.06462434e-01
 3.52606990e+01 4.06462434e-01
 3.52606990e+01 4.06462434e-01
 3.52606990e+01 4.06462434e-01
 3.52606990e+01 4.06462434e-01
 3.52606990e+01 4.06462434e-01
 3.52606990e+01 4.06462434e-01
 3.52606990e+01 4.06462434e-01
 3.52606990e+01 4.06462434e-01
 3.52606990e+01 4.06462434e-01
 3.52606990e+01 4.06462434e-01
 3.52606990e+01 4.06462434e-01
 3.52606990e+01 4.06462434e-01
 3.52606990e+01 4.06462434e-01
 3.52606990e+01 4.06462434e-01
 3.52606990e+01 4.06462434e-01
 3.52606990e+01 4.06462434e-01
 3.52606990e+01 4.06462434e-01
 3.52606990e+01 4.06462434e-01
 3.52606990e+01 4.06462434e-01
 3.52606990e+01 4.06462434e-01
 3.52606990e+01 4.06462434e-01
 3.52606990e+01 4.06462434e-01
 3.52606990e+01 4.06462434e-01
 3.52606990e+01 4.06462434e-01
 3.52606990e+01 4.06462434e-01
 3.52606990e+01 4.06462434e-01
 3.52606990e+01 4.06462434e-01
 3.52606990e+01 4.06462434e-01
 3.52606990e+01 4.06462434e-01
 3.52606990e+01 4.06462434e-01
 3.52606990e+01 4.06462434e-01
 3.52606990e+01 4.06462434e-01
 3.52606990e+01 4.06462434e-01
 3.52606990e+01 4.06462434e-01
