 0.00000000e+00 0.00000000e+00
 0.00000000e+00 0.00000000e+00
 0.00000000e+00 0.00000000e+00
 0.00000000e+00 0.00000000e+00
 6.35149465e-02 1.47343497e-01
 1.44037931e-01 3.19899986e-01
 2.30256136e-01 4.89542509e-01
 3.02701465e-01 6.23551764e-01
 3.35393164e-01 6.88687259e-01
 2.98703530e-01 6.51974904e-01
 1.62512823e-01 4.82053907e-01
 -1.00639102e-01 1.52440132e-01
 -5.12862421e-01 -3.55820492e-01
 -1.08942977e+00 -1.05413637e+00
 -1.83822213e+00 -1.94762546e+00
 -2.75887672e+00 -3.03494544e+00
 -3.84111231e+00 -4.30616500e+00
 -5.06324918e+00 -5.74094775e+00
 -6.39255796e+00 -7.30957753e+00
 -7.78815185e+00 -8.97673334e+00
 -9.20557755e+00 -1.07053666e+01
 -1.06013241e+01 -1.24584925e+01
 -1.19356746e+01 -1.41992543e+01
 -1.31736128e+01 -1.58909692e+01
 -1.42850068e+01 -1.74981143e+01
 -1.52454350e+01 -1.89881097e+01
 -1.60376116e+01 -2.03334114e+01
 -1.66523057e+01 -2.15133205e+01
 -1.70878932e+01 -2.25146197e+01
 -1.73481857e+01 -2.33303124e+01
 -1.74386159e+01 -2.39568663e+01
 -1.73620644e+01 -2.43915054e+01
 -1.71166673e+01 -2.46307328e+01
 -1.66965598e+01 -2.46697595e+01
 -1.60937868e+01 -2.45020702e+01
 -1.52993781e+01 -2.41195565e+01
 -1.43039567e+01 -2.35142793e+01
 -1.30996744e+01 -2.26818886e+01
 -1.16843578e+01 -2.16257872e+01
 -1.00670198e+01 -2.03612106e+01
 -8.27269937e+00 -1.89183027e+01
 -6.34453234e+00 -1.73428488e+01
 -4.34212861e+00 -1.56938208e+01
 -2.33677855e+00 -1.40382350e+01
 -4.04565315e-01 -1.24446526e+01
 1.38166024e+00 -1.09765066e+01
 2.96024900e+00 -9.68614127e+00
 4.28684956e+00 -8.61061288e+00
 5.33684574e+00 -7.77048678e+00
 6.10360573e+00 -7.17214393e+00
 6.59378245e+00 -6.81251124e+00
 6.82204136e+00 -6.68398519e+00
 6.80734210e+00 -6.77775702e+00
 6.57123282e+00 -7.08521849e+00
 6.13697242e+00 -7.59807856e+00
 5.52868742e+00 -8.30750509e+00
 4.77149366e+00 -9.20189901e+00
 3.89356167e+00 -1.02633123e+01
 2.92901895e+00 -1.14640356e+01
 1.91918662e+00 -1.27655777e+01
 9.10654704e-01 -1.41209404e+01
 -4.91540478e-02 -1.54791825e+01
 -9.17004807e-01 -1.67906415e+01
 -1.65780085e+00 -1.80116244e+01
 -2.24688188e+00 -1.91077701e+01
 -2.67073072e+00 -2.00555423e+01
 -2.92586851e+00 -2.08417848e+01
 -3.01557074e+00 -2.14618155e+01
 -2.94524125e+00 -2.19167430e+01
 -2.71862321e+00 -2.22105915e+01
 -2.33623285e+00 -2.23478002e+01
 -1.79543247e+00 -2.23318162e+01
 -1.09119721e+00 -2.21652864e+01
 -2.17541432e-01 -2.18515128e+01
 8.30351069e-01 -2.13961654e+01
 2.05382695e+00 -2.08085108e+01
 3.44880436e+00 -2.01021671e+01
 5.00426202e+00 -1.92956071e+01
 6.70124263e+00 -1.84120344e+01
 8.51265639e+00 -1.74777593e+01
 1.04042949e+01 -1.65189267e+01
 1.23373291e+01 -1.55579479e+01
 1.42719685e+01 -1.46114088e+01
 1.61712781e+01 -1.36899761e+01
 1.80043885e+01 -1.27994785e+01
 1.97493389e+01 -1.19422532e+01
 2.13959805e+01 -1.11184300e+01
 2.29480016e+01 -1.03269211e+01
 2.44217860e+01 -9.56559038e+00
 2.58408698e+01 -8.83057273e+00
 2.72281891e+01 -8.11589775e+00
 2.86004415e+01 -7.41453633e+00
 2.99669421e+01 -6.72032193e+00
 3.13316996e+01 -6.02919563e+00
 3.26960436e+01 -5.33913159e+00
 3.40603122e+01 -4.64935659e+00
 3.54245705e+01 -3.95964354e+00
 3.67888278e+01 -3.26994092e+00
 3.81530848e+01 -2.58023976e+00
 3.95173400e+01 -1.89053968e+00
 4.08815773e+01 -1.20084871e+00
 4.22456779e+01 -5.11226759e-01
 4.36089663e+01 1.77984534e-01
 4.49684612e+01 8.65278008e-01
 4.63140293e+01 1.54553080e+00
 4.76193461e+01 2.20543449e+00
 4.88329416e+01 2.81896847e+00
 4.98815348e+01 3.34908543e+00
 5.06955421e+01 3.76060733e+00
 5.06955421e+01 3.76060733e+00
 5.06955421e+01 3.76060733e+00
 5.06955421e+01 3.76060733e+00
 5.06955421e+01 3.76060733e+00
 5.06955421e+01 3.76060733e+00
 5.06955421e+01 3.76060733e+00
 5.06955421e+01 3.76060733e+00
 5.06955421e+01 3.76060733e+00
 5.06955421e+01 3.76060733e+00
 5.06955421e+01 3.76060733e+00
 5.06955421e+01 3.76060733e+00
 5.06955421e+01 3.76060733e+00
 5.06955421e+01 3.76060733e+00
 5.06955421e+01 3.76060733e+00
 5.06955421e+01 3.76060733e+00
 5.06955421e+01 3.76060733e+00
 5.06955421e+01 3.76060733e+00
 5.06955421e+01 3.76060733e+00
 5.06955421e+01 3.76060733e+00
 5.06955421e+01 3.76060733e+00
 5.06955421e+01 3.76060733e+00
 5.06955421e+01 3.76060733e+00
 5.06955421e+01 3.76060733e+00
 5.06955421e+01 3.76060733e+00
 5.06955421e+01 3.76060733e+00
 5.06955421e+01 3.76060733e+00
 5.06955421e+01 3.76060733e+00
 5.06955421e+01 3.76060733e+00
 5.06955421e+01 3.76060733e+00
 5.06955421e+01 3.76060733e+00
 5.06955421e+01 3.76060733e+00
 5.06955421e+01 3.76060733e+00
 5.06955421e+01 3.76060733e+00
 5.06955421e+01 3.76060733e+00
 5.06955421e+01 3.76060733e+00
 5.06955421e+01 3.76060733e+00
 5.06955421e+01 3.76060733e+00
 5.06955421e+01 3.76060733e+00
 5.06955421e+01 3.76060733e+00
 5.06955421e+01 3.76060733e+00
 5.06955421e+01 3.76060733e+00
 5.06955421e+01 3.76060733e+00
 5.06955421e+01 3.76060733e+00
 5.06955421e+01 3.76060733e+00
 5.06955421e+01 3.76060733e+00
 5.06955421e+01 3.76060733e+00
 5.06955421e+01 3.76060733e+00
 5.06955421e+01 3.76060733e+00
 5.06955421e+01 3.76060733e+00
 5.06955421e+01 3.76060733e+00
 5.06955421e+01 3.76060733e+00
 5.06955421e+01 3.76060733e+00
 5.06955421e+01 3.76060733e+00
 5.06955421e+01 3.76060733e+00
 5.06955421e+01 3.76060733e+00
 5.06955421e+01 3.76060733e+00
 5.06955421e+01 3.76060733e+00
 5.06955421e+01 3.76060733e+00
 5.06955421e+01 3.76060733e+00
 5.06955421e+01 3.76060733e+00
 5.06955421e+01 3.76060733e+00
 5.06955421e+01 3.76060733e+00
 5.06955421e+01 3.76060733e+00
 5.06955421e+01 3.76060733e+00
 5.06955421e+01 3.76060733e+00
 5.06955421e+01 3.76060733e+00
 5.06955421e+01 3.76060733e+00
 5.06955421e+01 3.76060733e+00
 5.06955421e+01 3.76060733e+00
 5.06955421e+01 3.76060733e+00
 5.06955421e+01 3.76060733e+00
 5.06955421e+01 3.76060733e+00
 5.06955421e+01 3.76060733e+00
 5.06955421e+01 3.76060733e+00
 5.06955421e+01 3.76060733e+00
 5.06955421e+01 3.76060733e+00
 5.06955421e+01 3.76060733e+00
 5.06955421e+01 3.76060733e+00
 5.06955421e+01 3.76060733e+00
 5.06955421e+01 3.76060733e+00
 5.06955421e+01 3.76060733e+00
 5.06955421e+01 3.76060733e+00
 5.06955421e+01 3.76060733e+00
 5.06955421e+01 3.76060733e+00
 5.06955421e+01 3.76060733e+00
 5.06955421e+01 3.76060733e+00
 5.06955421e+01 3.76060733e+00
 5.06955421e+01 3.76060733e+00
 5.06955421e+01 3.76060733e+00
 5.06955421e+01 3.76060733e+00
 5.06955421e+01 3.76060733e+00
 5.06955421e+01 3.76060733e+00
 5.06955421e+01 3.76060733e+00
 5.06955421e+01 3.76060733e+00
 5.06955421e+01 3.76060733e+00
 5.06955421e+01 3.76060733e+00
