 0.00000000e+00 0.00000000e+00
 0.00000000e+00 0.00000000e+00
 0.00000000e+00 0.00000000e+00
 0.00000000e+00 0.00000000e+00
 -2.57346172e-02 4.14912937e-03
 -8.30589123e-02 -1.83285937e-02
 -1.92245428e-01 -9.58779793e-02
 -3.75001333e-01 -2.64030715e-01
 -6.51896716e-01 -5.60025839e-01
 -1.04209313e+00 -1.01674930e+00
 -1.56366520e+00 -1.65879700e+00
 -2.23195727e+00 -2.50109821e+00
 -3.05581722e+00 -3.54818155e+00
 -4.03386080e+00 -4.79281698e+00
 -5.15286563e+00 -6.21489282e+00
 -6.38870380e+00 -7.78219243e+00
 -7.70867833e+00 -9.45364928e+00
 -9.07391041e+00 -1.11839278e+01
 -1.04414253e+01 -1.29273337e+01
 -1.17664400e+01 -1.46397635e+01
 -1.30050472e+01 -1.62791232e+01
 -1.41168289e+01 -1.78059556e+01
 -1.50669580e+01 -1.91854724e+01
 -1.58274813e+01 -2.03900092e+01
 -1.63772254e+01 -2.13996304e+01
 -1.67001346e+01 -2.22000002e+01
 -1.67830467e+01 -2.27791045e+01
 -1.66143135e+01 -2.31251730e+01
 -1.61836461e+01 -2.32267811e+01
 -1.54826681e+01 -2.30743706e+01
 -1.45060864e+01 -2.26618817e+01
 -1.32541860e+01 -2.19880894e+01
 -1.17369143e+01 -2.10584711e+01
 -9.97822995e+00 -1.98884057e+01
 -8.01859179e+00 -1.85069702e+01
 -5.91457418e+00 -1.69591797e+01
 -3.73609807e+00 -1.53048230e+01
 -1.56194326e+00 -1.36137189e+01
 5.26392449e-01 -1.19587675e+01
 2.45225969e+00 -1.04086801e+01
 4.15144893e+00 -9.02194576e+00
 5.57734742e+00 -7.84309070e+00
 6.70172488e+00 -6.90183792e+00
 7.51163978e+00 -6.21499298e+00
 8.00527651e+00 -5.78969303e+00
 8.18925538e+00 -5.62608893e+00
 8.07773996e+00 -5.71857500e+00
 7.69234661e+00 -6.05631565e+00
 7.06212384e+00 -6.62394636e+00
 6.22319371e+00 -7.40200614e+00
 5.21773596e+00 -8.36615896e+00
 4.09252086e+00 -9.48550808e+00
 2.89751642e+00 -1.07216246e+01
 1.68443362e+00 -1.20296657e+01
 5.04428662e-01 -1.33615137e+01
 -5.95255363e-01 -1.46697695e+01
 -1.57483934e+00 -1.59115082e+01
 -2.40457965e+00 -1.70512581e+01
 -3.06553781e+00 -1.80627707e+01
 -3.54804007e+00 -1.89290796e+01
 -3.84805081e+00 -1.96407650e+01
 -3.96325132e+00 -2.01930860e+01
 -3.89135541e+00 -2.05830426e+01
 -3.63118594e+00 -2.08073310e+01
 -3.18410336e+00 -2.08617445e+01
 -2.55352179e+00 -2.07419215e+01
 -1.74327411e+00 -2.04447725e+01
 -7.57265006e-01 -1.99699548e+01
 3.98437356e-01 -1.93213949e+01
 1.71196529e+00 -1.85092618e+01
 3.16227626e+00 -1.75524228e+01
 4.71742377e+00 -1.64805504e+01
 6.33479491e+00 -1.53344401e+01
 7.96302850e+00 -1.41633868e+01
 9.54557391e+00 -1.30198296e+01
 1.10260654e+01 -1.19529845e+01
 1.23550335e+01 -1.10034509e+01
 1.34963509e+01 -1.01997410e+01
 1.44314111e+01 -9.55671719e+00
 1.51600536e+01 -9.07578540e+00
 1.56989280e+01 -8.74676315e+00
 1.60787343e+01 -8.55099894e+00
 1.63410631e+01 -8.46472794e+00
 1.65345364e+01 -8.46143074e+00
 1.67099080e+01 -8.51279910e+00
 1.69148129e+01 -8.58927749e+00
 1.71898668e+01 -8.66117059e+00
 1.75672409e+01 -8.69976770e+00
 1.80709457e+01 -8.67742174e+00
 1.87171747e+01 -8.56733504e+00
 1.95138373e+01 -8.34531751e+00
 2.04591783e+01 -7.99437431e+00
 2.15396856e+01 -7.51031577e+00
 2.27283334e+01 -6.90579093e+00
 2.39855036e+01 -6.21071763e+00
 2.52651925e+01 -5.46708915e+00
 2.65265147e+01 -4.71750699e+00
 2.77453317e+01 -3.99183488e+00
 2.89182557e+01 -3.30033679e+00
 3.00563827e+01 -2.63755157e+00
 3.11745170e+01 -1.99216459e+00
 3.22837397e+01 -1.35478370e+00
 3.33898552e+01 -7.20252411e-01
 3.44951210e+01 -8.65113759e-02
 3.56002046e+01 5.47058423e-01
 3.67052574e+01 1.18059920e+00
 3.78103061e+01 1.81413606e+00
 3.89153528e+01 2.44767166e+00
 4.00203850e+01 3.08119888e+00
 4.11253065e+01 3.71466269e+00
 4.22295701e+01 4.34774928e+00
 4.33307610e+01 4.97907423e+00
 4.44206712e+01 5.60393185e+00
 4.54779777e+01 6.21009745e+00
 4.64609901e+01 6.77366938e+00
 4.73103506e+01 7.26061721e+00
 4.79696965e+01 7.63862755e+00
 4.79696965e+01 7.63862755e+00
 4.79696965e+01 7.63862755e+00
 4.79696965e+01 7.63862755e+00
 4.79696965e+01 7.63862755e+00
 4.79696965e+01 7.63862755e+00
 4.79696965e+01 7.63862755e+00
 4.79696965e+01 7.63862755e+00
 4.79696965e+01 7.63862755e+00
 4.79696965e+01 7.63862755e+00
 4.79696965e+01 7.63862755e+00
 4.79696965e+01 7.63862755e+00
 4.79696965e+01 7.63862755e+00
 4.79696965e+01 7.63862755e+00
 4.79696965e+01 7.63862755e+00
 4.79696965e+01 7.63862755e+00
 4.79696965e+01 7.63862755e+00
 4.79696965e+01 7.63862755e+00
 4.79696965e+01 7.63862755e+00
 4.79696965e+01 7.63862755e+00
 4.79696965e+01 7.63862755e+00
 4.79696965e+01 7.63862755e+00
 4.79696965e+01 7.63862755e+00
 4.79696965e+01 7.63862755e+00
 4.79696965e+01 7.63862755e+00
 4.79696965e+01 7.63862755e+00
 4.79696965e+01 7.63862755e+00
 4.79696965e+01 7.63862755e+00
 4.79696965e+01 7.63862755e+00
 4.79696965e+01 7.63862755e+00
 4.79696965e+01 7.63862755e+00
 4.79696965e+01 7.63862755e+00
 4.79696965e+01 7.63862755e+00
 4.79696965e+01 7.63862755e+00
 4.79696965e+01 7.63862755e+00
 4.79696965e+01 7.63862755e+00
 4.79696965e+01 7.63862755e+00
 4.79696965e+01 7.63862755e+00
 4.79696965e+01 7.63862755e+00
 4.79696965e+01 7.63862755e+00
 4.79696965e+01 7.63862755e+00
 4.79696965e+01 7.63862755e+00
 4.79696965e+01 7.63862755e+00
 4.79696965e+01 7.63862755e+00
 4.79696965e+01 7.63862755e+00
 4.79696965e+01 7.63862755e+00
 4.79696965e+01 7.63862755e+00
 4.79696965e+01 7.63862755e+00
 4.79696965e+01 7.63862755e+00
 4.79696965e+01 7.63862755e+00
 4.79696965e+01 7.63862755e+00
 4.79696965e+01 7.63862755e+00
 4.79696965e+01 7.63862755e+00
 4.79696965e+01 7.63862755e+00
 4.79696965e+01 7.63862755e+00
 4.79696965e+01 7.63862755e+00
 4.79696965e+01 7.63862755e+00
 4.79696965e+01 7.63862755e+00
 4.79696965e+01 7.63862755e+00
 4.79696965e+01 7.63862755e+00
 4.79696965e+01 7.63862755e+00
 4.79696965e+01 7.63862755e+00
 4.79696965e+01 7.63862755e+00
 4.79696965e+01 7.63862755e+00
 4.79696965e+01 7.63862755e+00
 4.79696965e+01 7.63862755e+00
 4.79696965e+01 7.63862755e+00
 4.79696965e+01 7.63862755e+00
 4.79696965e+01 7.63862755e+00
 4.79696965e+01 7.63862755e+00
 4.79696965e+01 7.63862755e+00
 4.79696965e+01 7.63862755e+00
 4.79696965e+01 7.63862755e+00
 4.79696965e+01 7.63862755e+00
 4.79696965e+01 7.63862755e+00
 4.79696965e+01 7.63862755e+00
 4.79696965e+01 7.63862755e+00
 4.79696965e+01 7.63862755e+00
 4.79696965e+01 7.63862755e+00
 4.79696965e+01 7.63862755e+00
 4.79696965e+01 7.63862755e+00
 4.79696965e+01 7.63862755e+00
 4.79696965e+01 7.63862755e+00
 4.79696965e+01 7.63862755e+00
 4.79696965e+01 7.63862755e+00
 4.79696965e+01 7.63862755e+00
 4.79696965e+01 7.63862755e+00
 4.79696965e+01 7.63862755e+00
 4.79696965e+01 7.63862755e+00
