 0.00000000e+00 0.00000000e+00
 0.00000000e+00 0.00000000e+00
 0.00000000e+00 0.00000000e+00
 0.00000000e+00 0.00000000e+00
 -8.94301481e-02 1.91453457e-01
 -1.97319534e-01 4.20693305e-01
 -3.14339443e-01 6.56378892e-01
 -4.37414511e-01 8.65260584e-01
 -5.74652917e-01 1.01914119e+00
 -7.44393432e-01 1.09376695e+00
 -9.71571288e-01 1.06357778e+00
 -1.28525074e+00 8.98605172e-01
 -1.71711756e+00 5.66382365e-01
 -2.29854556e+00 3.67273708e-02
 -3.05582878e+00 -7.14453494e-01
 -4.00536432e+00 -1.70354492e+00
 -5.15037363e+00 -2.93807287e+00
 -6.47955330e+00 -4.41465469e+00
 -7.96745526e+00 -6.11688458e+00
 -9.57634856e+00 -8.01495644e+00
 -1.12593375e+01 -1.00677140e+01
 -1.29644142e+01 -1.22260685e+01
 -1.46386975e+01 -1.44361484e+01
 -1.62316064e+01 -1.66414867e+01
 -1.76962029e+01 -1.87848115e+01
 -1.89895997e+01 -2.08105007e+01
 -2.00742753e+01 -2.26682371e+01
 -2.09208393e+01 -2.43171421e+01
 -2.15106752e+01 -2.57286091e+01
 -2.18364082e+01 -2.68863805e+01
 -2.18996366e+01 -2.77840472e+01
 -2.17072782e+01 -2.84215053e+01
 -2.12685953e+01 -2.88017886e+01
 -2.05936903e+01 -2.89287553e+01
 -1.96925086e+01 -2.88057595e+01
 -1.85737564e+01 -2.84356875e+01
 -1.72450596e+01 -2.78225437e+01
 -1.57158048e+01 -2.69740892e+01
 -1.40018888e+01 -2.59047518e+01
 -1.21300662e+01 -2.46382488e+01
 -1.01402642e+01 -2.32094924e+01
 -8.08558829e+00 -2.16651821e+01
 -6.03008738e+00 -2.00623478e+01
 -4.04399893e+00 -1.84644154e+01
 -2.19659405e+00 -1.69353056e+01
 -5.48219425e-01 -1.55330706e+01
 8.55755072e-01 -1.43049279e+01
 1.98700696e+00 -1.32850977e+01
 2.83241907e+00 -1.24955765e+01
 3.39047647e+00 -1.19483971e+01
 3.66845191e+00 -1.16475363e+01
 3.68133912e+00 -1.15899235e+01
 3.45134052e+00 -1.17662517e+01
 3.00623992e+00 -1.21621452e+01
 2.37697435e+00 -1.27593844e+01
 1.59656450e+00 -1.35363170e+01
 7.01258958e-01 -1.44667887e+01
 -2.68140660e-01 -1.55182821e+01
 -1.26724573e+00 -1.66513543e+01
 -2.25143758e+00 -1.78218754e+01
 -3.17969821e+00 -1.89852938e+01
 -4.01725784e+00 -2.01008299e+01
 -4.73687518e+00 -2.11342789e+01
 -5.31928764e+00 -2.20594799e+01
 -5.75284621e+00 -2.28588026e+01
 -6.03186501e+00 -2.35223745e+01
 -6.15394371e+00 -2.40457200e+01
 -6.11763785e+00 -2.44265936e+01
 -5.92154715e+00 -2.46627819e+01
 -5.56447115e+00 -2.47520162e+01
 -5.04593603e+00 -2.46934012e+01
 -4.36730768e+00 -2.44888637e+01
 -3.53384833e+00 -2.41439027e+01
 -2.55716903e+00 -2.36681688e+01
 -1.45723487e+00 -2.30766583e+01
 -2.63596154e-01 -2.23914454e+01
 9.84417508e-01 -2.16427683e+01
 2.23928928e+00 -2.08679596e+01
 3.44940162e+00 -2.01076430e+01
 4.56535293e+00 -1.94002751e+01
 5.54691730e+00 -1.87772104e+01
 6.36833474e+00 -1.82601460e+01
 7.02034849e+00 -1.78612672e+01
 7.50931539e+00 -1.75847409e+01
 7.85496241e+00 -1.74277505e+01
 8.08771874e+00 -1.73805573e+01
 8.24538890e+00 -1.74267758e+01
 8.36920708e+00 -1.75450697e+01
 8.50039288e+00 -1.77116797e+01
 8.67818026e+00 -1.79018832e+01
 8.93898994e+00 -1.80894085e+01
 9.31567651e+00 -1.82450351e+01
 9.83609700e+00 -1.83366798e+01
 1.05209244e+01 -1.83320651e+01
 1.13811664e+01 -1.82029458e+01
 1.24160371e+01 -1.79289022e+01
 1.36118029e+01 -1.74994446e+01
 1.49422723e+01 -1.69144817e+01
 1.63714394e+01 -1.61838094e+01
 1.78580071e+01 -1.53259303e+01
 1.93606478e+01 -1.43660151e+01
 2.08427405e+01 -1.33329225e+01
 2.22757930e+01 -1.22558118e+01
 2.36413541e+01 -1.11613287e+01
 2.49317718e+01 -1.00719788e+01
 2.61500503e+01 -9.00511771e+00
 2.73081757e+01 -7.97142288e+00
 2.84232042e+01 -6.97325200e+00
 2.95120944e+01 -6.00510686e+00
 3.05877443e+01 -5.05724665e+00
 3.16578524e+01 -4.12032843e+00
 3.27260600e+01 -3.18810634e+00
 3.37937368e+01 -2.25748233e+00
 3.48612936e+01 -1.32728822e+00
 3.59288285e+01 -3.97185280e-01
 3.69963601e+01 5.32902434e-01
 3.80638913e+01 1.46298805e+00
 3.91314210e+01 2.39307220e+00
 4.01989367e+01 3.32314407e+00
 4.12663454e+01 4.25312285e+00
 4.23331186e+01 5.18254785e+00
 4.33969233e+01 6.10938661e+00
 4.44498304e+01 7.02673077e+00
 4.54712407e+01 7.91663346e+00
 4.64208792e+01 8.74400502e+00
 4.72414034e+01 9.45888587e+00
 4.78783642e+01 1.00138372e+01
 4.78783642e+01 1.00138372e+01
 4.78783642e+01 1.00138372e+01
 4.78783642e+01 1.00138372e+01
 4.78783642e+01 1.00138372e+01
 4.78783642e+01 1.00138372e+01
 4.78783642e+01 1.00138372e+01
 4.78783642e+01 1.00138372e+01
 4.78783642e+01 1.00138372e+01
 4.78783642e+01 1.00138372e+01
 4.78783642e+01 1.00138372e+01
 4.78783642e+01 1.00138372e+01
 4.78783642e+01 1.00138372e+01
 4.78783642e+01 1.00138372e+01
 4.78783642e+01 1.00138372e+01
 4.78783642e+01 1.00138372e+01
 4.78783642e+01 1.00138372e+01
 4.78783642e+01 1.00138372e+01
 4.78783642e+01 1.00138372e+01
 4.78783642e+01 1.00138372e+01
 4.78783642e+01 1.00138372e+01
 4.78783642e+01 1.00138372e+01
 4.78783642e+01 1.00138372e+01
 4.78783642e+01 1.00138372e+01
 4.78783642e+01 1.00138372e+01
 4.78783642e+01 1.00138372e+01
 4.78783642e+01 1.00138372e+01
 4.78783642e+01 1.00138372e+01
 4.78783642e+01 1.00138372e+01
 4.78783642e+01 1.00138372e+01
 4.78783642e+01 1.00138372e+01
 4.78783642e+01 1.00138372e+01
 4.78783642e+01 1.00138372e+01
 4.78783642e+01 1.00138372e+01
 4.78783642e+01 1.00138372e+01
 4.78783642e+01 1.00138372e+01
 4.78783642e+01 1.00138372e+01
 4.78783642e+01 1.00138372e+01
 4.78783642e+01 1.00138372e+01
 4.78783642e+01 1.00138372e+01
 4.78783642e+01 1.00138372e+01
 4.78783642e+01 1.00138372e+01
 4.78783642e+01 1.00138372e+01
 4.78783642e+01 1.00138372e+01
 4.78783642e+01 1.00138372e+01
 4.78783642e+01 1.00138372e+01
 4.78783642e+01 1.00138372e+01
 4.78783642e+01 1.00138372e+01
 4.78783642e+01 1.00138372e+01
 4.78783642e+01 1.00138372e+01
 4.78783642e+01 1.00138372e+01
 4.78783642e+01 1.00138372e+01
 4.78783642e+01 1.00138372e+01
 4.78783642e+01 1.00138372e+01
 4.78783642e+01 1.00138372e+01
 4.78783642e+01 1.00138372e+01
 4.78783642e+01 1.00138372e+01
 4.78783642e+01 1.00138372e+01
 4.78783642e+01 1.00138372e+01
 4.78783642e+01 1.00138372e+01
 4.78783642e+01 1.00138372e+01
 4.78783642e+01 1.00138372e+01
 4.78783642e+01 1.00138372e+01
 4.78783642e+01 1.00138372e+01
 4.78783642e+01 1.00138372e+01
 4.78783642e+01 1.00138372e+01
 4.78783642e+01 1.00138372e+01
 4.78783642e+01 1.00138372e+01
 4.78783642e+01 1.00138372e+01
 4.78783642e+01 1.00138372e+01
 4.78783642e+01 1.00138372e+01
 4.78783642e+01 1.00138372e+01
 4.78783642e+01 1.00138372e+01
 4.78783642e+01 1.00138372e+01
 4.78783642e+01 1.00138372e+01
 4.78783642e+01 1.00138372e+01
 4.78783642e+01 1.00138372e+01
 4.78783642e+01 1.00138372e+01
 4.78783642e+01 1.00138372e+01
