 0.00000000e+00 0.00000000e+00
 0.00000000e+00 0.00000000e+00
 0.00000000e+00 0.00000000e+00
 0.00000000e+00 0.00000000e+00
 5.45146877e-02 7.38804881e-02
 6.63103671e-02 1.36991024e-01
 -1.04969523e-02 1.56798482e-01
 -2.15412936e-01 9.82159067e-02
 -5.73833822e-01 -7.20919917e-02
 -1.09892743e+00 -3.84982069e-01
 -1.79868770e+00 -8.69210322e-01
 -2.68115953e+00 -1.55075081e+00
 -3.75413527e+00 -2.45085778e+00
 -5.02085801e+00 -3.58391693e+00
 -6.47561298e+00 -4.95599789e+00
 -8.10154672e+00 -6.56385106e+00
 -9.87068963e+00 -8.39326504e+00
 -1.17452535e+01 -1.04166090e+01
 -1.36795085e+01 -1.25912330e+01
 -1.56220852e+01 -1.48607488e+01
 -1.75187395e+01 -1.71593220e+01
 -1.93151992e+01 -1.94171368e+01
 -2.09595784e+01 -2.15653814e+01
 -2.24046117e+01 -2.35407869e+01
 -2.36103991e+01 -2.52903733e+01
 -2.45474463e+01 -2.67757344e+01
 -2.51984980e+01 -2.79749237e+01
 -2.55575067e+01 -2.88808014e+01
 -2.56255201e+01 -2.94967510e+01
 -2.54055211e+01 -2.98315294e+01
 -2.48992851e+01 -2.98943551e+01
 -2.41075334e+01 -2.96911507e+01
 -2.30318557e+01 -2.92235290e+01
 -2.16765767e+01 -2.84915405e+01
 -2.00507772e+01 -2.74990032e+01
 -1.81715786e+01 -2.62587068e+01
 -1.60682029e+01 -2.47953622e+01
 -1.37845362e+01 -2.31459313e+01
 -1.13783110e+01 -2.13582546e+01
 -8.91718221e+00 -1.94887019e+01
 -6.47356548e+00 -1.75986810e+01
 -4.11974225e+00 -1.57499182e+01
 -1.92328455e+00 -1.39995022e+01
 5.77609159e-02 -1.23961683e+01
 1.77965973e+00 -1.09783893e+01
 3.21621968e+00 -9.77370476e+00
 4.35865541e+00 -8.79883656e+00
 5.21175845e+00 -8.06104504e+00
 5.78843560e+00 -7.56095373e+00
 6.10548917e+00 -7.29564953e+00
 6.18171413e+00 -7.26040199e+00
 6.03739104e+00 -7.44863003e+00
 5.69415844e+00 -7.85119642e+00
 5.17489568e+00 -8.45626111e+00
 4.50340848e+00 -9.24970487e+00
 3.70405010e+00 -1.02149023e+01
 2.80180514e+00 -1.13311992e+01
 1.82282236e+00 -1.25723159e+01
 7.94588780e-01 -1.39063789e+01
 -2.54803041e-01 -1.52977043e+01
 -1.29789451e+00 -1.67090396e+01
 -2.30876988e+00 -1.81032920e+01
 -3.26323017e+00 -1.94449792e+01
 -4.13855842e+00 -2.07020371e+01
 -4.91354985e+00 -2.18479222e+01
 -5.56933089e+00 -2.28632882e+01
 -6.09105581e+00 -2.37367191e+01
 -6.46982575e+00 -2.44645859e+01
 -6.70328147e+00 -2.50501401e+01
 -6.79330462e+00 -2.55015064e+01
 -6.74115744e+00 -2.58282294e+01
 -6.54294503e+00 -2.60369742e+01
 -6.18835941e+00 -2.61280336e+01
 -5.66277284e+00 -2.60942349e+01
 -4.95037507e+00 -2.59225688e+01
 -4.03659985e+00 -2.55975724e+01
 -2.91008227e+00 -2.51052582e+01
 -1.56538236e+00 -2.44369952e+01
 -6.91600861e-03 -2.35931341e+01
 1.74711988e+00 -2.25858083e+01
 3.66286808e+00 -2.14399199e+01
 5.69209937e+00 -2.01916461e+01
 7.77604962e+00 -1.88847728e+01
 9.85043261e+00 -1.75659694e+01
 1.18508705e+01 -1.62801928e+01
 1.37186185e+01 -1.50668506e+01
 1.54064573e+01 -1.39566709e+01
 1.68847018e+01 -1.29688537e+01
 1.81471833e+01 -1.21082662e+01
 1.92153565e+01 -1.13635290e+01
 2.01359967e+01 -1.07084269e+01
 2.09688175e+01 -1.01087933e+01
 2.17676303e+01 -9.53311746e+00
 2.25660302e+01 -8.96090876e+00
 2.33759082e+01 -8.38402200e+00
 2.41960847e+01 -7.80213027e+00
 2.50218674e+01 -7.21736324e+00
 2.58498381e+01 -6.63144321e+00
 2.66784510e+01 -6.04517907e+00
 2.75072083e+01 -5.45883662e+00
 2.83359908e+01 -4.87248045e+00
 2.91647766e+01 -4.28612248e+00
 2.99935616e+01 -3.69976511e+00
 3.08223357e+01 -3.11341545e+00
 3.16510269e+01 -2.52712448e+00
 3.24792246e+01 -1.94118263e+00
 3.33051177e+01 -1.35687124e+00
 3.41225503e+01 -7.78545577e-01
 3.49155303e+01 -2.17519966e-01
 3.56527895e+01 3.04083841e-01
 3.62898099e+01 7.54769593e-01
 3.67843194e+01 1.10463023e+00
 3.67843194e+01 1.10463023e+00
 3.67843194e+01 1.10463023e+00
 3.67843194e+01 1.10463023e+00
 3.67843194e+01 1.10463023e+00
 3.67843194e+01 1.10463023e+00
 3.67843194e+01 1.10463023e+00
 3.67843194e+01 1.10463023e+00
 3.67843194e+01 1.10463023e+00
 3.67843194e+01 1.10463023e+00
 3.67843194e+01 1.10463023e+00
 3.67843194e+01 1.10463023e+00
 3.67843194e+01 1.10463023e+00
 3.67843194e+01 1.10463023e+00
 3.67843194e+01 1.10463023e+00
 3.67843194e+01 1.10463023e+00
 3.67843194e+01 1.10463023e+00
 3.67843194e+01 1.10463023e+00
 3.67843194e+01 1.10463023e+00
 3.67843194e+01 1.10463023e+00
 3.67843194e+01 1.10463023e+00
 3.67843194e+01 1.10463023e+00
 3.67843194e+01 1.10463023e+00
 3.67843194e+01 1.10463023e+00
 3.67843194e+01 1.10463023e+00
 3.67843194e+01 1.10463023e+00
 3.67843194e+01 1.10463023e+00
 3.67843194e+01 1.10463023e+00
 3.67843194e+01 1.10463023e+00
 3.67843194e+01 1.10463023e+00
 3.67843194e+01 1.10463023e+00
 3.67843194e+01 1.10463023e+00
 3.67843194e+01 1.10463023e+00
 3.67843194e+01 1.10463023e+00
 3.67843194e+01 1.10463023e+00
 3.67843194e+01 1.10463023e+00
 3.67843194e+01 1.10463023e+00
 3.67843194e+01 1.10463023e+00
 3.67843194e+01 1.10463023e+00
 3.67843194e+01 1.10463023e+00
 3.67843194e+01 1.10463023e+00
 3.67843194e+01 1.10463023e+00
 3.67843194e+01 1.10463023e+00
 3.67843194e+01 1.10463023e+00
 3.67843194e+01 1.10463023e+00
 3.67843194e+01 1.10463023e+00
 3.67843194e+01 1.10463023e+00
 3.67843194e+01 1.10463023e+00
 3.67843194e+01 1.10463023e+00
 3.67843194e+01 1.10463023e+00
 3.67843194e+01 1.10463023e+00
 3.67843194e+01 1.10463023e+00
 3.67843194e+01 1.10463023e+00
 3.67843194e+01 1.10463023e+00
 3.67843194e+01 1.10463023e+00
 3.67843194e+01 1.10463023e+00
 3.67843194e+01 1.10463023e+00
 3.67843194e+01 1.10463023e+00
 3.67843194e+01 1.10463023e+00
 3.67843194e+01 1.10463023e+00
 3.67843194e+01 1.10463023e+00
 3.67843194e+01 1.10463023e+00
 3.67843194e+01 1.10463023e+00
 3.67843194e+01 1.10463023e+00
 3.67843194e+01 1.10463023e+00
 3.67843194e+01 1.10463023e+00
 3.67843194e+01 1.10463023e+00
 3.67843194e+01 1.10463023e+00
 3.67843194e+01 1.10463023e+00
 3.67843194e+01 1.10463023e+00
 3.67843194e+01 1.10463023e+00
 3.67843194e+01 1.10463023e+00
 3.67843194e+01 1.10463023e+00
 3.67843194e+01 1.10463023e+00
 3.67843194e+01 1.10463023e+00
 3.67843194e+01 1.10463023e+00
 3.67843194e+01 1.10463023e+00
 3.67843194e+01 1.10463023e+00
 3.67843194e+01 1.10463023e+00
 3.67843194e+01 1.10463023e+00
 3.67843194e+01 1.10463023e+00
 3.67843194e+01 1.10463023e+00
 3.67843194e+01 1.10463023e+00
 3.67843194e+01 1.10463023e+00
 3.67843194e+01 1.10463023e+00
 3.67843194e+01 1.10463023e+00
 3.67843194e+01 1.10463023e+00
 3.67843194e+01 1.10463023e+00
 3.67843194e+01 1.10463023e+00
 3.67843194e+01 1.10463023e+00
 3.67843194e+01 1.10463023e+00
 3.67843194e+01 1.10463023e+00
 3.67843194e+01 1.10463023e+00
 3.67843194e+01 1.10463023e+00
