 0.00000000e+00 0.00000000e+00
 0.00000000e+00 0.00000000e+00
 0.00000000e+00 0.00000000e+00
 0.00000000e+00 0.00000000e+00
 0.00000000e+00 0.00000000e+00
 0.00000000e+00 0.00000000e+00
 0.00000000e+00 0.00000000e+00
 0.00000000e+00 0.00000000e+00
 0.00000000e+00 0.00000000e+00
 0.00000000e+00 0.00000000e+00
 1.04512155e-01 1.07581409e-01
 2.35696998e-01 2.40860411e-01
 3.81558350e-01 3.85265216e-01
 5.28893510e-01 5.25109680e-01
 6.66539015e-01 6.48009417e-01
 7.85819273e-01 7.45297410e-01
 8.79523108e-01 8.09269104e-01
 9.40677542e-01 8.29259895e-01
 9.61272319e-01 7.88388693e-01
 9.30983822e-01 6.62558459e-01
 8.36850862e-01 4.22226359e-01
 6.64746035e-01 3.56333967e-02
 4.01756324e-01 -5.28286569e-01
 3.78625904e-02 -1.29767950e+00
 -4.33223884e-01 -2.29541356e+00
 -1.01310897e+00 -3.53631660e+00
 -1.69732779e+00 -5.02490165e+00
 -2.47412219e+00 -6.75451669e+00
 -3.32435905e+00 -8.70780520e+00
 -4.22337408e+00 -1.08576955e+01
 -5.14436666e+00 -1.31684404e+01
 -6.06169847e+00 -1.55967816e+01
 -6.95283697e+00 -1.80935877e+01
 -7.79929153e+00 -2.06063029e+01
 -8.58752047e+00 -2.30821903e+01
 -9.30996307e+00 -2.54718837e+01
 -9.96543342e+00 -2.77325200e+01
 -1.05580462e+01 -2.98297685e+01
 -1.10946878e+01 -3.17385168e+01
 -1.15821773e+01 -3.34427027e+01
 -1.20254584e+01 -3.49349937e+01
 -1.24271168e+01 -3.62162478e+01
 -1.27875913e+01 -3.72940657e+01
 -1.31056830e+01 -3.81804191e+01
 -1.33795426e+01 -3.88895236e+01
 -1.36081175e+01 -3.94370904e+01
 -1.37924814e+01 -3.98406439e+01
 -1.39365183e+01 -4.01192696e+01
 -1.40467563e+01 -4.02915223e+01
 -1.41309983e+01 -4.03721289e+01
 -1.41955600e+01 -4.03694478e+01
 -1.42420793e+01 -4.02847817e+01
 -1.42656153e+01 -4.01128970e+01
 -1.42548839e+01 -3.98429036e+01
 -1.41940015e+01 -3.94598682e+01
 -1.40645124e+01 -3.89479290e+01
 -1.38470366e+01 -3.82943581e+01
 -1.35228373e+01 -3.74926302e+01
 -1.30759102e+01 -3.65430531e+01
 -1.24954875e+01 -3.54515472e+01
 -1.17779209e+01 -3.42283961e+01
 -1.09269241e+01 -3.28880162e+01
 -9.95227048e+00 -3.14492412e+01
 -8.86813360e+00 -2.99350886e+01
 -7.69223428e+00 -2.83718446e+01
 -6.44593235e+00 -2.67882988e+01
 -5.15440553e+00 -2.52156337e+01
 -3.84601705e+00 -2.36871776e+01
 -2.55087207e+00 -2.22369927e+01
 -1.29926047e+00 -2.08974975e+01
 -1.20126640e-01 -1.96970371e+01
 9.61309722e-01 -1.86577085e+01
 1.92721341e+00 -1.77934184e+01
 2.77062340e+00 -1.71087418e+01
 3.49648470e+00 -1.65992621e+01
 4.11953453e+00 -1.62531630e+01
 4.66055786e+00 -1.60532425e+01
 5.14284880e+00 -1.59789935e+01
 5.58926813e+00 -1.60089594e+01
 6.01924865e+00 -1.61232976e+01
 6.44564322e+00 -1.63060020e+01
 6.87235346e+00 -1.65463973e+01
 7.29377100e+00 -1.68398881e+01
 7.69623284e+00 -1.71878652e+01
 8.06083794e+00 -1.75965121e+01
 8.36657598e+00 -1.80746156e+01
 8.59276088e+00 -1.86310678e+01
 8.72026833e+00 -1.92727436e+01
 8.73212198e+00 -2.00027746e+01
 8.61474076e+00 -2.08188857e+01
 8.36016694e+00 -2.17120835e+01
 7.96759771e+00 -2.26666840e+01
 7.44268073e+00 -2.36621533e+01
 6.79549097e+00 -2.46759042e+01
 6.03912461e+00 -2.56857653e+01
 5.18920591e+00 -2.66716770e+01
 4.26320865e+00 -2.76168709e+01
 3.27903151e+00 -2.85086439e+01
 2.25347014e+00 -2.93386095e+01
 1.20155637e+00 -3.01024227e+01
 1.36958129e-01 -3.07991003e+01
 -9.27277075e-01 -3.14301160e+01
 -1.97840570e+00 -3.19985122e+01
 -3.00425999e+00 -3.25081286e+01
 -3.99381015e+00 -3.29628783e+01
 -4.93762013e+00 -3.33661445e+01
 -5.82785240e+00 -3.37205096e+01
 -6.65771447e+00 -3.40278007e+01
 -7.42070663e+00 -3.42892398e+01
 -8.11040818e+00 -3.45056714e+01
 -8.72149447e+00 -3.46781222e+01
 -9.25226731e+00 -3.48090203e+01
 -9.70812403e+00 -3.49039479e+01
 -1.01037755e+01 -3.49726210e+01
 -1.04611176e+01 -3.50273144e+01
 -1.08023329e+01 -3.50789549e+01
 -1.11426687e+01 -3.51338007e+01
 -1.14881461e+01 -3.51932166e+01
 -1.18385492e+01 -3.52559148e+01
 -1.21917269e+01 -3.53202454e+01
 -1.25460125e+01 -3.53851803e+01
 -1.29006288e+01 -3.54502864e+01
 -1.32553205e+01 -3.55154300e+01
 -1.36100254e+01 -3.55805800e+01
 -1.39647320e+01 -3.56457308e+01
 -1.43194383e+01 -3.57108816e+01
 -1.46741400e+01 -3.57760316e+01
 -1.50288062e+01 -3.58411750e+01
 -1.53832612e+01 -3.59062797e+01
 -1.57367298e+01 -3.59712032e+01
 -1.60865775e+01 -3.60354616e+01
 -1.64259599e+01 -3.60977977e+01
 -1.67414947e+01 -3.61557537e+01
 -1.70141290e+01 -3.62058299e+01
 -1.72257709e+01 -3.62447033e+01
 -1.72257709e+01 -3.62447033e+01
 -1.72257709e+01 -3.62447033e+01
 -1.72257709e+01 -3.62447033e+01
 -1.72257709e+01 -3.62447033e+01
 -1.72257709e+01 -3.62447033e+01
 -1.72257709e+01 -3.62447033e+01
 -1.72257709e+01 -3.62447033e+01
 -1.72257709e+01 -3.62447033e+01
 -1.72257709e+01 -3.62447033e+01
 -1.72257709e+01 -3.62447033e+01
 -1.72257709e+01 -3.62447033e+01
 -1.72257709e+01 -3.62447033e+01
 -1.72257709e+01 -3.62447033e+01
 -1.72257709e+01 -3.62447033e+01
 -1.72257709e+01 -3.62447033e+01
 -1.72257709e+01 -3.62447033e+01
 -1.72257709e+01 -3.62447033e+01
 -1.72257709e+01 -3.62447033e+01
 -1.72257709e+01 -3.62447033e+01
 -1.72257709e+01 -3.62447033e+01
 -1.72257709e+01 -3.62447033e+01
 -1.72257709e+01 -3.62447033e+01
 -1.72257709e+01 -3.62447033e+01
 -1.72257709e+01 -3.62447033e+01
 -1.72257709e+01 -3.62447033e+01
 -1.72257709e+01 -3.62447033e+01
 -1.72257709e+01 -3.62447033e+01
 -1.72257709e+01 -3.62447033e+01
 -1.72257709e+01 -3.62447033e+01
 -1.72257709e+01 -3.62447033e+01
 -1.72257709e+01 -3.62447033e+01
 -1.72257709e+01 -3.62447033e+01
 -1.72257709e+01 -3.62447033e+01
 -1.72257709e+01 -3.62447033e+01
 -1.72257709e+01 -3.62447033e+01
 -1.72257709e+01 -3.62447033e+01
 -1.72257709e+01 -3.62447033e+01
 -1.72257709e+01 -3.62447033e+01
 -1.72257709e+01 -3.62447033e+01
