 0.00000000e+00 0.00000000e+00
 0.00000000e+00 0.00000000e+00
 0.00000000e+00 0.00000000e+00
 0.00000000e+00 0.00000000e+00
 3.63793595e-02 1.09693693e-01
 8.11662853e-02 2.35864293e-01
 1.30449869e-01 3.57612697e-01
 1.78560628e-01 4.52076875e-01
 2.17651887e-01 4.96558373e-01
 2.37156336e-01 4.66564049e-01
 2.22757822e-01 3.33663628e-01
 1.54918423e-01 6.65959678e-02
 8.97727766e-03 -3.64737768e-01
 -2.41690245e-01 -9.85254774e-01
 -6.21408732e-01 -1.81235933e+00
 -1.14966846e+00 -2.85461347e+00
 -1.84018152e+00 -4.11037686e+00
 -2.69973862e+00 -5.56683591e+00
 -3.72663667e+00 -7.20063835e+00
 -4.90971779e+00 -8.98038419e+00
 -6.22834823e+00 -1.08696497e+01
 -7.65274127e+00 -1.28288836e+01
 -9.14420207e+00 -1.48157500e+01
 -1.06557301e+01 -1.67848939e+01
 -1.21339212e+01 -1.86884987e+01
 -1.35225480e+01 -2.04784921e+01
 -1.47670455e+01 -2.21102816e+01
 -1.58186041e+01 -2.35467830e+01
 -1.66370317e+01 -2.47609494e+01
 -1.71922379e+01 -2.57357809e+01
 -1.74646163e+01 -2.64623853e+01
 -1.74446467e+01 -2.69375399e+01
 -1.71317221e+01 -2.71617152e+01
 -1.65320966e+01 -2.71377156e+01
 -1.56565926e+01 -2.68698183e+01
 -1.45194087e+01 -2.63633569e+01
 -1.31386773e+01 -2.56249966e+01
 -1.15380215e+01 -2.46642156e+01
 -9.74792311e+00 -2.34959863e+01
 -7.80635955e+00 -2.21435995e+01
 -5.75872910e+00 -2.06403140e+01
 -3.65705570e+00 -1.90292603e+01
 -1.55828849e+00 -1.73618280e+01
 4.78414647e-01 -1.56949927e+01
 2.39533073e+00 -1.40876940e+01
 4.14033537e+00 -1.25961117e+01
 5.67060146e+00 -1.12684987e+01
 6.95454689e+00 -1.01415806e+01
 7.97153130e+00 -9.24025217e+00
 8.71033014e+00 -8.57985023e+00
 9.16817510e+00 -8.16833101e+00
 9.35116634e+00 -8.00665751e+00
 9.27500261e+00 -8.08834004e+00
 8.96424050e+00 -8.40017017e+00
 8.44954716e+00 -8.92466479e+00
 7.76426268e+00 -9.64253484e+00
 6.94211049e+00 -1.05331691e+01
 6.01674310e+00 -1.15730941e+01
 5.02221052e+00 -1.27343891e+01
 3.99285227e+00 -1.39848365e+01
 2.96201037e+00 -1.52897088e+01
 1.96034489e+00 -1.66138705e+01
 1.01491171e+00 -1.79233268e+01
 1.49304848e-01 -1.91863535e+01
 -6.15733877e-01 -2.03745509e+01
 -1.26198579e+00 -2.14636809e+01
 -1.77421878e+00 -2.24340267e+01
 -2.14143003e+00 -2.32704879e+01
 -2.35777930e+00 -2.39627288e+01
 -2.42171252e+00 -2.45050458e+01
 -2.33341320e+00 -2.48952530e+01
 -2.09244788e+00 -2.51325724e+01
 -1.69653827e+00 -2.52154323e+01
 -1.14056896e+00 -2.51400754e+01
 -4.15380259e-01 -2.49001636e+01
 4.92601479e-01 -2.44871747e+01
 1.59985410e+00 -2.38915667e+01
 2.92234663e+00 -2.31047999e+01
 4.47084768e+00 -2.21220376e+01
 6.24602753e+00 -2.09449792e+01
 8.23476910e+00 -1.95841273e+01
 1.04086026e+01 -1.80599574e+01
 1.27240993e+01 -1.64029043e+01
 1.51247420e+01 -1.46524832e+01
 1.75442794e+01 -1.28558273e+01
 1.99115633e+01 -1.10655935e+01
 2.21561974e+01 -9.33694667e+00
 2.42141345e+01 -7.72336688e+00
 2.60327732e+01 -6.27144057e+00
 2.75754499e+01 -5.01543085e+00
 2.88257333e+01 -3.97249043e+00
 2.97924341e+01 -3.13873288e+00
 3.05143329e+01 -2.48678128e+00
 3.10588130e+01 -1.96795611e+00
 3.15075635e+01 -1.52309101e+00
 3.19321114e+01 -1.10002513e+00
 3.23742879e+01 -6.67562276e-01
 3.28447480e+01 -2.16794750e-01
 3.33364021e+01 2.48187884e-01
 3.38389320e+01 7.20575045e-01
 3.43455979e+01 1.19580134e+00
 3.48534625e+01 1.67185456e+00
 3.53615950e+01 2.14809319e+00
 3.58697738e+01 2.62436401e+00
 3.63779589e+01 3.10063913e+00
 3.68861439e+01 3.57691406e+00
 3.73943222e+01 4.05318274e+00
 3.79024497e+01 4.52940376e+00
 3.84102747e+01 5.00534120e+00
 3.89166865e+01 5.47995428e+00
 3.94179106e+01 5.94970540e+00
 3.99041411e+01 6.40540436e+00
 4.03562055e+01 6.82908255e+00
 4.07468064e+01 7.19515680e+00
 4.10500242e+01 7.47933479e+00
 4.10500242e+01 7.47933479e+00
 4.10500242e+01 7.47933479e+00
 4.10500242e+01 7.47933479e+00
 4.10500242e+01 7.47933479e+00
 4.10500242e+01 7.47933479e+00
 4.10500242e+01 7.47933479e+00
 4.10500242e+01 7.47933479e+00
 4.10500242e+01 7.47933479e+00
 4.10500242e+01 7.47933479e+00
 4.10500242e+01 7.47933479e+00
 4.10500242e+01 7.47933479e+00
 4.10500242e+01 7.47933479e+00
 4.10500242e+01 7.47933479e+00
 4.10500242e+01 7.47933479e+00
 4.10500242e+01 7.47933479e+00
 4.10500242e+01 7.47933479e+00
 4.10500242e+01 7.47933479e+00
 4.10500242e+01 7.47933479e+00
 4.10500242e+01 7.47933479e+00
 4.10500242e+01 7.47933479e+00
 4.10500242e+01 7.47933479e+00
 4.10500242e+01 7.47933479e+00
 4.10500242e+01 7.47933479e+00
 4.10500242e+01 7.47933479e+00
 4.10500242e+01 7.47933479e+00
 4.10500242e+01 7.47933479e+00
 4.10500242e+01 7.47933479e+00
 4.10500242e+01 7.47933479e+00
 4.10500242e+01 7.47933479e+00
 4.10500242e+01 7.47933479e+00
 4.10500242e+01 7.47933479e+00
 4.10500242e+01 7.47933479e+00
 4.10500242e+01 7.47933479e+00
 4.10500242e+01 7.47933479e+00
 4.10500242e+01 7.47933479e+00
 4.10500242e+01 7.47933479e+00
 4.10500242e+01 7.47933479e+00
 4.10500242e+01 7.47933479e+00
 4.10500242e+01 7.47933479e+00
 4.10500242e+01 7.47933479e+00
 4.10500242e+01 7.47933479e+00
 4.10500242e+01 7.47933479e+00
 4.10500242e+01 7.47933479e+00
 4.10500242e+01 7.47933479e+00
 4.10500242e+01 7.47933479e+00
 4.10500242e+01 7.47933479e+00
 4.10500242e+01 7.47933479e+00
 4.10500242e+01 7.47933479e+00
 4.10500242e+01 7.47933479e+00
 4.10500242e+01 7.47933479e+00
 4.10500242e+01 7.47933479e+00
 4.10500242e+01 7.47933479e+00
 4.10500242e+01 7.47933479e+00
 4.10500242e+01 7.47933479e+00
 4.10500242e+01 7.47933479e+00
 4.10500242e+01 7.47933479e+00
 4.10500242e+01 7.47933479e+00
 4.10500242e+01 7.47933479e+00
 4.10500242e+01 7.47933479e+00
 4.10500242e+01 7.47933479e+00
 4.10500242e+01 7.47933479e+00
 4.10500242e+01 7.47933479e+00
 4.10500242e+01 7.47933479e+00
 4.10500242e+01 7.47933479e+00
 4.10500242e+01 7.47933479e+00
 4.10500242e+01 7.47933479e+00
 4.10500242e+01 7.47933479e+00
 4.10500242e+01 7.47933479e+00
 4.10500242e+01 7.47933479e+00
 4.10500242e+01 7.47933479e+00
 4.10500242e+01 7.47933479e+00
 4.10500242e+01 7.47933479e+00
 4.10500242e+01 7.47933479e+00
 4.10500242e+01 7.47933479e+00
 4.10500242e+01 7.47933479e+00
 4.10500242e+01 7.47933479e+00
 4.10500242e+01 7.47933479e+00
 4.10500242e+01 7.47933479e+00
 4.10500242e+01 7.47933479e+00
 4.10500242e+01 7.47933479e+00
 4.10500242e+01 7.47933479e+00
 4.10500242e+01 7.47933479e+00
 4.10500242e+01 7.47933479e+00
 4.10500242e+01 7.47933479e+00
 4.10500242e+01 7.47933479e+00
 4.10500242e+01 7.47933479e+00
 4.10500242e+01 7.47933479e+00
 4.10500242e+01 7.47933479e+00
 4.10500242e+01 7.47933479e+00
 4.10500242e+01 7.47933479e+00
