 0.00000000e+00 0.00000000e+00
 0.00000000e+00 0.00000000e+00
 0.00000000e+00 0.00000000e+00
 0.00000000e+00 0.00000000e+00
 -8.02354157e-02 3.14701210e-02
 -1.86717969e-01 4.53692117e-02
 -3.15020359e-01 1.68480485e-02
 -4.62588256e-01 -8.23100977e-02
 -6.32431833e-01 -2.81150267e-01
 -8.33058905e-01 -6.08105083e-01
 -1.07574846e+00 -1.09007540e+00
 -1.37156252e+00 -1.75153428e+00
 -1.72945221e+00 -2.61279695e+00
 -2.15542994e+00 -3.68657874e+00
 -2.65181340e+00 -4.97308015e+00
 -3.21519315e+00 -6.45538508e+00
 -3.83301656e+00 -8.09756263e+00
 -4.48112119e+00 -9.84682199e+00
 -5.12511476e+00 -1.16390793e+01
 -5.72558780e+00 -1.34058790e+01
 -6.24388126e+00 -1.50807199e+01
 -6.64531955e+00 -1.66040509e+01
 -6.89990867e+00 -1.79271339e+01
 -6.98297324e+00 -1.90148063e+01
 -6.87762731e+00 -1.98465760e+01
 -6.57779655e+00 -2.04154410e+01
 -6.08829134e+00 -2.07243566e+01
 -5.42061694e+00 -2.07812436e+01
 -4.58757290e+00 -2.05946707e+01
 -3.60060863e+00 -2.01725089e+01
 -2.47091601e+00 -1.95238607e+01
 -1.21268373e+00 -1.86622245e+01
 1.53509762e-01 -1.76078132e+01
 1.59891771e+00 -1.63886101e+01
 3.08751833e+00 -1.50405492e+01
 4.57908301e+00 -1.36067078e+01
 6.03260073e+00 -1.21351783e+01
 7.40865817e+00 -1.06758827e+01
 8.67101223e+00 -9.27708654e+00
 9.78835798e+00 -7.98231447e+00
 1.07363854e+01 -6.82822317e+00
 1.14990241e+01 -5.84386792e+00
 1.20678259e+01 -5.05140200e+00
 1.24398357e+01 -4.46757425e+00
 1.26159068e+01 -4.10486828e+00
 1.26013540e+01 -3.97132259e+00
 1.24084349e+01 -4.06912321e+00
 1.20579445e+01 -4.39310674e+00
 1.15781800e+01 -4.93015366e+00
 1.10023166e+01 -5.65926987e+00
 1.03661612e+01 -6.55159589e+00
 9.70680331e+00 -7.57046808e+00
 9.06126516e+00 -8.67268851e+00
 8.46431609e+00 -9.81176440e+00
 7.94565198e+00 -1.09424054e+01
 7.52729952e+00 -1.20246843e+01
 7.22187687e+00 -1.30267329e+01
 7.03220793e+00 -1.39258209e+01
 6.95306491e+00 -1.47080815e+01
 6.97499081e+00 -1.53669788e+01
 7.08831735e+00 -1.59006669e+01
 7.28532533e+00 -1.63090489e+01
 7.56047143e+00 -1.65918249e+01
 7.90997866e+00 -1.67480844e+01
 8.33163764e+00 -1.67766473e+01
 8.82477196e+00 -1.66762569e+01
 9.38993412e+00 -1.64459534e+01
 1.00279922e+01 -1.60863567e+01
 1.07388026e+01 -1.56015082e+01
 1.15201816e+01 -1.50002499e+01
 1.23676482e+01 -1.42967331e+01
 1.32746124e+01 -1.35103353e+01
 1.42323367e+01 -1.26651671e+01
 1.52295100e+01 -1.17889590e+01
 1.62519594e+01 -1.09111160e+01
 1.72830946e+01 -1.00602221e+01
 1.83050638e+01 -9.26167707e+00
 1.93000767e+01 -8.53591100e+00
 2.02515592e+01 -7.89711965e+00
 2.11453634e+01 -7.35236428e+00
 2.19713906e+01 -6.90106630e+00
 2.27256081e+01 -6.53493846e+00
 2.34118876e+01 -6.23832192e+00
 2.40426847e+01 -5.98907852e+00
 2.46378781e+01 -5.76034673e+00
 2.52220957e+01 -5.52309785e+00
 2.58215011e+01 -5.24888015e+00
 2.64605855e+01 -4.91229625e+00
 2.71588281e+01 -4.49349975e+00
 2.79270728e+01 -3.98132068e+00
 2.87639808e+01 -3.37710396e+00
 2.96539097e+01 -2.69783463e+00
 3.05690204e+01 -1.97493410e+00
 3.14778516e+01 -1.24543642e+00
 3.23574479e+01 -5.38263880e-01
 3.32008993e+01 1.35154639e-01
 3.40149639e+01 7.79270881e-01
 3.48113915e+01 1.40522402e+00
 3.55997247e+01 2.02268120e+00
 3.63851781e+01 2.63707798e+00
 3.71698329e+01 3.25061851e+00
 3.79543144e+01 3.86397227e+00
 3.87387667e+01 4.47729423e+00
 3.95232149e+01 5.09061189e+00
 4.03076617e+01 5.70392828e+00
 4.10920981e+01 6.31723654e+00
 4.18764560e+01 6.93048342e+00
 4.26603468e+01 7.54336512e+00
 4.34420564e+01 8.15454140e+00
 4.42157580e+01 8.75945675e+00
 4.49663152e+01 9.34627665e+00
 4.56641326e+01 9.89186224e+00
 4.62670737e+01 1.03632692e+01
 4.67351279e+01 1.07292154e+01
 4.67351279e+01 1.07292154e+01
 4.67351279e+01 1.07292154e+01
 4.67351279e+01 1.07292154e+01
 4.67351279e+01 1.07292154e+01
 4.67351279e+01 1.07292154e+01
 4.67351279e+01 1.07292154e+01
 4.67351279e+01 1.07292154e+01
 4.67351279e+01 1.07292154e+01
 4.67351279e+01 1.07292154e+01
 4.67351279e+01 1.07292154e+01
 4.67351279e+01 1.07292154e+01
 4.67351279e+01 1.07292154e+01
 4.67351279e+01 1.07292154e+01
 4.67351279e+01 1.07292154e+01
 4.67351279e+01 1.07292154e+01
 4.67351279e+01 1.07292154e+01
 4.67351279e+01 1.07292154e+01
 4.67351279e+01 1.07292154e+01
 4.67351279e+01 1.07292154e+01
 4.67351279e+01 1.07292154e+01
 4.67351279e+01 1.07292154e+01
 4.67351279e+01 1.07292154e+01
 4.67351279e+01 1.07292154e+01
 4.67351279e+01 1.07292154e+01
 4.67351279e+01 1.07292154e+01
 4.67351279e+01 1.07292154e+01
 4.67351279e+01 1.07292154e+01
 4.67351279e+01 1.07292154e+01
 4.67351279e+01 1.07292154e+01
 4.67351279e+01 1.07292154e+01
 4.67351279e+01 1.07292154e+01
 4.67351279e+01 1.07292154e+01
 4.67351279e+01 1.07292154e+01
 4.67351279e+01 1.07292154e+01
 4.67351279e+01 1.07292154e+01
 4.67351279e+01 1.07292154e+01
 4.67351279e+01 1.07292154e+01
 4.67351279e+01 1.07292154e+01
 4.67351279e+01 1.07292154e+01
 4.67351279e+01 1.07292154e+01
 4.67351279e+01 1.07292154e+01
 4.67351279e+01 1.07292154e+01
 4.67351279e+01 1.07292154e+01
 4.67351279e+01 1.07292154e+01
 4.67351279e+01 1.07292154e+01
 4.67351279e+01 1.07292154e+01
 4.67351279e+01 1.07292154e+01
 4.67351279e+01 1.07292154e+01
 4.67351279e+01 1.07292154e+01
 4.67351279e+01 1.07292154e+01
 4.67351279e+01 1.07292154e+01
 4.67351279e+01 1.07292154e+01
 4.67351279e+01 1.07292154e+01
 4.67351279e+01 1.07292154e+01
 4.67351279e+01 1.07292154e+01
 4.67351279e+01 1.07292154e+01
 4.67351279e+01 1.07292154e+01
 4.67351279e+01 1.07292154e+01
 4.67351279e+01 1.07292154e+01
 4.67351279e+01 1.07292154e+01
 4.67351279e+01 1.07292154e+01
 4.67351279e+01 1.07292154e+01
 4.67351279e+01 1.07292154e+01
 4.67351279e+01 1.07292154e+01
 4.67351279e+01 1.07292154e+01
 4.67351279e+01 1.07292154e+01
 4.67351279e+01 1.07292154e+01
 4.67351279e+01 1.07292154e+01
 4.67351279e+01 1.07292154e+01
 4.67351279e+01 1.07292154e+01
 4.67351279e+01 1.07292154e+01
 4.67351279e+01 1.07292154e+01
 4.67351279e+01 1.07292154e+01
 4.67351279e+01 1.07292154e+01
 4.67351279e+01 1.07292154e+01
 4.67351279e+01 1.07292154e+01
 4.67351279e+01 1.07292154e+01
 4.67351279e+01 1.07292154e+01
 4.67351279e+01 1.07292154e+01
 4.67351279e+01 1.07292154e+01
 4.67351279e+01 1.07292154e+01
 4.67351279e+01 1.07292154e+01
 4.67351279e+01 1.07292154e+01
 4.67351279e+01 1.07292154e+01
 4.67351279e+01 1.07292154e+01
 4.67351279e+01 1.07292154e+01
 4.67351279e+01 1.07292154e+01
 4.67351279e+01 1.07292154e+01
 4.67351279e+01 1.07292154e+01
 4.67351279e+01 1.07292154e+01
 4.67351279e+01 1.07292154e+01
