 0.00000000e+00 0.00000000e+00
 0.00000000e+00 0.00000000e+00
 0.00000000e+00 0.00000000e+00
 0.00000000e+00 0.00000000e+00
 -3.07801523e-07 5.77828452e-02
 -3.37930798e-06 1.26381354e-01
 -2.75891769e-05 1.96737908e-01
 -1.78911613e-04 2.59549241e-01
 -9.32753867e-04 3.06389317e-01
 -3.94549155e-03 3.27534919e-01
 -1.36872296e-02 3.08279205e-01
 -3.94584641e-02 2.26930538e-01
 -9.60538175e-02 5.61875974e-02
 -2.01188337e-01 -2.33281334e-01
 -3.70308481e-01 -6.69317686e-01
 -6.12317318e-01 -1.27578917e+00
 -9.28863072e-01 -2.07052659e+00
 -1.31580109e+00 -3.06255279e+00
 -1.76360135e+00 -4.24823216e+00
 -2.25590719e+00 -5.60763515e+00
 -2.76845819e+00 -7.10350520e+00
 -3.27064727e+00 -8.68424163e+00
 -3.72968418e+00 -1.02899766e+01
 -4.11537586e+00 -1.18593093e+01
 -4.40338609e+00 -1.33346052e+01
 -4.57590016e+00 -1.46651998e+01
 -4.61989811e+00 -1.58090369e+01
 -4.52460147e+00 -1.67334999e+01
 -4.28036977e+00 -1.74156546e+01
 -3.87993447e+00 -1.78416837e+01
 -3.32043027e+00 -1.80055089e+01
 -2.60426288e+00 -1.79071968e+01
 -1.73857654e+00 -1.75520125e+01
 -7.34264032e-01 -1.69505722e+01
 3.94853909e-01 -1.61198231e+01
 1.63251875e+00 -1.50841348e+01
 2.96000012e+00 -1.38758370e+01
 4.35546887e+00 -1.25348127e+01
 5.79323209e+00 -1.11070462e+01
 7.24360759e+00 -9.64227415e+00
 8.67387913e+00 -8.19104824e+00
 1.00500117e+01 -6.80151015e+00
 1.13384365e+01 -5.51612376e+00
 1.25077636e+01 -4.36871121e+00
 1.35309836e+01 -3.38239391e+00
 1.43884505e+01 -2.56899812e+00
 1.50708988e+01 -1.92984902e+00
 1.55811785e+01 -1.45735674e+00
 1.59337424e+01 -1.13725669e+00
 1.61515181e+01 -9.52053888e-01
 1.62603078e+01 -8.85590156e-01
 1.62820373e+01 -9.27131152e-01
 1.62297671e+01 -1.07318838e+00
 1.61069042e+01 -1.32708032e+00
 1.59098723e+01 -1.69773580e+00
 1.56311981e+01 -2.19859742e+00
 1.52610753e+01 -2.84612618e+00
 1.47877630e+01 -3.65760301e+00
 1.41978610e+01 -4.64909637e+00
 1.34768136e+01 -5.83447707e+00
 1.26093456e+01 -7.22507516e+00
 1.15795130e+01 -8.82888751e+00
 1.03705365e+01 -1.06490364e+01
 8.96511549e+00 -1.26822260e+01
 7.34674871e+00 -1.49180838e+01
 5.50171555e+00 -1.73398330e+01
 3.42085008e+00 -1.99262984e+01
 1.10059247e+00 -2.26547453e+01
 -1.45650031e+00 -2.55034427e+01
 -4.24101766e+00 -2.84525640e+01
 -7.23486296e+00 -3.14826325e+01
 -1.04083655e+01 -3.45712348e+01
 -1.37178601e+01 -3.76899425e+01
 -1.71057585e+01 -4.08028095e+01
 -2.05038545e+01 -4.38661513e+01
 -2.38385132e+01 -4.68287764e+01
 -2.70352278e+01 -4.96327699e+01
 -3.00209892e+01 -5.22156353e+01
 -3.27255959e+01 -5.45141747e+01
 -3.50847733e+01 -5.64695336e+01
 -3.70461763e+01 -5.80321421e+01
 -3.85756334e+01 -5.91655349e+01
 -3.96604528e+01 -5.98495393e+01
 -4.03109183e+01 -6.00853091e+01
 -4.05645484e+01 -5.99047185e+01
 -4.04932313e+01 -5.93812938e+01
 -4.02030958e+01 -5.86304271e+01
 -3.98148187e+01 -5.77857324e+01
 -3.94282939e+01 -5.69573297e+01
 -3.90955124e+01 -5.62003577e+01
 -3.88215596e+01 -5.55166106e+01
 -3.85874994e+01 -5.48814284e+01
 -3.83729981e+01 -5.42698008e+01
 -3.81657459e+01 -5.36668493e+01
 -3.79605604e+01 -5.30663615e+01
 -3.77558317e+01 -5.24664167e+01
 -3.75511814e+01 -5.18665650e+01
 -3.73465416e+01 -5.12667259e+01
 -3.71419032e+01 -5.06668890e+01
 -3.69372676e+01 -5.00670600e+01
 -3.67326525e+01 -4.94672911e+01
 -3.65281593e+01 -4.88678793e+01
 -3.63242351e+01 -4.82701355e+01
 -3.61223998e+01 -4.76785149e+01
 -3.59266023e+01 -4.71045922e+01
 -3.57445630e+01 -4.65709975e+01
 -3.55872740e+01 -4.61099512e+01
 -3.54651729e+01 -4.57520477e+01
 -3.54651729e+01 -4.57520477e+01
 -3.54651729e+01 -4.57520477e+01
 -3.54651729e+01 -4.57520477e+01
 -3.54651729e+01 -4.57520477e+01
 -3.54651729e+01 -4.57520477e+01
 -3.54651729e+01 -4.57520477e+01
 -3.54651729e+01 -4.57520477e+01
 -3.54651729e+01 -4.57520477e+01
 -3.54651729e+01 -4.57520477e+01
 -3.54651729e+01 -4.57520477e+01
 -3.54651729e+01 -4.57520477e+01
 -3.54651729e+01 -4.57520477e+01
 -3.54651729e+01 -4.57520477e+01
 -3.54651729e+01 -4.57520477e+01
 -3.54651729e+01 -4.57520477e+01
 -3.54651729e+01 -4.57520477e+01
 -3.54651729e+01 -4.57520477e+01
 -3.54651729e+01 -4.57520477e+01
 -3.54651729e+01 -4.57520477e+01
 -3.54651729e+01 -4.57520477e+01
 -3.54651729e+01 -4.57520477e+01
 -3.54651729e+01 -4.57520477e+01
 -3.54651729e+01 -4.57520477e+01
 -3.54651729e+01 -4.57520477e+01
 -3.54651729e+01 -4.57520477e+01
 -3.54651729e+01 -4.57520477e+01
 -3.54651729e+01 -4.57520477e+01
 -3.54651729e+01 -4.57520477e+01
 -3.54651729e+01 -4.57520477e+01
 -3.54651729e+01 -4.57520477e+01
 -3.54651729e+01 -4.57520477e+01
 -3.54651729e+01 -4.57520477e+01
 -3.54651729e+01 -4.57520477e+01
 -3.54651729e+01 -4.57520477e+01
 -3.54651729e+01 -4.57520477e+01
 -3.54651729e+01 -4.57520477e+01
 -3.54651729e+01 -4.57520477e+01
 -3.54651729e+01 -4.57520477e+01
 -3.54651729e+01 -4.57520477e+01
 -3.54651729e+01 -4.57520477e+01
 -3.54651729e+01 -4.57520477e+01
 -3.54651729e+01 -4.57520477e+01
 -3.54651729e+01 -4.57520477e+01
 -3.54651729e+01 -4.57520477e+01
 -3.54651729e+01 -4.57520477e+01
 -3.54651729e+01 -4.57520477e+01
 -3.54651729e+01 -4.57520477e+01
 -3.54651729e+01 -4.57520477e+01
 -3.54651729e+01 -4.57520477e+01
 -3.54651729e+01 -4.57520477e+01
 -3.54651729e+01 -4.57520477e+01
 -3.54651729e+01 -4.57520477e+01
 -3.54651729e+01 -4.57520477e+01
 -3.54651729e+01 -4.57520477e+01
 -3.54651729e+01 -4.57520477e+01
