 0.00000000e+00 0.00000000e+00
 0.00000000e+00 0.00000000e+00
 0.00000000e+00 0.00000000e+00
 0.00000000e+00 0.00000000e+00
 -6.53302558e-02 9.72900531e-02
 -1.62199090e-01 2.10354868e-01
 -2.87912818e-01 3.23152457e-01
 -4.35573847e-01 4.20949073e-01
 -5.98200846e-01 4.93552822e-01
 -7.71574781e-01 5.33317895e-01
 -9.54878456e-01 5.30652579e-01
 -1.15008756e+00 4.71276434e-01
 -1.36102519e+00 3.36912745e-01
 -1.59245778e+00 1.07588704e-01
 -1.84939797e+00 -2.36777938e-01
 -2.13650326e+00 -7.15655462e-01
 -2.45725131e+00 -1.34670053e+00
 -2.81281982e+00 -2.14308527e+00
 -3.20092234e+00 -3.10957317e+00
 -3.61483791e+00 -4.23886913e+00
 -4.04282588e+00 -5.51007477e+00
 -4.46828911e+00 -6.88980238e+00
 -4.87103784e+00 -8.33500045e+00
 -5.22946790e+00 -9.79641125e+00
 -5.52290323e+00 -1.12224213e+01
 -5.73350231e+00 -1.25634462e+01
 -5.84767563e+00 -1.37764144e+01
 -5.85691719e+00 -1.48281150e+01
 -5.75739267e+00 -1.56961289e+01
 -5.54774543e+00 -1.63671014e+01
 -5.22576387e+00 -1.68334893e+01
 -4.78561294e+00 -1.70904184e+01
 -4.21704026e+00 -1.71335433e+01
 -3.50659004e+00 -1.69580577e+01
 -2.63983569e+00 -1.65591235e+01
 -1.60389682e+00 -1.59339718e+01
 -3.90404149e-01 -1.50851184e+01
 1.00078700e+00 -1.40236124e+01
 2.55796120e+00 -1.27713483e+01
 4.25594701e+00 -1.13615026e+01
 6.05783285e+00 -9.83636138e+00
 7.91897913e+00 -8.24298290e+00
 9.79097906e+00 -6.62862249e+00
 1.16243109e+01 -5.03793868e+00
 1.33703669e+01 -3.51226582e+00
 1.49841205e+01 -2.08928989e+00
 1.64276534e+01 -8.01406924e-01
 1.76735137e+01 3.27031757e-01
 1.87065397e+01 1.28170119e+00
 1.95233624e+01 2.05803829e+00
 2.01298691e+01 2.65903134e+00
 2.05379648e+01 3.09247681e+00
 2.07631348e+01 3.36892475e+00
 2.08232680e+01 3.50087463e+00
 2.07381016e+01 3.50306425e+00
 2.05285788e+01 3.39277569e+00
 2.02160797e+01 3.18888095e+00
 1.98221244e+01 2.90984782e+00
 1.93690449e+01 2.57249125e+00
 1.88809675e+01 2.19244431e+00
 1.83835063e+01 1.78508569e+00
 1.79013440e+01 1.36497407e+00
 1.74546397e+01 9.43305403e-01
 1.70560908e+01 5.24729212e-01
 1.67099331e+01 1.05445925e-01
 1.64128000e+01 -3.26511038e-01
 1.61552887e+01 -7.89538944e-01
 1.59232235e+01 -1.30654689e+00
 1.56984963e+01 -1.90316082e+00
 1.54598105e+01 -2.60538182e+00
 1.51836096e+01 -3.43628627e+00
 1.48454625e+01 -4.41237779e+00
 1.44219171e+01 -5.54087956e+00
 1.38921400e+01 -6.81908543e+00
 1.32383845e+01 -8.23597823e+00
 1.24450043e+01 -9.77522932e+00
 1.14966040e+01 -1.14182457e+01
 1.03762158e+01 -1.31465801e+01
 9.06427894e+00 -1.49441666e+01
 7.53887265e+00 -1.68001131e+01
 5.77703780e+00 -1.87115594e+01
 3.75656543e+00 -2.06847955e+01
 1.45803238e+00 -2.27332440e+01
 -1.13223696e+00 -2.48726462e+01
 -4.01741824e+00 -2.71149141e+01
 -7.18403194e+00 -2.94620083e+01
 -1.05966100e+01 -3.19007906e+01
 -1.41958034e+01 -3.43996657e+01
 -1.79006943e+01 -3.69078415e+01
 -2.16138774e+01 -3.93578018e+01
 -2.52276655e+01 -4.16708100e+01
 -2.86312721e+01 -4.37643747e+01
 -3.17197781e+01 -4.55605382e+01
 -3.44051830e+01 -4.69949063e+01
 -3.66295472e+01 -4.80277117e+01
 -3.83804333e+01 -4.86578414e+01
 -3.97052587e+01 -4.89358365e+01
 -4.07123527e+01 -4.89638004e+01
 -4.15448798e+01 -4.88703769e+01
 -4.23329644e+01 -4.87673703e+01
 -4.31540819e+01 -4.87159571e+01
 -4.40281607e+01 -4.87253063e+01
 -4.49419487e+01 -4.87768544e+01
 -4.58761107e+01 -4.88493356e+01
 -4.68180164e+01 -4.89296285e+01
 -4.77621644e+01 -4.90121581e+01
 -4.87068128e+01 -4.90951835e+01
 -4.96515480e+01 -4.91782943e+01
 -5.05962946e+01 -4.92614166e+01
 -5.15410413e+01 -4.93445400e+01
 -5.24857755e+01 -4.94276623e+01
 -5.34304153e+01 -4.95107764e+01
 -5.43744925e+01 -4.95938409e+01
 -5.53159427e+01 -4.96766743e+01
 -5.62477486e+01 -4.97586592e+01
 -5.71516804e+01 -4.98381916e+01
 -5.79920953e+01 -4.99121354e+01
 -5.87182461e+01 -4.99760257e+01
 -5.92819462e+01 -5.00256228e+01
 -5.92819462e+01 -5.00256228e+01
 -5.92819462e+01 -5.00256228e+01
 -5.92819462e+01 -5.00256228e+01
 -5.92819462e+01 -5.00256228e+01
 -5.92819462e+01 -5.00256228e+01
 -5.92819462e+01 -5.00256228e+01
 -5.92819462e+01 -5.00256228e+01
 -5.92819462e+01 -5.00256228e+01
 -5.92819462e+01 -5.00256228e+01
 -5.92819462e+01 -5.00256228e+01
 -5.92819462e+01 -5.00256228e+01
 -5.92819462e+01 -5.00256228e+01
 -5.92819462e+01 -5.00256228e+01
 -5.92819462e+01 -5.00256228e+01
 -5.92819462e+01 -5.00256228e+01
 -5.92819462e+01 -5.00256228e+01
 -5.92819462e+01 -5.00256228e+01
 -5.92819462e+01 -5.00256228e+01
 -5.92819462e+01 -5.00256228e+01
 -5.92819462e+01 -5.00256228e+01
 -5.92819462e+01 -5.00256228e+01
 -5.92819462e+01 -5.00256228e+01
 -5.92819462e+01 -5.00256228e+01
 -5.92819462e+01 -5.00256228e+01
 -5.92819462e+01 -5.00256228e+01
 -5.92819462e+01 -5.00256228e+01
 -5.92819462e+01 -5.00256228e+01
 -5.92819462e+01 -5.00256228e+01
 -5.92819462e+01 -5.00256228e+01
 -5.92819462e+01 -5.00256228e+01
 -5.92819462e+01 -5.00256228e+01
 -5.92819462e+01 -5.00256228e+01
 -5.92819462e+01 -5.00256228e+01
 -5.92819462e+01 -5.00256228e+01
 -5.92819462e+01 -5.00256228e+01
 -5.92819462e+01 -5.00256228e+01
 -5.92819462e+01 -5.00256228e+01
 -5.92819462e+01 -5.00256228e+01
 -5.92819462e+01 -5.00256228e+01
 -5.92819462e+01 -5.00256228e+01
 -5.92819462e+01 -5.00256228e+01
 -5.92819462e+01 -5.00256228e+01
 -5.92819462e+01 -5.00256228e+01
 -5.92819462e+01 -5.00256228e+01
