 0.00000000e+00 0.00000000e+00
 0.00000000e+00 0.00000000e+00
 0.00000000e+00 0.00000000e+00
 0.00000000e+00 0.00000000e+00
 0.00000000e+00 0.00000000e+00
 0.00000000e+00 0.00000000e+00
 0.00000000e+00 0.00000000e+00
 0.00000000e+00 0.00000000e+00
 0.00000000e+00 0.00000000e+00
 0.00000000e+00 0.00000000e+00
 0.00000000e+00 0.00000000e+00
 0.00000000e+00 0.00000000e+00
 0.00000000e+00 0.00000000e+00
 0.00000000e+00 0.00000000e+00
 6.78971807e-02 6.23927648e-02
 1.44310770e-01 1.25155572e-01
 2.14971290e-01 1.68007643e-01
 2.64161526e-01 1.66191352e-01
 2.75753172e-01 8.99448860e-02
 2.33019269e-01 -9.65377585e-02
 1.19835029e-01 -4.32322768e-01
 -7.71930979e-02 -9.53517251e-01
 -3.67810768e-01 -1.68793474e+00
 -7.58702930e-01 -2.65265064e+00
 -1.25425211e+00 -3.85266455e+00
 -1.85662230e+00 -5.27940264e+00
 -2.56542962e+00 -6.91078641e+00
 -3.37793080e+00 -8.71525139e+00
 -4.29057345e+00 -1.06593654e+01
 -5.30144923e+00 -1.27152393e+01
 -6.41144962e+00 -1.48631985e+01
 -7.62202810e+00 -1.70886205e+01
 -8.93033790e+00 -1.93766223e+01
 -1.03254224e+01 -2.17093057e+01
 -1.17884183e+01 -2.40664143e+01
 -1.32957478e+01 -2.64262949e+01
 -1.48214782e+01 -2.87644495e+01
 -1.63366793e+01 -3.10505697e+01
 -1.78079100e+01 -3.32475146e+01
 -1.91987896e+01 -3.53146940e+01
 -2.04754870e+01 -3.72146163e+01
 -2.16125132e+01 -3.89184642e+01
 -2.25947714e+01 -4.04076040e+01
 -2.34155825e+01 -4.16718403e+01
 -2.40737368e+01 -4.27075684e+01
 -2.45723056e+01 -4.35176529e+01
 -2.49192431e+01 -4.41122536e+01
 -2.51278457e+01 -4.45086632e+01
 -2.52154464e+01 -4.47287479e+01
 -2.52005699e+01 -4.47940238e+01
 -2.51001682e+01 -4.47202196e+01
 -2.49281992e+01 -4.45141952e+01
 -2.46956243e+01 -4.41749870e+01
 -2.44113130e+01 -4.36980782e+01
 -2.40831503e+01 -4.30800939e+01
 -2.37185092e+01 -4.23215475e+01
 -2.33236955e+01 -4.14273127e+01
 -2.29027768e+01 -4.04060844e+01
 -2.24564686e+01 -3.92699630e+01
 -2.19815501e+01 -3.80341085e+01
 -2.14711336e+01 -3.67157810e+01
 -2.09159327e+01 -3.53327506e+01
 -2.03062336e+01 -3.39021134e+01
 -1.96339573e+01 -3.24405351e+01
 -1.88943126e+01 -3.09656309e+01
 -1.80867812e+01 -2.94971204e+01
 -1.72152890e+01 -2.80568486e+01
 -1.62877023e+01 -2.66678448e+01
 -1.53151353e+01 -2.53528668e+01
 -1.43113216e+01 -2.41326368e+01
 -1.32917171e+01 -2.30241513e+01
 -1.22720272e+01 -2.20396409e+01
 -1.12664878e+01 -2.11863097e+01
 -1.02865344e+01 -2.04665005e+01
 -9.34011080e+00 -1.98781043e+01
 -8.43143084e+00 -1.94153033e+01
 -7.56110376e+00 -1.90694762e+01
 -6.72686189e+00 -1.88298350e+01
 -5.92500353e+00 -1.86838879e+01
 -5.15223209e+00 -1.86185377e+01
 -4.40750149e+00 -1.86221736e+01
 -3.69370813e+00 -1.86867374e+01
 -3.01900897e+00 -1.88084499e+01
 -2.39715183e+00 -1.89872314e+01
 -1.84616259e+00 -1.92258905e+01
 -1.38557020e+00 -1.95295811e+01
 -1.03342321e+00 -1.99050688e+01
 -8.04293309e-01 -2.03593959e+01
 -7.08118140e-01 -2.08982229e+01
 -7.48848341e-01 -2.15243516e+01
 -9.22841967e-01 -2.22365431e+01
 -1.21840734e+00 -2.30284570e+01
 -1.61735644e+00 -2.38878473e+01
 -2.09763752e+00 -2.47966908e+01
 -2.63598586e+00 -2.57328413e+01
 -3.21075132e+00 -2.66729219e+01
 -3.80493139e+00 -2.75953624e+01
 -4.40830449e+00 -2.84825844e+01
 -5.01786194e+00 -2.93220859e+01
 -5.63720912e+00 -3.01068008e+01
 -6.27594869e+00 -3.08351918e+01
 -6.94891919e+00 -3.15111782e+01
 -7.67435675e+00 -3.21435672e+01
 -8.47068647e+00 -3.27446053e+01
 -9.35288298e+00 -3.33277379e+01
 -1.03297552e+01 -3.39052458e+01
 -1.14027845e+01 -3.44865506e+01
 -1.25661185e+01 -3.50774242e+01
 -1.38068622e+01 -3.56795707e+01
 -1.51050152e+01 -3.62899226e+01
 -1.64330024e+01 -3.68997741e+01
 -1.77556848e+01 -3.74947538e+01
 -1.90323776e+01 -3.80564405e+01
 -2.02214172e+01 -3.85651416e+01
 -2.12855159e+01 -3.90024206e+01
 -2.21955249e+01 -3.93526552e+01
 -2.29330383e+01 -3.96046952e+01
 -2.34949342e+01 -3.97553842e+01
 -2.38999653e+01 -3.98145082e+01
 -2.41904983e+01 -3.98068276e+01
 -2.44218269e+01 -3.97662756e+01
 -2.46423912e+01 -3.97235823e+01
 -2.48789400e+01 -3.96959026e+01
 -2.51364794e+01 -3.96857896e+01
 -2.54087331e+01 -3.96878794e+01
 -2.56882146e+01 -3.96960283e+01
 -2.59703533e+01 -3.97064404e+01
 -2.62532411e+01 -3.97175009e+01
 -2.65362925e+01 -3.97287054e+01
 -2.68193718e+01 -3.97399346e+01
 -2.71024547e+01 -3.97511671e+01
 -2.73855377e+01 -3.97624000e+01
 -2.76686169e+01 -3.97736327e+01
 -2.79516678e+01 -3.97848644e+01
 -2.82345501e+01 -3.97960893e+01
 -2.85166453e+01 -3.98072830e+01
 -2.87958507e+01 -3.98183620e+01
 -2.90667039e+01 -3.98291097e+01
 -2.93185250e+01 -3.98391021e+01
 -2.95361081e+01 -3.98477359e+01
 -2.97050146e+01 -3.98544382e+01
 -2.97050146e+01 -3.98544382e+01
 -2.97050146e+01 -3.98544382e+01
 -2.97050146e+01 -3.98544382e+01
 -2.97050146e+01 -3.98544382e+01
 -2.97050146e+01 -3.98544382e+01
 -2.97050146e+01 -3.98544382e+01
 -2.97050146e+01 -3.98544382e+01
 -2.97050146e+01 -3.98544382e+01
 -2.97050146e+01 -3.98544382e+01
 -2.97050146e+01 -3.98544382e+01
 -2.97050146e+01 -3.98544382e+01
 -2.97050146e+01 -3.98544382e+01
 -2.97050146e+01 -3.98544382e+01
 -2.97050146e+01 -3.98544382e+01
 -2.97050146e+01 -3.98544382e+01
 -2.97050146e+01 -3.98544382e+01
 -2.97050146e+01 -3.98544382e+01
 -2.97050146e+01 -3.98544382e+01
 -2.97050146e+01 -3.98544382e+01
 -2.97050146e+01 -3.98544382e+01
 -2.97050146e+01 -3.98544382e+01
 -2.97050146e+01 -3.98544382e+01
 -2.97050146e+01 -3.98544382e+01
 -2.97050146e+01 -3.98544382e+01
 -2.97050146e+01 -3.98544382e+01
 -2.97050146e+01 -3.98544382e+01
 -2.97050146e+01 -3.98544382e+01
 -2.97050146e+01 -3.98544382e+01
 -2.97050146e+01 -3.98544382e+01
 -2.97050146e+01 -3.98544382e+01
 -2.97050146e+01 -3.98544382e+01
 -2.97050146e+01 -3.98544382e+01
 -2.97050146e+01 -3.98544382e+01
