 0.00000000e+00 0.00000000e+00
 0.00000000e+00 0.00000000e+00
 0.00000000e+00 0.00000000e+00
 0.00000000e+00 0.00000000e+00
 1.96189053e-02 -4.47008556e-03
 3.64069043e-02 -3.91619441e-02
 4.55905728e-02 -1.30353487e-01
 4.22757937e-02 -3.08989644e-01
 1.87658671e-02 -6.07247738e-01
 -3.71867727e-02 -1.05495666e+00
 -1.39722851e-01 -1.67593268e+00
 -2.98632281e-01 -2.48420789e+00
 -5.14062945e-01 -3.48030009e+00
 -7.75271633e-01 -4.64833438e+00
 -1.06226869e+00 -5.95567436e+00
 -1.34808094e+00 -7.35626675e+00
 -1.60150932e+00 -8.79659911e+00
 -1.79103265e+00 -1.02213710e+01
 -1.88893002e+00 -1.15771898e+01
 -1.87403589e+00 -1.28152771e+01
 -1.73289988e+00 -1.38944204e+01
 -1.45993872e+00 -1.47829735e+01
 -1.05610670e+00 -1.54576576e+01
 -5.25108703e-01 -1.58995202e+01
 1.31718175e-01 -1.60907777e+01
 9.18456864e-01 -1.60160074e+01
 1.84332139e+00 -1.56669361e+01
 2.91430725e+00 -1.50465107e+01
 4.13488090e+00 -1.41692649e+01
 5.50135684e+00 -1.30592037e+01
 7.00136665e+00 -1.17480695e+01
 8.61242036e+00 -1.02748291e+01
 1.03008764e+01 -8.68509266e+00
 1.20226876e+01 -7.02921784e+00
 1.37267843e+01 -5.35915711e+00
 1.53605368e+01 -3.72501977e+00
 1.68757954e+01 -2.17219418e+00
 1.82339751e+01 -7.39289575e-01
 1.94091072e+01 5.43216150e-01
 2.03885320e+01 1.65388452e+00
 2.11718002e+01 2.58098499e+00
 2.17687180e+01 3.32278074e+00
 2.21970271e+01 3.88704516e+00
 2.24796523e+01 4.28955562e+00
 2.26414388e+01 4.55144900e+00
 2.27058389e+01 4.69554890e+00
 2.26926047e+01 4.74268743e+00
 2.26173194e+01 4.70981820e+00
 2.24923296e+01 4.61064045e+00
 2.23278500e+01 4.45733876e+00
 2.21328035e+01 4.26169337e+00
 2.19159065e+01 4.03539370e+00
 2.16869935e+01 3.79033239e+00
 2.14575704e+01 3.53907017e+00
 2.12399041e+01 3.29490340e+00
 2.10452544e+01 3.07097855e+00
 2.08822592e+01 2.87852906e+00
 2.07556202e+01 2.72493749e+00
 2.06648137e+01 2.61240668e+00
 2.06036261e+01 2.53765770e+00
 2.05621412e+01 2.49268259e+00
 2.05310000e+01 2.46620074e+00
 2.05046360e+01 2.44506911e+00
 2.04803056e+01 2.41495404e+00
 2.04540611e+01 2.36028493e+00
 2.04181357e+01 2.26406386e+00
 2.03622327e+01 2.10791691e+00
 2.02767051e+01 1.87243822e+00
 2.01541134e+01 1.53787957e+00
 1.99882801e+01 1.08525967e+00
 1.97728691e+01 4.97825901e-01
 1.95014361e+01 -2.37377585e-01
 1.91687774e+01 -1.12829426e+00
 1.87719925e+01 -2.17751914e+00
 1.83100658e+01 -3.38297275e+00
 1.77821499e+01 -4.73912668e+00
 1.71856052e+01 -6.23820028e+00
 1.65145030e+01 -7.87103602e+00
 1.57585175e+01 -9.62751146e+00
 1.49019593e+01 -1.14964885e+01
 1.39230938e+01 -1.34657515e+01
 1.27944011e+01 -1.55225514e+01
 1.14846718e+01 -1.76546444e+01
 9.96336957e+00 -1.98507381e+01
 8.20663631e+00 -2.20992598e+01
 6.20345347e+00 -2.43855992e+01
 3.96028986e+00 -2.66892504e+01
 1.50311416e+00 -2.89821734e+01
 -1.12330639e+00 -3.12285743e+01
 -3.85803761e+00 -3.33858040e+01
 -6.62781039e+00 -3.54064879e+01
 -9.35208260e+00 -3.72421001e+01
 -1.19497009e+01 -3.88474764e+01
 -1.43466436e+01 -4.01851111e+01
 -1.64829173e+01 -4.12283081e+01
 -1.83164920e+01 -4.19630482e+01
 -1.98237474e+01 -4.23888737e+01
 -2.09977581e+01 -4.25189213e+01
 -2.18463966e+01 -4.23791205e+01
 -2.23918308e+01 -4.20069226e+01
 -2.26720883e+01 -4.14500849e+01
 -2.27432387e+01 -4.07649710e+01
 -2.26771281e+01 -4.00118559e+01
 -2.25491768e+01 -3.92450956e+01
 -2.24190319e+01 -3.85012865e+01
 -2.23169975e+01 -3.77935851e+01
 -2.22462996e+01 -3.71168902e+01
 -2.21967685e+01 -3.64591463e+01
 -2.21575310e+01 -3.58101603e+01
 -2.21220750e+01 -3.51642987e+01
 -2.20876882e+01 -3.45193046e+01
 -2.20535357e+01 -3.38744986e+01
 -2.20194234e+01 -3.32297244e+01
 -2.19853163e+01 -3.25849546e+01
 -2.19512099e+01 -3.19401861e+01
 -2.19171040e+01 -3.12954262e+01
 -2.18830015e+01 -3.06507307e+01
 -2.18489193e+01 -3.00064192e+01
 -2.18149319e+01 -2.93639005e+01
 -2.17812927e+01 -2.87279639e+01
 -2.17486598e+01 -2.81110507e+01
 -2.17183199e+01 -2.75374863e+01
 -2.16921050e+01 -2.70419047e+01
 -2.16717549e+01 -2.66571920e+01
 -2.16717549e+01 -2.66571920e+01
 -2.16717549e+01 -2.66571920e+01
 -2.16717549e+01 -2.66571920e+01
 -2.16717549e+01 -2.66571920e+01
 -2.16717549e+01 -2.66571920e+01
 -2.16717549e+01 -2.66571920e+01
 -2.16717549e+01 -2.66571920e+01
 -2.16717549e+01 -2.66571920e+01
 -2.16717549e+01 -2.66571920e+01
 -2.16717549e+01 -2.66571920e+01
 -2.16717549e+01 -2.66571920e+01
 -2.16717549e+01 -2.66571920e+01
 -2.16717549e+01 -2.66571920e+01
 -2.16717549e+01 -2.66571920e+01
 -2.16717549e+01 -2.66571920e+01
 -2.16717549e+01 -2.66571920e+01
 -2.16717549e+01 -2.66571920e+01
 -2.16717549e+01 -2.66571920e+01
 -2.16717549e+01 -2.66571920e+01
 -2.16717549e+01 -2.66571920e+01
 -2.16717549e+01 -2.66571920e+01
 -2.16717549e+01 -2.66571920e+01
 -2.16717549e+01 -2.66571920e+01
 -2.16717549e+01 -2.66571920e+01
 -2.16717549e+01 -2.66571920e+01
 -2.16717549e+01 -2.66571920e+01
 -2.16717549e+01 -2.66571920e+01
 -2.16717549e+01 -2.66571920e+01
 -2.16717549e+01 -2.66571920e+01
 -2.16717549e+01 -2.66571920e+01
 -2.16717549e+01 -2.66571920e+01
 -2.16717549e+01 -2.66571920e+01
 -2.16717549e+01 -2.66571920e+01
 -2.16717549e+01 -2.66571920e+01
 -2.16717549e+01 -2.66571920e+01
 -2.16717549e+01 -2.66571920e+01
 -2.16717549e+01 -2.66571920e+01
 -2.16717549e+01 -2.66571920e+01
 -2.16717549e+01 -2.66571920e+01
