 0.00000000e+00 0.00000000e+00
 0.00000000e+00 0.00000000e+00
 0.00000000e+00 0.00000000e+00
 0.00000000e+00 0.00000000e+00
 2.07181458e-02 1.36950494e-01
 4.28577400e-02 2.94818156e-01
 5.87085124e-02 4.48065925e-01
 5.93104170e-02 5.71169440e-01
 3.53186711e-02 6.43334288e-01
 -2.32788102e-02 6.46756331e-01
 -1.26802963e-01 5.62189479e-01
 -2.84391947e-01 3.66585368e-01
 -5.02587313e-01 3.45974755e-02
 -7.84717916e-01 -4.57539637e-01
 -1.13065183e+00 -1.12811858e+00
 -1.53644523e+00 -1.98707791e+00
 -1.99397803e+00 -3.03398040e+00
 -2.49098365e+00 -4.25692826e+00
 -3.01178014e+00 -5.63306900e+00
 -3.53848704e+00 -7.13089667e+00
 -4.05195256e+00 -8.71328873e+00
 -4.53181898e+00 -1.03398293e+01
 -4.95627094e+00 -1.19682512e+01
 -5.30286987e+00 -1.35560585e+01
 -5.55107634e+00 -1.50628425e+01
 -5.68508580e+00 -1.64524759e+01
 -5.69485766e+00 -1.76941352e+01
 -5.57488854e+00 -1.87620799e+01
 -5.32237249e+00 -1.96350912e+01
 -4.93636997e+00 -2.02963870e+01
 -4.41784971e+00 -2.07338450e+01
 -3.76937208e+00 -2.09398750e+01
 -2.99383372e+00 -2.09109818e+01
 -2.09304076e+00 -2.06476922e+01
 -1.06745983e+00 -2.01550294e+01
 8.22067391e-02 -1.94430079e+01
 1.35225096e+00 -1.85267965e+01
 2.73330787e+00 -1.74267808e+01
 4.20885919e+00 -1.61687713e+01
 5.75517844e+00 -1.47840458e+01
 7.34233004e+00 -1.33085269e+01
 8.93564779e+00 -1.17808144e+01
 1.04975072e+01 -1.02398571e+01
 1.19895521e+01 -8.72362502e+00
 1.33753008e+01 -7.26908683e+00
 1.46227293e+01 -5.91194373e+00
 1.57065848e+01 -4.68441213e+00
 1.66103855e+01 -3.61151705e+00
 1.73278469e+01 -2.70817135e+00
 1.78632834e+01 -1.97854094e+00
 1.82306597e+01 -1.41724884e+00
 1.84510673e+01 -1.01135342e+00
 1.85487613e+01 -7.42776664e-01
 1.85471037e+01 -5.91276026e-01
 1.84665519e+01 -5.37355418e-01
 1.83252539e+01 -5.63737062e-01
 1.81403869e+01 -6.54804369e-01
 1.79284393e+01 -7.95318304e-01
 1.77046851e+01 -9.70084758e-01
 1.74829012e+01 -1.16456228e+00
 1.72754452e+01 -1.36538245e+00
 1.70929420e+01 -1.56071943e+00
 1.69429448e+01 -1.74141080e+00
 1.68280647e+01 -1.90318831e+00
 1.67451554e+01 -2.04920051e+00
 1.66863039e+01 -2.19148701e+00
 1.66403657e+01 -2.35047815e+00
 1.65937579e+01 -2.55253731e+00
 1.65308960e+01 -2.82644629e+00
 1.64349766e+01 -3.20002955e+00
 1.62890124e+01 -3.69758004e+00
 1.60768879e+01 -4.33784894e+00
 1.57840632e+01 -5.13213260e+00
 1.53973427e+01 -6.08284291e+00
 1.49040545e+01 -7.18381447e+00
 1.42917936e+01 -8.42302830e+00
 1.35489379e+01 -9.78664344e+00
 1.26648881e+01 -1.12622791e+01
 1.16292137e+01 -1.28405788e+01
 1.04300531e+01 -1.45157302e+01
 9.05279064e+00 -1.62857498e+01
 7.47984066e+00 -1.81522532e+01
 5.69198052e+00 -2.01189521e+01
 3.67151320e+00 -2.21889063e+01
 1.40695385e+00 -2.43616342e+01
 -1.10244057e+00 -2.66313465e+01
 -3.84445464e+00 -2.89864961e+01
 -6.79413323e+00 -3.14095092e+01
 -9.91389891e+00 -3.38754443e+01
 -1.31514324e+01 -3.63496551e+01
 -1.64368851e+01 -3.87859531e+01
 -1.96837347e+01 -4.11269095e+01
 -2.27956885e+01 -4.33068860e+01
 -2.56771082e+01 -4.52571071e+01
 -2.82417222e+01 -4.69114227e+01
 -3.04168057e+01 -4.82117443e+01
 -3.21449905e+01 -4.91132875e+01
 -3.33884158e+01 -4.95907440e+01
 -3.41379197e+01 -4.96462322e+01
 -3.44254923e+01 -4.93179906e+01
 -3.43332093e+01 -4.86852055e+01
 -3.39874391e+01 -4.78605383e+01
 -3.35300994e+01 -4.69645040e+01
 -3.30760283e+01 -4.60901741e+01
 -3.26834555e+01 -4.52806273e+01
 -3.23572171e+01 -4.45342439e+01
 -3.20755854e+01 -4.38287783e+01
 -3.18156989e+01 -4.31428775e+01
 -3.15638385e+01 -4.24641145e+01
 -3.13142594e+01 -4.17873646e+01
 -3.10651833e+01 -4.11110563e+01
 -3.08161935e+01 -4.04348236e+01
 -3.05672153e+01 -3.97586009e+01
 -3.03182386e+01 -3.90823802e+01
 -3.00692653e+01 -3.84061686e+01
 -2.98203169e+01 -3.77300246e+01
 -2.95715168e+01 -3.70542832e+01
 -2.93234090e+01 -3.63804222e+01
 -2.90778428e+01 -3.57134642e+01
 -2.88396225e+01 -3.50664577e+01
 -2.86181413e+01 -3.44649146e+01
 -2.84267731e+01 -3.39451582e+01
 -2.82782167e+01 -3.35416791e+01
 -2.82782167e+01 -3.35416791e+01
 -2.82782167e+01 -3.35416791e+01
 -2.82782167e+01 -3.35416791e+01
 -2.82782167e+01 -3.35416791e+01
 -2.82782167e+01 -3.35416791e+01
 -2.82782167e+01 -3.35416791e+01
 -2.82782167e+01 -3.35416791e+01
 -2.82782167e+01 -3.35416791e+01
 -2.82782167e+01 -3.35416791e+01
 -2.82782167e+01 -3.35416791e+01
 -2.82782167e+01 -3.35416791e+01
 -2.82782167e+01 -3.35416791e+01
 -2.82782167e+01 -3.35416791e+01
 -2.82782167e+01 -3.35416791e+01
 -2.82782167e+01 -3.35416791e+01
 -2.82782167e+01 -3.35416791e+01
 -2.82782167e+01 -3.35416791e+01
 -2.82782167e+01 -3.35416791e+01
 -2.82782167e+01 -3.35416791e+01
 -2.82782167e+01 -3.35416791e+01
 -2.82782167e+01 -3.35416791e+01
 -2.82782167e+01 -3.35416791e+01
 -2.82782167e+01 -3.35416791e+01
 -2.82782167e+01 -3.35416791e+01
 -2.82782167e+01 -3.35416791e+01
 -2.82782167e+01 -3.35416791e+01
 -2.82782167e+01 -3.35416791e+01
 -2.82782167e+01 -3.35416791e+01
 -2.82782167e+01 -3.35416791e+01
 -2.82782167e+01 -3.35416791e+01
 -2.82782167e+01 -3.35416791e+01
 -2.82782167e+01 -3.35416791e+01
 -2.82782167e+01 -3.35416791e+01
 -2.82782167e+01 -3.35416791e+01
 -2.82782167e+01 -3.35416791e+01
 -2.82782167e+01 -3.35416791e+01
 -2.82782167e+01 -3.35416791e+01
 -2.82782167e+01 -3.35416791e+01
 -2.82782167e+01 -3.35416791e+01
 -2.82782167e+01 -3.35416791e+01
