 0.00000000e+00 0.00000000e+00
 0.00000000e+00 0.00000000e+00
 0.00000000e+00 0.00000000e+00
 0.00000000e+00 0.00000000e+00
 -3.48787582e-02 1.13385063e-02
 -7.30570226e-02 2.33607628e-02
 -1.11616636e-01 3.16546438e-02
 -1.50337495e-01 3.09274829e-02
 -1.92179236e-01 1.53656874e-02
 -2.43209510e-01 -2.17896824e-02
 -3.11812302e-01 -8.87326234e-02
 -4.06898924e-01 -1.95529606e-01
 -5.36088554e-01 -3.54864823e-01
 -7.05293100e-01 -5.82763328e-01
 -9.19879340e-01 -8.98401292e-01
 -1.18590071e+00 -1.32265728e+00
 -1.50987326e+00 -1.87599428e+00
 -1.89739374e+00 -2.57652918e+00
 -2.35215466e+00 -3.43850701e+00
 -2.87593909e+00 -4.47067814e+00
 -3.46853736e+00 -5.67432627e+00
 -4.12652943e+00 -7.04160251e+00
 -4.84124186e+00 -8.55494118e+00
 -5.59704607e+00 -1.01874273e+01
 -6.37085767e+00 -1.19035000e+01
 -7.13297802e+00 -1.36600104e+01
 -7.84912197e+00 -1.54083185e+01
 -8.48362539e+00 -1.70977681e+01
 -9.00352873e+00 -1.86798646e+01
 -9.38211409e+00 -2.01117559e+01
 -9.59998830e+00 -2.13578564e+01
 -9.64350759e+00 -2.23896315e+01
 -9.50285739e+00 -2.31847165e+01
 -9.17194190e+00 -2.37264621e+01
 -8.64916365e+00 -2.40039350e+01
 -7.93683243e+00 -2.40118582e+01
 -7.03957354e+00 -2.37505616e+01
 -5.96439620e+00 -2.32266061e+01
 -4.72347705e+00 -2.24542551e+01
 -3.33763665e+00 -2.14569840e+01
 -1.83766647e+00 -2.02679243e+01
 -2.62465460e-01 -1.89286596e+01
 1.34485487e+00 -1.74864072e+01
 2.94112032e+00 -1.59899603e+01
 4.48652774e+00 -1.44850826e+01
 5.94719913e+00 -1.30105288e+01
 7.29695317e+00 -1.15960427e+01
 8.51833751e+00 -1.02628675e+01
 9.60262199e+00 -9.02589212e+00
 1.05482968e+01 -7.89585954e+00
 1.13584462e+01 -6.88069744e+00
 1.20384339e+01 -5.98608400e+00
 1.25950131e+01 -5.21563630e+00
 1.30365714e+01 -4.57066513e+00
 1.33736107e+01 -4.04929220e+00
 1.36190874e+01 -3.64526968e+00
 1.37884417e+01 -3.34731860e+00
 1.38986619e+01 -3.13956810e+00
 1.39661595e+01 -3.00316586e+00
 1.40047039e+01 -2.91882958e+00
 1.40247657e+01 -2.86963639e+00
 1.40339649e+01 -2.84283374e+00
 1.40375514e+01 -2.83005319e+00
 1.40386961e+01 -2.82668596e+00
 1.40389251e+01 -2.83138873e+00
 1.40386449e+01 -2.84564860e+00
 1.40373874e+01 -2.87296280e+00
 1.40336782e+01 -2.91788606e+00
 1.40250044e+01 -2.98551443e+00
 1.40085642e+01 -3.08150807e+00
 1.39825987e+01 -3.21252290e+00
 1.39467706e+01 -3.38699385e+00
 1.39005361e+01 -3.61586586e+00
 1.38408478e+01 -3.91249828e+00
 1.37613491e+01 -4.29138494e+00
 1.36532178e+01 -4.76625997e+00
 1.35061855e+01 -5.34866920e+00
 1.33087497e+01 -6.04757626e+00
 1.30477164e+01 -6.86943952e+00
 1.27078901e+01 -7.81776137e+00
 1.22726953e+01 -8.89206475e+00
 1.17255874e+01 -1.00874454e+01
 1.10512346e+01 -1.13956193e+01
 1.02357484e+01 -1.28069228e+01
 9.26626203e+00 -1.43119460e+01
 8.13065413e+00 -1.59023328e+01
 6.81780493e+00 -1.75714130e+01
 5.31801267e+00 -1.93150996e+01
 3.62296323e+00 -2.11323119e+01
 1.72529828e+00 -2.30239403e+01
 -3.81334722e-01 -2.49906301e+01
 -2.70083149e+00 -2.70306842e+01
 -5.23170384e+00 -2.91387299e+01
 -7.96358020e+00 -3.13047036e+01
 -1.08744075e+01 -3.35129076e+01
 -1.39292620e+01 -3.57416303e+01
 -1.70810867e+01 -3.79636256e+01
 -2.02732098e+01 -4.01470488e+01
 -2.34429052e+01 -4.22563306e+01
 -2.65247523e+01 -4.42528774e+01
 -2.94530402e+01 -4.60959305e+01
 -3.21637761e+01 -4.77440053e+01
 -3.45973721e+01 -4.91567650e+01
 -3.67021974e+01 -5.02968553e+01
 -3.84386868e+01 -5.11324886e+01
 -3.97851384e+01 -5.16435878e+01
 -4.07476879e+01 -5.18337425e+01
 -4.13729834e+01 -5.17443043e+01
 -4.17523955e+01 -5.14583236e+01
 -4.20036736e+01 -5.10819057e+01
 -4.22326749e+01 -5.07076920e+01
 -4.25006043e+01 -5.03853422e+01
 -4.28202510e+01 -5.01200299e+01
 -4.31771495e+01 -4.98935630e+01
 -4.35528629e+01 -4.96862023e+01
 -4.39356731e+01 -4.94859391e+01
 -4.43205294e+01 -4.92877027e+01
 -4.47058415e+01 -4.90899147e+01
 -4.50912324e+01 -4.88922039e+01
 -4.54766338e+01 -4.86945034e+01
 -4.58620358e+01 -4.84968042e+01
 -4.62474328e+01 -4.82991078e+01
 -4.66327913e+01 -4.81014311e+01
 -4.70179202e+01 -4.79038722e+01
 -4.74019775e+01 -4.77068630e+01
 -4.77821005e+01 -4.75118720e+01
 -4.81508525e+01 -4.73227139e+01
 -4.84936932e+01 -4.71468475e+01
 -4.87899208e+01 -4.69948921e+01
 -4.90198779e+01 -4.68769315e+01
 -4.90198779e+01 -4.68769315e+01
 -4.90198779e+01 -4.68769315e+01
 -4.90198779e+01 -4.68769315e+01
 -4.90198779e+01 -4.68769315e+01
 -4.90198779e+01 -4.68769315e+01
 -4.90198779e+01 -4.68769315e+01
 -4.90198779e+01 -4.68769315e+01
 -4.90198779e+01 -4.68769315e+01
 -4.90198779e+01 -4.68769315e+01
 -4.90198779e+01 -4.68769315e+01
 -4.90198779e+01 -4.68769315e+01
 -4.90198779e+01 -4.68769315e+01
 -4.90198779e+01 -4.68769315e+01
 -4.90198779e+01 -4.68769315e+01
 -4.90198779e+01 -4.68769315e+01
 -4.90198779e+01 -4.68769315e+01
 -4.90198779e+01 -4.68769315e+01
 -4.90198779e+01 -4.68769315e+01
 -4.90198779e+01 -4.68769315e+01
 -4.90198779e+01 -4.68769315e+01
 -4.90198779e+01 -4.68769315e+01
 -4.90198779e+01 -4.68769315e+01
 -4.90198779e+01 -4.68769315e+01
 -4.90198779e+01 -4.68769315e+01
 -4.90198779e+01 -4.68769315e+01
 -4.90198779e+01 -4.68769315e+01
 -4.90198779e+01 -4.68769315e+01
 -4.90198779e+01 -4.68769315e+01
 -4.90198779e+01 -4.68769315e+01
 -4.90198779e+01 -4.68769315e+01
 -4.90198779e+01 -4.68769315e+01
 -4.90198779e+01 -4.68769315e+01
 -4.90198779e+01 -4.68769315e+01
