 0.00000000e+00 0.00000000e+00
 0.00000000e+00 0.00000000e+00
 0.00000000e+00 0.00000000e+00
 0.00000000e+00 0.00000000e+00
 9.56139724e-02 7.17122928e-02
 2.13297125e-01 1.56884684e-01
 3.38993293e-01 2.42758790e-01
 4.57471299e-01 3.15409718e-01
 5.56925143e-01 3.62083613e-01
 6.29744840e-01 3.69594686e-01
 6.69967421e-01 3.20213075e-01
 6.70484347e-01 1.88800274e-01
 6.22568629e-01 -5.58589356e-02
 5.17285196e-01 -4.46219310e-01
 3.46711896e-01 -1.01098930e+00
 1.04376770e-01 -1.77205329e+00
 -2.13932954e-01 -2.74240296e+00
 -6.08319712e-01 -3.92351417e+00
 -1.07270016e+00 -5.30248064e+00
 -1.59367069e+00 -6.85091852e+00
 -2.15070464e+00 -8.52707668e+00
 -2.71747233e+00 -1.02803125e+01
 -3.26409065e+00 -1.20557549e+01
 -3.76013307e+00 -1.37979841e+01
 -4.17794473e+00 -1.54542436e+01
 -4.49558096e+00 -1.69778350e+01
 -4.69854334e+00 -1.83311159e+01
 -4.77937070e+00 -1.94867634e+01
 -4.73506320e+00 -2.04267584e+01
 -4.56419376e+00 -2.11400379e+01
 -4.26563572e+00 -2.16203137e+01
 -3.83845737e+00 -2.18647604e+01
 -3.28145495e+00 -2.18733700e+01
 -2.59255216e+00 -2.16487164e+01
 -1.76951236e+00 -2.11963140e+01
 -8.12258060e-01 -2.05257853e+01
 2.74273249e-01 -1.96524985e+01
 1.47791265e+00 -1.85988225e+01
 2.77851555e+00 -1.73942177e+01
 4.14915093e+00 -1.60738064e+01
 5.55886616e+00 -1.46754347e+01
 6.97585349e+00 -1.32357734e+01
 8.37001955e+00 -1.17867994e+01
 9.71485477e+00 -1.03541373e+01
 1.09888073e+01 -8.95764638e+00
 1.21758424e+01 -7.61324842e+00
 1.32647200e+01 -6.33469164e+00
 1.42473339e+01 -5.13478587e+00
 1.51172678e+01 -4.02631004e+00
 1.58695391e+01 -3.02245401e+00
 1.65014753e+01 -2.13610673e+00
 1.70138418e+01 -1.37776612e+00
 1.74115020e+01 -7.53044306e-01
 1.77035299e+01 -2.61179498e-01
 1.79027438e+01 1.04894078e-01
 1.80242124e+01 3.57279179e-01
 1.80824484e+01 5.10791004e-01
 1.80880788e+01 5.79216075e-01
 1.80457460e+01 5.70899952e-01
 1.79545180e+01 4.86478041e-01
 1.78104257e+01 3.21074414e-01
 1.76097663e+01 6.95033177e-02
 1.73521647e+01 -2.69492823e-01
 1.70427351e+01 -6.92038766e-01
 1.66926824e+01 -1.18982670e+00
 1.63181457e+01 -1.75101825e+00
 1.59377613e+01 -2.36123697e+00
 1.55696167e+01 -3.00560929e+00
 1.52281979e+01 -3.67214437e+00
 1.49218242e+01 -4.35528202e+00
 1.46508707e+01 -5.05787448e+00
 1.44071048e+01 -5.79069129e+00
 1.41745852e+01 -6.56971955e+00
 1.39320741e+01 -7.41228339e+00
 1.36560277e+01 -8.33339488e+00
 1.33230399e+01 -9.34356144e+00
 1.29112077e+01 -1.04482925e+01
 1.24004154e+01 -1.16486366e+01
 1.17718078e+01 -1.29420938e+01
 1.10071621e+01 -1.43237137e+01
 1.00890468e+01 -1.57873911e+01
 9.00189003e+00 -1.73272723e+01
 7.73317819e+00 -1.89389316e+01
 6.27421097e+00 -2.06197684e+01
 4.62047613e+00 -2.23683460e+01
 2.77175558e+00 -2.41830341e+01
 7.32052008e-01 -2.60606350e+01
 -1.49026324e+00 -2.79953502e+01
 -3.88162976e+00 -2.99779126e+01
 -6.42168955e+00 -3.19944916e+01
 -9.08106023e+00 -3.40252650e+01
 -1.18189654e+01 -3.60431675e+01
 -1.45817883e+01 -3.80137387e+01
 -1.73040546e+01 -3.98966391e+01
 -1.99127034e+01 -4.16484401e+01
 -2.23337590e+01 -4.32256598e+01
 -2.44992471e+01 -4.45872963e+01
 -2.63527805e+01 -4.56970330e+01
 -2.78542029e+01 -4.65263436e+01
 -2.89854135e+01 -4.70604001e+01
 -2.97590234e+01 -4.73076729e+01
 -3.02269403e+01 -4.73097283e+01
 -3.04792401e+01 -4.71418120e+01
 -3.06240468e+01 -4.68956058e+01
 -3.07537462e+01 -4.66491317e+01
 -3.09192637e+01 -4.64437311e+01
 -3.11297302e+01 -4.62839711e+01
 -3.13718923e+01 -4.61553354e+01
 -3.16298643e+01 -4.60420073e+01
 -3.18937495e+01 -4.59343645e+01
 -3.21593295e+01 -4.58283449e+01
 -3.24252852e+01 -4.57226845e+01
 -3.26913057e+01 -4.56170858e+01
 -3.29573348e+01 -4.55114955e+01
 -3.32233645e+01 -4.54059061e+01
 -3.34893908e+01 -4.53003183e+01
 -3.37553904e+01 -4.51947410e+01
 -3.40212316e+01 -4.50892265e+01
 -3.42863331e+01 -4.49840057e+01
 -3.45487189e+01 -4.48798628e+01
 -3.48032557e+01 -4.47788352e+01
 -3.50399068e+01 -4.46849065e+01
 -3.52443825e+01 -4.46037485e+01
 -3.54031139e+01 -4.45407468e+01
 -3.54031139e+01 -4.45407468e+01
 -3.54031139e+01 -4.45407468e+01
 -3.54031139e+01 -4.45407468e+01
 -3.54031139e+01 -4.45407468e+01
 -3.54031139e+01 -4.45407468e+01
 -3.54031139e+01 -4.45407468e+01
 -3.54031139e+01 -4.45407468e+01
 -3.54031139e+01 -4.45407468e+01
 -3.54031139e+01 -4.45407468e+01
 -3.54031139e+01 -4.45407468e+01
 -3.54031139e+01 -4.45407468e+01
 -3.54031139e+01 -4.45407468e+01
 -3.54031139e+01 -4.45407468e+01
 -3.54031139e+01 -4.45407468e+01
 -3.54031139e+01 -4.45407468e+01
 -3.54031139e+01 -4.45407468e+01
 -3.54031139e+01 -4.45407468e+01
 -3.54031139e+01 -4.45407468e+01
 -3.54031139e+01 -4.45407468e+01
 -3.54031139e+01 -4.45407468e+01
 -3.54031139e+01 -4.45407468e+01
 -3.54031139e+01 -4.45407468e+01
 -3.54031139e+01 -4.45407468e+01
 -3.54031139e+01 -4.45407468e+01
 -3.54031139e+01 -4.45407468e+01
 -3.54031139e+01 -4.45407468e+01
 -3.54031139e+01 -4.45407468e+01
 -3.54031139e+01 -4.45407468e+01
 -3.54031139e+01 -4.45407468e+01
 -3.54031139e+01 -4.45407468e+01
 -3.54031139e+01 -4.45407468e+01
 -3.54031139e+01 -4.45407468e+01
 -3.54031139e+01 -4.45407468e+01
 -3.54031139e+01 -4.45407468e+01
 -3.54031139e+01 -4.45407468e+01
 -3.54031139e+01 -4.45407468e+01
 -3.54031139e+01 -4.45407468e+01
 -3.54031139e+01 -4.45407468e+01
 -3.54031139e+01 -4.45407468e+01
