 0.00000000e+00 0.00000000e+00
 0.00000000e+00 0.00000000e+00
 0.00000000e+00 0.00000000e+00
 0.00000000e+00 0.00000000e+00
 1.04158384e-03 4.31822235e-02
 4.03769983e-03 9.16330675e-02
 1.07769379e-02 1.38175951e-01
 2.24688860e-02 1.75523512e-01
 3.73951154e-02 1.96267134e-01
 4.87802637e-02 1.90961874e-01
 4.48169791e-02 1.45132221e-01
 1.13073865e-02 3.73422308e-02
 -6.45763092e-02 -1.59342104e-01
 -1.91597394e-01 -4.72857863e-01
 -3.74128711e-01 -9.27625421e-01
 -6.13444355e-01 -1.54206055e+00
 -9.08394057e-01 -2.32725569e+00
 -1.25435410e+00 -3.28515740e+00
 -1.64184737e+00 -4.40647974e+00
 -2.05677705e+00 -5.67009528e+00
 -2.48221353e+00 -7.04456726e+00
 -2.89979399e+00 -8.49052197e+00
 -3.28950216e+00 -9.96254756e+00
 -3.62921436e+00 -1.14111474e+01
 -3.89653295e+00 -1.27862474e+01
 -4.07285569e+00 -1.40421665e+01
 -4.14605848e+00 -1.51415840e+01
 -4.10889240e+00 -1.60562521e+01
 -3.95519192e+00 -1.67653071e+01
 -3.67849223e+00 -1.72541635e+01
 -3.27417030e+00 -1.75153418e+01
 -2.74198097e+00 -1.75494674e+01
 -2.08613486e+00 -1.73641212e+01
 -1.31311005e+00 -1.69706437e+01
 -4.29167144e-01 -1.63812858e+01
 5.60755851e-01 -1.56087728e+01
 1.65219475e+00 -1.46681399e+01
 2.83886994e+00 -1.35789917e+01
 4.11025846e+00 -1.23663499e+01
 5.45043796e+00 -1.10594378e+01
 6.83874577e+00 -9.68916773e+00
 8.25143438e+00 -8.28590830e+00
 9.66286824e+00 -6.87867762e+00
 1.10456315e+01 -5.49556483e+00
 1.23704241e+01 -4.16423106e+00
 1.36071702e+01 -2.91164829e+00
 1.47277395e+01 -1.76306549e+00
 1.57092963e+01 -7.40421866e-01
 1.65369205e+01 1.39679152e-01
 1.72046893e+01 8.67859829e-01
 1.77152160e+01 1.44253217e+00
 1.80783493e+01 1.86838484e+00
 1.83095161e+01 2.15335314e+00
 1.84268800e+01 2.30539365e+00
 1.84465976e+01 2.33011220e+00
 1.83783022e+01 2.22975514e+00
 1.82243399e+01 2.00364764e+00
 1.79830214e+01 1.64966788e+00
 1.76526595e+01 1.16611906e+00
 1.72341045e+01 5.53702463e-01
 1.67320835e+01 -1.82511039e-01
 1.61558744e+01 -1.03170716e+00
 1.55189150e+01 -1.97752153e+00
 1.48372141e+01 -3.00014552e+00
 1.41271816e+01 -4.07960715e+00
 1.34034134e+01 -5.19912173e+00
 1.26764910e+01 -6.34781373e+00
 1.19508449e+01 -7.52239400e+00
 1.12231990e+01 -8.72735471e+00
 1.04823001e+01 -9.97359416e+00
 9.71001240e+00 -1.12761511e+01
 8.88303031e+00 -1.26520144e+01
 7.97455910e+00 -1.41183169e+01
 6.95624713e+00 -1.56904106e+01
 5.80103625e+00 -1.73793795e+01
 4.48674434e+00 -1.91894645e+01
 2.99910766e+00 -2.11166327e+01
 1.33304148e+00 -2.31491831e+01
 -5.07924701e-01 -2.52699859e+01
 -2.51295867e+00 -2.74589686e+01
 -4.66496935e+00 -2.96948173e+01
 -6.94136650e+00 -3.19560487e+01
 -9.31519108e+00 -3.42221354e+01
 -1.17568093e+01 -3.64746248e+01
 -1.42352587e+01 -3.86971979e+01
 -1.67179051e+01 -4.08738194e+01
 -1.91682063e+01 -4.29855392e+01
 -2.15433437e+01 -4.50076147e+01
 -2.37941359e+01 -4.69083232e+01
 -2.58679898e+01 -4.86497528e+01
 -2.77136458e+01 -5.01903145e+01
 -2.92866937e+01 -5.14891587e+01
 -3.05568796e+01 -5.25137283e+01
 -3.15188618e+01 -5.32519529e+01
 -3.22040758e+01 -5.37268793e+01
 -3.26839552e+01 -5.40034189e+01
 -3.30537091e+01 -5.41743455e+01
 -3.34000091e+01 -5.43271303e+01
 -3.37737647e+01 -5.45138212e+01
 -3.41867487e+01 -5.47456645e+01
 -3.46284548e+01 -5.50102351e+01
 -3.50847592e+01 -5.52914306e+01
 -3.55465858e+01 -5.55789270e+01
 -3.60100072e+01 -5.58682475e+01
 -3.64737840e+01 -5.61579755e+01
 -3.69376222e+01 -5.64477742e+01
 -3.74014687e+01 -5.67375823e+01
 -3.78653154e+01 -5.70273910e+01
 -3.83291560e+01 -5.73171960e+01
 -3.87929503e+01 -5.76069720e+01
 -3.92564683e+01 -5.78965755e+01
 -3.97186966e+01 -5.81853730e+01
 -4.01761897e+01 -5.84712122e+01
 -4.06199974e+01 -5.87485007e+01
 -4.10326199e+01 -5.90063049e+01
 -4.13891416e+01 -5.92290576e+01
 -4.16659041e+01 -5.94019772e+01
 -4.16659041e+01 -5.94019772e+01
 -4.16659041e+01 -5.94019772e+01
 -4.16659041e+01 -5.94019772e+01
 -4.16659041e+01 -5.94019772e+01
 -4.16659041e+01 -5.94019772e+01
 -4.16659041e+01 -5.94019772e+01
 -4.16659041e+01 -5.94019772e+01
 -4.16659041e+01 -5.94019772e+01
 -4.16659041e+01 -5.94019772e+01
 -4.16659041e+01 -5.94019772e+01
 -4.16659041e+01 -5.94019772e+01
 -4.16659041e+01 -5.94019772e+01
 -4.16659041e+01 -5.94019772e+01
 -4.16659041e+01 -5.94019772e+01
 -4.16659041e+01 -5.94019772e+01
 -4.16659041e+01 -5.94019772e+01
 -4.16659041e+01 -5.94019772e+01
 -4.16659041e+01 -5.94019772e+01
 -4.16659041e+01 -5.94019772e+01
 -4.16659041e+01 -5.94019772e+01
 -4.16659041e+01 -5.94019772e+01
 -4.16659041e+01 -5.94019772e+01
 -4.16659041e+01 -5.94019772e+01
 -4.16659041e+01 -5.94019772e+01
 -4.16659041e+01 -5.94019772e+01
 -4.16659041e+01 -5.94019772e+01
 -4.16659041e+01 -5.94019772e+01
 -4.16659041e+01 -5.94019772e+01
 -4.16659041e+01 -5.94019772e+01
 -4.16659041e+01 -5.94019772e+01
 -4.16659041e+01 -5.94019772e+01
 -4.16659041e+01 -5.94019772e+01
 -4.16659041e+01 -5.94019772e+01
 -4.16659041e+01 -5.94019772e+01
 -4.16659041e+01 -5.94019772e+01
 -4.16659041e+01 -5.94019772e+01
 -4.16659041e+01 -5.94019772e+01
 -4.16659041e+01 -5.94019772e+01
 -4.16659041e+01 -5.94019772e+01
 -4.16659041e+01 -5.94019772e+01
 -4.16659041e+01 -5.94019772e+01
 -4.16659041e+01 -5.94019772e+01
 -4.16659041e+01 -5.94019772e+01
 -4.16659041e+01 -5.94019772e+01
 -4.16659041e+01 -5.94019772e+01
 -4.16659041e+01 -5.94019772e+01
