 0.00000000e+00 0.00000000e+00
 0.00000000e+00 0.00000000e+00
 0.00000000e+00 0.00000000e+00
 0.00000000e+00 0.00000000e+00
 8.72891806e-02 -1.31568099e-02
 1.70206014e-01 -6.69702569e-02
 2.20942379e-01 -1.93537709e-01
 2.18812734e-01 -4.28112431e-01
 1.59257045e-01 -8.03368718e-01
 5.31029875e-02 -1.34505486e+00
 -8.17989468e-02 -2.06948536e+00
 -2.29462524e-01 -2.98212222e+00
 -3.79366409e-01 -4.07652175e+00
 -5.24557507e-01 -5.33360226e+00
 -6.58480747e-01 -6.72170526e+00
 -7.74247131e-01 -8.19802594e+00
 -8.66049085e-01 -9.71172290e+00
 -9.29712829e-01 -1.12085128e+01
 -9.60957287e-01 -1.26360114e+01
 -9.53516125e-01 -1.39486815e+01
 -8.99777252e-01 -1.51112109e+01
 -7.93196465e-01 -1.60996363e+01
 -6.29364209e-01 -1.69003900e+01
 -4.04489489e-01 -1.75081940e+01
 -1.13199214e-01 -1.79237631e+01
 2.52210807e-01 -1.81515133e+01
 7.01013936e-01 -1.81968531e+01
 1.24291313e+00 -1.80633358e+01
 1.88714875e+00 -1.77512298e+01
 2.64169959e+00 -1.72587504e+01
 3.51217660e+00 -1.65852298e+01
 4.50023952e+00 -1.57342388e+01
 5.60196770e+00 -1.47152702e+01
 6.80702834e+00 -1.35438621e+01
 8.09906924e+00 -1.22408135e+01
 9.45690268e+00 -1.08313282e+01
 1.08556311e+01 -9.34458409e+00
 1.22672294e+01 -7.81353011e+00
 1.36609662e+01 -6.27423144e+00
 1.50045630e+01 -4.76445431e+00
 1.62664019e+01 -3.32191734e+00
 1.74180646e+01 -1.98259793e+00
 1.84364204e+01 -7.78749725e-01
 1.93052154e+01 2.63828788e-01
 2.00163685e+01 1.12891972e+00
 2.05707807e+01 1.81233604e+00
 2.09782994e+01 2.32264890e+00
 2.12568206e+01 2.67969137e+00
 2.14306195e+01 2.91108741e+00
 2.15275329e+01 3.04765699e+00
 2.15747534e+01 3.11872758e+00
 2.15944388e+01 3.14840753e+00
 2.16013335e+01 3.15391985e+00
 2.16033320e+01 3.14635090e+00
 2.16038057e+01 3.13249926e+00
 2.16038966e+01 3.11600207e+00
 2.16039106e+01 3.09773102e+00
 2.16039121e+01 3.07690134e+00
 2.16039110e+01 3.05304422e+00
 2.16039007e+01 3.02718962e+00
 2.16038398e+01 3.00128924e+00
 2.16035553e+01 2.97697728e+00
 2.16025108e+01 2.95524140e+00
 2.15994919e+01 2.93699067e+00
 2.15926126e+01 2.92322202e+00
 2.15802353e+01 2.91431418e+00
 2.15626241e+01 2.90941055e+00
 2.15427342e+01 2.90647913e+00
 2.15245974e+01 2.90210459e+00
 2.15100279e+01 2.88968701e+00
 2.14959365e+01 2.85610064e+00
 2.14733812e+01 2.77885989e+00
 2.14279605e+01 2.62651977e+00
 2.13412939e+01 2.36294768e+00
 2.11934215e+01 1.95296099e+00
 2.09650354e+01 1.36646506e+00
 2.06384330e+01 5.80838218e-01
 2.01973666e+01 -4.16991723e-01
 1.96266465e+01 -1.62829866e+00
 1.89120260e+01 -3.04124331e+00
 1.80406633e+01 -4.63199218e+00
 1.70021380e+01 -6.36891293e+00
 1.57892893e+01 -8.21892048e+00
 1.43981352e+01 -1.01537190e+01
 1.28271525e+01 -1.21536681e+01
 1.10767946e+01 -1.42083324e+01
 9.14950608e+00 -1.63143356e+01
 7.04969501e+00 -1.84718922e+01
 4.78326138e+00 -2.06812091e+01
 2.35726831e+00 -2.29394407e+01
 -2.19130422e-01 -2.52385884e+01
 -2.93241678e+00 -2.75646422e+01
 -5.76253862e+00 -2.98980197e+01
 -8.68233065e+00 -3.22148555e+01
 -1.16585149e+01 -3.44884098e+01
 -1.46530240e+01 -3.66902817e+01
 -1.76236218e+01 -3.87916833e+01
 -2.05241482e+01 -4.07649262e+01
 -2.33056750e+01 -4.25847379e+01
 -2.59192198e+01 -4.42288902e+01
 -2.83192182e+01 -4.56780716e+01
 -3.04665442e+01 -4.69154048e+01
 -3.23305804e+01 -4.79260680e+01
 -3.38904253e+01 -4.86973351e+01
 -3.51357873e+01 -4.92197714e+01
 -3.60691014e+01 -4.94912689e+01
 -3.67106885e+01 -4.95251248e+01
 -3.71057139e+01 -4.93592524e+01
 -3.73257438e+01 -4.90578748e+01
 -3.74562092e+01 -4.86977294e+01
 -3.75715536e+01 -4.83430667e+01
 -3.77142926e+01 -4.80267467e+01
 -3.78932388e+01 -4.77508372e+01
 -3.80982898e+01 -4.75019508e+01
 -3.83165588e+01 -4.72662111e+01
 -3.85398281e+01 -4.70353193e+01
 -3.87645433e+01 -4.68058045e+01
 -3.89895815e+01 -4.65765931e+01
 -3.92146755e+01 -4.63474339e+01
 -3.94397771e+01 -4.61182816e+01
 -3.96648791e+01 -4.58891304e+01
 -3.98899782e+01 -4.56599823e+01
 -4.01150548e+01 -4.54308570e+01
 -4.03399974e+01 -4.52018683e+01
 -4.05643141e+01 -4.49735167e+01
 -4.07863328e+01 -4.47475044e+01
 -4.10017101e+01 -4.45282530e+01
 -4.12019533e+01 -4.43244078e+01
 -4.13749712e+01 -4.41482778e+01
 -4.15092824e+01 -4.40115506e+01
 -4.15092824e+01 -4.40115506e+01
 -4.15092824e+01 -4.40115506e+01
 -4.15092824e+01 -4.40115506e+01
 -4.15092824e+01 -4.40115506e+01
 -4.15092824e+01 -4.40115506e+01
 -4.15092824e+01 -4.40115506e+01
 -4.15092824e+01 -4.40115506e+01
 -4.15092824e+01 -4.40115506e+01
 -4.15092824e+01 -4.40115506e+01
 -4.15092824e+01 -4.40115506e+01
 -4.15092824e+01 -4.40115506e+01
 -4.15092824e+01 -4.40115506e+01
 -4.15092824e+01 -4.40115506e+01
 -4.15092824e+01 -4.40115506e+01
 -4.15092824e+01 -4.40115506e+01
 -4.15092824e+01 -4.40115506e+01
 -4.15092824e+01 -4.40115506e+01
 -4.15092824e+01 -4.40115506e+01
 -4.15092824e+01 -4.40115506e+01
 -4.15092824e+01 -4.40115506e+01
 -4.15092824e+01 -4.40115506e+01
 -4.15092824e+01 -4.40115506e+01
 -4.15092824e+01 -4.40115506e+01
 -4.15092824e+01 -4.40115506e+01
 -4.15092824e+01 -4.40115506e+01
 -4.15092824e+01 -4.40115506e+01
 -4.15092824e+01 -4.40115506e+01
 -4.15092824e+01 -4.40115506e+01
 -4.15092824e+01 -4.40115506e+01
 -4.15092824e+01 -4.40115506e+01
 -4.15092824e+01 -4.40115506e+01
 -4.15092824e+01 -4.40115506e+01
 -4.15092824e+01 -4.40115506e+01
