 0.00000000e+00 0.00000000e+00
 0.00000000e+00 0.00000000e+00
 0.00000000e+00 0.00000000e+00
 0.00000000e+00 0.00000000e+00
 -7.16898040e-02 -8.97942625e-02
 -1.59037222e-01 -2.25796779e-01
 -2.56442095e-01 -4.19507444e-01
 -3.62173984e-01 -6.86107553e-01
 -4.79129941e-01 -1.04563842e+00
 -6.12912226e-01 -1.52180598e+00
 -7.70635046e-01 -2.13899123e+00
 -9.60934982e-01 -2.91863403e+00
 -1.19334354e+00 -3.87571030e+00
 -1.47638018e+00 -5.01550406e+00
 -1.81514536e+00 -6.33090204e+00
 -2.20892352e+00 -7.80071617e+00
 -2.64904130e+00 -9.38950409e+00
 -3.11775326e+00 -1.10490470e+01
 -3.58896804e+00 -1.27215069e+01
 -4.03073639e+00 -1.43443098e+01
 -4.40865530e+00 -1.58563326e+01
 -4.68912465e+00 -1.72038337e+01
 -4.84139056e+00 -1.83440003e+01
 -4.83824573e+00 -1.92452744e+01
 -4.65713693e+00 -1.98858102e+01
 -4.28310147e+00 -2.02522151e+01
 -3.71141642e+00 -2.03394401e+01
 -2.94659209e+00 -2.01509108e+01
 -1.99838369e+00 -1.96975559e+01
 -8.78854132e-01 -1.89956073e+01
 3.97592884e-01 -1.80644141e+01
 1.81306457e+00 -1.69254114e+01
 3.34630504e+00 -1.56020915e+01
 4.97421323e+00 -1.41200824e+01
 6.67294661e+00 -1.25069262e+01
 8.41720665e+00 -1.07919310e+01
 1.01783441e+01 -9.00665204e+00
 1.19231659e+01 -7.18611613e+00
 1.36145600e+01 -5.37017299e+00
 1.52136041e+01 -3.60384810e+00
 1.66824059e+01 -1.93565871e+00
 1.79874607e+01 -4.13497347e-01
 1.91033583e+01 9.21231328e-01
 2.00157590e+01 2.03931380e+00
 2.07221186e+01 2.92702482e+00
 2.12298118e+01 3.58598830e+00
 2.15529988e+01 4.03035189e+00
 2.17101213e+01 4.28281815e+00
 2.17228800e+01 4.37066698e+00
 2.16157048e+01 4.32226911e+00
 2.14141490e+01 4.16442217e+00
 2.11425714e+01 3.92093731e+00
 2.08232136e+01 3.61276309e+00
 2.04772189e+01 3.25938914e+00
 2.01255846e+01 2.88057837e+00
 1.97884310e+01 2.49717564e+00
 1.94832337e+01 2.13021719e+00
 1.92231838e+01 1.79856332e+00
 1.90157197e+01 1.51614100e+00
 1.88613782e+01 1.29004860e+00
 1.87542954e+01 1.12018587e+00
 1.86849279e+01 1.00041164e+00
 1.86431570e+01 9.20948839e-01
 1.86197017e+01 8.71289996e-01
 1.86061160e+01 8.42273528e-01
 1.85949544e+01 8.26496290e-01
 1.85807392e+01 8.17447651e-01
 1.85608516e+01 8.07867492e-01
 1.85345551e+01 7.87111403e-01
 1.84991801e+01 7.37730292e-01
 1.84453637e+01 6.32956401e-01
 1.83548604e+01 4.37126948e-01
 1.82020271e+01 1.09358422e-01
 1.79568421e+01 -3.91255166e-01
 1.75876427e+01 -1.10097181e+00
 1.70640653e+01 -2.04801226e+00
 1.63608785e+01 -3.24990922e+00
 1.54617640e+01 -4.71096515e+00
 1.43615200e+01 -6.42030270e+00
 1.30661014e+01 -8.35216028e+00
 1.15907649e+01 -1.04697277e+01
 9.95672928e+00 -1.27316736e+01
 8.18691003e+00 -1.50985124e+01
 6.30184895e+00 -1.75362110e+01
 4.31733767e+00 -2.00166479e+01
 2.24455434e+00 -2.25163879e+01
 9.20190410e-02 -2.50152040e+01
 -2.13214199e+00 -2.74947251e+01
 -4.41838861e+00 -2.99371191e+01
 -6.75413492e+00 -3.23239898e+01
 -9.12221405e+00 -3.46357821e+01
 -1.15002120e+01 -3.68517316e+01
 -1.38613296e+01 -3.89501716e+01
 -1.61763336e+01 -4.09090644e+01
 -1.84154200e+01 -4.27068165e+01
 -2.05491553e+01 -4.43234509e+01
 -2.25486763e+01 -4.57418707e+01
 -2.43861113e+01 -4.69486003e+01
 -2.60359843e+01 -4.79336354e+01
 -2.74776065e+01 -4.86901343e+01
 -2.86985765e+01 -4.92162397e+01
 -2.97003823e+01 -4.95214400e+01
 -3.05056289e+01 -4.96359404e+01
 -3.11613181e+01 -4.96148210e+01
 -3.17303273e+01 -4.95277471e+01
 -3.22715880e+01 -4.94362486e+01
 -3.28219738e+01 -4.93744797e+01
 -3.33928336e+01 -4.93476086e+01
 -3.39799931e+01 -4.93450490e+01
 -3.45757324e+01 -4.93545940e+01
 -3.51747792e+01 -4.93686717e+01
 -3.57747920e+01 -4.93840512e+01
 -3.63750218e+01 -4.93997199e+01
 -3.69752893e+01 -4.94154385e+01
 -3.75755618e+01 -4.94311638e+01
 -3.81758341e+01 -4.94468898e+01
 -3.87760984e+01 -4.94626156e+01
 -3.93763027e+01 -4.94783399e+01
 -3.99761496e+01 -4.94940548e+01
 -4.05743274e+01 -4.95097260e+01
 -4.11663773e+01 -4.95252367e+01
 -4.17407167e+01 -4.95402833e+01
 -4.22746987e+01 -4.95542727e+01
 -4.27360798e+01 -4.95663601e+01
 -4.30942430e+01 -4.95757433e+01
 -4.30942430e+01 -4.95757433e+01
 -4.30942430e+01 -4.95757433e+01
 -4.30942430e+01 -4.95757433e+01
 -4.30942430e+01 -4.95757433e+01
 -4.30942430e+01 -4.95757433e+01
 -4.30942430e+01 -4.95757433e+01
 -4.30942430e+01 -4.95757433e+01
 -4.30942430e+01 -4.95757433e+01
 -4.30942430e+01 -4.95757433e+01
 -4.30942430e+01 -4.95757433e+01
 -4.30942430e+01 -4.95757433e+01
 -4.30942430e+01 -4.95757433e+01
 -4.30942430e+01 -4.95757433e+01
 -4.30942430e+01 -4.95757433e+01
 -4.30942430e+01 -4.95757433e+01
 -4.30942430e+01 -4.95757433e+01
 -4.30942430e+01 -4.95757433e+01
 -4.30942430e+01 -4.95757433e+01
 -4.30942430e+01 -4.95757433e+01
 -4.30942430e+01 -4.95757433e+01
 -4.30942430e+01 -4.95757433e+01
 -4.30942430e+01 -4.95757433e+01
 -4.30942430e+01 -4.95757433e+01
 -4.30942430e+01 -4.95757433e+01
 -4.30942430e+01 -4.95757433e+01
 -4.30942430e+01 -4.95757433e+01
 -4.30942430e+01 -4.95757433e+01
 -4.30942430e+01 -4.95757433e+01
 -4.30942430e+01 -4.95757433e+01
 -4.30942430e+01 -4.95757433e+01
 -4.30942430e+01 -4.95757433e+01
 -4.30942430e+01 -4.95757433e+01
 -4.30942430e+01 -4.95757433e+01
 -4.30942430e+01 -4.95757433e+01
 -4.30942430e+01 -4.95757433e+01
 -4.30942430e+01 -4.95757433e+01
 -4.30942430e+01 -4.95757433e+01
 -4.30942430e+01 -4.95757433e+01
