 0.00000000e+00 0.00000000e+00
 0.00000000e+00 0.00000000e+00
 0.00000000e+00 0.00000000e+00
 0.00000000e+00 0.00000000e+00
 -3.42628069e-02 1.12705380e-02
 -9.65321786e-02 1.26024783e-02
 -1.94763469e-01 -8.24931392e-03
 -3.33259787e-01 -6.71091212e-02
 -5.12964968e-01 -1.83362838e-01
 -7.32919069e-01 -3.78958057e-01
 -9.91119145e-01 -6.76200373e-01
 -1.28409687e+00 -1.09524697e+00
 -1.60582661e+00 -1.65208607e+00
 -1.94725100e+00 -2.35696050e+00
 -2.29727330e+00 -3.21280249e+00
 -2.64462159e+00 -4.21366723e+00
 -2.97908534e+00 -5.34385955e+00
 -3.29140935e+00 -6.57856263e+00
 -3.57263387e+00 -7.88599584e+00
 -3.81426634e+00 -9.23020943e+00
 -4.00979086e+00 -1.05736030e+01
 -4.15624643e+00 -1.18790680e+01
 -4.25369614e+00 -1.31121812e+01
 -4.30226577e+00 -1.42435284e+01
 -4.29970209e+00 -1.52506274e+01
 -4.24244631e+00 -1.61188364e+01
 -4.12895779e+00 -1.68411122e+01
 -3.96103865e+00 -1.74169181e+01
 -3.74136146e+00 -1.78505850e+01
 -3.46964228e+00 -1.81492394e+01
 -3.14062613e+00 -1.83203022e+01
 -2.74475126e+00 -1.83687336e+01
 -2.27042717e+00 -1.82948485e+01
 -1.70631287e+00 -1.80939257e+01
 -1.04243186e+00 -1.77578821e+01
 -2.70256508e-01 -1.72778434e+01
 6.17131509e-01 -1.66464063e+01
 1.62432166e+00 -1.58593697e+01
 2.75299470e+00 -1.49170920e+01
 4.00196276e+00 -1.38253985e+01
 5.36699068e+00 -1.25960833e+01
 6.83920072e+00 -1.12474392e+01
 8.40219427e+00 -9.80507978e+00
 1.00295700e+01 -8.30253551e+00
 1.16846369e+01 -6.78063541e+00
 1.33228051e+01 -5.28512214e+00
 1.48957051e+01 -3.86285823e+00
 1.63557693e+01 -2.55753010e+00
 1.76608300e+01 -1.40568014e+00
 1.87788579e+01 -4.33710206e-01
 1.96921676e+01 3.43388985e-01
 2.03993529e+01 9.20835205e-01
 2.09138455e+01 1.30037197e+00
 2.12596989e+01 1.48542638e+00
 2.14657646e+01 1.47729924e+00
 2.15590872e+01 1.27393389e+00
 2.15591682e+01 8.70982326e-01
 2.14758646e+01 2.63654745e-01
 2.13117766e+01 -5.51671158e-01
 2.10660571e+01 -1.57585750e+00
 2.07362174e+01 -2.80491797e+00
 2.03183152e+01 -4.22792425e+00
 1.98079782e+01 -5.82640005e+00
 1.92025899e+01 -7.57625761e+00
 1.85026555e+01 -9.45152638e+00
 1.77109431e+01 -1.14277489e+01
 1.68301230e+01 -1.34834711e+01
 1.58607875e+01 -1.56000086e+01
 1.48010666e+01 -1.77607706e+01
 1.36474703e+01 -1.99511980e+01
 1.23955738e+01 -2.21594897e+01
 1.10395122e+01 -2.43775066e+01
 9.57071973e+00 -2.66009710e+01
 7.97766956e+00 -2.88284971e+01
 6.24808443e+00 -3.10598192e+01
 4.37313546e+00 -3.32940822e+01
 2.35140729e+00 -3.55286580e+01
 1.90724410e-01 -3.77582906e+01
 -2.09216700e+00 -3.99744665e+01
 -4.47265651e+00 -4.21653708e+01
 -6.91892664e+00 -4.43164101e+01
 -9.39241700e+00 -4.64104388e+01
 -1.18491149e+01 -4.84269648e+01
 -1.42419704e+01 -5.03409127e+01
 -1.65236078e+01 -5.21225673e+01
 -1.86488160e+01 -5.37398577e+01
 -2.05777288e+01 -5.51627056e+01
 -2.22812595e+01 -5.63688300e+01
 -2.37492811e+01 -5.73515102e+01
 -2.49990718e+01 -5.81287204e+01
 -2.60775717e+01 -5.87475388e+01
 -2.70507707e+01 -5.92748931e+01
 -2.79821372e+01 -5.97749609e+01
 -2.89133138e+01 -6.02880369e+01
 -2.98597147e+01 -6.08259956e+01
 -3.08199556e+01 -6.13833648e+01
 -3.17878351e+01 -6.19508895e+01
 -3.27587309e+01 -6.25223206e+01
 -3.37305207e+01 -6.30948921e+01
 -3.47025131e+01 -6.36677196e+01
 -3.56745410e+01 -6.42405917e+01
 -3.66465736e+01 -6.48134697e+01
 -3.76186054e+01 -6.53863475e+01
 -3.85906245e+01 -6.59592179e+01
 -3.95625462e+01 -6.65320309e+01
 -4.05338892e+01 -6.71045028e+01
 -4.15025293e+01 -6.76753818e+01
 -4.24612465e+01 -6.82404126e+01
 -4.33912847e+01 -6.87885410e+01
 -4.42559715e+01 -6.92981540e+01
 -4.50030942e+01 -6.97384791e+01
 -4.55830744e+01 -7.00802970e+01
 -4.55830744e+01 -7.00802970e+01
 -4.55830744e+01 -7.00802970e+01
 -4.55830744e+01 -7.00802970e+01
 -4.55830744e+01 -7.00802970e+01
 -4.55830744e+01 -7.00802970e+01
 -4.55830744e+01 -7.00802970e+01
 -4.55830744e+01 -7.00802970e+01
 -4.55830744e+01 -7.00802970e+01
 -4.55830744e+01 -7.00802970e+01
 -4.55830744e+01 -7.00802970e+01
 -4.55830744e+01 -7.00802970e+01
 -4.55830744e+01 -7.00802970e+01
 -4.55830744e+01 -7.00802970e+01
 -4.55830744e+01 -7.00802970e+01
 -4.55830744e+01 -7.00802970e+01
 -4.55830744e+01 -7.00802970e+01
 -4.55830744e+01 -7.00802970e+01
 -4.55830744e+01 -7.00802970e+01
 -4.55830744e+01 -7.00802970e+01
 -4.55830744e+01 -7.00802970e+01
 -4.55830744e+01 -7.00802970e+01
 -4.55830744e+01 -7.00802970e+01
 -4.55830744e+01 -7.00802970e+01
 -4.55830744e+01 -7.00802970e+01
 -4.55830744e+01 -7.00802970e+01
 -4.55830744e+01 -7.00802970e+01
 -4.55830744e+01 -7.00802970e+01
 -4.55830744e+01 -7.00802970e+01
 -4.55830744e+01 -7.00802970e+01
 -4.55830744e+01 -7.00802970e+01
 -4.55830744e+01 -7.00802970e+01
 -4.55830744e+01 -7.00802970e+01
 -4.55830744e+01 -7.00802970e+01
 -4.55830744e+01 -7.00802970e+01
 -4.55830744e+01 -7.00802970e+01
 -4.55830744e+01 -7.00802970e+01
 -4.55830744e+01 -7.00802970e+01
 -4.55830744e+01 -7.00802970e+01
 -4.55830744e+01 -7.00802970e+01
 -4.55830744e+01 -7.00802970e+01
 -4.55830744e+01 -7.00802970e+01
 -4.55830744e+01 -7.00802970e+01
 -4.55830744e+01 -7.00802970e+01
 -4.55830744e+01 -7.00802970e+01
 -4.55830744e+01 -7.00802970e+01
 -4.55830744e+01 -7.00802970e+01
 -4.55830744e+01 -7.00802970e+01
 -4.55830744e+01 -7.00802970e+01
 -4.55830744e+01 -7.00802970e+01
 -4.55830744e+01 -7.00802970e+01
 -4.55830744e+01 -7.00802970e+01
