 0.00000000e+00 0.00000000e+00
 0.00000000e+00 0.00000000e+00
 0.00000000e+00 0.00000000e+00
 0.00000000e+00 0.00000000e+00
 2.98466126e-03 2.71468537e-02
 -2.05287664e-02 3.04573127e-02
 -8.67539226e-02 -1.67071771e-02
 -2.06000871e-01 -1.40202040e-01
 -3.80809697e-01 -3.60659280e-01
 -6.08020333e-01 -6.92409490e-01
 -8.81782002e-01 -1.14442731e+00
 -1.19526318e+00 -1.72135962e+00
 -1.54108705e+00 -2.42355262e+00
 -1.91127006e+00 -3.24621220e+00
 -2.29688401e+00 -4.17865335e+00
 -2.68756581e+00 -5.20460809e+00
 -3.07147634e+00 -6.30382203e+00
 -3.43605940e+00 -7.45421506e+00
 -3.76901746e+00 -8.63351633e+00
 -4.05882722e+00 -9.81981554e+00
 -4.29501994e+00 -1.09912822e+01
 -4.46885209e+00 -1.21257393e+01
 -4.57439240e+00 -1.32008490e+01
 -4.60949455e+00 -1.41953412e+01
 -4.57620921e+00 -1.50908772e+01
 -4.48034540e+00 -1.58734530e+01
 -4.32984937e+00 -1.65335797e+01
 -4.13213000e+00 -1.70654708e+01
 -3.89137360e+00 -1.74659445e+01
 -3.60703742e+00 -1.77334453e+01
 -3.27385639e+00 -1.78671490e+01
 -2.88291410e+00 -1.78660290e+01
 -2.42320623e+00 -1.77281075e+01
 -1.88339644e+00 -1.74505181e+01
 -1.25369965e+00 -1.70308294e+01
 -5.27745640e-01 -1.64693144e+01
 2.95970392e-01 -1.57712954e+01
 1.21340362e+00 -1.49487122e+01
 2.21501035e+00 -1.40202663e+01
 3.28626394e+00 -1.30098384e+01
 4.40849731e+00 -1.19437201e+01
 5.55999538e+00 -1.08480325e+01
 6.71705462e+00 -9.74739398e+00
 7.85477743e+00 -8.66461502e+00
 8.94790242e+00 -7.62041384e+00
 9.97226843e+00 -6.63265696e+00
 1.09069614e+01 -5.71563575e+00
 1.17363317e+01 -4.88013581e+00
 1.24509290e+01 -4.13425587e+00
 1.30472244e+01 -3.48399412e+00
 1.35269554e+01 -2.93270200e+00
 1.38969842e+01 -2.47974892e+00
 1.41695007e+01 -2.11983066e+00
 1.43612374e+01 -1.84390208e+00
 1.44906794e+01 -1.64116226e+00
 1.45743669e+01 -1.50073493e+00
 1.46247699e+01 -1.41262983e+00
 1.46503061e+01 -1.36912672e+00
 1.46553411e+01 -1.36774805e+00
 1.46389359e+01 -1.41472906e+00
 1.45944238e+01 -1.52586174e+00
 1.45121767e+01 -1.72302981e+00
 1.43842014e+01 -2.02847230e+00
 1.42065938e+01 -2.46023905e+00
 1.39782059e+01 -3.03024832e+00
 1.36979945e+01 -3.74402725e+00
 1.33640395e+01 -4.60082219e+00
 1.29744053e+01 -5.59367515e+00
 1.25280785e+01 -6.71006583e+00
 1.20247223e+01 -7.93397391e+00
 1.14633811e+01 -9.24934591e+00
 1.08411170e+01 -1.06435719e+01
 1.01524669e+01 -1.21090130e+01
 9.38978191e+00 -1.36417820e+01
 8.54371881e+00 -1.52391591e+01
 7.60326161e+00 -1.68980223e+01
 6.55554940e+00 -1.86151925e+01
 5.38647846e+00 -2.03881569e+01
 4.08278733e+00 -2.22141347e+01
 2.63522674e+00 -2.40876129e+01
 1.04138610e+00 -2.59985723e+01
 -6.92980379e-01 -2.79328330e+01
 -2.55379330e+00 -2.98734009e+01
 -4.51849977e+00 -3.18007975e+01
 -6.55579044e+00 -3.36920245e+01
 -8.62642287e+00 -3.55198403e+01
 -1.06861188e+01 -3.72541057e+01
 -1.26897584e+01 -3.88649759e+01
 -1.45950359e+01 -4.03259137e+01
 -1.63646301e+01 -4.16149748e+01
 -1.79674934e+01 -4.27145299e+01
 -1.93801268e+01 -4.36102542e+01
 -2.05876609e+01 -4.42899363e+01
 -2.15839027e+01 -4.47428850e+01
 -2.23703410e+01 -4.49613349e+01
 -2.29556436e+01 -4.49451778e+01
 -2.33575506e+01 -4.47098928e+01
 -2.36067876e+01 -4.42942672e+01
 -2.37484597e+01 -4.37606167e+01
 -2.38351412e+01 -4.31812488e+01
 -2.39123097e+01 -4.26153371e+01
 -2.40058928e+01 -4.20918019e+01
 -2.41213033e+01 -4.16104254e+01
 -2.42524617e+01 -4.11567515e+01
 -2.43915912e+01 -4.07164675e+01
 -2.45337344e+01 -4.02811094e+01
 -2.46767483e+01 -3.98471497e+01
 -2.48199566e+01 -3.94134983e+01
 -2.49631986e+01 -3.89798998e+01
 -2.51064451e+01 -3.85463085e+01
 -2.52496918e+01 -3.81127185e+01
 -2.53929367e+01 -3.76791343e+01
 -2.55361673e+01 -3.72455934e+01
 -2.56793126e+01 -3.68123108e+01
 -2.58220596e+01 -3.63802338e+01
 -2.59633442e+01 -3.59525830e+01
 -2.61004025e+01 -3.55377250e+01
 -2.62278300e+01 -3.51520179e+01
 -2.63379323e+01 -3.48187522e+01
 -2.64234030e+01 -3.45600430e+01
 -2.64234030e+01 -3.45600430e+01
 -2.64234030e+01 -3.45600430e+01
 -2.64234030e+01 -3.45600430e+01
 -2.64234030e+01 -3.45600430e+01
 -2.64234030e+01 -3.45600430e+01
 -2.64234030e+01 -3.45600430e+01
 -2.64234030e+01 -3.45600430e+01
 -2.64234030e+01 -3.45600430e+01
 -2.64234030e+01 -3.45600430e+01
 -2.64234030e+01 -3.45600430e+01
 -2.64234030e+01 -3.45600430e+01
 -2.64234030e+01 -3.45600430e+01
 -2.64234030e+01 -3.45600430e+01
 -2.64234030e+01 -3.45600430e+01
 -2.64234030e+01 -3.45600430e+01
 -2.64234030e+01 -3.45600430e+01
 -2.64234030e+01 -3.45600430e+01
 -2.64234030e+01 -3.45600430e+01
 -2.64234030e+01 -3.45600430e+01
 -2.64234030e+01 -3.45600430e+01
 -2.64234030e+01 -3.45600430e+01
 -2.64234030e+01 -3.45600430e+01
 -2.64234030e+01 -3.45600430e+01
 -2.64234030e+01 -3.45600430e+01
 -2.64234030e+01 -3.45600430e+01
 -2.64234030e+01 -3.45600430e+01
 -2.64234030e+01 -3.45600430e+01
 -2.64234030e+01 -3.45600430e+01
 -2.64234030e+01 -3.45600430e+01
 -2.64234030e+01 -3.45600430e+01
 -2.64234030e+01 -3.45600430e+01
 -2.64234030e+01 -3.45600430e+01
 -2.64234030e+01 -3.45600430e+01
 -2.64234030e+01 -3.45600430e+01
 -2.64234030e+01 -3.45600430e+01
 -2.64234030e+01 -3.45600430e+01
 -2.64234030e+01 -3.45600430e+01
 -2.64234030e+01 -3.45600430e+01
 -2.64234030e+01 -3.45600430e+01
 -2.64234030e+01 -3.45600430e+01
 -2.64234030e+01 -3.45600430e+01
 -2.64234030e+01 -3.45600430e+01
 -2.64234030e+01 -3.45600430e+01
