 0.00000000e+00 0.00000000e+00
 0.00000000e+00 0.00000000e+00
 0.00000000e+00 0.00000000e+00
 0.00000000e+00 0.00000000e+00
 -6.95626009e-02 7.97568555e-02
 -1.81379536e-01 1.60185062e-01
 -3.38836717e-01 2.16811059e-01
 -5.38263160e-01 2.23440953e-01
 -7.72602677e-01 1.54527415e-01
 -1.03645010e+00 -1.54525735e-02
 -1.32844669e+00 -3.11460852e-01
 -1.64961008e+00 -7.54467014e-01
 -1.99963340e+00 -1.35735014e+00
 -2.37438167e+00 -2.12277098e+00
 -2.76615627e+00 -3.04344327e+00
 -3.16573977e+00 -4.10365955e+00
 -3.56413173e+00 -5.28105851e+00
 -3.95282290e+00 -6.54856399e+00
 -4.32300542e+00 -7.87691247e+00
 -4.66474907e+00 -9.23763238e+00
 -4.96684077e+00 -1.06053689e+01
 -5.21751320e+00 -1.19582555e+01
 -5.40589058e+00 -1.32761980e+01
 -5.52335710e+00 -1.45386032e+01
 -5.56373817e+00 -1.57235009e+01
 -5.52223905e+00 -1.68085837e+01
 -5.39473881e+00 -1.77730349e+01
 -5.17877438e+00 -1.85988084e+01
 -4.87522282e+00 -1.92709994e+01
 -4.48855823e+00 -1.97776982e+01
 -4.02517610e+00 -2.01096747e+01
 -3.49115853e+00 -2.02599902e+01
 -2.89079276e+00 -2.02238394e+01
 -2.22607827e+00 -1.99991435e+01
 -1.49700009e+00 -1.95879030e+01
 -7.02480276e-01 -1.89975550e+01
 1.58171494e-01 -1.82416155e+01
 1.08374207e+00 -1.73395735e+01
 2.06981081e+00 -1.63163332e+01
 3.10765747e+00 -1.52011946e+01
 4.18359804e+00 -1.40260999e+01
 5.27925375e+00 -1.28232464e+01
 6.37294656e+00 -1.16227790e+01
 7.44180404e+00 -1.04513825e+01
 8.46381636e+00 -9.33203432e+00
 9.41915133e+00 -8.28442618e+00
 1.02906247e+01 -7.32534524e+00
 1.10641105e+01 -6.46868650e+00
 1.17297352e+01 -5.72505752e+00
 1.22834699e+01 -5.10090826e+00
 1.27277614e+01 -4.59737268e+00
 1.30705022e+01 -4.20952837e+00
 1.33230512e+01 -3.92671452e+00
 1.34985923e+01 -3.73379160e+00
 1.36115098e+01 -3.61278237e+00
 1.36772691e+01 -3.54480260e+00
 1.37116962e+01 -3.51276256e+00
 1.37293522e+01 -3.50485001e+00
 1.37418567e+01 -3.51758911e+00
 1.37568904e+01 -3.55675158e+00
 1.37778998e+01 -3.63532770e+00
 1.38046354e+01 -3.76956004e+00
 1.38345853e+01 -3.97523257e+00
 1.38643576e+01 -4.26583526e+00
 1.38900270e+01 -4.65259432e+00
 1.39066549e+01 -5.14534636e+00
 1.39070828e+01 -5.75325948e+00
 1.38794397e+01 -6.48501068e+00
 1.38045995e+01 -7.34883451e+00
 1.36567433e+01 -8.35303460e+00
 1.34077433e+01 -9.50665290e+00
 1.30318437e+01 -1.08192115e+01
 1.25074036e+01 -1.22989481e+01
 1.18165192e+01 -1.39500960e+01
 1.09450100e+01 -1.57703090e+01
 9.88336653e+00 -1.77491486e+01
 8.62773603e+00 -1.98680479e+01
 7.18029619e+00 -2.21016472e+01
 5.54876357e+00 -2.44201259e+01
 3.74486907e+00 -2.67921050e+01
 1.78232910e+00 -2.91875768e+01
 -3.24261359e-01 -3.15801684e+01
 -2.55850820e+00 -3.39481975e+01
 -4.89975213e+00 -3.62744267e+01
 -7.32087937e+00 -3.85448337e+01
 -9.78811290e+00 -4.07468452e+01
 -1.22629353e+01 -4.28673932e+01
 -1.47045424e+01 -4.48911216e+01
 -1.70711061e+01 -4.67991831e+01
 -1.93199588e+01 -4.85691082e+01
 -2.14084442e+01 -5.01760374e+01
 -2.32966946e+01 -5.15951475e+01
 -2.49517064e+01 -5.28044196e+01
 -2.63507661e+01 -5.37864979e+01
 -2.74827911e+01 -5.45292206e+01
 -2.83486609e+01 -5.50268889e+01
 -2.89639645e+01 -5.52861244e+01
 -2.93651666e+01 -5.53364790e+01
 -2.96125944e+01 -5.52367389e+01
 -2.97804243e+01 -5.50644687e+01
 -2.99342716e+01 -5.48895624e+01
 -3.01117939e+01 -5.47508644e+01
 -3.03208167e+01 -5.46536735e+01
 -3.05524975e+01 -5.45851343e+01
 -3.07956032e+01 -5.45307691e+01
 -3.10430111e+01 -5.44816823e+01
 -3.12916578e+01 -5.44341043e+01
 -3.15405800e+01 -5.43868600e+01
 -3.17895498e+01 -5.43396732e+01
 -3.20385260e+01 -5.42924941e+01
 -3.22875025e+01 -5.42453158e+01
 -3.25364758e+01 -5.41981383e+01
 -3.27854242e+01 -5.41509654e+01
 -3.30342243e+01 -5.41038207e+01
 -3.32823322e+01 -5.40568071e+01
 -3.35278983e+01 -5.40102752e+01
 -3.37661186e+01 -5.39651352e+01
 -3.39875998e+01 -5.39231671e+01
 -3.41789681e+01 -5.38869050e+01
 -3.43275244e+01 -5.38587553e+01
 -3.43275244e+01 -5.38587553e+01
 -3.43275244e+01 -5.38587553e+01
 -3.43275244e+01 -5.38587553e+01
 -3.43275244e+01 -5.38587553e+01
 -3.43275244e+01 -5.38587553e+01
 -3.43275244e+01 -5.38587553e+01
 -3.43275244e+01 -5.38587553e+01
 -3.43275244e+01 -5.38587553e+01
 -3.43275244e+01 -5.38587553e+01
 -3.43275244e+01 -5.38587553e+01
 -3.43275244e+01 -5.38587553e+01
 -3.43275244e+01 -5.38587553e+01
 -3.43275244e+01 -5.38587553e+01
 -3.43275244e+01 -5.38587553e+01
 -3.43275244e+01 -5.38587553e+01
 -3.43275244e+01 -5.38587553e+01
 -3.43275244e+01 -5.38587553e+01
 -3.43275244e+01 -5.38587553e+01
 -3.43275244e+01 -5.38587553e+01
 -3.43275244e+01 -5.38587553e+01
 -3.43275244e+01 -5.38587553e+01
 -3.43275244e+01 -5.38587553e+01
 -3.43275244e+01 -5.38587553e+01
 -3.43275244e+01 -5.38587553e+01
 -3.43275244e+01 -5.38587553e+01
 -3.43275244e+01 -5.38587553e+01
 -3.43275244e+01 -5.38587553e+01
 -3.43275244e+01 -5.38587553e+01
 -3.43275244e+01 -5.38587553e+01
 -3.43275244e+01 -5.38587553e+01
 -3.43275244e+01 -5.38587553e+01
 -3.43275244e+01 -5.38587553e+01
 -3.43275244e+01 -5.38587553e+01
 -3.43275244e+01 -5.38587553e+01
 -3.43275244e+01 -5.38587553e+01
 -3.43275244e+01 -5.38587553e+01
 -3.43275244e+01 -5.38587553e+01
 -3.43275244e+01 -5.38587553e+01
 -3.43275244e+01 -5.38587553e+01
 -3.43275244e+01 -5.38587553e+01
 -3.43275244e+01 -5.38587553e+01
 -3.43275244e+01 -5.38587553e+01
 -3.43275244e+01 -5.38587553e+01
