 0.00000000e+00 0.00000000e+00
 0.00000000e+00 0.00000000e+00
 0.00000000e+00 0.00000000e+00
 0.00000000e+00 0.00000000e+00
 -1.79263866e-01 -1.63877195e-02
 -4.05773570e-01 -5.41830745e-02
 -6.58290828e-01 -1.28668487e-01
 -9.14513934e-01 -2.57019967e-01
 -1.15902804e+00 -4.55280996e-01
 -1.38454951e+00 -7.36511794e-01
 -1.58854302e+00 -1.11041712e+00
 -1.76982277e+00 -1.58341335e+00
 -1.92760704e+00 -2.15830416e+00
 -2.06249673e+00 -2.83370777e+00
 -2.17776290e+00 -3.60392047e+00
 -2.27981967e+00 -4.45974020e+00
 -2.37741814e+00 -5.39016801e+00
 -2.47964231e+00 -6.38427093e+00
 -2.59335831e+00 -7.43231829e+00
 -2.72102939e+00 -8.52575723e+00
 -2.85965366e+00 -9.65624751e+00
 -3.00107571e+00 -1.08142887e+01
 -3.13328026e+00 -1.19878455e+01
 -3.24208240e+00 -1.31611744e+01
 -3.31259055e+00 -1.43141601e+01
 -3.32960753e+00 -1.54226742e+01
 -3.27721254e+00 -1.64601933e+01
 -3.13974176e+00 -1.74002000e+01
 -2.90536117e+00 -1.82184789e+01
 -2.56961586e+00 -1.88945945e+01
 -2.13571848e+00 -1.94122014e+01
 -1.61197092e+00 -1.97582975e+01
 -1.00883907e+00 -1.99221927e+01
 -3.36870417e-01 -1.98952129e+01
 3.94614529e-01 -1.96714364e+01
 1.17796609e+00 -1.92488949e+01
 2.00672300e+00 -1.86307704e+01
 2.87471928e+00 -1.78265507e+01
 3.77551304e+00 -1.68527253e+01
 4.70252818e+00 -1.57321610e+01
 5.64981592e+00 -1.44919972e+01
 6.61300455e+00 -1.31609473e+01
 7.58989287e+00 -1.17669975e+01
 8.58018678e+00 -1.03359653e+01
 9.58413065e+00 -8.89096830e+00
 1.06004502e+01 -7.45262852e+00
 1.16246401e+01 -6.03976074e+00
 1.26482294e+01 -4.67034942e+00
 1.36586078e+01 -3.36258356e+00
 1.46389022e+01 -2.13555621e+00
 1.55684096e+01 -1.00910279e+00
 1.64245677e+01 -2.28240383e-03
 1.71865088e+01 8.69484393e-01
 1.78389178e+01 1.59757761e+00
 1.83744916e+01 2.18199223e+00
 1.87941167e+01 2.63084168e+00
 1.91052766e+01 2.95797311e+00
 1.93199680e+01 3.17987111e+00
 1.94527821e+01 3.31253510e+00
 1.95186457e+01 3.36813322e+00
 1.95299150e+01 3.35165671e+00
 1.94941132e+01 3.25934703e+00
 1.94140722e+01 3.08050293e+00
 1.92903790e+01 2.80161029e+00
 1.91241550e+01 2.41008165e+00
 1.89184370e+01 1.89631501e+00
 1.86779119e+01 1.25476177e+00
 1.84077343e+01 4.84832254e-01
 1.81121449e+01 -4.08570638e-01
 1.77931306e+01 -1.41579211e+00
 1.74490107e+01 -2.52501594e+00
 1.70728976e+01 -3.72607257e+00
 1.66514276e+01 -5.01367407e+00
 1.61645239e+01 -6.38830322e+00
 1.55868095e+01 -7.85433842e+00
 1.48907269e+01 -9.41660932e+00
 1.40506594e+01 -1.10771738e+01
 1.30465286e+01 -1.28334577e+01
 1.18653102e+01 -1.46778686e+01
 1.05003805e+01 -1.65983950e+01
 8.95040506e+00 -1.85796242e+01
 7.21955392e+00 -2.06038934e+01
 5.31899572e+00 -2.26526722e+01
 3.26788358e+00 -2.47082578e+01
 1.09229520e+00 -2.67552810e+01
 -1.17746001e+00 -2.87811237e+01
 -3.50930686e+00 -3.07747582e+01
 -5.87042109e+00 -3.27243844e+01
 -8.22728881e+00 -3.46149331e+01
 -1.05459857e+01 -3.64266760e+01
 -1.27931244e+01 -3.81356317e+01
 -1.49371412e+01 -3.97154585e+01
 -1.69496002e+01 -4.11399628e+01
 -1.88064430e+01 -4.23855321e+01
 -2.04890734e+01 -4.34332142e+01
 -2.19853033e+01 -4.42705363e+01
 -2.32908548e+01 -4.48938357e+01
 -2.44124047e+01 -4.53124997e+01
 -2.53715905e+01 -4.55548462e+01
 -2.62062353e+01 -4.56704295e+01
 -2.69641040e+01 -4.57212923e+01
 -2.76897237e+01 -4.57627399e+01
 -2.84123864e+01 -4.58264812e+01
 -2.91435419e+01 -4.59186972e+01
 -2.98830990e+01 -4.60312466e+01
 -3.06274101e+01 -4.61540356e+01
 -3.13736199e+01 -4.62806822e+01
 -3.21203958e+01 -4.64084407e+01
 -3.28673006e+01 -4.65364468e+01
 -3.36142280e+01 -4.66644956e+01
 -3.43611584e+01 -4.67925502e+01
 -3.51080881e+01 -4.69206052e+01
 -3.58550080e+01 -4.70486586e+01
 -3.66018531e+01 -4.71766991e+01
 -3.73482535e+01 -4.73046634e+01
 -3.80925769e+01 -4.74322717e+01
 -3.88292755e+01 -4.75585727e+01
 -3.95439364e+01 -4.76810955e+01
 -4.02083799e+01 -4.77950090e+01
 -4.07824847e+01 -4.78934346e+01
 -4.12281537e+01 -4.79698410e+01
 -4.12281537e+01 -4.79698410e+01
 -4.12281537e+01 -4.79698410e+01
 -4.12281537e+01 -4.79698410e+01
 -4.12281537e+01 -4.79698410e+01
 -4.12281537e+01 -4.79698410e+01
 -4.12281537e+01 -4.79698410e+01
 -4.12281537e+01 -4.79698410e+01
 -4.12281537e+01 -4.79698410e+01
 -4.12281537e+01 -4.79698410e+01
 -4.12281537e+01 -4.79698410e+01
 -4.12281537e+01 -4.79698410e+01
 -4.12281537e+01 -4.79698410e+01
 -4.12281537e+01 -4.79698410e+01
 -4.12281537e+01 -4.79698410e+01
 -4.12281537e+01 -4.79698410e+01
 -4.12281537e+01 -4.79698410e+01
 -4.12281537e+01 -4.79698410e+01
 -4.12281537e+01 -4.79698410e+01
 -4.12281537e+01 -4.79698410e+01
 -4.12281537e+01 -4.79698410e+01
 -4.12281537e+01 -4.79698410e+01
 -4.12281537e+01 -4.79698410e+01
 -4.12281537e+01 -4.79698410e+01
 -4.12281537e+01 -4.79698410e+01
 -4.12281537e+01 -4.79698410e+01
 -4.12281537e+01 -4.79698410e+01
 -4.12281537e+01 -4.79698410e+01
 -4.12281537e+01 -4.79698410e+01
 -4.12281537e+01 -4.79698410e+01
 -4.12281537e+01 -4.79698410e+01
 -4.12281537e+01 -4.79698410e+01
 -4.12281537e+01 -4.79698410e+01
 -4.12281537e+01 -4.79698410e+01
 -4.12281537e+01 -4.79698410e+01
 -4.12281537e+01 -4.79698410e+01
 -4.12281537e+01 -4.79698410e+01
 -4.12281537e+01 -4.79698410e+01
 -4.12281537e+01 -4.79698410e+01
 -4.12281537e+01 -4.79698410e+01
 -4.12281537e+01 -4.79698410e+01
 -4.12281537e+01 -4.79698410e+01
 -4.12281537e+01 -4.79698410e+01
