 0.00000000e+00 0.00000000e+00
 0.00000000e+00 0.00000000e+00
 0.00000000e+00 0.00000000e+00
 0.00000000e+00 0.00000000e+00
 -7.32393874e-02 3.07560638e-02
 -1.71825235e-01 6.09505217e-02
 -2.93702297e-01 7.76746061e-02
 -4.36282996e-01 6.23316580e-02
 -5.97157037e-01 -8.94658126e-03
 -7.73342484e-01 -1.63283733e-01
 -9.60100621e-01 -4.27359190e-01
 -1.15016862e+00 -8.23119871e-01
 -1.33370458e+00 -1.36396461e+00
 -1.49902721e+00 -2.05206634e+00
 -1.63414990e+00 -2.87729133e+00
 -1.72865753e+00 -3.81783976e+00
 -1.77475361e+00 -4.84239934e+00
 -1.76666152e+00 -5.91361969e+00
 -1.69959065e+00 -6.99273263e+00
 -1.57046950e+00 -8.04459729e+00
 -1.38034367e+00 -9.04177871e+00
 -1.13580284e+00 -9.96648549e+00
 -8.47778164e-01 -1.08102069e+01
 -5.28783675e-01 -1.15717039e+01
 -1.90529331e-01 -1.22542318e+01
 1.57395330e-01 -1.28627971e+01
 5.08398735e-01 -1.34020334e+01
 8.60037247e-01 -1.38749445e+01
 1.21512631e+00 -1.42823206e+01
 1.58185013e+00 -1.46222569e+01
 1.97264371e+00 -1.48893638e+01
 2.40270679e+00 -1.50739761e+01
 2.88887868e+00 -1.51620240e+01
 3.44855187e+00 -1.51358907e+01
 4.09787925e+00 -1.49763442e+01
 4.84928610e+00 -1.46655234e+01
 5.70929070e+00 -1.41902750e+01
 6.67769490e+00 -1.35445060e+01
 7.74815818e+00 -1.27298870e+01
 8.90914565e+00 -1.17555643e+01
 1.01445093e+01 -1.06378669e+01
 1.14340535e+01 -9.40014265e+00
 1.27546210e+01 -8.07191511e+00
 1.40813698e+01 -6.68655707e+00
 1.53886920e+01 -5.27779049e+00
 1.66510704e+01 -3.87653610e+00
 1.78445119e+01 -2.50954960e+00
 1.89484645e+01 -1.19979302e+00
 1.99474684e+01 3.28977695e-02
 2.08318963e+01 1.17210235e+00
 2.15976884e+01 2.20581124e+00
 2.22456228e+01 3.12681774e+00
 2.27807569e+01 3.93183714e+00
 2.32118778e+01 4.62017445e+00
 2.35502996e+01 5.19318614e+00
 2.38082371e+01 5.65471248e+00
 2.39978991e+01 6.01161548e+00
 2.41315693e+01 6.27373327e+00
 2.42215106e+01 6.45323318e+00
 2.42789701e+01 6.56329878e+00
 2.43131769e+01 6.61564730e+00
 2.43311488e+01 6.61690310e+00
 2.43375464e+01 6.56542194e+00
 2.43335919e+01 6.45079853e+00
 2.43157095e+01 6.25658046e+00
 2.42757220e+01 5.96431256e+00
 2.42034200e+01 5.55660627e+00
 2.40898160e+01 5.01850739e+00
 2.39282907e+01 4.33799488e+00
 2.37130725e+01 3.50667689e+00
 2.34374071e+01 2.52082172e+00
 2.30934954e+01 1.38176464e+00
 2.26737025e+01 9.46748471e-02
 2.21711708e+01 -1.33407782e+00
 2.15788179e+01 -2.89943007e+00
 2.08873432e+01 -4.59857825e+00
 2.00838773e+01 -6.43025364e+00
 1.91523745e+01 -8.39329119e+00
 1.80751535e+01 -1.04854386e+01
 1.68340636e+01 -1.27026490e+01
 1.54107268e+01 -1.50386048e+01
 1.37868794e+01 -1.74841681e+01
 1.19462200e+01 -2.00267498e+01
 9.87812350e+00 -2.26501227e+01
 7.58195793e+00 -2.53352420e+01
 5.06978247e+00 -2.80617257e+01
 2.36595508e+00 -3.08088828e+01
 -4.95670442e-01 -3.35556040e+01
 -3.47455772e+00 -3.62793170e+01
 -6.52438793e+00 -3.89546345e+01
 -9.59270626e+00 -4.15524113e+01
 -1.26220090e+01 -4.40396733e+01
 -1.55536891e+01 -4.63804151e+01
 -1.83328897e+01 -4.85372839e+01
 -2.09112312e+01 -5.04743963e+01
 -2.32470744e+01 -5.21609234e+01
 -2.53058716e+01 -5.35739934e+01
 -2.70625397e+01 -5.46993193e+01
 -2.85046632e+01 -5.55292952e+01
 -2.96339435e+01 -5.60606274e+01
 -3.04657440e+01 -5.62955079e+01
 -3.10297481e+01 -5.62495914e+01
 -3.13733411e+01 -5.59644428e+01
 -3.15627983e+01 -5.55135090e+01
 -3.16738998e+01 -5.49889731e+01
 -3.17718700e+01 -5.44714671e+01
 -3.18938969e+01 -5.40040468e+01
 -3.20477122e+01 -5.35902820e+01
 -3.22244702e+01 -5.32128789e+01
 -3.24128576e+01 -5.28533560e+01
 -3.26056485e+01 -5.25004828e+01
 -3.27997137e+01 -5.21495111e+01
 -3.29940636e+01 -5.17989606e+01
 -3.31884628e+01 -5.14484828e+01
 -3.33828687e+01 -5.10980147e+01
 -3.35772750e+01 -5.07475481e+01
 -3.37716788e+01 -5.03970863e+01
 -3.39660632e+01 -5.00466595e+01
 -3.41603318e+01 -4.96964414e+01
 -3.43540598e+01 -4.93471978e+01
 -3.45458032e+01 -4.90015319e+01
 -3.47318109e+01 -4.86662062e+01
 -3.49047482e+01 -4.83544430e+01
 -3.50541728e+01 -4.80850676e+01
 -3.51701688e+01 -4.78759555e+01
 -3.51701688e+01 -4.78759555e+01
 -3.51701688e+01 -4.78759555e+01
 -3.51701688e+01 -4.78759555e+01
 -3.51701688e+01 -4.78759555e+01
 -3.51701688e+01 -4.78759555e+01
 -3.51701688e+01 -4.78759555e+01
 -3.51701688e+01 -4.78759555e+01
 -3.51701688e+01 -4.78759555e+01
 -3.51701688e+01 -4.78759555e+01
 -3.51701688e+01 -4.78759555e+01
 -3.51701688e+01 -4.78759555e+01
 -3.51701688e+01 -4.78759555e+01
 -3.51701688e+01 -4.78759555e+01
 -3.51701688e+01 -4.78759555e+01
 -3.51701688e+01 -4.78759555e+01
 -3.51701688e+01 -4.78759555e+01
 -3.51701688e+01 -4.78759555e+01
 -3.51701688e+01 -4.78759555e+01
 -3.51701688e+01 -4.78759555e+01
 -3.51701688e+01 -4.78759555e+01
 -3.51701688e+01 -4.78759555e+01
 -3.51701688e+01 -4.78759555e+01
 -3.51701688e+01 -4.78759555e+01
 -3.51701688e+01 -4.78759555e+01
 -3.51701688e+01 -4.78759555e+01
 -3.51701688e+01 -4.78759555e+01
 -3.51701688e+01 -4.78759555e+01
 -3.51701688e+01 -4.78759555e+01
 -3.51701688e+01 -4.78759555e+01
 -3.51701688e+01 -4.78759555e+01
 -3.51701688e+01 -4.78759555e+01
 -3.51701688e+01 -4.78759555e+01
 -3.51701688e+01 -4.78759555e+01
 -3.51701688e+01 -4.78759555e+01
 -3.51701688e+01 -4.78759555e+01
 -3.51701688e+01 -4.78759555e+01
 -3.51701688e+01 -4.78759555e+01
 -3.51701688e+01 -4.78759555e+01
