 0.00000000e+00 0.00000000e+00
 0.00000000e+00 0.00000000e+00
 0.00000000e+00 0.00000000e+00
 0.00000000e+00 0.00000000e+00
 -1.59300296e-05 2.90919003e-02
 -1.13899624e-04 5.99468689e-02
 -5.92326802e-04 8.69825263e-02
 -2.45877721e-03 1.03944452e-01
 -8.32391027e-03 1.01447195e-01
 -2.33403353e-02 6.42118281e-02
 -5.51682181e-02 -2.90385636e-02
 -1.12252654e-01 -2.03255630e-01
 -2.01394772e-01 -4.84530910e-01
 -3.26662703e-01 -8.98189242e-01
 -4.90064950e-01 -1.46651296e+00
 -6.92042735e-01 -2.20532787e+00
 -9.30282443e-01 -3.12007885e+00
 -1.19795009e+00 -4.20284940e+00
 -1.48334511e+00 -5.43152280e+00
 -1.77116715e+00 -6.77126158e+00
 -2.04410389e+00 -8.17758160e+00
 -2.28435472e+00 -9.60026781e+00
 -2.47603701e+00 -1.09877948e+01
 -2.60833543e+00 -1.22919547e+01
 -2.67683164e+00 -1.34720242e+01
 -2.68092093e+00 -1.44974846e+01
 -2.61929305e+00 -1.53485093e+01
 -2.48778765e+00 -1.60143904e+01
 -2.28097570e+00 -1.64911263e+01
 -1.99478115e+00 -1.67794381e+01
 -1.62747624e+00 -1.68835338e+01
 -1.17904825e+00 -1.68102093e+01
 -6.50274771e-01 -1.65680483e+01
 -4.23871573e-02 -1.61669989e+01
 6.42476430e-01 -1.56186192e+01
 1.40040945e+00 -1.49367004e+01
 2.22549717e+00 -1.41373859e+01
 3.11106724e+00 -1.32381600e+01
 4.05189801e+00 -1.22561648e+01
 5.04567747e+00 -1.12069346e+01
 6.09254242e+00 -1.01040288e+01
 7.19318008e+00 -8.95918075e+00
 8.34698984e+00 -7.78254643e+00
 9.55119310e+00 -6.58309095e+00
 1.08002297e+01 -5.36939991e+00
 1.20842749e+01 -4.15109738e+00
 1.33871267e+01 -2.94063815e+00
 1.46851310e+01 -1.75470456e+00
 1.59482782e+01 -6.14272508e-01
 1.71431739e+01 4.57054102e-01
 1.82370279e+01 1.43595960e+00
 1.92018252e+01 2.30256340e+00
 2.00176916e+01 3.04283199e+00
 2.06746306e+01 3.64971467e+00
 2.11725376e+01 4.12303083e+00
 2.15199465e+01 4.46860023e+00
 2.17318714e+01 4.69710351e+00
 2.18268223e+01 4.82273358e+00
 2.18233987e+01 4.86140021e+00
 2.17376080e+01 4.82845067e+00
 2.15819482e+01 4.73641397e+00
 2.13661203e+01 4.59370194e+00
 2.10985407e+01 4.40501231e+00
 2.07881437e+01 4.17323965e+00
 2.04460622e+01 3.90159160e+00
 2.00863709e+01 3.59427361e+00
 1.97251600e+01 3.25494207e+00
 1.93780107e+01 2.88361906e+00
 1.90568162e+01 2.47387808e+00
 1.87673523e+01 2.01195508e+00
 1.85086115e+01 1.47813281e+00
 1.82736756e+01 8.49515917e-01
 1.80508887e+01 1.03096941e-01
 1.78243125e+01 -7.81508353e-01
 1.75734738e+01 -1.81987789e+00
 1.72732028e+01 -3.02134555e+00
 1.68944932e+01 -4.38860287e+00
 1.64068156e+01 -5.91845750e+00
 1.57813173e+01 -7.60334394e+00
 1.49935391e+01 -9.43274752e+00
 1.40245629e+01 -1.13938394e+01
 1.28608091e+01 -1.34713647e+01
 1.14937772e+01 -1.56474834e+01
 9.92079575e+00 -1.79020063e+01
 8.14654424e+00 -2.02127667e+01
 6.18404769e+00 -2.25559114e+01
 4.05415034e+00 -2.49064546e+01
 1.78379511e+00 -2.72394171e+01
 -5.95780870e-01 -2.95313279e+01
 -3.05027856e+00 -3.17614713e+01
 -5.54295921e+00 -3.39120583e+01
 -8.03460970e+00 -3.59667433e+01
 -1.04830407e+01 -3.79080565e+01
 -1.28432585e+01 -3.97155996e+01
 -1.50696403e+01 -4.13666639e+01
 -1.71198406e+01 -4.28390865e+01
 -1.89584373e+01 -4.41143306e+01
 -2.05587169e+01 -4.51787835e+01
 -2.19033177e+01 -4.60234051e+01
 -2.29863520e+01 -4.66445374e+01
 -2.38189560e+01 -4.70492337e+01
 -2.44361527e+01 -4.72644309e+01
 -2.48977285e+01 -4.73420214e+01
 -2.52761141e+01 -4.73498262e+01
 -2.56344324e+01 -4.73493059e+01
 -2.60091565e+01 -4.73756692e+01
 -2.64091547e+01 -4.74353132e+01
 -2.68278607e+01 -4.75185243e+01
 -2.72560931e+01 -4.76135573e+01
 -2.76879281e+01 -4.77130339e+01
 -2.81208024e+01 -4.78137892e+01
 -2.85539081e+01 -4.79148290e+01
 -2.89870538e+01 -4.80159179e+01
 -2.94202048e+01 -4.81170134e+01
 -2.98533557e+01 -4.82181094e+01
 -3.02865011e+01 -4.83192042e+01
 -3.07196030e+01 -4.84202889e+01
 -3.11524471e+01 -4.85213133e+01
 -3.15840867e+01 -4.86220567e+01
 -3.20113046e+01 -4.87217680e+01
 -3.24257426e+01 -4.88184965e+01
 -3.28110592e+01 -4.89084282e+01
 -3.31439876e+01 -4.89861327e+01
 -3.34024349e+01 -4.90464535e+01
 -3.34024349e+01 -4.90464535e+01
 -3.34024349e+01 -4.90464535e+01
 -3.34024349e+01 -4.90464535e+01
 -3.34024349e+01 -4.90464535e+01
 -3.34024349e+01 -4.90464535e+01
 -3.34024349e+01 -4.90464535e+01
 -3.34024349e+01 -4.90464535e+01
 -3.34024349e+01 -4.90464535e+01
 -3.34024349e+01 -4.90464535e+01
 -3.34024349e+01 -4.90464535e+01
 -3.34024349e+01 -4.90464535e+01
 -3.34024349e+01 -4.90464535e+01
 -3.34024349e+01 -4.90464535e+01
 -3.34024349e+01 -4.90464535e+01
 -3.34024349e+01 -4.90464535e+01
 -3.34024349e+01 -4.90464535e+01
 -3.34024349e+01 -4.90464535e+01
 -3.34024349e+01 -4.90464535e+01
 -3.34024349e+01 -4.90464535e+01
 -3.34024349e+01 -4.90464535e+01
 -3.34024349e+01 -4.90464535e+01
 -3.34024349e+01 -4.90464535e+01
 -3.34024349e+01 -4.90464535e+01
 -3.34024349e+01 -4.90464535e+01
 -3.34024349e+01 -4.90464535e+01
 -3.34024349e+01 -4.90464535e+01
 -3.34024349e+01 -4.90464535e+01
 -3.34024349e+01 -4.90464535e+01
 -3.34024349e+01 -4.90464535e+01
 -3.34024349e+01 -4.90464535e+01
 -3.34024349e+01 -4.90464535e+01
 -3.34024349e+01 -4.90464535e+01
 -3.34024349e+01 -4.90464535e+01
 -3.34024349e+01 -4.90464535e+01
 -3.34024349e+01 -4.90464535e+01
 -3.34024349e+01 -4.90464535e+01
 -3.34024349e+01 -4.90464535e+01
 -3.34024349e+01 -4.90464535e+01
 -3.34024349e+01 -4.90464535e+01
