 0.00000000e+00 0.00000000e+00
 0.00000000e+00 0.00000000e+00
 0.00000000e+00 0.00000000e+00
 0.00000000e+00 0.00000000e+00
 -3.09139684e-02 6.11381948e-02
 -7.76416732e-02 1.35762268e-01
 -1.41220531e-01 2.13395422e-01
 -2.21671493e-01 2.81077904e-01
 -3.18693186e-01 3.25403947e-01
 -4.31737110e-01 3.31972375e-01
 -5.60027454e-01 2.82874900e-01
 -7.03098188e-01 1.55154530e-01
 -8.61207846e-01 -7.71343964e-02
 -1.03479375e+00 -4.37913305e-01
 -1.22334819e+00 -9.44305534e-01
 -1.42473316e+00 -1.60423027e+00
 -1.63527070e+00 -2.41596183e+00
 -1.85020530e+00 -3.36840392e+00
 -2.06414478e+00 -4.44163994e+00
 -2.27144953e+00 -5.60815619e+00
 -2.46665768e+00 -6.83515871e+00
 -2.64483305e+00 -8.08772787e+00
 -2.80162020e+00 -9.33182549e+00
 -2.93310766e+00 -1.05361908e+01
 -3.03599761e+00 -1.16730681e+01
 -3.10828872e+00 -1.27185596e+01
 -3.14958663e+00 -1.36532241e+01
 -3.15970653e+00 -1.44627381e+01
 -3.13592263e+00 -1.51381297e+01
 -3.07145282e+00 -1.56754834e+01
 -2.95703137e+00 -1.60753246e+01
 -2.78408079e+00 -1.63417397e+01
 -2.54661735e+00 -1.64810820e+01
 -2.24122794e+00 -1.65003459e+01
 -1.86656037e+00 -1.64057773e+01
 -1.42323841e+00 -1.62023750e+01
 -9.13865910e-01 -1.58944283e+01
 -3.42783672e-01 -1.54866385e+01
 2.84257299e-01 -1.49851275e+01
 9.60402191e-01 -1.43977944e+01
 1.67827443e+00 -1.37338422e+01
 2.43120449e+00 -1.30026336e+01
 3.21491373e+00 -1.22122367e+01
 4.02873878e+00 -1.13682088e+01
 4.87552651e+00 -1.04732202e+01
 5.76019092e+00 -9.52784452e+00
 6.68761431e+00 -8.53240318e+00
 7.66049911e+00 -7.48941525e+00
 8.67738382e+00 -6.40590059e+00
 9.73106006e+00 -5.29462785e+00
 1.08079842e+01 -4.17379295e+00
 1.18890580e+01 -3.06549154e+00
 1.29512598e+01 -1.99387700e+00
 1.39693237e+01 -9.83519297e-01
 1.49175251e+01 -5.77291968e-02
 1.57722824e+01 7.63596440e-01
 1.65154903e+01 1.46649024e+00
 1.71370804e+01 2.04490927e+00
 1.76352707e+01 2.50116521e+00
 1.80148755e+01 2.84460393e+00
 1.82858015e+01 3.08955653e+00
 1.84630188e+01 3.25358975e+00
 1.85665778e+01 3.35574411e+00
 1.86192686e+01 3.41391779e+00
 1.86420098e+01 3.44181439e+00
 1.86497914e+01 3.44681288e+00
 1.86503304e+01 3.42938145e+00
 1.86448240e+01 3.38364615e+00
 1.86291640e+01 3.29850677e+00
 1.85953456e+01 3.15893113e+00
 1.85337121e+01 2.94748836e+00
 1.84354198e+01 2.64631258e+00
 1.82932459e+01 2.23910379e+00
 1.81002154e+01 1.71239388e+00
 1.78478052e+01 1.05594648e+00
 1.75253574e+01 2.62879987e-01
 1.71205062e+01 -6.70161739e-01
 1.66198457e+01 -1.74311844e+00
 1.60098368e+01 -2.95314496e+00
 1.52782881e+01 -4.29534243e+00
 1.44162858e+01 -5.76297318e+00
 1.34198976e+01 -7.34711923e+00
 1.22907912e+01 -9.03632897e+00
 1.10353931e+01 -1.08168202e+01
 9.66312615e+00 -1.26735070e+01
 8.18445670e+00 -1.45917887e+01
 6.60878948e+00 -1.65596405e+01
 4.94212123e+00 -1.85692055e+01
 3.18524353e+00 -2.06171613e+01
 1.33357995e+00 -2.27036765e+01
 -6.21367240e-01 -2.48304080e+01
 -2.69008188e+00 -2.69983302e+01
 -4.88348982e+00 -2.92061233e+01
 -7.21163671e+00 -3.14494797e+01
 -9.68184123e+00 -3.37211811e+01
 -1.22960090e+01 -3.60114001e+01
 -1.50475906e+01 -3.83076147e+01
 -1.79187790e+01 -4.05938509e+01
 -2.08781407e+01 -4.28495205e+01
 -2.38790855e+01 -4.50484628e+01
 -2.68602186e+01 -4.71586171e+01
 -2.97484106e+01 -4.91424477e+01
 -3.24646082e+01 -5.09584282e+01
 -3.49324147e+01 -5.25645784e+01
 -3.70903036e+01 -5.39256548e+01
 -3.89078762e+01 -5.50250845e+01
 -4.04021389e+01 -5.58789399e+01
 -4.16424535e+01 -5.65423437e+01
 -4.27323339e+01 -5.70970720e+01
 -4.37719223e+01 -5.76220643e+01
 -4.48248656e+01 -5.81663926e+01
 -4.59114192e+01 -5.87436547e+01
 -4.70251417e+01 -5.93460728e+01
 -4.81532524e+01 -5.99615374e+01
 -4.92869279e+01 -6.05819966e+01
 -5.04222323e+01 -6.12039093e+01
 -5.15579031e+01 -6.18261479e+01
 -5.26936376e+01 -6.24484430e+01
 -5.38293806e+01 -6.30707456e+01
 -5.49651230e+01 -6.36930482e+01
 -5.61008505e+01 -6.43153427e+01
 -5.72364643e+01 -6.49375748e+01
 -5.83714019e+01 -6.55594365e+01
 -5.95031814e+01 -6.61795677e+01
 -6.06233668e+01 -6.67933463e+01
 -6.17100430e+01 -6.73887643e+01
 -6.27203613e+01 -6.79423438e+01
 -6.35933151e+01 -6.84206578e+01
 -6.42709762e+01 -6.87919659e+01
 -6.42709762e+01 -6.87919659e+01
 -6.42709762e+01 -6.87919659e+01
 -6.42709762e+01 -6.87919659e+01
 -6.42709762e+01 -6.87919659e+01
 -6.42709762e+01 -6.87919659e+01
 -6.42709762e+01 -6.87919659e+01
 -6.42709762e+01 -6.87919659e+01
 -6.42709762e+01 -6.87919659e+01
 -6.42709762e+01 -6.87919659e+01
 -6.42709762e+01 -6.87919659e+01
 -6.42709762e+01 -6.87919659e+01
 -6.42709762e+01 -6.87919659e+01
 -6.42709762e+01 -6.87919659e+01
 -6.42709762e+01 -6.87919659e+01
 -6.42709762e+01 -6.87919659e+01
 -6.42709762e+01 -6.87919659e+01
 -6.42709762e+01 -6.87919659e+01
 -6.42709762e+01 -6.87919659e+01
 -6.42709762e+01 -6.87919659e+01
 -6.42709762e+01 -6.87919659e+01
 -6.42709762e+01 -6.87919659e+01
 -6.42709762e+01 -6.87919659e+01
 -6.42709762e+01 -6.87919659e+01
 -6.42709762e+01 -6.87919659e+01
 -6.42709762e+01 -6.87919659e+01
 -6.42709762e+01 -6.87919659e+01
 -6.42709762e+01 -6.87919659e+01
 -6.42709762e+01 -6.87919659e+01
 -6.42709762e+01 -6.87919659e+01
 -6.42709762e+01 -6.87919659e+01
 -6.42709762e+01 -6.87919659e+01
 -6.42709762e+01 -6.87919659e+01
 -6.42709762e+01 -6.87919659e+01
 -6.42709762e+01 -6.87919659e+01
