 0.00000000e+00 0.00000000e+00
 0.00000000e+00 0.00000000e+00
 0.00000000e+00 0.00000000e+00
 0.00000000e+00 0.00000000e+00
 0.00000000e+00 0.00000000e+00
 0.00000000e+00 0.00000000e+00
 0.00000000e+00 0.00000000e+00
 0.00000000e+00 0.00000000e+00
 -9.99359943e-02 1.43827333e-01
 -2.19117885e-01 3.22635147e-01
 -3.41065525e-01 5.20068880e-01
 -4.51544443e-01 7.19451413e-01
 -5.44022109e-01 9.07908802e-01
 -6.18707139e-01 1.07615531e+00
 -6.78542147e-01 1.21632499e+00
 -7.27345398e-01 1.31988848e+00
 -7.71275910e-01 1.37600628e+00
 -8.20439052e-01 1.37037511e+00
 -8.87369065e-01 1.28533333e+00
 -9.83010089e-01 1.10202236e+00
 -1.11402784e+00 8.03896194e-01
 -1.28380219e+00 3.79240583e-01
 -1.49529378e+00 -1.78929598e-01
 -1.75256212e+00 -8.74581620e-01
 -2.06013901e+00 -1.70977088e+00
 -2.42191335e+00 -2.68455929e+00
 -2.84109386e+00 -3.79707309e+00
 -3.32124258e+00 -5.04469157e+00
 -3.86717788e+00 -6.42553818e+00
 -4.48452618e+00 -7.93860293e+00
 -5.17770553e+00 -9.58190601e+00
 -5.94732221e+00 -1.13497188e+01
 -6.78848744e+00 -1.32302568e+01
 -7.69103216e+00 -1.52045298e+01
 -8.64116997e+00 -1.72464027e+01
 -9.62294470e+00 -1.93236632e+01
 -1.06182350e+01 -2.13995342e+01
 -1.16058949e+01 -2.34340723e+01
 -1.25617762e+01 -2.53857327e+01
 -1.34606990e+01 -2.72139263e+01
 -1.42797400e+01 -2.88824983e+01
 -1.50011227e+01 -3.03629167e+01
 -1.56134185e+01 -3.16362640e+01
 -1.61112802e+01 -3.26942524e+01
 -1.64950163e+01 -3.35397258e+01
 -1.67709400e+01 -3.41862284e+01
 -1.69519583e+01 -3.46555756e+01
 -1.70565500e+01 -3.49731009e+01
 -1.71046018e+01 -3.51620152e+01
 -1.71112237e+01 -3.52394161e+01
 -1.70824921e+01 -3.52155299e+01
 -1.70162973e+01 -3.50953153e+01
 -1.69069669e+01 -3.48800532e+01
 -1.67491239e+01 -3.45676509e+01
 -1.65381239e+01 -3.41525330e+01
 -1.62685821e+01 -3.36264999e+01
 -1.59335871e+01 -3.29807952e+01
 -1.55251003e+01 -3.22086036e+01
 -1.50346929e+01 -3.13069112e+01
 -1.44544256e+01 -3.02770178e+01
 -1.37782066e+01 -2.91241584e+01
 -1.30034480e+01 -2.78576760e+01
 -1.21324003e+01 -2.64924512e+01
 -1.11727583e+01 -2.50505213e+01
 -1.01375295e+01 -2.35612013e+01
 -9.04435097e+00 -2.20590070e+01
 -7.91445536e+00 -2.05801218e+01
 -6.77133411e+00 -1.91589613e+01
 -5.63901939e+00 -1.78259692e+01
 -4.54001570e+00 -1.66065150e+01
 -3.49316540e+00 -1.55200883e+01
 -2.51181548e+00 -1.45793938e+01
 -1.60264074e+00 -1.37897134e+01
 -7.65617868e-01 -1.31492894e+01
 4.45524394e-03 -1.26511241e+01
 7.15259098e-01 -1.22856151e+01
 1.37413947e+00 -1.20428535e+01
 1.98597116e+00 -1.19139527e+01
 2.55172594e+00 -1.18916919e+01
 3.06760618e+00 -1.19709293e+01
 3.52484793e+00 -1.21487243e+01
 3.91018618e+00 -1.24238467e+01
 4.20676537e+00 -1.27957505e+01
 4.39553213e+00 -1.32635551e+01
 4.45758287e+00 -1.38254178e+01
 4.37765771e+00 -1.44781723e+01
 4.14754857e+00 -1.52169813e+01
 3.76718010e+00 -1.60350402e+01
 3.24267225e+00 -1.69235501e+01
 2.58340412e+00 -1.78720268e+01
 1.80043274e+00 -1.88688302e+01
 9.06564185e-01 -1.99018203e+01
 -8.31578814e-02 -2.09591080e+01
 -1.15153059e+00 -2.20297420e+01
 -2.27973130e+00 -2.31039972e+01
 -3.44764953e+00 -2.41729582e+01
 -4.63386685e+00 -2.52274133e+01
 -5.81587831e+00 -2.62565479e+01
 -6.97104837e+00 -2.72472395e+01
 -8.07817288e+00 -2.81844905e+01
 -9.11916802e+00 -2.90527872e+01
 -1.00803490e+01 -2.98376265e+01
 -1.09529100e+01 -3.05266382e+01
 -1.17326601e+01 -3.11103159e+01
 -1.24193116e+01 -3.15827064e+01
 -1.30153081e+01 -3.19422224e+01
 -1.35241696e+01 -3.21923000e+01
 -1.39492468e+01 -3.23414836e+01
 -1.42945500e+01 -3.24031098e+01
 -1.45682200e+01 -3.23952925e+01
 -1.47860904e+01 -3.23407532e+01
 -1.49707927e+01 -3.22642141e+01
 -1.51449921e+01 -3.21865216e+01
 -1.53236231e+01 -3.21191783e+01
 -1.55114555e+01 -3.20639229e+01
 -1.57066582e+01 -3.20171102e+01
 -1.59057843e+01 -3.19745136e+01
 -1.61064392e+01 -3.19334990e+01
 -1.63075446e+01 -3.18929393e+01
 -1.65087520e+01 -3.18524807e+01
 -1.67099773e+01 -3.18120396e+01
 -1.69112049e+01 -3.17716009e+01
 -1.71124325e+01 -3.17311624e+01
 -1.73136575e+01 -3.16907245e+01
 -1.75148624e+01 -3.16502906e+01
 -1.77159474e+01 -3.16098808e+01
 -1.79164729e+01 -3.15695835e+01
 -1.81149442e+01 -3.15296990e+01
 -1.83074784e+01 -3.14910076e+01
 -1.84864838e+01 -3.14550349e+01
 -1.86411513e+01 -3.14239531e+01
 -1.87612173e+01 -3.13998248e+01
 -1.87612173e+01 -3.13998248e+01
 -1.87612173e+01 -3.13998248e+01
 -1.87612173e+01 -3.13998248e+01
 -1.87612173e+01 -3.13998248e+01
 -1.87612173e+01 -3.13998248e+01
 -1.87612173e+01 -3.13998248e+01
 -1.87612173e+01 -3.13998248e+01
 -1.87612173e+01 -3.13998248e+01
 -1.87612173e+01 -3.13998248e+01
 -1.87612173e+01 -3.13998248e+01
 -1.87612173e+01 -3.13998248e+01
 -1.87612173e+01 -3.13998248e+01
 -1.87612173e+01 -3.13998248e+01
 -1.87612173e+01 -3.13998248e+01
 -1.87612173e+01 -3.13998248e+01
 -1.87612173e+01 -3.13998248e+01
 -1.87612173e+01 -3.13998248e+01
 -1.87612173e+01 -3.13998248e+01
 -1.87612173e+01 -3.13998248e+01
 -1.87612173e+01 -3.13998248e+01
 -1.87612173e+01 -3.13998248e+01
 -1.87612173e+01 -3.13998248e+01
 -1.87612173e+01 -3.13998248e+01
 -1.87612173e+01 -3.13998248e+01
 -1.87612173e+01 -3.13998248e+01
 -1.87612173e+01 -3.13998248e+01
 -1.87612173e+01 -3.13998248e+01
 -1.87612173e+01 -3.13998248e+01
 -1.87612173e+01 -3.13998248e+01
 -1.87612173e+01 -3.13998248e+01
 -1.87612173e+01 -3.13998248e+01
 -1.87612173e+01 -3.13998248e+01
 -1.87612173e+01 -3.13998248e+01
 -1.87612173e+01 -3.13998248e+01
 -1.87612173e+01 -3.13998248e+01
 -1.87612173e+01 -3.13998248e+01
 -1.87612173e+01 -3.13998248e+01
 -1.87612173e+01 -3.13998248e+01
 -1.87612173e+01 -3.13998248e+01
 -1.87612173e+01 -3.13998248e+01
 -1.87612173e+01 -3.13998248e+01
 -1.87612173e+01 -3.13998248e+01
