 0.00000000e+00 0.00000000e+00
 0.00000000e+00 0.00000000e+00
 0.00000000e+00 0.00000000e+00
 0.00000000e+00 0.00000000e+00
 -3.28552850e-06 -4.18039679e-04
 -2.90012579e-05 -2.17983432e-03
 -1.88381417e-04 -8.27412302e-03
 -9.74450294e-04 -2.58157501e-02
 -4.07984197e-03 -6.85186232e-02
 -1.39920800e-02 -1.58074018e-01
 -3.98527465e-02 -3.23088436e-01
 -9.58445604e-02 -5.95510138e-01
 -1.98429615e-01 -1.00578328e+00
 -3.61262976e-01 -1.57819009e+00
 -5.91042686e-01 -2.32713661e+00
 -8.86431129e-01 -3.25435825e+00
 -1.23891760e+00 -4.34686230e+00
 -1.63353917e+00 -5.57604989e+00
 -2.04924911e+00 -6.89915108e+00
 -2.46021748e+00 -8.26369475e+00
 -2.83883942e+00 -9.61412598e+00
 -3.15983401e+00 -1.08984701e+01
 -3.40401249e+00 -1.20733862e+01
 -3.56031468e+00 -1.31070933e+01
 -3.62519409e+00 -1.39800655e+01
 -3.59966450e+00 -1.46835292e+01
 -3.48593213e+00 -1.52165583e+01
 -3.28551858e+00 -1.55831522e+01
 -2.99891604e+00 -1.57900208e+01
 -2.62579495e+00 -1.58446229e+01
 -2.16538805e+00 -1.57531489e+01
 -1.61699599e+00 -1.55194386e+01
 -9.80362175e-01 -1.51459498e+01
 -2.56010843e-01 -1.46362046e+01
 5.54174814e-01 -1.39969256e+01
 1.44662062e+00 -1.32386903e+01
 2.41680622e+00 -1.23751428e+01
 3.46073000e+00 -1.14214091e+01
 4.57547354e+00 -1.03924511e+01
 5.75784802e+00 -9.30193599e+00
 7.00208125e+00 -8.16193053e+00
 8.29846374e+00 -6.98351166e+00
 9.63358820e+00 -5.77818219e+00
 1.09909372e+01 -4.55959600e+00
 1.23505867e+01 -3.34483770e+00
 1.36885328e+01 -2.15477679e+00
 1.49771113e+01 -1.01346929e+00
 1.61871091e+01 5.33157400e-02
 1.72908926e+01 1.02040946e+00
 1.82654952e+01 1.86612321e+00
 1.90948210e+01 2.57477758e+00
 1.97703174e+01 3.13727644e+00
 2.02898407e+01 3.54854088e+00
 2.06552742e+01 3.80280815e+00
 2.08700545e+01 3.89007358e+00
 2.09373896e+01 3.79654416e+00
 2.08593026e+01 3.50863322e+00
 2.06364114e+01 3.01706924e+00
 2.02681345e+01 2.31835623e+00
 1.97530268e+01 1.41401761e+00
 1.90896508e+01 3.09837243e-01
 1.82784126e+01 -9.83772363e-01
 1.73234211e+01 -2.45108594e+00
 1.62326393e+01 -4.07162588e+00
 1.50158291e+01 -5.82271866e+00
 1.36816261e+01 -7.68322477e+00
 1.22354509e+01 -9.63653073e+00
 1.06787231e+01 -1.16711412e+01
 9.00871913e+00 -1.37786513e+01
 7.21866897e+00 -1.59505304e+01
 5.29852749e+00 -1.81758088e+01
 3.23697360e+00 -2.04409210e+01
 1.02456779e+00 -2.27313693e+01
 -1.34267544e+00 -2.50338155e+01
 -3.86044282e+00 -2.73373121e+01
 -6.51498928e+00 -2.96332074e+01
 -9.28382831e+00 -3.19139571e+01
 -1.21372993e+01 -3.41712204e+01
 -1.50396430e+01 -3.63935511e+01
 -1.79489265e+01 -3.85641961e+01
 -2.08167112e+01 -4.06598041e+01
 -2.35892366e+01 -4.26506624e+01
 -2.62107336e+01 -4.45024206e+01
 -2.86273907e+01 -4.61786550e+01
 -3.07900402e+01 -4.76435041e+01
 -3.26554488e+01 -4.88640367e+01
 -3.41884243e+01 -4.98130323e+01
 -3.53678442e+01 -5.04742284e+01
 -3.61979999e+01 -5.08519515e+01
 -3.67213862e+01 -5.09825366e+01
 -3.70218865e+01 -5.09374908e+01
 -3.72070123e+01 -5.08078440e+01
 -3.73729246e+01 -5.06734578e+01
 -3.75750378e+01 -5.05781056e+01
 -3.78247913e+01 -5.05279608e+01
 -3.81088480e+01 -5.05090909e+01
 -3.84102565e+01 -5.05057137e+01
 -3.87182231e+01 -5.05081141e+01
 -3.90280846e+01 -5.05121683e+01
 -3.93383689e+01 -5.05165889e+01
 -3.96487264e+01 -5.05210726e+01
 -3.99590938e+01 -5.05255648e+01
 -4.02694618e+01 -5.05300579e+01
 -4.05798257e+01 -5.05345510e+01
 -4.08901586e+01 -5.05390437e+01
 -4.12003067e+01 -5.05435336e+01
 -4.15095918e+01 -5.05480111e+01
 -4.18157086e+01 -5.05524427e+01
 -4.21126681e+01 -5.05567418e+01
 -4.23887611e+01 -5.05607388e+01
 -4.26273161e+01 -5.05641923e+01
 -4.28125027e+01 -5.05668732e+01
 -4.28125027e+01 -5.05668732e+01
 -4.28125027e+01 -5.05668732e+01
 -4.28125027e+01 -5.05668732e+01
 -4.28125027e+01 -5.05668732e+01
 -4.28125027e+01 -5.05668732e+01
 -4.28125027e+01 -5.05668732e+01
 -4.28125027e+01 -5.05668732e+01
 -4.28125027e+01 -5.05668732e+01
 -4.28125027e+01 -5.05668732e+01
 -4.28125027e+01 -5.05668732e+01
 -4.28125027e+01 -5.05668732e+01
 -4.28125027e+01 -5.05668732e+01
 -4.28125027e+01 -5.05668732e+01
 -4.28125027e+01 -5.05668732e+01
 -4.28125027e+01 -5.05668732e+01
 -4.28125027e+01 -5.05668732e+01
 -4.28125027e+01 -5.05668732e+01
 -4.28125027e+01 -5.05668732e+01
 -4.28125027e+01 -5.05668732e+01
 -4.28125027e+01 -5.05668732e+01
 -4.28125027e+01 -5.05668732e+01
 -4.28125027e+01 -5.05668732e+01
 -4.28125027e+01 -5.05668732e+01
 -4.28125027e+01 -5.05668732e+01
 -4.28125027e+01 -5.05668732e+01
 -4.28125027e+01 -5.05668732e+01
 -4.28125027e+01 -5.05668732e+01
 -4.28125027e+01 -5.05668732e+01
 -4.28125027e+01 -5.05668732e+01
 -4.28125027e+01 -5.05668732e+01
 -4.28125027e+01 -5.05668732e+01
 -4.28125027e+01 -5.05668732e+01
 -4.28125027e+01 -5.05668732e+01
 -4.28125027e+01 -5.05668732e+01
 -4.28125027e+01 -5.05668732e+01
 -4.28125027e+01 -5.05668732e+01
 -4.28125027e+01 -5.05668732e+01
 -4.28125027e+01 -5.05668732e+01
 -4.28125027e+01 -5.05668732e+01
 -4.28125027e+01 -5.05668732e+01
 -4.28125027e+01 -5.05668732e+01
 -4.28125027e+01 -5.05668732e+01
 -4.28125027e+01 -5.05668732e+01
 -4.28125027e+01 -5.05668732e+01
 -4.28125027e+01 -5.05668732e+01
 -4.28125027e+01 -5.05668732e+01
 -4.28125027e+01 -5.05668732e+01
 -4.28125027e+01 -5.05668732e+01
 -4.28125027e+01 -5.05668732e+01
 -4.28125027e+01 -5.05668732e+01
 -4.28125027e+01 -5.05668732e+01
