 0.00000000e+00 0.00000000e+00
 0.00000000e+00 0.00000000e+00
 0.00000000e+00 0.00000000e+00
 0.00000000e+00 0.00000000e+00
 -4.77531250e-04 -1.50978847e-01
 -2.40785282e-03 -3.86564740e-01
 -8.72712151e-03 -7.25572202e-01
 -2.56516677e-02 -1.18349790e+00
 -6.32066532e-02 -1.77114495e+00
 -1.33321345e-01 -2.49285690e+00
 -2.45453515e-01 -3.34474719e+00
 -4.02049234e-01 -4.31358090e+00
 -5.96488900e-01 -5.37699565e+00
 -8.14073822e-01 -6.50534847e+00
 -1.03484166e+00 -7.66464341e+00
 -1.23709530e+00 -8.81952971e+00
 -1.40099792e+00 -9.93580118e+00
 -1.51115435e+00 -1.09824683e+01
 -1.55689168e+00 -1.19334580e+01
 -1.53064585e+00 -1.27686482e+01
 -1.42706582e+00 -1.34739862e+01
 -1.24433752e+00 -1.40407603e+01
 -9.85420592e-01 -1.44642350e+01
 -6.56276588e-01 -1.47419035e+01
 -2.61921448e-01 -1.48717339e+01
 1.96596845e-01 -1.48508847e+01
 7.22979962e-01 -1.46752834e+01
 1.32502138e+00 -1.43401231e+01
 2.01328796e+00 -1.38409308e+01
 2.79923663e+00 -1.31748819e+01
 3.69292760e+00 -1.23423314e+01
 4.70078246e+00 -1.13484594e+01
 5.82368324e+00 -1.02045193e+01
 7.05550799e+00 -8.92816849e+00
 8.38239726e+00 -7.54291325e+00
 9.78323697e+00 -6.07718086e+00
 1.12314846e+01 -4.56338744e+00
 1.26977858e+01 -3.03685943e+00
 1.41524877e+01 -1.53428193e+00
 1.55673841e+01 -9.16730169e-02
 1.69165110e+01 1.25778213e+00
 1.81762462e+01 2.48571591e+00
 1.93253457e+01 3.57028258e+00
 2.03457223e+01 4.49757402e+00
 2.12242760e+01 5.26252187e+00
 2.19549593e+01 5.86883858e+00
 2.25396199e+01 6.32780700e+00
 2.29871450e+01 6.65635159e+00
 2.33120637e+01 6.87505149e+00
 2.35336152e+01 7.00619571e+00
 2.36743985e+01 7.07147384e+00
 2.37573979e+01 7.08948678e+00
 2.38023806e+01 7.07422546e+00
 2.38237558e+01 7.03532749e+00
 2.38303035e+01 6.97953532e+00
 2.38258465e+01 6.91203078e+00
 2.38106236e+01 6.83665743e+00
 2.37835104e+01 6.75492786e+00
 2.37441847e+01 6.66464761e+00
 2.36938075e+01 6.55918693e+00
 2.36340203e+01 6.42775927e+00
 2.35654548e+01 6.25645505e+00
 2.34869546e+01 6.02962337e+00
 2.33957916e+01 5.73116110e+00
 2.32883085e+01 5.34538309e+00
 2.31601129e+01 4.85753108e+00
 2.30054920e+01 4.25428799e+00
 2.28165796e+01 3.52452536e+00
 2.25829387e+01 2.66002035e+00
 2.22918482e+01 1.65560149e+00
 2.19293253e+01 5.08608218e-01
 2.14813593e+01 -7.81761895e-01
 2.09342872e+01 -2.21465505e+00
 2.02739305e+01 -3.78742166e+00
 1.94846186e+01 -5.49567165e+00
 1.85496277e+01 -7.33389732e+00
 1.74532813e+01 -9.29654400e+00
 1.61834419e+01 -1.13788787e+01
 1.47330055e+01 -1.35768643e+01
 1.31003166e+01 -1.58857669e+01
 1.12893081e+01 -1.82980056e+01
 9.30956910e+00 -2.08011393e+01
 7.17590720e+00 -2.33767275e+01
 4.90762670e+00 -2.60003057e+01
 2.52842260e+00 -2.86421821e+01
 6.70997098e-02 -3.12685619e+01
 -2.44176509e+00 -3.38428604e+01
 -4.95806156e+00 -3.63274907e+01
 -7.43713707e+00 -3.86861028e+01
 -9.83087225e+00 -4.08855580e+01
 -1.20889948e+01 -4.28970282e+01
 -1.41619707e+01 -4.46966221e+01
 -1.60063777e+01 -4.62665899e+01
 -1.75916224e+01 -4.75977058e+01
 -1.89059341e+01 -4.86925432e+01
 -1.99609044e+01 -4.95689290e+01
 -2.07941309e+01 -5.02623159e+01
 -2.14665154e+01 -5.08240904e+01
 -2.20496013e+01 -5.13123718e+01
 -2.26054063e+01 -5.17770099e+01
 -2.31707432e+01 -5.22477637e+01
 -2.37562892e+01 -5.27336655e+01
 -2.43576505e+01 -5.32316766e+01
 -2.49672504e+01 -5.37360512e+01
 -2.55800037e+01 -5.42428734e+01
 -2.61936735e+01 -5.47504092e+01
 -2.68075483e+01 -5.52581051e+01
 -2.74214587e+01 -5.57658287e+01
 -2.80353739e+01 -5.62735561e+01
 -2.86492887e+01 -5.67812831e+01
 -2.92631954e+01 -5.72890035e+01
 -2.98770407e+01 -5.77966731e+01
 -3.04905205e+01 -5.83040404e+01
 -3.11022932e+01 -5.88099958e+01
 -3.17077988e+01 -5.93107683e+01
 -3.22951914e+01 -5.97965605e+01
 -3.28413094e+01 -6.02482175e+01
 -3.33131763e+01 -6.06384664e+01
 -3.36794796e+01 -6.09414109e+01
 -3.36794796e+01 -6.09414109e+01
 -3.36794796e+01 -6.09414109e+01
 -3.36794796e+01 -6.09414109e+01
 -3.36794796e+01 -6.09414109e+01
 -3.36794796e+01 -6.09414109e+01
 -3.36794796e+01 -6.09414109e+01
 -3.36794796e+01 -6.09414109e+01
 -3.36794796e+01 -6.09414109e+01
 -3.36794796e+01 -6.09414109e+01
 -3.36794796e+01 -6.09414109e+01
 -3.36794796e+01 -6.09414109e+01
 -3.36794796e+01 -6.09414109e+01
 -3.36794796e+01 -6.09414109e+01
 -3.36794796e+01 -6.09414109e+01
 -3.36794796e+01 -6.09414109e+01
 -3.36794796e+01 -6.09414109e+01
 -3.36794796e+01 -6.09414109e+01
 -3.36794796e+01 -6.09414109e+01
 -3.36794796e+01 -6.09414109e+01
 -3.36794796e+01 -6.09414109e+01
 -3.36794796e+01 -6.09414109e+01
 -3.36794796e+01 -6.09414109e+01
 -3.36794796e+01 -6.09414109e+01
 -3.36794796e+01 -6.09414109e+01
 -3.36794796e+01 -6.09414109e+01
 -3.36794796e+01 -6.09414109e+01
 -3.36794796e+01 -6.09414109e+01
 -3.36794796e+01 -6.09414109e+01
 -3.36794796e+01 -6.09414109e+01
 -3.36794796e+01 -6.09414109e+01
 -3.36794796e+01 -6.09414109e+01
 -3.36794796e+01 -6.09414109e+01
 -3.36794796e+01 -6.09414109e+01
 -3.36794796e+01 -6.09414109e+01
 -3.36794796e+01 -6.09414109e+01
 -3.36794796e+01 -6.09414109e+01
 -3.36794796e+01 -6.09414109e+01
 -3.36794796e+01 -6.09414109e+01
 -3.36794796e+01 -6.09414109e+01
 -3.36794796e+01 -6.09414109e+01
 -3.36794796e+01 -6.09414109e+01
 -3.36794796e+01 -6.09414109e+01
 -3.36794796e+01 -6.09414109e+01
 -3.36794796e+01 -6.09414109e+01
