 0.00000000e+00 0.00000000e+00
 0.00000000e+00 0.00000000e+00
 0.00000000e+00 0.00000000e+00
 0.00000000e+00 0.00000000e+00
 0.00000000e+00 0.00000000e+00
 0.00000000e+00 0.00000000e+00
 0.00000000e+00 0.00000000e+00
 0.00000000e+00 0.00000000e+00
 0.00000000e+00 0.00000000e+00
 0.00000000e+00 0.00000000e+00
 0.00000000e+00 0.00000000e+00
 0.00000000e+00 0.00000000e+00
 0.00000000e+00 0.00000000e+00
 0.00000000e+00 0.00000000e+00
 0.00000000e+00 0.00000000e+00
 0.00000000e+00 0.00000000e+00
 0.00000000e+00 0.00000000e+00
 0.00000000e+00 0.00000000e+00
 0.00000000e+00 0.00000000e+00
 0.00000000e+00 0.00000000e+00
 0.00000000e+00 0.00000000e+00
 0.00000000e+00 0.00000000e+00
 0.00000000e+00 0.00000000e+00
 0.00000000e+00 0.00000000e+00
 0.00000000e+00 0.00000000e+00
 0.00000000e+00 0.00000000e+00
 0.00000000e+00 0.00000000e+00
 0.00000000e+00 0.00000000e+00
 -7.65811656e-02 2.37877792e-02
 -1.65413818e-01 4.92837848e-02
 -2.54098915e-01 7.20958097e-02
 -3.32169451e-01 8.91222921e-02
 -3.94117059e-01 9.96589941e-02
 -4.38668259e-01 1.05007859e-01
 -4.66535308e-01 1.07171216e-01
 -4.78410820e-01 1.07657459e-01
 -4.73038350e-01 1.06850336e-01
 -4.45348899e-01 1.03630882e-01
 -3.85863987e-01 9.49388875e-02
 -2.81867997e-01 7.56074744e-02
 -1.19017902e-01 3.91141176e-02
 1.18002347e-01 -2.07907114e-02
 4.45518652e-01 -1.08570464e-01
 8.80478841e-01 -2.26368645e-01
 1.43932019e+00 -3.74170526e-01
 2.13675421e+00 -5.49744560e-01
 2.98514920e+00 -7.48033375e-01
 3.99463072e+00 -9.60495250e-01
 5.17364176e+00 -1.17496674e+00
 6.52960373e+00 -1.37610319e+00
 8.06935614e+00 -1.54612004e+00
 9.79915452e+00 -1.66578467e+00
 1.17238637e+01 -1.71604405e+00
 1.38446832e+01 -1.68053716e+00
 1.61552981e+01 -1.54842065e+00
 1.86380984e+01 -1.31646986e+00
 2.12631524e+01 -9.89958810e-01
 2.39907977e+01 -5.82497995e-01
 2.67754447e+01 -1.14969675e-01
 2.95675903e+01 3.86466924e-01
 3.23140927e+01 8.93013952e-01
 3.49593778e+01 1.37604650e+00
 3.74492636e+01 1.80993853e+00
 3.97362293e+01 2.17475547e+00
 4.17836295e+01 2.45808662e+00
 4.35673235e+01 2.65510581e+00
 4.50750038e+01 2.76681946e+00
 4.63046716e+01 2.79775150e+00
 4.72635861e+01 2.75470053e+00
 4.79678652e+01 2.64683189e+00
 4.84416344e+01 2.48549258e+00
 4.87143679e+01 2.28246611e+00
 4.88165045e+01 2.04779863e+00
 4.87755556e+01 1.78924289e+00
 4.86150161e+01 1.51341468e+00
 4.83557120e+01 1.22692295e+00
 4.80172073e+01 9.36348272e-01
 4.76180644e+01 6.47564280e-01
 4.71756105e+01 3.65296709e-01
 4.67058432e+01 9.30859220e-02
 4.62233448e+01 -1.66681172e-01
 4.57409762e+01 -4.12896162e-01
 4.52693393e+01 -6.46048882e-01
 4.48161081e+01 -8.68766342e-01
 4.43853592e+01 -1.08654063e+00
 4.39770929e+01 -1.30835572e+00
 4.35873550e+01 -1.54671857e+00
 4.32093299e+01 -1.81684582e+00
 4.28349673e+01 -2.13531506e+00
 4.24559611e+01 -2.51873446e+00
 4.20634950e+01 -2.98265180e+00
 4.16475764e+01 -3.54046742e+00
 4.11971630e+01 -4.20207376e+00
 4.07011465e+01 -4.97230718e+00
 4.01491608e+01 -5.84975312e+00
 3.95314362e+01 -6.82668181e+00
 3.88378823e+01 -7.89048770e+00
 3.80569753e+01 -9.02602363e+00
 3.71748663e+01 -1.02176656e+01
 3.61750898e+01 -1.14504887e+01
 3.50392506e+01 -1.27108897e+01
 3.37487348e+01 -1.39872559e+01
 3.22869696e+01 -1.52706031e+01
 3.06415883e+01 -1.65544140e+01
 2.88062604e+01 -1.78332861e+01
 2.67824792e+01 -1.91010182e+01
 2.45815513e+01 -2.03490998e+01
 2.22264019e+01 -2.15660671e+01
 1.97522005e+01 -2.27377249e+01
 1.72048735e+01 -2.38480688e+01
 1.46375781e+01 -2.48806762e+01
 1.21063512e+01 -2.58202714e+01
 9.66613028e+00 -2.66542192e+01
 7.36745341e+00 -2.73738851e+01
 5.25370857e+00 -2.79758051e+01
 3.35895978e+00 -2.84622625e+01
 1.70634721e+00 -2.88408326e+01
 3.06942281e-01 -2.91231675e+01
 -8.40700342e-01 -2.93237900e+01
 -1.74956346e+00 -2.94590377e+01
 -2.44127765e+00 -2.95455346e+01
 -2.94186663e+00 -2.95982131e+01
 -3.27756438e+00 -2.96291594e+01
 -3.47192850e+00 -2.96481823e+01
 -3.54431372e+00 -2.96642272e+01
 -3.50901934e+00 -2.96859987e+01
 -3.37471772e+00 -2.97212004e+01
 -3.14426516e+00 -2.97751924e+01
 -2.81514312e+00 -2.98502032e+01
 -2.38064271e+00 -2.99453581e+01
 -1.83134659e+00 -3.00569107e+01
 -1.15603460e+00 -3.01782698e+01
 -3.41808456e-01 -3.03000692e+01
 6.25693342e-01 -3.04105435e+01
 1.76126098e+00 -3.04961982e+01
 3.07863270e+00 -3.05428989e+01
 4.58915210e+00 -3.05377045e+01
 6.30020444e+00 -3.04713759e+01
 8.21282288e+00 -3.03405396e+01
 1.03190480e+01 -3.01481134e+01
 1.26005996e+01 -2.99018578e+01
 1.50297250e+01 -2.96125279e+01
 1.75714992e+01 -2.92927895e+01
 2.01862336e+01 -2.89564912e+01
 2.28316346e+01 -2.86175155e+01
 2.54653832e+01 -2.82883851e+01
 2.80482647e+01 -2.79793504e+01
 3.05466606e+01 -2.76983278e+01
 3.29332475e+01 -2.74514808e+01
 3.51862314e+01 -2.72437615e+01
 3.72884304e+01 -2.70786272e+01
 3.92269295e+01 -2.69570627e+01
 4.09928920e+01 -2.68773953e+01
 4.25808761e+01 -2.68368388e+01
 4.39878425e+01 -2.68331624e+01
 4.52128255e+01 -2.68641395e+01
 4.62579097e+01 -2.69252621e+01
 4.71298699e+01 -2.70086171e+01
 4.78409159e+01 -2.71042872e+01
 4.84075179e+01 -2.72027225e+01
 4.88479200e+01 -2.72962451e+01
 4.91801348e+01 -2.73795392e+01
 4.94216777e+01 -2.74496641e+01
 4.95902783e+01 -2.75056009e+01
 4.97035586e+01 -2.75475105e+01
 4.97772634e+01 -2.75765351e+01
 4.98240375e+01 -2.75952893e+01
 4.98539556e+01 -2.76078626e+01
 4.98753247e+01 -2.76185867e+01
 4.98943083e+01 -2.76304704e+01
 4.99142213e+01 -2.76445938e+01
 4.99358733e+01 -2.76606471e+01
 4.99588036e+01 -2.76778542e+01
 4.99823655e+01 -2.76955821e+01
 5.00061586e+01 -2.77134922e+01
 5.00300163e+01 -2.77314521e+01
 5.00538881e+01 -2.77494227e+01
 5.00777623e+01 -2.77673951e+01
 5.01016367e+01 -2.77853677e+01
 5.01255112e+01 -2.78033404e+01
 5.01493853e+01 -2.78213128e+01
 5.01732571e+01 -2.78392834e+01
 5.01971147e+01 -2.78572433e+01
 5.02209058e+01 -2.78751532e+01
 5.02444533e+01 -2.78928797e+01
 5.02672963e+01 -2.79100758e+01
 5.02885342e+01 -2.79260637e+01
 5.03068846e+01 -2.79398778e+01
 5.03211297e+01 -2.79506015e+01
 5.03211297e+01 -2.79506015e+01
 5.03211297e+01 -2.79506015e+01
 5.03211297e+01 -2.79506015e+01
 5.03211297e+01 -2.79506015e+01
 5.03211297e+01 -2.79506015e+01
 5.03211297e+01 -2.79506015e+01
 5.03211297e+01 -2.79506015e+01
