 0.00000000e+00 0.00000000e+00
 0.00000000e+00 0.00000000e+00
 0.00000000e+00 0.00000000e+00
 0.00000000e+00 0.00000000e+00
 -2.00761883e-02 1.20973399e-01
 -6.22835014e-02 2.64778632e-01
 -1.34925097e-01 4.10506373e-01
 -2.37703449e-01 5.36695362e-01
 -3.57015059e-01 6.27772420e-01
 -4.68198974e-01 6.75343258e-01
 -5.43357536e-01 6.74820014e-01
 -5.58530098e-01 6.20850018e-01
 -4.95805137e-01 5.05545346e-01
 -3.41254608e-01 3.20758144e-01
 -8.19824555e-02 6.20747620e-02
 2.95665912e-01 -2.68255428e-01
 8.06245098e-01 -6.59930739e-01
 1.46403672e+00 -1.09389102e+00
 2.28179598e+00 -1.54240700e+00
 3.27092726e+00 -1.97110405e+00
 4.44333958e+00 -2.34331575e+00
 5.81354287e+00 -2.62550396e+00
 7.39910710e+00 -2.79168809e+00
 9.21847778e+00 -2.82559131e+00
 1.12863113e+01 -2.72097496e+00
 1.36075849e+01 -2.48177934e+00
 1.61725930e+01 -2.12273874e+00
 1.89546916e+01 -1.66923348e+00
 2.19111207e+01 -1.15508155e+00
 2.49858167e+01 -6.18805944e-01
 2.81131049e+01 -9.99132155e-02
 3.12221764e+01 3.64176800e-01
 3.42428201e+01 7.41020742e-01
 3.71119728e+01 1.00622827e+00
 3.97791566e+01 1.14624009e+00
 4.22087651e+01 1.15985692e+00
 4.43789003e+01 1.05781702e+00
 4.62783864e+01 8.60353379e-01
 4.79040772e+01 5.93424198e-01
 4.92595945e+01 2.84796694e-01
 5.03551122e+01 -3.91557634e-02
 5.12069201e+01 -3.55872028e-01
 5.18360377e+01 -6.48401449e-01
 5.22662870e+01 -9.06330072e-01
 5.25221424e+01 -1.12551132e+00
 5.26256641e+01 -1.30688265e+00
 5.25924879e+01 -1.45504937e+00
 5.24292168e+01 -1.57703994e+00
 5.21347976e+01 -1.68127582e+00
 5.17053018e+01 -1.77672685e+00
 5.11389692e+01 -1.87218986e+00
 5.04392874e+01 -1.97565751e+00
 4.96160756e+01 -2.09401328e+00
 4.86851880e+01 -2.23338823e+00
 4.76669507e+01 -2.40002494e+00
 4.65834963e+01 -2.60095547e+00
 4.54557484e+01 -2.84405918e+00
 4.43007964e+01 -3.13781712e+00
 4.31297773e+01 -3.49117488e+00
 4.19462285e+01 -3.91322198e+00
 4.07453251e+01 -4.41208035e+00
 3.95144585e+01 -4.99314806e+00
 3.82350647e+01 -5.65774492e+00
 3.68852238e+01 -6.40293546e+00
 3.54426054e+01 -7.22205667e+00
 3.38874054e+01 -8.10496780e+00
 3.22049098e+01 -9.03809201e+00
 3.03873654e+01 -1.00053718e+01
 2.84349067e+01 -1.09906133e+01
 2.63554249e+01 -1.19801969e+01
 2.41634227e+01 -1.29648081e+01
 2.18779469e+01 -1.39398679e+01
 1.95199889e+01 -1.49052766e+01
 1.71104767e+01 -1.58650007e+01
 1.46702337e+01 -1.68262389e+01
 1.22221622e+01 -1.77973834e+01
 9.79426235e+00 -1.87845614e+01
 7.42163874e+00 -1.97877970e+01
 5.14674141e+00 -2.07984803e+01
 3.01821350e+00 -2.17992829e+01
 1.08859911e+00 -2.27665400e+01
 -5.89541065e-01 -2.36741767e+01
 -1.96917716e+00 -2.44977082e+01
 -3.01439016e+00 -2.52170147e+01
 -3.70344840e+00 -2.58176022e+01
 -4.02857595e+00 -2.62909848e+01
 -3.99421113e+00 -2.66346134e+01
 -3.61551611e+00 -2.68510398e+01
 -2.91674483e+00 -2.69461688e+01
 -1.92874518e+00 -2.69273965e+01
 -6.86495871e-01 -2.68026119e+01
 7.72373463e-01 -2.65801934e+01
 2.40869262e+00 -2.62696474e+01
 4.18336083e+00 -2.58826894e+01
 6.05927197e+00 -2.54343192e+01
 8.00312256e+00 -2.49430165e+01
 9.98734527e+00 -2.44297224e+01
 1.19924274e+01 -2.39162677e+01
 1.40087580e+01 -2.34240000e+01
 1.60363729e+01 -2.29726198e+01
 1.80819776e+01 -2.25788935e+01
 2.01546459e+01 -2.22553503e+01
 2.22624650e+01 -2.20094442e+01
 2.44112874e+01 -2.18433893e+01
 2.66049723e+01 -2.17544030e+01
 2.88458326e+01 -2.17350640e+01
 3.11346720e+01 -2.17739339e+01
 3.34705100e+01 -2.18567686e+01
 3.58500400e+01 -2.19681218e+01
 3.82666676e+01 -2.20926878e+01
 4.07091913e+01 -2.22161906e+01
 4.31605236e+01 -2.23263554e+01
 4.55969751e+01 -2.24143037e+01
 4.79885366e+01 -2.24757265e+01
 5.03003498e+01 -2.25106350e+01
 5.24953022e+01 -2.25213110e+01
 5.45373574e+01 -2.25098948e+01
 5.63948098e+01 -2.24778159e+01
 5.80425824e+01 -2.24274160e+01
 5.94633240e+01 -2.23634723e+01
 6.06476582e+01 -2.22922349e+01
 6.15936111e+01 -2.22182129e+01
 6.23047993e+01 -2.21413410e+01
 6.27875658e+01 -2.20570933e+01
 6.30482136e+01 -2.19595828e+01
 6.30918160e+01 -2.18450083e+01
 6.29244997e+01 -2.17130223e+01
 6.25609080e+01 -2.15662421e+01
 6.20344946e+01 -2.14094075e+01
 6.14015908e+01 -2.12485141e+01
 6.07301906e+01 -2.10893550e+01
 6.00768910e+01 -2.09357327e+01
 5.94689385e+01 -2.07885501e+01
 5.89048586e+01 -2.06464603e+01
 5.83693103e+01 -2.05073852e+01
 5.78474766e+01 -2.03696850e+01
 5.73306707e+01 -2.02324728e+01
 5.68152886e+01 -2.00953961e+01
 5.63002198e+01 -1.99583488e+01
 5.57852047e+01 -1.98213065e+01
 5.52701969e+01 -1.96842649e+01
 5.47551905e+01 -1.95472235e+01
 5.42401909e+01 -1.94101839e+01
 5.37252429e+01 -1.92731580e+01
 5.32106015e+01 -1.91362138e+01
 5.26973922e+01 -1.89996506e+01
 5.21894402e+01 -1.88644863e+01
 5.16966832e+01 -1.87333654e+01
 5.12385509e+01 -1.86114580e+01
 5.08427069e+01 -1.85061253e+01
 5.05354192e+01 -1.84243571e+01
 5.05354192e+01 -1.84243571e+01
 5.05354192e+01 -1.84243571e+01
 5.05354192e+01 -1.84243571e+01
 5.05354192e+01 -1.84243571e+01
 5.05354192e+01 -1.84243571e+01
 5.05354192e+01 -1.84243571e+01
 5.05354192e+01 -1.84243571e+01
 5.05354192e+01 -1.84243571e+01
 5.05354192e+01 -1.84243571e+01
 5.05354192e+01 -1.84243571e+01
 5.05354192e+01 -1.84243571e+01
 5.05354192e+01 -1.84243571e+01
 5.05354192e+01 -1.84243571e+01
 5.05354192e+01 -1.84243571e+01
 5.05354192e+01 -1.84243571e+01
 5.05354192e+01 -1.84243571e+01
 5.05354192e+01 -1.84243571e+01
 5.05354192e+01 -1.84243571e+01
 5.05354192e+01 -1.84243571e+01
 5.05354192e+01 -1.84243571e+01
 5.05354192e+01 -1.84243571e+01
 5.05354192e+01 -1.84243571e+01
 5.05354192e+01 -1.84243571e+01
 5.05354192e+01 -1.84243571e+01
 5.05354192e+01 -1.84243571e+01
 5.05354192e+01 -1.84243571e+01
 5.05354192e+01 -1.84243571e+01
 5.05354192e+01 -1.84243571e+01
 5.05354192e+01 -1.84243571e+01
 5.05354192e+01 -1.84243571e+01
 5.05354192e+01 -1.84243571e+01
 5.05354192e+01 -1.84243571e+01
 5.05354192e+01 -1.84243571e+01
 5.05354192e+01 -1.84243571e+01
 5.05354192e+01 -1.84243571e+01
 5.05354192e+01 -1.84243571e+01
 5.05354192e+01 -1.84243571e+01
 5.05354192e+01 -1.84243571e+01
 5.05354192e+01 -1.84243571e+01
 5.05354192e+01 -1.84243571e+01
 5.05354192e+01 -1.84243571e+01
 5.05354192e+01 -1.84243571e+01
 5.05354192e+01 -1.84243571e+01
 5.05354192e+01 -1.84243571e+01
 5.05354192e+01 -1.84243571e+01
