 0.00000000e+00 0.00000000e+00
 0.00000000e+00 0.00000000e+00
 0.00000000e+00 0.00000000e+00
 0.00000000e+00 0.00000000e+00
 0.00000000e+00 0.00000000e+00
 0.00000000e+00 0.00000000e+00
 0.00000000e+00 0.00000000e+00
 0.00000000e+00 0.00000000e+00
 0.00000000e+00 0.00000000e+00
 0.00000000e+00 0.00000000e+00
 0.00000000e+00 0.00000000e+00
 0.00000000e+00 0.00000000e+00
 0.00000000e+00 0.00000000e+00
 0.00000000e+00 0.00000000e+00
 0.00000000e+00 0.00000000e+00
 0.00000000e+00 0.00000000e+00
 0.00000000e+00 0.00000000e+00
 0.00000000e+00 0.00000000e+00
 0.00000000e+00 0.00000000e+00
 0.00000000e+00 0.00000000e+00
 0.00000000e+00 0.00000000e+00
 0.00000000e+00 0.00000000e+00
 0.00000000e+00 0.00000000e+00
 0.00000000e+00 0.00000000e+00
 0.00000000e+00 0.00000000e+00
 0.00000000e+00 0.00000000e+00
 0.00000000e+00 0.00000000e+00
 0.00000000e+00 0.00000000e+00
 0.00000000e+00 0.00000000e+00
 0.00000000e+00 0.00000000e+00
 0.00000000e+00 0.00000000e+00
 0.00000000e+00 0.00000000e+00
 0.00000000e+00 0.00000000e+00
 0.00000000e+00 0.00000000e+00
 0.00000000e+00 0.00000000e+00
 0.00000000e+00 0.00000000e+00
 0.00000000e+00 0.00000000e+00
 0.00000000e+00 0.00000000e+00
 0.00000000e+00 0.00000000e+00
 0.00000000e+00 0.00000000e+00
 0.00000000e+00 0.00000000e+00
 0.00000000e+00 0.00000000e+00
 0.00000000e+00 0.00000000e+00
 0.00000000e+00 0.00000000e+00
 0.00000000e+00 0.00000000e+00
 0.00000000e+00 0.00000000e+00
 0.00000000e+00 0.00000000e+00
 0.00000000e+00 0.00000000e+00
 0.00000000e+00 0.00000000e+00
 0.00000000e+00 0.00000000e+00
 0.00000000e+00 0.00000000e+00
 0.00000000e+00 0.00000000e+00
 0.00000000e+00 0.00000000e+00
 0.00000000e+00 0.00000000e+00
 0.00000000e+00 0.00000000e+00
 1.81330212e-01 -4.59200412e-03
 4.39384377e-01 -1.69558300e-02
 7.76124318e-01 -4.48414783e-02
 1.19053378e+00 -9.86454095e-02
 1.68227482e+00 -1.89635314e-01
 2.25322609e+00 -3.27974051e-01
 2.90745319e+00 -5.21523700e-01
 3.65069394e+00 -7.75327434e-01
 4.48977271e+00 -1.09104211e+00
 5.43210325e+00 -1.46596728e+00
 6.48568591e+00 -1.89197464e+00
 7.65992732e+00 -2.35490233e+00
 8.96697274e+00 -2.83473555e+00
 1.04225338e+01 -3.30654586e+00
 1.20450695e+01 -3.74216945e+00
 1.38529862e+01 -4.11282502e+00
 1.58606901e+01 -4.39255317e+00
 1.80747931e+01 -4.56132124e+00
 2.04914351e+01 -4.60632833e+00
 2.30951472e+01 -4.52173511e+00
 2.58590282e+01 -4.30874096e+00
 2.87454640e+01 -3.97678362e+00
 3.17068928e+01 -3.54425729e+00
 3.46868567e+01 -3.03720076e+00
 3.76217725e+01 -2.48634827e+00
 4.04437087e+01 -1.92374767e+00
 4.30844952e+01 -1.37957984e+00
 4.54812600e+01 -8.79475025e-01
 4.75826084e+01 -4.42745390e-01
 4.93536992e+01 -8.17744303e-02
 5.07783772e+01 1.97655946e-01
 5.18578026e+01 3.95448789e-01
 5.26067370e+01 5.15712947e-01
 5.30490219e+01 5.64586443e-01
 5.32129916e+01 5.47814660e-01
 5.31275721e+01 4.69277383e-01
 5.28201266e+01 3.31185883e-01
 5.23158997e+01 1.35251834e-01
 5.16379336e+01 -1.16362456e-01
 5.08075301e+01 -4.20721131e-01
 4.98459058e+01 -7.74188655e-01
 4.87759072e+01 -1.17273889e+00
 4.76216669e+01 -1.61256533e+00
 4.64057864e+01 -2.09106340e+00
 4.51456436e+01 -2.60799124e+00
 4.38506136e+01 -3.16627974e+00
 4.25209225e+01 -3.77199470e+00
 4.11479555e+01 -4.43348355e+00
 3.97156675e+01 -5.16019330e+00
 3.82030148e+01 -5.96147159e+00
 3.65873529e+01 -6.84524618e+00
 3.48482257e+01 -7.81657271e+00
 3.29705399e+01 -8.87649822e+00
 3.09464990e+01 -1.00217337e+01
 2.87765203e+01 -1.12451699e+01
 2.64697231e+01 -1.25368592e+01
 2.40440515e+01 -1.38850017e+01
 2.15253825e+01 -1.52766799e+01
 1.89452129e+01 -1.66984930e+01
 1.63377479e+01 -1.81373720e+01
 1.37379418e+01 -1.95813449e+01
 1.11811862e+01 -2.10194347e+01
 8.70380094e+00 -2.24402813e+01
 6.34306067e+00 -2.38303020e+01
 4.13646923e+00 -2.51727538e+01
 2.12075085e+00 -2.64482837e+01
 3.30412686e-01 -2.76366112e+01
 -1.20493463e+00 -2.87187354e+01
 -2.46430802e+00 -2.96791429e+01
 -3.43831240e+00 -3.05075103e+01
 -4.12962473e+00 -3.11995633e+01
 -4.55108765e+00 -3.17570665e+01
 -4.72280025e+00 -3.21870361e+01
 -4.66935403e+00 -3.25001874e+01
 -4.41738402e+00 -3.27087463e+01
 -3.99304037e+00 -3.28241569e+01
 -3.41930572e+00 -3.28555796e+01
 -2.71384173e+00 -3.28099299e+01
 -1.88824114e+00 -3.26932747e+01
 -9.48788657e-01 -3.25122838e+01
 1.02112144e-01 -3.22746178e+01
 1.26488613e+00 -3.19885828e+01
 2.54252253e+00 -3.16630330e+01
 3.94060406e+00 -3.13076393e+01
 5.46681232e+00 -3.09328282e+01
 7.12987220e+00 -3.05489593e+01
 8.93873339e+00 -3.01650388e+01
 1.09022016e+01 -2.97876919e+01
 1.30279709e+01 -2.94209517e+01
 1.53201633e+01 -2.90667802e+01
 1.77760910e+01 -2.87257556e+01
 2.03840818e+01 -2.83975694e+01
 2.31236579e+01 -2.80814384e+01
 2.59675477e+01 -2.77765379e+01
 2.88834999e+01 -2.74823946e+01
 3.18344760e+01 -2.71993259e+01
 3.47781701e+01 -2.69290301e+01
 3.76679860e+01 -2.66749317e+01
 4.04561097e+01 -2.64417524e+01
 4.30972381e+01 -2.62345042e+01
 4.55511535e+01 -2.60576276e+01
 4.77836638e+01 -2.59144931e+01
 4.97669998e+01 -2.58067219e+01
 5.14811417e+01 -2.57330363e+01
 5.29163583e+01 -2.56884985e+01
 5.40756753e+01 -2.56654085e+01
 5.49754689e+01 -2.56558215e+01
 5.56432667e+01 -2.56540400e+01
 5.61136033e+01 -2.56574358e+01
 5.64240164e+01 -2.56653034e+01
 5.66124689e+01 -2.56767978e+01
 5.67153422e+01 -2.56896312e+01
 5.67646025e+01 -2.57005241e+01
 5.67846243e+01 -2.57066443e+01
 5.67906146e+01 -2.57064409e+01
 5.67895649e+01 -2.56995115e+01
 5.67829306e+01 -2.56863141e+01
 5.67699102e+01 -2.56679694e+01
 5.67504470e+01 -2.56457880e+01
 5.67267212e+01 -2.56208559e+01
 5.67022493e+01 -2.55942341e+01
 5.66796990e+01 -2.55672520e+01
 5.66597125e+01 -2.55411448e+01
 5.66415237e+01 -2.55164414e+01
 5.66241628e+01 -2.54929175e+01
 5.66070586e+01 -2.54700647e+01
 5.65900040e+01 -2.54474890e+01
 5.65729527e+01 -2.54249989e+01
 5.65559001e+01 -2.54025288e+01
 5.65388470e+01 -2.53800625e+01
 5.65217938e+01 -2.53575966e+01
 5.65047406e+01 -2.53351308e+01
 5.64876876e+01 -2.53126653e+01
 5.64706364e+01 -2.52902020e+01
 5.64535953e+01 -2.52677521e+01
 5.64366016e+01 -2.52453647e+01
 5.64197820e+01 -2.52232066e+01
 5.64034655e+01 -2.52017114e+01
 5.63882956e+01 -2.51817266e+01
 5.63751881e+01 -2.51644589e+01
 5.63650131e+01 -2.51510543e+01
