 0.00000000e+00 0.00000000e+00
 0.00000000e+00 0.00000000e+00
 0.00000000e+00 0.00000000e+00
 0.00000000e+00 0.00000000e+00
 0.00000000e+00 0.00000000e+00
 0.00000000e+00 0.00000000e+00
 0.00000000e+00 0.00000000e+00
 0.00000000e+00 0.00000000e+00
 0.00000000e+00 0.00000000e+00
 0.00000000e+00 0.00000000e+00
 0.00000000e+00 0.00000000e+00
 0.00000000e+00 0.00000000e+00
 0.00000000e+00 0.00000000e+00
 0.00000000e+00 0.00000000e+00
 0.00000000e+00 0.00000000e+00
 0.00000000e+00 0.00000000e+00
 0.00000000e+00 0.00000000e+00
 0.00000000e+00 0.00000000e+00
 0.00000000e+00 0.00000000e+00
 0.00000000e+00 0.00000000e+00
 0.00000000e+00 0.00000000e+00
 0.00000000e+00 0.00000000e+00
 0.00000000e+00 0.00000000e+00
 0.00000000e+00 0.00000000e+00
 0.00000000e+00 0.00000000e+00
 0.00000000e+00 0.00000000e+00
 0.00000000e+00 0.00000000e+00
 0.00000000e+00 0.00000000e+00
 0.00000000e+00 0.00000000e+00
 0.00000000e+00 0.00000000e+00
 0.00000000e+00 0.00000000e+00
 0.00000000e+00 0.00000000e+00
 0.00000000e+00 0.00000000e+00
 0.00000000e+00 0.00000000e+00
 0.00000000e+00 0.00000000e+00
 0.00000000e+00 0.00000000e+00
 0.00000000e+00 0.00000000e+00
 0.00000000e+00 0.00000000e+00
 0.00000000e+00 0.00000000e+00
 0.00000000e+00 0.00000000e+00
 0.00000000e+00 0.00000000e+00
 0.00000000e+00 0.00000000e+00
 0.00000000e+00 0.00000000e+00
 0.00000000e+00 0.00000000e+00
 0.00000000e+00 0.00000000e+00
 0.00000000e+00 0.00000000e+00
 0.00000000e+00 0.00000000e+00
 0.00000000e+00 0.00000000e+00
 0.00000000e+00 0.00000000e+00
 0.00000000e+00 0.00000000e+00
 0.00000000e+00 0.00000000e+00
 0.00000000e+00 0.00000000e+00
 0.00000000e+00 0.00000000e+00
 0.00000000e+00 0.00000000e+00
 0.00000000e+00 0.00000000e+00
 0.00000000e+00 0.00000000e+00
 0.00000000e+00 0.00000000e+00
 0.00000000e+00 0.00000000e+00
 0.00000000e+00 0.00000000e+00
 0.00000000e+00 0.00000000e+00
 0.00000000e+00 0.00000000e+00
 0.00000000e+00 0.00000000e+00
 0.00000000e+00 0.00000000e+00
 0.00000000e+00 0.00000000e+00
 0.00000000e+00 0.00000000e+00
 0.00000000e+00 0.00000000e+00
 0.00000000e+00 0.00000000e+00
 0.00000000e+00 0.00000000e+00
 0.00000000e+00 0.00000000e+00
 0.00000000e+00 0.00000000e+00
 0.00000000e+00 0.00000000e+00
 0.00000000e+00 0.00000000e+00
 0.00000000e+00 0.00000000e+00
 0.00000000e+00 0.00000000e+00
 2.87556977e-03 -2.36888748e-04
 1.20938464e-02 -1.13618806e-03
 3.62924499e-02 -3.88120960e-03
 8.92033872e-02 -1.07111038e-02
 1.87801255e-01 -2.48267877e-02
 3.49002415e-01 -4.96436377e-02
 5.87943652e-01 -8.77316875e-02
 9.19095608e-01 -1.39914733e-01
 1.35795552e+00 -2.04581970e-01
 1.92075995e+00 -2.77196997e-01
 2.62248031e+00 -3.50397120e-01
 3.47502314e+00 -4.15055733e-01
 4.48659362e+00 -4.61943286e-01
 5.66177749e+00 -4.82862077e-01
 7.00164786e+00 -4.70461488e-01
 8.50359315e+00 -4.17607114e-01
 1.01606829e+01 -3.18132537e-01
 1.19603956e+01 -1.69254391e-01
 1.38830225e+01 2.61720259e-02
 1.59006307e+01 2.59245878e-01
 1.79772452e+01 5.16499195e-01
 2.00702121e+01 7.82320468e-01
 2.21324222e+01 1.04133387e+00
 2.41151823e+01 1.27998921e+00
 2.59715689e+01 1.48725857e+00
 2.76600217e+01 1.65516028e+00
 2.91477864e+01 1.77975726e+00
 3.04137130e+01 1.86204347e+00
 3.14498476e+01 1.90725108e+00
 3.22611113e+01 1.92210573e+00
 3.28625900e+01 1.91162541e+00
 3.32750742e+01 1.87759789e+00
 3.35204063e+01 1.81905337e+00
 3.36176538e+01 1.73332665e+00
 3.35803045e+01 1.61658904e+00
 3.34150216e+01 1.46378028e+00
 3.31225947e+01 1.26834259e+00
 3.27004237e+01 1.02237504e+00
 3.21450530e+01 7.17724180e-01
 3.14541283e+01 3.47722090e-01
 3.06279990e+01 -9.14689643e-02
 2.96708446e+01 -6.00709914e-01
 2.85907803e+01 -1.17875366e+00
 2.73989124e+01 -1.82319416e+00
 2.61081259e+01 -2.53069517e+00
 2.47324194e+01 -3.29649481e+00
 2.32867901e+01 -4.11384688e+00
 2.17869542e+01 -4.97403770e+00
 2.02483291e+01 -5.86705428e+00
 1.86844246e+01 -6.78245088e+00
 1.71052489e+01 -7.70992096e+00
 1.55162646e+01 -8.63947769e+00
 1.39181653e+01 -9.56153057e+00
 1.23075627e+01 -1.04672075e+01
 1.06786636e+01 -1.13490005e+01
 9.02588671e+00 -1.22013724e+01
 7.34681295e+00 -1.30207788e+01
 5.64449172e+00 -1.38049615e+01
 3.92873893e+00 -1.45519321e+01
 2.21689454e+00 -1.52590885e+01
 5.34312111e-01 -1.59225615e+01
 -1.08610858e+00 -1.65368680e+01
 -2.60649093e+00 -1.70951548e+01
 -3.98890815e+00 -1.75901475e+01
 -5.20110826e+00 -1.80154027e+01
 -6.22042759e+00 -1.83662454e+01
 -7.03420330e+00 -1.86401045e+01
 -7.63706235e+00 -1.88364268e+01
 -8.02701346e+00 -1.89563245e+01
 -8.20254594e+00 -1.90017109e+01
 -8.16187585e+00 -1.89739880e+01
 -7.90350023e+00 -1.88733475e+01
 -7.42614884e+00 -1.86996184e+01
 -6.72775859e+00 -1.84540074e+01
 -5.80548637e+00 -1.81404025e+01
 -4.65853503e+00 -1.77659917e+01
 -3.29271678e+00 -1.73416939e+01
 -1.72365358e+00 -1.68823292e+01
 2.35552618e-02 -1.64059739e+01
 1.91769294e+00 -1.59323574e+01
 3.92554683e+00 -1.54806934e+01
 6.01491521e+00 -1.50675809e+01
 8.15611130e+00 -1.47056726e+01
 1.03226530e+01 -1.44034034e+01
 1.24919090e+01 -1.41651794e+01
 1.46456991e+01 -1.39910726e+01
 1.67700578e+01 -1.38760778e+01
 1.88536181e+01 -1.38103638e+01
 2.08852215e+01 -1.37816084e+01
 2.28520852e+01 -1.37782494e+01
 2.47392673e+01 -1.37912017e+01
 2.65299653e+01 -1.38133001e+01
 2.82058329e+01 -1.38381254e+01
 2.97473881e+01 -1.38598205e+01
 3.11353891e+01 -1.38736882e+01
 3.23537693e+01 -1.38765167e+01
 3.33939916e+01 -1.38663896e+01
 3.42602510e+01 -1.38426691e+01
 3.49739166e+01 -1.38065206e+01
 3.55735472e+01 -1.37613139e+01
 3.61068764e+01 -1.37119906e+01
 3.66167261e+01 -1.36633460e+01
 3.71295545e+01 -1.36182620e+01
 3.76540797e+01 -1.35771669e+01
 3.81883783e+01 -1.35389329e+01
 3.87278954e+01 -1.35021854e+01
 3.92694354e+01 -1.34660187e+01
 3.98115678e+01 -1.34300254e+01
 4.03538334e+01 -1.33940720e+01
 4.08961222e+01 -1.33581256e+01
 4.14384140e+01 -1.33221801e+01
 4.19807054e+01 -1.32862348e+01
 4.25229897e+01 -1.32502900e+01
 4.30652197e+01 -1.32143488e+01
 4.36071269e+01 -1.31784290e+01
 4.41475261e+01 -1.31426091e+01
 4.46823894e+01 -1.31071562e+01
 4.52012528e+01 -1.30727639e+01
 4.56836570e+01 -1.30407881e+01
 4.61004729e+01 -1.30131599e+01
 4.64240408e+01 -1.29917125e+01
 4.64240408e+01 -1.29917125e+01
