 0.00000000e+00 0.00000000e+00
 0.00000000e+00 0.00000000e+00
 0.00000000e+00 0.00000000e+00
 0.00000000e+00 0.00000000e+00
 0.00000000e+00 0.00000000e+00
 0.00000000e+00 0.00000000e+00
 0.00000000e+00 0.00000000e+00
 0.00000000e+00 0.00000000e+00
 0.00000000e+00 0.00000000e+00
 0.00000000e+00 0.00000000e+00
 0.00000000e+00 0.00000000e+00
 0.00000000e+00 0.00000000e+00
 0.00000000e+00 0.00000000e+00
 0.00000000e+00 0.00000000e+00
 0.00000000e+00 0.00000000e+00
 0.00000000e+00 0.00000000e+00
 0.00000000e+00 0.00000000e+00
 0.00000000e+00 0.00000000e+00
 0.00000000e+00 0.00000000e+00
 0.00000000e+00 0.00000000e+00
 0.00000000e+00 0.00000000e+00
 0.00000000e+00 0.00000000e+00
 0.00000000e+00 0.00000000e+00
 0.00000000e+00 0.00000000e+00
 0.00000000e+00 0.00000000e+00
 0.00000000e+00 0.00000000e+00
 0.00000000e+00 0.00000000e+00
 0.00000000e+00 0.00000000e+00
 0.00000000e+00 0.00000000e+00
 0.00000000e+00 0.00000000e+00
 0.00000000e+00 0.00000000e+00
 0.00000000e+00 0.00000000e+00
 0.00000000e+00 0.00000000e+00
 0.00000000e+00 0.00000000e+00
 0.00000000e+00 0.00000000e+00
 0.00000000e+00 0.00000000e+00
 0.00000000e+00 0.00000000e+00
 0.00000000e+00 0.00000000e+00
 0.00000000e+00 0.00000000e+00
 0.00000000e+00 0.00000000e+00
 0.00000000e+00 0.00000000e+00
 0.00000000e+00 0.00000000e+00
 0.00000000e+00 0.00000000e+00
 0.00000000e+00 0.00000000e+00
 0.00000000e+00 0.00000000e+00
 0.00000000e+00 0.00000000e+00
 0.00000000e+00 0.00000000e+00
 0.00000000e+00 0.00000000e+00
 0.00000000e+00 0.00000000e+00
 0.00000000e+00 0.00000000e+00
 0.00000000e+00 0.00000000e+00
 0.00000000e+00 0.00000000e+00
 0.00000000e+00 0.00000000e+00
 0.00000000e+00 0.00000000e+00
 0.00000000e+00 0.00000000e+00
 0.00000000e+00 0.00000000e+00
 0.00000000e+00 0.00000000e+00
 0.00000000e+00 0.00000000e+00
 0.00000000e+00 0.00000000e+00
 0.00000000e+00 0.00000000e+00
 0.00000000e+00 0.00000000e+00
 0.00000000e+00 0.00000000e+00
 0.00000000e+00 0.00000000e+00
 0.00000000e+00 0.00000000e+00
 0.00000000e+00 0.00000000e+00
 0.00000000e+00 0.00000000e+00
 0.00000000e+00 0.00000000e+00
 0.00000000e+00 0.00000000e+00
 0.00000000e+00 0.00000000e+00
 0.00000000e+00 0.00000000e+00
 0.00000000e+00 0.00000000e+00
 0.00000000e+00 0.00000000e+00
 0.00000000e+00 0.00000000e+00
 0.00000000e+00 0.00000000e+00
 0.00000000e+00 0.00000000e+00
 0.00000000e+00 0.00000000e+00
 0.00000000e+00 0.00000000e+00
 0.00000000e+00 0.00000000e+00
 0.00000000e+00 0.00000000e+00
 2.22197963e-07 2.38621465e-03
 2.45916978e-06 7.82370488e-03
 2.02934178e-05 1.76055055e-02
 1.33418394e-04 3.15124184e-02
 7.07782819e-04 4.71487046e-02
 3.06019322e-03 6.10557100e-02
 1.09105599e-02 7.08384200e-02
 3.25347000e-02 7.62829164e-02
 8.25208326e-02 7.87118602e-02
 1.81510565e-01 7.97453221e-02
 3.53611823e-01 8.07855554e-02
 6.23351996e-01 8.34543363e-02
 1.01419100e+00 9.05112623e-02
 1.54829970e+00 1.06782380e-01
 2.24574102e+00 1.39831864e-01
 3.12236825e+00 2.00137003e-01
 4.18770792e+00 3.00402576e-01
 5.44432488e+00 4.53963283e-01
 6.88882004e+00 6.73011820e-01
 8.51328306e+00 9.67365139e-01
 1.03057118e+01 1.34337716e+00
 1.22487313e+01 1.80225067e+00
 1.43172645e+01 2.33802218e+00
 1.64765288e+01 2.93626859e+00
 1.86813756e+01 3.57428499e+00
 2.08772148e+01 4.22284505e+00
 2.30023877e+01 4.84918973e+00
 2.49919444e+01 5.42054840e+00
 2.67826956e+01 5.90728591e+00
 2.83187214e+01 6.28483857e+00
 2.95558227e+01 6.53425775e+00
 3.04638308e+01 6.64227314e+00
 3.10271090e+01 6.60202258e+00
 3.12444236e+01 6.41411449e+00
 3.11286235e+01 6.08628970e+00
 3.07052532e+01 5.63100214e+00
 3.00091608e+01 5.06250936e+00
 2.90797205e+01 4.39528147e+00
 2.79566565e+01 3.64365189e+00
 2.66778144e+01 2.82146041e+00
 2.52783342e+01 1.94109587e+00
 2.37897193e+01 1.01247372e+00
 2.22380887e+01 4.28000334e-02
 2.06424219e+01 -9.62561101e-01
 1.90144841e+01 -1.99855720e+00
 1.73615412e+01 -3.05899695e+00
 1.56911619e+01 -4.13557714e+00
 1.40157569e+01 -5.21732696e+00
 1.23545862e+01 -6.29038481e+00
 1.07329011e+01 -7.33825601e+00
 9.17980126e+00 -8.34273429e+00
 7.72619356e+00 -9.28538545e+00
 6.40247635e+00 -1.01491356e+01
 5.23500153e+00 -1.09195417e+01
 4.24200047e+00 -1.15858593e+01
 3.43110962e+00 -1.21422967e+01
 2.79984925e+00 -1.25891876e+01
 2.33846677e+00 -1.29330650e+01
 2.03348730e+00 -1.31851529e+01
 1.87061420e+00 -1.33592285e+01
 1.83661252e+00 -1.34701575e+01
 1.92061460e+00 -1.35329785e+01
 2.11528675e+00 -1.35612187e+01
 2.41766167e+00 -1.35641886e+01
 2.82901478e+00 -1.35451213e+01
 3.35341486e+00 -1.35021155e+01
 3.99525454e+00 -1.34314290e+01
 4.75668057e+00 -1.33307109e+01
 5.63592163e+00 -1.32004674e+01
 6.62696509e+00 -1.30440427e+01
 7.72041295e+00 -1.28671322e+01
 8.90504169e+00 -1.26772231e+01
 1.01694592e+01 -1.24828735e+01
 1.15033119e+01 -1.22928916e+01
 1.28978411e+01 -1.21156675e+01
 1.43459163e+01 -1.19587461e+01
 1.58416893e+01 -1.18283785e+01
 1.73798174e+01 -1.17286992e+01
 1.89540319e+01 -1.16607366e+01
 2.05549226e+01 -1.16222855e+01
 2.21673677e+01 -1.16093665e+01
 2.37688220e+01 -1.16182145e+01
 2.53298439e+01 -1.16457142e+01
 2.68171442e+01 -1.16879586e+01
 2.81979064e+01 -1.17390715e+01
 2.94437516e+01 -1.17920762e+01
 3.05336515e+01 -1.18409620e+01
 3.14558824e+01 -1.18819063e+01
 3.22089615e+01 -1.19130704e+01
 3.28011090e+01 -1.19339246e+01
 3.32480958e+01 -1.19445873e+01
 3.35702411e+01 -1.19445980e+01
 3.37898770e+01 -1.19313423e+01
 3.39301199e+01 -1.19001718e+01
 3.40144272e+01 -1.18477601e+01
 3.40653862e+01 -1.17765355e+01
 3.41019882e+01 -1.16954221e+01
 3.41368200e+01 -1.16151872e+01
 3.41754369e+01 -1.15425823e+01
 3.42183845e+01 -1.14784628e+01
 3.42641642e+01 -1.14201904e+01
 3.43112739e+01 -1.13648099e+01
 3.43588581e+01 -1.13105046e+01
 3.44065734e+01 -1.12565057e+01
 3.44543169e+01 -1.12025744e+01
 3.45020653e+01 -1.11486547e+01
 3.45498142e+01 -1.10947365e+01
 3.45975631e+01 -1.10408186e+01
 3.46453114e+01 -1.09869014e+01
 3.46930549e+01 -1.09329896e+01
 3.47407700e+01 -1.08791099e+01
 3.47883523e+01 -1.08253801e+01
 3.48354472e+01 -1.07722007e+01
 3.48811333e+01 -1.07206121e+01
 3.49236092e+01 -1.06726486e+01
 3.49603099e+01 -1.06312062e+01
 3.49888002e+01 -1.05990351e+01
