 0.00000000e+00 0.00000000e+00
 0.00000000e+00 0.00000000e+00
 0.00000000e+00 0.00000000e+00
 0.00000000e+00 0.00000000e+00
 0.00000000e+00 0.00000000e+00
 0.00000000e+00 0.00000000e+00
 0.00000000e+00 0.00000000e+00
 0.00000000e+00 0.00000000e+00
 0.00000000e+00 0.00000000e+00
 0.00000000e+00 0.00000000e+00
 0.00000000e+00 0.00000000e+00
 0.00000000e+00 0.00000000e+00
 0.00000000e+00 0.00000000e+00
 0.00000000e+00 0.00000000e+00
 0.00000000e+00 0.00000000e+00
 0.00000000e+00 0.00000000e+00
 0.00000000e+00 0.00000000e+00
 0.00000000e+00 0.00000000e+00
 0.00000000e+00 0.00000000e+00
 0.00000000e+00 0.00000000e+00
 0.00000000e+00 0.00000000e+00
 0.00000000e+00 0.00000000e+00
 0.00000000e+00 0.00000000e+00
 0.00000000e+00 0.00000000e+00
 0.00000000e+00 0.00000000e+00
 0.00000000e+00 0.00000000e+00
 0.00000000e+00 0.00000000e+00
 0.00000000e+00 0.00000000e+00
 0.00000000e+00 0.00000000e+00
 0.00000000e+00 0.00000000e+00
 0.00000000e+00 0.00000000e+00
 0.00000000e+00 0.00000000e+00
 0.00000000e+00 0.00000000e+00
 0.00000000e+00 0.00000000e+00
 0.00000000e+00 0.00000000e+00
 0.00000000e+00 0.00000000e+00
 0.00000000e+00 0.00000000e+00
 0.00000000e+00 0.00000000e+00
 0.00000000e+00 0.00000000e+00
 0.00000000e+00 0.00000000e+00
 0.00000000e+00 0.00000000e+00
 0.00000000e+00 0.00000000e+00
 0.00000000e+00 0.00000000e+00
 0.00000000e+00 0.00000000e+00
 0.00000000e+00 0.00000000e+00
 0.00000000e+00 0.00000000e+00
 0.00000000e+00 0.00000000e+00
 0.00000000e+00 0.00000000e+00
 0.00000000e+00 0.00000000e+00
 0.00000000e+00 0.00000000e+00
 0.00000000e+00 0.00000000e+00
 0.00000000e+00 0.00000000e+00
 0.00000000e+00 0.00000000e+00
 0.00000000e+00 0.00000000e+00
 0.00000000e+00 0.00000000e+00
 0.00000000e+00 0.00000000e+00
 0.00000000e+00 0.00000000e+00
 0.00000000e+00 0.00000000e+00
 0.00000000e+00 0.00000000e+00
 0.00000000e+00 0.00000000e+00
 0.00000000e+00 0.00000000e+00
 0.00000000e+00 0.00000000e+00
 0.00000000e+00 0.00000000e+00
 0.00000000e+00 0.00000000e+00
 0.00000000e+00 0.00000000e+00
 1.02317592e-02 -8.15257650e-03
 3.77902865e-02 -1.97498839e-02
 9.98338550e-02 -3.28294590e-02
 2.19035088e-01 -4.46527467e-02
 4.19382089e-01 -5.36875370e-02
 7.22012127e-01 -6.08892646e-02
 1.14346063e+00 -6.94359141e-02
 1.69564117e+00 -8.34664610e-02
 2.38548997e+00 -1.06774086e-01
 3.21380887e+00 -1.42133144e-01
 4.17438430e+00 -1.91404293e-01
 5.25407209e+00 -2.55855982e-01
 6.43365269e+00 -3.36072168e-01
 7.68934431e+00 -4.31506548e-01
 8.99522264e+00 -5.40025910e-01
 1.03263499e+01 -6.57438022e-01
 1.16616732e+01 -7.77010085e-01
 1.29857720e+01 -8.89540725e-01
 1.42891919e+01 -9.84724597e-01
 1.55676794e+01 -1.05358694e+00
 1.68208554e+01 -1.09033371e+00
 1.80506421e+01 -1.09213628e+00
 1.92593174e+01 -1.05776567e+00
 2.04471039e+01 -9.87577188e-01
 2.16098119e+01 -8.85457625e-01
 2.27374706e+01 -7.60503226e-01
 2.38146573e+01 -6.26406700e-01
 2.48225394e+01 -4.98984179e-01
 2.57417117e+01 -3.93505276e-01
 2.65543041e+01 -3.23124916e-01
 2.72444494e+01 -2.99234895e-01
 2.77978913e+01 -3.33404532e-01
 2.82022924e+01 -4.38638498e-01
 2.84482531e+01 -6.27904270e-01
 2.85291305e+01 -9.11050590e-01
 2.84387825e+01 -1.29299297e+00
 2.81694845e+01 -1.77405132e+00
 2.77127561e+01 -2.35102390e+00
 2.70627501e+01 -3.01777484e+00
 2.62195614e+01 -3.76540647e+00
 2.51905489e+01 -4.58258226e+00
 2.39895428e+01 -5.45626166e+00
 2.26348883e+01 -6.37268061e+00
 2.11475729e+01 -7.31814319e+00
 1.95503159e+01 -8.27920175e+00
 1.78676739e+01 -9.24223294e+00
 1.61264754e+01 -1.01929431e+01
 1.43558258e+01 -1.11163643e+01
 1.25864901e+01 -1.19974466e+01
 1.08499209e+01 -1.28219760e+01
 9.17728491e+00 -1.35775341e+01
 7.59873277e+00 -1.42543532e+01
 6.14268193e+00 -1.48459642e+01
 4.83438602e+00 -1.53495030e+01
 3.69349242e+00 -1.57656457e+01
 2.73139239e+00 -1.60983206e+01
 1.94968734e+00 -1.63542544e+01
 1.34048432e+00 -1.65423055e+01
 8.87979165e-01 -1.66728676e+01
 5.70210084e-01 -1.67577309e+01
 3.61008463e-01 -1.68099026e+01
 2.33528475e-01 -1.68422218e+01
 1.65579998e-01 -1.68648502e+01
 1.44173466e-01 -1.68836607e+01
 1.66203738e-01 -1.69011246e+01
 2.35159133e-01 -1.69185256e+01
 3.56890611e-01 -1.69370845e+01
 5.37598202e-01 -1.69575401e+01
 7.84320023e-01 -1.69795440e+01
 1.10558888e+00 -1.70015154e+01
 1.51053637e+00 -1.70206515e+01
 2.00724034e+00 -1.70331906e+01
 2.60191760e+00 -1.70350994e+01
 3.29909084e+00 -1.70228261e+01
 4.10165278e+00 -1.69940474e+01
 5.01032224e+00 -1.69486152e+01
 6.02312830e+00 -1.68891659e+01
 7.13569951e+00 -1.68205663e+01
 8.34246545e+00 -1.67483616e+01
 9.63827088e+00 -1.66771810e+01
 1.10195396e+01 -1.66097808e+01
 1.24842397e+01 -1.65468638e+01
 1.40308022e+01 -1.64875266e+01
 1.56569290e+01 -1.64298853e+01
 1.73587293e+01 -1.63713491e+01
 1.91296115e+01 -1.63087458e+01
 2.09583713e+01 -1.62392163e+01
 2.28269616e+01 -1.61619584e+01
 2.47092621e+01 -1.60794322e+01
 2.65719574e+01 -1.59969246e+01
 2.83775165e+01 -1.59209912e+01
 3.00881878e+01 -1.58578107e+01
 3.16697719e+01 -1.58118848e+01
 3.30945889e+01 -1.57854862e+01
 3.43436190e+01 -1.57793272e+01
 3.54077809e+01 -1.57937528e+01
 3.62879914e+01 -1.58287699e+01
 3.69936648e+01 -1.58826129e+01
 3.75398793e+01 -1.59507869e+01
 3.79441010e+01 -1.60271467e+01
 3.82234000e+01 -1.61059532e+01
 3.83922954e+01 -1.61827518e+01
 3.84608254e+01 -1.62536529e+01
 3.84339541e+01 -1.63146517e+01
 3.83154165e+01 -1.63625266e+01
 3.81162637e+01 -1.63967933e+01
 3.78611590e+01 -1.64205869e+01
 3.75841272e+01 -1.64391896e+01
 3.73152091e+01 -1.64573209e+01
 3.70693574e+01 -1.64773925e+01
 3.68461587e+01 -1.64996513e+01
 3.66377268e+01 -1.65233523e+01
 3.64363866e+01 -1.65477353e+01
 3.62376421e+01 -1.65723626e+01
 3.60396317e+01 -1.65970576e+01
 3.58417826e+01 -1.66217672e+01
 3.56439612e+01 -1.66464792e+01
 3.54461435e+01 -1.66711916e+01
 3.52483265e+01 -1.66959040e+01
 3.50505121e+01 -1.67206160e+01
 3.48527175e+01 -1.67453256e+01
 3.46550407e+01 -1.67700205e+01
 3.44579139e+01 -1.67946466e+01
 3.42628065e+01 -1.68190205e+01
 3.40735356e+01 -1.68426653e+01
 3.38975643e+01 -1.68646486e+01
 3.37455183e+01 -1.68836430e+01
 3.36274872e+01 -1.68983881e+01
 3.36274872e+01 -1.68983881e+01
 3.36274872e+01 -1.68983881e+01
 3.36274872e+01 -1.68983881e+01
