 0.00000000e+00 0.00000000e+00
 0.00000000e+00 0.00000000e+00
 0.00000000e+00 0.00000000e+00
 0.00000000e+00 0.00000000e+00
 0.00000000e+00 0.00000000e+00
 0.00000000e+00 0.00000000e+00
 0.00000000e+00 0.00000000e+00
 0.00000000e+00 0.00000000e+00
 0.00000000e+00 0.00000000e+00
 -2.00096983e-02 5.71720115e-02
 -6.14295858e-02 1.06204269e-01
 -1.33429421e-01 1.22935586e-01
 -2.41489193e-01 8.28657265e-02
 -3.86477198e-01 -3.48755407e-02
 -5.67069650e-01 -2.46918028e-01
 -7.82821002e-01 -5.66670519e-01
 -1.03535733e+00 -1.00534678e+00
 -1.32790203e+00 -1.57254131e+00
 -1.66457922e+00 -2.27617972e+00
 -2.05006041e+00 -3.12166286e+00
 -2.48928450e+00 -4.11069015e+00
 -2.98709941e+00 -5.24087051e+00
 -3.54792531e+00 -6.50668244e+00
 -4.17537342e+00 -7.90108829e+00
 -4.87165881e+00 -9.41665759e+00
 -5.63694428e+00 -1.10457861e+01
 -6.46889163e+00 -1.27803527e+01
 -7.36240934e+00 -1.46111581e+01
 -8.30951689e+00 -1.65272018e+01
 -9.29955017e+00 -1.85148411e+01
 -1.03198419e+01 -2.05571768e+01
 -1.13565036e+01 -2.26343517e+01
 -1.23948844e+01 -2.47250146e+01
 -1.34196285e+01 -2.68077808e+01
 -1.44142660e+01 -2.88608773e+01
 -1.53602883e+01 -3.08600774e+01
 -1.62364650e+01 -3.27777087e+01
 -1.70199411e+01 -3.45852455e+01
 -1.76898153e+01 -3.62584725e+01
 -1.82317228e+01 -3.77814269e+01
 -1.86407853e+01 -3.91464694e+01
 -1.89215138e+01 -4.03515222e+01
 -1.90856080e+01 -4.13978064e+01
 -1.91498404e+01 -4.22901576e+01
 -1.91353206e+01 -4.30386185e+01
 -1.90670167e+01 -4.36581700e+01
 -1.89709499e+01 -4.41651876e+01
 -1.88686622e+01 -4.45724078e+01
 -1.87724757e+01 -4.48852894e+01
 -1.86850080e+01 -4.51011886e+01
 -1.86020985e+01 -4.52109606e+01
 -1.85159790e+01 -4.52017602e+01
 -1.84174286e+01 -4.50597812e+01
 -1.82974026e+01 -4.47721838e+01
 -1.81480390e+01 -4.43281666e+01
 -1.79626498e+01 -4.37197541e+01
 -1.77353850e+01 -4.29432829e+01
 -1.74615501e+01 -4.20021107e+01
 -1.71383722e+01 -4.09093131e+01
 -1.67651724e+01 -3.96878682e+01
 -1.63425399e+01 -3.83673367e+01
 -1.58711648e+01 -3.69790484e+01
 -1.53512267e+01 -3.55526903e+01
 -1.47826273e+01 -3.41152767e+01
 -1.41656970e+01 -3.26913689e+01
 -1.35017955e+01 -3.13029872e+01
 -1.27934757e+01 -2.99687107e+01
 -1.20443210e+01 -2.87028032e+01
 -1.12588799e+01 -2.75154184e+01
 -1.04430099e+01 -2.64138509e+01
 -9.60446381e+00 -2.54039199e+01
 -8.75319769e+00 -2.44907651e+01
 -7.90106751e+00 -2.36788643e+01
 -7.06104395e+00 -2.29714033e+01
 -6.24626632e+00 -2.23694665e+01
 -5.46905725e+00 -2.18716910e+01
 -4.73987240e+00 -2.14746323e+01
 -4.06630676e+00 -2.11734402e+01
 -3.45238449e+00 -2.09623169e+01
 -2.89829987e+00 -2.08347773e+01
 -2.40080760e+00 -2.07842943e+01
 -1.95433353e+00 -2.08055598e+01
 -1.55240057e+00 -2.08955348e+01
 -1.18879973e+00 -2.10531583e+01
 -8.58355713e-01 -2.12776959e+01
 -5.57416138e-01 -2.15668954e+01
 -2.83973094e-01 -2.19161253e+01
 -3.72009418e-02 -2.23187689e+01
 1.83323259e-01 -2.27672835e+01
 3.77911091e-01 -2.32541863e+01
 5.46143581e-01 -2.37727180e+01
 6.85971517e-01 -2.43173875e+01
 7.93476780e-01 -2.48845686e+01
 8.63265035e-01 -2.54729797e+01
 8.88433104e-01 -2.60836071e+01
 8.59614030e-01 -2.67188916e+01
 7.64405015e-01 -2.73816304e+01
 5.88812358e-01 -2.80742007e+01
 3.20227172e-01 -2.87981216e+01
 -5.01000418e-02 -2.95535704e+01
 -5.26130681e-01 -3.03387801e+01
 -1.10727151e+00 -3.11497574e+01
 -1.78918606e+00 -3.19808328e+01
 -2.56475949e+00 -3.28260092e+01
 -3.42475953e+00 -3.36802168e+01
 -4.35794275e+00 -3.45392603e+01
 -5.35080985e+00 -3.53981707e+01
 -6.38749930e+00 -3.62491862e+01
 -7.45015113e+00 -3.70810897e+01
 -8.51959636e+00 -3.78804052e+01
 -9.57603827e+00 -3.86333032e+01
 -1.05998348e+01 -3.93268167e+01
 -1.15728961e+01 -3.99492034e+01
 -1.24807346e+01 -4.04903908e+01
 -1.33142233e+01 -4.09431614e+01
 -1.40698912e+01 -4.13045133e+01
 -1.47485581e+01 -4.15759903e+01
 -1.53532466e+01 -4.17625393e+01
 -1.58874572e+01 -4.18706597e+01
 -1.63543609e+01 -4.19071217e+01
 -1.67573385e+01 -4.18794675e+01
 -1.71022263e+01 -4.17985559e+01
 -1.74000845e+01 -4.16808812e+01
 -1.76673104e+01 -4.15468551e+01
 -1.79213016e+01 -4.14145226e+01
 -1.81745933e+01 -4.12936010e+01
 -1.84323678e+01 -4.11848833e+01
 -1.86945070e+01 -4.10844244e+01
 -1.89591407e+01 -4.09880197e+01
 -1.92247829e+01 -4.08931198e+01
 -1.94907291e+01 -4.07986495e+01
 -1.97567450e+01 -4.07042742e+01
 -2.00227733e+01 -4.06099152e+01
 -2.02888032e+01 -4.05155585e+01
 -2.05548330e+01 -4.04212021e+01
 -2.08208592e+01 -4.03268470e+01
 -2.10868589e+01 -4.02325013e+01
 -2.13527001e+01 -4.01382118e+01
 -2.16178016e+01 -4.00441847e+01
 -2.18801874e+01 -3.99511208e+01
 -2.21347242e+01 -3.98608408e+01
 -2.23713753e+01 -3.97769046e+01
 -2.25758510e+01 -3.97043804e+01
 -2.27345824e+01 -3.96480810e+01
 -2.27345824e+01 -3.96480810e+01
 -2.27345824e+01 -3.96480810e+01
 -2.27345824e+01 -3.96480810e+01
 -2.27345824e+01 -3.96480810e+01
 -2.27345824e+01 -3.96480810e+01
 -2.27345824e+01 -3.96480810e+01
 -2.27345824e+01 -3.96480810e+01
 -2.27345824e+01 -3.96480810e+01
 -2.27345824e+01 -3.96480810e+01
 -2.27345824e+01 -3.96480810e+01
 -2.27345824e+01 -3.96480810e+01
 -2.27345824e+01 -3.96480810e+01
 -2.27345824e+01 -3.96480810e+01
 -2.27345824e+01 -3.96480810e+01
 -2.27345824e+01 -3.96480810e+01
 -2.27345824e+01 -3.96480810e+01
 -2.27345824e+01 -3.96480810e+01
 -2.27345824e+01 -3.96480810e+01
 -2.27345824e+01 -3.96480810e+01
 -2.27345824e+01 -3.96480810e+01
 -2.27345824e+01 -3.96480810e+01
 -2.27345824e+01 -3.96480810e+01
 -2.27345824e+01 -3.96480810e+01
 -2.27345824e+01 -3.96480810e+01
 -2.27345824e+01 -3.96480810e+01
 -2.27345824e+01 -3.96480810e+01
 -2.27345824e+01 -3.96480810e+01
 -2.27345824e+01 -3.96480810e+01
 -2.27345824e+01 -3.96480810e+01
 -2.27345824e+01 -3.96480810e+01
