 0.00000000e+00 0.00000000e+00
 0.00000000e+00 0.00000000e+00
 0.00000000e+00 0.00000000e+00
 0.00000000e+00 0.00000000e+00
 0.00000000e+00 0.00000000e+00
 0.00000000e+00 0.00000000e+00
 0.00000000e+00 0.00000000e+00
 0.00000000e+00 0.00000000e+00
 0.00000000e+00 0.00000000e+00
 0.00000000e+00 0.00000000e+00
 0.00000000e+00 0.00000000e+00
 0.00000000e+00 0.00000000e+00
 0.00000000e+00 0.00000000e+00
 0.00000000e+00 0.00000000e+00
 0.00000000e+00 0.00000000e+00
 0.00000000e+00 0.00000000e+00
 0.00000000e+00 0.00000000e+00
 0.00000000e+00 0.00000000e+00
 0.00000000e+00 0.00000000e+00
 0.00000000e+00 0.00000000e+00
 0.00000000e+00 0.00000000e+00
 0.00000000e+00 0.00000000e+00
 0.00000000e+00 0.00000000e+00
 0.00000000e+00 0.00000000e+00
 0.00000000e+00 0.00000000e+00
 0.00000000e+00 0.00000000e+00
 0.00000000e+00 0.00000000e+00
 0.00000000e+00 0.00000000e+00
 0.00000000e+00 0.00000000e+00
 0.00000000e+00 0.00000000e+00
 0.00000000e+00 0.00000000e+00
 0.00000000e+00 0.00000000e+00
 0.00000000e+00 0.00000000e+00
 0.00000000e+00 0.00000000e+00
 0.00000000e+00 0.00000000e+00
 0.00000000e+00 0.00000000e+00
 0.00000000e+00 0.00000000e+00
 0.00000000e+00 0.00000000e+00
 0.00000000e+00 0.00000000e+00
 0.00000000e+00 0.00000000e+00
 0.00000000e+00 0.00000000e+00
 0.00000000e+00 0.00000000e+00
 0.00000000e+00 0.00000000e+00
 0.00000000e+00 0.00000000e+00
 0.00000000e+00 0.00000000e+00
 0.00000000e+00 0.00000000e+00
 0.00000000e+00 0.00000000e+00
 0.00000000e+00 0.00000000e+00
 0.00000000e+00 0.00000000e+00
 0.00000000e+00 0.00000000e+00
 0.00000000e+00 0.00000000e+00
 0.00000000e+00 0.00000000e+00
 0.00000000e+00 0.00000000e+00
 0.00000000e+00 0.00000000e+00
 0.00000000e+00 0.00000000e+00
 0.00000000e+00 0.00000000e+00
 0.00000000e+00 0.00000000e+00
 0.00000000e+00 0.00000000e+00
 1.04451900e+00 2.45189905e-01
 2.42099094e+00 5.62996055e-01
 4.05236211e+00 9.28346264e-01
 5.84421404e+00 1.30977978e+00
 7.71600460e+00 1.67854719e+00
 9.60941265e+00 2.01253563e+00
 1.14825796e+01 2.29630851e+00
 1.33032499e+01 2.52019686e+00
 1.50459352e+01 2.67982289e+00
 1.66920211e+01 2.77583876e+00
 1.82303841e+01 2.81339106e+00
 1.96569641e+01 2.80129031e+00
 2.09729724e+01 2.75096404e+00
 2.21822937e+01 2.67494087e+00
 2.32888995e+01 2.58484093e+00
 2.42949386e+01 2.48961248e+00
 2.52000385e+01 2.39479050e+00
 2.60020248e+01 2.30272414e+00
 2.66984459e+01 2.21319274e+00
 2.72876780e+01 2.12398096e+00
 2.77690898e+01 2.03119866e+00
 2.81431927e+01 1.92920431e+00
 2.84127230e+01 1.81029123e+00
 2.85836752e+01 1.66472477e+00
 2.86640274e+01 1.48153697e+00
 2.86598306e+01 1.24965164e+00
 2.85716977e+01 9.58541155e-01
 2.83948606e+01 5.98275147e-01
 2.81221803e+01 1.59551416e-01
 2.77469010e+01 -3.65813717e-01
 2.72634849e+01 -9.84023356e-01
 2.66673523e+01 -1.69844515e+00
 2.59547071e+01 -2.50910358e+00
 2.51227830e+01 -3.41271810e+00
 2.41703299e+01 -4.40330015e+00
 2.30980009e+01 -5.47312698e+00
 2.19082531e+01 -6.61378318e+00
 2.06047241e+01 -7.81699341e+00
 1.91916455e+01 -9.07522445e+00
 1.76738894e+01 -1.03822144e+01
 1.60575493e+01 -1.17332703e+01
 1.43505249e+01 -1.31247876e+01
 1.25628884e+01 -1.45528831e+01
 1.07071451e+01 -1.60119406e+01
 8.79834546e+00 -1.74938189e+01
 6.85383679e+00 -1.89874737e+01
 4.89277829e+00 -2.04784701e+01
 2.93596362e+00 -2.19487548e+01
 1.00614502e+00 -2.33774919e+01
 -8.71796777e-01 -2.47429204e+01
 -2.67151740e+00 -2.60242764e+01
 -4.36642679e+00 -2.72029740e+01
 -5.93074422e+00 -2.82631327e+01
 -7.34049932e+00 -2.91922391e+01
 -8.57534484e+00 -2.99824755e+01
 -9.62142017e+00 -3.06322621e+01
 -1.04741300e+01 -3.11469392e+01
 -1.11391769e+01 -3.15379067e+01
 -1.16312167e+01 -3.18205326e+01
 -1.19711892e+01 -3.20118870e+01
 -1.21837511e+01 -3.21291221e+01
 -1.22947955e+01 -3.21882932e+01
 -1.23283996e+01 -3.22031277e+01
 -1.23041978e+01 -3.21842658e+01
 -1.22370677e+01 -3.21398322e+01
 -1.21389505e+01 -3.20768500e+01
 -1.20207554e+01 -3.20021596e+01
 -1.18931365e+01 -3.19224531e+01
 -1.17662571e+01 -3.18439186e+01
 -1.16487845e+01 -3.17717469e+01
 -1.15465808e+01 -3.17095993e+01
 -1.14619550e+01 -3.16594607e+01
 -1.13934065e+01 -3.16219802e+01
 -1.13347596e+01 -3.15967069e+01
 -1.12739600e+01 -3.15820421e+01
 -1.11934073e+01 -3.15757183e+01
 -1.10718998e+01 -3.15762903e+01
 -1.08857937e+01 -3.15847822e+01
 -1.06084437e+01 -3.16051018e+01
 -1.02100608e+01 -3.16426308e+01
 -9.66005081e+00 -3.17017545e+01
 -8.93132564e+00 -3.17838941e+01
 -8.00436969e+00 -3.18869447e+01
 -6.86918695e+00 -3.20056002e+01
 -5.52495054e+00 -3.21316507e+01
 -3.97871025e+00 -3.22542035e+01
 -2.24445123e+00 -3.23603472e+01
 -3.42575839e-01 -3.24363925e+01
 1.70076772e+00 -3.24693556e+01
 3.85473526e+00 -3.24484508e+01
 6.08509124e+00 -3.23665098e+01
 8.35572779e+00 -3.22210597e+01
 1.06303540e+01 -3.20146766e+01
 1.28740467e+01 -3.17545009e+01
 1.50543930e+01 -3.14511683e+01
 1.71424663e+01 -3.11175564e+01
 1.91140180e+01 -3.07676240e+01
 2.09505557e+01 -3.04153617e+01
 2.26395626e+01 -3.00737528e+01
 2.41737742e+01 -2.97538701e+01
 2.55500971e+01 -2.94644039e+01
 2.67685810e+01 -2.92116205e+01
 2.78316120e+01 -2.89993563e+01
 2.87435056e+01 -2.88287857e+01
 2.95104200e+01 -2.86981681e+01
 3.01402663e+01 -2.86030403e+01
 3.06426120e+01 -2.85371783e+01
 3.10287878e+01 -2.84940343e+01
 3.13120496e+01 -2.84677582e+01
 3.15075272e+01 -2.84533445e+01
 3.16320153e+01 -2.84464846e+01
 3.17034487e+01 -2.84437443e+01
 3.17394454e+01 -2.84428479e+01
 3.17549938e+01 -2.84426117e+01
 3.17606321e+01 -2.84425622e+01
 3.17623203e+01 -2.84425539e+01
 3.17627322e+01 -2.84425528e+01
 3.17628133e+01 -2.84425527e+01
 3.17628260e+01 -2.84425527e+01
 3.17628276e+01 -2.84425527e+01
 3.17628278e+01 -2.84425527e+01
 3.17628278e+01 -2.84425527e+01
 3.17628278e+01 -2.84425527e+01
 3.17628278e+01 -2.84425527e+01
 3.17628278e+01 -2.84425527e+01
 3.17628278e+01 -2.84425527e+01
 3.17628278e+01 -2.84425527e+01
 3.17628278e+01 -2.84425527e+01
 3.17628278e+01 -2.84425527e+01
 3.17628278e+01 -2.84425527e+01
 3.17628278e+01 -2.84425527e+01
 3.17628278e+01 -2.84425527e+01
 3.17628278e+01 -2.84425527e+01
 3.17628278e+01 -2.84425527e+01
 3.17628278e+01 -2.84425527e+01
 3.17628278e+01 -2.84425527e+01
 3.17628278e+01 -2.84425527e+01
 3.17628278e+01 -2.84425527e+01
