 0.00000000e+00 0.00000000e+00
 0.00000000e+00 0.00000000e+00
 0.00000000e+00 0.00000000e+00
 0.00000000e+00 0.00000000e+00
 -1.38849151e-01 -1.39818059e-01
 -2.97893322e-01 -3.32630098e-01
 -4.51392237e-01 -5.73040074e-01
 -5.74380553e-01 -8.51744494e-01
 -6.48450559e-01 -1.15896044e+00
 -6.62300685e-01 -1.48514412e+00
 -6.10188127e-01 -1.81985049e+00
 -4.90841571e-01 -2.15085898e+00
 -3.06427033e-01 -2.46471543e+00
 -6.03389727e-02 -2.74844605e+00
 2.45763257e-01 -2.99160694e+00
 6.14042670e-01 -3.18797872e+00
 1.05074473e+00 -3.33649508e+00
 1.56498641e+00 -3.44097997e+00
 2.16708671e+00 -3.50834654e+00
 2.86732227e+00 -3.54585451e+00
 3.67526408e+00 -3.55916181e+00
 4.59909433e+00 -3.55237209e+00
 5.64440624e+00 -3.52929822e+00
 6.81277567e+00 -3.49427829e+00
 8.10062181e+00 -3.45188866e+00
 9.49841384e+00 -3.40602228e+00
 1.09902020e+01 -3.35898943e+00
 1.25537226e+01 -3.31107625e+00
 1.41610561e+01 -3.26077503e+00
 1.57794179e+01 -3.20562362e+00
 1.73720793e+01 -3.14338873e+00
 1.89000710e+01 -3.07336044e+00
 2.03250308e+01 -2.99745922e+00
 2.16125269e+01 -2.92052337e+00
 2.27346909e+01 -2.84939201e+00
 2.36713802e+01 -2.79155325e+00
 2.44096272e+01 -2.75483614e+00
 2.49416269e+01 -2.74894844e+00
 2.52622323e+01 -2.78809821e+00
 2.53673227e+01 -2.89240209e+00
 2.52538012e+01 -3.08588881e+00
 2.49209332e+01 -3.39157504e+00
 2.43721088e+01 -3.82668429e+00
 2.36161300e+01 -4.40025028e+00
 2.26678025e+01 -5.11242799e+00
 2.15483387e+01 -5.95389296e+00
 2.02856358e+01 -6.90543269e+00
 1.89131912e+01 -7.93922680e+00
 1.74664738e+01 -9.02246617e+00
 1.59775818e+01 -1.01221195e+01
 1.44707542e+01 -1.12088893e+01
 1.29608733e+01 -1.22592235e+01
 1.14553129e+01 -1.32555947e+01
 9.95791974e+00 -1.41858799e+01
 8.47317654e+00 -1.50423991e+01
 7.00895717e+00 -1.58207977e+01
 5.57768217e+00 -1.65189708e+01
 4.19674354e+00 -1.71362944e+01
 2.88846040e+00 -1.76732613e+01
 1.67857366e+00 -1.81314853e+01
 5.92506067e-01 -1.85139849e+01
 -3.49607139e-01 -1.88254317e+01
 -1.13682007e+00 -1.90719718e+01
 -1.76854755e+00 -1.92607429e+01
 -2.25316926e+00 -1.93996629e+01
 -2.60558365e+00 -1.94975038e+01
 -2.84520981e+00 -1.95634468e+01
 -2.99471080e+00 -1.96058926e+01
 -3.07840807e+00 -1.96315636e+01
 -3.11949624e+00 -1.96456585e+01
 -3.13680439e+00 -1.96523973e+01
 -3.14294282e+00 -1.96551029e+01
 -3.14474667e+00 -1.96559916e+01
 -3.14518021e+00 -1.96562265e+01
 -3.14526454e+00 -1.96562759e+01
 -3.14527769e+00 -1.96562841e+01
 -3.14527918e+00 -1.96562852e+01
 -3.14527783e+00 -1.96562854e+01
 -3.14526594e+00 -1.96562870e+01
 -3.14519160e+00 -1.96562990e+01
 -3.14482089e+00 -1.96563729e+01
 -3.14333183e+00 -1.96567338e+01
 -3.13845749e+00 -1.96581396e+01
 -3.12524510e+00 -1.96625457e+01
 -3.09495401e+00 -1.96737741e+01
 -3.03464649e+00 -1.96973865e+01
 -2.92726674e+00 -1.97392037e+01
 -2.75145253e+00 -1.98032409e+01
 -2.48104109e+00 -1.98906756e+01
 -2.08524917e+00 -2.00002374e+01
 -1.53029391e+00 -2.01286246e+01
 -7.82273962e-01 -2.02698084e+01
 1.89320329e-01 -2.04139055e+01
 1.40811936e+00 -2.05471365e+01
 2.88796252e+00 -2.06534585e+01
 4.63068960e+00 -2.07171561e+01
 6.62438732e+00 -2.07253797e+01
 8.84218522e+00 -2.06702459e+01
 1.12422730e+01 -2.05504028e+01
 1.37696224e+01 -2.03715462e+01
 1.63591497e+01 -2.01453973e+01
 1.89397730e+01 -1.98874954e+01
 2.14391248e+01 -1.96146830e+01
 2.37887973e+01 -1.93429572e+01
 2.59296619e+01 -1.90860557e+01
 2.78164868e+01 -1.88548247e+01
 2.94210680e+01 -1.86569532e+01
 3.07331960e+01 -1.84965664e+01
 3.17591098e+01 -1.83737676e+01
 3.25180085e+01 -1.82849452e+01
 3.30380590e+01 -1.82245440e+01
 3.33527818e+01 -1.81877792e+01
 3.34972199e+01 -1.81726662e+01
 3.35034297e+01 -1.81801367e+01
 3.33968496e+01 -1.82124613e+01
 3.31958296e+01 -1.82711615e+01
 3.29145777e+01 -1.83555700e+01
 3.25674423e+01 -1.84625004e+01
 3.21718831e+01 -1.85866822e+01
 3.17483429e+01 -1.87215054e+01
 3.13169383e+01 -1.88601120e+01
 3.08928716e+01 -1.89968884e+01
 3.04834637e+01 -1.91287473e+01
 3.00886435e+01 -1.92553267e+01
 2.97042212e+01 -1.93779880e+01
 2.93254947e+01 -1.94984515e+01
 2.89492158e+01 -1.96179573e+01
 2.85737670e+01 -1.97371362e+01
 2.81985404e+01 -1.98562272e+01
 2.78233607e+01 -1.99752996e+01
 2.74481889e+01 -2.00943690e+01
 2.70730180e+01 -2.02134379e+01
 2.66978479e+01 -2.03325067e+01
 2.63226826e+01 -2.04515738e+01
 2.59475549e+01 -2.05706291e+01
 2.55726506e+01 -2.06896135e+01
 2.51987895e+01 -2.08082667e+01
 2.48287583e+01 -2.09257045e+01
 2.44697962e+01 -2.10396293e+01
 2.41360574e+01 -2.11455488e+01
 2.38476943e+01 -2.12370674e+01
 2.36238423e+01 -2.13081119e+01
 2.36238423e+01 -2.13081119e+01
 2.36238423e+01 -2.13081119e+01
 2.36238423e+01 -2.13081119e+01
 2.36238423e+01 -2.13081119e+01
 2.36238423e+01 -2.13081119e+01
 2.36238423e+01 -2.13081119e+01
 2.36238423e+01 -2.13081119e+01
 2.36238423e+01 -2.13081119e+01
 2.36238423e+01 -2.13081119e+01
 2.36238423e+01 -2.13081119e+01
 2.36238423e+01 -2.13081119e+01
 2.36238423e+01 -2.13081119e+01
 2.36238423e+01 -2.13081119e+01
 2.36238423e+01 -2.13081119e+01
 2.36238423e+01 -2.13081119e+01
 2.36238423e+01 -2.13081119e+01
 2.36238423e+01 -2.13081119e+01
 2.36238423e+01 -2.13081119e+01
 2.36238423e+01 -2.13081119e+01
 2.36238423e+01 -2.13081119e+01
 2.36238423e+01 -2.13081119e+01
 2.36238423e+01 -2.13081119e+01
 2.36238423e+01 -2.13081119e+01
 2.36238423e+01 -2.13081119e+01
 2.36238423e+01 -2.13081119e+01
 2.36238423e+01 -2.13081119e+01
 2.36238423e+01 -2.13081119e+01
 2.36238423e+01 -2.13081119e+01
 2.36238423e+01 -2.13081119e+01
 2.36238423e+01 -2.13081119e+01
 2.36238423e+01 -2.13081119e+01
 2.36238423e+01 -2.13081119e+01
 2.36238423e+01 -2.13081119e+01
 2.36238423e+01 -2.13081119e+01
 2.36238423e+01 -2.13081119e+01
 2.36238423e+01 -2.13081119e+01
 2.36238423e+01 -2.13081119e+01
 2.36238423e+01 -2.13081119e+01
 2.36238423e+01 -2.13081119e+01
 2.36238423e+01 -2.13081119e+01
 2.36238423e+01 -2.13081119e+01
 2.36238423e+01 -2.13081119e+01
 2.36238423e+01 -2.13081119e+01
 2.36238423e+01 -2.13081119e+01
 2.36238423e+01 -2.13081119e+01
 2.36238423e+01 -2.13081119e+01
 2.36238423e+01 -2.13081119e+01
 2.36238423e+01 -2.13081119e+01
 2.36238423e+01 -2.13081119e+01
 2.36238423e+01 -2.13081119e+01
 2.36238423e+01 -2.13081119e+01
 2.36238423e+01 -2.13081119e+01
 2.36238423e+01 -2.13081119e+01
 2.36238423e+01 -2.13081119e+01
