 0.00000000e+00 0.00000000e+00
 0.00000000e+00 0.00000000e+00
 0.00000000e+00 0.00000000e+00
 0.00000000e+00 0.00000000e+00
 2.89512302e-01 -1.56267312e-01
 7.02976288e-01 -3.76126668e-01
 1.24306718e+00 -6.56305533e-01
 1.90577272e+00 -9.87161280e-01
 2.68622907e+00 -1.35546888e+00
 3.58196538e+00 -1.74611427e+00
 4.59350491e+00 -2.14299346e+00
 5.72320496e+00 -2.52989546e+00
 6.97306362e+00 -2.89162758e+00
 8.34242176e+00 -3.21514497e+00
 9.82677712e+00 -3.49036322e+00
 1.14183273e+01 -3.71056176e+00
 1.31074452e+01 -3.87247665e+00
 1.48836547e+01 -3.97595944e+00
 1.67356907e+01 -4.02278811e+00
 1.86514357e+01 -4.01495323e+00
 2.06182322e+01 -3.95407244e+00
 2.26227897e+01 -3.84299026e+00
 2.46495821e+01 -3.68802171e+00
 2.66780351e+01 -3.49946912e+00
 2.86803995e+01 -3.29024675e+00
 3.06220555e+01 -3.07420507e+00
 3.24642283e+01 -2.86504706e+00
 3.41677831e+01 -2.67547550e+00
 3.56971442e+01 -2.51603497e+00
 3.70242196e+01 -2.39363538e+00
 3.81318462e+01 -2.31043732e+00
 3.90153900e+01 -2.26430639e+00
 3.96817247e+01 -2.25136403e+00
 4.01465083e+01 -2.26905928e+00
 4.04310663e+01 -2.31719281e+00
 4.05589092e+01 -2.39657103e+00
 4.05516925e+01 -2.50772676e+00
 4.04261368e+01 -2.65137793e+00
 4.01937500e+01 -2.82948032e+00
 3.98627226e+01 -3.04525801e+00
 3.94397555e+01 -3.30245579e+00
 3.89308359e+01 -3.60494104e+00
 3.83413340e+01 -3.95686638e+00
 3.76755532e+01 -4.36275920e+00
 3.69356717e+01 -4.82723373e+00
 3.61206318e+01 -5.35476919e+00
 3.52257080e+01 -5.95001368e+00
 3.42428786e+01 -6.61835344e+00
 3.31617800e+01 -7.36602874e+00
 3.19711965e+01 -8.19945269e+00
 3.06609557e+01 -9.12407280e+00
 2.92236401e+01 -1.01433199e+01
 2.76555099e+01 -1.12578510e+01
 2.59567880e+01 -1.24649213e+01
 2.41322188e+01 -1.37576888e+01
 2.21925515e+01 -1.51245012e+01
 2.01563797e+01 -1.65484513e+01
 1.80509124e+01 -1.80075092e+01
 1.59108574e+01 -1.94753833e+01
 1.37760500e+01 -2.09229919e+01
 1.16890996e+01 -2.23202293e+01
 9.69347631e+00 -2.36377957e+01
 7.83130089e+00 -2.48491002e+01
 6.14008352e+00 -2.59322311e+01
 4.64882406e+00 -2.68716926e+01
 3.37486186e+00 -2.76594455e+01
 2.32266019e+00 -2.82950703e+01
 1.48476671e+00 -2.87852965e+01
 8.44402194e-01 -2.91431761e+01
 3.78641441e-01 -2.93868628e+01
 6.10146433e-02 -2.95376773e+01
 -1.36733952e-01 -2.96170393e+01
 -2.42404144e-01 -2.96425089e+01
 -2.79527200e-01 -2.96248909e+01
 -2.63845626e-01 -2.95688847e+01
 -2.03564504e-01 -2.94769381e+01
 -1.03589522e-01 -2.93527439e+01
 3.02950538e-02 -2.92018441e+01
 1.90601950e-01 -2.90304465e+01
 3.69806524e-01 -2.88446384e+01
 5.61927598e-01 -2.86503693e+01
 7.62861814e-01 -2.84533994e+01
 9.69758756e-01 -2.82589044e+01
 1.18028088e+00 -2.80710605e+01
 1.39260684e+00 -2.78929093e+01
 1.60618020e+00 -2.77264701e+01
 1.82220326e+00 -2.75729388e+01
 2.04328902e+00 -2.74329926e+01
 2.27303936e+00 -2.73073779e+01
 2.51658442e+00 -2.71977356e+01
 2.78202660e+00 -2.71072929e+01
 3.08179088e+00 -2.70411968e+01
 3.43286106e+00 -2.70066646e+01
 3.85558866e+00 -2.70129822e+01
 4.37175936e+00 -2.70707715e+01
 5.00288270e+00 -2.71900318e+01
 5.76878929e+00 -2.73775447e+01
 6.68591762e+00 -2.76349772e+01
 7.76521784e+00 -2.79583687e+01
 9.01049811e+00 -2.83386170e+01
 1.04182225e+01 -2.87624464e+01
 1.19791829e+01 -2.92138507e+01
 1.36813936e+01 -2.96761071e+01
 1.55127131e+01 -3.01340529e+01
 1.74619213e+01 -3.05759699e+01
 1.95179801e+01 -3.09944308e+01
 2.16681269e+01 -3.13857834e+01
 2.38958608e+01 -3.17484876e+01
 2.61795344e+01 -3.20811285e+01
 2.84914771e+01 -3.23811319e+01
 3.07975751e+01 -3.26446830e+01
 3.30581786e+01 -3.28675433e+01
 3.52312413e+01 -3.30461779e+01
 3.72769396e+01 -3.31788401e+01
 3.91617986e+01 -3.32663762e+01
 4.08611155e+01 -3.33123528e+01
 4.23597927e+01 -3.33223750e+01
 4.36520298e+01 -3.33032905e+01
 4.47402048e+01 -3.32629992e+01
 4.56333543e+01 -3.32103316e+01
 4.63455568e+01 -3.31539306e+01
 4.68942094e+01 -3.31004282e+01
 4.72983086e+01 -3.30533361e+01
 4.75772400e+01 -3.30132308e+01
 4.77500938e+01 -3.29784846e+01
 4.78343925e+01 -3.29458728e+01
 4.78436065e+01 -3.29109664e+01
 4.77852117e+01 -3.28681289e+01
 4.76616284e+01 -3.28101979e+01
 4.74735042e+01 -3.27287855e+01
 4.72226369e+01 -3.26158065e+01
 4.69134579e+01 -3.24655904e+01
 4.65542168e+01 -3.22769076e+01
 4.61582505e+01 -3.20548404e+01
 4.57435024e+01 -3.18113084e+01
 4.53285593e+01 -3.15620322e+01
 4.49267246e+01 -3.13203526e+01
 4.45424485e+01 -3.10923007e+01
 4.41727890e+01 -3.08766684e+01
 4.38120002e+01 -3.06689117e+01
 4.34553116e+01 -3.04648854e+01
 4.31000897e+01 -3.02622128e+01
 4.27452765e+01 -3.00599207e+01
 4.23905523e+01 -2.98577119e+01
 4.20358432e+01 -2.96555173e+01
 4.16811361e+01 -2.94533246e+01
 4.13264297e+01 -2.92511324e+01
 4.09717280e+01 -2.90489428e+01
 4.06170619e+01 -2.88467735e+01
 4.02626069e+01 -2.86447246e+01
 3.99091382e+01 -2.84432379e+01
 3.95592905e+01 -2.82438153e+01
 3.92199082e+01 -2.80503582e+01
 3.89043733e+01 -2.78704948e+01
 3.86317391e+01 -2.77150859e+01
 3.84200972e+01 -2.75944443e+01
 3.84200972e+01 -2.75944443e+01
 3.84200972e+01 -2.75944443e+01
 3.84200972e+01 -2.75944443e+01
 3.84200972e+01 -2.75944443e+01
 3.84200972e+01 -2.75944443e+01
 3.84200972e+01 -2.75944443e+01
 3.84200972e+01 -2.75944443e+01
 3.84200972e+01 -2.75944443e+01
 3.84200972e+01 -2.75944443e+01
 3.84200972e+01 -2.75944443e+01
 3.84200972e+01 -2.75944443e+01
 3.84200972e+01 -2.75944443e+01
 3.84200972e+01 -2.75944443e+01
 3.84200972e+01 -2.75944443e+01
 3.84200972e+01 -2.75944443e+01
 3.84200972e+01 -2.75944443e+01
 3.84200972e+01 -2.75944443e+01
 3.84200972e+01 -2.75944443e+01
 3.84200972e+01 -2.75944443e+01
 3.84200972e+01 -2.75944443e+01
 3.84200972e+01 -2.75944443e+01
 3.84200972e+01 -2.75944443e+01
 3.84200972e+01 -2.75944443e+01
 3.84200972e+01 -2.75944443e+01
 3.84200972e+01 -2.75944443e+01
 3.84200972e+01 -2.75944443e+01
 3.84200972e+01 -2.75944443e+01
 3.84200972e+01 -2.75944443e+01
 3.84200972e+01 -2.75944443e+01
 3.84200972e+01 -2.75944443e+01
 3.84200972e+01 -2.75944443e+01
 3.84200972e+01 -2.75944443e+01
 3.84200972e+01 -2.75944443e+01
 3.84200972e+01 -2.75944443e+01
 3.84200972e+01 -2.75944443e+01
 3.84200972e+01 -2.75944443e+01
 3.84200972e+01 -2.75944443e+01
 3.84200972e+01 -2.75944443e+01
 3.84200972e+01 -2.75944443e+01
 3.84200972e+01 -2.75944443e+01
