 0.00000000e+00 0.00000000e+00
 0.00000000e+00 0.00000000e+00
 0.00000000e+00 0.00000000e+00
 0.00000000e+00 0.00000000e+00
 0.00000000e+00 0.00000000e+00
 0.00000000e+00 0.00000000e+00
 0.00000000e+00 0.00000000e+00
 0.00000000e+00 0.00000000e+00
 7.78891778e-02 2.58170980e-01
 1.37657583e-01 5.69891447e-01
 1.47521266e-01 8.94876787e-01
 8.36661304e-02 1.19011450e+00
 -6.09697038e-02 1.42085544e+00
 -2.74885726e-01 1.56388684e+00
 -5.33333678e-01 1.60627051e+00
 -8.08161527e-01 1.54335550e+00
 -1.07665294e+00 1.37713320e+00
 -1.32477236e+00 1.11429903e+00
 -1.54524007e+00 7.63753245e-01
 -1.73451394e+00 3.34323476e-01
 -1.89193972e+00 -1.66684953e-01
 -2.02097369e+00 -7.34594169e-01
 -2.13009376e+00 -1.36871405e+00
 -2.23183959e+00 -2.07361513e+00
 -2.34080477e+00 -2.85941064e+00
 -2.47211621e+00 -3.74049960e+00
 -2.64067603e+00 -4.73299817e+00
 -2.86047716e+00 -5.85164747e+00
 -3.14354312e+00 -7.10692642e+00
 -3.49867002e+00 -8.50262984e+00
 -3.93038569e+00 -1.00339824e+01
 -4.43835406e+00 -1.16867246e+01
 -5.01740799e+00 -1.34379730e+01
 -5.65847518e+00 -1.52591765e+01
 -6.35009100e+00 -1.71201152e+01
 -7.07935845e+00 -1.89919638e+01
 -7.83169975e+00 -2.08483497e+01
 -8.59034572e+00 -2.26653163e+01
 -9.33694784e+00 -2.44217932e+01
 -1.00533131e+01 -2.61006883e+01
 -1.07231140e+01 -2.76891359e+01
 -1.13328572e+01 -2.91769977e+01
 -1.18723663e+01 -3.05547126e+01
 -1.23353102e+01 -3.18124183e+01
 -1.27198276e+01 -3.29409980e+01
 -1.30286867e+01 -3.39339271e+01
 -1.32684950e+01 -3.47884295e+01
 -1.34483160e+01 -3.55054343e+01
 -1.35783562e+01 -3.60886570e+01
 -1.36686365e+01 -3.65430233e+01
 -1.37273444e+01 -3.68723823e+01
 -1.37593220e+01 -3.70769390e+01
 -1.37651487e+01 -3.71518283e+01
 -1.37406959e+01 -3.70882567e+01
 -1.36775180e+01 -3.68767262e+01
 -1.35647935e+01 -3.65098713e+01
 -1.33921096e+01 -3.59831251e+01
 -1.31512851e+01 -3.52940687e+01
 -1.28365521e+01 -3.44425549e+01
 -1.24439701e+01 -3.34325418e+01
 -1.19710308e+01 -3.22748046e+01
 -1.14167984e+01 -3.09887311e+01
 -1.07826243e+01 -2.96017757e+01
 -1.00732122e+01 -2.81468685e+01
 -9.29741590e+00 -2.66596853e+01
 -8.46816521e+00 -2.51772942e+01
 -7.60155338e+00 -2.37377136e+01
 -6.71570755e+00 -2.23786482e+01
 -5.82985690e+00 -2.11344199e+01
 -4.96319817e+00 -2.00320508e+01
 -4.13280653e+00 -1.90885156e+01
 -3.35064200e+00 -1.83102465e+01
 -2.62098482e+00 -1.76943398e+01
 -1.93987945e+00 -1.72305265e+01
 -1.29689807e+00 -1.69036668e+01
 -6.78163459e-01 -1.66967149e+01
 -6.93758827e-02 -1.65934503e+01
 5.41882256e-01 -1.65799761e+01
 1.16471401e+00 -1.66447902e+01
 1.80395488e+00 -1.67783131e+01
 2.45928367e+00 -1.69727927e+01
 3.12463580e+00 -1.72225476e+01
 3.78846300e+00 -1.75239018e+01
 4.43485687e+00 -1.78745471e+01
 5.04504140e+00 -1.82727167e+01
 5.59880561e+00 -1.87165996e+01
 6.07576677e+00 -1.92040378e+01
 6.45655550e+00 -1.97323187e+01
 6.72397622e+00 -2.02980319e+01
 6.86396995e+00 -2.08972024e+01
 6.86608492e+00 -2.15258126e+01
 6.72348776e+00 -2.21804837e+01
 6.43306070e+00 -2.28589236e+01
 5.99596527e+00 -2.35597858e+01
 5.41817411e+00 -2.42817133e+01
 4.71014315e+00 -2.50218367e+01
 3.88556781e+00 -2.57746943e+01
 2.95986651e+00 -2.65324500e+01
 1.94876275e+00 -2.72861747e+01
 8.66884026e-01 -2.80271092e+01
 -2.73355405e-01 -2.87472305e+01
 -1.46177847e+00 -2.94394450e+01
 -2.68906383e+00 -3.00981019e+01
 -3.94477078e+00 -3.07199232e+01
 -5.21578862e+00 -3.13045092e+01
 -6.48546209e+00 -3.18534268e+01
 -7.73318246e+00 -3.23680350e+01
 -8.93450272e+00 -3.28474639e+01
 -1.00622912e+01 -3.32879812e+01
 -1.10893980e+01 -3.36837334e+01
 -1.19922862e+01 -3.40280350e+01
 -1.27538067e+01 -3.43144075e+01
 -1.33635779e+01 -3.45370077e+01
 -1.38165418e+01 -3.46907398e+01
 -1.41123528e+01 -3.47720657e+01
 -1.42583185e+01 -3.47815528e+01
 -1.42754253e+01 -3.47276472e+01
 -1.42015858e+01 -3.46285802e+01
 -1.40848303e+01 -3.45087485e+01
 -1.39673678e+01 -3.43900988e+01
 -1.38720710e+01 -3.42845962e+01
 -1.38016483e+01 -3.41934362e+01
 -1.37482032e+01 -3.41120484e+01
 -1.37030874e+01 -3.40354738e+01
 -1.36610529e+01 -3.39606893e+01
 -1.36198943e+01 -3.38864164e+01
 -1.35789286e+01 -3.38122567e+01
 -1.35379960e+01 -3.37381165e+01
 -1.34970678e+01 -3.36639790e+01
 -1.34561401e+01 -3.35898418e+01
 -1.34152129e+01 -3.35157057e+01
 -1.33742899e+01 -3.34415769e+01
 -1.33333913e+01 -3.33674923e+01
 -1.32926064e+01 -3.32936139e+01
 -1.32522394e+01 -3.32204922e+01
 -1.32130799e+01 -3.31495580e+01
 -1.31766720e+01 -3.30836081e+01
 -1.31452142e+01 -3.30266248e+01
 -1.31207940e+01 -3.29823896e+01
 -1.31207940e+01 -3.29823896e+01
 -1.31207940e+01 -3.29823896e+01
 -1.31207940e+01 -3.29823896e+01
 -1.31207940e+01 -3.29823896e+01
 -1.31207940e+01 -3.29823896e+01
 -1.31207940e+01 -3.29823896e+01
 -1.31207940e+01 -3.29823896e+01
 -1.31207940e+01 -3.29823896e+01
 -1.31207940e+01 -3.29823896e+01
 -1.31207940e+01 -3.29823896e+01
 -1.31207940e+01 -3.29823896e+01
 -1.31207940e+01 -3.29823896e+01
 -1.31207940e+01 -3.29823896e+01
 -1.31207940e+01 -3.29823896e+01
 -1.31207940e+01 -3.29823896e+01
 -1.31207940e+01 -3.29823896e+01
 -1.31207940e+01 -3.29823896e+01
 -1.31207940e+01 -3.29823896e+01
 -1.31207940e+01 -3.29823896e+01
 -1.31207940e+01 -3.29823896e+01
 -1.31207940e+01 -3.29823896e+01
 -1.31207940e+01 -3.29823896e+01
 -1.31207940e+01 -3.29823896e+01
 -1.31207940e+01 -3.29823896e+01
 -1.31207940e+01 -3.29823896e+01
 -1.31207940e+01 -3.29823896e+01
 -1.31207940e+01 -3.29823896e+01
 -1.31207940e+01 -3.29823896e+01
 -1.31207940e+01 -3.29823896e+01
 -1.31207940e+01 -3.29823896e+01
 -1.31207940e+01 -3.29823896e+01
 -1.31207940e+01 -3.29823896e+01
 -1.31207940e+01 -3.29823896e+01
 -1.31207940e+01 -3.29823896e+01
 -1.31207940e+01 -3.29823896e+01
