 0.00000000e+00 0.00000000e+00
 0.00000000e+00 0.00000000e+00
 0.00000000e+00 0.00000000e+00
 0.00000000e+00 0.00000000e+00
 0.00000000e+00 0.00000000e+00
 0.00000000e+00 0.00000000e+00
 0.00000000e+00 0.00000000e+00
 0.00000000e+00 0.00000000e+00
 0.00000000e+00 0.00000000e+00
 0.00000000e+00 0.00000000e+00
 0.00000000e+00 0.00000000e+00
 0.00000000e+00 0.00000000e+00
 0.00000000e+00 0.00000000e+00
 0.00000000e+00 0.00000000e+00
 0.00000000e+00 0.00000000e+00
 0.00000000e+00 0.00000000e+00
 0.00000000e+00 0.00000000e+00
 0.00000000e+00 0.00000000e+00
 0.00000000e+00 0.00000000e+00
 0.00000000e+00 0.00000000e+00
 0.00000000e+00 0.00000000e+00
 0.00000000e+00 0.00000000e+00
 0.00000000e+00 0.00000000e+00
 0.00000000e+00 0.00000000e+00
 0.00000000e+00 0.00000000e+00
 0.00000000e+00 0.00000000e+00
 0.00000000e+00 0.00000000e+00
 0.00000000e+00 0.00000000e+00
 0.00000000e+00 0.00000000e+00
 0.00000000e+00 0.00000000e+00
 0.00000000e+00 0.00000000e+00
 0.00000000e+00 0.00000000e+00
 0.00000000e+00 0.00000000e+00
 0.00000000e+00 0.00000000e+00
 2.39343745e-01 -5.02921447e-02
 5.79273181e-01 -1.29138278e-01
 1.02303538e+00 -2.38935045e-01
 1.57078788e+00 -3.78909466e-01
 2.22387524e+00 -5.46612447e-01
 2.98596488e+00 -7.38836232e-01
 3.86209458e+00 -9.51567361e-01
 4.85750016e+00 -1.17970547e+00
 5.97707213e+00 -1.41711008e+00
 7.22492397e+00 -1.65698412e+00
 8.60310025e+00 -1.89257086e+00
 1.01095183e+01 -2.11832333e+00
 1.17364907e+01 -2.33135825e+00
 1.34708310e+01 -2.53238625e+00
 1.52950192e+01 -2.72538888e+00
 1.71881109e+01 -2.91614721e+00
 1.91258338e+01 -3.11042592e+00
 2.10806663e+01 -3.31263484e+00
 2.30230310e+01 -3.52520678e+00
 2.49235949e+01 -3.74825877e+00
 2.67554544e+01 -3.97914667e+00
 2.84952410e+01 -4.21225593e+00
 3.01233225e+01 -4.43964273e+00
 3.16237110e+01 -4.65252360e+00
 3.29839586e+01 -4.84300439e+00
 3.41951144e+01 -5.00542679e+00
 3.52517232e+01 -5.13707069e+00
 3.61517920e+01 -5.23830032e+00
 3.68969145e+01 -5.31222331e+00
 3.74927827e+01 -5.36374933e+00
 3.79496911e+01 -5.39833270e+00
 3.82823726e+01 -5.42124122e+00
 3.85091859e+01 -5.43757027e+00
 3.86509904e+01 -5.45206658e+00
 3.87292920e+01 -5.46826439e+00
 3.87629556e+01 -5.48802992e+00
 3.87643556e+01 -5.51261729e+00
 3.87376505e+01 -5.54446625e+00
 3.86809713e+01 -5.58803345e+00
 3.85908116e+01 -5.64918214e+00
 3.84648239e+01 -5.73410315e+00
 3.83012470e+01 -5.84880075e+00
 3.80966338e+01 -5.99929468e+00
 3.78443275e+01 -6.19193859e+00
 3.75344558e+01 -6.43331758e+00
 3.71547632e+01 -6.72982126e+00
 3.66914345e+01 -7.08726452e+00
 3.61296292e+01 -7.51060509e+00
 3.54539251e+01 -8.00352289e+00
 3.46488763e+01 -8.56776524e+00
 3.36999210e+01 -9.20249681e+00
 3.25950408e+01 -9.90402721e+00
 3.13270945e+01 -1.06659745e+01
 2.98958435e+01 -1.14794775e+01
 2.83086860e+01 -1.23332274e+01
 2.65800346e+01 -1.32137370e+01
 2.47299167e+01 -1.41063314e+01
 2.27823461e+01 -1.49965617e+01
 2.07638138e+01 -1.58711997e+01
 1.87021238e+01 -1.67184523e+01
 1.66255525e+01 -1.75278837e+01
 1.45620620e+01 -1.82906440e+01
 1.25384828e+01 -1.89999904e+01
 1.05799981e+01 -1.96516585e+01
 8.71000252e+00 -2.02438164e+01
 6.94961866e+00 -2.07767577e+01
 5.31613511e+00 -2.12527413e+01
 3.82093764e+00 -2.16761443e+01
 2.46877272e+00 -2.20534206e+01
 1.25955722e+00 -2.23920922e+01
 1.91538643e-01 -2.26987984e+01
 -7.36920926e-01 -2.29774983e+01
 -1.52816956e+00 -2.32289849e+01
 -2.18699961e+00 -2.34519101e+01
 -2.72088456e+00 -2.36444528e+01
 -3.13878016e+00 -2.38054127e+01
 -3.45086215e+00 -2.39343031e+01
 -3.67018709e+00 -2.40313136e+01
 -3.81383812e+00 -2.40981171e+01
 -3.90098904e+00 -2.41389652e+01
 -3.94900326e+00 -2.41605141e+01
 -3.97056298e+00 -2.41699520e+01
 -3.97278790e+00 -2.41727389e+01
 -3.95739611e+00 -2.41713501e+01
 -3.92111901e+00 -2.41651998e+01
 -3.85592321e+00 -2.41512137e+01
 -3.74879735e+00 -2.41246875e+01
 -3.58158025e+00 -2.40803190e+01
 -3.33147535e+00 -2.40132923e+01
 -2.97228988e+00 -2.39201674e+01
 -2.47640044e+00 -2.37993382e+01
 -1.81777197e+00 -2.36512024e+01
 -9.75800950e-01 -2.34784602e+01
 6.12972250e-02 -2.32864410e+01
 1.29495152e+00 -2.30828954e+01
 2.71676508e+00 -2.28772251e+01
 4.31013721e+00 -2.26797034e+01
 6.05204451e+00 -2.25008131e+01
 7.91487615e+00 -2.23502542e+01
 9.86866963e+00 -2.22355282e+01
 1.18837386e+01 -2.21608996e+01
 1.39329332e+01 -2.21276356e+01
 1.59925935e+01 -2.21352075e+01
 1.80421126e+01 -2.21819980e+01
 2.00629991e+01 -2.22649101e+01
 2.20384321e+01 -2.23790649e+01
 2.39535978e+01 -2.25185094e+01
 2.57962063e+01 -2.26770615e+01
 2.75564285e+01 -2.28482835e+01
 2.92264350e+01 -2.30249858e+01
 3.08004662e+01 -2.31990155e+01
 3.22756922e+01 -2.33613950e+01
 3.36529527e+01 -2.35027606e+01
 3.49363105e+01 -2.36143178e+01
 3.61312512e+01 -2.36890687e+01
 3.72424465e+01 -2.37223623e+01
 3.82723290e+01 -2.37114874e+01
 3.92208980e+01 -2.36556096e+01
 4.00860432e+01 -2.35571336e+01
 4.08635757e+01 -2.34232160e+01
 4.15471362e+01 -2.32652868e+01
 4.21287519e+01 -2.30964852e+01
 4.26001129e+01 -2.29288144e+01
 4.29536407e+01 -2.27714984e+01
 4.31826566e+01 -2.26307655e+01
 4.32811639e+01 -2.25104154e+01
 4.32442391e+01 -2.24122849e+01
 4.30692229e+01 -2.23362910e+01
 4.27570401e+01 -2.22805862e+01
 4.23132249e+01 -2.22422401e+01
 4.17491448e+01 -2.22179452e+01
 4.10839744e+01 -2.22042318e+01
 4.03463389e+01 -2.21975793e+01
 3.95724459e+01 -2.21948897e+01
 3.87983127e+01 -2.21940033e+01
 3.80490186e+01 -2.21937687e+01
 3.73326371e+01 -2.21937193e+01
 3.66434373e+01 -2.21937111e+01
 3.59706250e+01 -2.21937100e+01
 3.53053437e+01 -2.21937099e+01
 3.46427428e+01 -2.21937099e+01
 3.39808855e+01 -2.21937099e+01
 3.33191894e+01 -2.21937099e+01
 3.26575207e+01 -2.21937099e+01
 3.19958556e+01 -2.21937099e+01
 3.13341918e+01 -2.21937099e+01
 3.06725367e+01 -2.21937099e+01
 3.00109479e+01 -2.21937099e+01
 2.93497530e+01 -2.21937099e+01
 2.86903980e+01 -2.21937099e+01
 2.80377975e+01 -2.21937099e+01
 2.74047188e+01 -2.21937099e+01
 2.68161250e+01 -2.21937099e+01
 2.63075573e+01 -2.21937099e+01
 2.59127637e+01 -2.21937099e+01
 2.59127637e+01 -2.21937099e+01
 2.59127637e+01 -2.21937099e+01
 2.59127637e+01 -2.21937099e+01
 2.59127637e+01 -2.21937099e+01
 2.59127637e+01 -2.21937099e+01
 2.59127637e+01 -2.21937099e+01
 2.59127637e+01 -2.21937099e+01
