 0.00000000e+00 0.00000000e+00
 0.00000000e+00 0.00000000e+00
 0.00000000e+00 0.00000000e+00
 0.00000000e+00 0.00000000e+00
 5.29709417e-02 -7.99703480e-02
 1.27050840e-01 -1.94213922e-01
 2.27838691e-01 -3.44738088e-01
 3.65094870e-01 -5.31908721e-01
 5.51967457e-01 -7.54506007e-01
 8.02635839e-01 -1.00904553e+00
 1.13070019e+00 -1.28931679e+00
 1.54916064e+00 -1.58674046e+00
 2.07097536e+00 -1.89134557e+00
 2.70918969e+00 -2.19275240e+00
 3.47657292e+00 -2.48071840e+00
 4.38512334e+00 -2.74528198e+00
 5.44563600e+00 -2.97684316e+00
 6.66713312e+00 -3.16649818e+00
 8.05575024e+00 -3.30676047e+00
 9.61309172e+00 -3.39251113e+00
 1.13347165e+01 -3.42177880e+00
 1.32093835e+01 -3.39609410e+00
 1.52190565e+01 -3.32053878e+00
 1.73392811e+01 -3.20363058e+00
 1.95396495e+01 -3.05694662e+00
 2.17844029e+01 -2.89435673e+00
 2.40336161e+01 -2.73078474e+00
 2.62454886e+01 -2.58041611e+00
 2.83795060e+01 -2.45457595e+00
 3.03991918e+01 -2.36014774e+00
 3.22732710e+01 -2.29956407e+00
 3.39756172e+01 -2.27220685e+00
 3.54856580e+01 -2.27553466e+00
 3.67901893e+01 -2.30483454e+00
 3.78855018e+01 -2.35275351e+00
 3.87778311e+01 -2.41028822e+00
 3.94814879e+01 -2.46899655e+00
 4.00159702e+01 -2.52276310e+00
 4.04038515e+01 -2.56811074e+00
 4.06701301e+01 -2.60363164e+00
 4.08420732e+01 -2.62975656e+00
 4.09475910e+01 -2.64895895e+00
 4.10112908e+01 -2.66519865e+00
 4.10503713e+01 -2.68226680e+00
 4.10736631e+01 -2.70265489e+00
 4.10840816e+01 -2.72838403e+00
 4.10816102e+01 -2.76283425e+00
 4.10649779e+01 -2.81136063e+00
 4.10326880e+01 -2.87992095e+00
 4.09838210e+01 -2.97304537e+00
 4.09178116e+01 -3.09299045e+00
 4.08333876e+01 -3.24060440e+00
 4.07283164e+01 -3.41679066e+00
 4.06003726e+01 -3.62326181e+00
 4.04475705e+01 -3.86241113e+00
 4.02661269e+01 -4.13696569e+00
 4.00475783e+01 -4.44999952e+00
 3.97776892e+01 -4.80535119e+00
 3.94376810e+01 -5.20786785e+00
 3.90059831e+01 -5.66274916e+00
 3.84590681e+01 -6.17408344e+00
 3.77719783e+01 -6.74361517e+00
 3.69199968e+01 -7.37057965e+00
 3.58816556e+01 -8.05239223e+00
 3.46418046e+01 -8.78536416e+00
 3.31935863e+01 -9.56484921e+00
 3.15393677e+01 -1.03848697e+01
 2.96912690e+01 -1.12377425e+01
 2.76713088e+01 -1.21141070e+01
 2.55104827e+01 -1.30032893e+01
 2.32465167e+01 -1.38938152e+01
 2.09209470e+01 -1.47741397e+01
 1.85762140e+01 -1.56336917e+01
 1.62528405e+01 -1.64640469e+01
 1.39866830e+01 -1.72599089e+01
 1.18066682e+01 -1.80197038e+01
 9.73353301e+00 -1.87456558e+01
 7.77976404e+00 -1.94431263e+01
 5.95053829e+00 -2.01190728e+01
 4.24534908e+00 -2.07799516e+01
 2.66027833e+00 -2.14298576e+01
 1.19099361e+00 -2.20694342e+01
 -1.64149824e-01 -2.26953630e+01
 -1.40232372e+00 -2.33001710e+01
 -2.51675389e+00 -2.38727288e+01
 -3.49912233e+00 -2.43999497e+01
 -4.34242959e+00 -2.48693335e+01
 -5.04307910e+00 -2.52712666e+01
 -5.60190731e+00 -2.56003577e+01
 -6.02481796e+00 -2.58560236e+01
 -6.32366566e+00 -2.60427975e+01
 -6.51693088e+00 -2.61700550e+01
 -6.62868843e+00 -2.62502201e+01
 -6.68485111e+00 -2.62955071e+01
 -6.70775648e+00 -2.63150799e+01
 -6.71187082e+00 -2.63145808e+01
 -6.70278318e+00 -2.62977810e+01
 -6.67948519e+00 -2.62682555e+01
 -6.63817802e+00 -2.62295921e+01
 -6.57533908e+00 -2.61847016e+01
 -6.48861058e+00 -2.61356942e+01
 -6.37566026e+00 -2.60846500e+01
 -6.23205760e+00 -2.60343159e+01
 -6.04920230e+00 -2.59879938e+01
 -5.81334675e+00 -2.59488157e+01
 -5.50634949e+00 -2.59188760e+01
 -5.10760991e+00 -2.58984776e+01
 -4.59601783e+00 -2.58856856e+01
 -3.95133002e+00 -2.58762583e+01
 -3.15504583e+00 -2.58636790e+01
 -2.19094667e+00 -2.58390804e+01
 -1.04538547e+00 -2.57914566e+01
 2.92571857e-01 -2.57086438e+01
 1.83094943e+00 -2.55788348e+01
 3.57432992e+00 -2.53920546e+01
 5.52295363e+00 -2.51414854e+01
 7.67183137e+00 -2.48247441e+01
 1.00102055e+01 -2.44448614e+01
 1.25212153e+01 -2.40106076e+01
 1.51814552e+01 -2.35361940e+01
 1.79604812e+01 -2.30406090e+01
 2.08208055e+01 -2.25466248e+01
 2.37190478e+01 -2.20792054e+01
 2.66084057e+01 -2.16630767e+01
 2.94417153e+01 -2.13196374e+01
 3.21740610e+01 -2.10638827e+01
 3.47645089e+01 -2.09023837e+01
 3.71771560e+01 -2.08332375e+01
 3.93818035e+01 -2.08478219e+01
 4.13547471e+01 -2.09329622e+01
 4.30802696e+01 -2.10724107e+01
 4.45525047e+01 -2.12479226e+01
 4.57761313e+01 -2.14406975e+01
 4.67647959e+01 -2.16333108e+01
 4.75382406e+01 -2.18116610e+01
 4.81201684e+01 -2.19662883e+01
 4.85375456e+01 -2.20926251e+01
 4.88203686e+01 -2.21903213e+01
 4.90006474e+01 -2.22620960e+01
 4.91097067e+01 -2.23123128e+01
 4.91736994e+01 -2.23454537e+01
 4.92092861e+01 -2.23649863e+01
 4.92225567e+01 -2.23728304e+01
 4.92117500e+01 -2.23691104e+01
 4.91709593e+01 -2.23523653e+01
 4.90923564e+01 -2.23208942e+01
 4.89674739e+01 -2.22747889e+01
 4.87894021e+01 -2.22168843e+01
 4.85563272e+01 -2.21517465e+01
 4.82749426e+01 -2.20838355e+01
 4.79612019e+01 -2.20163275e+01
 4.76362040e+01 -2.19508842e+01
 4.73182249e+01 -2.18879152e+01
 4.70162207e+01 -2.18270188e+01
 4.67295698e+01 -2.17674759e+01
 4.64529137e+01 -2.17086387e+01
 4.61810716e+01 -2.16500964e+01
 4.59109974e+01 -2.15916525e+01
 4.56414244e+01 -2.15332348e+01
 4.53719619e+01 -2.14748226e+01
 4.51025182e+01 -2.14164113e+01
 4.48330772e+01 -2.13580001e+01
 4.45636368e+01 -2.12995890e+01
 4.42941999e+01 -2.12411787e+01
 4.40247900e+01 -2.11827743e+01
 4.37555406e+01 -2.11244046e+01
 4.34870403e+01 -2.10661973e+01
 4.32212906e+01 -2.10085863e+01
 4.29634906e+01 -2.09526987e+01
 4.27238055e+01 -2.09007382e+01
 4.25167083e+01 -2.08558423e+01
 4.23559418e+01 -2.08209903e+01
 4.23559418e+01 -2.08209903e+01
 4.23559418e+01 -2.08209903e+01
 4.23559418e+01 -2.08209903e+01
 4.23559418e+01 -2.08209903e+01
 4.23559418e+01 -2.08209903e+01
 4.23559418e+01 -2.08209903e+01
 4.23559418e+01 -2.08209903e+01
 4.23559418e+01 -2.08209903e+01
 4.23559418e+01 -2.08209903e+01
 4.23559418e+01 -2.08209903e+01
 4.23559418e+01 -2.08209903e+01
 4.23559418e+01 -2.08209903e+01
 4.23559418e+01 -2.08209903e+01
 4.23559418e+01 -2.08209903e+01
 4.23559418e+01 -2.08209903e+01
 4.23559418e+01 -2.08209903e+01
 4.23559418e+01 -2.08209903e+01
 4.23559418e+01 -2.08209903e+01
 4.23559418e+01 -2.08209903e+01
 4.23559418e+01 -2.08209903e+01
 4.23559418e+01 -2.08209903e+01
 4.23559418e+01 -2.08209903e+01
 4.23559418e+01 -2.08209903e+01
 4.23559418e+01 -2.08209903e+01
