 0.00000000e+00 0.00000000e+00
 0.00000000e+00 0.00000000e+00
 0.00000000e+00 0.00000000e+00
 0.00000000e+00 0.00000000e+00
 -1.13959349e-02 2.29277012e-02
 -2.50642534e-02 4.57527937e-02
 -3.20773760e-02 5.86778130e-02
 -1.55371686e-02 4.92216395e-02
 4.83686911e-02 5.35724252e-03
 1.87129098e-01 -8.12402584e-02
 4.27979295e-01 -2.13505392e-01
 7.95413260e-01 -3.89425064e-01
 1.31110178e+00 -6.03568228e-01
 1.99462510e+00 -8.48100072e-01
 2.86273953e+00 -1.11266986e+00
 3.92691723e+00 -1.38397417e+00
 5.19077483e+00 -1.64621755e+00
 6.64883496e+00 -1.88292749e+00
 8.28667353e+00 -2.07954912e+00
 1.00815796e+01 -2.22574713e+00
 1.20032316e+01 -2.31648415e+00
 1.40148635e+01 -2.35159702e+00
 1.60755734e+01 -2.33450888e+00
 1.81435609e+01 -2.27113233e+00
 2.01792317e+01 -2.16937929e+00
 2.21472271e+01 -2.03881550e+00
 2.40172023e+01 -1.88999771e+00
 2.57638519e+01 -1.73355016e+00
 2.73670155e+01 -1.57922325e+00
 2.88124775e+01 -1.43517743e+00
 3.00930960e+01 -1.30775072e+00
 3.12090227e+01 -1.20160711e+00
 3.21663322e+01 -1.11967099e+00
 3.29749598e+01 -1.06257903e+00
 3.36475320e+01 -1.02846105e+00
 3.41995578e+01 -1.01424209e+00
 3.46497991e+01 -1.01833900e+00
 3.50193288e+01 -1.04276450e+00
 3.53291732e+01 -1.09263942e+00
 3.55978763e+01 -1.17345909e+00
 3.58402460e+01 -1.28854423e+00
 3.60673432e+01 -1.43840442e+00
 3.62868696e+01 -1.62139248e+00
 3.65032201e+01 -1.83409867e+00
 3.67173369e+01 -2.07100469e+00
 3.69270410e+01 -2.32405358e+00
 3.71280299e+01 -2.58288178e+00
 3.73150582e+01 -2.83597510e+00
 3.74829591e+01 -3.07240442e+00
 3.76276089e+01 -3.28332054e+00
 3.77467674e+01 -3.46261359e+00
 3.78400811e+01 -3.60708736e+00
 3.79073147e+01 -3.71704093e+00
 3.79448549e+01 -3.79736722e+00
 3.79422038e+01 -3.85799404e+00
 3.78808769e+01 -3.91263630e+00
 3.77368429e+01 -3.97663538e+00
 3.74850310e+01 -4.06567839e+00
 3.71026608e+01 -4.19597288e+00
 3.65696726e+01 -4.38497051e+00
 3.58681129e+01 -4.65166346e+00
 3.49832476e+01 -5.01593666e+00
 3.39063367e+01 -5.49683156e+00
 3.26366925e+01 -6.11016241e+00
 3.11816171e+01 -6.86620097e+00
 2.95548749e+01 -7.76779911e+00
 2.77748907e+01 -8.80915946e+00
 2.58633953e+01 -9.97565603e+00
 2.38449247e+01 -1.12448684e+01
 2.17469432e+01 -1.25884498e+01
 1.95995623e+01 -1.39744141e+01
 1.74341757e+01 -1.53697009e+01
 1.52815438e+01 -1.67427784e+01
 1.31703919e+01 -1.80658290e+01
 1.11269626e+01 -1.93162227e+01
 9.17495733e+00 -2.04771830e+01
 7.33502542e+00 -2.15375655e+01
 5.62391282e+00 -2.24909272e+01
 4.05433231e+00 -2.33345011e+01
 2.63600875e+00 -2.40685814e+01
 1.37684805e+00 -2.46962095e+01
 2.82835052e-01 -2.52227284e+01
 -6.43388495e-01 -2.56550641e+01
 -1.40395186e+00 -2.60010499e+01
 -2.00615483e+00 -2.62691544e+01
 -2.46221877e+00 -2.64686135e+01
 -2.78915556e+00 -2.66097653e+01
 -3.00796676e+00 -2.67043071e+01
 -3.14023519e+00 -2.67647472e+01
 -3.20236327e+00 -2.68023839e+01
 -3.20134168e+00 -2.68246926e+01
 -3.13542255e+00 -2.68342313e+01
 -2.99802243e+00 -2.68298019e+01
 -2.78025724e+00 -2.68083744e+01
 -2.47046098e+00 -2.67663158e+01
 -2.05323046e+00 -2.67001153e+01
 -1.51055682e+00 -2.66072629e+01
 -8.24532938e-01 -2.64869838e+01
 2.05909883e-02 -2.63402397e+01
 1.03800161e+00 -2.61692129e+01
 2.23858433e+00 -2.59767952e+01
 3.63075655e+00 -2.57661330e+01
 5.22023775e+00 -2.55401886e+01
 7.01057648e+00 -2.53015724e+01
 9.00390837e+00 -2.50527879e+01
 1.12004155e+01 -2.47966724e+01
 1.35958785e+01 -2.45367739e+01
 1.61785560e+01 -2.42776836e+01
 1.89274869e+01 -2.40254941e+01
 2.18132256e+01 -2.37882761e+01
 2.47998132e+01 -2.35760556e+01
 2.78457989e+01 -2.33998466e+01
 3.09036396e+01 -2.32699094e+01
 3.39190252e+01 -2.31939788e+01
 3.68321620e+01 -2.31760661e+01
 3.95816539e+01 -2.32157224e+01
 4.21098749e+01 -2.33075715e+01
 4.43679260e+01 -2.34417146e+01
 4.63187779e+01 -2.36056437e+01
 4.79383555e+01 -2.37869950e+01
 4.92151236e+01 -2.39756757e+01
 5.01488498e+01 -2.41645886e+01
 5.07489948e+01 -2.43492220e+01
 5.10330504e+01 -2.45266750e+01
 5.10251359e+01 -2.46944552e+01
 5.07549013e+01 -2.48492777e+01
 5.02569161e+01 -2.49865012e+01
 4.95717674e+01 -2.51012583e+01
 4.87491950e+01 -2.51914801e+01
 4.78486590e+01 -2.52607032e+01
 4.69306199e+01 -2.53175373e+01
 4.60402021e+01 -2.53714640e+01
 4.51957325e+01 -2.54284909e+01
 4.43919707e+01 -2.54900656e+01
 4.36136326e+01 -2.55549566e+01
 4.28472295e+01 -2.56215121e+01
 4.20851343e+01 -2.56886873e+01
 4.13242459e+01 -2.57560386e+01
 4.05636209e+01 -2.58234285e+01
 3.98030409e+01 -2.58908250e+01
 3.90424669e+01 -2.59582224e+01
 3.82818945e+01 -2.60256198e+01
 3.75213323e+01 -2.60930163e+01
 3.67608462e+01 -2.61604061e+01
 3.60008129e+01 -2.62277557e+01
 3.52428945e+01 -2.62949180e+01
 3.44927403e+01 -2.63613922e+01
 3.37650262e+01 -2.64258779e+01
 3.30884467e+01 -2.64858323e+01
 3.25038559e+01 -2.65376353e+01
 3.20500469e+01 -2.65778492e+01
 3.20500469e+01 -2.65778492e+01
 3.20500469e+01 -2.65778492e+01
 3.20500469e+01 -2.65778492e+01
 3.20500469e+01 -2.65778492e+01
 3.20500469e+01 -2.65778492e+01
 3.20500469e+01 -2.65778492e+01
 3.20500469e+01 -2.65778492e+01
 3.20500469e+01 -2.65778492e+01
 3.20500469e+01 -2.65778492e+01
 3.20500469e+01 -2.65778492e+01
 3.20500469e+01 -2.65778492e+01
 3.20500469e+01 -2.65778492e+01
 3.20500469e+01 -2.65778492e+01
 3.20500469e+01 -2.65778492e+01
 3.20500469e+01 -2.65778492e+01
 3.20500469e+01 -2.65778492e+01
 3.20500469e+01 -2.65778492e+01
 3.20500469e+01 -2.65778492e+01
 3.20500469e+01 -2.65778492e+01
 3.20500469e+01 -2.65778492e+01
 3.20500469e+01 -2.65778492e+01
 3.20500469e+01 -2.65778492e+01
 3.20500469e+01 -2.65778492e+01
 3.20500469e+01 -2.65778492e+01
 3.20500469e+01 -2.65778492e+01
 3.20500469e+01 -2.65778492e+01
 3.20500469e+01 -2.65778492e+01
 3.20500469e+01 -2.65778492e+01
 3.20500469e+01 -2.65778492e+01
 3.20500469e+01 -2.65778492e+01
 3.20500469e+01 -2.65778492e+01
 3.20500469e+01 -2.65778492e+01
 3.20500469e+01 -2.65778492e+01
 3.20500469e+01 -2.65778492e+01
 3.20500469e+01 -2.65778492e+01
 3.20500469e+01 -2.65778492e+01
 3.20500469e+01 -2.65778492e+01
 3.20500469e+01 -2.65778492e+01
 3.20500469e+01 -2.65778492e+01
 3.20500469e+01 -2.65778492e+01
 3.20500469e+01 -2.65778492e+01
 3.20500469e+01 -2.65778492e+01
 3.20500469e+01 -2.65778492e+01
 3.20500469e+01 -2.65778492e+01
 3.20500469e+01 -2.65778492e+01
