 0.00000000e+00 0.00000000e+00
 0.00000000e+00 0.00000000e+00
 0.00000000e+00 0.00000000e+00
 0.00000000e+00 0.00000000e+00
 0.00000000e+00 0.00000000e+00
 0.00000000e+00 0.00000000e+00
 0.00000000e+00 0.00000000e+00
 0.00000000e+00 0.00000000e+00
 0.00000000e+00 0.00000000e+00
 0.00000000e+00 0.00000000e+00
 0.00000000e+00 0.00000000e+00
 0.00000000e+00 0.00000000e+00
 0.00000000e+00 0.00000000e+00
 0.00000000e+00 0.00000000e+00
 0.00000000e+00 0.00000000e+00
 0.00000000e+00 0.00000000e+00
 0.00000000e+00 0.00000000e+00
 0.00000000e+00 0.00000000e+00
 0.00000000e+00 0.00000000e+00
 0.00000000e+00 0.00000000e+00
 0.00000000e+00 0.00000000e+00
 0.00000000e+00 0.00000000e+00
 0.00000000e+00 0.00000000e+00
 0.00000000e+00 0.00000000e+00
 0.00000000e+00 0.00000000e+00
 0.00000000e+00 0.00000000e+00
 0.00000000e+00 0.00000000e+00
 0.00000000e+00 0.00000000e+00
 0.00000000e+00 0.00000000e+00
 0.00000000e+00 0.00000000e+00
 0.00000000e+00 0.00000000e+00
 0.00000000e+00 0.00000000e+00
 0.00000000e+00 0.00000000e+00
 4.68130475e-02 -2.92419463e-03
 1.27699456e-01 -2.16875670e-02
 2.57270625e-01 -6.92567526e-02
 4.52433061e-01 -1.56931532e-01
 7.30874019e-01 -2.91184783e-01
 1.10949597e+00 -4.73424282e-01
 1.60368524e+00 -7.01132930e-01
 2.22713245e+00 -9.68321450e-01
 2.99134258e+00 -1.26508786e+00
 3.90455983e+00 -1.57721003e+00
 4.97076353e+00 -1.88649154e+00
 6.18948753e+00 -2.17228744e+00
 7.55625118e+00 -2.41440007e+00
 9.06272196e+00 -2.59668875e+00
 1.06963821e+01 -2.70968518e+00
 1.24404462e+01 -2.75075626e+00
 1.42746983e+01 -2.72232677e+00
 1.61769530e+01 -2.63024635e+00
 1.81241522e+01 -2.48344797e+00
 2.00925502e+01 -2.29393370e+00
 2.20576408e+01 -2.07573194e+00
 2.39948339e+01 -1.84288209e+00
 2.58806795e+01 -1.60752532e+00
 2.76933664e+01 -1.37891896e+00
 2.94119964e+01 -1.16350868e+00
 3.10156991e+01 -9.65749197e-01
 3.24839214e+01 -7.89074077e-01
 3.37980781e+01 -6.36337338e-01
 3.49436969e+01 -5.09440948e-01
 3.59121363e+01 -4.08535485e-01
 3.67015504e+01 -3.31664979e-01
 3.73171235e+01 -2.75568363e-01
 3.77704405e+01 -2.37342926e-01
 3.80778193e+01 -2.15800619e-01
 3.82578530e+01 -2.11887733e-01
 3.83288426e+01 -2.28539820e-01
 3.83069234e+01 -2.70254772e-01
 3.82053432e+01 -3.42448297e-01
 3.80344800e+01 -4.51150253e-01
 3.78018275e+01 -6.03303370e-01
 3.75120281e+01 -8.06751065e-01
 3.71675122e+01 -1.06915694e+00
 3.67693805e+01 -1.39660630e+00
 3.63175441e+01 -1.79310293e+00
 3.58100506e+01 -2.26102120e+00
 3.52425040e+01 -2.80157494e+00
 3.46081691e+01 -3.41464499e+00
 3.38985559e+01 -4.09822253e+00
 3.31042204e+01 -4.84812131e+00
 3.22159936e+01 -5.65821416e+00
 3.12268514e+01 -6.52093919e+00
 3.01339390e+01 -7.42774381e+00
 2.89396805e+01 -8.36935968e+00
 2.76513931e+01 -9.33604717e+00
 2.62800558e+01 -1.03180500e+01
 2.48392311e+01 -1.13063541e+01
 2.33441433e+01 -1.22935215e+01
 2.18103655e+01 -1.32741034e+01
 2.02524132e+01 -1.42441829e+01
 1.86831591e+01 -1.52001359e+01
 1.71142144e+01 -1.61373822e+01
 1.55565807e+01 -1.70498790e+01
 1.40211392e+01 -1.79302301e+01
 1.25191266e+01 -1.87696970e+01
 1.10627974e+01 -1.95579931e+01
 9.66610484e+00 -2.02836398e+01
 8.34486026e+00 -2.09354689e+01
 7.11587280e+00 -2.15047542e+01
 5.99525639e+00 -2.19868178e+01
 4.99668630e+00 -2.23814247e+01
 4.13008856e+00 -2.26922509e+01
 3.40059591e+00 -2.29262506e+01
 2.80764018e+00 -2.30933574e+01
 2.34454111e+00 -2.32060226e+01
 1.99890627e+00 -2.32777881e+01
 1.75367723e+00 -2.33210989e+01
 1.58874279e+00 -2.33457071e+01
 1.48342824e+00 -2.33585501e+01
 1.41945938e+00 -2.33644764e+01
 1.38281632e+00 -2.33668030e+01
 1.36355172e+00 -2.33675571e+01
 1.35461576e+00 -2.33677549e+01
 1.35109640e+00 -2.33677963e+01
 1.34995375e+00 -2.33678032e+01
 1.34965515e+00 -2.33678041e+01
 1.34960291e+00 -2.33678041e+01
 1.34965707e+00 -2.33678030e+01
 1.34996921e+00 -2.33677949e+01
 1.35119475e+00 -2.33677468e+01
 1.35511694e+00 -2.33675219e+01
 1.36561402e+00 -2.33666963e+01
 1.38974092e+00 -2.33643102e+01
 1.43869193e+00 -2.33588737e+01
 1.52839413e+00 -2.33491000e+01
 1.67919005e+00 -2.33352413e+01
 1.91423522e+00 -2.33198299e+01
 2.25730023e+00 -2.33067484e+01
 2.73100132e+00 -2.32993510e+01
 3.35527486e+00 -2.32993368e+01
 4.14533149e+00 -2.33066443e+01
 5.10948021e+00 -2.33192892e+01
 6.24810434e+00 -2.33329703e+01
 7.55442589e+00 -2.33412946e+01
 9.01658106e+00 -2.33366419e+01
 1.06200719e+01 -2.33110192e+01
 1.23498888e+01 -2.32571942e+01
 1.41919454e+01 -2.31705337e+01
 1.61333975e+01 -2.30504040e+01
 1.81612652e+01 -2.28997287e+01
 2.02595006e+01 -2.27233369e+01
 2.24059617e+01 -2.25268672e+01
 2.45711146e+01 -2.23167466e+01
 2.67191753e+01 -2.21004037e+01
 2.88109330e+01 -2.18860225e+01
 3.08068918e+01 -2.16818971e+01
 3.26699415e+01 -2.14957431e+01
 3.43678188e+01 -2.13341742e+01
 3.58758829e+01 -2.12022901e+01
 3.71798129e+01 -2.11032012e+01
 3.82769308e+01 -2.10375942e+01
 3.91751923e+01 -2.10039008e+01
 3.98901779e+01 -2.09993955e+01
 4.04415312e+01 -2.10214686e+01
 4.08505246e+01 -2.10678792e+01
 4.11394382e+01 -2.11359273e+01
 4.13315724e+01 -2.12216681e+01
 4.14498387e+01 -2.13199880e+01
 4.15137451e+01 -2.14252640e+01
 4.15372700e+01 -2.15318918e+01
 4.15295050e+01 -2.16344549e+01
 4.14965152e+01 -2.17279392e+01
 4.14417371e+01 -2.18083623e+01
 4.13649231e+01 -2.18734307e+01
 4.12618648e+01 -2.19223877e+01
 4.11259571e+01 -2.19549034e+01
 4.09505132e+01 -2.19699829e+01
 4.07308589e+01 -2.19660058e+01
 4.04667349e+01 -2.19421067e+01
 4.01650384e+01 -2.19000850e+01
 3.98404686e+01 -2.18453240e+01
 3.95114485e+01 -2.17854352e+01
 3.91927910e+01 -2.17271601e+01
 3.88905313e+01 -2.16738914e+01
 3.86026239e+01 -2.16255971e+01
 3.83236118e+01 -2.15805616e+01
 3.80487487e+01 -2.15370955e+01
 3.77753745e+01 -2.14942046e+01
 3.75024153e+01 -2.14514767e+01
 3.72295463e+01 -2.14087845e+01
 3.69566926e+01 -2.13660985e+01
 3.66838410e+01 -2.13234134e+01
 3.64109899e+01 -2.12807283e+01
 3.61381425e+01 -2.12380439e+01
 3.58653223e+01 -2.11953637e+01
 3.55926647e+01 -2.11527089e+01
 3.53207657e+01 -2.11101728e+01
 3.50516521e+01 -2.10680725e+01
 3.47905887e+01 -2.10272316e+01
 3.45478696e+01 -2.09892604e+01
 3.43381510e+01 -2.09564519e+01
 3.41753495e+01 -2.09309831e+01
 3.41753495e+01 -2.09309831e+01
 3.41753495e+01 -2.09309831e+01
