 0.00000000e+00 0.00000000e+00
 0.00000000e+00 0.00000000e+00
 0.00000000e+00 0.00000000e+00
 0.00000000e+00 0.00000000e+00
 5.22101057e-03 2.66671615e-02
 1.95654012e-02 5.14159561e-02
 5.28347051e-02 6.58862146e-02
 1.19450352e-01 6.18076407e-02
 2.37484380e-01 3.15399780e-02
 4.27145309e-01 -3.10505321e-02
 7.09546067e-01 -1.28339526e-01
 1.10584816e+00 -2.57237545e-01
 1.63630420e+00 -4.09995536e-01
 2.31874304e+00 -5.76433885e-01
 3.16652902e+00 -7.45301385e-01
 4.18666603e+00 -9.04509970e-01
 5.37889645e+00 -1.04171968e+00
 6.73613944e+00 -1.14600823e+00
 8.24593687e+00 -1.20975423e+00
 9.89216131e+00 -1.22955397e+00
 1.16562613e+01 -1.20601862e+00
 1.35178892e+01 -1.14307502e+00
 1.54553267e+01 -1.04712593e+00
 1.74459511e+01 -9.26041698e-01
 1.94665036e+01 -7.88117339e-01
 2.14930256e+01 -6.41245556e-01
 2.35007728e+01 -4.92386939e-01
 2.54644871e+01 -3.47368659e-01
 2.73590327e+01 -2.11004752e-01
 2.91600387e+01 -8.72735648e-02
 3.08443336e+01 2.08090956e-02
 3.23904840e+01 1.11609713e-01
 3.37798573e+01 1.85070565e-01
 3.49981522e+01 2.42199680e-01
 3.60369924e+01 2.84248215e-01
 3.68951553e+01 3.12576363e-01
 3.75789526e+01 3.29260276e-01
 3.81013682e+01 3.37159479e-01
 3.84801082e+01 3.38582495e-01
 3.87352154e+01 3.33168719e-01
 3.88865051e+01 3.16212976e-01
 3.89504509e+01 2.78428641e-01
 3.89370968e+01 2.07530331e-01
 3.88492609e+01 9.06883504e-02
 3.86851992e+01 -8.40144183e-02
 3.84423922e+01 -3.27747215e-01
 3.81193663e+01 -6.51278548e-01
 3.77155145e+01 -1.06407236e+00
 3.72308722e+01 -1.57245739e+00
 3.66665287e+01 -2.17816003e+00
 3.60248442e+01 -2.87796135e+00
 3.53089675e+01 -3.66436519e+00
 3.45220332e+01 -4.52675886e+00
 3.36665515e+01 -5.45264538e+00
 3.27442200e+01 -6.42881395e+00
 3.17562145e+01 -7.44232956e+00
 3.07037874e+01 -8.48097645e+00
 2.95888316e+01 -9.53298155e+00
 2.84143182e+01 -1.05865938e+01
 2.71847537e+01 -1.16303290e+01
 2.59064674e+01 -1.26538249e+01
 2.45873065e+01 -1.36483679e+01
 2.32358791e+01 -1.46064587e+01
 2.18610214e+01 -1.55209209e+01
 2.04718792e+01 -1.63846553e+01
 1.90784406e+01 -1.71913776e+01
 1.76922017e+01 -1.79364066e+01
 1.63267134e+01 -1.86164863e+01
 1.49978235e+01 -1.92288407e+01
 1.37234488e+01 -1.97705486e+01
 1.25226731e+01 -2.02389419e+01
 1.14141308e+01 -2.06327721e+01
 1.04140798e+01 -2.09532385e+01
 9.53467861e+00 -2.12040683e+01
 8.78259012e+00 -2.13907313e+01
 8.15796096e+00 -2.15197044e+01
 7.65431508e+00 -2.15984008e+01
 7.25985928e+00 -2.16353354e+01
 6.95971708e+00 -2.16397687e+01
 6.73795167e+00 -2.16207526e+01
 6.57882031e+00 -2.15861939e+01
 6.46766274e+00 -2.15424945e+01
 6.39192647e+00 -2.14948017e+01
 6.34199985e+00 -2.14475239e+01
 6.31101074e+00 -2.14046397e+01
 6.29364907e+00 -2.13692989e+01
 6.28524242e+00 -2.13426939e+01
 6.28184537e+00 -2.13232555e+01
 6.28073945e+00 -2.13075533e+01
 6.28053107e+00 -2.12926753e+01
 6.28089021e+00 -2.12778868e+01
 6.28248614e+00 -2.12638390e+01
 6.28741944e+00 -2.12503545e+01
 6.29983698e+00 -2.12354115e+01
 6.32601183e+00 -2.12163404e+01
 6.37359154e+00 -2.11917039e+01
 6.45070120e+00 -2.11621020e+01
 6.56577123e+00 -2.11300005e+01
 6.72816456e+00 -2.10997605e+01
 6.94927513e+00 -2.10781393e+01
 7.24370884e+00 -2.10743567e+01
 7.62954799e+00 -2.10989109e+01
 8.12667275e+00 -2.11611427e+01
 8.75359420e+00 -2.12663833e+01
 9.52452023e+00 -2.14141171e+01
 1.04479392e+01 -2.15980595e+01
 1.15267026e+01 -2.18074708e+01
 1.27587774e+01 -2.20283818e+01
 1.41378982e+01 -2.22444183e+01
 1.56539351e+01 -2.24379905e+01
 1.72932794e+01 -2.25924498e+01
 1.90394212e+01 -2.26946692e+01
 2.08734600e+01 -2.27365482e+01
 2.27742908e+01 -2.27145648e+01
 2.47187305e+01 -2.26283741e+01
 2.66820885e+01 -2.24801588e+01
 2.86392064e+01 -2.22749493e+01
 3.05654408e+01 -2.20207569e+01
 3.24371927e+01 -2.17279282e+01
 3.42319910e+01 -2.14082601e+01
 3.59281312e+01 -2.10744151e+01
 3.75040389e+01 -2.07395416e+01
 3.89382511e+01 -2.04168397e+01
 4.02111486e+01 -2.01189652e+01
 4.13089253e+01 -1.98569695e+01
 4.22296350e+01 -1.96381975e+01
 4.29897659e+01 -1.94632920e+01
 4.36265870e+01 -1.93243190e+01
 4.41906136e+01 -1.92067762e+01
 4.47293478e+01 -1.90955441e+01
 4.52728206e+01 -1.89807785e+01
 4.58308559e+01 -1.88595507e+01
 4.64008842e+01 -1.87332877e+01
 4.69772983e+01 -1.86043837e+01
 4.75561871e+01 -1.84744608e+01
 4.81358007e+01 -1.83442395e+01
 4.87155774e+01 -1.82139511e+01
 4.92953824e+01 -1.80836511e+01
 4.98751912e+01 -1.79533494e+01
 5.04549997e+01 -1.78230478e+01
 5.10348005e+01 -1.76927479e+01
 5.16145433e+01 -1.75624610e+01
 5.21939408e+01 -1.74322517e+01
 5.27717261e+01 -1.73024047e+01
 5.33435926e+01 -1.71738879e+01
 5.38983522e+01 -1.70492156e+01
 5.44141303e+01 -1.69333036e+01
 5.48597824e+01 -1.68331512e+01
 5.52057355e+01 -1.67554044e+01
 5.52057355e+01 -1.67554044e+01
 5.52057355e+01 -1.67554044e+01
 5.52057355e+01 -1.67554044e+01
 5.52057355e+01 -1.67554044e+01
 5.52057355e+01 -1.67554044e+01
 5.52057355e+01 -1.67554044e+01
 5.52057355e+01 -1.67554044e+01
 5.52057355e+01 -1.67554044e+01
 5.52057355e+01 -1.67554044e+01
 5.52057355e+01 -1.67554044e+01
 5.52057355e+01 -1.67554044e+01
 5.52057355e+01 -1.67554044e+01
 5.52057355e+01 -1.67554044e+01
 5.52057355e+01 -1.67554044e+01
 5.52057355e+01 -1.67554044e+01
 5.52057355e+01 -1.67554044e+01
 5.52057355e+01 -1.67554044e+01
 5.52057355e+01 -1.67554044e+01
 5.52057355e+01 -1.67554044e+01
 5.52057355e+01 -1.67554044e+01
 5.52057355e+01 -1.67554044e+01
 5.52057355e+01 -1.67554044e+01
 5.52057355e+01 -1.67554044e+01
 5.52057355e+01 -1.67554044e+01
 5.52057355e+01 -1.67554044e+01
 5.52057355e+01 -1.67554044e+01
 5.52057355e+01 -1.67554044e+01
 5.52057355e+01 -1.67554044e+01
 5.52057355e+01 -1.67554044e+01
 5.52057355e+01 -1.67554044e+01
 5.52057355e+01 -1.67554044e+01
 5.52057355e+01 -1.67554044e+01
 5.52057355e+01 -1.67554044e+01
 5.52057355e+01 -1.67554044e+01
 5.52057355e+01 -1.67554044e+01
 5.52057355e+01 -1.67554044e+01
 5.52057355e+01 -1.67554044e+01
 5.52057355e+01 -1.67554044e+01
 5.52057355e+01 -1.67554044e+01
 5.52057355e+01 -1.67554044e+01
 5.52057355e+01 -1.67554044e+01
 5.52057355e+01 -1.67554044e+01
 5.52057355e+01 -1.67554044e+01
 5.52057355e+01 -1.67554044e+01
 5.52057355e+01 -1.67554044e+01
 5.52057355e+01 -1.67554044e+01
 5.52057355e+01 -1.67554044e+01
