 0.00000000e+00 0.00000000e+00
 0.00000000e+00 0.00000000e+00
 0.00000000e+00 0.00000000e+00
 0.00000000e+00 0.00000000e+00
 0.00000000e+00 0.00000000e+00
 0.00000000e+00 0.00000000e+00
 0.00000000e+00 0.00000000e+00
 0.00000000e+00 0.00000000e+00
 0.00000000e+00 0.00000000e+00
 0.00000000e+00 0.00000000e+00
 0.00000000e+00 0.00000000e+00
 0.00000000e+00 0.00000000e+00
 0.00000000e+00 0.00000000e+00
 0.00000000e+00 0.00000000e+00
 0.00000000e+00 0.00000000e+00
 0.00000000e+00 0.00000000e+00
 0.00000000e+00 0.00000000e+00
 0.00000000e+00 0.00000000e+00
 0.00000000e+00 0.00000000e+00
 0.00000000e+00 0.00000000e+00
 0.00000000e+00 0.00000000e+00
 0.00000000e+00 0.00000000e+00
 0.00000000e+00 0.00000000e+00
 0.00000000e+00 0.00000000e+00
 0.00000000e+00 0.00000000e+00
 0.00000000e+00 0.00000000e+00
 0.00000000e+00 0.00000000e+00
 0.00000000e+00 0.00000000e+00
 0.00000000e+00 0.00000000e+00
 0.00000000e+00 0.00000000e+00
 0.00000000e+00 0.00000000e+00
 0.00000000e+00 0.00000000e+00
 0.00000000e+00 0.00000000e+00
 0.00000000e+00 0.00000000e+00
 0.00000000e+00 0.00000000e+00
 0.00000000e+00 0.00000000e+00
 0.00000000e+00 0.00000000e+00
 0.00000000e+00 0.00000000e+00
 0.00000000e+00 0.00000000e+00
 0.00000000e+00 0.00000000e+00
 0.00000000e+00 0.00000000e+00
 0.00000000e+00 0.00000000e+00
 0.00000000e+00 0.00000000e+00
 0.00000000e+00 0.00000000e+00
 0.00000000e+00 0.00000000e+00
 0.00000000e+00 0.00000000e+00
 0.00000000e+00 0.00000000e+00
 0.00000000e+00 0.00000000e+00
 0.00000000e+00 0.00000000e+00
 0.00000000e+00 0.00000000e+00
 0.00000000e+00 0.00000000e+00
 0.00000000e+00 0.00000000e+00
 7.22693779e-01 1.93237525e-02
 1.71915908e+00 3.64263521e-02
 2.96773939e+00 4.13087242e-02
 4.43033243e+00 2.10227893e-02
 6.06916266e+00 -3.77944879e-02
 7.85265597e+00 -1.45788420e-01
 9.75379261e+00 -3.08675441e-01
 1.17470560e+01 -5.26855517e-01
 1.38066474e+01 -7.96259835e-01
 1.59058735e+01 -1.10934402e+00
 1.80171107e+01 -1.45595775e+00
 2.01120952e+01 -1.82449855e+00
 2.21625437e+01 -2.20343428e+00
 2.41411170e+01 -2.58267245e+00
 2.60226015e+01 -2.95424304e+00
 2.77851068e+01 -3.31224467e+00
 2.94111199e+01 -3.65241126e+00
 3.08881844e+01 -3.97169778e+00
 3.22089166e+01 -4.26799953e+00
 3.33703395e+01 -4.53983469e+00
 3.43729459e+01 -4.78589641e+00
 3.52200674e+01 -5.00468540e+00
 3.59178281e+01 -5.19451333e+00
 3.64753427e+01 -5.35392309e+00
 3.69045663e+01 -5.48234401e+00
 3.72197524e+01 -5.58083859e+00
 3.74371261e+01 -5.65275909e+00
 3.75750037e+01 -5.70363618e+00
 3.76534059e+01 -5.73961946e+00
 3.76919489e+01 -5.76531111e+00
 3.77062643e+01 -5.78302468e+00
 3.77047506e+01 -5.79398706e+00
 3.76874835e+01 -5.79972932e+00
 3.76481360e+01 -5.80223134e+00
 3.75784151e+01 -5.80334317e+00
 3.74725981e+01 -5.80465602e+00
 3.73289878e+01 -5.80815058e+00
 3.71476995e+01 -5.81709507e+00
 3.69275647e+01 -5.83638516e+00
 3.66646098e+01 -5.87190540e+00
 3.63517750e+01 -5.92950604e+00
 3.59787115e+01 -6.01478595e+00
 3.55317475e+01 -6.13401481e+00
 3.49943994e+01 -6.29520357e+00
 3.43479210e+01 -6.50823653e+00
 3.35715768e+01 -6.78388234e+00
 3.26437219e+01 -7.13214655e+00
 3.15449047e+01 -7.56057013e+00
 3.02622307e+01 -8.07301130e+00
 2.87925702e+01 -8.66912259e+00
 2.71431275e+01 -9.34429004e+00
 2.53302947e+01 -1.00897479e+01
 2.33786017e+01 -1.08929140e+01
 2.13200191e+01 -1.17381012e+01
 1.91923085e+01 -1.26075406e+01
 1.70357916e+01 -1.34825645e+01
 1.48896294e+01 -1.43449424e+01
 1.27890081e+01 -1.51783099e+01
 1.07636461e+01 -1.59693827e+01
 8.83741250e+00 -1.67085584e+01
 7.02887505e+00 -1.73897922e+01
 5.35252165e+00 -1.80100555e+01
 3.82003620e+00 -1.85688162e+01
 2.44089420e+00 -1.90675967e+01
 1.22213196e+00 -1.95092537e+01
 1.67855389e-01 -1.98968886e+01
 -7.21144805e-01 -2.02329073e+01
 -1.44797842e+00 -2.05187655e+01
 -2.02058594e+00 -2.07553880e+01
 -2.45244444e+00 -2.09440291e+01
 -2.76236364e+00 -2.10874177e+01
 -2.97285531e+00 -2.11906505e+01
 -3.10673442e+00 -2.12609248e+01
 -3.18297707e+00 -2.13060347e+01
 -3.21455121e+00 -2.13328398e+01
 -3.20962382e+00 -2.13466574e+01
 -3.17398693e+00 -2.13511876e+01
 -3.11180319e+00 -2.13485039e+01
 -3.02471713e+00 -2.13396391e+01
 -2.91140668e+00 -2.13260861e+01
 -2.76823564e+00 -2.13110826e+01
 -2.58939585e+00 -2.12995045e+01
 -2.36527484e+00 -2.12971934e+01
 -2.08033974e+00 -2.13114329e+01
 -1.71291607e+00 -2.13521168e+01
 -1.23750020e+00 -2.14311596e+01
 -6.28277785e-01 -2.15593754e+01
 1.37637771e-01 -2.17431006e+01
 1.07783631e+00 -2.19828273e+01
 2.20309334e+00 -2.22735426e+01
 3.51667064e+00 -2.26052343e+01
 5.01445771e+00 -2.29631233e+01
 6.68570187e+00 -2.33284229e+01
 8.51382608e+00 -2.36803316e+01
 1.04770958e+01 -2.39990012e+01
 1.25493570e+01 -2.42684688e+01
 1.47010270e+01 -2.44785001e+01
 1.69000934e+01 -2.46248201e+01
 1.91129144e+01 -2.47080435e+01
 2.13051928e+01 -2.47323765e+01
 2.34436082e+01 -2.47050412e+01
 2.54978995e+01 -2.46360957e+01
 2.74425925e+01 -2.45373621e+01
 2.92578096e+01 -2.44201507e+01
 3.09292644e+01 -2.42932105e+01
 3.24478206e+01 -2.41623145e+01
 3.38087719e+01 -2.40313051e+01
 3.50108001e+01 -2.39034517e+01
 3.60547504e+01 -2.37822314e+01
 3.69427394e+01 -2.36712937e+01
 3.76782262e+01 -2.35738434e+01
 3.82671403e+01 -2.34918783e+01
 3.87192187e+01 -2.34257790e+01
 3.90484058e+01 -2.33745948e+01
 3.92719680e+01 -2.33366683e+01
 3.94088159e+01 -2.33097044e+01
 3.94775502e+01 -2.32903054e+01
 3.94948231e+01 -2.32743042e+01
 3.94750395e+01 -2.32584358e+01
 3.94314719e+01 -2.32417923e+01
 3.93767847e+01 -2.32254021e+01
 3.93213407e+01 -2.32104911e+01
 3.92708589e+01 -2.31973165e+01
 3.92262243e+01 -2.31853343e+01
 3.91856626e+01 -2.31738985e+01
 3.91471218e+01 -2.31626321e+01
 3.91093333e+01 -2.31513982e+01
 3.90717595e+01 -2.31401666e+01
 3.90342331e+01 -2.31289340e+01
 3.89967149e+01 -2.31177012e+01
 3.89591977e+01 -2.31064683e+01
 3.89216806e+01 -2.30952354e+01
 3.88841641e+01 -2.30840026e+01
 3.88466513e+01 -2.30727710e+01
 3.88091609e+01 -2.30615461e+01
 3.87717748e+01 -2.30503524e+01
 3.87347717e+01 -2.30392733e+01
 3.86988755e+01 -2.30285257e+01
 3.86655016e+01 -2.30185333e+01
 3.86366653e+01 -2.30098995e+01
 3.86142801e+01 -2.30031972e+01
 3.86142801e+01 -2.30031972e+01
 3.86142801e+01 -2.30031972e+01
 3.86142801e+01 -2.30031972e+01
