 0.00000000e+00 0.00000000e+00
 0.00000000e+00 0.00000000e+00
 0.00000000e+00 0.00000000e+00
 0.00000000e+00 0.00000000e+00
 0.00000000e+00 0.00000000e+00
 0.00000000e+00 0.00000000e+00
 1.04450548e-03 9.79067998e-02
 4.06334399e-03 2.20868926e-01
 1.09422468e-02 3.56255108e-01
 2.33155466e-02 4.89555248e-01
 4.08946405e-02 6.08143494e-01
 6.05829192e-02 7.02164947e-01
 7.77060835e-02 7.63327288e-01
 8.81726749e-02 7.82571673e-01
 8.87580058e-02 7.47197098e-01
 7.46776513e-02 6.39047043e-01
 3.68196374e-02 4.35721080e-01
 -3.85120057e-02 1.14312114e-01
 -1.66987591e-01 -3.45266445e-01
 -3.62923351e-01 -9.59143867e-01
 -6.37442018e-01 -1.73929948e+00
 -9.98463295e-01 -2.69236317e+00
 -1.45137536e+00 -3.81770352e+00
 -1.99926794e+00 -5.10706665e+00
 -2.64257372e+00 -6.54706220e+00
 -3.37890111e+00 -8.12307755e+00
 -4.20393973e+00 -9.82200958e+00
 -5.11335809e+00 -1.16325207e+01
 -6.10444157e+00 -1.35433567e+01
 -7.17595312e+00 -1.55408829e+01
 -8.32561141e+00 -1.76066859e+01
 -9.54610737e+00 -1.97158382e+01
 -1.08217282e+01 -2.18365251e+01
 -1.21275083e+01 -2.39316695e+01
 -1.34313958e+01 -2.59624398e+01
 -1.46983327e+01 -2.78925204e+01
 -1.58945445e+01 -2.96918286e+01
 -1.69908963e+01 -3.13390248e+01
 -1.79652209e+01 -3.28225908e+01
 -1.88040946e+01 -3.41401728e+01
 -1.95041593e+01 -3.52962714e+01
 -2.00722051e+01 -3.62992382e+01
 -2.05230154e+01 -3.71586735e+01
 -2.08751495e+01 -3.78836098e+01
 -2.11463916e+01 -3.84815333e+01
 -2.13508561e+01 -3.89584393e+01
 -2.14986783e+01 -3.93198497e+01
 -2.15978602e+01 -3.95720823e+01
 -2.16564077e+01 -3.97226061e+01
 -2.16822568e+01 -3.97784207e+01
 -2.16803863e+01 -3.97427318e+01
 -2.16498103e+01 -3.96121940e+01
 -2.15837365e+01 -3.93771449e+01
 -2.14728802e+01 -3.90248218e+01
 -2.13086971e+01 -3.85433080e+01
 -2.10840510e+01 -3.79241834e+01
 -2.07921199e+01 -3.71635939e+01
 -2.04257129e+01 -3.62625533e+01
 -1.99776115e+01 -3.52270059e+01
 -1.94411406e+01 -3.40674289e+01
 -1.88105751e+01 -3.27976969e+01
 -1.80816512e+01 -3.14335560e+01
 -1.72522048e+01 -2.99916413e+01
 -1.63226322e+01 -2.84898605e+01
 -1.52961150e+01 -2.69490056e+01
 -1.41789469e+01 -2.53943355e+01
 -1.29812495e+01 -2.38556862e+01
 -1.17177551e+01 -2.23656610e+01
 -1.04078058e+01 -2.09566088e+01
 -9.07412957e+00 -1.96574919e+01
 -7.74098236e+00 -1.84914459e+01
 -6.43250479e+00 -1.74743909e+01
 -5.17138599e+00 -1.66146864e+01
 -3.97748012e+00 -1.59135712e+01
 -2.86648277e+00 -1.53660747e+01
 -1.84919936e+00 -1.49622853e+01
 -9.31693380e-01 -1.46891059e+01
 -1.16144457e-01 -1.45326135e+01
 5.97935587e-01 -1.44806709e+01
 1.21228785e+00 -1.45248325e+01
 1.72823962e+00 -1.46607157e+01
 2.14513346e+00 -1.48870776e+01
 2.45983507e+00 -1.52044765e+01
 2.66792989e+00 -1.56138518e+01
 2.76603390e+00 -1.61149736e+01
 2.75411449e+00 -1.67051586e+01
 2.63701550e+00 -1.73786528e+01
 2.42472487e+00 -1.81263760e+01
 2.13139578e+00 -1.89356441e+01
 1.77367987e+00 -1.97902716e+01
 1.36877397e+00 -2.06717728e+01
 9.32098559e-01 -2.15616135e+01
 4.74801239e-01 -2.24435578e+01
 1.83816818e-03 -2.33051687e+01
 -4.88793509e-01 -2.41383226e+01
 -1.00564857e+00 -2.49391502e+01
 -1.56243054e+00 -2.57076127e+01
 -2.17574072e+00 -2.64466197e+01
 -2.86221331e+00 -2.71607967e+01
 -3.63554443e+00 -2.78552634e+01
 -4.50410760e+00 -2.85345767e+01
 -5.46953285e+00 -2.92016792e+01
 -6.52598648e+00 -2.98568589e+01
 -7.65971651e+00 -3.04971370e+01
 -8.84907650e+00 -3.11164844e+01
 -1.00658569e+01 -3.17067250e+01
 -1.12782151e+01 -3.22586078e+01
 -1.24542959e+01 -3.27627663e+01
 -1.35653792e+01 -3.32105976e+01
 -1.45881274e+01 -3.35950181e+01
 -1.55059077e+01 -3.39108519e+01
 -1.63090891e+01 -3.41546322e+01
 -1.69943297e+01 -3.43237631e+01
 -1.75630145e+01 -3.44153147e+01
 -1.80191123e+01 -3.44253999e+01
 -1.83675644e+01 -3.43506971e+01
 -1.86153043e+01 -3.41928729e+01
 -1.87754959e+01 -3.39638980e+01
 -1.88712197e+01 -3.36876421e+01
 -1.89328393e+01 -3.33941703e+01
 -1.89884822e+01 -3.31088769e+01
 -1.90548070e+01 -3.28441167e+01
 -1.91354135e+01 -3.25992939e+01
 -1.92263637e+01 -3.23674805e+01
 -1.93225601e+01 -3.21419384e+01
 -1.94207414e+01 -3.19187005e+01
 -1.95194966e+01 -3.16961163e+01
 -1.96183798e+01 -3.14736761e+01
 -1.97172851e+01 -3.12512607e+01
 -1.98161934e+01 -3.10288486e+01
 -1.99151018e+01 -3.08064372e+01
 -2.00140090e+01 -3.05840287e+01
 -2.01129063e+01 -3.03616424e+01
 -2.02117448e+01 -3.01393886e+01
 -2.03103081e+01 -2.99177533e+01
 -2.04078618e+01 -2.96983884e+01
 -2.05024973e+01 -2.94855856e+01
 -2.05904830e+01 -2.92877358e+01
 -2.06665060e+01 -2.91167861e+01
 -2.07255215e+01 -2.89840803e+01
 -2.07255215e+01 -2.89840803e+01
 -2.07255215e+01 -2.89840803e+01
 -2.07255215e+01 -2.89840803e+01
 -2.07255215e+01 -2.89840803e+01
 -2.07255215e+01 -2.89840803e+01
 -2.07255215e+01 -2.89840803e+01
 -2.07255215e+01 -2.89840803e+01
 -2.07255215e+01 -2.89840803e+01
 -2.07255215e+01 -2.89840803e+01
 -2.07255215e+01 -2.89840803e+01
 -2.07255215e+01 -2.89840803e+01
 -2.07255215e+01 -2.89840803e+01
 -2.07255215e+01 -2.89840803e+01
 -2.07255215e+01 -2.89840803e+01
 -2.07255215e+01 -2.89840803e+01
 -2.07255215e+01 -2.89840803e+01
 -2.07255215e+01 -2.89840803e+01
 -2.07255215e+01 -2.89840803e+01
 -2.07255215e+01 -2.89840803e+01
 -2.07255215e+01 -2.89840803e+01
 -2.07255215e+01 -2.89840803e+01
 -2.07255215e+01 -2.89840803e+01
 -2.07255215e+01 -2.89840803e+01
 -2.07255215e+01 -2.89840803e+01
 -2.07255215e+01 -2.89840803e+01
 -2.07255215e+01 -2.89840803e+01
 -2.07255215e+01 -2.89840803e+01
 -2.07255215e+01 -2.89840803e+01
 -2.07255215e+01 -2.89840803e+01
 -2.07255215e+01 -2.89840803e+01
 -2.07255215e+01 -2.89840803e+01
 -2.07255215e+01 -2.89840803e+01
 -2.07255215e+01 -2.89840803e+01
 -2.07255215e+01 -2.89840803e+01
