 0.00000000e+00 0.00000000e+00
 0.00000000e+00 0.00000000e+00
 0.00000000e+00 0.00000000e+00
 0.00000000e+00 0.00000000e+00
 0.00000000e+00 0.00000000e+00
 0.00000000e+00 0.00000000e+00
 0.00000000e+00 0.00000000e+00
 0.00000000e+00 0.00000000e+00
 0.00000000e+00 0.00000000e+00
 0.00000000e+00 0.00000000e+00
 0.00000000e+00 0.00000000e+00
 0.00000000e+00 0.00000000e+00
 -7.66962570e-03 5.21864577e-02
 -2.73940949e-02 1.22022522e-01
 -6.94808900e-02 2.07100767e-01
 -1.45772912e-01 3.04482432e-01
 -2.66980764e-01 4.11484562e-01
 -4.41952367e-01 5.25030310e-01
 -6.79355392e-01 6.40506656e-01
 -9.89291316e-01 7.51179499e-01
 -1.38294662e+00 8.48292323e-01
 -1.87112840e+00 9.21325792e-01
 -2.46316650e+00 9.58112873e-01
 -3.16622969e+00 9.45136419e-01
 -3.98441898e+00 8.68649762e-01
 -4.91761031e+00 7.16751354e-01
 -5.96064249e+00 4.81514922e-01
 -7.10335506e+00 1.60028482e-01
 -8.33128731e+00 -2.45834656e-01
 -9.62640488e+00 -7.30297786e-01
 -1.09677043e+01 -1.28477321e+00
 -1.23321771e+01 -1.89897633e+00
 -1.36963569e+01 -2.56183692e+00
 -1.50380104e+01 -3.26225366e+00
 -1.63374326e+01 -3.99011392e+00
 -1.75781121e+01 -4.73763299e+00
 -1.87467160e+01 -5.50021133e+00
 -1.98324164e+01 -6.27593406e+00
 -2.08257288e+01 -7.06389088e+00
 -2.17172304e+01 -7.86244973e+00
 -2.24966875e+01 -8.66840055e+00
 -2.31530659e+01 -9.47694898e+00
 -2.36756102e+01 -1.02819333e+01
 -2.40556995e+01 -1.10757503e+01
 -2.42884668e+01 -1.18490957e+01
 -2.43728388e+01 -1.25911390e+01
 -2.43099720e+01 -1.32904456e+01
 -2.41020580e+01 -1.39360766e+01
 -2.37528931e+01 -1.45180129e+01
 -2.32687891e+01 -1.50267675e+01
 -2.26578517e+01 -1.54527840e+01
 -2.19281690e+01 -1.57861055e+01
 -2.10868528e+01 -1.60163045e+01
 -2.01405545e+01 -1.61325638e+01
 -1.90966341e+01 -1.61239998e+01
 -1.79642213e+01 -1.59804342e+01
 -1.67550497e+01 -1.56937558e+01
 -1.54842188e+01 -1.52596951e+01
 -1.41707795e+01 -1.46794463e+01
 -1.28376347e+01 -1.39606256e+01
 -1.15103457e+01 -1.31174004e+01
 -1.02151265e+01 -1.21697398e+01
 -8.97685185e+00 -1.11417824e+01
 -7.81774532e+00 -1.00595819e+01
 -6.75665370e+00 -8.94878762e+00
 -5.80825433e+00 -7.83286158e+00
 -4.98199410e+00 -6.73218576e+00
 -4.28155201e+00 -5.66399725e+00
 -3.70562793e+00 -4.64286946e+00
 -3.24958512e+00 -3.68149443e+00
 -2.90647436e+00 -2.79146414e+00
 -2.66665959e+00 -1.98361468e+00
 -2.51721744e+00 -1.26776600e+00
 -2.44333544e+00 -6.52301775e-01
 -2.43220897e+00 -1.44272428e-01
 -2.47682593e+00 2.49767885e-01
 -2.57652888e+00 5.22683106e-01
 -2.73432675e+00 6.66102294e-01
 -2.95359830e+00 6.70375071e-01
 -3.23617528e+00 5.24975857e-01
 -3.58175642e+00 2.19421331e-01
 -3.98778122e+00 -2.55157751e-01
 -4.44913417e+00 -9.04013197e-01
 -4.95751242e+00 -1.72670756e+00
 -5.50088208e+00 -2.71527020e+00
 -6.06375535e+00 -3.85314077e+00
 -6.62857627e+00 -5.11568148e+00
 -7.17777593e+00 -6.47259132e+00
 -7.69569106e+00 -7.89159427e+00
 -8.16966891e+00 -9.34189426e+00
 -8.59020305e+00 -1.07958370e+01
 -8.95047940e+00 -1.22284564e+01
 -9.24590370e+00 -1.36162371e+01
 -9.47394974e+00 -1.49367631e+01
 -9.63378841e+00 -1.61695668e+01
 -9.72447616e+00 -1.72970854e+01
 -9.74202955e+00 -1.83047335e+01
 -9.67806077e+00 -1.91802155e+01
 -9.52125337e+00 -1.99127352e+01
 -9.25912702e+00 -2.04923358e+01
 -8.87772634e+00 -2.09093026e+01
 -8.36073299e+00 -2.11538979e+01
 -7.69062789e+00 -2.12170161e+01
 -6.85203358e+00 -2.10919774e+01
 -5.83562400e+00 -2.07769423e+01
 -4.64142061e+00 -2.02771370e+01
 -3.28111355e+00 -1.96064730e+01
 -1.77930605e+00 -1.87885647e+01
 -1.73367229e-01 -1.78569840e+01
 1.48927892e+00 -1.68536805e+01
 3.15838566e+00 -1.58236368e+01
 4.79262946e+00 -1.48053672e+01
 6.37060939e+00 -1.38214123e+01
 7.89330425e+00 -1.28755012e+01
 9.37598681e+00 -1.19585286e+01
 1.08363379e+01 -1.10581253e+01
 1.22869353e+01 -1.01650659e+01
 1.37341829e+01 -9.27455115e+00
 1.51805250e+01 -8.38472816e+00
 1.66266745e+01 -7.49505282e+00
 1.80727918e+01 -6.60540221e+00
 1.95189048e+01 -5.71575494e+00
 2.09650153e+01 -4.82610922e+00
 2.24111068e+01 -3.93647526e+00
 2.38570535e+01 -3.04693034e+00
 2.53021392e+01 -2.15791512e+00
 2.67432038e+01 -1.27137370e+00
 2.81695060e+01 -3.93914069e-01
 2.95531417e+01 4.57297202e-01
 3.08395530e+01 1.24869608e+00
 3.19510618e+01 1.93249515e+00
 3.28139095e+01 2.46331819e+00
 3.28139095e+01 2.46331819e+00
 3.28139095e+01 2.46331819e+00
 3.28139095e+01 2.46331819e+00
 3.28139095e+01 2.46331819e+00
 3.28139095e+01 2.46331819e+00
 3.28139095e+01 2.46331819e+00
 3.28139095e+01 2.46331819e+00
 3.28139095e+01 2.46331819e+00
 3.28139095e+01 2.46331819e+00
 3.28139095e+01 2.46331819e+00
 3.28139095e+01 2.46331819e+00
 3.28139095e+01 2.46331819e+00
 3.28139095e+01 2.46331819e+00
 3.28139095e+01 2.46331819e+00
 3.28139095e+01 2.46331819e+00
 3.28139095e+01 2.46331819e+00
 3.28139095e+01 2.46331819e+00
 3.28139095e+01 2.46331819e+00
 3.28139095e+01 2.46331819e+00
 3.28139095e+01 2.46331819e+00
 3.28139095e+01 2.46331819e+00
 3.28139095e+01 2.46331819e+00
 3.28139095e+01 2.46331819e+00
 3.28139095e+01 2.46331819e+00
 3.28139095e+01 2.46331819e+00
 3.28139095e+01 2.46331819e+00
 3.28139095e+01 2.46331819e+00
 3.28139095e+01 2.46331819e+00
 3.28139095e+01 2.46331819e+00
 3.28139095e+01 2.46331819e+00
 3.28139095e+01 2.46331819e+00
 3.28139095e+01 2.46331819e+00
 3.28139095e+01 2.46331819e+00
 3.28139095e+01 2.46331819e+00
 3.28139095e+01 2.46331819e+00
 3.28139095e+01 2.46331819e+00
 3.28139095e+01 2.46331819e+00
 3.28139095e+01 2.46331819e+00
 3.28139095e+01 2.46331819e+00
 3.28139095e+01 2.46331819e+00
 3.28139095e+01 2.46331819e+00
 3.28139095e+01 2.46331819e+00
 3.28139095e+01 2.46331819e+00
 3.28139095e+01 2.46331819e+00
 3.28139095e+01 2.46331819e+00
 3.28139095e+01 2.46331819e+00
