 0.00000000e+00 0.00000000e+00
 0.00000000e+00 0.00000000e+00
 0.00000000e+00 0.00000000e+00
 0.00000000e+00 0.00000000e+00
 0.00000000e+00 0.00000000e+00
 0.00000000e+00 0.00000000e+00
 0.00000000e+00 0.00000000e+00
 0.00000000e+00 0.00000000e+00
 0.00000000e+00 0.00000000e+00
 0.00000000e+00 0.00000000e+00
 0.00000000e+00 0.00000000e+00
 0.00000000e+00 0.00000000e+00
 -2.49273992e-02 1.15323344e-01
 -7.66088156e-02 2.68952347e-01
 -1.66318547e-01 4.53065988e-01
 -3.00282721e-01 6.58148318e-01
 -4.78699614e-01 8.77166823e-01
 -6.99660389e-01 1.10668697e+00
 -9.64042470e-01 1.34525304e+00
 -1.27712724e+00 1.59097202e+00
 -1.64686731e+00 1.83996581e+00
 -2.08155735e+00 2.08598719e+00
 -2.58892410e+00 2.32042048e+00
 -3.17660772e+00 2.53203963e+00
 -3.85278602e+00 2.70673830e+00
 -4.62579733e+00 2.82781140e+00
 -5.50269958e+00 2.87701605e+00
 -6.48777963e+00 2.83617849e+00
 -7.58195699e+00 2.68892691e+00
 -8.78284680e+00 2.42216542e+00
 -1.00844036e+01 2.02707295e+00
 -1.14756771e+01 1.49961340e+00
 -1.29396412e+01 8.40616870e-01
 -1.44536159e+01 5.54181667e-02
 -1.59916369e+01 -8.46982241e-01
 -1.75273109e+01 -1.85506843e+00
 -1.90352826e+01 -2.95577895e+00
 -2.04909254e+01 -4.13474076e+00
 -2.18694527e+01 -5.37574932e+00
 -2.31456769e+01 -6.66026318e+00
 -2.42946692e+01 -7.96770569e+00
 -2.52929387e+01 -9.27644810e+00
 -2.61197761e+01 -1.05647253e+01
 -2.67586681e+01 -1.18111646e+01
 -2.71987166e+01 -1.29952903e+01
 -2.74356162e+01 -1.40984065e+01
 -2.74715482e+01 -1.51046768e+01
 -2.73140115e+01 -1.60016465e+01
 -2.69742743e+01 -1.67796651e+01
 -2.64657202e+01 -1.74305497e+01
 -2.58018333e+01 -1.79463559e+01
 -2.49942356e+01 -1.83188158e+01
 -2.40519375e+01 -1.85394005e+01
 -2.29822774e+01 -1.85996731e+01
 -2.17928253e+01 -1.84918462e+01
 -2.04933620e+01 -1.82098893e+01
 -1.90975929e+01 -1.77513622e+01
 -1.76243511e+01 -1.71193709e+01
 -1.60977282e+01 -1.63237095e+01
 -1.45458101e+01 -1.53808700e+01
 -1.29985036e+01 -1.43132129e+01
 -1.14853143e+01 -1.31473481e+01
 -1.00334920e+01 -1.19114968e+01
 -8.66642433e+00 -1.06322576e+01
 -7.40222788e+00 -9.33213890e+00
 -6.25297725e+00 -8.02901717e+00
 -5.22506369e+00 -6.73741525e+00
 -4.32055611e+00 -5.47055862e+00
 -3.53889430e+00 -4.24230582e+00
 -2.87835818e+00 -3.06853615e+00
 -2.33708844e+00 -1.96761279e+00
 -1.91338200e+00 -9.59539248e-01
 -1.60496900e+00 -6.41050365e-02
 -1.40798347e+00 7.00815043e-01
 -1.31754380e+00 1.31974469e+00
 -1.33050648e+00 1.77901097e+00
 -1.44751758e+00 2.06625539e+00
 -1.67129605e+00 2.17094521e+00
 -2.00255406e+00 2.08550545e+00
 -2.43754891e+00 1.80594227e+00
 -2.96842893e+00 1.33143351e+00
 -3.58436879e+00 6.63580777e-01
 -4.27193804e+00 -1.93451230e-01
 -5.01488666e+00 -1.23131864e+00
 -5.79397718e+00 -2.43506780e+00
 -6.58711263e+00 -3.78148149e+00
 -7.36990769e+00 -5.23956167e+00
 -8.11689781e+00 -6.77303018e+00
 -8.80315003e+00 -8.34328191e+00
 -9.40557471e+00 -9.91135511e+00
 -9.90363474e+00 -1.14389412e+01
 -1.02798312e+01 -1.28894651e+01
 -1.05202619e+01 -1.42298497e+01
 -1.06152936e+01 -1.54325184e+01
 -1.05605833e+01 -1.64767188e+01
 -1.03581746e+01 -1.73486534e+01
 -1.00162118e+01 -1.80404825e+01
 -9.54631246e+00 -1.85485092e+01
 -8.95992104e+00 -1.88711005e+01
 -8.26595804e+00 -1.90074389e+01
 -7.47078176e+00 -1.89582407e+01
 -6.57989693e+00 -1.87281834e+01
 -5.60026815e+00 -1.83281910e+01
 -4.54224176e+00 -1.77761417e+01
 -3.42049498e+00 -1.70962952e+01
 -2.25389093e+00 -1.63181780e+01
 -1.06442778e+00 -1.54747995e+01
 1.24701885e-01 -1.45997144e+01
 1.29242244e+00 -1.37228230e+01
 2.42437287e+00 -1.28655623e+01
 3.51656920e+00 -1.20375123e+01
 4.57499306e+00 -1.12369954e+01
 5.61079033e+00 -1.04558787e+01
 6.63454229e+00 -9.68538784e+00
 7.65319612e+00 -8.91947349e+00
 8.67013724e+00 -8.15511384e+00
 9.68662276e+00 -7.39117080e+00
 1.07030125e+01 -6.62731573e+00
 1.17193865e+01 -5.86347528e+00
 1.27357582e+01 -5.09963682e+00
 1.37521283e+01 -4.33579960e+00
 1.47684851e+01 -3.57197246e+00
 1.57847401e+01 -2.80822177e+00
 1.68003899e+01 -2.04492587e+00
 1.78132136e+01 -1.28375395e+00
 1.88156619e+01 -5.30379516e-01
 1.97881228e+01 2.00458444e-01
 2.06922515e+01 8.79942330e-01
 2.14734535e+01 1.46704254e+00
 2.20798889e+01 1.92279970e+00
 2.20798889e+01 1.92279970e+00
 2.20798889e+01 1.92279970e+00
 2.20798889e+01 1.92279970e+00
 2.20798889e+01 1.92279970e+00
 2.20798889e+01 1.92279970e+00
 2.20798889e+01 1.92279970e+00
 2.20798889e+01 1.92279970e+00
 2.20798889e+01 1.92279970e+00
 2.20798889e+01 1.92279970e+00
 2.20798889e+01 1.92279970e+00
 2.20798889e+01 1.92279970e+00
 2.20798889e+01 1.92279970e+00
 2.20798889e+01 1.92279970e+00
 2.20798889e+01 1.92279970e+00
 2.20798889e+01 1.92279970e+00
 2.20798889e+01 1.92279970e+00
 2.20798889e+01 1.92279970e+00
 2.20798889e+01 1.92279970e+00
 2.20798889e+01 1.92279970e+00
 2.20798889e+01 1.92279970e+00
 2.20798889e+01 1.92279970e+00
 2.20798889e+01 1.92279970e+00
 2.20798889e+01 1.92279970e+00
 2.20798889e+01 1.92279970e+00
 2.20798889e+01 1.92279970e+00
 2.20798889e+01 1.92279970e+00
 2.20798889e+01 1.92279970e+00
 2.20798889e+01 1.92279970e+00
 2.20798889e+01 1.92279970e+00
 2.20798889e+01 1.92279970e+00
 2.20798889e+01 1.92279970e+00
 2.20798889e+01 1.92279970e+00
 2.20798889e+01 1.92279970e+00
 2.20798889e+01 1.92279970e+00
 2.20798889e+01 1.92279970e+00
 2.20798889e+01 1.92279970e+00
 2.20798889e+01 1.92279970e+00
 2.20798889e+01 1.92279970e+00
 2.20798889e+01 1.92279970e+00
 2.20798889e+01 1.92279970e+00
 2.20798889e+01 1.92279970e+00
 2.20798889e+01 1.92279970e+00
 2.20798889e+01 1.92279970e+00
 2.20798889e+01 1.92279970e+00
 2.20798889e+01 1.92279970e+00
 2.20798889e+01 1.92279970e+00
 2.20798889e+01 1.92279970e+00
 2.20798889e+01 1.92279970e+00
