 0.00000000e+00 0.00000000e+00
 0.00000000e+00 0.00000000e+00
 0.00000000e+00 0.00000000e+00
 0.00000000e+00 0.00000000e+00
 0.00000000e+00 0.00000000e+00
 0.00000000e+00 0.00000000e+00
 0.00000000e+00 0.00000000e+00
 0.00000000e+00 0.00000000e+00
 0.00000000e+00 0.00000000e+00
 0.00000000e+00 0.00000000e+00
 0.00000000e+00 0.00000000e+00
 0.00000000e+00 0.00000000e+00
 -7.90427682e-02 9.72998528e-02
 -2.20679919e-01 2.21587461e-01
 -4.38173058e-01 3.62624438e-01
 -7.31595684e-01 5.09106235e-01
 -1.08930008e+00 6.52755227e-01
 -1.49519696e+00 7.89674929e-01
 -1.93646529e+00 9.19251298e-01
 -2.40765871e+00 1.04199345e+00
 -2.91053434e+00 1.15765381e+00
 -3.45121524e+00 1.26425930e+00
 -4.03696121e+00 1.35791941e+00
 -4.67420729e+00 1.43311775e+00
 -5.36814338e+00 1.48325513e+00
 -6.12295243e+00 1.50087539e+00
 -6.94175198e+00 1.47715921e+00
 -7.82602412e+00 1.40149246e+00
 -8.77495256e+00 1.26232652e+00
 -9.78510028e+00 1.04900134e+00
 -1.08504040e+01 7.53025970e-01
 -1.19620910e+01 3.68290463e-01
 -1.31083177e+01 -1.08951504e-01
 -1.42738595e+01 -6.79608427e-01
 -1.54403627e+01 -1.34105048e+00
 -1.65873170e+01 -2.08691832e+00
 -1.76934544e+01 -2.90766334e+00
 -1.87380509e+01 -3.79122377e+00
 -1.97017364e+01 -4.72324874e+00
 -2.05668573e+01 -5.68719331e+00
 -2.13178070e+01 -6.66512428e+00
 -2.19416803e+01 -7.63933297e+00
 -2.24292107e+01 -8.59376396e+00
 -2.27754799e+01 -9.51433795e+00
 -2.29796536e+01 -1.03884435e+01
 -2.30435121e+01 -1.12046439e+01
 -2.29698143e+01 -1.19531141e+01
 -2.27620099e+01 -1.26263216e+01
 -2.24252535e+01 -1.32190766e+01
 -2.19670275e+01 -1.37275344e+01
 -2.13964284e+01 -1.41476138e+01
 -2.07229193e+01 -1.44738720e+01
 -1.99555110e+01 -1.46994635e+01
 -1.91023894e+01 -1.48167359e+01
 -1.81707631e+01 -1.48175146e+01
 -1.71671618e+01 -1.46928819e+01
 -1.60983656e+01 -1.44333331e+01
 -1.49724263e+01 -1.40301653e+01
 -1.37991128e+01 -1.34778812e+01
 -1.25900188e+01 -1.27765991e+01
 -1.13589982e+01 -1.19335624e+01
 -1.01227386e+01 -1.09633687e+01
 -8.90063141e+00 -9.88697902e+00
 -7.71369901e+00 -8.72982219e+00
 -6.58309401e+00 -7.51936175e+00
 -5.52858138e+00 -6.28247296e+00
 -4.56704605e+00 -5.04315466e+00
 -3.71111081e+00 -3.82134342e+00
 -2.96814599e+00 -2.63334061e+00
 -2.33999697e+00 -1.49352188e+00
 -1.82365970e+00 -4.16242741e-01
 -1.41272412e+00 5.83184696e-01
 -1.09876320e+00 1.48884197e+00
 -8.72043806e-01 2.28528921e+00
 -7.22425281e-01 2.95831016e+00
 -6.41891065e-01 3.49467384e+00
 -6.27766983e-01 3.88128346e+00
 -6.83250125e-01 4.10484039e+00
 -8.13993702e-01 4.15284825e+00
 -1.02387971e+00 4.01553689e+00
 -1.31332485e+00 3.68736990e+00
 -1.67975680e+00 3.16725790e+00
 -2.11802839e+00 2.45797312e+00
 -2.61996308e+00 1.56613181e+00
 -3.17371306e+00 5.03521078e-01
 -3.76355783e+00 -7.11005214e-01
 -4.37032911e+00 -2.05069903e+00
 -4.97259296e+00 -3.48205650e+00
 -5.54845465e+00 -4.96738504e+00
 -6.07723934e+00 -6.46750821e+00
 -6.54030559e+00 -7.94366564e+00
 -6.92120265e+00 -9.35863928e+00
 -7.20610533e+00 -1.06778000e+01
 -7.38469097e+00 -1.18705274e+01
 -7.45012718e+00 -1.29117239e+01
 -7.39718741e+00 -1.37826638e+01
 -7.21995335e+00 -1.44705640e+01
 -6.91145758e+00 -1.49670861e+01
 -6.46530322e+00 -1.52667839e+01
 -5.87726748e+00 -1.53663993e+01
 -5.14585132e+00 -1.52651624e+01
 -4.27269321e+00 -1.49658170e+01
 -3.26402046e+00 -1.44760311e+01
 -2.13295878e+00 -1.38097847e+01
 -9.01319859e-01 -1.29883617e+01
 4.00439963e-01 -1.20406643e+01
 1.73538467e+00 -1.10024322e+01
 3.06384720e+00 -9.91375860e+00
 4.34834047e+00 -8.81461411e+00
 5.55969080e+00 -7.73901272e+00
 6.68359444e+00 -6.70944249e+00
 7.72438687e+00 -5.73372321e+00
 8.70207285e+00 -4.80614860e+00
 9.64267859e+00 -3.91296676e+00
 1.05677414e+01 -3.03947315e+00
 1.14893585e+01 -2.17490601e+00
 1.24117228e+01 -1.31347725e+00
 1.33351930e+01 -4.52873784e-01
 1.42592309e+01 4.07579617e-01
 1.51834592e+01 1.26801892e+00
 1.61077337e+01 2.12845943e+00
 1.70320166e+01 2.98890068e+00
 1.79563007e+01 3.84934198e+00
 1.88805836e+01 4.70978212e+00
 1.98048543e+01 5.57021093e+00
 2.07290325e+01 6.43055362e+00
 2.16526604e+01 7.29038399e+00
 2.25737181e+01 8.14782178e+00
 2.34853405e+01 8.99647592e+00
 2.43696926e+01 9.81974339e+00
 2.51919036e+01 1.05851620e+01
 2.59023255e+01 1.12465131e+01
 2.64538155e+01 1.17599101e+01
 2.64538155e+01 1.17599101e+01
 2.64538155e+01 1.17599101e+01
 2.64538155e+01 1.17599101e+01
 2.64538155e+01 1.17599101e+01
 2.64538155e+01 1.17599101e+01
 2.64538155e+01 1.17599101e+01
 2.64538155e+01 1.17599101e+01
 2.64538155e+01 1.17599101e+01
 2.64538155e+01 1.17599101e+01
 2.64538155e+01 1.17599101e+01
 2.64538155e+01 1.17599101e+01
 2.64538155e+01 1.17599101e+01
 2.64538155e+01 1.17599101e+01
 2.64538155e+01 1.17599101e+01
 2.64538155e+01 1.17599101e+01
 2.64538155e+01 1.17599101e+01
 2.64538155e+01 1.17599101e+01
 2.64538155e+01 1.17599101e+01
 2.64538155e+01 1.17599101e+01
 2.64538155e+01 1.17599101e+01
 2.64538155e+01 1.17599101e+01
 2.64538155e+01 1.17599101e+01
 2.64538155e+01 1.17599101e+01
 2.64538155e+01 1.17599101e+01
 2.64538155e+01 1.17599101e+01
 2.64538155e+01 1.17599101e+01
 2.64538155e+01 1.17599101e+01
 2.64538155e+01 1.17599101e+01
 2.64538155e+01 1.17599101e+01
 2.64538155e+01 1.17599101e+01
 2.64538155e+01 1.17599101e+01
 2.64538155e+01 1.17599101e+01
 2.64538155e+01 1.17599101e+01
 2.64538155e+01 1.17599101e+01
 2.64538155e+01 1.17599101e+01
 2.64538155e+01 1.17599101e+01
 2.64538155e+01 1.17599101e+01
 2.64538155e+01 1.17599101e+01
 2.64538155e+01 1.17599101e+01
 2.64538155e+01 1.17599101e+01
 2.64538155e+01 1.17599101e+01
 2.64538155e+01 1.17599101e+01
 2.64538155e+01 1.17599101e+01
 2.64538155e+01 1.17599101e+01
 2.64538155e+01 1.17599101e+01
