 0.00000000e+00 0.00000000e+00
 0.00000000e+00 0.00000000e+00
 0.00000000e+00 0.00000000e+00
 0.00000000e+00 0.00000000e+00
 0.00000000e+00 0.00000000e+00
 0.00000000e+00 0.00000000e+00
 0.00000000e+00 0.00000000e+00
 0.00000000e+00 0.00000000e+00
 0.00000000e+00 0.00000000e+00
 0.00000000e+00 0.00000000e+00
 0.00000000e+00 0.00000000e+00
 0.00000000e+00 0.00000000e+00
 0.00000000e+00 0.00000000e+00
 0.00000000e+00 0.00000000e+00
 -3.99296271e-02 7.35072185e-02
 -1.18714326e-01 1.64041266e-01
 -2.53409906e-01 2.63864256e-01
 -4.57681783e-01 3.65852842e-01
 -7.39526261e-01 4.64759862e-01
 -1.10217133e+00 5.56217417e-01
 -1.54658831e+00 6.35525334e-01
 -2.07355086e+00 6.96980207e-01
 -2.68461300e+00 7.32905727e-01
 -3.38231162e+00 7.32584882e-01
 -4.16968534e+00 6.83013876e-01
 -5.04920182e+00 5.72003740e-01
 -6.02174807e+00 3.91012105e-01
 -7.08634580e+00 1.35216621e-01
 -8.24049023e+00 -1.98216072e-01
 -9.48049461e+00 -6.11000117e-01
 -1.08014045e+01 -1.10294710e+00
 -1.21964902e+01 -1.67104016e+00
 -1.36566366e+01 -2.30991537e+00
 -1.51700034e+01 -3.01364872e+00
 -1.67221437e+01 -3.77749190e+00
 -1.82964882e+01 -4.59846559e+00
 -1.98746762e+01 -5.47464924e+00
 -2.14358955e+01 -6.40330274e+00
 -2.29550756e+01 -7.37805228e+00
 -2.44014471e+01 -8.38631705e+00
 -2.57396768e+01 -9.40894440e+00
 -2.69339593e+01 -1.04228276e+01
 -2.79527857e+01 -1.14048452e+01
 -2.87716838e+01 -1.23346049e+01
 -2.93734839e+01 -1.31952298e+01
 -2.97479916e+01 -1.39736053e+01
 -2.98928391e+01 -1.46614966e+01
 -2.98149701e+01 -1.52568937e+01
 -2.95303396e+01 -1.57634488e+01
 -2.90603523e+01 -1.61870299e+01
 -2.84265717e+01 -1.65311509e+01
 -2.76469067e+01 -1.67941304e+01
 -2.67349293e+01 -1.69690879e+01
 -2.57013945e+01 -1.70456373e+01
 -2.45563138e+01 -1.70117698e+01
 -2.33107874e+01 -1.68553961e+01
 -2.19783263e+01 -1.65656922e+01
 -2.05752955e+01 -1.61344763e+01
 -1.91203503e+01 -1.55577678e+01
 -1.76333977e+01 -1.48374100e+01
 -1.61348955e+01 -1.39822294e+01
 -1.46457547e+01 -1.30081321e+01
 -1.31872905e+01 -1.19369554e+01
 -1.17804827e+01 -1.07944039e+01
 -1.04445437e+01 -9.60763612e+00
 -9.19561988e+00 -8.40291161e+00
 -8.04635325e+00 -7.20353087e+00
 -7.00616846e+00 -6.02846141e+00
 -6.08160500e+00 -4.89215693e+00
 -5.27625727e+00 -3.80560984e+00
 -4.59044891e+00 -2.77802778e+00
 -4.02114383e+00 -1.81840843e+00
 -3.56247969e+00 -9.36550087e-01
 -3.20662425e+00 -1.43158738e-01
 -2.94429527e+00 5.51168630e-01
 -2.76529550e+00 1.13777165e+00
 -2.66040213e+00 1.61153243e+00
 -2.62437135e+00 1.97107675e+00
 -2.65733262e+00 2.21708365e+00
 -2.76300235e+00 2.34930504e+00
 -2.94587511e+00 2.36387284e+00
 -3.21010379e+00 2.25270524e+00
 -3.55985178e+00 2.00545778e+00
 -3.99925547e+00 1.61227763e+00
 -4.53102048e+00 1.06535552e+00
 -5.15396285e+00 3.59495606e-01
 -5.86061986e+00 -5.06588023e-01
 -6.63618857e+00 -1.52781387e+00
 -7.45915351e+00 -2.69060596e+00
 -8.30292906e+00 -3.97257731e+00
 -9.13773633e+00 -5.34397142e+00
 -9.93238725e+00 -6.76987302e+00
 -1.06559797e+01 -8.21256230e+00
 -1.12796797e+01 -9.63390973e+00
 -1.17787059e+01 -1.09976489e+01
 -1.21342370e+01 -1.22712683e+01
 -1.23345630e+01 -1.34274904e+01
 -1.23748398e+01 -1.44453660e+01
 -1.22553850e+01 -1.53106916e+01
 -1.19792041e+01 -1.60153789e+01
 -1.15497700e+01 -1.65558610e+01
 -1.09697872e+01 -1.69311125e+01
 -1.02410984e+01 -1.71408514e+01
 -9.36545069e+00 -1.71842245e+01
 -8.34590543e+00 -1.70594329e+01
 -7.18904969e+00 -1.67651759e+01
 -5.90796700e+00 -1.63040967e+01
 -4.52495436e+00 -1.56866101e+01
 -3.07222641e+00 -1.49328141e+01
 -1.58914266e+00 -1.40715882e+01
 -1.15756664e-01 -1.31376256e+01
 1.31565704e+00 -1.21673262e+01
 2.68769428e+00 -1.11937702e+01
 3.99988064e+00 -1.02411742e+01
 5.26441500e+00 -9.32084872e+00
 6.49818787e+00 -8.43150827e+00
 7.71577119e+00 -7.56434728e+00
 8.92641671e+00 -6.70951636e+00
 1.01346494e+01 -5.86007097e+00
 1.13422034e+01 -5.01247892e+00
 1.25496037e+01 -4.16538926e+00
 1.37569760e+01 -3.31840676e+00
 1.49643441e+01 -2.47144222e+00
 1.61717117e+01 -1.62448014e+00
 1.73790775e+01 -7.77519446e-01
 1.85864275e+01 6.94300565e-02
 1.97936566e+01 9.16294795e-01
 2.10001668e+01 1.76265524e+00
 2.22033198e+01 2.60666058e+00
 2.33941475e+01 3.44201988e+00
 2.45493529e+01 4.25239021e+00
 2.56233849e+01 5.00581793e+00
 2.65513899e+01 5.65680846e+00
 2.72717864e+01 6.16216271e+00
 2.72717864e+01 6.16216271e+00
 2.72717864e+01 6.16216271e+00
 2.72717864e+01 6.16216271e+00
 2.72717864e+01 6.16216271e+00
 2.72717864e+01 6.16216271e+00
 2.72717864e+01 6.16216271e+00
 2.72717864e+01 6.16216271e+00
 2.72717864e+01 6.16216271e+00
 2.72717864e+01 6.16216271e+00
 2.72717864e+01 6.16216271e+00
 2.72717864e+01 6.16216271e+00
 2.72717864e+01 6.16216271e+00
 2.72717864e+01 6.16216271e+00
 2.72717864e+01 6.16216271e+00
 2.72717864e+01 6.16216271e+00
 2.72717864e+01 6.16216271e+00
 2.72717864e+01 6.16216271e+00
 2.72717864e+01 6.16216271e+00
 2.72717864e+01 6.16216271e+00
 2.72717864e+01 6.16216271e+00
 2.72717864e+01 6.16216271e+00
 2.72717864e+01 6.16216271e+00
 2.72717864e+01 6.16216271e+00
 2.72717864e+01 6.16216271e+00
 2.72717864e+01 6.16216271e+00
 2.72717864e+01 6.16216271e+00
 2.72717864e+01 6.16216271e+00
 2.72717864e+01 6.16216271e+00
 2.72717864e+01 6.16216271e+00
 2.72717864e+01 6.16216271e+00
 2.72717864e+01 6.16216271e+00
 2.72717864e+01 6.16216271e+00
 2.72717864e+01 6.16216271e+00
 2.72717864e+01 6.16216271e+00
 2.72717864e+01 6.16216271e+00
 2.72717864e+01 6.16216271e+00
 2.72717864e+01 6.16216271e+00
 2.72717864e+01 6.16216271e+00
 2.72717864e+01 6.16216271e+00
 2.72717864e+01 6.16216271e+00
 2.72717864e+01 6.16216271e+00
 2.72717864e+01 6.16216271e+00
 2.72717864e+01 6.16216271e+00
 2.72717864e+01 6.16216271e+00
