 0.00000000e+00 0.00000000e+00
 0.00000000e+00 0.00000000e+00
 0.00000000e+00 0.00000000e+00
 0.00000000e+00 0.00000000e+00
 0.00000000e+00 0.00000000e+00
 0.00000000e+00 0.00000000e+00
 0.00000000e+00 0.00000000e+00
 0.00000000e+00 0.00000000e+00
 0.00000000e+00 0.00000000e+00
 0.00000000e+00 0.00000000e+00
 0.00000000e+00 0.00000000e+00
 4.64982218e-02 1.09247808e-01
 8.55038475e-02 2.48089217e-01
 9.91225671e-02 4.05828395e-01
 6.98396529e-02 5.71322735e-01
 -1.72805367e-02 7.36512815e-01
 -1.73288784e-01 8.96912717e-01
 -4.04133872e-01 1.05034225e+00
 -7.10765880e-01 1.19537784e+00
 -1.09124323e+00 1.33017079e+00
 -1.54341020e+00 1.45179129e+00
 -2.06628635e+00 1.55606467e+00
 -2.65980180e+00 1.63778205e+00
 -3.32402752e+00 1.69094528e+00
 -4.05910704e+00 1.70835530e+00
 -4.86577836e+00 1.68035912e+00
 -5.74533445e+00 1.59407674e+00
 -6.69850724e+00 1.43467907e+00
 -7.72422798e+00 1.18818334e+00
 -8.81943602e+00 8.43641891e-01
 -9.97973266e+00 3.93782656e-01
 -1.11995623e+01 -1.65015706e-01
 -1.24711304e+01 -8.32572124e-01
 -1.37827054e+01 -1.60477962e+00
 -1.51177086e+01 -2.47391997e+00
 -1.64553574e+01 -3.42927793e+00
 -1.77722361e+01 -4.45773814e+00
 -1.90434314e+01 -5.54427034e+00
 -2.02426499e+01 -6.67217988e+00
 -2.13422091e+01 -7.82299748e+00
 -2.23142492e+01 -8.97637759e+00
 -2.31334417e+01 -1.01106946e+01
 -2.37802047e+01 -1.12044809e+01
 -2.42430917e+01 -1.22380580e+01
 -2.45193087e+01 -1.31946298e+01
 -2.46130710e+01 -1.40606879e+01
 -2.45329724e+01 -1.48260437e+01
 -2.42902676e+01 -1.54837061e+01
 -2.38983816e+01 -1.60294345e+01
 -2.33721806e+01 -1.64606642e+01
 -2.27263435e+01 -1.67747867e+01
 -2.19739580e+01 -1.69672618e+01
 -2.11265119e+01 -1.70305572e+01
 -2.01951321e+01 -1.69550284e+01
 -1.91918532e+01 -1.67317956e+01
 -1.81297786e+01 -1.63559585e+01
 -1.70223068e+01 -1.58282105e+01
 -1.58826854e+01 -1.51546281e+01
 -1.47244787e+01 -1.43458924e+01
 -1.35620384e+01 -1.34169155e+01
 -1.24099215e+01 -1.23867518e+01
 -1.12815605e+01 -1.12779859e+01
 -1.01885673e+01 -1.01148980e+01
 -9.14145285e+00 -8.92060262e+00
 -8.15094948e+00 -7.71450790e+00
 -7.22839390e+00 -6.51163862e+00
 -6.38471317e+00 -5.32409247e+00
 -5.62914205e+00 -4.16333548e+00
 -4.96888504e+00 -3.04180282e+00
 -4.40951241e+00 -1.97333569e+00
 -3.95498337e+00 -9.72874145e-01
 -3.60692004e+00 -5.57073099e-02
 -3.36390735e+00 7.63780215e-01
 -3.22177984e+00 1.47363694e+00
 -3.17511156e+00 2.06539188e+00
 -3.21914306e+00 2.53399249e+00
 -3.35097786e+00 2.87664457e+00
 -3.56959933e+00 3.09097700e+00
 -3.87523063e+00 3.17315130e+00
 -4.26854346e+00 3.11676339e+00
 -4.74970283e+00 2.91308206e+00
 -5.31724775e+00 2.55226175e+00
 -5.96697234e+00 2.02482374e+00
 -6.69075264e+00 1.32319700e+00
 -7.47534922e+00 4.43413213e-01
 -8.30192821e+00 -6.13115003e-01
 -9.14717190e+00 -1.83811764e+00
 -9.98571979e+00 -3.21607021e+00
 -1.07926500e+01 -4.72542680e+00
 -1.15451074e+01 -6.34072947e+00
 -1.22232505e+01 -8.03394944e+00
 -1.28109328e+01 -9.77434647e+00
 -1.32959994e+01 -1.15277799e+01
 -1.36699658e+01 -1.32569452e+01
 -1.39274111e+01 -1.49231862e+01
 -1.40656518e+01 -1.64892465e+01
 -1.40846740e+01 -1.79216783e+01
 -1.39867515e+01 -1.91921043e+01
 -1.37754412e+01 -2.02773335e+01
 -1.34542279e+01 -2.11586015e+01
 -1.30252603e+01 -2.18201932e+01
 -1.24884969e+01 -2.22479999e+01
 -1.18415929e+01 -2.24290912e+01
 -1.10808910e+01 -2.23534295e+01
 -1.02035481e+01 -2.20175575e+01
 -9.21029623e+00 -2.14282519e+01
 -8.10815117e+00 -2.06042185e+01
 -6.91247388e+00 -1.95759624e+01
 -5.64761966e+00 -1.83848838e+01
 -4.34513663e+00 -1.70812716e+01
 -3.03886441e+00 -1.57196231e+01
 -1.75767418e+00 -1.43505128e+01
 -5.18572322e-01 -1.30108913e+01
 6.76047047e-01 -1.17175460e+01
 1.83508724e+00 -1.04682246e+01
 2.97165361e+00 -9.24993836e+00
 4.09687827e+00 -8.04862976e+00
 5.21752123e+00 -6.85462660e+00
 6.33668496e+00 -5.66310479e+00
 7.45546807e+00 -4.47224824e+00
 8.57417338e+00 -3.28153229e+00
 9.69286608e+00 -2.09083973e+00
 1.08115571e+01 -9.00150356e-01
 1.19302463e+01 2.90537084e-01
 1.30489209e+01 1.48120880e+00
 1.41674834e+01 2.67176135e+00
 1.52853799e+01 3.86160495e+00
 1.64001657e+01 5.04813766e+00
 1.75035315e+01 6.22251545e+00
 1.85738913e+01 7.36176286e+00
 1.95690396e+01 8.42095832e+00
 2.04288861e+01 9.33614395e+00
 2.10963720e+01 1.00465889e+01
 2.10963720e+01 1.00465889e+01
 2.10963720e+01 1.00465889e+01
 2.10963720e+01 1.00465889e+01
 2.10963720e+01 1.00465889e+01
 2.10963720e+01 1.00465889e+01
 2.10963720e+01 1.00465889e+01
 2.10963720e+01 1.00465889e+01
 2.10963720e+01 1.00465889e+01
 2.10963720e+01 1.00465889e+01
 2.10963720e+01 1.00465889e+01
 2.10963720e+01 1.00465889e+01
 2.10963720e+01 1.00465889e+01
 2.10963720e+01 1.00465889e+01
 2.10963720e+01 1.00465889e+01
 2.10963720e+01 1.00465889e+01
 2.10963720e+01 1.00465889e+01
 2.10963720e+01 1.00465889e+01
 2.10963720e+01 1.00465889e+01
 2.10963720e+01 1.00465889e+01
 2.10963720e+01 1.00465889e+01
 2.10963720e+01 1.00465889e+01
 2.10963720e+01 1.00465889e+01
 2.10963720e+01 1.00465889e+01
 2.10963720e+01 1.00465889e+01
 2.10963720e+01 1.00465889e+01
 2.10963720e+01 1.00465889e+01
 2.10963720e+01 1.00465889e+01
 2.10963720e+01 1.00465889e+01
 2.10963720e+01 1.00465889e+01
 2.10963720e+01 1.00465889e+01
 2.10963720e+01 1.00465889e+01
 2.10963720e+01 1.00465889e+01
 2.10963720e+01 1.00465889e+01
 2.10963720e+01 1.00465889e+01
 2.10963720e+01 1.00465889e+01
 2.10963720e+01 1.00465889e+01
 2.10963720e+01 1.00465889e+01
 2.10963720e+01 1.00465889e+01
 2.10963720e+01 1.00465889e+01
 2.10963720e+01 1.00465889e+01
 2.10963720e+01 1.00465889e+01
 2.10963720e+01 1.00465889e+01
 2.10963720e+01 1.00465889e+01
 2.10963720e+01 1.00465889e+01
 2.10963720e+01 1.00465889e+01
