 0.00000000e+00 0.00000000e+00
 0.00000000e+00 0.00000000e+00
 0.00000000e+00 0.00000000e+00
 0.00000000e+00 0.00000000e+00
 0.00000000e+00 0.00000000e+00
 0.00000000e+00 0.00000000e+00
 0.00000000e+00 0.00000000e+00
 0.00000000e+00 0.00000000e+00
 0.00000000e+00 0.00000000e+00
 0.00000000e+00 0.00000000e+00
 0.00000000e+00 0.00000000e+00
 0.00000000e+00 0.00000000e+00
 0.00000000e+00 0.00000000e+00
 0.00000000e+00 0.00000000e+00
 0.00000000e+00 0.00000000e+00
 -8.68190619e-02 1.49221585e-01
 -2.45268225e-01 3.36302458e-01
 -4.94402678e-01 5.45450713e-01
 -8.41456429e-01 7.61029596e-01
 -1.28320087e+00 9.71843818e-01
 -1.81221886e+00 1.17030791e+00
 -2.42195200e+00 1.34936078e+00
 -3.10756921e+00 1.50027269e+00
 -3.86434318e+00 1.61221357e+00
 -4.68644293e+00 1.67281521e+00
 -5.56738496e+00 1.66893563e+00
 -6.50148060e+00 1.58765060e+00
 -7.48492952e+00 1.41765890e+00
 -8.51569193e+00 1.15043571e+00
 -9.59228331e+00 7.80299652e-01
 -1.07124145e+01 3.03828804e-01
 -1.18722863e+01 -2.80193359e-01
 -1.30664529e+01 -9.70093115e-01
 -1.42875480e+01 -1.76075794e+00
 -1.55255482e+01 -2.64388273e+00
 -1.67669530e+01 -3.60879234e+00
 -1.79943344e+01 -4.64317843e+00
 -1.91863207e+01 -5.73332213e+00
 -2.03179775e+01 -6.86389437e+00
 -2.13617993e+01 -8.01775580e+00
 -2.22895119e+01 -9.17618493e+00
 -2.30743958e+01 -1.03197543e+01
 -2.36935307e+01 -1.14296709e+01
 -2.41296332e+01 -1.24889679e+01
 -2.43723817e+01 -1.34829303e+01
 -2.44188666e+01 -1.43987179e+01
 -2.42728551e+01 -1.52248126e+01
 -2.39432677e+01 -1.59509314e+01
 -2.34426394e+01 -1.65682976e+01
 -2.27858482e+01 -1.70694815e+01
 -2.19890072e+01 -1.74473240e+01
 -2.10687323e+01 -1.76935448e+01
 -2.00421384e+01 -1.77983567e+01
 -1.89272911e+01 -1.77518796e+01
 -1.77433443e+01 -1.75466536e+01
 -1.65100881e+01 -1.71796021e+01
 -1.52473557e+01 -1.66525645e+01
 -1.39746326e+01 -1.59719945e+01
 -1.27105900e+01 -1.51487032e+01
 -1.14721358e+01 -1.41976936e+01
 -1.02731096e+01 -1.31375660e+01
 -9.12335020e+00 -1.19891948e+01
 -8.02888082e+00 -1.07738890e+01
 -6.99323184e+00 -9.51158766e+00
 -6.01907795e+00 -8.21965344e+00
 -5.10926967e+00 -6.91272499e+00
 -4.26705947e+00 -5.60389135e+00
 -3.49603421e+00 -4.30689424e+00
 -2.80031513e+00 -3.03829775e+00
 -2.18505206e+00 -1.81838082e+00
 -1.65663454e+00 -6.70268868e-01
 -1.22203751e+00 3.82156802e-01
 -8.87570005e-01 1.31660238e+00
 -6.58223843e-01 2.11407930e+00
 -5.38534571e-01 2.75932015e+00
 -5.34057682e-01 3.23979811e+00
 -6.51103590e-01 3.54432828e+00
 -8.93795254e-01 3.66270162e+00
 -1.26071196e+00 3.58674666e+00
 -1.74393686e+00 3.31166274e+00
 -2.33041774e+00 2.83635763e+00
 -3.00341385e+00 2.16304017e+00
 -3.74274374e+00 1.29751089e+00
 -4.52449367e+00 2.50859735e-01
 -5.32153845e+00 -9.58551214e-01
 -6.10541862e+00 -2.30464435e+00
 -6.84883732e+00 -3.75530589e+00
 -7.52760155e+00 -5.27513476e+00
 -8.12158897e+00 -6.82791428e+00
 -8.61525567e+00 -8.37831425e+00
 -8.99822022e+00 -9.89304667e+00
 -9.26562611e+00 -1.13417569e+01
 -9.41749363e+00 -1.26977002e+01
 -9.45712897e+00 -1.39381515e+01
 -9.38984643e+00 -1.50446249e+01
 -9.22259356e+00 -1.60030353e+01
 -8.96317098e+00 -1.68036214e+01
 -8.61789139e+00 -1.74400389e+01
 -8.18876461e+00 -1.79072170e+01
 -7.67204395e+00 -1.81985584e+01
 -7.05857836e+00 -1.83043322e+01
 -6.33562173e+00 -1.82132657e+01
 -5.49012056e+00 -1.79171209e+01
 -4.51330386e+00 -1.74152363e+01
 -3.40536421e+00 -1.67163653e+01
 -2.17843338e+00 -1.58382508e+01
 -8.56704380e-01 -1.48068015e+01
 5.26141148e-01 -1.36552132e+01
 1.93143902e+00 -1.24220083e+01
 3.32160949e+00 -1.11474425e+01
 4.66728616e+00 -9.86864856e+00
 5.95345879e+00 -8.61434110e+00
 7.18130665e+00 -7.40053159e+00
 8.36395195e+00 -6.22941729e+00
 9.51843134e+00 -5.09275862e+00
 1.06587948e+01 -3.97823306e+00
 1.17934956e+01 -2.87511704e+00
 1.29263897e+01 -1.77671676e+00
 1.40588286e+01 -6.79873686e-01
 1.51911777e+01 4.16560240e-01
 1.63235130e+01 1.51290895e+00
 1.74558466e+01 2.60924363e+00
 1.85881800e+01 3.70557638e+00
 1.97205118e+01 4.80190745e+00
 2.08528287e+01 5.89822404e+00
 2.19850323e+01 6.99443092e+00
 2.31165616e+01 8.08998503e+00
 2.42449424e+01 9.18249062e+00
 2.53617639e+01 1.02638045e+01
 2.64451768e+01 1.13127719e+01
 2.74524611e+01 1.22880312e+01
 2.83227935e+01 1.31306926e+01
 2.89984195e+01 1.37848382e+01
 2.89984195e+01 1.37848382e+01
 2.89984195e+01 1.37848382e+01
 2.89984195e+01 1.37848382e+01
 2.89984195e+01 1.37848382e+01
 2.89984195e+01 1.37848382e+01
 2.89984195e+01 1.37848382e+01
 2.89984195e+01 1.37848382e+01
 2.89984195e+01 1.37848382e+01
 2.89984195e+01 1.37848382e+01
 2.89984195e+01 1.37848382e+01
 2.89984195e+01 1.37848382e+01
 2.89984195e+01 1.37848382e+01
 2.89984195e+01 1.37848382e+01
 2.89984195e+01 1.37848382e+01
 2.89984195e+01 1.37848382e+01
 2.89984195e+01 1.37848382e+01
 2.89984195e+01 1.37848382e+01
 2.89984195e+01 1.37848382e+01
 2.89984195e+01 1.37848382e+01
 2.89984195e+01 1.37848382e+01
 2.89984195e+01 1.37848382e+01
 2.89984195e+01 1.37848382e+01
 2.89984195e+01 1.37848382e+01
 2.89984195e+01 1.37848382e+01
 2.89984195e+01 1.37848382e+01
 2.89984195e+01 1.37848382e+01
 2.89984195e+01 1.37848382e+01
 2.89984195e+01 1.37848382e+01
 2.89984195e+01 1.37848382e+01
 2.89984195e+01 1.37848382e+01
 2.89984195e+01 1.37848382e+01
 2.89984195e+01 1.37848382e+01
 2.89984195e+01 1.37848382e+01
 2.89984195e+01 1.37848382e+01
 2.89984195e+01 1.37848382e+01
 2.89984195e+01 1.37848382e+01
 2.89984195e+01 1.37848382e+01
 2.89984195e+01 1.37848382e+01
 2.89984195e+01 1.37848382e+01
 2.89984195e+01 1.37848382e+01
 2.89984195e+01 1.37848382e+01
 2.89984195e+01 1.37848382e+01
 2.89984195e+01 1.37848382e+01
 2.89984195e+01 1.37848382e+01
 2.89984195e+01 1.37848382e+01
