 0.00000000e+00 0.00000000e+00
 0.00000000e+00 0.00000000e+00
 0.00000000e+00 0.00000000e+00
 0.00000000e+00 0.00000000e+00
 0.00000000e+00 0.00000000e+00
 0.00000000e+00 0.00000000e+00
 0.00000000e+00 0.00000000e+00
 0.00000000e+00 0.00000000e+00
 0.00000000e+00 0.00000000e+00
 0.00000000e+00 0.00000000e+00
 0.00000000e+00 0.00000000e+00
 0.00000000e+00 0.00000000e+00
 0.00000000e+00 0.00000000e+00
 2.69000555e-02 4.22388387e-02
 4.83911414e-02 9.84702394e-02
 5.56928759e-02 1.66419028e-01
 3.91923210e-02 2.42944907e-01
 -1.31065257e-02 3.24720007e-01
 -1.15274501e-01 4.08373232e-01
 -2.80371071e-01 4.90411264e-01
 -5.18019711e-01 5.66996312e-01
 -8.35294065e-01 6.33671301e-01
 -1.23920914e+00 6.85068466e-01
 -1.73782525e+00 7.14184346e-01
 -2.33952066e+00 7.11136806e-01
 -3.05187223e+00 6.62512564e-01
 -3.88104653e+00 5.52262719e-01
 -4.83158541e+00 3.63404715e-01
 -5.90623385e+00 7.92723410e-02
 -7.10547129e+00 -3.15717743e-01
 -8.42637002e+00 -8.35112567e-01
 -9.86077960e+00 -1.48906668e+00
 -1.13934626e+01 -2.28271482e+00
 -1.30008998e+01 -3.21443240e+00
 -1.46510905e+01 -4.27449161e+00
 -1.63044613e+01 -5.44499970e+00
 -1.79159599e+01 -6.70157380e+00
 -1.94381686e+01 -8.01611473e+00
 -2.08249471e+01 -9.35944292e+00
 -2.20351115e+01 -1.07030792e+01
 -2.30358921e+01 -1.20204815e+01
 -2.38058354e+01 -1.32884988e+01
 -2.43363983e+01 -1.44891064e+01
 -2.46314888e+01 -1.56104102e+01
 -2.47050262e+01 -1.66460112e+01
 -2.45775062e+01 -1.75931472e+01
 -2.42727363e+01 -1.84508537e+01
 -2.38152514e+01 -1.92187997e+01
 -2.32281634e+01 -1.98963709e+01
 -2.25312392e+01 -2.04812488e+01
 -2.17396933e+01 -2.09674703e+01
 -2.08643022e+01 -2.13438965e+01
 -1.99125460e+01 -2.15940896e+01
 -1.88898183e+01 -2.16978734e+01
 -1.78003502e+01 -2.16342170e+01
 -1.66483334e+01 -2.13848073e+01
 -1.54395263e+01 -2.09375758e+01
 -1.41828715e+01 -2.02895180e+01
 -1.28913629e+01 -1.94483588e+01
 -1.15816902e+01 -1.84327014e+01
 -1.02728417e+01 -1.72703634e+01
 -8.98439129e+00 -1.59950077e+01
 -7.73497374e+00 -1.46418230e+01
 -6.54081279e+00 -1.32433311e+01
 -5.41417671e+00 -1.18261560e+01
 -4.36233987e+00 -1.04092551e+01
 -3.38782263e+00 -9.00401494e+00
 -2.48980370e+00 -7.61626960e+00
 -1.66577218e+00 -6.24954600e+00
 -9.12874752e-01 -4.90845131e+00
 -2.29248753e-01 -3.60146296e+00
 3.84570530e-01 -2.34270377e+00
 9.24974471e-01 -1.15218629e+00
 1.38610276e+00 -5.40946842e-02
 1.76160180e+00 9.26584541e-01
 2.04565290e+00 1.76770318e+00
 2.23232920e+00 2.45198776e+00
 2.31444891e+00 2.96650593e+00
 2.28394815e+00 3.30058256e+00
 2.13403748e+00 3.44447891e+00
 1.86137331e+00 3.39021311e+00
 1.46679314e+00 3.13337619e+00
 9.54903666e-01 2.67349242e+00
 3.33593516e-01 2.01233276e+00
 -3.86013658e-01 1.15248672e+00
 -1.18943481e+00 9.85169274e-02
 -2.05904430e+00 -1.13995447e+00
 -2.97481346e+00 -2.54612808e+00
 -3.91532169e+00 -4.09677331e+00
 -4.85870344e+00 -5.76481134e+00
 -5.78332056e+00 -7.52118215e+00
 -6.66798560e+00 -9.33479915e+00
 -7.49171380e+00 -1.11717117e+01
 -8.23342179e+00 -1.29952684e+01
 -8.87232132e+00 -1.47678573e+01
 -9.38959371e+00 -1.64533671e+01
 -9.77114121e+00 -1.80193021e+01
 -1.00098369e+01 -1.94383074e+01
 -1.01049905e+01 -2.06893950e+01
 -1.00586649e+01 -2.17587236e+01
 -9.87178987e+00 -2.26392233e+01
 -9.54319492e+00 -2.33286062e+01
 -9.07103233e+00 -2.38263442e+01
 -8.45387273e+00 -2.41311059e+01
 -7.69075138e+00 -2.42400304e+01
 -6.78175639e+00 -2.41500300e+01
 -5.73015905e+00 -2.38601916e+01
 -4.54535746e+00 -2.33742471e+01
 -3.24531727e+00 -2.27026606e+01
 -1.85748157e+00 -2.18642076e+01
 -4.17534163e-01 -2.08866836e+01
 1.03423969e+00 -1.98060219e+01
 2.45906396e+00 -1.86631807e+01
 3.82762267e+00 -1.74987915e+01
 5.12709412e+00 -1.63465336e+01
 6.36277913e+00 -1.52273469e+01
 7.55217448e+00 -1.41472542e+01
 8.71507377e+00 -1.31003567e+01
 9.86615693e+00 -1.20754015e+01
 1.10132414e+01 -1.10619679e+01
 1.21593545e+01 -1.00533585e+01
 1.33053240e+01 -9.04635738e+00
 1.44512923e+01 -8.03978199e+00
 1.55972663e+01 -7.03329578e+00
 1.67432420e+01 -6.02682432e+00
 1.78892179e+01 -5.02035489e+00
 1.90351923e+01 -4.01388702e+00
 2.01811516e+01 -3.00743244e+00
 2.13269961e+01 -2.00107859e+00
 2.24721584e+01 -9.95323996e-01
 2.36141341e+01 7.63195249e-03
 2.47444113e+01 1.00031356e+00
 2.58408773e+01 1.96330005e+00
 2.68602976e+01 2.85861999e+00
 2.77411159e+01 3.63221086e+00
 2.84248820e+01 4.23273793e+00
 2.84248820e+01 4.23273793e+00
 2.84248820e+01 4.23273793e+00
 2.84248820e+01 4.23273793e+00
 2.84248820e+01 4.23273793e+00
 2.84248820e+01 4.23273793e+00
 2.84248820e+01 4.23273793e+00
 2.84248820e+01 4.23273793e+00
 2.84248820e+01 4.23273793e+00
 2.84248820e+01 4.23273793e+00
 2.84248820e+01 4.23273793e+00
 2.84248820e+01 4.23273793e+00
 2.84248820e+01 4.23273793e+00
 2.84248820e+01 4.23273793e+00
 2.84248820e+01 4.23273793e+00
 2.84248820e+01 4.23273793e+00
 2.84248820e+01 4.23273793e+00
 2.84248820e+01 4.23273793e+00
 2.84248820e+01 4.23273793e+00
 2.84248820e+01 4.23273793e+00
 2.84248820e+01 4.23273793e+00
 2.84248820e+01 4.23273793e+00
 2.84248820e+01 4.23273793e+00
 2.84248820e+01 4.23273793e+00
 2.84248820e+01 4.23273793e+00
 2.84248820e+01 4.23273793e+00
 2.84248820e+01 4.23273793e+00
 2.84248820e+01 4.23273793e+00
 2.84248820e+01 4.23273793e+00
 2.84248820e+01 4.23273793e+00
 2.84248820e+01 4.23273793e+00
 2.84248820e+01 4.23273793e+00
 2.84248820e+01 4.23273793e+00
 2.84248820e+01 4.23273793e+00
 2.84248820e+01 4.23273793e+00
 2.84248820e+01 4.23273793e+00
 2.84248820e+01 4.23273793e+00
 2.84248820e+01 4.23273793e+00
 2.84248820e+01 4.23273793e+00
 2.84248820e+01 4.23273793e+00
 2.84248820e+01 4.23273793e+00
 2.84248820e+01 4.23273793e+00
 2.84248820e+01 4.23273793e+00
