 0.00000000e+00 0.00000000e+00
 0.00000000e+00 0.00000000e+00
 0.00000000e+00 0.00000000e+00
 0.00000000e+00 0.00000000e+00
 0.00000000e+00 0.00000000e+00
 0.00000000e+00 0.00000000e+00
 0.00000000e+00 0.00000000e+00
 0.00000000e+00 0.00000000e+00
 0.00000000e+00 0.00000000e+00
 0.00000000e+00 0.00000000e+00
 0.00000000e+00 0.00000000e+00
 0.00000000e+00 0.00000000e+00
 0.00000000e+00 0.00000000e+00
 -6.99467231e-02 9.48704522e-02
 -1.88118434e-01 2.16975182e-01
 -3.66375073e-01 3.55732184e-01
 -6.12769330e-01 4.97809358e-01
 -9.31756497e-01 6.30663218e-01
 -1.32462969e+00 7.43984138e-01
 -1.78967573e+00 8.29372837e-01
 -2.32259009e+00 8.79325157e-01
 -2.91739262e+00 8.86379680e-01
 -3.56732447e+00 8.42931316e-01
 -4.26519839e+00 7.41828746e-01
 -5.00341032e+00 5.77325354e-01
 -5.77443467e+00 3.45639513e-01
 -6.57236696e+00 4.48075463e-02
 -7.39504944e+00 -3.25775100e-01
 -8.24541898e+00 -7.65656276e-01
 -9.13095560e+00 -1.27354916e+00
 -1.00615200e+01 -1.84785000e+00
 -1.10469389e+01 -2.48743697e+00
 -1.20951580e+01 -3.19222372e+00
 -1.32106444e+01 -3.96307001e+00
 -1.43925694e+01 -4.80118058e+00
 -1.56329604e+01 -5.70726660e+00
 -1.69155304e+01 -6.68053746e+00
 -1.82159084e+01 -7.71762128e+00
 -1.95034269e+01 -8.81173703e+00
 -2.07438482e+01 -9.95244853e+00
 -2.19022440e+01 -1.11260984e+01
 -2.29456187e+01 -1.23166747e+01
 -2.38450551e+01 -1.35066302e+01
 -2.45771200e+01 -1.46774819e+01
 -2.51243777e+01 -1.58105390e+01
 -2.54750673e+01 -1.68878917e+01
 -2.56223853e+01 -1.78931335e+01
 -2.55641816e+01 -1.88113338e+01
 -2.53031815e+01 -1.96284556e+01
 -2.48465368e+01 -2.03307068e+01
 -2.42039802e+01 -2.09040524e+01
 -2.33858955e+01 -2.13339254e+01
 -2.24030779e+01 -2.16053478e+01
 -2.12683154e+01 -2.17038697e+01
 -1.99985552e+01 -2.16174939e+01
 -1.86162857e+01 -2.13391006e+01
 -1.71492604e+01 -2.08684272e+01
 -1.56286661e+01 -2.02129442e+01
 -1.40868261e+01 -1.93876674e+01
 -1.25554203e+01 -1.84142175e+01
 -1.10641810e+01 -1.73191391e+01
 -9.63954729e+00 -1.61314217e+01
 -8.30328018e+00 -1.48796363e+01
 -7.07161070e+00 -1.35894986e+01
 -5.95539277e+00 -1.22825073e+01
 -4.96120377e+00 -1.09758038e+01
 -4.09288554e+00 -9.68307924e+00
 -3.35279017e+00 -8.41628273e+00
 -2.74205322e+00 -7.18763193e+00
 -2.25974544e+00 -6.01106003e+00
 -1.90157287e+00 -4.90244802e+00
 -1.65928356e+00 -3.87873365e+00
 -1.52163555e+00 -2.95642584e+00
 -1.47664955e+00 -2.15002795e+00
 -1.51369235e+00 -1.47090262e+00
 -1.62421948e+00 -9.27213273e-01
 -1.80170964e+00 -5.25263359e-01
 -2.04200389e+00 -2.71663368e-01
 -2.34386121e+00 -1.74824703e-01
 -2.70843068e+00 -2.44392385e-01
 -3.13729445e+00 -4.88912225e-01
 -3.63015085e+00 -9.13702223e-01
 -4.18312329e+00 -1.52031291e+00
 -4.78778686e+00 -2.30683244e+00
 -5.43090650e+00 -3.26753552e+00
 -6.09520159e+00 -4.39163815e+00
 -6.76093641e+00 -5.66217131e+00
 -7.40741734e+00 -7.05590105e+00
 -8.01390472e+00 -8.54431885e+00
 -8.56035337e+00 -1.00950206e+01
 -9.02835757e+00 -1.16727922e+01
 -9.40201756e+00 -1.32402745e+01
 -9.66820584e+00 -1.47586695e+01
 -9.81597442e+00 -1.61891220e+01
 -9.83552561e+00 -1.74949743e+01
 -9.71798299e+00 -1.86443070e+01
 -9.45663575e+00 -1.96117463e+01
 -9.04827414e+00 -2.03789534e+01
 -8.49281303e+00 -2.09340879e+01
 -7.79177298e+00 -2.12709518e+01
 -6.94782579e+00 -2.13883145e+01
 -5.96641034e+00 -2.12896756e+01
 -4.85853730e+00 -2.09836078e+01
 -3.64322638e+00 -2.04845332e+01
 -2.34833985e+00 -1.98134314e+01
 -1.00931384e+00 -1.89979632e+01
 3.34056823e-01 -1.80716562e+01
 1.64233949e+00 -1.70718201e+01
 2.88210248e+00 -1.60360216e+01
 4.03165825e+00 -1.49976073e+01
 5.08552475e+00 -1.39814885e+01
 6.05523207e+00 -1.30015619e+01
 6.96438006e+00 -1.20606529e+01
 7.83921332e+00 -1.11530743e+01
 8.69992309e+00 -1.02689239e+01
 9.55740508e+00 -9.39838898e+00
 1.04153820e+01 -8.53436066e+00
 1.12742221e+01 -7.67286839e+00
 1.21335100e+01 -6.81217586e+00
 1.29929481e+01 -5.95168593e+00
 1.38524225e+01 -5.09123698e+00
 1.47119035e+01 -4.23079464e+00
 1.55713853e+01 -3.37035323e+00
 1.64308661e+01 -2.50991307e+00
 1.72903355e+01 -1.64948427e+00
 1.81497190e+01 -7.89141575e-01
 1.90085906e+01 7.06888005e-02
 1.98650724e+01 9.28126587e-01
 2.07127803e+01 1.77678073e+00
 2.15351299e+01 2.60004819e+00
 2.22996951e+01 3.36546681e+00
 2.29603088e+01 4.02681793e+00
 2.34731334e+01 4.54021496e+00
 2.34731334e+01 4.54021496e+00
 2.34731334e+01 4.54021496e+00
 2.34731334e+01 4.54021496e+00
 2.34731334e+01 4.54021496e+00
 2.34731334e+01 4.54021496e+00
 2.34731334e+01 4.54021496e+00
 2.34731334e+01 4.54021496e+00
 2.34731334e+01 4.54021496e+00
 2.34731334e+01 4.54021496e+00
 2.34731334e+01 4.54021496e+00
 2.34731334e+01 4.54021496e+00
 2.34731334e+01 4.54021496e+00
 2.34731334e+01 4.54021496e+00
 2.34731334e+01 4.54021496e+00
 2.34731334e+01 4.54021496e+00
 2.34731334e+01 4.54021496e+00
 2.34731334e+01 4.54021496e+00
 2.34731334e+01 4.54021496e+00
 2.34731334e+01 4.54021496e+00
 2.34731334e+01 4.54021496e+00
 2.34731334e+01 4.54021496e+00
 2.34731334e+01 4.54021496e+00
 2.34731334e+01 4.54021496e+00
 2.34731334e+01 4.54021496e+00
 2.34731334e+01 4.54021496e+00
 2.34731334e+01 4.54021496e+00
 2.34731334e+01 4.54021496e+00
 2.34731334e+01 4.54021496e+00
 2.34731334e+01 4.54021496e+00
 2.34731334e+01 4.54021496e+00
 2.34731334e+01 4.54021496e+00
 2.34731334e+01 4.54021496e+00
 2.34731334e+01 4.54021496e+00
 2.34731334e+01 4.54021496e+00
 2.34731334e+01 4.54021496e+00
 2.34731334e+01 4.54021496e+00
 2.34731334e+01 4.54021496e+00
 2.34731334e+01 4.54021496e+00
 2.34731334e+01 4.54021496e+00
 2.34731334e+01 4.54021496e+00
 2.34731334e+01 4.54021496e+00
 2.34731334e+01 4.54021496e+00
 2.34731334e+01 4.54021496e+00
 2.34731334e+01 4.54021496e+00
 2.34731334e+01 4.54021496e+00
