 0.00000000e+00 0.00000000e+00
 0.00000000e+00 0.00000000e+00
 0.00000000e+00 0.00000000e+00
 0.00000000e+00 0.00000000e+00
 0.00000000e+00 0.00000000e+00
 0.00000000e+00 0.00000000e+00
 0.00000000e+00 0.00000000e+00
 0.00000000e+00 0.00000000e+00
 0.00000000e+00 0.00000000e+00
 0.00000000e+00 0.00000000e+00
 0.00000000e+00 0.00000000e+00
 0.00000000e+00 0.00000000e+00
 -1.98023438e-02 1.78074187e-01
 -6.28743208e-02 4.11496180e-01
 -1.42129627e-01 6.86016156e-01
 -2.68691325e-01 9.84290500e-01
 -4.49429919e-01 1.29088486e+00
 -6.87464168e-01 1.59317582e+00
 -9.84279207e-01 1.88020223e+00
 -1.34123691e+00 2.14178027e+00
 -1.76001007e+00 2.36838542e+00
 -2.24274056e+00 2.55138971e+00
 -2.79240257e+00 2.68325497e+00
 -3.41315833e+00 2.75722800e+00
 -4.11010604e+00 2.76619854e+00
 -4.88808496e+00 2.70127011e+00
 -5.75018647e+00 2.55135316e+00
 -6.69699141e+00 2.30438101e+00
 -7.72655216e+00 1.94933118e+00
 -8.83435568e+00 1.47788375e+00
 -1.00130229e+01 8.85207122e-01
 -1.12521169e+01 1.69898649e-01
 -1.25382961e+01 -6.66629790e-01
 -1.38557422e+01 -1.62076687e+00
 -1.51866905e+01 -2.68676710e+00
 -1.65119427e+01 -3.85619959e+00
 -1.78113784e+01 -5.11731429e+00
 -1.90644099e+01 -6.45495746e+00
 -2.02500896e+01 -7.85100197e+00
 -2.13468170e+01 -9.28452543e+00
 -2.23322819e+01 -1.07312961e+01
 -2.31844664e+01 -1.21634008e+01
 -2.38837789e+01 -1.35504530e+01
 -2.44154500e+01 -1.48626730e+01
 -2.47710502e+01 -1.60743331e+01
 -2.49485998e+01 -1.71656409e+01
 -2.49516438e+01 -1.81225295e+01
 -2.47879208e+01 -1.89353309e+01
 -2.44676901e+01 -1.95973769e+01
 -2.40014343e+01 -2.01036424e+01
 -2.33972133e+01 -2.04491390e+01
 -2.26587803e+01 -2.06272672e+01
 -2.17856966e+01 -2.06288812e+01
 -2.07757914e+01 -2.04429208e+01
 -1.96289753e+01 -2.00590475e+01
 -1.83508768e+01 -1.94716409e+01
 -1.69554140e+01 -1.86834127e+01
 -1.54660597e+01 -1.77070960e+01
 -1.39153967e+01 -1.65650105e+01
 -1.23425111e+01 -1.52871246e+01
 -1.07886700e+01 -1.39080273e+01
 -9.29273858e+00 -1.24630021e+01
 -7.88772081e+00 -1.09838023e+01
 -6.59882100e+00 -9.49527936e+00
 -5.44263090e+00 -8.01403677e+00
 -4.42705128e+00 -6.54956859e+00
 -3.55200581e+00 -5.10728475e+00
 -2.81114694e+00 -3.69216380e+00
 -2.19429581e+00 -2.31188215e+00
 -1.68991099e+00 -9.78771667e-01
 -1.28701240e+00 2.89678914e-01
 -9.76246429e-01 1.47187458e+00
 -7.49742666e-01 2.54452405e+00
 -5.99974620e-01 3.48571562e+00
 -5.19405771e-01 4.27751511e+00
 -5.02797010e-01 4.90705239e+00
 -5.50629254e-01 5.36591389e+00
 -6.69169849e-01 5.64868788e+00
 -8.65768684e-01 5.75187641e+00
 -1.14363793e+00 5.67376018e+00
 -1.50042792e+00 5.41472113e+00
 -1.92990100e+00 4.97714131e+00
 -2.42356998e+00 4.36484588e+00
 -2.97124777e+00 3.58305199e+00
 -3.56153976e+00 2.63943437e+00
 -4.18295643e+00 1.54553168e+00
 -4.82515417e+00 3.17057236e-01
 -5.47967584e+00 -1.02746017e+00
 -6.14018090e+00 -2.46889280e+00
 -6.80218141e+00 -3.98914848e+00
 -7.46182109e+00 -5.57125088e+00
 -8.11361401e+00 -7.19797974e+00
 -8.74818559e+00 -8.85010511e+00
 -9.35130245e+00 -1.05053649e+01
 -9.90453604e+00 -1.21386987e+01
 -1.03870843e+01 -1.37234779e+01
 -1.07781013e+01 -1.52330392e+01
 -1.10587509e+01 -1.66419159e+01
 -1.12131359e+01 -1.79267125e+01
 -1.12281327e+01 -1.90669772e+01
 -1.10934999e+01 -2.00460486e+01
 -1.08030857e+01 -2.08512063e+01
 -1.03556589e+01 -2.14727521e+01
 -9.75376935e+00 -2.19026882e+01
 -9.00186770e+00 -2.21339200e+01
 -8.10611397e+00 -2.21602687e+01
 -7.07622350e+00 -2.19774454e+01
 -5.92782771e+00 -2.15854488e+01
 -4.68401082e+00 -2.09920814e+01
 -3.37545355e+00 -2.02158713e+01
 -2.03877876e+00 -1.92865910e+01
 -7.12519640e-01 -1.82429479e+01
 5.69430498e-01 -1.71282355e+01
 1.78532719e+00 -1.59848898e+01
 2.93046872e+00 -1.48485233e+01
 4.01597108e+00 -1.37424295e+01
 5.06138774e+00 -1.26748573e+01
 6.08559714e+00 -1.16412527e+01
 7.10126510e+00 -1.06306647e+01
 8.11450330e+00 -9.63237332e+00
 9.12736598e+00 -8.63929384e+00
 1.01402661e+01 -7.64796704e+00
 1.11532092e+01 -6.65710697e+00
 1.21661666e+01 -5.66634508e+00
 1.31791271e+01 -4.67559947e+00
 1.41920879e+01 -3.68485610e+00
 1.52050474e+01 -2.69411429e+00
 1.62179935e+01 -1.70338556e+00
 1.72308383e+01 -7.12755983e-01
 1.82430799e+01 2.77283692e-01
 1.92525048e+01 1.26456845e+00
 2.02515892e+01 2.24173941e+00
 2.12207868e+01 3.18967923e+00
 2.21218815e+01 4.07100980e+00
 2.29004620e+01 4.83251332e+00
 2.35048624e+01 5.42365715e+00
 2.35048624e+01 5.42365715e+00
 2.35048624e+01 5.42365715e+00
 2.35048624e+01 5.42365715e+00
 2.35048624e+01 5.42365715e+00
 2.35048624e+01 5.42365715e+00
 2.35048624e+01 5.42365715e+00
 2.35048624e+01 5.42365715e+00
 2.35048624e+01 5.42365715e+00
 2.35048624e+01 5.42365715e+00
 2.35048624e+01 5.42365715e+00
 2.35048624e+01 5.42365715e+00
 2.35048624e+01 5.42365715e+00
 2.35048624e+01 5.42365715e+00
 2.35048624e+01 5.42365715e+00
 2.35048624e+01 5.42365715e+00
 2.35048624e+01 5.42365715e+00
 2.35048624e+01 5.42365715e+00
 2.35048624e+01 5.42365715e+00
 2.35048624e+01 5.42365715e+00
 2.35048624e+01 5.42365715e+00
 2.35048624e+01 5.42365715e+00
 2.35048624e+01 5.42365715e+00
 2.35048624e+01 5.42365715e+00
 2.35048624e+01 5.42365715e+00
 2.35048624e+01 5.42365715e+00
 2.35048624e+01 5.42365715e+00
 2.35048624e+01 5.42365715e+00
 2.35048624e+01 5.42365715e+00
 2.35048624e+01 5.42365715e+00
 2.35048624e+01 5.42365715e+00
 2.35048624e+01 5.42365715e+00
 2.35048624e+01 5.42365715e+00
 2.35048624e+01 5.42365715e+00
 2.35048624e+01 5.42365715e+00
 2.35048624e+01 5.42365715e+00
 2.35048624e+01 5.42365715e+00
 2.35048624e+01 5.42365715e+00
 2.35048624e+01 5.42365715e+00
 2.35048624e+01 5.42365715e+00
 2.35048624e+01 5.42365715e+00
 2.35048624e+01 5.42365715e+00
 2.35048624e+01 5.42365715e+00
