 0.00000000e+00 0.00000000e+00
 0.00000000e+00 0.00000000e+00
 0.00000000e+00 0.00000000e+00
 0.00000000e+00 0.00000000e+00
 0.00000000e+00 0.00000000e+00
 0.00000000e+00 0.00000000e+00
 0.00000000e+00 0.00000000e+00
 0.00000000e+00 0.00000000e+00
 0.00000000e+00 0.00000000e+00
 0.00000000e+00 0.00000000e+00
 0.00000000e+00 0.00000000e+00
 0.00000000e+00 0.00000000e+00
 0.00000000e+00 0.00000000e+00
 0.00000000e+00 0.00000000e+00
 0.00000000e+00 0.00000000e+00
 0.00000000e+00 0.00000000e+00
 0.00000000e+00 0.00000000e+00
 -2.28051713e-01 7.87790896e-02
 -5.60020571e-01 1.67816224e-01
 -9.98244472e-01 2.51574771e-01
 -1.53619389e+00 3.16108409e-01
 -2.16442796e+00 3.52718406e-01
 -2.87539404e+00 3.55967954e-01
 -3.66526290e+00 3.18530309e-01
 -4.53321238e+00 2.28087756e-01
 -5.47942014e+00 6.90201289e-02
 -6.50276172e+00 -1.73233399e-01
 -7.59887915e+00 -5.09074048e-01
 -8.75921479e+00 -9.44347150e-01
 -9.97128651e+00 -1.48112252e+00
 -1.12198704e+01 -2.11792663e+00
 -1.24883804e+01 -2.84948514e+00
 -1.37598576e+01 -3.66714466e+00
 -1.50175281e+01 -4.56050271e+00
 -1.62453795e+01 -5.51955862e+00
 -1.74289617e+01 -6.53633963e+00
 -1.85559274e+01 -7.60551259e+00
 -1.96157495e+01 -8.72408391e+00
 -2.05987086e+01 -9.89038004e+00
 -2.14948545e+01 -1.11024552e+01
 -2.22936519e+01 -1.23563208e+01
 -2.29843202e+01 -1.36444728e+01
 -2.35561046e+01 -1.49547428e+01
 -2.39979971e+01 -1.62693196e+01
 -2.42985840e+01 -1.75644508e+01
 -2.44471396e+01 -1.88117312e+01
 -2.44359915e+01 -1.99809984e+01
 -2.42626513e+01 -2.10435427e+01
 -2.39300365e+01 -2.19741420e+01
 -2.34447700e+01 -2.27515204e+01
 -2.28153046e+01 -2.33580420e+01
 -2.20514246e+01 -2.37796636e+01
 -2.11647905e+01 -2.40062841e+01
 -2.01690308e+01 -2.40318146e+01
 -1.90788405e+01 -2.38537588e+01
 -1.79091260e+01 -2.34731523e+01
 -1.66752463e+01 -2.28955381e+01
 -1.53940482e+01 -2.21323151e+01
 -1.40845668e+01 -2.12011914e+01
 -1.27677418e+01 -2.01252494e+01
 -1.14653249e+01 -1.89310452e+01
 -1.01984653e+01 -1.76462908e+01
 -8.98630949e+00 -1.62973721e+01
 -7.84469853e+00 -1.49069796e+01
 -6.78494664e+00 -1.34925064e+01
 -5.81299524e+00 -1.20660298e+01
 -4.92958980e+00 -1.06361517e+01
 -4.13177809e+00 -9.21102074e+00
 -3.41512586e+00 -7.80133469e+00
 -2.77559770e+00 -6.42236428e+00
 -2.21039594e+00 -5.09450523e+00
 -1.71774735e+00 -3.84218731e+00
 -1.29628264e+00 -2.69134331e+00
 -9.44691458e-01 -1.66605322e+00
 -6.61430598e-01 -7.85169630e-01
 -4.43646797e-01 -5.96740012e-02
 -2.85651442e-01 5.08736129e-01
 -1.78933284e-01 9.27655153e-01
 -1.14817609e-01 1.21242658e+00
 -8.79651264e-02 1.38257866e+00
 -9.79310407e-02 1.45602055e+00
 -1.48113349e-01 1.44260008e+00
 -2.43586933e-01 1.34065413e+00
 -3.89468318e-01 1.13905155e+00
 -5.90284262e-01 8.22841896e-01
 -8.49806009e-01 3.78049299e-01
 -1.17075912e+00 -2.06505346e-01
 -1.55427795e+00 -9.38781611e-01
 -1.99919921e+00 -1.82239466e+00
 -2.50142467e+00 -2.85484447e+00
 -3.05381660e+00 -4.02668516e+00
 -3.64686306e+00 -5.32261189e+00
 -4.26952510e+00 -6.72376818e+00
 -4.90930577e+00 -8.20954031e+00
 -5.55140654e+00 -9.75769801e+00
 -6.17795430e+00 -1.13434780e+01
 -6.76836980e+00 -1.29391667e+01
 -7.30094573e+00 -1.45148927e+01
 -7.75467815e+00 -1.60401035e+01
 -8.11043340e+00 -1.74850901e+01
 -8.35154511e+00 -1.88224879e+01
 -8.46461350e+00 -2.00288061e+01
 -8.44078487e+00 -2.10856352e+01
 -8.27681378e+00 -2.19798789e+01
 -7.97491475e+00 -2.27027178e+01
 -7.54116198e+00 -2.32478584e+01
 -6.98333451e+00 -2.36101279e+01
 -6.30956697e+00 -2.37851657e+01
 -5.52855327e+00 -2.37702550e+01
 -4.65091579e+00 -2.35657561e+01
 -3.69060639e+00 -2.31764457e+01
 -2.66546656e+00 -2.26124694e+01
 -1.59692919e+00 -2.18900884e+01
 -5.09120332e-01 -2.10322167e+01
 5.72904261e-01 -2.00682241e+01
 1.62630010e+00 -1.90324628e+01
 2.63469316e+00 -1.79612846e+01
 3.59191345e+00 -1.68884110e+01
 4.50276269e+00 -1.58390971e+01
 5.37956114e+00 -1.48253908e+01
 6.23619852e+00 -1.38459183e+01
 7.08333495e+00 -1.28910519e+01
 7.92697177e+00 -1.19499191e+01
 8.76962719e+00 -1.10148040e+01
 9.61208271e+00 -1.00817647e+01
 1.04545121e+01 -9.14928911e+00
 1.12969404e+01 -8.21693388e+00
 1.21393691e+01 -7.28459885e+00
 1.29817978e+01 -6.35226657e+00
 1.38242254e+01 -5.41993584e+00
 1.46666418e+01 -4.48761742e+00
 1.55089740e+01 -3.55539231e+00
 1.63508046e+01 -2.62372232e+00
 1.71902927e+01 -1.69464483e+00
 1.80211810e+01 -7.75084857e-01
 1.88272141e+01 1.16967359e-01
 1.95766093e+01 9.46337396e-01
 2.02241156e+01 1.66294501e+00
 2.07267651e+01 2.21923683e+00
 2.07267651e+01 2.21923683e+00
 2.07267651e+01 2.21923683e+00
 2.07267651e+01 2.21923683e+00
 2.07267651e+01 2.21923683e+00
 2.07267651e+01 2.21923683e+00
 2.07267651e+01 2.21923683e+00
 2.07267651e+01 2.21923683e+00
 2.07267651e+01 2.21923683e+00
 2.07267651e+01 2.21923683e+00
 2.07267651e+01 2.21923683e+00
 2.07267651e+01 2.21923683e+00
 2.07267651e+01 2.21923683e+00
 2.07267651e+01 2.21923683e+00
 2.07267651e+01 2.21923683e+00
 2.07267651e+01 2.21923683e+00
 2.07267651e+01 2.21923683e+00
 2.07267651e+01 2.21923683e+00
 2.07267651e+01 2.21923683e+00
 2.07267651e+01 2.21923683e+00
 2.07267651e+01 2.21923683e+00
 2.07267651e+01 2.21923683e+00
 2.07267651e+01 2.21923683e+00
 2.07267651e+01 2.21923683e+00
 2.07267651e+01 2.21923683e+00
 2.07267651e+01 2.21923683e+00
 2.07267651e+01 2.21923683e+00
 2.07267651e+01 2.21923683e+00
 2.07267651e+01 2.21923683e+00
 2.07267651e+01 2.21923683e+00
 2.07267651e+01 2.21923683e+00
 2.07267651e+01 2.21923683e+00
 2.07267651e+01 2.21923683e+00
 2.07267651e+01 2.21923683e+00
 2.07267651e+01 2.21923683e+00
 2.07267651e+01 2.21923683e+00
 2.07267651e+01 2.21923683e+00
 2.07267651e+01 2.21923683e+00
 2.07267651e+01 2.21923683e+00
 2.07267651e+01 2.21923683e+00
