 0.00000000e+00 0.00000000e+00
 0.00000000e+00 0.00000000e+00
 0.00000000e+00 0.00000000e+00
 0.00000000e+00 0.00000000e+00
 0.00000000e+00 0.00000000e+00
 0.00000000e+00 0.00000000e+00
 0.00000000e+00 0.00000000e+00
 0.00000000e+00 0.00000000e+00
 0.00000000e+00 0.00000000e+00
 0.00000000e+00 0.00000000e+00
 0.00000000e+00 0.00000000e+00
 0.00000000e+00 0.00000000e+00
 0.00000000e+00 0.00000000e+00
 0.00000000e+00 0.00000000e+00
 0.00000000e+00 0.00000000e+00
 0.00000000e+00 0.00000000e+00
 -1.41253946e-01 5.63076733e-02
 -3.24980257e-01 1.20056598e-01
 -5.42804228e-01 1.80384805e-01
 -7.87839851e-01 2.27969955e-01
 -1.05857612e+00 2.58015673e-01
 -1.35886123e+00 2.69238135e-01
 -1.69625474e+00 2.60200145e-01
 -2.08081520e+00 2.26576638e-01
 -2.52434092e+00 1.61908974e-01
 -3.03918449e+00 6.06686467e-02
 -3.63641266e+00 -8.00623996e-02
 -4.32388460e+00 -2.62121294e-01
 -5.10492901e+00 -4.89125805e-01
 -5.97787210e+00 -7.68101032e-01
 -6.93614480e+00 -1.10961964e+00
 -7.96858867e+00 -1.52764324e+00
 -9.05996025e+00 -2.03945588e+00
 -1.01917885e+01 -2.66507857e+00
 -1.13432753e+01 -3.42563414e+00
 -1.24915275e+01 -4.34047939e+00
 -1.36107475e+01 -5.42299700e+00
 -1.46709128e+01 -6.67545391e+00
 -1.56372976e+01 -8.08447840e+00
 -1.64722683e+01 -9.61932581e+00
 -1.71396492e+01 -1.12341474e+01
 -1.76101874e+01 -1.28734357e+01
 -1.78658222e+01 -1.44784245e+01
 -1.79014479e+01 -1.59927002e+01
 -1.77246376e+01 -1.73669043e+01
 -1.73545177e+01 -1.85630709e+01
 -1.68199033e+01 -1.95579485e+01
 -1.61555353e+01 -2.03433377e+01
 -1.53961127e+01 -2.09223542e+01
 -1.45701756e+01 -2.13031831e+01
 -1.36966500e+01 -2.14934799e+01
 -1.27850005e+01 -2.14975897e+01
 -1.18378343e+01 -2.13166136e+01
 -1.08542880e+01 -2.09500994e+01
 -9.83295430e+00 -2.03982574e+01
 -8.77366557e+00 -1.96642298e+01
 -7.67826075e+00 -1.87561854e+01
 -6.55108090e+00 -1.76886865e+01
 -5.39953768e+00 -1.64825238e+01
 -4.23417344e+00 -1.51627142e+01
 -3.06766889e+00 -1.37554067e+01
 -1.91330300e+00 -1.22850015e+01
 -7.83852634e-01 -1.07723906e+01
 3.08805623e-01 -9.23445810e+00
 1.35389890e+00 -7.68461448e+00
 2.34209462e+00 -6.13423416e+00
 3.26563485e+00 -4.59504309e+00
 4.11782072e+00 -3.08221941e+00
 4.89211663e+00 -1.61704420e+00
 5.58181632e+00 -2.27229749e-01
 6.18082296e+00 1.05607737e+00
 6.68493902e+00 2.20338472e+00
 7.09245457e+00 3.19131038e+00
 7.40339459e+00 4.00442591e+00
 7.61787574e+00 4.63455508e+00
 7.73461326e+00 5.07888147e+00
 7.75048290e+00 5.33786994e+00
 7.66152630e+00 5.41306220e+00
 7.46478791e+00 5.30470304e+00
 7.15943344e+00 5.00989403e+00
 6.74644135e+00 4.52229864e+00
 6.22819158e+00 3.83373825e+00
 5.60942746e+00 2.93717065e+00
 4.89918025e+00 1.83026924e+00
 4.11221546e+00 5.18681645e-01
 3.26923233e+00 -9.82195403e-01
 2.39593096e+00 -2.64761086e+00
 1.52136997e+00 -4.44542169e+00
 6.76043950e-01 -6.33828272e+00
 -1.09916818e-01 -8.28525070e+00
 -8.08129540e-01 -1.02429138e+01
 -1.39294718e+00 -1.21665626e+01
 -1.84238148e+00 -1.40117497e+01
 -2.13921017e+00 -1.57362808e+01
 -2.27221621e+00 -1.73025854e+01
 -2.23732518e+00 -1.86803217e+01
 -2.03808800e+00 -1.98485095e+01
 -1.68458974e+00 -2.07959279e+01
 -1.19050483e+00 -2.15190727e+01
 -5.69562892e-01 -2.20185237e+01
 1.66798426e-01 -2.22955498e+01
 1.00994828e+00 -2.23503008e+01
 1.95317460e+00 -2.21818604e+01
 2.98992571e+00 -2.17897670e+01
 4.11165021e+00 -2.11764056e+01
 5.30580490e+00 -2.03496896e+01
 6.55447150e+00 -1.93255177e+01
 7.83383823e+00 -1.81293567e+01
 9.11482780e+00 -1.67960296e+01
 1.03652040e+01 -1.53670902e+01
 1.15535855e+01 -1.38862803e+01
 1.26556638e+01 -1.23944371e+01
 1.36614554e+01 -1.09248917e+01
 1.45796948e+01 -9.49971733e+00
 1.54347620e+01 -8.12751403e+00
 1.62560792e+01 -6.80419523e+00
 1.70666029e+01 -5.51744849e+00
 1.78778721e+01 -4.25305741e+00
 1.86925648e+01 -2.99979634e+00
 1.95096540e+01 -1.75102044e+00
 2.03277887e+01 -5.03698050e-01
 2.11462505e+01 7.43247778e-01
 2.19647890e+01 1.99011601e+00
 2.27833412e+01 3.23697157e+00
 2.36018953e+01 4.48382536e+00
 2.44204484e+01 5.73067729e+00
 2.52389907e+01 6.97751276e+00
 2.60574511e+01 8.22422345e+00
 2.68754241e+01 9.47019175e+00
 2.76911211e+01 1.07126930e+01
 2.84984619e+01 1.19424660e+01
 2.92816520e+01 1.31354514e+01
 3.00098093e+01 1.42446090e+01
 3.06389652e+01 1.52029637e+01
 3.11273696e+01 1.59469203e+01
 3.11273696e+01 1.59469203e+01
 3.11273696e+01 1.59469203e+01
 3.11273696e+01 1.59469203e+01
 3.11273696e+01 1.59469203e+01
 3.11273696e+01 1.59469203e+01
 3.11273696e+01 1.59469203e+01
 3.11273696e+01 1.59469203e+01
 3.11273696e+01 1.59469203e+01
 3.11273696e+01 1.59469203e+01
 3.11273696e+01 1.59469203e+01
 3.11273696e+01 1.59469203e+01
 3.11273696e+01 1.59469203e+01
 3.11273696e+01 1.59469203e+01
 3.11273696e+01 1.59469203e+01
 3.11273696e+01 1.59469203e+01
 3.11273696e+01 1.59469203e+01
 3.11273696e+01 1.59469203e+01
 3.11273696e+01 1.59469203e+01
 3.11273696e+01 1.59469203e+01
 3.11273696e+01 1.59469203e+01
 3.11273696e+01 1.59469203e+01
 3.11273696e+01 1.59469203e+01
 3.11273696e+01 1.59469203e+01
 3.11273696e+01 1.59469203e+01
 3.11273696e+01 1.59469203e+01
 3.11273696e+01 1.59469203e+01
 3.11273696e+01 1.59469203e+01
 3.11273696e+01 1.59469203e+01
 3.11273696e+01 1.59469203e+01
 3.11273696e+01 1.59469203e+01
 3.11273696e+01 1.59469203e+01
 3.11273696e+01 1.59469203e+01
 3.11273696e+01 1.59469203e+01
 3.11273696e+01 1.59469203e+01
 3.11273696e+01 1.59469203e+01
 3.11273696e+01 1.59469203e+01
 3.11273696e+01 1.59469203e+01
 3.11273696e+01 1.59469203e+01
 3.11273696e+01 1.59469203e+01
 3.11273696e+01 1.59469203e+01
 3.11273696e+01 1.59469203e+01
 3.11273696e+01 1.59469203e+01
 3.11273696e+01 1.59469203e+01
