 0.00000000e+00 0.00000000e+00
 0.00000000e+00 0.00000000e+00
 0.00000000e+00 0.00000000e+00
 0.00000000e+00 0.00000000e+00
 1.73290913e-01 2.05019032e-01
 3.97428829e-01 4.63203907e-01
 6.55424123e-01 7.50945434e-01
 9.26260288e-01 1.04244375e+00
 1.19099277e+00 1.31705859e+00
 1.43522951e+00 1.56111927e+00
 1.64880541e+00 1.76658383e+00
 1.82473273e+00 1.92923089e+00
 1.95878525e+00 2.04704129e+00
 2.04963734e+00 2.11829443e+00
 2.09807353e+00 2.13888627e+00
 2.10393683e+00 2.09941763e+00
 2.06216228e+00 1.98414213e+00
 1.96159686e+00 1.77338673e+00
 1.78835188e+00 1.44797673e+00
 1.53086205e+00 9.92353203e-01
 1.18253297e+00 3.94987996e-01
 7.41095968e-01 -3.52445223e-01
 2.06910581e-01 -1.25529906e+00
 -4.17732526e-01 -2.31540865e+00
 -1.12831605e+00 -3.53091213e+00
 -1.91799867e+00 -4.89719444e+00
 -2.77830539e+00 -6.40829141e+00
 -3.70011842e+00 -8.05721780e+00
 -4.67430872e+00 -9.83435411e+00
 -5.69172138e+00 -1.17246941e+01
 -6.74246851e+00 -1.37058087e+01
 -7.81487946e+00 -1.57478964e+01
 -8.89484185e+00 -1.78159177e+01
 -9.96594076e+00 -1.98726827e+01
 -1.10101841e+01 -2.18815048e+01
 -1.20090021e+01 -2.38078682e+01
 -1.29444008e+01 -2.56207660e+01
 -1.38002335e+01 -2.72944476e+01
 -1.45635594e+01 -2.88100920e+01
 -1.52258633e+01 -3.01561813e+01
 -1.57836672e+01 -3.13272512e+01
 -1.62382913e+01 -3.23222571e+01
 -1.65951018e+01 -3.31441865e+01
 -1.68628723e+01 -3.38011197e+01
 -1.70536666e+01 -3.43071092e+01
 -1.71828266e+01 -3.46811490e+01
 -1.72675598e+01 -3.49442619e+01
 -1.73231820e+01 -3.51162122e+01
 -1.73589961e+01 -3.52131155e+01
 -1.73773996e+01 -3.52461533e+01
 -1.73768850e+01 -3.52211135e+01
 -1.73556019e+01 -3.51385974e+01
 -1.73122595e+01 -3.49947189e+01
 -1.72445210e+01 -3.47820480e+01
 -1.71471866e+01 -3.44907631e+01
 -1.70116221e+01 -3.41100624e+01
 -1.68260960e+01 -3.36295938e+01
 -1.65764020e+01 -3.30406587e+01
 -1.62470490e+01 -3.23373124e+01
 -1.58233455e+01 -3.15173684e+01
 -1.52935839e+01 -3.05827979e+01
 -1.46500782e+01 -2.95392169e+01
 -1.38889613e+01 -2.83951064e+01
 -1.30099864e+01 -2.71617543e+01
 -1.20174009e+01 -2.58540557e+01
 -1.09215455e+01 -2.44911641e+01
 -9.73986144e+00 -2.30958467e+01
 -8.49640439e+00 -2.16927244e+01
 -7.22020173e+00 -2.03069537e+01
 -5.94345697e+00 -1.89643152e+01
 -4.69999661e+00 -1.76916472e+01
 -3.52332660e+00 -1.65158705e+01
 -2.44363804e+00 -1.54612872e+01
 -1.48410183e+00 -1.45464573e+01
 -6.57626844e-01 -1.37822019e+01
 3.47085528e-02 -1.31713436e+01
 6.02911875e-01 -1.27096691e+01
 1.06535757e+00 -1.23872434e+01
 1.44533012e+00 -1.21898893e+01
 1.76792496e+00 -1.21014360e+01
 2.05726841e+00 -1.21068871e+01
 2.33344552e+00 -1.21952558e+01
 2.60939265e+00 -1.23605361e+01
 2.88907694e+00 -1.26006917e+01
 3.16799004e+00 -1.29157422e+01
 3.43558701e+00 -1.33059211e+01
 3.67830996e+00 -1.37704277e+01
 3.88202239e+00 -1.43070132e+01
 4.03342235e+00 -1.49121161e+01
 4.12049430e+00 -1.55808159e+01
 4.13241153e+00 -1.63062857e+01
 4.05974228e+00 -1.70793180e+01
 3.89555769e+00 -1.78886550e+01
 3.63670857e+00 -1.87221018e+01
 3.28380464e+00 -1.95677778e+01
 2.83968728e+00 -2.04150501e+01
 2.30782007e+00 -2.12551515e+01
 1.69177207e+00 -2.20815781e+01
 9.95420362e-01 -2.28902409e+01
 2.22898258e-01 -2.36794128e+01
 -6.21843208e-01 -2.44496202e+01
 -1.53526494e+00 -2.52034474e+01
 -2.51391865e+00 -2.59448626e+01
 -3.55372021e+00 -2.66776935e+01
 -4.64909538e+00 -2.74036025e+01
 -5.79222906e+00 -2.81207768e+01
 -6.97250369e+00 -2.88242265e+01
 -8.17598264e+00 -2.95070203e+01
 -9.38478732e+00 -3.01609547e+01
 -1.05766310e+01 -3.07762581e+01
 -1.17251927e+01 -3.13414670e+01
 -1.28018381e+01 -3.18446368e+01
 -1.37784570e+01 -3.22756235e+01
 -1.46303670e+01 -3.26277646e+01
 -1.53379160e+01 -3.28974565e+01
 -1.58865955e+01 -3.30822925e+01
 -1.62679049e+01 -3.31805343e+01
 -1.64838788e+01 -3.31940676e+01
 -1.65543695e+01 -3.31335390e+01
 -1.65202585e+01 -3.30208952e+01
 -1.64350953e+01 -3.28848844e+01
 -1.63468011e+01 -3.27508253e+01
 -1.62821092e+01 -3.26321353e+01
 -1.62450279e+01 -3.25298577e+01
 -1.62271681e+01 -3.24386292e+01
 -1.62188750e+01 -3.23527961e+01
 -1.62141628e+01 -3.22689562e+01
 -1.62104786e+01 -3.21856831e+01
 -1.62070226e+01 -3.21025349e+01
 -1.62036061e+01 -3.20194081e+01
 -1.62001948e+01 -3.19362842e+01
 -1.61967842e+01 -3.18531607e+01
 -1.61933736e+01 -3.17700384e+01
 -1.61899633e+01 -3.16869243e+01
 -1.61865551e+01 -3.16038598e+01
 -1.61831564e+01 -3.15210264e+01
 -1.61797924e+01 -3.14390415e+01
 -1.61765291e+01 -3.13595091e+01
 -1.61734952e+01 -3.12855653e+01
 -1.61708737e+01 -3.12216750e+01
 -1.61688387e+01 -3.11720779e+01
 -1.61688387e+01 -3.11720779e+01
 -1.61688387e+01 -3.11720779e+01
 -1.61688387e+01 -3.11720779e+01
 -1.61688387e+01 -3.11720779e+01
 -1.61688387e+01 -3.11720779e+01
 -1.61688387e+01 -3.11720779e+01
 -1.61688387e+01 -3.11720779e+01
 -1.61688387e+01 -3.11720779e+01
 -1.61688387e+01 -3.11720779e+01
 -1.61688387e+01 -3.11720779e+01
 -1.61688387e+01 -3.11720779e+01
 -1.61688387e+01 -3.11720779e+01
 -1.61688387e+01 -3.11720779e+01
 -1.61688387e+01 -3.11720779e+01
 -1.61688387e+01 -3.11720779e+01
 -1.61688387e+01 -3.11720779e+01
 -1.61688387e+01 -3.11720779e+01
 -1.61688387e+01 -3.11720779e+01
 -1.61688387e+01 -3.11720779e+01
 -1.61688387e+01 -3.11720779e+01
 -1.61688387e+01 -3.11720779e+01
 -1.61688387e+01 -3.11720779e+01
 -1.61688387e+01 -3.11720779e+01
 -1.61688387e+01 -3.11720779e+01
 -1.61688387e+01 -3.11720779e+01
 -1.61688387e+01 -3.11720779e+01
 -1.61688387e+01 -3.11720779e+01
 -1.61688387e+01 -3.11720779e+01
 -1.61688387e+01 -3.11720779e+01
 -1.61688387e+01 -3.11720779e+01
 -1.61688387e+01 -3.11720779e+01
 -1.61688387e+01 -3.11720779e+01
 -1.61688387e+01 -3.11720779e+01
