 0.00000000e+00 0.00000000e+00
 0.00000000e+00 0.00000000e+00
 0.00000000e+00 0.00000000e+00
 0.00000000e+00 0.00000000e+00
 0.00000000e+00 0.00000000e+00
 0.00000000e+00 0.00000000e+00
 0.00000000e+00 0.00000000e+00
 0.00000000e+00 0.00000000e+00
 0.00000000e+00 0.00000000e+00
 0.00000000e+00 0.00000000e+00
 -6.52673127e-03 1.01089867e-01
 -2.37381744e-02 2.27357927e-01
 -6.15551356e-02 3.68323081e-01
 -1.32271782e-01 5.13776322e-01
 -2.47774658e-01 6.56639079e-01
 -4.17376553e-01 7.92946305e-01
 -6.47605874e-01 9.20443452e-01
 -9.43156622e-01 1.03693365e+00
 -1.30755087e+00 1.13889988e+00
 -1.74329889e+00 1.22098507e+00
 -2.25216170e+00 1.27638965e+00
 -2.83549276e+00 1.29714107e+00
 -3.49409614e+00 1.27330767e+00
 -4.22776463e+00 1.19200584e+00
 -5.03538852e+00 1.03793748e+00
 -5.91583366e+00 7.95469381e-01
 -6.86860107e+00 4.50401938e-01
 -7.89330712e+00 -9.68330860e-03
 -8.98818673e+00 -5.95662303e-01
 -1.01486223e+01 -1.31636826e+00
 -1.13663204e+01 -2.17707071e+00
 -1.26289519e+01 -3.17781974e+00
 -1.39198763e+01 -4.31282180e+00
 -1.52179609e+01 -5.57110932e+00
 -1.64978680e+01 -6.93757636e+00
 -1.77312018e+01 -8.39345202e+00
 -1.88885435e+01 -9.91642922e+00
 -1.99419792e+01 -1.14813975e+01
 -2.08675851e+01 -1.30622203e+01
 -2.16473825e+01 -1.46338888e+01
 -2.22703309e+01 -1.61738011e+01
 -2.27321644e+01 -1.76615724e+01
 -2.30343313e+01 -1.90782032e+01
 -2.31826808e+01 -2.04060145e+01
 -2.31865397e+01 -2.16298012e+01
 -2.30582032e+01 -2.27382738e+01
 -2.28121622e+01 -2.37245604e+01
 -2.24636609e+01 -2.45854672e+01
 -2.20271143e+01 -2.53202810e+01
 -2.15150572e+01 -2.59298880e+01
 -2.09375425e+01 -2.64160596e+01
 -2.03015808e+01 -2.67803786e+01
 -1.96108015e+01 -2.70228652e+01
 -1.88660084e+01 -2.71408435e+01
 -1.80668136e+01 -2.71285199e+01
 -1.72135429e+01 -2.69776179e+01
 -1.63083761e+01 -2.66791681e+01
 -1.53555348e+01 -2.62258757e+01
 -1.43611627e+01 -2.56140651e+01
 -1.33334495e+01 -2.48446643e+01
 -1.22829452e+01 -2.39233963e+01
 -1.12227243e+01 -2.28604527e+01
 -1.01681295e+01 -2.16697601e+01
 -9.13593197e+00 -2.03680065e+01
 -8.14299925e+00 -1.89736769e+01
 -7.20498080e+00 -1.75062242e+01
 -6.33556215e+00 -1.59854326e+01
 -5.54625517e+00 -1.44311469e+01
 -4.84614803e+00 -1.28635910e+01
 -4.24126760e+00 -1.13042478e+01
 -3.73393058e+00 -9.77678292e+00
 -3.32267321e+00 -8.30718229e+00
 -3.00267771e+00 -6.92257146e+00
 -2.76608066e+00 -5.64893622e+00
 -2.60231825e+00 -4.50853628e+00
 -2.49974828e+00 -3.51780760e+00
 -2.44871136e+00 -2.68611860e+00
 -2.44356743e+00 -2.01529531e+00
 -2.48142281e+00 -1.49980086e+00
 -2.55912850e+00 -1.12782769e+00
 -2.67225664e+00 -8.83734115e-01
 -2.81695846e+00 -7.51734289e-01
 -2.99217981e+00 -7.19725579e-01
 -3.20007781e+00 -7.81542500e-01
 -3.44482442e+00 -9.36794615e-01
 -3.73089763e+00 -1.18920440e+00
 -4.06157352e+00 -1.54488003e+00
 -4.43795739e+00 -2.01084343e+00
 -4.85853079e+00 -2.59340449e+00
 -5.31895125e+00 -3.29640538e+00
 -5.81214733e+00 -4.11971882e+00
 -6.32896925e+00 -5.05816868e+00
 -6.85910851e+00 -6.10087741e+00
 -7.39149737e+00 -7.23115812e+00
 -7.91390952e+00 -8.42707341e+00
 -8.41249693e+00 -9.66253650e+00
 -8.87230514e+00 -1.09087240e+01
 -9.27898445e+00 -1.21357775e+01
 -9.62075981e+00 -1.33148309e+01
 -9.88951954e+00 -1.44201262e+01
 -1.00808506e+01 -1.54308435e+01
 -1.01938287e+01 -1.63324471e+01
 -1.02314039e+01 -1.71173860e+01
 -1.02013110e+01 -1.77848933e+01
 -1.01161558e+01 -1.83398659e+01
 -9.99114891e+00 -1.87912763e+01
 -9.83995203e+00 -1.91506399e+01
 -9.67120637e+00 -1.94306409e+01
 -9.48753363e+00 -1.96437280e+01
 -9.28624269e+00 -1.98007490e+01
 -9.06011763e+00 -1.99100804e+01
 -8.79792455e+00 -1.99774040e+01
 -8.48537761e+00 -2.00054125e+01
 -8.10708291e+00 -1.99928034e+01
 -7.64918422e+00 -1.99334334e+01
 -7.10199632e+00 -1.98172707e+01
 -6.46190314e+00 -1.96331542e+01
 -5.73198930e+00 -1.93714740e+01
 -4.92137710e+00 -1.90254015e+01
 -4.04397472e+00 -1.85912755e+01
 -3.11761947e+00 -1.80694323e+01
 -2.16391249e+00 -1.74656567e+01
 -1.20790955e+00 -1.67921767e+01
 -2.76433063e-01 -1.60670596e+01
 6.05494106e-01 -1.53118284e+01
 1.41959113e+00 -1.45481018e+01
 2.15930803e+00 -1.37942584e+01
 2.83236379e+00 -1.30627474e+01
 3.45795293e+00 -1.23585681e+01
 4.05865996e+00 -1.16796730e+01
 4.65186348e+00 -1.10195305e+01
 5.24612994e+00 -1.03706730e+01
 5.84327983e+00 -9.72732241e+00
 6.44237809e+00 -9.08614239e+00
 7.04231632e+00 -8.44565010e+00
 7.64251586e+00 -7.80533217e+00
 8.24277646e+00 -7.16504947e+00
 8.84304796e+00 -6.52477243e+00
 9.44332090e+00 -5.88449617e+00
 1.00435932e+01 -5.24422086e+00
 1.06438575e+01 -4.60395400e+00
 1.12440618e+01 -3.96375121e+00
 1.18439087e+01 -3.32392965e+00
 1.24420865e+01 -2.68588848e+00
 1.30341365e+01 -2.05438344e+00
 1.36084758e+01 -1.44176927e+00
 1.41424579e+01 -8.72201892e-01
 1.46038389e+01 -3.80073772e-01
 1.49620021e+01 1.95795807e-03
 1.49620021e+01 1.95795807e-03
 1.49620021e+01 1.95795807e-03
 1.49620021e+01 1.95795807e-03
 1.49620021e+01 1.95795807e-03
 1.49620021e+01 1.95795807e-03
 1.49620021e+01 1.95795807e-03
 1.49620021e+01 1.95795807e-03
 1.49620021e+01 1.95795807e-03
 1.49620021e+01 1.95795807e-03
 1.49620021e+01 1.95795807e-03
 1.49620021e+01 1.95795807e-03
 1.49620021e+01 1.95795807e-03
 1.49620021e+01 1.95795807e-03
 1.49620021e+01 1.95795807e-03
 1.49620021e+01 1.95795807e-03
 1.49620021e+01 1.95795807e-03
 1.49620021e+01 1.95795807e-03
 1.49620021e+01 1.95795807e-03
 1.49620021e+01 1.95795807e-03
 1.49620021e+01 1.95795807e-03
 1.49620021e+01 1.95795807e-03
 1.49620021e+01 1.95795807e-03
 1.49620021e+01 1.95795807e-03
 1.49620021e+01 1.95795807e-03
 1.49620021e+01 1.95795807e-03
 1.49620021e+01 1.95795807e-03
 1.49620021e+01 1.95795807e-03
 1.49620021e+01 1.95795807e-03
 1.49620021e+01 1.95795807e-03
