 0.00000000e+00 0.00000000e+00
 0.00000000e+00 0.00000000e+00
 0.00000000e+00 0.00000000e+00
 0.00000000e+00 0.00000000e+00
 0.00000000e+00 0.00000000e+00
 0.00000000e+00 0.00000000e+00
 0.00000000e+00 0.00000000e+00
 0.00000000e+00 0.00000000e+00
 0.00000000e+00 0.00000000e+00
 0.00000000e+00 0.00000000e+00
 0.00000000e+00 0.00000000e+00
 -3.67654718e-02 2.01470380e-01
 -1.15351065e-01 4.65645838e-01
 -2.57023088e-01 7.77595441e-01
 -4.78079147e-01 1.12003003e+00
 -7.86083282e-01 1.47867264e+00
 -1.18211285e+00 1.84234422e+00
 -1.66560499e+00 2.20029182e+00
 -2.23705039e+00 2.53991876e+00
 -2.89782079e+00 2.84594388e+00
 -3.64931060e+00 3.10053148e+00
 -4.49270693e+00 3.28393412e+00
 -5.42899431e+00 3.37568828e+00
 -6.45857084e+00 3.35635944e+00
 -7.58047555e+00 3.20938621e+00
 -8.79145354e+00 2.92257159e+00
 -1.00850284e+01 2.48910917e+00
 -1.14510052e+01 1.90805665e+00
 -1.28759406e+01 1.18409085e+00
 -1.43444938e+01 3.26544238e-01
 -1.58408450e+01 -6.52156486e-01
 -1.73494579e+01 -1.73841895e+00
 -1.88552639e+01 -2.91917825e+00
 -2.03439864e+01 -4.18261943e+00
 -2.18030596e+01 -5.51780980e+00
 -2.32225933e+01 -6.91387473e+00
 -2.45952051e+01 -8.35928939e+00
 -2.59141117e+01 -9.84107530e+00
 -2.71700673e+01 -1.13433480e+01
 -2.83484917e+01 -1.28456001e+01
 -2.94282111e+01 -1.43223605e+01
 -3.03827696e+01 -1.57454635e+01
 -3.11839942e+01 -1.70879973e+01
 -3.18059673e+01 -1.83275199e+01
 -3.22274930e+01 -1.94471119e+01
 -3.24329959e+01 -2.04349429e+01
 -3.24133457e+01 -2.12838469e+01
 -3.21673561e+01 -2.19912467e+01
 -3.17026652e+01 -2.25582769e+01
 -3.10340171e+01 -2.29872014e+01
 -3.01788164e+01 -2.32780776e+01
 -2.91525690e+01 -2.34265915e+01
 -2.79674752e+01 -2.34239535e+01
 -2.66349935e+01 -2.32585527e+01
 -2.51701196e+01 -2.29189149e+01
 -2.35943917e+01 -2.23972749e+01
 -2.19362553e+01 -2.16925179e+01
 -2.02294646e+01 -2.08116550e+01
 -1.85110365e+01 -1.97701035e+01
 -1.68195077e+01 -1.85912805e+01
 -1.51928980e+01 -1.73053344e+01
 -1.36655963e+01 -1.59465476e+01
 -1.22646662e+01 -1.45496071e+01
 -1.10072311e+01 -1.31457820e+01
 -9.90027200e+00 -1.17601857e+01
 -8.94265702e+00 -1.04106491e+01
 -8.12791250e+00 -9.10789961e+00
 -7.44623405e+00 -7.85649704e+00
 -6.88544736e+00 -6.65641739e+00
 -6.43182023e+00 -5.50543991e+00
 -6.07152367e+00 -4.40203697e+00
 -5.79224603e+00 -3.34792697e+00
 -5.58369708e+00 -2.34950698e+00
 -5.43696349e+00 -1.41773920e+00
 -5.34449262e+00 -5.66430361e-01
 -5.30166265e+00 1.90500920e-01
 -5.30784091e+00 8.41479316e-01
 -5.36449807e+00 1.37835073e+00
 -5.47185496e+00 1.79606913e+00
 -5.62793414e+00 2.09172248e+00
 -5.83081956e+00 2.26321577e+00
 -6.08101999e+00 2.30732562e+00
 -6.38144728e+00 2.21755898e+00
 -6.73561331e+00 1.98347216e+00
 -7.14569409e+00 1.59245960e+00
 -7.61104142e+00 1.03300074e+00
 -8.12700120e+00 2.97746646e-01
 -8.68424752e+00 -6.14223554e-01
 -9.26923366e+00 -1.69608074e+00
 -9.86590642e+00 -2.93297183e+00
 -1.04579129e+01 -4.30270476e+00
 -1.10302678e+01 -5.77713192e+00
 -1.15700694e+01 -7.32410632e+00
 -1.20664811e+01 -8.90982644e+00
 -1.25103450e+01 -1.05009416e+01
 -1.28937723e+01 -1.20656586e+01
 -1.32100748e+01 -1.35738340e+01
 -1.34541780e+01 -1.49970154e+01
 -1.36228087e+01 -1.63093871e+01
 -1.37132271e+01 -1.74894542e+01
 -1.37210475e+01 -1.85213995e+01
 -1.36401202e+01 -1.93953738e+01
 -1.34657030e+01 -2.01067955e+01
 -1.31975057e+01 -2.06549362e+01
 -1.28389068e+01 -2.10409262e+01
 -1.23932891e+01 -2.12655671e+01
 -1.18612210e+01 -2.13277857e+01
 -1.12407238e+01 -2.12245669e+01
 -1.05302480e+01 -2.09526489e+01
 -9.73228519e+00 -2.05114339e+01
 -8.85543199e+00 -1.99060142e+01
 -7.91433232e+00 -1.91493236e+01
 -6.92844692e+00 -1.82629192e+01
 -5.92036701e+00 -1.72762578e+01
 -4.91339070e+00 -1.62244054e+01
 -3.92797304e+00 -1.51440621e+01
 -2.97763691e+00 -1.40679930e+01
 -2.06620942e+00 -1.30190249e+01
 -1.18843522e+00 -1.20063157e+01
 -3.34059476e-01 -1.10265280e+01
 5.07155475e-01 -1.00695429e+01
 1.34238475e+00 -9.12495791e+00
 2.17541777e+00 -8.18570608e+00
 3.00780241e+00 -7.24826939e+00
 3.84003344e+00 -6.31132084e+00
 4.67223535e+00 -5.37447580e+00
 5.50443283e+00 -4.43764803e+00
 6.33662970e+00 -3.50082264e+00
 7.16882538e+00 -2.56399874e+00
 8.00101008e+00 -1.62718723e+00
 8.83311150e+00 -6.90469465e-01
 9.66471742e+00 2.45690499e-01
 1.04940093e+01 1.17924548e+00
 1.13148058e+01 2.10323706e+00
 1.21110490e+01 2.99958832e+00
 1.28513423e+01 3.83295533e+00
 1.34909842e+01 4.55301647e+00
 1.39875286e+01 5.11198921e+00
 1.39875286e+01 5.11198921e+00
 1.39875286e+01 5.11198921e+00
 1.39875286e+01 5.11198921e+00
 1.39875286e+01 5.11198921e+00
 1.39875286e+01 5.11198921e+00
 1.39875286e+01 5.11198921e+00
 1.39875286e+01 5.11198921e+00
 1.39875286e+01 5.11198921e+00
 1.39875286e+01 5.11198921e+00
 1.39875286e+01 5.11198921e+00
 1.39875286e+01 5.11198921e+00
 1.39875286e+01 5.11198921e+00
 1.39875286e+01 5.11198921e+00
 1.39875286e+01 5.11198921e+00
 1.39875286e+01 5.11198921e+00
 1.39875286e+01 5.11198921e+00
 1.39875286e+01 5.11198921e+00
 1.39875286e+01 5.11198921e+00
 1.39875286e+01 5.11198921e+00
 1.39875286e+01 5.11198921e+00
 1.39875286e+01 5.11198921e+00
 1.39875286e+01 5.11198921e+00
 1.39875286e+01 5.11198921e+00
 1.39875286e+01 5.11198921e+00
 1.39875286e+01 5.11198921e+00
 1.39875286e+01 5.11198921e+00
 1.39875286e+01 5.11198921e+00
 1.39875286e+01 5.11198921e+00
 1.39875286e+01 5.11198921e+00
 1.39875286e+01 5.11198921e+00
 1.39875286e+01 5.11198921e+00
 1.39875286e+01 5.11198921e+00
 1.39875286e+01 5.11198921e+00
 1.39875286e+01 5.11198921e+00
 1.39875286e+01 5.11198921e+00
 1.39875286e+01 5.11198921e+00
 1.39875286e+01 5.11198921e+00
 1.39875286e+01 5.11198921e+00
 1.39875286e+01 5.11198921e+00
 1.39875286e+01 5.11198921e+00
