 0.00000000e+00 0.00000000e+00
 0.00000000e+00 0.00000000e+00
 0.00000000e+00 0.00000000e+00
 0.00000000e+00 0.00000000e+00
 0.00000000e+00 0.00000000e+00
 0.00000000e+00 0.00000000e+00
 0.00000000e+00 0.00000000e+00
 2.06890855e-02 2.10821711e-01
 4.28087788e-02 4.68422011e-01
 5.89303174e-02 7.45004403e-01
 6.11569939e-02 1.01262246e+00
 4.26535221e-02 1.24994866e+00
 -2.57053702e-03 1.44143051e+00
 -8.04245608e-02 1.57272605e+00
 -1.96946067e-01 1.62684508e+00
 -3.58011090e-01 1.58270906e+00
 -5.69301962e-01 1.41608096e+00
 -8.36901937e-01 1.10222623e+00
 -1.16774420e+00 6.19104731e-01
 -1.56893650e+00 -5.02183621e-02
 -2.04620121e+00 -9.16213125e-01
 -2.60254918e+00 -1.98183273e+00
 -3.23793001e+00 -3.24158100e+00
 -3.94982345e+00 -4.68172445e+00
 -4.73422243e+00 -6.28243366e+00
 -5.58632617e+00 -8.02108888e+00
 -6.50063487e+00 -9.87516403e+00
 -7.47078041e+00 -1.18237438e+01
 -8.48965645e+00 -1.38477012e+01
 -9.54994677e+00 -1.59289696e+01
 -1.06445366e+01 -1.80493233e+01
 -1.17662261e+01 -2.01890790e+01
 -1.29067682e+01 -2.23263114e+01
 -1.40559275e+01 -2.44372328e+01
 -1.52011903e+01 -2.64978477e+01
 -1.63279996e+01 -2.84860494e+01
 -1.74200439e+01 -3.03829047e+01
 -1.84596669e+01 -3.21725376e+01
 -1.94289111e+01 -3.38411964e+01
 -2.03112316e+01 -3.53765888e+01
 -2.10931863e+01 -3.67679963e+01
 -2.17655958e+01 -3.80068702e+01
 -2.23243863e+01 -3.90874277e+01
 -2.27712960e+01 -4.00071277e+01
 -2.31138771e+01 -4.07671776e+01
 -2.33641773e+01 -4.13730776e+01
 -2.35365131e+01 -4.18348495e+01
 -2.36454171e+01 -4.21664775e+01
 -2.37040237e+01 -4.23842712e+01
 -2.37221987e+01 -4.25041535e+01
 -2.37046200e+01 -4.25384221e+01
 -2.36505007e+01 -4.24933178e+01
 -2.35556652e+01 -4.23686366e+01
 -2.34151693e+01 -4.21590488e+01
 -2.32243988e+01 -4.18556190e+01
 -2.29787101e+01 -4.14469990e+01
 -2.26728755e+01 -4.09212812e+01
 -2.23009231e+01 -4.02690492e+01
 -2.18562539e+01 -3.94863119e+01
 -2.13319338e+01 -3.85754444e+01
 -2.07212411e+01 -3.75440234e+01
 -2.00186959e+01 -3.64034026e+01
 -1.92217844e+01 -3.51686163e+01
 -1.83329529e+01 -3.38592794e+01
 -1.73607434e+01 -3.25000140e+01
 -1.63194503e+01 -3.11195219e+01
 -1.52280289e+01 -2.97486591e+01
 -1.41091585e+01 -2.84184347e+01
 -1.29880994e+01 -2.71583312e+01
 -1.18904278e+01 -2.59945504e+01
 -1.08387993e+01 -2.49479400e+01
 -9.84996241e+00 -2.40322158e+01
 -8.93306529e+00 -2.32532727e+01
 -8.08953231e+00 -2.26096355e+01
 -7.31430898e+00 -2.20936153e+01
 -6.59805448e+00 -2.16929511e+01
 -5.92975882e+00 -2.13929505e+01
 -5.29931571e+00 -2.11789010e+01
 -4.69967567e+00 -2.10382349e+01
 -4.12821710e+00 -2.09620964e+01
 -3.58708998e+00 -2.09463107e+01
 -3.08269959e+00 -2.09916994e+01
 -2.62485243e+00 -2.11035252e+01
 -2.22578650e+00 -2.12901541e+01
 -1.89862908e+00 -2.15613411e+01
 -1.65495234e+00 -2.19263399e+01
 -1.50239536e+00 -2.23919247e+01
 -1.44416693e+00 -2.29607151e+01
 -1.48080617e+00 -2.36302250e+01
 -1.61203956e+00 -2.43926364e+01
 -1.83645977e+00 -2.52351023e+01
 -2.14965804e+00 -2.61405656e+01
 -2.54353266e+00 -2.70892447e+01
 -3.00811156e+00 -2.80607731e+01
 -3.53446515e+00 -2.90365372e+01
 -4.11650691e+00 -3.00014812e+01
 -4.75107406e+00 -3.09449490e+01
 -5.43732356e+00 -3.18607603e+01
 -6.17636115e+00 -3.27469811e+01
 -6.97085640e+00 -3.36054602e+01
 -7.82398731e+00 -3.44406359e+01
 -8.73778028e+00 -3.52572906e+01
 -9.71161228e+00 -3.60579971e+01
 -1.07414425e+01 -3.68417276e+01
 -1.18196015e+01 -3.76042457e+01
 -1.29345389e+01 -3.83392603e+01
 -1.40702016e+01 -3.90389211e+01
 -1.52054978e+01 -3.96935651e+01
 -1.63148445e+01 -4.02919568e+01
 -1.73703123e+01 -4.08229137e+01
 -1.83447503e+01 -4.12775353e+01
 -1.92147731e+01 -4.16503129e+01
 -1.99628455e+01 -4.19383608e+01
 -2.05781029e+01 -4.21396474e+01
 -2.10558427e+01 -4.22515988e+01
 -2.13961864e+01 -4.22709292e+01
 -2.16029050e+01 -4.21951514e+01
 -2.16833670e+01 -4.20256884e+01
 -2.16502171e+01 -4.17713667e+01
 -2.15243400e+01 -4.14503280e+01
 -2.13361057e+01 -4.10885563e+01
 -2.11206673e+01 -4.07140818e+01
 -2.09076655e+01 -4.03486371e+01
 -2.07125978e+01 -4.00019466e+01
 -2.05366619e+01 -3.96727520e+01
 -2.03736444e+01 -3.93547548e+01
 -2.02169629e+01 -3.90420912e+01
 -2.00626337e+01 -3.87313710e+01
 -1.99089765e+01 -3.84211987e+01
 -1.97554681e+01 -3.81111466e+01
 -1.96019854e+01 -3.78011151e+01
 -1.94485061e+01 -3.74910863e+01
 -1.92950273e+01 -3.71810582e+01
 -1.91415506e+01 -3.68710343e+01
 -1.89880893e+01 -3.65610413e+01
 -1.88347194e+01 -3.62512330e+01
 -1.86817762e+01 -3.59422868e+01
 -1.85303998e+01 -3.56365054e+01
 -1.83835516e+01 -3.53398711e+01
 -1.82470221e+01 -3.50640806e+01
 -1.81290554e+01 -3.48257870e+01
 -1.80374796e+01 -3.46408032e+01
 -1.80374796e+01 -3.46408032e+01
 -1.80374796e+01 -3.46408032e+01
 -1.80374796e+01 -3.46408032e+01
 -1.80374796e+01 -3.46408032e+01
 -1.80374796e+01 -3.46408032e+01
 -1.80374796e+01 -3.46408032e+01
 -1.80374796e+01 -3.46408032e+01
 -1.80374796e+01 -3.46408032e+01
 -1.80374796e+01 -3.46408032e+01
 -1.80374796e+01 -3.46408032e+01
 -1.80374796e+01 -3.46408032e+01
 -1.80374796e+01 -3.46408032e+01
 -1.80374796e+01 -3.46408032e+01
 -1.80374796e+01 -3.46408032e+01
 -1.80374796e+01 -3.46408032e+01
 -1.80374796e+01 -3.46408032e+01
 -1.80374796e+01 -3.46408032e+01
 -1.80374796e+01 -3.46408032e+01
 -1.80374796e+01 -3.46408032e+01
 -1.80374796e+01 -3.46408032e+01
 -1.80374796e+01 -3.46408032e+01
 -1.80374796e+01 -3.46408032e+01
 -1.80374796e+01 -3.46408032e+01
 -1.80374796e+01 -3.46408032e+01
 -1.80374796e+01 -3.46408032e+01
 -1.80374796e+01 -3.46408032e+01
 -1.80374796e+01 -3.46408032e+01
 -1.80374796e+01 -3.46408032e+01
 -1.80374796e+01 -3.46408032e+01
 -1.80374796e+01 -3.46408032e+01
 -1.80374796e+01 -3.46408032e+01
 -1.80374796e+01 -3.46408032e+01
