 0.00000000e+00 0.00000000e+00
 0.00000000e+00 0.00000000e+00
 0.00000000e+00 0.00000000e+00
 0.00000000e+00 0.00000000e+00
 0.00000000e+00 0.00000000e+00
 0.00000000e+00 0.00000000e+00
 0.00000000e+00 0.00000000e+00
 0.00000000e+00 0.00000000e+00
 0.00000000e+00 0.00000000e+00
 0.00000000e+00 0.00000000e+00
 0.00000000e+00 0.00000000e+00
 0.00000000e+00 0.00000000e+00
 -1.07972515e-01 1.13192660e-01
 -2.56771239e-01 2.65250941e-01
 -4.43624261e-01 4.49846761e-01
 -6.65252505e-01 6.58214509e-01
 -9.21957192e-01 8.81630132e-01
 -1.21936550e+00 1.11152332e+00
 -1.56816207e+00 1.33845225e+00
 -1.98310145e+00 1.55157133e+00
 -2.48169558e+00 1.73907835e+00
 -3.08220946e+00 1.88901790e+00
 -3.80114026e+00 1.98959024e+00
 -4.65118158e+00 2.02886418e+00
 -5.64037279e+00 1.99466770e+00
 -6.77199824e+00 1.87530067e+00
 -8.04433160e+00 1.66078617e+00
 -9.45003997e+00 1.34389487e+00
 -1.09759043e+01 9.20506592e-01
 -1.26034369e+01 3.89393751e-01
 -1.43102452e+01 -2.48203203e-01
 -1.60715669e+01 -9.88917097e-01
 -1.78616519e+01 -1.82760792e+00
 -1.96549884e+01 -2.75808959e+00
 -2.14271779e+01 -3.77430230e+00
 -2.31548775e+01 -4.87127995e+00
 -2.48145291e+01 -6.04484428e+00
 -2.63806000e+01 -7.28961858e+00
 -2.78247308e+01 -8.59638992e+00
 -2.91166692e+01 -9.95059880e+00
 -3.02265563e+01 -1.13328590e+01
 -3.11273133e+01 -1.27207566e+01
 -3.17964277e+01 -1.40904201e+01
 -3.22176450e+01 -1.54171690e+01
 -3.23833079e+01 -1.66759849e+01
 -3.22969594e+01 -1.78429568e+01
 -3.19746020e+01 -1.88976526e+01
 -3.14429942e+01 -1.98248863e+01
 -3.07348350e+01 -2.06144411e+01
 -2.98827630e+01 -2.12589772e+01
 -2.89149590e+01 -2.17517559e+01
 -2.78536614e+01 -2.20856196e+01
 -2.67157111e+01 -2.22534246e+01
 -2.55137637e+01 -2.22492326e+01
 -2.42577757e+01 -2.20695518e+01
 -2.29567864e+01 -2.17143702e+01
 -2.16206033e+01 -2.11880381e+01
 -2.02609133e+01 -2.04999942e+01
 -1.88916865e+01 -1.96650901e+01
 -1.75288962e+01 -1.87031418e+01
 -1.61895361e+01 -1.76374314e+01
 -1.48900409e+01 -1.64923063e+01
 -1.36445818e+01 -1.52906330e+01
 -1.24639387e+01 -1.40519281e+01
 -1.13553686e+01 -1.27913461e+01
 -1.03232719e+01 -1.15192934e+01
 -9.37007150e+00 -1.02417188e+01
 -8.49681932e+00 -8.96132583e+00
 -7.70347311e+00 -7.67959097e+00
 -6.98916056e+00 -6.39903936e+00
 -6.35267458e+00 -5.12521299e+00
 -5.79305720e+00 -3.86795724e+00
 -5.30992886e+00 -2.64179589e+00
 -4.90336435e+00 -1.46532942e+00
 -4.57345005e+00 -3.59807352e-01
 -4.31991457e+00 6.52831084e-01
 -4.14218698e+00 1.55206818e+00
 -4.04008570e+00 2.32057242e+00
 -4.01517712e+00 2.94494600e+00
 -4.07222594e+00 3.41477974e+00
 -4.21947279e+00 3.72010477e+00
 -4.46705786e+00 3.84883928e+00
 -4.82439910e+00 3.78644149e+00
 -5.29770245e+00 3.51834270e+00
 -5.88785214e+00 3.03341011e+00
 -6.58846053e+00 2.32645764e+00
 -7.38441660e+00 1.39959918e+00
 -8.25182238e+00 2.63306917e-01
 -9.15990954e+00 -1.06279544e+00
 -1.00745183e+01 -2.55046991e+00
 -1.09619075e+01 -4.16546217e+00
 -1.17918278e+01 -5.87139645e+00
 -1.25395294e+01 -7.63311210e+00
 -1.31867312e+01 -9.41807502e+00
 -1.37215602e+01 -1.11960617e+01
 -1.41377681e+01 -1.29382523e+01
 -1.44339222e+01 -1.46165216e+01
 -1.46128211e+01 -1.62031568e+01
 -1.46805527e+01 -1.76712153e+01
 -1.46449247e+01 -1.89957312e+01
 -1.45140973e+01 -2.01554928e+01
 -1.42960314e+01 -2.11345395e+01
 -1.39979993e+01 -2.19223915e+01
 -1.36252503e+01 -2.25125419e+01
 -1.31792388e+01 -2.28997248e+01
 -1.26567563e+01 -2.30774242e+01
 -1.20509868e+01 -2.30373286e+01
 -1.13543886e+01 -2.27715357e+01
 -1.05623131e+01 -2.22766287e+01
 -9.67629852e+00 -2.15576964e+01
 -8.70657862e+00 -2.06308558e+01
 -7.67321497e+00 -1.95239815e+01
 -6.60474063e+00 -1.82757884e+01
 -5.53376523e+00 -1.69330153e+01
 -4.49042756e+00 -1.55452028e+01
 -3.49559921e+00 -1.41572779e+01
 -2.55629147e+00 -1.28017973e+01
 -1.66578143e+00 -1.14940957e+01
 -8.09071875e-01 -1.02330465e+01
 2.93872851e-02 -9.00717769e+00
 8.60430286e-01 -7.80256133e+00
 1.68938884e+00 -6.60832000e+00
 2.51805699e+00 -5.41816983e+00
 3.34677939e+00 -4.22931797e+00
 4.17554739e+00 -3.04079618e+00
 5.00433004e+00 -1.85234129e+00
 5.83311577e+00 -6.63897192e-01
 6.66190188e+00 5.24545409e-01
 7.49068692e+00 1.71298625e+00
 8.31946103e+00 2.90141142e+00
 9.14815219e+00 4.08971764e+00
 9.97634989e+00 5.27731625e+00
 1.08022430e+01 6.46161022e+00
 1.16196756e+01 7.63377220e+00
 1.24126556e+01 8.77087009e+00
 1.31499149e+01 9.82806708e+00
 1.37869352e+01 1.07415259e+01
 1.42814447e+01 1.14506304e+01
 1.42814447e+01 1.14506304e+01
 1.42814447e+01 1.14506304e+01
 1.42814447e+01 1.14506304e+01
 1.42814447e+01 1.14506304e+01
 1.42814447e+01 1.14506304e+01
 1.42814447e+01 1.14506304e+01
 1.42814447e+01 1.14506304e+01
 1.42814447e+01 1.14506304e+01
 1.42814447e+01 1.14506304e+01
 1.42814447e+01 1.14506304e+01
 1.42814447e+01 1.14506304e+01
 1.42814447e+01 1.14506304e+01
 1.42814447e+01 1.14506304e+01
 1.42814447e+01 1.14506304e+01
 1.42814447e+01 1.14506304e+01
 1.42814447e+01 1.14506304e+01
 1.42814447e+01 1.14506304e+01
 1.42814447e+01 1.14506304e+01
 1.42814447e+01 1.14506304e+01
 1.42814447e+01 1.14506304e+01
 1.42814447e+01 1.14506304e+01
 1.42814447e+01 1.14506304e+01
 1.42814447e+01 1.14506304e+01
 1.42814447e+01 1.14506304e+01
 1.42814447e+01 1.14506304e+01
 1.42814447e+01 1.14506304e+01
 1.42814447e+01 1.14506304e+01
 1.42814447e+01 1.14506304e+01
 1.42814447e+01 1.14506304e+01
 1.42814447e+01 1.14506304e+01
 1.42814447e+01 1.14506304e+01
 1.42814447e+01 1.14506304e+01
 1.42814447e+01 1.14506304e+01
 1.42814447e+01 1.14506304e+01
 1.42814447e+01 1.14506304e+01
 1.42814447e+01 1.14506304e+01
 1.42814447e+01 1.14506304e+01
 1.42814447e+01 1.14506304e+01
 1.42814447e+01 1.14506304e+01
 1.42814447e+01 1.14506304e+01
