 0.00000000e+00 0.00000000e+00
 0.00000000e+00 0.00000000e+00
 0.00000000e+00 0.00000000e+00
 0.00000000e+00 0.00000000e+00
 0.00000000e+00 0.00000000e+00
 0.00000000e+00 0.00000000e+00
 7.44038923e-02 1.29496545e-01
 1.63309372e-01 2.86428961e-01
 2.55335780e-01 4.50653247e-01
 3.39116925e-01 5.99946785e-01
 4.05111230e-01 7.14827756e-01
 4.44164377e-01 7.79038987e-01
 4.45910622e-01 7.77410429e-01
 3.99516830e-01 6.93952869e-01
 2.95802057e-01 5.11929940e-01
 1.28285350e-01 2.15561319e-01
 -1.07528369e-01 -2.08407689e-01
 -4.15261696e-01 -7.70154967e-01
 -7.97763839e-01 -1.47625106e+00
 -1.25629123e+00 -2.32815831e+00
 -1.79008243e+00 -3.32070130e+00
 -2.39713986e+00 -4.44255012e+00
 -3.07545634e+00 -5.67938548e+00
 -3.82337707e+00 -7.01796251e+00
 -4.63880114e+00 -8.44841297e+00
 -5.51792915e+00 -9.96370478e+00
 -6.45431817e+00 -1.15574997e+01
 -7.43863187e+00 -1.32224661e+01
 -8.45912015e+00 -1.49498453e+01
 -9.50259853e+00 -1.67293464e+01
 -1.05557087e+01 -1.85484866e+01
 -1.16064733e+01 -2.03921992e+01
 -1.26460656e+01 -2.22441486e+01
 -1.36700223e+01 -2.40893817e+01
 -1.46776238e+01 -2.59160930e+01
 -1.56689356e+01 -2.77149303e+01
 -1.66408685e+01 -2.94765219e+01
 -1.75848169e+01 -3.11893379e+01
 -1.84874712e+01 -3.28395465e+01
 -1.93339336e+01 -3.44126321e+01
 -2.01107024e+01 -3.58947828e+01
 -2.08069002e+01 -3.72724602e+01
 -2.14142025e+01 -3.85309983e+01
 -2.19271251e+01 -3.96547514e+01
 -2.23445892e+01 -4.06300811e+01
 -2.26716833e+01 -4.14494310e+01
 -2.29193631e+01 -4.21130165e+01
 -2.31013159e+01 -4.26263664e+01
 -2.32301449e+01 -4.29957296e+01
 -2.33157498e+01 -4.32252474e+01
 -2.33660023e+01 -4.33176760e+01
 -2.33869733e+01 -4.32768092e+01
 -2.33809323e+01 -4.31085906e+01
 -2.33439648e+01 -4.28199379e+01
 -2.32664206e+01 -4.24167896e+01
 -2.31365513e+01 -4.19032950e+01
 -2.29443141e+01 -4.12825122e+01
 -2.26827005e+01 -4.05575432e+01
 -2.23470558e+01 -3.97322723e+01
 -2.19344837e+01 -3.88119273e+01
 -2.14443455e+01 -3.78037410e+01
 -2.08792269e+01 -3.67172286e+01
 -2.02451730e+01 -3.55636600e+01
 -1.95505347e+01 -3.43552362e+01
 -1.88039853e+01 -3.31048007e+01
 -1.80131156e+01 -3.18261150e+01
 -1.71844456e+01 -3.05338738e+01
 -1.63243590e+01 -2.92428493e+01
 -1.54399773e+01 -2.79667819e+01
 -1.45396907e+01 -2.67184317e+01
 -1.36337550e+01 -2.55112631e+01
 -1.27350783e+01 -2.43613590e+01
 -1.18595186e+01 -2.32875920e+01
 -1.10248280e+01 -2.23095780e+01
 -1.02480980e+01 -2.14447969e+01
 -9.54244561e+00 -2.07065713e+01
 -8.91406178e+00 -2.01033737e+01
 -8.36061172e+00 -1.96388225e+01
 -7.87149817e+00 -1.93117732e+01
 -7.42985092e+00 -1.91166599e+01
 -7.01565021e+00 -1.90445542e+01
 -6.60930236e+00 -1.90847537e+01
 -6.19491095e+00 -1.92260496e+01
 -5.76244713e+00 -1.94573459e+01
 -5.30857157e+00 -1.97681027e+01
 -4.83658670e+00 -2.01487480e+01
 -4.35584320e+00 -2.05906801e+01
 -3.88036665e+00 -2.10858875e+01
 -3.42680492e+00 -2.16267091e+01
 -3.01258630e+00 -2.22060906e+01
 -2.65506445e+00 -2.28182670e+01
 -2.37152995e+00 -2.34594938e+01
 -2.17941367e+00 -2.41282994e+01
 -2.09610381e+00 -2.48248908e+01
 -2.13808230e+00 -2.55498892e+01
 -2.31936535e+00 -2.63031509e+01
 -2.64963219e+00 -2.70834562e+01
 -3.13273248e+00 -2.78890995e+01
 -3.76606956e+00 -2.87185127e+01
 -4.54083099e+00 -2.95700021e+01
 -5.44278394e+00 -3.04407282e+01
 -6.45342717e+00 -3.13259834e+01
 -7.55123754e+00 -3.22193700e+01
 -8.71266494e+00 -3.31132164e+01
 -9.91286196e+00 -3.39983351e+01
 -1.11265238e+01 -3.48633602e+01
 -1.23289517e+01 -3.56947194e+01
 -1.34969312e+01 -3.64776639e+01
 -1.46091699e+01 -3.71977404e+01
 -1.56466322e+01 -3.78419815e+01
 -1.65932495e+01 -3.83997963e+01
 -1.74371448e+01 -3.88639506e+01
 -1.81721938e+01 -3.92316138e+01
 -1.87995113e+01 -3.95050414e+01
 -1.93282753e+01 -3.96920470e+01
 -1.97753365e+01 -3.98068739e+01
 -2.01631540e+01 -3.98705035e+01
 -2.05157456e+01 -3.99076884e+01
 -2.08534529e+01 -3.99402242e+01
 -2.11890626e+01 -3.99807739e+01
 -2.15276045e+01 -4.00320802e+01
 -2.18692754e+01 -4.00911971e+01
 -2.22127486e+01 -4.01542866e+01
 -2.25569469e+01 -4.02188836e+01
 -2.29013623e+01 -4.02839173e+01
 -2.32458272e+01 -4.03490488e+01
 -2.35903008e+01 -4.04141971e+01
 -2.39347756e+01 -4.04793478e+01
 -2.42792501e+01 -4.05444986e+01
 -2.46237199e+01 -4.06096486e+01
 -2.49681554e+01 -4.06747920e+01
 -2.53123857e+01 -4.07398966e+01
 -2.56556581e+01 -4.08048201e+01
 -2.59954141e+01 -4.08690785e+01
 -2.63250066e+01 -4.09314147e+01
 -2.66314394e+01 -4.09893707e+01
 -2.68962092e+01 -4.10394469e+01
 -2.71017461e+01 -4.10783203e+01
 -2.71017461e+01 -4.10783203e+01
 -2.71017461e+01 -4.10783203e+01
 -2.71017461e+01 -4.10783203e+01
 -2.71017461e+01 -4.10783203e+01
 -2.71017461e+01 -4.10783203e+01
 -2.71017461e+01 -4.10783203e+01
 -2.71017461e+01 -4.10783203e+01
 -2.71017461e+01 -4.10783203e+01
 -2.71017461e+01 -4.10783203e+01
 -2.71017461e+01 -4.10783203e+01
 -2.71017461e+01 -4.10783203e+01
 -2.71017461e+01 -4.10783203e+01
 -2.71017461e+01 -4.10783203e+01
 -2.71017461e+01 -4.10783203e+01
 -2.71017461e+01 -4.10783203e+01
 -2.71017461e+01 -4.10783203e+01
 -2.71017461e+01 -4.10783203e+01
 -2.71017461e+01 -4.10783203e+01
 -2.71017461e+01 -4.10783203e+01
 -2.71017461e+01 -4.10783203e+01
 -2.71017461e+01 -4.10783203e+01
 -2.71017461e+01 -4.10783203e+01
 -2.71017461e+01 -4.10783203e+01
 -2.71017461e+01 -4.10783203e+01
 -2.71017461e+01 -4.10783203e+01
 -2.71017461e+01 -4.10783203e+01
 -2.71017461e+01 -4.10783203e+01
 -2.71017461e+01 -4.10783203e+01
 -2.71017461e+01 -4.10783203e+01
 -2.71017461e+01 -4.10783203e+01
 -2.71017461e+01 -4.10783203e+01
 -2.71017461e+01 -4.10783203e+01
 -2.71017461e+01 -4.10783203e+01
 -2.71017461e+01 -4.10783203e+01
 -2.71017461e+01 -4.10783203e+01
 -2.71017461e+01 -4.10783203e+01
