 0.00000000e+00 0.00000000e+00
 0.00000000e+00 0.00000000e+00
 0.00000000e+00 0.00000000e+00
 0.00000000e+00 0.00000000e+00
 0.00000000e+00 0.00000000e+00
 0.00000000e+00 0.00000000e+00
 0.00000000e+00 0.00000000e+00
 0.00000000e+00 0.00000000e+00
 0.00000000e+00 0.00000000e+00
 0.00000000e+00 0.00000000e+00
 0.00000000e+00 0.00000000e+00
 0.00000000e+00 0.00000000e+00
 0.00000000e+00 0.00000000e+00
 0.00000000e+00 0.00000000e+00
 4.51302664e-02 3.07352458e-02
 8.87666989e-02 4.89448888e-02
 1.20637083e-01 3.24500482e-02
 1.33008056e-01 -4.52289965e-02
 1.19338902e-01 -2.12382342e-01
 7.12513137e-02 -4.96803332e-01
 -2.11344505e-02 -9.23425663e-01
 -1.65251563e-01 -1.51259928e+00
 -3.63211156e-01 -2.27933364e+00
 -6.13071888e-01 -3.23282023e+00
 -9.12105942e-01 -4.37571144e+00
 -1.25829492e+00 -5.70351986e+00
 -1.64921251e+00 -7.20462491e+00
 -2.08023980e+00 -8.86089703e+00
 -2.54402937e+00 -1.06488521e+01
 -3.03148625e+00 -1.25412649e+01
 -3.53330563e+00 -1.45087583e+01
 -4.04111145e+00 -1.65207188e+01
 -4.54792677e+00 -1.85455271e+01
 -5.04817190e+00 -2.05507941e+01
 -5.53743889e+00 -2.25043210e+01
 -6.01225295e+00 -2.43759075e+01
 -6.46994162e+00 -2.61393598e+01
 -6.90849446e+00 -2.77737382e+01
 -7.32614461e+00 -2.92634378e+01
 -7.72058340e+00 -3.05975478e+01
 -8.08811437e+00 -3.17692647e+01
 -8.42333920e+00 -3.27759013e+01
 -8.71984757e+00 -3.36194801e+01
 -8.97185282e+00 -3.43072594e+01
 -9.17618451e+00 -3.48513785e+01
 -9.33379006e+00 -3.52674910e+01
 -9.44982184e+00 -3.55731437e+01
 -9.53188482e+00 -3.57866550e+01
 -9.58749551e+00 -3.59261295e+01
 -9.62274741e+00 -3.60073752e+01
 -9.64271498e+00 -3.60405703e+01
 -9.65192233e+00 -3.60277171e+01
 -9.65332112e+00 -3.59629998e+01
 -9.64599111e+00 -3.58353832e+01
 -9.62275131e+00 -3.56308155e+01
 -9.56905265e+00 -3.53328006e+01
 -9.46440325e+00 -3.49224866e+01
 -9.28613936e+00 -3.43797635e+01
 -9.01327565e+00 -3.36856452e+01
 -8.62837691e+00 -3.28252359e+01
 -8.11796296e+00 -3.17903608e+01
 -7.47330807e+00 -3.05813417e+01
 -6.69223062e+00 -2.92079379e+01
 -5.78095069e+00 -2.76895240e+01
 -4.75496869e+00 -2.60544628e+01
 -3.63860951e+00 -2.43389776e+01
 -2.46353679e+00 -2.25861196e+01
 -1.26670626e+00 -2.08447499e+01
 -8.78885937e-02 -1.91673225e+01
 1.03337198e+00 -1.76053095e+01
 2.06133320e+00 -1.62029967e+01
 2.96775581e+00 -1.49922836e+01
 3.73504949e+00 -1.39907811e+01
 4.35818033e+00 -1.32032016e+01
 4.84476456e+00 -1.26241886e+01
 5.21295571e+00 -1.22408600e+01
 5.48743644e+00 -1.20349187e+01
 5.69482890e+00 -1.19853783e+01
 5.85991452e+00 -1.20723785e+01
 6.00303407e+00 -1.22808273e+01
 6.13829675e+00 -1.26017303e+01
 6.27244148e+00 -1.30303298e+01
 6.40463615e+00 -1.35625642e+01
 6.52760543e+00 -1.41924405e+01
 6.63017559e+00 -1.49115971e+01
 6.70038931e+00 -1.57103196e+01
 6.72741960e+00 -1.65786569e+01
 6.70144751e+00 -1.75070142e+01
 6.61310844e+00 -1.84863705e+01
 6.45448768e+00 -1.95084200e+01
 6.22107792e+00 -2.05655325e+01
 5.91265758e+00 -2.16500677e+01
 5.53263919e+00 -2.27530163e+01
 5.08698710e+00 -2.38628768e+01
 4.58335238e+00 -2.49658075e+01
 4.03021124e+00 -2.60470834e+01
 3.43589247e+00 -2.70929120e+01
 2.80792968e+00 -2.80916999e+01
 2.15310421e+00 -2.90345895e+01
 1.47767115e+00 -2.99156766e+01
 7.86844738e-01 -3.07323171e+01
 8.36663939e-02 -3.14854152e+01
 -6.31428491e-01 -3.21791453e+01
 -1.35954409e+00 -3.28197798e+01
 -2.10149063e+00 -3.34140452e+01
 -2.85645483e+00 -3.39678939e+01
 -3.62169528e+00 -3.44861973e+01
 -4.39284036e+00 -3.49728718e+01
 -5.16398233e+00 -3.54304867e+01
 -5.92717464e+00 -3.58592234e+01
 -6.67180787e+00 -3.62561930e+01
 -7.38473588e+00 -3.66160034e+01
 -8.05149857e+00 -3.69322142e+01
 -8.65823561e+00 -3.71986741e+01
 -9.19389467e+00 -3.74105305e+01
 -9.65299294e+00 -3.75658425e+01
 -1.00389531e+01 -3.76684012e+01
 -1.03660440e+01 -3.77300233e+01
 -1.06566527e+01 -3.77688892e+01
 -1.09335447e+01 -3.78031273e+01
 -1.12120171e+01 -3.78440735e+01
 -1.14975498e+01 -3.78944931e+01
 -1.17891637e+01 -3.79519201e+01
 -1.20840925e+01 -3.80129456e+01
 -1.23803264e+01 -3.80753437e+01
 -1.26769469e+01 -3.81381408e+01
 -1.29736552e+01 -3.82010273e+01
 -1.32703788e+01 -3.82639293e+01
 -1.35671045e+01 -3.83268334e+01
 -1.38638299e+01 -3.83897376e+01
 -1.41605515e+01 -3.84526411e+01
 -1.44572434e+01 -3.85155382e+01
 -1.47537587e+01 -3.85783978e+01
 -1.50494488e+01 -3.86410826e+01
 -1.53421099e+01 -3.87031252e+01
 -1.56260162e+01 -3.87633118e+01
 -1.58899733e+01 -3.88192693e+01
 -1.61180423e+01 -3.88676188e+01
 -1.62950889e+01 -3.89051517e+01
 -1.62950889e+01 -3.89051517e+01
 -1.62950889e+01 -3.89051517e+01
 -1.62950889e+01 -3.89051517e+01
 -1.62950889e+01 -3.89051517e+01
 -1.62950889e+01 -3.89051517e+01
 -1.62950889e+01 -3.89051517e+01
 -1.62950889e+01 -3.89051517e+01
 -1.62950889e+01 -3.89051517e+01
 -1.62950889e+01 -3.89051517e+01
 -1.62950889e+01 -3.89051517e+01
 -1.62950889e+01 -3.89051517e+01
 -1.62950889e+01 -3.89051517e+01
 -1.62950889e+01 -3.89051517e+01
 -1.62950889e+01 -3.89051517e+01
 -1.62950889e+01 -3.89051517e+01
 -1.62950889e+01 -3.89051517e+01
 -1.62950889e+01 -3.89051517e+01
 -1.62950889e+01 -3.89051517e+01
 -1.62950889e+01 -3.89051517e+01
 -1.62950889e+01 -3.89051517e+01
 -1.62950889e+01 -3.89051517e+01
 -1.62950889e+01 -3.89051517e+01
 -1.62950889e+01 -3.89051517e+01
 -1.62950889e+01 -3.89051517e+01
 -1.62950889e+01 -3.89051517e+01
 -1.62950889e+01 -3.89051517e+01
 -1.62950889e+01 -3.89051517e+01
 -1.62950889e+01 -3.89051517e+01
 -1.62950889e+01 -3.89051517e+01
 -1.62950889e+01 -3.89051517e+01
 -1.62950889e+01 -3.89051517e+01
 -1.62950889e+01 -3.89051517e+01
 -1.62950889e+01 -3.89051517e+01
 -1.62950889e+01 -3.89051517e+01
 -1.62950889e+01 -3.89051517e+01
