 0.00000000e+00 0.00000000e+00
 0.00000000e+00 0.00000000e+00
 0.00000000e+00 0.00000000e+00
 0.00000000e+00 0.00000000e+00
 0.00000000e+00 0.00000000e+00
 0.00000000e+00 0.00000000e+00
 0.00000000e+00 0.00000000e+00
 0.00000000e+00 0.00000000e+00
 0.00000000e+00 0.00000000e+00
 0.00000000e+00 0.00000000e+00
 0.00000000e+00 0.00000000e+00
 0.00000000e+00 0.00000000e+00
 0.00000000e+00 0.00000000e+00
 0.00000000e+00 0.00000000e+00
 0.00000000e+00 0.00000000e+00
 -1.32281736e-01 -2.25083278e-02
 -3.16673977e-01 -7.38630332e-02
 -5.46876418e-01 -1.74300961e-01
 -8.11168813e-01 -3.46920495e-01
 -1.09788804e+00 -6.14472484e-01
 -1.39930585e+00 -9.97374237e-01
 -1.71235644e+00 -1.51283713e+00
 -2.03700255e+00 -2.17428311e+00
 -2.37424314e+00 -2.99100274e+00
 -2.72523386e+00 -3.96840729e+00
 -3.09145262e+00 -5.10877417e+00
 -3.47487926e+00 -6.41208140e+00
 -3.87764594e+00 -7.87664504e+00
 -4.30166363e+00 -9.49937175e+00
 -4.74877101e+00 -1.12753978e+01
 -5.22108859e+00 -1.31969576e+01
 -5.72100628e+00 -1.52517500e+01
 -6.25086450e+00 -1.74216415e+01
 -6.81278079e+00 -1.96825825e+01
 -7.40882750e+00 -2.20059262e+01
 -8.04139829e+00 -2.43607582e+01
 -8.71331789e+00 -2.67167958e+01
 -9.42712581e+00 -2.90472656e+01
 -1.01833260e+01 -3.13304980e+01
 -1.09780356e+01 -3.35487655e+01
 -1.18008048e+01 -3.56843857e+01
 -1.26335421e+01 -3.77156312e+01
 -1.34515668e+01 -3.96156823e+01
 -1.42270513e+01 -4.13552546e+01
 -1.49335394e+01 -4.29064519e+01
 -1.55494550e+01 -4.42454687e+01
 -1.60595872e+01 -4.53541811e+01
 -1.64552469e+01 -4.62217549e+01
 -1.67341983e+01 -4.68461892e+01
 -1.69004608e+01 -4.72344509e+01
 -1.69633603e+01 -4.74003256e+01
 -1.69356844e+01 -4.73605244e+01
 -1.68312962e+01 -4.71304035e+01
 -1.66624831e+01 -4.67206999e+01
 -1.64377079e+01 -4.61365832e+01
 -1.61610327e+01 -4.53797501e+01
 -1.58335800e+01 -4.44527926e+01
 -1.54556248e+01 -4.33636402e+01
 -1.50277542e+01 -4.21279856e+01
 -1.45510946e+01 -4.07692490e+01
 -1.40276415e+01 -3.93172044e+01
 -1.34611668e+01 -3.78064591e+01
 -1.28581441e+01 -3.62749384e+01
 -1.22279654e+01 -3.47618580e+01
 -1.15823698e+01 -3.33049883e+01
 -1.09345019e+01 -3.19376789e+01
 -1.02978455e+01 -3.06864052e+01
 -9.68492354e+00 -2.95693477e+01
 -9.10573202e+00 -2.85960326e+01
 -8.56627823e+00 -2.77678803e+01
 -8.06784234e+00 -2.70795999e+01
 -7.60733537e+00 -2.65212649e+01
 -7.17841872e+00 -2.60806441e+01
 -6.77258558e+00 -2.57453987e+01
 -6.37990353e+00 -2.55049622e+01
 -5.99000704e+00 -2.53518511e+01
 -5.59385322e+00 -2.52819677e+01
 -5.18567341e+00 -2.52936932e+01
 -4.76398442e+00 -2.53862069e+01
 -4.33129494e+00 -2.55579413e+01
 -3.89321401e+00 -2.58058201e+01
 -3.45773756e+00 -2.61250926e+01
 -3.03474951e+00 -2.65092203e+01
 -2.63542288e+00 -2.69498692e+01
 -2.27157534e+00 -2.74375507e+01
 -1.95515632e+00 -2.79629522e+01
 -1.69757489e+00 -2.85183154e+01
 -1.50863818e+00 -2.90983413e+01
 -1.39586458e+00 -2.97005949e+01
 -1.36527689e+00 -3.03254599e+01
 -1.42328952e+00 -3.09755778e+01
 -1.57768234e+00 -3.16548529e+01
 -1.83637851e+00 -3.23673141e+01
 -2.20498696e+00 -3.31160791e+01
 -2.68491059e+00 -3.39025244e+01
 -3.27287727e+00 -3.47257431e+01
 -3.96174359e+00 -3.55823755e+01
 -4.74187662e+00 -3.64667993e+01
 -5.60220086e+00 -3.73715173e+01
 -6.53053075e+00 -3.82875763e+01
 -7.51370467e+00 -3.92050222e+01
 -8.53806458e+00 -4.01134212e+01
 -9.58999855e+00 -4.10022392e+01
 -1.06558874e+01 -4.18608243e+01
 -1.17213914e+01 -4.26780991e+01
 -1.27707362e+01 -4.34423971e+01
 -1.37866570e+01 -4.41418001e+01
 -1.47510198e+01 -4.47649494e+01
 -1.56456332e+01 -4.53018057e+01
 -1.64530167e+01 -4.57436619e+01
 -1.71575423e+01 -4.60824677e+01
 -1.77477180e+01 -4.63111356e+01
 -1.82201851e+01 -4.64273124e+01
 -1.85847014e+01 -4.64405703e+01
 -1.88665075e+01 -4.63774203e+01
 -1.91012851e+01 -4.62765465e+01
 -1.93230107e+01 -4.61743367e+01
 -1.95527339e+01 -4.60914687e+01
 -1.97963291e+01 -4.60308617e+01
 -2.00505470e+01 -4.59856597e+01
 -2.03102771e+01 -4.59480887e+01
 -2.05721175e+01 -4.59133614e+01
 -2.08345720e+01 -4.58794472e+01
 -2.10971640e+01 -4.58457129e+01
 -2.13597799e+01 -4.58120095e+01
 -2.16223990e+01 -4.57783103e+01
 -2.18850181e+01 -4.57446116e+01
 -2.21476338e+01 -4.57109133e+01
 -2.24102232e+01 -4.56772184e+01
 -2.26726562e+01 -4.56435436e+01
 -2.29343590e+01 -4.56099625e+01
 -2.31933808e+01 -4.55767254e+01
 -2.34446543e+01 -4.55444826e+01
 -2.36782714e+01 -4.55145053e+01
 -2.38801256e+01 -4.54886038e+01
 -2.40368220e+01 -4.54684969e+01
 -2.40368220e+01 -4.54684969e+01
 -2.40368220e+01 -4.54684969e+01
 -2.40368220e+01 -4.54684969e+01
 -2.40368220e+01 -4.54684969e+01
 -2.40368220e+01 -4.54684969e+01
 -2.40368220e+01 -4.54684969e+01
 -2.40368220e+01 -4.54684969e+01
 -2.40368220e+01 -4.54684969e+01
 -2.40368220e+01 -4.54684969e+01
 -2.40368220e+01 -4.54684969e+01
 -2.40368220e+01 -4.54684969e+01
 -2.40368220e+01 -4.54684969e+01
 -2.40368220e+01 -4.54684969e+01
 -2.40368220e+01 -4.54684969e+01
 -2.40368220e+01 -4.54684969e+01
 -2.40368220e+01 -4.54684969e+01
 -2.40368220e+01 -4.54684969e+01
 -2.40368220e+01 -4.54684969e+01
 -2.40368220e+01 -4.54684969e+01
 -2.40368220e+01 -4.54684969e+01
 -2.40368220e+01 -4.54684969e+01
 -2.40368220e+01 -4.54684969e+01
 -2.40368220e+01 -4.54684969e+01
 -2.40368220e+01 -4.54684969e+01
 -2.40368220e+01 -4.54684969e+01
 -2.40368220e+01 -4.54684969e+01
 -2.40368220e+01 -4.54684969e+01
 -2.40368220e+01 -4.54684969e+01
 -2.40368220e+01 -4.54684969e+01
 -2.40368220e+01 -4.54684969e+01
 -2.40368220e+01 -4.54684969e+01
 -2.40368220e+01 -4.54684969e+01
 -2.40368220e+01 -4.54684969e+01
 -2.40368220e+01 -4.54684969e+01
 -2.40368220e+01 -4.54684969e+01
 -2.40368220e+01 -4.54684969e+01
 -2.40368220e+01 -4.54684969e+01
 -2.40368220e+01 -4.54684969e+01
