 0.00000000e+00 0.00000000e+00
 0.00000000e+00 0.00000000e+00
 0.00000000e+00 0.00000000e+00
 0.00000000e+00 0.00000000e+00
 0.00000000e+00 0.00000000e+00
 0.00000000e+00 0.00000000e+00
 0.00000000e+00 0.00000000e+00
 0.00000000e+00 0.00000000e+00
 0.00000000e+00 0.00000000e+00
 0.00000000e+00 0.00000000e+00
 0.00000000e+00 0.00000000e+00
 -8.12650843e-02 2.83324353e-02
 -2.07500293e-01 3.92989503e-02
 -3.81670955e-01 1.22173224e-02
 -6.02169616e-01 -7.24214850e-02
 -8.66222342e-01 -2.30868548e-01
 -1.17230322e+00 -4.77169899e-01
 -1.52032887e+00 -8.24957645e-01
 -1.91053794e+00 -1.28800143e+00
 -2.34237138e+00 -1.87916033e+00
 -2.81397471e+00 -2.60867067e+00
 -3.32229865e+00 -3.48321765e+00
 -3.86351638e+00 -4.50647961e+00
 -4.43336189e+00 -5.68028715e+00
 -5.02714047e+00 -7.00496908e+00
 -5.63964864e+00 -8.47856167e+00
 -6.26540050e+00 -1.00957900e+01
 -6.89917577e+00 -1.18476076e+01
 -7.53668565e+00 -1.37212041e+01
 -8.17524797e+00 -1.57001309e+01
 -8.81435414e+00 -1.77646810e+01
 -9.45597381e+00 -1.98929546e+01
 -1.01045460e+01 -2.20625323e+01
 -1.07666064e+01 -2.42520132e+01
 -1.14498095e+01 -2.64418153e+01
 -1.21610030e+01 -2.86141283e+01
 -1.29032740e+01 -3.07517427e+01
 -1.36725964e+01 -3.28354696e+01
 -1.44555551e+01 -3.48411989e+01
 -1.52297851e+01 -3.67389656e+01
 -1.59676024e+01 -3.84954413e+01
 -1.66413562e+01 -4.00787109e+01
 -1.72280827e+01 -4.14628171e+01
 -1.77121683e+01 -4.26306575e+01
 -1.80866494e+01 -4.35757861e+01
 -1.83541931e+01 -4.43039420e+01
 -1.85273947e+01 -4.48334408e+01
 -1.86268110e+01 -4.51924554e+01
 -1.86759986e+01 -4.54125804e+01
 -1.86952048e+01 -4.55207146e+01
 -1.86966448e+01 -4.55327803e+01
 -1.86831577e+01 -4.54520061e+01
 -1.86501512e+01 -4.52718378e+01
 -1.85895969e+01 -4.49808038e+01
 -1.84939839e+01 -4.45664226e+01
 -1.83579783e+01 -4.40176718e+01
 -1.81774604e+01 -4.33273814e+01
 -1.79480631e+01 -4.24950228e+01
 -1.76651180e+01 -4.15285939e+01
 -1.73246799e+01 -4.04442532e+01
 -1.69243474e+01 -3.92639660e+01
 -1.64635218e+01 -3.80126644e+01
 -1.59435209e+01 -3.67161247e+01
 -1.53676907e+01 -3.53997101e+01
 -1.47412912e+01 -3.40875828e+01
 -1.40711345e+01 -3.28021771e+01
 -1.33652975e+01 -3.15639065e+01
 -1.26331373e+01 -3.03908643e+01
 -1.18854248e+01 -2.92982243e+01
 -1.11341808e+01 -2.82975638e+01
 -1.03919948e+01 -2.73966918e+01
 -9.67100508e+00 -2.66000463e+01
 -8.98190467e+00 -2.59090525e+01
 -8.33319945e+00 -2.53220795e+01
 -7.73073417e+00 -2.48344795e+01
 -7.17747036e+00 -2.44393668e+01
 -6.67356380e+00 -2.41290000e+01
 -6.21670989e+00 -2.38958952e+01
 -5.80259875e+00 -2.37331281e+01
 -5.42550662e+00 -2.36344832e+01
 -5.07931487e+00 -2.35957399e+01
 -4.75895216e+00 -2.36170242e+01
 -4.46166497e+00 -2.37039455e+01
 -4.18751831e+00 -2.38655985e+01
 -3.93910369e+00 -2.41107316e+01
 -3.72086140e+00 -2.44450566e+01
 -3.53825154e+00 -2.48706261e+01
 -3.39646368e+00 -2.53858634e+01
 -3.29862182e+00 -2.59851642e+01
 -3.24494565e+00 -2.66585362e+01
 -3.23453000e+00 -2.73921499e+01
 -3.26837377e+00 -2.81699010e+01
 -3.34988442e+00 -2.89754122e+01
 -3.48202411e+00 -2.97938913e+01
 -3.66508084e+00 -3.06135822e+01
 -3.89836485e+00 -3.14267215e+01
 -4.18386615e+00 -3.22298991e+01
 -4.52779727e+00 -3.30237508e+01
 -4.93902742e+00 -3.38120748e+01
 -5.42641347e+00 -3.46005875e+01
 -5.99680602e+00 -3.53955533e+01
 -6.65403154e+00 -3.62024725e+01
 -7.39840365e+00 -3.70248569e+01
 -8.22620408e+00 -3.78630673e+01
 -9.12891760e+00 -3.87134624e+01
 -1.00927328e+01 -3.95682823e+01
 -1.10991241e+01 -4.04163302e+01
 -1.21266989e+01 -4.12440844e+01
 -1.31535725e+01 -4.20368461e+01
 -1.41592615e+01 -4.27797660e+01
 -1.51257145e+01 -4.34588746e+01
 -1.60378664e+01 -4.40622752e+01
 -1.68841084e+01 -4.45812319e+01
 -1.76565001e+01 -4.50104912e+01
 -1.83503660e+01 -4.53474639e+01
 -1.89634607e+01 -4.55908053e+01
 -1.94955665e+01 -4.57400316e+01
 -1.99495153e+01 -4.57980384e+01
 -2.03336146e+01 -4.57761224e+01
 -2.06634135e+01 -4.56971078e+01
 -2.09597694e+01 -4.55913412e+01
 -2.12428327e+01 -4.54861418e+01
 -2.15259775e+01 -4.53965114e+01
 -2.18141908e+01 -4.53241643e+01
 -2.21069978e+01 -4.52636630e+01
 -2.24023421e+01 -4.52090166e+01
 -2.26986894e+01 -4.51565536e+01
 -2.29953343e+01 -4.51047159e+01
 -2.32920466e+01 -4.50530170e+01
 -2.35887708e+01 -4.50013420e+01
 -2.38854965e+01 -4.49496703e+01
 -2.41822220e+01 -4.48979989e+01
 -2.44789436e+01 -4.48463282e+01
 -2.47756355e+01 -4.47946627e+01
 -2.50721507e+01 -4.47430280e+01
 -2.53678409e+01 -4.46915370e+01
 -2.56605019e+01 -4.46405734e+01
 -2.59444083e+01 -4.45911344e+01
 -2.62083653e+01 -4.45451693e+01
 -2.64364344e+01 -4.45054537e+01
 -2.66134810e+01 -4.44746230e+01
 -2.66134810e+01 -4.44746230e+01
 -2.66134810e+01 -4.44746230e+01
 -2.66134810e+01 -4.44746230e+01
 -2.66134810e+01 -4.44746230e+01
 -2.66134810e+01 -4.44746230e+01
 -2.66134810e+01 -4.44746230e+01
 -2.66134810e+01 -4.44746230e+01
 -2.66134810e+01 -4.44746230e+01
 -2.66134810e+01 -4.44746230e+01
 -2.66134810e+01 -4.44746230e+01
 -2.66134810e+01 -4.44746230e+01
 -2.66134810e+01 -4.44746230e+01
 -2.66134810e+01 -4.44746230e+01
 -2.66134810e+01 -4.44746230e+01
 -2.66134810e+01 -4.44746230e+01
 -2.66134810e+01 -4.44746230e+01
 -2.66134810e+01 -4.44746230e+01
 -2.66134810e+01 -4.44746230e+01
 -2.66134810e+01 -4.44746230e+01
 -2.66134810e+01 -4.44746230e+01
 -2.66134810e+01 -4.44746230e+01
 -2.66134810e+01 -4.44746230e+01
 -2.66134810e+01 -4.44746230e+01
 -2.66134810e+01 -4.44746230e+01
 -2.66134810e+01 -4.44746230e+01
 -2.66134810e+01 -4.44746230e+01
 -2.66134810e+01 -4.44746230e+01
 -2.66134810e+01 -4.44746230e+01
 -2.66134810e+01 -4.44746230e+01
 -2.66134810e+01 -4.44746230e+01
 -2.66134810e+01 -4.44746230e+01
 -2.66134810e+01 -4.44746230e+01
 -2.66134810e+01 -4.44746230e+01
