 0.00000000e+00 0.00000000e+00
 0.00000000e+00 0.00000000e+00
 0.00000000e+00 0.00000000e+00
 0.00000000e+00 0.00000000e+00
 0.00000000e+00 0.00000000e+00
 0.00000000e+00 0.00000000e+00
 0.00000000e+00 0.00000000e+00
 0.00000000e+00 0.00000000e+00
 0.00000000e+00 0.00000000e+00
 0.00000000e+00 0.00000000e+00
 0.00000000e+00 0.00000000e+00
 0.00000000e+00 0.00000000e+00
 0.00000000e+00 0.00000000e+00
 0.00000000e+00 0.00000000e+00
 -1.06929605e-01 4.74229044e-02
 -2.39226205e-01 9.02725495e-02
 -3.84505895e-01 1.07526158e-01
 -5.32772725e-01 7.33894852e-02
 -6.81030694e-01 -4.06266827e-02
 -8.32622609e-01 -2.63799311e-01
 -9.93789032e-01 -6.23527350e-01
 -1.17099595e+00 -1.14240561e+00
 -1.37039740e+00 -1.83616199e+00
 -1.59862545e+00 -2.71293323e+00
 -1.86337453e+00 -3.77375483e+00
 -2.17298164e+00 -5.01404991e+00
 -2.53562586e+00 -6.42603648e+00
 -2.95929470e+00 -8.00181561e+00
 -3.45273142e+00 -9.73611975e+00
 -4.02649120e+00 -1.16271941e+01
 -4.69312955e+00 -1.36752446e+01
 -5.46621138e+00 -1.58795443e+01
 -6.35851454e+00 -1.82357260e+01
 -7.37992165e+00 -2.07337533e+01
 -8.53498619e+00 -2.33560020e+01
 -9.81970139e+00 -2.60749924e+01
 -1.12175354e+01 -2.88514363e+01
 -1.26963489e+01 -3.16342307e+01
 -1.42086613e+01 -3.43635556e+01
 -1.56961921e+01 -3.69764629e+01
 -1.70969287e+01 -3.94129616e+01
 -1.83520693e+01 -4.16208412e+01
 -1.94116058e+01 -4.35589042e+01
 -2.02389171e+01 -4.51994119e+01
 -2.08146992e+01 -4.65301205e+01
 -2.11391660e+01 -4.75548465e+01
 -2.12307200e+01 -4.82910876e+01
 -2.11208114e+01 -4.87647280e+01
 -2.08471395e+01 -4.90038424e+01
 -2.04478855e+01 -4.90340864e+01
 -1.99580776e+01 -4.88766577e+01
 -1.94078293e+01 -4.85479813e+01
 -1.88221321e+01 -4.80600868e+01
 -1.82218567e+01 -4.74217320e+01
 -1.76248869e+01 -4.66405015e+01
 -1.70459962e+01 -4.57249790e+01
 -1.64953013e+01 -4.46855752e+01
 -1.59767750e+01 -4.35337637e+01
 -1.54882138e+01 -4.22810215e+01
 -1.50224758e+01 -4.09389030e+01
 -1.45690918e+01 -3.95203724e+01
 -1.41160575e+01 -3.80414091e+01
 -1.36520548e+01 -3.65220567e+01
 -1.31688065e+01 -3.49867724e+01
 -1.26627790e+01 -3.34640306e+01
 -1.21356916e+01 -3.19848542e+01
 -1.15938315e+01 -3.05801733e+01
 -1.10464639e+01 -2.92776269e+01
 -1.05036659e+01 -2.80987403e+01
 -9.97402627e+00 -2.70570004e+01
 -9.46284922e+00 -2.61568468e+01
 -8.97143274e+00 -2.53936078e+01
 -8.49742723e+00 -2.47546441e+01
 -8.03568405e+00 -2.42218394e+01
 -7.57915677e+00 -2.37750043e+01
 -7.12009932e+00 -2.33952590e+01
 -6.65186451e+00 -2.30675599e+01
 -6.17085424e+00 -2.27820922e+01
 -5.67766534e+00 -2.25346521e+01
 -5.17679658e+00 -2.23262990e+01
 -4.67509580e+00 -2.21626692e+01
 -4.17987280e+00 -2.20532427e+01
 -3.69772268e+00 -2.20104622e+01
 -3.23444829e+00 -2.20483554e+01
 -2.79559929e+00 -2.21805391e+01
 -2.38672112e+00 -2.24178958e+01
 -2.01275165e+00 -2.27663847e+01
 -1.67691875e+00 -2.32253971e+01
 -1.38005192e+00 -2.37869450e+01
 -1.12072127e+00 -2.44358001e+01
 -8.95799784e-01 -2.51505584e+01
 -7.01039481e-01 -2.59056625e+01
 -5.31806794e-01 -2.66743792e+01
 -3.84207538e-01 -2.74322983e+01
 -2.56275163e-01 -2.81605207e+01
 -1.48646791e-01 -2.88478930e+01
 -6.50092781e-02 -2.94920628e+01
 -1.33149228e-02 -3.00992547e+01
 -7.27740359e-03 -3.06827513e+01
 -6.56830977e-02 -3.12603768e+01
 -2.08607510e-01 -3.18515873e+01
 -4.53235527e-01 -3.24748859e+01
 -8.12141603e-01 -3.31460318e+01
 -1.29363936e+00 -3.38768579e+01
 -1.90210095e+00 -3.46741820e+01
 -2.63741105e+00 -3.55388986e+01
 -3.49429556e+00 -3.64659491e+01
 -4.46237005e+00 -3.74454094e+01
 -5.52691103e+00 -3.84639725e+01
 -6.66971348e+00 -3.95059374e+01
 -7.86942835e+00 -4.05535586e+01
 -9.10127891e+00 -4.15872224e+01
 -1.03367124e+01 -4.25858399e+01
 -1.15439403e+01 -4.35276240e+01
 -1.26899634e+01 -4.43914367e+01
 -1.37436487e+01 -4.51586690e+01
 -1.46786179e+01 -4.58149301e+01
 -1.54749419e+01 -4.63504430e+01
 -1.61197567e+01 -4.67589854e+01
 -1.66081455e+01 -4.70373333e+01
 -1.69458614e+01 -4.71881519e+01
 -1.71534148e+01 -4.72263267e+01
 -1.72672695e+01 -4.71829910e+01
 -1.73329246e+01 -4.70999712e+01
 -1.73907954e+01 -4.70152243e+01
 -1.74641391e+01 -4.69499428e+01
 -1.75577288e+01 -4.69071015e+01
 -1.76658979e+01 -4.68797828e+01
 -1.77814506e+01 -4.68601530e+01
 -1.78997978e+01 -4.68433895e+01
 -1.80189536e+01 -4.68274459e+01
 -1.81382901e+01 -4.68116839e+01
 -1.82576579e+01 -4.67959532e+01
 -1.83770299e+01 -4.67802266e+01
 -1.84964022e+01 -4.67645005e+01
 -1.86157730e+01 -4.67487747e+01
 -1.87351318e+01 -4.67330504e+01
 -1.88544195e+01 -4.67173355e+01
 -1.89733753e+01 -4.67016643e+01
 -1.90911125e+01 -4.66861536e+01
 -1.92053277e+01 -4.66711070e+01
 -1.93115173e+01 -4.66571176e+01
 -1.94032692e+01 -4.66450302e+01
 -1.94744949e+01 -4.66356470e+01
 -1.94744949e+01 -4.66356470e+01
 -1.94744949e+01 -4.66356470e+01
 -1.94744949e+01 -4.66356470e+01
 -1.94744949e+01 -4.66356470e+01
 -1.94744949e+01 -4.66356470e+01
 -1.94744949e+01 -4.66356470e+01
 -1.94744949e+01 -4.66356470e+01
 -1.94744949e+01 -4.66356470e+01
 -1.94744949e+01 -4.66356470e+01
 -1.94744949e+01 -4.66356470e+01
 -1.94744949e+01 -4.66356470e+01
 -1.94744949e+01 -4.66356470e+01
 -1.94744949e+01 -4.66356470e+01
 -1.94744949e+01 -4.66356470e+01
 -1.94744949e+01 -4.66356470e+01
 -1.94744949e+01 -4.66356470e+01
 -1.94744949e+01 -4.66356470e+01
 -1.94744949e+01 -4.66356470e+01
 -1.94744949e+01 -4.66356470e+01
 -1.94744949e+01 -4.66356470e+01
 -1.94744949e+01 -4.66356470e+01
 -1.94744949e+01 -4.66356470e+01
 -1.94744949e+01 -4.66356470e+01
 -1.94744949e+01 -4.66356470e+01
 -1.94744949e+01 -4.66356470e+01
 -1.94744949e+01 -4.66356470e+01
 -1.94744949e+01 -4.66356470e+01
 -1.94744949e+01 -4.66356470e+01
 -1.94744949e+01 -4.66356470e+01
 -1.94744949e+01 -4.66356470e+01
