 0.00000000e+00 0.00000000e+00
 0.00000000e+00 0.00000000e+00
 0.00000000e+00 0.00000000e+00
 0.00000000e+00 0.00000000e+00
 0.00000000e+00 0.00000000e+00
 0.00000000e+00 0.00000000e+00
 0.00000000e+00 0.00000000e+00
 0.00000000e+00 0.00000000e+00
 0.00000000e+00 0.00000000e+00
 2.79917985e-02 2.05191112e-01
 6.41048287e-02 4.43499133e-01
 1.02808431e-01 6.80868925e-01
 1.37416193e-01 8.86841351e-01
 1.63113296e-01 1.04380066e+00
 1.78353630e-01 1.14717263e+00
 1.83448705e-01 1.19924644e+00
 1.76931367e-01 1.20023072e+00
 1.51669734e-01 1.13992791e+00
 9.31408521e-02 9.93926695e-01
 -1.87073949e-02 7.26378054e-01
 -2.05094140e-01 2.97055656e-01
 -4.84682582e-01 -3.31931160e-01
 -8.72386343e-01 -1.19238467e+00
 -1.37934479e+00 -2.30842765e+00
 -2.01185093e+00 -3.69497245e+00
 -2.76922289e+00 -5.35537885e+00
 -3.64241718e+00 -7.27941734e+00
 -4.61468866e+00 -9.44327370e+00
 -5.66404631e+00 -1.18119906e+01
 -6.76628020e+00 -1.43431467e+01
 -7.89747754e+00 -1.69903726e+01
 -9.03571417e+00 -1.97060349e+01
 -1.01620179e+01 -2.24430438e+01
 -1.12605307e+01 -2.51560833e+01
 -1.23178036e+01 -2.78026458e+01
 -1.33215735e+01 -3.03440126e+01
 -1.42596599e+01 -3.27461428e+01
 -1.51196051e+01 -3.49804393e+01
 -1.58894126e+01 -3.70242103e+01
 -1.65590826e+01 -3.88605532e+01
 -1.71221186e+01 -4.04778775e+01
 -1.75764636e+01 -4.18698285e+01
 -1.79251056e+01 -4.30360324e+01
 -1.81768166e+01 -4.39832109e+01
 -1.83466314e+01 -4.47257823e+01
 -1.84544661e+01 -4.52852570e+01
 -1.85208637e+01 -4.56882312e+01
 -1.85619305e+01 -4.59631906e+01
 -1.85872775e+01 -4.61362758e+01
 -1.86018824e+01 -4.62261281e+01
 -1.86087980e+01 -4.62391534e+01
 -1.86097829e+01 -4.61680728e+01
 -1.86038742e+01 -4.59953849e+01
 -1.85856156e+01 -4.56996638e+01
 -1.85446306e+01 -4.52609823e+01
 -1.84675394e+01 -4.46638281e+01
 -1.83415515e+01 -4.38984404e+01
 -1.81573318e+01 -4.29619887e+01
 -1.79093245e+01 -4.18599296e+01
 -1.75942220e+01 -4.06066735e+01
 -1.72095670e+01 -3.92245705e+01
 -1.67535610e+01 -3.77413476e+01
 -1.62257724e+01 -3.61872560e+01
 -1.56278446e+01 -3.45931288e+01
 -1.49635881e+01 -3.29895832e+01
 -1.42386302e+01 -3.14068389e+01
 -1.34602645e+01 -2.98745017e+01
 -1.26377569e+01 -2.84208051e+01
 -1.17825803e+01 -2.70710785e+01
 -1.09078011e+01 -2.58457378e+01
 -1.00264393e+01 -2.47585071e+01
 -9.14949720e+00 -2.38154921e+01
 -8.28462535e+00 -2.30154347e+01
 -7.43584662e+00 -2.23512101e+01
 -6.60401781e+00 -2.18121443e+01
 -5.78753413e+00 -2.13862741e+01
 -4.98316526e+00 -2.10617866e+01
 -4.18721380e+00 -2.08276137e+01
 -3.39706645e+00 -2.06738761e+01
 -2.61290516e+00 -2.05927907e+01
 -1.83906078e+00 -2.05796654e+01
 -1.08429754e+00 -2.06329023e+01
 -3.60660404e-01 -2.07527377e+01
 3.18490743e-01 -2.09399267e+01
 9.40063510e-01 -2.11955487e+01
 1.49191957e+00 -2.15215149e+01
 1.96322892e+00 -2.19205495e+01
 2.34518682e+00 -2.23953169e+01
 2.63187582e+00 -2.29473832e+01
 2.82022208e+00 -2.35766589e+01
 2.90849366e+00 -2.42813663e+01
 2.89434154e+00 -2.50582623e+01
 2.77396945e+00 -2.59029792e+01
 2.54268446e+00 -2.68105554e+01
 2.19563857e+00 -2.77761059e+01
 1.72792757e+00 -2.87952055e+01
 1.13460043e+00 -2.98635762e+01
 4.11490514e-01 -3.09763758e+01
 -4.43232667e-01 -3.21278845e+01
 -1.42768441e+00 -3.33118006e+01
 -2.53550804e+00 -3.45214286e+01
 -3.75540708e+00 -3.57491001e+01
 -5.07070035e+00 -3.69851017e+01
 -6.45921080e+00 -3.82169550e+01
 -7.89377533e+00 -3.94295217e+01
 -9.34307618e+00 -4.06056070e+01
 -1.07724176e+01 -4.17264002e+01
 -1.21448348e+01 -4.27716479e+01
 -1.34234609e+01 -4.37203185e+01
 -1.45752386e+01 -4.45523636e+01
 -1.55744156e+01 -4.52507278e+01
 -1.64038758e+01 -4.58017458e+01
 -1.70541442e+01 -4.61934430e+01
 -1.75220990e+01 -4.64141976e+01
 -1.78117145e+01 -4.64555483e+01
 -1.79374021e+01 -4.63205204e+01
 -1.79279643e+01 -4.60335125e+01
 -1.78267521e+01 -4.56430137e+01
 -1.76836326e+01 -4.52101008e+01
 -1.75403624e+01 -4.47867449e+01
 -1.74190067e+01 -4.43991311e+01
 -1.73219938e+01 -4.40477542e+01
 -1.72415569e+01 -4.37203298e+01
 -1.71692517e+01 -4.34045038e+01
 -1.70999566e+01 -4.30929452e+01
 -1.70315178e+01 -4.27825974e+01
 -1.69632678e+01 -4.24725164e+01
 -1.68950501e+01 -4.21624811e+01
 -1.68268368e+01 -4.18524519e+01
 -1.67586240e+01 -4.15424238e+01
 -1.66904121e+01 -4.12323999e+01
 -1.66222071e+01 -4.09224069e+01
 -1.65540427e+01 -4.06125986e+01
 -1.64860679e+01 -4.03036523e+01
 -1.64187895e+01 -3.99978709e+01
 -1.63535237e+01 -3.97012367e+01
 -1.62928439e+01 -3.94254462e+01
 -1.62404142e+01 -3.91871526e+01
 -1.61997139e+01 -3.90021688e+01
 -1.61997139e+01 -3.90021688e+01
 -1.61997139e+01 -3.90021688e+01
 -1.61997139e+01 -3.90021688e+01
 -1.61997139e+01 -3.90021688e+01
 -1.61997139e+01 -3.90021688e+01
 -1.61997139e+01 -3.90021688e+01
 -1.61997139e+01 -3.90021688e+01
 -1.61997139e+01 -3.90021688e+01
 -1.61997139e+01 -3.90021688e+01
 -1.61997139e+01 -3.90021688e+01
 -1.61997139e+01 -3.90021688e+01
 -1.61997139e+01 -3.90021688e+01
 -1.61997139e+01 -3.90021688e+01
 -1.61997139e+01 -3.90021688e+01
 -1.61997139e+01 -3.90021688e+01
 -1.61997139e+01 -3.90021688e+01
 -1.61997139e+01 -3.90021688e+01
 -1.61997139e+01 -3.90021688e+01
 -1.61997139e+01 -3.90021688e+01
 -1.61997139e+01 -3.90021688e+01
 -1.61997139e+01 -3.90021688e+01
 -1.61997139e+01 -3.90021688e+01
 -1.61997139e+01 -3.90021688e+01
 -1.61997139e+01 -3.90021688e+01
 -1.61997139e+01 -3.90021688e+01
 -1.61997139e+01 -3.90021688e+01
 -1.61997139e+01 -3.90021688e+01
 -1.61997139e+01 -3.90021688e+01
 -1.61997139e+01 -3.90021688e+01
 -1.61997139e+01 -3.90021688e+01
 -1.61997139e+01 -3.90021688e+01
 -1.61997139e+01 -3.90021688e+01
 -1.61997139e+01 -3.90021688e+01
 -1.61997139e+01 -3.90021688e+01
 -1.61997139e+01 -3.90021688e+01
