 0.00000000e+00 0.00000000e+00
 0.00000000e+00 0.00000000e+00
 0.00000000e+00 0.00000000e+00
 0.00000000e+00 0.00000000e+00
 0.00000000e+00 0.00000000e+00
 0.00000000e+00 0.00000000e+00
 0.00000000e+00 0.00000000e+00
 0.00000000e+00 0.00000000e+00
 -6.25025630e-02 1.69402490e-01
 -1.43932157e-01 3.66590767e-01
 -2.39502954e-01 5.63019076e-01
 -3.44213131e-01 7.31875743e-01
 -4.55330364e-01 8.54685260e-01
 -5.73282062e-01 9.20388035e-01
 -7.01110256e-01 9.20727577e-01
 -8.43386891e-01 8.46657563e-01
 -1.00547177e+00 6.87392624e-01
 -1.19340771e+00 4.30874107e-01
 -1.41407992e+00 6.41061962e-02
 -1.67506215e+00 -4.26717583e-01
 -1.98383930e+00 -1.05545408e+00
 -2.34655377e+00 -1.83423977e+00
 -2.76692994e+00 -2.77123302e+00
 -3.24616210e+00 -3.86895364e+00
 -3.78376328e+00 -5.12427795e+00
 -4.37827917e+00 -6.53022375e+00
 -5.02683300e+00 -8.07823181e+00
 -5.72382819e+00 -9.75926097e+00
 -6.46023842e+00 -1.15634097e+01
 -7.22447427e+00 -1.34792901e+01
 -8.00430812e+00 -1.54940797e+01
 -8.78848237e+00 -1.75937835e+01
 -9.56745336e+00 -1.97629287e+01
 -1.03340975e+01 -2.19840110e+01
 -1.10850832e+01 -2.42376058e+01
 -1.18219116e+01 -2.65029354e+01
 -1.25495728e+01 -2.87573178e+01
 -1.32720732e+01 -3.09737482e+01
 -1.39869872e+01 -3.31185856e+01
 -1.46829070e+01 -3.51524995e+01
 -1.53418610e+01 -3.70353601e+01
 -1.59446172e+01 -3.87321243e+01
 -1.64747760e+01 -4.02162698e+01
 -1.69199734e+01 -4.14704260e+01
 -1.72720804e+01 -4.24865686e+01
 -1.75285987e+01 -4.32673089e+01
 -1.76946080e+01 -4.38268573e+01
 -1.77826034e+01 -4.41890056e+01
 -1.78092053e+01 -4.43815845e+01
 -1.77908871e+01 -4.44299851e+01
 -1.77411286e+01 -4.43530432e+01
 -1.76690526e+01 -4.41623410e+01
 -1.75789287e+01 -4.38635403e+01
 -1.74710099e+01 -4.34580813e+01
 -1.73435939e+01 -4.29448731e+01
 -1.71946842e+01 -4.23223400e+01
 -1.70220928e+01 -4.15906520e+01
 -1.68225731e+01 -4.07533138e+01
 -1.65914454e+01 -3.98174878e+01
 -1.63236836e+01 -3.87931950e+01
 -1.60159838e+01 -3.76921880e+01
 -1.56681680e+01 -3.65273806e+01
 -1.52827764e+01 -3.53131098e+01
 -1.48634734e+01 -3.40657228e+01
 -1.44140216e+01 -3.28037092e+01
 -1.39387777e+01 -3.15470333e+01
 -1.34437181e+01 -3.03160081e+01
 -1.29362766e+01 -2.91303273e+01
 -1.24238652e+01 -2.80084637e+01
 -1.19125953e+01 -2.69670850e+01
 -1.14071226e+01 -2.60201370e+01
 -1.09108943e+01 -2.51777049e+01
 -1.04257654e+01 -2.44450562e+01
 -9.95088483e+00 -2.38222357e+01
 -9.48156836e+00 -2.33044647e+01
 -9.00911685e+00 -2.28833058e+01
 -8.52210975e+00 -2.25481179e+01
 -8.00869111e+00 -2.22873078e+01
 -7.45874773e+00 -2.20893643e+01
 -6.86533909e+00 -2.19438291e+01
 -6.22551229e+00 -2.18419518e+01
 -5.54089859e+00 -2.17767709e+01
 -4.81826398e+00 -2.17431856e+01
 -4.06969220e+00 -2.17388951e+01
 -3.31183604e+00 -2.17656711e+01
 -2.56418514e+00 -2.18290491e+01
 -1.84695641e+00 -2.19358345e+01
 -1.17921605e+00 -2.20914767e+01
 -5.77484356e-01 -2.22994418e+01
 -5.48576906e-02 -2.25621763e+01
 3.79430260e-01 -2.28817964e+01
 7.20104702e-01 -2.32596677e+01
 9.65618882e-01 -2.36955315e+01
 1.11753662e+00 -2.41871787e+01
 1.17937297e+00 -2.47311178e+01
 1.15492248e+00 -2.53239124e+01
 1.04678063e+00 -2.59633445e+01
 8.55932818e-01 -2.66486644e+01
 5.82383222e-01 -2.73798408e+01
 2.26081186e-01 -2.81563210e+01
 -2.12436074e-01 -2.89759978e+01
 -7.31970671e-01 -2.98347850e+01
 -1.33110407e+00 -3.07265957e+01
 -2.00848415e+00 -3.16432155e+01
 -2.76225067e+00 -3.25740603e+01
 -3.58885210e+00 -3.35064605e+01
 -4.48235858e+00 -3.44269666e+01
 -5.43496187e+00 -3.53232713e+01
 -6.43803724e+00 -3.61856431e+01
 -7.48244917e+00 -3.70070981e+01
 -8.55761204e+00 -3.77826357e+01
 -9.65022266e+00 -3.85084367e+01
 -1.07439672e+01 -3.91814128e+01
 -1.18205688e+01 -3.97988714e+01
 -1.28613291e+01 -4.03581527e+01
 -1.38480586e+01 -4.08563953e+01
 -1.47632937e+01 -4.12904830e+01
 -1.55907203e+01 -4.16569638e+01
 -1.63163681e+01 -4.19515630e+01
 -1.69298792e+01 -4.21679723e+01
 -1.74247422e+01 -4.22962985e+01
 -1.77974557e+01 -4.23227726e+01
 -1.80469178e+01 -4.22325510e+01
 -1.81755770e+01 -4.20157155e+01
 -1.81927761e+01 -4.16744001e+01
 -1.81185405e+01 -4.12280125e+01
 -1.79837899e+01 -4.07129178e+01
 -1.78237256e+01 -4.01734595e+01
 -1.76667944e+01 -3.96466548e+01
 -1.75269713e+01 -3.91504014e+01
 -1.74047308e+01 -3.86836712e+01
 -1.72940738e+01 -3.82361817e+01
 -1.71889907e+01 -3.77979638e+01
 -1.70859456e+01 -3.73631521e+01
 -1.69834755e+01 -3.69293066e+01
 -1.68811315e+01 -3.64956741e+01
 -1.67788090e+01 -3.60620781e+01
 -1.66764894e+01 -3.56284870e+01
 -1.65741702e+01 -3.51948970e+01
 -1.64718525e+01 -3.47613127e+01
 -1.63695449e+01 -3.43277719e+01
 -1.62672983e+01 -3.38944892e+01
 -1.61653362e+01 -3.34624122e+01
 -1.60644185e+01 -3.30347615e+01
 -1.59665198e+01 -3.26199034e+01
 -1.58755001e+01 -3.22341964e+01
 -1.57968556e+01 -3.19009307e+01
 -1.57358051e+01 -3.16422215e+01
 -1.57358051e+01 -3.16422215e+01
 -1.57358051e+01 -3.16422215e+01
 -1.57358051e+01 -3.16422215e+01
 -1.57358051e+01 -3.16422215e+01
 -1.57358051e+01 -3.16422215e+01
 -1.57358051e+01 -3.16422215e+01
 -1.57358051e+01 -3.16422215e+01
 -1.57358051e+01 -3.16422215e+01
 -1.57358051e+01 -3.16422215e+01
 -1.57358051e+01 -3.16422215e+01
 -1.57358051e+01 -3.16422215e+01
 -1.57358051e+01 -3.16422215e+01
 -1.57358051e+01 -3.16422215e+01
 -1.57358051e+01 -3.16422215e+01
 -1.57358051e+01 -3.16422215e+01
 -1.57358051e+01 -3.16422215e+01
 -1.57358051e+01 -3.16422215e+01
 -1.57358051e+01 -3.16422215e+01
 -1.57358051e+01 -3.16422215e+01
 -1.57358051e+01 -3.16422215e+01
 -1.57358051e+01 -3.16422215e+01
 -1.57358051e+01 -3.16422215e+01
 -1.57358051e+01 -3.16422215e+01
 -1.57358051e+01 -3.16422215e+01
 -1.57358051e+01 -3.16422215e+01
 -1.57358051e+01 -3.16422215e+01
