 0.00000000e+00 0.00000000e+00
 0.00000000e+00 0.00000000e+00
 0.00000000e+00 0.00000000e+00
 0.00000000e+00 0.00000000e+00
 0.00000000e+00 0.00000000e+00
 0.00000000e+00 0.00000000e+00
 0.00000000e+00 0.00000000e+00
 0.00000000e+00 0.00000000e+00
 0.00000000e+00 0.00000000e+00
 0.00000000e+00 0.00000000e+00
 0.00000000e+00 0.00000000e+00
 6.78854552e-03 2.34223490e-01
 1.87124985e-02 5.03564683e-01
 3.45010142e-02 7.63562893e-01
 4.84292124e-02 9.68714510e-01
 5.04553557e-02 1.08072744e+00
 2.83131893e-02 1.06766585e+00
 -2.99711323e-02 8.99968147e-01
 -1.34451192e-01 5.48621611e-01
 -2.92948768e-01 -1.40639430e-02
 -5.11773790e-01 -8.12669692e-01
 -7.96524138e-01 -1.86636128e+00
 -1.15207860e+00 -3.18561803e+00
 -1.58191249e+00 -4.76853096e+00
 -2.08746806e+00 -6.59883199e+00
 -2.66785154e+00 -8.64763741e+00
 -3.31969831e+00 -1.08784663e+01
 -4.03734075e+00 -1.32528689e+01
 -4.81360275e+00 -1.57342098e+01
 -5.64098074e+00 -1.82891649e+01
 -6.51242046e+00 -2.08880273e+01
 -7.42127147e+00 -2.35047467e+01
 -8.36084422e+00 -2.61164985e+01
 -9.32406206e+00 -2.87021065e+01
 -1.03027819e+01 -3.12393965e+01
 -1.12859553e+01 -3.37025603e+01
 -1.22571994e+01 -3.60609363e+01
 -1.31941306e+01 -3.82801406e+01
 -1.40711291e+01 -4.03253179e+01
 -1.48641245e+01 -4.21650702e+01
 -1.55541797e+01 -4.37746408e+01
 -1.61284864e+01 -4.51382098e+01
 -1.65806007e+01 -4.62508879e+01
 -1.69122752e+01 -4.71201621e+01
 -1.71360175e+01 -4.77655491e+01
 -1.72742294e+01 -4.82155056e+01
 -1.73524896e+01 -4.85018678e+01
 -1.73906381e+01 -4.86533033e+01
 -1.73983284e+01 -4.86900230e+01
 -1.73772212e+01 -4.86217700e+01
 -1.73259091e+01 -4.84492749e+01
 -1.72432518e+01 -4.81671743e+01
 -1.71291945e+01 -4.77663599e+01
 -1.69839073e+01 -4.72358091e+01
 -1.68062113e+01 -4.65650558e+01
 -1.65926005e+01 -4.57472899e+01
 -1.63376654e+01 -4.47816911e+01
 -1.60352522e+01 -4.36738508e+01
 -1.56793510e+01 -4.24345702e+01
 -1.52646610e+01 -4.10783817e+01
 -1.47871971e+01 -3.96229942e+01
 -1.42449600e+01 -3.80898809e+01
 -1.36386628e+01 -3.65052531e+01
 -1.29726741e+01 -3.49003753e+01
 -1.22559246e+01 -3.33106687e+01
 -1.15019270e+01 -3.17736912e+01
 -1.07273692e+01 -3.03263058e+01
 -9.94985737e+00 -2.90013751e+01
 -9.18599393e+00 -2.78244866e+01
 -8.45030536e+00 -2.68113350e+01
 -7.75440238e+00 -2.59662875e+01
 -7.10561640e+00 -2.52824760e+01
 -6.50543633e+00 -2.47435993e+01
 -5.94905412e+00 -2.43272873e+01
 -5.42696711e+00 -2.40092649e+01
 -4.92809632e+00 -2.37671135e+01
 -4.44275141e+00 -2.35827960e+01
 -3.96417703e+00 -2.34438850e+01
 -3.48874779e+00 -2.33436943e+01
 -3.01560432e+00 -2.32805113e+01
 -2.54620929e+00 -2.32566634e+01
 -2.08372795e+00 -2.32781679e+01
 -1.63202137e+00 -2.33542446e+01
 -1.19447736e+00 -2.34951468e+01
 -7.73332270e-01 -2.37086002e+01
 -3.69886450e-01 -2.39970797e+01
 1.47148854e-02 -2.43573120e+01
 3.78806184e-01 -2.47813567e+01
 7.19974740e-01 -2.52581134e+01
 1.03516055e+00 -2.57748844e+01
 1.32081460e+00 -2.63191257e+01
 1.57300179e+00 -2.68802938e+01
 1.78757339e+00 -2.74513265e+01
 1.96057261e+00 -2.80293691e+01
 2.08869786e+00 -2.86157220e+01
 2.16918540e+00 -2.92151543e+01
 2.19857532e+00 -2.98347538e+01
 2.17100616e+00 -3.04825951e+01
 2.07786897e+00 -3.11665457e+01
 1.90952441e+00 -3.18934312e+01
 1.65699698e+00 -3.26686254e+01
 1.31146659e+00 -3.34959191e+01
 8.62797927e-01 -3.43773626e+01
 3.00055456e-01 -3.53128696e+01
 -3.85698162e-01 -3.62996004e+01
 -1.19875416e+00 -3.73312505e+01
 -2.13772744e+00 -3.83974297e+01
 -3.19515092e+00 -3.94834781e+01
 -4.35638755e+00 -4.05710389e+01
 -5.59821223e+00 -4.16392834e+01
 -6.88861053e+00 -4.26662932e+01
 -8.18888416e+00 -4.36302633e+01
 -9.45760405e+00 -4.45107076e+01
 -1.06548104e+01 -4.52900023e+01
 -1.17453237e+01 -4.59550001e+01
 -1.27013159e+01 -4.64976988e+01
 -1.35044511e+01 -4.69142642e+01
 -1.41469294e+01 -4.72030597e+01
 -1.46305714e+01 -4.73630950e+01
 -1.49642250e+01 -4.73935769e+01
 -1.51608183e+01 -4.72944649e+01
 -1.52355340e+01 -4.70684114e+01
 -1.52062092e+01 -4.67248330e+01
 -1.50956070e+01 -4.62849869e+01
 -1.49324759e+01 -4.57834985e+01
 -1.47476233e+01 -4.52614695e+01
 -1.45657187e+01 -4.47528341e+01
 -1.43990032e+01 -4.42736356e+01
 -1.42479774e+01 -4.38224108e+01
 -1.41073720e+01 -4.33892872e+01
 -1.39718234e+01 -4.29648520e+01
 -1.38381386e+01 -4.25436012e+01
 -1.37049836e+01 -4.21232525e+01
 -1.35719454e+01 -4.17031023e+01
 -1.34389274e+01 -4.12829861e+01
 -1.33059120e+01 -4.08628746e+01
 -1.31728971e+01 -4.04427641e+01
 -1.30398839e+01 -4.00226591e+01
 -1.29068841e+01 -3.96025962e+01
 -1.27739635e+01 -3.91827835e+01
 -1.26414128e+01 -3.87641389e+01
 -1.25102199e+01 -3.83497830e+01
 -1.23829515e+01 -3.79478221e+01
 -1.22646259e+01 -3.75741060e+01
 -1.21623881e+01 -3.72512009e+01
 -1.20830224e+01 -3.70005344e+01
 -1.20830224e+01 -3.70005344e+01
 -1.20830224e+01 -3.70005344e+01
 -1.20830224e+01 -3.70005344e+01
 -1.20830224e+01 -3.70005344e+01
 -1.20830224e+01 -3.70005344e+01
 -1.20830224e+01 -3.70005344e+01
 -1.20830224e+01 -3.70005344e+01
 -1.20830224e+01 -3.70005344e+01
 -1.20830224e+01 -3.70005344e+01
 -1.20830224e+01 -3.70005344e+01
 -1.20830224e+01 -3.70005344e+01
 -1.20830224e+01 -3.70005344e+01
 -1.20830224e+01 -3.70005344e+01
 -1.20830224e+01 -3.70005344e+01
 -1.20830224e+01 -3.70005344e+01
 -1.20830224e+01 -3.70005344e+01
 -1.20830224e+01 -3.70005344e+01
 -1.20830224e+01 -3.70005344e+01
 -1.20830224e+01 -3.70005344e+01
 -1.20830224e+01 -3.70005344e+01
 -1.20830224e+01 -3.70005344e+01
 -1.20830224e+01 -3.70005344e+01
 -1.20830224e+01 -3.70005344e+01
 -1.20830224e+01 -3.70005344e+01
 -1.20830224e+01 -3.70005344e+01
 -1.20830224e+01 -3.70005344e+01
 -1.20830224e+01 -3.70005344e+01
 -1.20830224e+01 -3.70005344e+01
