 0.00000000e+00 0.00000000e+00
 0.00000000e+00 0.00000000e+00
 0.00000000e+00 0.00000000e+00
 0.00000000e+00 0.00000000e+00
 -1.50302903e-06 9.38531852e-02
 -1.32761312e-05 2.04045993e-01
 -8.62692359e-05 3.14897741e-01
 -4.46098961e-04 4.11579564e-01
 -1.86472106e-03 4.83542681e-01
 -6.37179793e-03 5.22578005e-01
 -1.80276250e-02 5.17893900e-01
 -4.28939163e-02 4.52684310e-01
 -8.74376843e-02 3.04918544e-01
 -1.55989302e-01 5.13244708e-02
 -2.49197019e-01 -3.28656704e-01
 -3.64673484e-01 -8.50958550e-01
 -4.98920750e-01 -1.52641007e+00
 -6.48870150e-01 -2.36002904e+00
 -8.12547657e-01 -3.34967496e+00
 -9.89465280e-01 -4.48551099e+00
 -1.18119895e+00 -5.75195108e+00
 -1.39204805e+00 -7.13189368e+00
 -1.62943370e+00 -8.61112006e+00
 -1.90364916e+00 -1.01807104e+01
 -2.22671187e+00 -1.18366950e+01
 -2.61051913e+00 -1.35774527e+01
 -3.06489152e+00 -1.54001699e+01
 -3.59605302e+00 -1.72979568e+01
 -4.20587294e+00 -1.92586609e+01
 -4.89182455e+00 -2.12651114e+01
 -5.64693058e+00 -2.32954400e+01
 -6.45875471e+00 -2.53224993e+01
 -7.30780006e+00 -2.73132061e+01
 -8.16734715e+00 -2.92298782e+01
 -9.00628226e+00 -3.10343661e+01
 -9.79390870e+00 -3.26930906e+01
 -1.05040999e+01 -3.41801759e+01
 -1.11171997e+01 -3.54778906e+01
 -1.16203760e+01 -3.65761829e+01
 -1.20082342e+01 -3.74733048e+01
 -1.22843702e+01 -3.81772530e+01
 -1.24623915e+01 -3.87057598e+01
 -1.25641102e+01 -3.90834585e+01
 -1.26143322e+01 -3.93376358e+01
 -1.26344792e+01 -3.94949284e+01
 -1.26383830e+01 -3.95791250e+01
 -1.26319991e+01 -3.96084275e+01
 -1.26163198e+01 -3.95921335e+01
 -1.25911522e+01 -3.95291875e+01
 -1.25570955e+01 -3.94102399e+01
 -1.25146391e+01 -3.92216772e+01
 -1.24621572e+01 -3.89488710e+01
 -1.23953794e+01 -3.85776934e+01
 -1.23085794e+01 -3.80953801e+01
 -1.21957969e+01 -3.74920414e+01
 -1.20511777e+01 -3.67628405e+01
 -1.18690817e+01 -3.59095556e+01
 -1.16447522e+01 -3.49402490e+01
 -1.13752284e+01 -3.38671354e+01
 -1.10594346e+01 -3.27040402e+01
 -1.06970744e+01 -3.14647941e+01
 -1.02873274e+01 -3.01628397e+01
 -9.82870629e+00 -2.88115700e+01
 -9.32028248e+00 -2.74250344e+01
 -8.76315414e+00 -2.60189338e+01
 -8.16106587e+00 -2.46116514e+01
 -7.52022884e+00 -2.32247523e+01
 -6.84906086e+00 -2.18824626e+01
 -6.15817934e+00 -2.06100493e+01
 -5.46037064e+00 -1.94314989e+01
 -4.77010951e+00 -1.83671875e+01
 -4.10235143e+00 -1.74321034e+01
 -3.47059098e+00 -1.66347325e+01
 -2.88464171e+00 -1.59765747e+01
 -2.34896052e+00 -1.54525264e+01
 -1.86216789e+00 -1.50523899e+01
 -1.41784477e+00 -1.47633108e+01
 -1.00616824e+00 -1.45725606e+01
 -6.15714882e-01 -1.44700085e+01
 -2.34973620e-01 -1.44495617e+01
 1.46347534e-01 -1.45089810e+01
 5.35867131e-01 -1.46483828e+01
 9.36962134e-01 -1.48687613e+01
 1.34773232e+00 -1.51714300e+01
 1.76119678e+00 -1.55577928e+01
 2.16668099e+00 -1.60285159e+01
 2.55156738e+00 -1.65822580e+01
 2.90266644e+00 -1.72148065e+01
 3.20722280e+00 -1.79190306e+01
 3.45400391e+00 -1.86853881e+01
 3.63455784e+00 -1.95025051e+01
 3.74396166e+00 -2.03576127e+01
 3.78016153e+00 -2.12371017e+01
 3.74211260e+00 -2.21275958e+01
 3.62829912e+00 -2.30174112e+01
 3.43671704e+00 -2.38976424e+01
 3.16556303e+00 -2.47622832e+01
 2.81344893e+00 -2.56077060e+01
 2.37919104e+00 -2.64323177e+01
 1.86182057e+00 -2.72365961e+01
 1.26080065e+00 -2.80228830e+01
 5.75981162e-01 -2.87944758e+01
 -1.92706877e-01 -2.95544007e+01
 -1.04518056e+00 -3.03044793e+01
 -1.98015577e+00 -3.10447265e+01
 -2.99328157e+00 -3.17727677e+01
 -4.07546552e+00 -3.24833174e+01
 -5.21241006e+00 -3.31681526e+01
 -6.38535823e+00 -3.38168464e+01
 -7.57209335e+00 -3.44180045e+01
 -8.74753038e+00 -3.49604143e+01
 -9.88439256e+00 -3.54336410e+01
 -1.09549903e+01 -3.58280393e+01
 -1.19342131e+01 -3.61344412e+01
 -1.28024096e+01 -3.63438631e+01
 -1.35467341e+01 -3.64477863e+01
 -1.41613943e+01 -3.64399978e+01
 -1.46489817e+01 -3.63209837e+01
 -1.50237693e+01 -3.61040377e+01
 -1.53136848e+01 -3.58183890e+01
 -1.55556794e+01 -3.55033675e+01
 -1.57842404e+01 -3.51942357e+01
 -1.60206550e+01 -3.49097228e+01
 -1.62709366e+01 -3.46507755e+01
 -1.65318924e+01 -3.44089851e+01
 -1.67984075e+01 -3.41755932e+01
 -1.70670576e+01 -3.39453166e+01
 -1.73363306e+01 -3.37159293e+01
 -1.76057434e+01 -3.34867389e+01
 -1.78751805e+01 -3.32575823e+01
 -1.81446209e+01 -3.30284304e+01
 -1.84140613e+01 -3.27992792e+01
 -1.86834981e+01 -3.25701310e+01
 -1.89529080e+01 -3.23410058e+01
 -1.92221575e+01 -3.21120170e+01
 -1.94906577e+01 -3.18836655e+01
 -1.97564074e+01 -3.16576531e+01
 -2.00142075e+01 -3.14384017e+01
 -2.02538926e+01 -3.12345566e+01
 -2.04609898e+01 -3.10584265e+01
 -2.06217562e+01 -3.09216994e+01
 -2.06217562e+01 -3.09216994e+01
 -2.06217562e+01 -3.09216994e+01
 -2.06217562e+01 -3.09216994e+01
 -2.06217562e+01 -3.09216994e+01
 -2.06217562e+01 -3.09216994e+01
 -2.06217562e+01 -3.09216994e+01
 -2.06217562e+01 -3.09216994e+01
 -2.06217562e+01 -3.09216994e+01
 -2.06217562e+01 -3.09216994e+01
 -2.06217562e+01 -3.09216994e+01
 -2.06217562e+01 -3.09216994e+01
 -2.06217562e+01 -3.09216994e+01
 -2.06217562e+01 -3.09216994e+01
 -2.06217562e+01 -3.09216994e+01
 -2.06217562e+01 -3.09216994e+01
 -2.06217562e+01 -3.09216994e+01
 -2.06217562e+01 -3.09216994e+01
 -2.06217562e+01 -3.09216994e+01
 -2.06217562e+01 -3.09216994e+01
 -2.06217562e+01 -3.09216994e+01
 -2.06217562e+01 -3.09216994e+01
 -2.06217562e+01 -3.09216994e+01
 -2.06217562e+01 -3.09216994e+01
 -2.06217562e+01 -3.09216994e+01
 -2.06217562e+01 -3.09216994e+01
 -2.06217562e+01 -3.09216994e+01
 -2.06217562e+01 -3.09216994e+01
 -2.06217562e+01 -3.09216994e+01
 -2.06217562e+01 -3.09216994e+01
 -2.06217562e+01 -3.09216994e+01
 -2.06217562e+01 -3.09216994e+01
 -2.06217562e+01 -3.09216994e+01
 -2.06217562e+01 -3.09216994e+01
