 0.00000000e+00 0.00000000e+00
 0.00000000e+00 0.00000000e+00
 0.00000000e+00 0.00000000e+00
 0.00000000e+00 0.00000000e+00
 0.00000000e+00 0.00000000e+00
 0.00000000e+00 0.00000000e+00
 6.58463818e-02 1.30335690e-01
 1.41002957e-01 2.77384462e-01
 2.15502150e-01 4.17915650e-01
 2.81093133e-01 5.31787490e-01
 3.32772075e-01 6.06459024e-01
 3.68482203e-01 6.34644159e-01
 3.88403332e-01 6.08514661e-01
 3.93391757e-01 5.15201529e-01
 3.82392965e-01 3.36297798e-01
 3.50892401e-01 5.05622309e-02
 2.92419551e-01 -3.62868569e-01
 2.02043236e-01 -9.22253114e-01
 7.86142797e-02 -1.64160093e+00
 -7.58979916e-02 -2.52899379e+00
 -2.58420567e-01 -3.58507942e+00
 -4.65801420e-01 -4.80242417e+00
 -6.94488335e-01 -6.16629114e+00
 -9.40259129e-01 -7.65690775e+00
 -1.19905027e+00 -9.25260066e+00
 -1.46842978e+00 -1.09326776e+01
 -1.74855945e+00 -1.26790705e+01
 -2.04227132e+00 -1.44765344e+01
 -2.35497772e+00 -1.63120175e+01
 -2.69511707e+00 -1.81740205e+01
 -3.07480388e+00 -2.00523039e+01
 -3.50955570e+00 -2.19376673e+01
 -4.01620348e+00 -2.38213442e+01
 -4.60917687e+00 -2.56938906e+01
 -5.29653144e+00 -2.75438247e+01
 -6.07736875e+00 -2.93565159e+01
 -6.94136413e+00 -3.11139626e+01
 -7.86980309e+00 -3.27957746e+01
 -8.83699453e+00 -3.43808111e+01
 -9.81163643e+00 -3.58485040e+01
 -1.07589147e+01 -3.71796552e+01
 -1.16442398e+01 -3.83575136e+01
 -1.24380563e+01 -3.93697973e+01
 -1.31197078e+01 -4.02110893e+01
 -1.36786180e+01 -4.08841735e+01
 -1.41128629e+01 -4.13993273e+01
 -1.44268242e+01 -4.17717844e+01
 -1.46293209e+01 -4.20183338e+01
 -1.47316917e+01 -4.21539541e+01
 -1.47447957e+01 -4.21890773e+01
 -1.46762155e+01 -4.21280167e+01
 -1.45301654e+01 -4.19688728e+01
 -1.43098502e+01 -4.17046269e+01
 -1.40194676e+01 -4.13249701e+01
 -1.36645363e+01 -4.08188452e+01
 -1.32516012e+01 -4.01775124e+01
 -1.27881635e+01 -3.93971728e+01
 -1.22825513e+01 -3.84802373e+01
 -1.17434274e+01 -3.74353740e+01
 -1.11790973e+01 -3.62770874e+01
 -1.05968491e+01 -3.50251420e+01
 -1.00024469e+01 -3.37035401e+01
 -9.39991263e+00 -3.23388663e+01
 -8.79179105e+00 -3.09583893e+01
 -8.17992668e+00 -2.95884737e+01
 -7.56633986e+00 -2.82534088e+01
 -6.95352822e+00 -2.69744250e+01
 -6.34394919e+00 -2.57688092e+01
 -5.73932157e+00 -2.46491726e+01
 -5.14065831e+00 -2.36228973e+01
 -4.54909096e+00 -2.26920339e+01
 -3.96666270e+00 -2.18542603e+01
 -3.39647987e+00 -2.11050856e+01
 -2.84234065e+00 -2.04403719e+01
 -2.30815945e+00 -1.98577728e+01
 -1.79729934e+00 -1.93566253e+01
 -1.31188793e+00 -1.89371863e+01
 -8.52307218e-01 -1.86004190e+01
 -4.17015270e-01 -1.83486064e+01
 -2.72091446e-03 -1.81858850e+01
 3.95110755e-01 -1.81174586e+01
 7.81499907e-01 -1.81472245e+01
 1.16116241e+00 -1.82751664e+01
 1.53782933e+00 -1.84964510e+01
 1.91354812e+00 -1.88026893e+01
 2.28798242e+00 -1.91838380e+01
 2.65818572e+00 -1.96291179e+01
 3.01923581e+00 -2.01270087e+01
 3.36541929e+00 -2.06655741e+01
 3.69120417e+00 -2.12338338e+01
 3.99147561e+00 -2.18235780e+01
 4.26110872e+00 -2.24304457e+01
 4.49440591e+00 -2.30537182e+01
 4.68494077e+00 -2.36952648e+01
 4.82596535e+00 -2.43584116e+01
 4.91095052e+00 -2.50470597e+01
 4.93347249e+00 -2.57650148e+01
 4.88625206e+00 -2.65156017e+01
 4.76039549e+00 -2.73016118e+01
 4.54603004e+00 -2.81252452e+01
 4.23407680e+00 -2.89876931e+01
 3.81782908e+00 -2.98885576e+01
 3.29357567e+00 -3.08255701e+01
 2.66052290e+00 -3.17946390e+01
 1.92048790e+00 -3.27897945e+01
 1.07760856e+00 -3.38028161e+01
 1.38264187e-01 -3.48229503e+01
 -8.88534887e-01 -3.58372642e+01
 -1.99020445e+00 -3.68315718e+01
 -3.14955504e+00 -3.77913142e+01
 -4.34449800e+00 -3.87020124e+01
 -5.54877594e+00 -3.95495687e+01
 -6.73315936e+00 -4.03207871e+01
 -7.86666276e+00 -4.10039310e+01
 -8.91817194e+00 -4.15887950e+01
 -9.85899444e+00 -4.20659966e+01
 -1.06658345e+01 -4.24256095e+01
 -1.13228538e+01 -4.26557876e+01
 -1.18220962e+01 -4.27427484e+01
 -1.21630748e+01 -4.26735504e+01
 -1.23530255e+01 -4.24417771e+01
 -1.24084744e+01 -4.20545898e+01
 -1.23569185e+01 -4.15384013e+01
 -1.22355295e+01 -4.09386937e+01
 -1.20841378e+01 -4.03095599e+01
 -1.19343819e+01 -3.96955898e+01
 -1.18021051e+01 -3.91180840e+01
 -1.16884378e+01 -3.85756683e+01
 -1.15872381e+01 -3.80560391e+01
 -1.14921076e+01 -3.75473573e+01
 -1.13992161e+01 -3.70426875e+01
 -1.13069609e+01 -3.65391537e+01
 -1.12148458e+01 -3.60358699e+01
 -1.11227549e+01 -3.55326288e+01
 -1.10306672e+01 -3.50293936e+01
 -1.09385799e+01 -3.45261596e+01
 -1.08464939e+01 -3.40229323e+01
 -1.07544171e+01 -3.35197554e+01
 -1.06623951e+01 -3.30168781e+01
 -1.05706292e+01 -3.25154001e+01
 -1.04798034e+01 -3.20190593e+01
 -1.03916945e+01 -3.15375660e+01
 -1.03097768e+01 -3.10899061e+01
 -1.02389968e+01 -3.07031106e+01
 -1.01840513e+01 -3.04028471e+01
 -1.01840513e+01 -3.04028471e+01
 -1.01840513e+01 -3.04028471e+01
 -1.01840513e+01 -3.04028471e+01
 -1.01840513e+01 -3.04028471e+01
 -1.01840513e+01 -3.04028471e+01
 -1.01840513e+01 -3.04028471e+01
 -1.01840513e+01 -3.04028471e+01
 -1.01840513e+01 -3.04028471e+01
 -1.01840513e+01 -3.04028471e+01
 -1.01840513e+01 -3.04028471e+01
 -1.01840513e+01 -3.04028471e+01
 -1.01840513e+01 -3.04028471e+01
 -1.01840513e+01 -3.04028471e+01
 -1.01840513e+01 -3.04028471e+01
 -1.01840513e+01 -3.04028471e+01
 -1.01840513e+01 -3.04028471e+01
 -1.01840513e+01 -3.04028471e+01
 -1.01840513e+01 -3.04028471e+01
 -1.01840513e+01 -3.04028471e+01
 -1.01840513e+01 -3.04028471e+01
 -1.01840513e+01 -3.04028471e+01
 -1.01840513e+01 -3.04028471e+01
 -1.01840513e+01 -3.04028471e+01
 -1.01840513e+01 -3.04028471e+01
 -1.01840513e+01 -3.04028471e+01
 -1.01840513e+01 -3.04028471e+01
 -1.01840513e+01 -3.04028471e+01
 -1.01840513e+01 -3.04028471e+01
 -1.01840513e+01 -3.04028471e+01
