 0.00000000e+00 0.00000000e+00
 0.00000000e+00 0.00000000e+00
 0.00000000e+00 0.00000000e+00
 0.00000000e+00 0.00000000e+00
 -3.50133937e-11 7.25334278e-02
 -7.46506493e-10 1.61143481e-01
 -1.20539133e-08 2.55899870e-01
 -1.52737264e-07 3.46420598e-01
 -1.52555607e-06 4.24364990e-01
 -1.20610698e-05 4.83437422e-01
 -7.58990544e-05 5.17292264e-01
 -3.83069425e-04 5.16299679e-01
 -1.56664624e-03 4.64955833e-01
 -5.26285823e-03 3.41745666e-01
 -1.47752541e-02 1.21532747e-01
 -3.53895350e-02 -2.21130139e-01
 -7.39787483e-02 -7.09439771e-01
 -1.38093199e-01 -1.36314657e+00
 -2.35185702e-01 -2.19802928e+00
 -3.72638698e-01 -3.22470550e+00
 -5.58757276e-01 -4.44650434e+00
 -8.03789036e-01 -5.85803153e+00
 -1.11949692e+00 -7.44620868e+00
 -1.51721795e+00 -9.19349614e+00
 -2.00608796e+00 -1.10814157e+01
 -2.59270539e+00 -1.30930672e+01
 -3.28182721e+00 -1.52146103e+01
 -4.07711440e+00 -1.74359559e+01
 -4.98144363e+00 -1.97503109e+01
 -5.99635917e+00 -2.21517643e+01
 -7.11987097e+00 -2.46307693e+01
 -8.34249977e+00 -2.71691762e+01
 -9.64344112e+00 -2.97375852e+01
 -1.09898034e+01 -3.22965308e+01
 -1.23401226e+01 -3.48004654e+01
 -1.36501636e+01 -3.72022358e+01
 -1.48779537e+01 -3.94566851e+01
 -1.59870302e+01 -4.15238261e+01
 -1.69490986e+01 -4.33726642e+01
 -1.77470759e+01 -4.49853971e+01
 -1.83776385e+01 -4.63598250e+01
 -1.88512716e+01 -4.75077631e+01
 -1.91887774e+01 -4.84496297e+01
 -1.94156740e+01 -4.92080908e+01
 -1.95574462e+01 -4.98040304e+01
 -1.96370988e+01 -5.02558554e+01
 -1.96737260e+01 -5.05804661e+01
 -1.96807034e+01 -5.07934684e+01
 -1.96644598e+01 -5.09075304e+01
 -1.96255252e+01 -5.09297767e+01
 -1.95615419e+01 -5.08602690e+01
 -1.94702718e+01 -5.06929684e+01
 -1.93511196e+01 -5.04185351e+01
 -1.92049819e+01 -5.00271213e+01
 -1.90332517e+01 -4.95102001e+01
 -1.88371519e+01 -4.88617754e+01
 -1.86177240e+01 -4.80793516e+01
 -1.83756772e+01 -4.71645115e+01
 -1.81105928e+01 -4.61229235e+01
 -1.78201915e+01 -4.49639955e+01
 -1.75006798e+01 -4.37006955e+01
 -1.71482060e+01 -4.23499277e+01
 -1.67604311e+01 -4.09331809e+01
 -1.63371791e+01 -3.94765292e+01
 -1.58799018e+01 -3.80092746e+01
 -1.53905179e+01 -3.65614634e+01
 -1.48705047e+01 -3.51611450e+01
 -1.43206666e+01 -3.38320239e+01
 -1.37411991e+01 -3.25916667e+01
 -1.31315401e+01 -3.14503033e+01
 -1.24901864e+01 -3.04104530e+01
 -1.18150696e+01 -2.94677619e+01
 -1.11046523e+01 -2.86132419e+01
 -1.03592861e+01 -2.78364576e+01
 -9.58218469e+00 -2.71285572e+01
 -8.77969841e+00 -2.64840859e+01
 -7.96106210e+00 -2.59012488e+01
 -7.13781587e+00 -2.53810342e+01
 -6.32272524e+00 -2.49258983e+01
 -5.52814676e+00 -2.45385774e+01
 -4.76442725e+00 -2.42212858e+01
 -4.03907678e+00 -2.39752838e+01
 -3.35682961e+00 -2.38006017e+01
 -2.72009194e+00 -2.36957928e+01
 -2.12928281e+00 -2.36579867e+01
 -1.58306080e+00 -2.36834432e+01
 -1.07876119e+00 -2.37682033e+01
 -6.13143232e-01 -2.39084330e+01
 -1.83184390e-01 -2.41007292e+01
 2.13268109e-01 -2.43426921e+01
 5.76898677e-01 -2.46334222e+01
 9.06374925e-01 -2.49734828e+01
 1.19818544e+00 -2.53644359e+01
 1.44715294e+00 -2.58083841e+01
 1.64739373e+00 -2.63077310e+01
 1.79316669e+00 -2.68650488e+01
 1.87923590e+00 -2.74827917e+01
 1.90071710e+00 -2.81626517e+01
 1.85272648e+00 -2.89047382e+01
 1.73032542e+00 -2.97071168e+01
 1.52882111e+00 -3.05660235e+01
 1.24391440e+00 -3.14764150e+01
 8.71453295e-01 -3.24322615e+01
 4.07186496e-01 -3.34264365e+01
 -1.53136578e-01 -3.44506490e+01
 -8.13400403e-01 -3.54958875e+01
 -1.57655912e+00 -3.65532681e+01
 -2.44367955e+00 -3.76147036e+01
 -3.41260894e+00 -3.86730222e+01
 -4.47686176e+00 -3.97217414e+01
 -5.62536922e+00 -4.07548387e+01
 -6.84307846e+00 -4.17665263e+01
 -8.11191228e+00 -4.27508950e+01
 -9.41174169e+00 -4.37015118e+01
 -1.07213327e+01 -4.46111579e+01
 -1.20194763e+01 -4.54718703e+01
 -1.32866756e+01 -4.62755085e+01
 -1.45073258e+01 -4.70149062e+01
 -1.56711277e+01 -4.76850350e+01
 -1.67719043e+01 -4.82831518e+01
 -1.78036952e+01 -4.88074192e+01
 -1.87569673e+01 -4.92546726e+01
 -1.96183365e+01 -4.96186695e+01
 -2.03738270e+01 -4.98896805e+01
 -2.10120634e+01 -5.00553488e+01
 -2.15246443e+01 -5.01025907e+01
 -2.19056339e+01 -5.00211905e+01
 -2.21546102e+01 -4.98100976e+01
 -2.22838478e+01 -4.94850447e+01
 -2.23233588e+01 -4.90815548e+01
 -2.23159511e+01 -4.86467434e+01
 -2.23023793e+01 -4.82218349e+01
 -2.23070553e+01 -4.78277844e+01
 -2.23350281e+01 -4.74646184e+01
 -2.23798679e+01 -4.71218223e+01
 -2.24333312e+01 -4.67888889e+01
 -2.24900902e+01 -4.64595856e+01
 -2.25478111e+01 -4.61313126e+01
 -2.26057485e+01 -4.58032667e+01
 -2.26637238e+01 -4.54752598e+01
 -2.27217041e+01 -4.51472581e+01
 -2.27796849e+01 -4.48192573e+01
 -2.28376650e+01 -4.44912610e+01
 -2.28956393e+01 -4.41632974e+01
 -2.29535790e+01 -4.38355292e+01
 -2.30113576e+01 -4.35086730e+01
 -2.30685442e+01 -4.31851652e+01
 -2.31240202e+01 -4.28713347e+01
 -2.31755980e+01 -4.25795564e+01
 -2.32201632e+01 -4.23274486e+01
 -2.32547585e+01 -4.21317412e+01
 -2.32547585e+01 -4.21317412e+01
 -2.32547585e+01 -4.21317412e+01
 -2.32547585e+01 -4.21317412e+01
 -2.32547585e+01 -4.21317412e+01
 -2.32547585e+01 -4.21317412e+01
 -2.32547585e+01 -4.21317412e+01
 -2.32547585e+01 -4.21317412e+01
 -2.32547585e+01 -4.21317412e+01
 -2.32547585e+01 -4.21317412e+01
 -2.32547585e+01 -4.21317412e+01
 -2.32547585e+01 -4.21317412e+01
 -2.32547585e+01 -4.21317412e+01
 -2.32547585e+01 -4.21317412e+01
 -2.32547585e+01 -4.21317412e+01
 -2.32547585e+01 -4.21317412e+01
 -2.32547585e+01 -4.21317412e+01
 -2.32547585e+01 -4.21317412e+01
 -2.32547585e+01 -4.21317412e+01
 -2.32547585e+01 -4.21317412e+01
 -2.32547585e+01 -4.21317412e+01
 -2.32547585e+01 -4.21317412e+01
 -2.32547585e+01 -4.21317412e+01
 -2.32547585e+01 -4.21317412e+01
