 0.00000000e+00 0.00000000e+00
 0.00000000e+00 0.00000000e+00
 0.00000000e+00 0.00000000e+00
 0.00000000e+00 0.00000000e+00
 0.00000000e+00 0.00000000e+00
 0.00000000e+00 0.00000000e+00
 0.00000000e+00 0.00000000e+00
 0.00000000e+00 0.00000000e+00
 0.00000000e+00 0.00000000e+00
 0.00000000e+00 0.00000000e+00
 0.00000000e+00 0.00000000e+00
 0.00000000e+00 0.00000000e+00
 -6.48772350e-02 3.75008889e-02
 -1.65084723e-01 6.81992948e-02
 -3.02216826e-01 7.63574186e-02
 -4.74248095e-01 4.47911607e-02
 -6.78837622e-01 -4.50667678e-02
 -9.16119050e-01 -2.14386190e-01
 -1.19007674e+00 -4.87926512e-01
 -1.50880629e+00 -8.94327184e-01
 -1.88387459e+00 -1.46532182e+00
 -2.32895683e+00 -2.23348974e+00
 -2.85824137e+00 -3.22902911e+00
 -3.48513916e+00 -4.47648387e+00
 -4.22134098e+00 -5.99175107e+00
 -5.07545555e+00 -7.77928832e+00
 -6.05030564e+00 -9.82998930e+00
 -7.13929681e+00 -1.21206136e+01
 -8.32398010e+00 -1.46150128e+01
 -9.57488423e+00 -1.72666021e+01
 -1.08556632e+01 -2.00215442e+01
 -1.21285666e+01 -2.28223536e+01
 -1.33589876e+01 -2.56115913e+01
 -1.45182306e+01 -2.83353719e+01
 -1.55850336e+01 -3.09464472e+01
 -1.65464816e+01 -3.34063609e+01
 -1.73980723e+01 -3.56861239e+01
 -1.81422473e+01 -3.77654692e+01
 -1.87854303e+01 -3.96313898e+01
 -1.93347418e+01 -4.12768102e+01
 -1.97958361e+01 -4.26999348e+01
 -2.01725652e+01 -4.39041730e+01
 -2.04683622e+01 -4.48979643e+01
 -2.06886894e+01 -4.56939950e+01
 -2.08430258e+01 -4.63081104e+01
 -2.09445088e+01 -4.67586379e+01
 -2.10070828e+01 -4.70661242e+01
 -2.10424047e+01 -4.72523249e+01
 -2.10585355e+01 -4.73371613e+01
 -2.10602812e+01 -4.73343425e+01
 -2.10502646e+01 -4.72487953e+01
 -2.10302268e+01 -4.70782433e+01
 -2.10016254e+01 -4.68172289e+01
 -2.09645691e+01 -4.64598653e+01
 -2.09159196e+01 -4.60001477e+01
 -2.08485247e+01 -4.54316112e+01
 -2.07521246e+01 -4.47478689e+01
 -2.06147531e+01 -4.39437077e+01
 -2.04235695e+01 -4.30158492e+01
 -2.01652648e+01 -4.19633729e+01
 -1.98269451e+01 -4.07884081e+01
 -1.93979326e+01 -3.94973439e+01
 -1.88718031e+01 -3.81023012e+01
 -1.82476338e+01 -3.66223960e+01
 -1.75302063e+01 -3.50841742e+01
 -1.67296924e+01 -3.35206783e+01
 -1.58612801e+01 -3.19691505e+01
 -1.49446211e+01 -3.04678532e+01
 -1.40027537e+01 -2.90526105e+01
 -1.30605466e+01 -2.77537215e+01
 -1.21429589e+01 -2.65937853e+01
 -1.12730645e+01 -2.55865184e+01
 -1.04697179e+01 -2.47363614e+01
 -9.74556722e+00 -2.40389508e+01
 -9.10656351e+00 -2.34827484e+01
 -8.55304467e+00 -2.30516211e+01
 -8.08114308e+00 -2.27274775e+01
 -7.68348092e+00 -2.24921147e+01
 -7.34950342e+00 -2.23282396e+01
 -7.06649536e+00 -2.22204801e+01
 -6.82149274e+00 -2.21572914e+01
 -6.60308469e+00 -2.21334945e+01
 -6.40210856e+00 -2.21516292e+01
 -6.21145356e+00 -2.22205470e+01
 -6.02608722e+00 -2.23521535e+01
 -5.84396903e+00 -2.25588939e+01
 -5.66720237e+00 -2.28530565e+01
 -5.50195435e+00 -2.32464401e+01
 -5.35637402e+00 -2.37487260e+01
 -5.23766429e+00 -2.43646370e+01
 -5.15060941e+00 -2.50911378e+01
 -5.09817084e+00 -2.59158946e+01
 -5.08184722e+00 -2.68177195e+01
 -5.09995312e+00 -2.77689533e+01
 -5.14585189e+00 -2.87388694e+01
 -5.20937027e+00 -2.96970037e+01
 -5.28086973e+00 -3.06159485e+01
 -5.35459641e+00 -3.14737608e+01
 -5.42987190e+00 -3.22560800e+01
 -5.51139390e+00 -3.29575707e+01
 -5.60954112e+00 -3.35821114e+01
 -5.74017435e+00 -3.41416436e+01
 -5.92348119e+00 -3.46541327e+01
 -6.18200181e+00 -3.51409809e+01
 -6.53807659e+00 -3.56240226e+01
 -7.01112982e+00 -3.61225881e+01
 -7.61545805e+00 -3.66513145e+01
 -8.35889523e+00 -3.72188723e+01
 -9.24218877e+00 -3.78274141e+01
 -1.02587819e+01 -3.84727413e+01
 -1.13947932e+01 -3.91452232e+01
 -1.26289834e+01 -3.98311210e+01
 -1.39327308e+01 -4.05138147e+01
 -1.52707931e+01 -4.11748499e+01
 -1.66040067e+01 -4.17952010e+01
 -1.78938399e+01 -4.23569944e+01
 -1.91067745e+01 -4.28452266e+01
 -2.02163895e+01 -4.32486576e+01
 -2.12032915e+01 -4.35596591e+01
 -2.20548619e+01 -4.37736668e+01
 -2.27658126e+01 -4.38889212e+01
 -2.33381622e+01 -4.39064052e+01
 -2.37787902e+01 -4.38293895e+01
 -2.40950622e+01 -4.36625806e+01
 -2.42918830e+01 -4.34120247e+01
 -2.43740411e+01 -4.30870487e+01
 -2.43540390e+01 -4.27035413e+01
 -2.42589530e+01 -4.22850529e+01
 -2.41273458e+01 -4.18582368e+01
 -2.39954769e+01 -4.14440682e+01
 -2.38838484e+01 -4.10514334e+01
 -2.37950865e+01 -4.06780788e+01
 -2.37220371e+01 -4.03168453e+01
 -2.36567342e+01 -3.99613282e+01
 -2.35943068e+01 -3.96078812e+01
 -2.35326988e+01 -3.92550155e+01
 -2.34712716e+01 -3.89022770e+01
 -2.34098754e+01 -3.85495602e+01
 -2.33484834e+01 -3.81968464e+01
 -2.32870919e+01 -3.78441333e+01
 -2.32257012e+01 -3.74914249e+01
 -2.31643167e+01 -3.71387517e+01
 -2.31029687e+01 -3.67862886e+01
 -2.30417914e+01 -3.64348063e+01
 -2.29812409e+01 -3.60869246e+01
 -2.29225016e+01 -3.57494494e+01
 -2.28678898e+01 -3.54356877e+01
 -2.28207031e+01 -3.51645856e+01
 -2.27840728e+01 -3.49541330e+01
 -2.27840728e+01 -3.49541330e+01
 -2.27840728e+01 -3.49541330e+01
 -2.27840728e+01 -3.49541330e+01
 -2.27840728e+01 -3.49541330e+01
 -2.27840728e+01 -3.49541330e+01
 -2.27840728e+01 -3.49541330e+01
 -2.27840728e+01 -3.49541330e+01
 -2.27840728e+01 -3.49541330e+01
 -2.27840728e+01 -3.49541330e+01
 -2.27840728e+01 -3.49541330e+01
 -2.27840728e+01 -3.49541330e+01
 -2.27840728e+01 -3.49541330e+01
 -2.27840728e+01 -3.49541330e+01
 -2.27840728e+01 -3.49541330e+01
 -2.27840728e+01 -3.49541330e+01
 -2.27840728e+01 -3.49541330e+01
 -2.27840728e+01 -3.49541330e+01
 -2.27840728e+01 -3.49541330e+01
 -2.27840728e+01 -3.49541330e+01
 -2.27840728e+01 -3.49541330e+01
 -2.27840728e+01 -3.49541330e+01
 -2.27840728e+01 -3.49541330e+01
 -2.27840728e+01 -3.49541330e+01
 -2.27840728e+01 -3.49541330e+01
 -2.27840728e+01 -3.49541330e+01
