 0.00000000e+00 0.00000000e+00
 0.00000000e+00 0.00000000e+00
 0.00000000e+00 0.00000000e+00
 0.00000000e+00 0.00000000e+00
 0.00000000e+00 0.00000000e+00
 0.00000000e+00 0.00000000e+00
 0.00000000e+00 0.00000000e+00
 0.00000000e+00 0.00000000e+00
 0.00000000e+00 0.00000000e+00
 9.37993994e-02 1.69906447e-01
 1.83359762e-01 3.48193605e-01
 2.40526108e-01 4.91414877e-01
 2.39055498e-01 5.56803780e-01
 1.59694503e-01 5.08643020e-01
 -8.09862767e-03 3.16507924e-01
 -2.67254178e-01 -4.87371685e-02
 -6.16511429e-01 -6.16253417e-01
 -1.05376490e+00 -1.41323502e+00
 -1.57693115e+00 -2.46112342e+00
 -2.18281165e+00 -3.77138230e+00
 -2.86601526e+00 -5.34183157e+00
 -3.61879334e+00 -7.15470756e+00
 -4.43122519e+00 -9.17760862e+00
 -5.29137259e+00 -1.13676208e+01
 -6.18585515e+00 -1.36774797e+01
 -7.10118949e+00 -1.60616724e+01
 -8.02528135e+00 -1.84807243e+01
 -8.94815660e+00 -2.09032090e+01
 -9.86194689e+00 -2.33061524e+01
 -1.07609909e+01 -2.56746046e+01
 -1.16424290e+01 -2.80005374e+01
 -1.25066025e+01 -3.02809612e+01
 -1.33564127e+01 -3.25156849e+01
 -1.41957206e+01 -3.47054901e+01
 -1.50277710e+01 -3.68509000e+01
 -1.58543831e+01 -3.89509685e+01
 -1.66755107e+01 -4.10016120e+01
 -1.74883455e+01 -4.29937969e+01
 -1.82860847e+01 -4.49124523e+01
 -1.90574046e+01 -4.67367054e+01
 -1.97873288e+01 -4.84412924e+01
 -2.04592198e+01 -4.99987554e+01
 -2.10571674e+01 -5.13823902e+01
 -2.15682148e+01 -5.25698336e+01
 -2.19840746e+01 -5.35463385e+01
 -2.23019948e+01 -5.43062584e+01
 -2.25246115e+01 -5.48520332e+01
 -2.26591425e+01 -5.51915745e+01
 -2.27165277e+01 -5.53358442e+01
 -2.27105650e+01 -5.52975294e+01
 -2.26563289e+01 -5.50899562e+01
 -2.25673598e+01 -5.47249742e+01
 -2.24525188e+01 -5.42102177e+01
 -2.23142542e+01 -5.35478510e+01
 -2.21488674e+01 -5.27362927e+01
 -2.19477770e+01 -5.17739195e+01
 -2.16990134e+01 -5.06621791e+01
 -2.13892365e+01 -4.94065597e+01
 -2.10064369e+01 -4.80161239e+01
 -2.05425427e+01 -4.65032933e+01
 -1.99949109e+01 -4.48846726e+01
 -1.93664266e+01 -4.31823176e+01
 -1.86648259e+01 -4.14243421e+01
 -1.79019927e+01 -3.96441253e+01
 -1.70932710e+01 -3.78781293e+01
 -1.62563040e+01 -3.61629662e+01
 -1.54092775e+01 -3.45324881e+01
 -1.45690930e+01 -3.30153302e+01
 -1.37501024e+01 -3.16330574e+01
 -1.29637283e+01 -3.03991330e+01
 -1.22188773e+01 -2.93189936e+01
 -1.15225833e+01 -2.83911781e+01
 -1.08802560e+01 -2.76089477e+01
 -1.02955021e+01 -2.69617903e+01
 -9.76992601e+00 -2.64367042e+01
 -9.30296341e+00 -2.60195650e+01
 -8.89146701e+00 -2.56967302e+01
 -8.52918097e+00 -2.54564981e+01
 -8.20669893e+00 -2.52897224e+01
 -7.91222738e+00 -2.51894298e+01
 -7.63282713e+00 -2.51502283e+01
 -7.35558432e+00 -2.51682328e+01
 -7.06858690e+00 -2.52410845e+01
 -6.76198958e+00 -2.53672815e+01
 -6.42915282e+00 -2.55450706e+01
 -6.06733478e+00 -2.57717592e+01
 -5.67758208e+00 -2.60436645e+01
 -5.26400113e+00 -2.63563314e+01
 -4.83280201e+00 -2.67048807e+01
 -4.39149266e+00 -2.70846113e+01
 -3.94849451e+00 -2.74918003e+01
 -3.51309965e+00 -2.79244386e+01
 -3.09538886e+00 -2.83826526e+01
 -2.70588834e+00 -2.88686048e+01
 -2.35509025e+00 -2.93858327e+01
 -2.05292662e+00 -2.99383523e+01
 -1.80797039e+00 -3.05299925e+01
 -1.62633340e+00 -3.11640250e+01
 -1.51115406e+00 -3.18427275e+01
 -1.46388253e+00 -3.25667247e+01
 -1.48688935e+00 -3.33345285e+01
 -1.58484207e+00 -3.41427898e+01
 -1.76335050e+00 -3.49871532e+01
 -2.02691853e+00 -3.58630669e+01
 -2.37905027e+00 -3.67660987e+01
 -2.82423668e+00 -3.76919647e+01
 -3.36930185e+00 -3.86367583e+01
 -4.02276537e+00 -3.95974187e+01
 -4.79290950e+00 -4.05719365e+01
 -5.68576971e+00 -4.15589293e+01
 -6.70371700e+00 -4.25567553e+01
 -7.84471193e+00 -4.35624532e+01
 -9.10185123e+00 -4.45706412e+01
 -1.04625903e+01 -4.55726512e+01
 -1.19074776e+01 -4.65563203e+01
 -1.34091032e+01 -4.75064928e+01
 -1.49322067e+01 -4.84058292e+01
 -1.64353565e+01 -4.92356618e+01
 -1.78741113e+01 -4.99771252e+01
 -1.92052982e+01 -5.06127401e+01
 -2.03916099e+01 -5.11278638e+01
 -2.14051813e+01 -5.15109834e+01
 -2.22289058e+01 -5.17526256e+01
 -2.28554462e+01 -5.18441611e+01
 -2.32852732e+01 -5.17782821e+01
 -2.35252474e+01 -5.15515636e+01
 -2.35885533e+01 -5.11679915e+01
 -2.34963666e+01 -5.06426841e+01
 -2.32806620e+01 -5.00052730e+01
 -2.29846275e+01 -4.92996495e+01
 -2.26558162e+01 -4.85752380e+01
 -2.23328956e+01 -4.78713650e+01
 -2.20352047e+01 -4.72054850e+01
 -2.17633727e+01 -4.65744299e+01
 -2.15087076e+01 -4.59655572e+01
 -2.12623768e+01 -4.53672399e+01
 -2.10191179e+01 -4.47727705e+01
 -2.07767319e+01 -4.41793872e+01
 -2.05345383e+01 -4.35862423e+01
 -2.02923777e+01 -4.29931382e+01
 -2.00502216e+01 -4.24000397e+01
 -1.98080663e+01 -4.18069425e+01
 -1.95659142e+01 -4.12138532e+01
 -1.93237863e+01 -4.06208232e+01
 -1.90818026e+01 -4.00281464e+01
 -1.88404923e+01 -3.94371188e+01
 -1.86016539e+01 -3.88521457e+01
 -1.83699602e+01 -3.82846715e+01
 -1.81545470e+01 -3.77570723e+01
 -1.79684217e+01 -3.73012062e+01
 -1.78239354e+01 -3.69473242e+01
 -1.78239354e+01 -3.69473242e+01
 -1.78239354e+01 -3.69473242e+01
 -1.78239354e+01 -3.69473242e+01
 -1.78239354e+01 -3.69473242e+01
 -1.78239354e+01 -3.69473242e+01
 -1.78239354e+01 -3.69473242e+01
 -1.78239354e+01 -3.69473242e+01
 -1.78239354e+01 -3.69473242e+01
 -1.78239354e+01 -3.69473242e+01
 -1.78239354e+01 -3.69473242e+01
 -1.78239354e+01 -3.69473242e+01
 -1.78239354e+01 -3.69473242e+01
 -1.78239354e+01 -3.69473242e+01
 -1.78239354e+01 -3.69473242e+01
 -1.78239354e+01 -3.69473242e+01
 -1.78239354e+01 -3.69473242e+01
 -1.78239354e+01 -3.69473242e+01
 -1.78239354e+01 -3.69473242e+01
 -1.78239354e+01 -3.69473242e+01
 -1.78239354e+01 -3.69473242e+01
 -1.78239354e+01 -3.69473242e+01
 -1.78239354e+01 -3.69473242e+01
 -1.78239354e+01 -3.69473242e+01
