 0.00000000e+00 0.00000000e+00
 0.00000000e+00 0.00000000e+00
 0.00000000e+00 0.00000000e+00
 0.00000000e+00 0.00000000e+00
 0.00000000e+00 0.00000000e+00
 0.00000000e+00 0.00000000e+00
 0.00000000e+00 0.00000000e+00
 0.00000000e+00 0.00000000e+00
 0.00000000e+00 0.00000000e+00
 0.00000000e+00 0.00000000e+00
 0.00000000e+00 0.00000000e+00
 0.00000000e+00 0.00000000e+00
 9.04542328e-02 1.34537551e-01
 1.96195232e-01 2.86691978e-01
 3.00943235e-01 4.30842149e-01
 3.87441764e-01 5.41311896e-01
 4.39689144e-01 5.94907749e-01
 4.41820593e-01 5.67228641e-01
 3.77645263e-01 4.28090833e-01
 2.32940240e-01 1.41163536e-01
 -2.13950416e-03 -3.31695579e-01
 -3.33256717e-01 -1.02468373e+00
 -7.63541088e-01 -1.96391695e+00
 -1.29423934e+00 -3.16521111e+00
 -1.92417753e+00 -4.63251372e+00
 -2.64948476e+00 -6.35661550e+00
 -3.46443306e+00 -8.31542192e+00
 -4.36308940e+00 -1.04772662e+01
 -5.34092583e+00 -1.28068150e+01
 -6.39545387e+00 -1.52707575e+01
 -7.52523280e+00 -1.78402101e+01
 -8.72746087e+00 -2.04889906e+01
 -9.99534828e+00 -2.31895734e+01
 -1.13165353e+01 -2.59095686e+01
 -1.26728666e+01 -2.86105561e+01
 -1.40410265e+01 -3.12492169e+01
 -1.53936011e+01 -3.37797232e+01
 -1.67005650e+01 -3.61567359e+01
 -1.79313453e+01 -3.83388750e+01
 -1.90574270e+01 -4.02923147e+01
 -2.00551527e+01 -4.19937977e+01
 -2.09080855e+01 -4.34324690e+01
 -2.16082744e+01 -4.46102907e+01
 -2.21561751e+01 -4.55410036e+01
 -2.25594917e+01 -4.62475989e+01
 -2.28312300e+01 -4.67583820e+01
 -2.29870779e+01 -4.71021733e+01
 -2.30426176e+01 -4.73037507e+01
 -2.30115052e+01 -4.73809461e+01
 -2.29053477e+01 -4.73443759e+01
 -2.27345845e+01 -4.71992013e+01
 -2.25090248e+01 -4.69468327e+01
 -2.22375746e+01 -4.65852236e+01
 -2.19275964e+01 -4.61085844e+01
 -2.15842866e+01 -4.55081052e+01
 -2.12101563e+01 -4.47739810e+01
 -2.08047724e+01 -4.38977653e+01
 -2.03650691e+01 -4.28741868e+01
 -1.98864384e+01 -4.17024362e+01
 -1.93643772e+01 -4.03873947e+01
 -1.87961033e+01 -3.89410608e+01
 -1.81817475e+01 -3.73839098e+01
 -1.75252216e+01 -3.57454150e+01
 -1.68349029e+01 -3.40629742e+01
 -1.61238320e+01 -3.23792281e+01
 -1.54088607e+01 -3.07384272e+01
 -1.47084875e+01 -2.91824325e+01
 -1.40398483e+01 -2.77466982e+01
 -1.34159502e+01 -2.64568217e+01
 -1.28441069e+01 -2.53265233e+01
 -1.23256926e+01 -2.43576366e+01
 -1.18567515e+01 -2.35419711e+01
 -1.14292142e+01 -2.28643005e+01
 -1.10326300e+01 -2.23054868e+01
 -1.06557849e+01 -2.18450124e+01
 -1.02873760e+01 -2.14628753e+01
 -9.91587890e+00 -2.11413174e+01
 -9.52969572e+00 -2.08665843e+01
 -9.11820969e+00 -2.06302245e+01
 -8.67319703e+00 -2.04293212e+01
 -8.18961787e+00 -2.02656439e+01
 -7.66540451e+00 -2.01442025e+01
 -7.10082720e+00 -2.00717961e+01
 -6.49836713e+00 -2.00560606e+01
 -5.86321980e+00 -2.01049366e+01
 -5.20353647e+00 -2.02256833e+01
 -4.52973638e+00 -2.04229606e+01
 -3.85334730e+00 -2.06969135e+01
 -3.18621639e+00 -2.10424413e+01
 -2.54021925e+00 -2.14496563e+01
 -1.92699870e+00 -2.19048995e+01
 -1.35746637e+00 -2.23922186e+01
 -8.41215037e-01 -2.28955684e+01
 -3.86090381e-01 -2.34014216e+01
 1.89897150e-03 -2.39007970e+01
 3.18240370e-01 -2.43899622e+01
 5.59209974e-01 -2.48700646e+01
 7.21063424e-01 -2.53464574e+01
 7.99486079e-01 -2.58280195e+01
 7.89480328e-01 -2.63261961e+01
 6.85463665e-01 -2.68535736e+01
 4.81320720e-01 -2.74221942e+01
 1.70699832e-01 -2.80419683e+01
 -2.52024898e-01 -2.87195239e+01
 -7.90558838e-01 -2.94577304e+01
 -1.44626271e+00 -3.02557995e+01
 -2.21870599e+00 -3.11095564e+01
 -3.10632995e+00 -3.20116142e+01
 -4.10650383e+00 -3.29516583e+01
 -5.21524763e+00 -3.39171935e+01
 -6.42730401e+00 -3.48946961e+01
 -7.73661347e+00 -3.58706332e+01
 -9.13637454e+00 -3.68318767e+01
 -1.06178320e+01 -3.77655961e+01
 -1.21679639e+01 -3.86590895e+01
 -1.37672925e+01 -3.94997737e+01
 -1.53890281e+01 -4.02751903e+01
 -1.69999093e+01 -4.09729735e+01
 -1.85623905e+01 -4.15809937e+01
 -2.00376033e+01 -4.20877413e+01
 -2.13884615e+01 -4.24825887e+01
 -2.25821952e+01 -4.27556062e+01
 -2.35916572e+01 -4.28972585e+01
 -2.43954163e+01 -4.28987950e+01
 -2.49779902e+01 -4.27540190e+01
 -2.53325989e+01 -4.24627796e+01
 -2.54678846e+01 -4.20359491e+01
 -2.54160523e+01 -4.14999365e+01
 -2.52346042e+01 -4.08962614e+01
 -2.49940410e+01 -4.02721733e+01
 -2.47547456e+01 -3.96651823e+01
 -2.45487370e+01 -3.90920411e+01
 -2.43792845e+01 -3.85502036e+01
 -2.42346960e+01 -3.80283196e+01
 -2.41023266e+01 -3.75159163e+01
 -2.39744943e+01 -3.70069622e+01
 -2.38479572e+01 -3.64989797e+01
 -2.37217068e+01 -3.59912101e+01
 -2.35955056e+01 -3.54834768e+01
 -2.34693111e+01 -3.49757485e+01
 -2.33431174e+01 -3.44680214e+01
 -2.32169255e+01 -3.39603010e+01
 -2.30907462e+01 -3.34526314e+01
 -2.29646420e+01 -3.29452641e+01
 -2.28388887e+01 -3.24393087e+01
 -2.27144237e+01 -3.19385363e+01
 -2.25936819e+01 -3.14527440e+01
 -2.24814243e+01 -3.10010870e+01
 -2.23844294e+01 -3.06108381e+01
 -2.23091337e+01 -3.03078936e+01
 -2.23091337e+01 -3.03078936e+01
 -2.23091337e+01 -3.03078936e+01
 -2.23091337e+01 -3.03078936e+01
 -2.23091337e+01 -3.03078936e+01
 -2.23091337e+01 -3.03078936e+01
 -2.23091337e+01 -3.03078936e+01
 -2.23091337e+01 -3.03078936e+01
 -2.23091337e+01 -3.03078936e+01
 -2.23091337e+01 -3.03078936e+01
 -2.23091337e+01 -3.03078936e+01
 -2.23091337e+01 -3.03078936e+01
 -2.23091337e+01 -3.03078936e+01
 -2.23091337e+01 -3.03078936e+01
 -2.23091337e+01 -3.03078936e+01
 -2.23091337e+01 -3.03078936e+01
 -2.23091337e+01 -3.03078936e+01
 -2.23091337e+01 -3.03078936e+01
 -2.23091337e+01 -3.03078936e+01
 -2.23091337e+01 -3.03078936e+01
 -2.23091337e+01 -3.03078936e+01
 -2.23091337e+01 -3.03078936e+01
 -2.23091337e+01 -3.03078936e+01
 -2.23091337e+01 -3.03078936e+01
 -2.23091337e+01 -3.03078936e+01
