 0.00000000e+00 0.00000000e+00
 0.00000000e+00 0.00000000e+00
 0.00000000e+00 0.00000000e+00
 0.00000000e+00 0.00000000e+00
 0.00000000e+00 0.00000000e+00
 0.00000000e+00 0.00000000e+00
 0.00000000e+00 0.00000000e+00
 0.00000000e+00 0.00000000e+00
 9.90158396e-02 1.44612501e-01
 2.26998565e-01 3.19138891e-01
 3.73620199e-01 5.03421076e-01
 5.26793953e-01 6.78326928e-01
 6.76160305e-01 8.30888872e-01
 8.13333750e-01 9.53518939e-01
 9.30442428e-01 1.04007834e+00
 1.01885716e+00 1.08188284e+00
 1.06800673e+00 1.06467587e+00
 1.06406560e+00 9.66944946e-01
 9.90018596e-01 7.60478041e-01
 8.27951873e-01 4.13431805e-01
 5.61647978e-01 -1.05445505e-01
 1.77495953e-01 -8.23108550e-01
 -3.35640057e-01 -1.75942733e+00
 -9.86124629e-01 -2.92489371e+00
 -1.77876744e+00 -4.31889996e+00
 -2.71419753e+00 -5.92944288e+00
 -3.78868003e+00 -7.73496847e+00
 -4.99442967e+00 -9.70789324e+00
 -6.32024134e+00 -1.18182549e+01
 -7.75182621e+00 -1.40361298e+01
 -9.27123487e+00 -1.63325025e+01
 -1.08553882e+01 -1.86789113e+01
 -1.24745733e+01 -2.10461957e+01
 -1.40921747e+01 -2.34029050e+01
 -1.56664440e+01 -2.57145396e+01
 -1.71540187e+01 -2.79447127e+01
 -1.85140856e+01 -3.00579225e+01
 -1.97121712e+01 -3.20222991e+01
 -2.07231474e+01 -3.38110745e+01
 -2.15333426e+01 -3.54032117e+01
 -2.21415999e+01 -3.67845588e+01
 -2.25590998e+01 -3.79498408e+01
 -2.28077191e+01 -3.89039979e+01
 -2.29169480e+01 -3.96612408e+01
 -2.29202709e+01 -4.02420434e+01
 -2.28521198e+01 -4.06697930e+01
 -2.27451960e+01 -4.09682591e+01
 -2.26272818e+01 -4.11595417e+01
 -2.25181060e+01 -4.12615643e+01
 -2.24281199e+01 -4.12849838e+01
 -2.23600820e+01 -4.12308033e+01
 -2.23121141e+01 -4.10904686e+01
 -2.22797705e+01 -4.08488125e+01
 -2.22558694e+01 -4.04881905e+01
 -2.22290428e+01 -3.99918347e+01
 -2.21828390e+01 -3.93458900e+01
 -2.20964910e+01 -3.85408602e+01
 -2.19472462e+01 -3.75732140e+01
 -2.17131847e+01 -3.64470464e+01
 -2.13754729e+01 -3.51749517e+01
 -2.09200546e+01 -3.37775152e+01
 -2.03394394e+01 -3.22818752e+01
 -1.96346732e+01 -3.07203168e+01
 -1.88167238e+01 -2.91291547e+01
 -1.79063894e+01 -2.75472821e+01
 -1.69323082e+01 -2.60138529e+01
 -1.59273756e+01 -2.45652566e+01
 -1.49246227e+01 -2.32319741e+01
 -1.39537674e+01 -2.20359770e+01
 -1.30388715e+01 -2.09892369e+01
 -1.21967593e+01 -2.00935853e+01
 -1.14360376e+01 -1.93418217e+01
 -1.07571591e+01 -1.87198335e+01
 -1.01538812e+01 -1.82093464e+01
 -9.61576185e+00 -1.77907297e+01
 -9.13095102e+00 -1.74454208e+01
 -8.68876345e+00 -1.71578427e+01
 -8.28177435e+00 -1.69166103e+01
 -7.90698314e+00 -1.67146850e+01
 -7.56539712e+00 -1.65485251e+01
 -7.25995347e+00 -1.64168266e+01
 -6.99279160e+00 -1.63194379e+01
 -6.76331081e+00 -1.62567748e+01
 -6.56771984e+00 -1.62300380e+01
 -6.39973718e+00 -1.62421777e+01
 -6.25165885e+00 -1.62985574e+01
 -6.11533433e+00 -1.64060886e+01
 -5.98312571e+00 -1.65711307e+01
 -5.84896651e+00 -1.67976859e+01
 -5.70919950e+00 -1.70867254e+01
 -5.56266231e+00 -1.74362706e+01
 -5.40991430e+00 -1.78416912e+01
 -5.25220032e+00 -1.82960677e+01
 -5.09088139e+00 -1.87906746e+01
 -4.92733369e+00 -1.93157329e+01
 -4.76281755e+00 -1.98615449e+01
 -4.59841100e+00 -2.04197932e+01
 -4.43563247e+00 -2.09843907e+01
 -4.27769904e+00 -2.15514188e+01
 -4.13049186e+00 -2.21185096e+01
 -4.00261970e+00 -2.26846471e+01
 -3.90526830e+00 -2.32508600e+01
 -3.85313743e+00 -2.38211586e+01
 -3.86608351e+00 -2.44026276e+01
 -3.96877739e+00 -2.50042818e+01
 -4.18695786e+00 -2.56353150e+01
 -4.54287640e+00 -2.63037243e+01
 -5.05324295e+00 -2.70156539e+01
 -5.72952942e+00 -2.77749369e+01
 -6.57836431e+00 -2.85823504e+01
 -7.60106987e+00 -2.94349479e+01
 -8.79299007e+00 -3.03261727e+01
 -1.01431335e+01 -3.12467733e+01
 -1.16339457e+01 -3.21858200e+01
 -1.32409507e+01 -3.31311329e+01
 -1.49322904e+01 -3.40689380e+01
 -1.66683132e+01 -3.49831317e+01
 -1.84016779e+01 -3.58547860e+01
 -2.00790864e+01 -3.66623657e+01
 -2.16456250e+01 -3.73826941e+01
 -2.30509001e+01 -3.79922191e+01
 -2.42542851e+01 -3.84679793e+01
 -2.52270971e+01 -3.87883498e+01
 -2.59525019e+01 -3.89348956e+01
 -2.64266341e+01 -3.88971531e+01
 -2.66636577e+01 -3.86805079e+01
 -2.67023576e+01 -3.83135272e+01
 -2.66060038e+01 -3.78476526e+01
 -2.64484088e+01 -3.73441822e+01
 -2.62906806e+01 -3.68533020e+01
 -2.61644032e+01 -3.63991777e+01
 -2.60727069e+01 -3.59811728e+01
 -2.60043936e+01 -3.55867483e+01
 -2.59475012e+01 -3.52036715e+01
 -2.58948264e+01 -3.48247563e+01
 -2.58433505e+01 -3.44470198e+01
 -2.57921387e+01 -3.40695427e+01
 -2.57409724e+01 -3.36921101e+01
 -2.56898120e+01 -3.33146835e+01
 -2.56386524e+01 -3.29372580e+01
 -2.55874935e+01 -3.25598375e+01
 -2.55363397e+01 -3.21824548e+01
 -2.54852164e+01 -3.18052969e+01
 -2.54342354e+01 -3.14291884e+01
 -2.53837766e+01 -3.10569328e+01
 -2.53348272e+01 -3.06958128e+01
 -2.52893173e+01 -3.03600679e+01
 -2.52499951e+01 -3.00699713e+01
 -2.52194698e+01 -2.98447736e+01
 -2.52194698e+01 -2.98447736e+01
 -2.52194698e+01 -2.98447736e+01
 -2.52194698e+01 -2.98447736e+01
 -2.52194698e+01 -2.98447736e+01
 -2.52194698e+01 -2.98447736e+01
 -2.52194698e+01 -2.98447736e+01
 -2.52194698e+01 -2.98447736e+01
 -2.52194698e+01 -2.98447736e+01
 -2.52194698e+01 -2.98447736e+01
 -2.52194698e+01 -2.98447736e+01
 -2.52194698e+01 -2.98447736e+01
 -2.52194698e+01 -2.98447736e+01
 -2.52194698e+01 -2.98447736e+01
 -2.52194698e+01 -2.98447736e+01
 -2.52194698e+01 -2.98447736e+01
 -2.52194698e+01 -2.98447736e+01
 -2.52194698e+01 -2.98447736e+01
 -2.52194698e+01 -2.98447736e+01
 -2.52194698e+01 -2.98447736e+01
 -2.52194698e+01 -2.98447736e+01
 -2.52194698e+01 -2.98447736e+01
 -2.52194698e+01 -2.98447736e+01
 -2.52194698e+01 -2.98447736e+01
 -2.52194698e+01 -2.98447736e+01
 -2.52194698e+01 -2.98447736e+01
