 0.00000000e+00 0.00000000e+00
 0.00000000e+00 0.00000000e+00
 0.00000000e+00 0.00000000e+00
 0.00000000e+00 0.00000000e+00
 0.00000000e+00 0.00000000e+00
 0.00000000e+00 0.00000000e+00
 0.00000000e+00 0.00000000e+00
 0.00000000e+00 0.00000000e+00
 0.00000000e+00 0.00000000e+00
 3.82248285e-02 1.25356993e-01
 7.75786834e-02 2.77266809e-01
 1.11331886e-01 4.37529106e-01
 1.32807296e-01 5.87531814e-01
 1.35181808e-01 7.13400916e-01
 1.11899276e-01 8.06759362e-01
 5.73888213e-02 8.62182477e-01
 -3.30453754e-02 8.73154072e-01
 -1.63862266e-01 8.28325999e-01
 -3.39569735e-01 7.10204127e-01
 -5.64527592e-01 4.97157145e-01
 -8.42490151e-01 1.66919838e-01
 -1.17606835e+00 -3.01054627e-01
 -1.56629996e+00 -9.24925440e-01
 -2.01236426e+00 -1.72017349e+00
 -2.51148282e+00 -2.69878068e+00
 -3.05928871e+00 -3.86809934e+00
 -3.65069167e+00 -5.22996255e+00
 -4.28066478e+00 -6.78037105e+00
 -4.94458069e+00 -8.50997065e+00
 -5.63866441e+00 -1.04053414e+01
 -6.36122808e+00 -1.24504901e+01
 -7.11405512e+00 -1.46273271e+01
 -7.90221270e+00 -1.69141866e+01
 -8.73134689e+00 -1.92828755e+01
 -9.60369076e+00 -2.16964360e+01
 -1.05153333e+01 -2.41099349e+01
 -1.14560789e+01 -2.64742751e+01
 -1.24106069e+01 -2.87404620e+01
 -1.33587597e+01 -3.08620236e+01
 -1.42749579e+01 -3.27960731e+01
 -1.51293102e+01 -3.45055162e+01
 -1.58923193e+01 -3.59637648e+01
 -1.65414680e+01 -3.71600229e+01
 -1.70656149e+01 -3.81012420e+01
 -1.74648533e+01 -3.88086563e+01
 -1.77471799e+01 -3.93107502e+01
 -1.79247199e+01 -3.96365243e+01
 -1.80105386e+01 -3.98113813e+01
 -1.80158310e+01 -3.98552426e+01
 -1.79484374e+01 -3.97816032e+01
 -1.78138834e+01 -3.95972223e+01
 -1.76176449e+01 -3.93029841e+01
 -1.73661434e+01 -3.88960284e+01
 -1.70662865e+01 -3.83724148e+01
 -1.67252287e+01 -3.77293677e+01
 -1.63507747e+01 -3.69665773e+01
 -1.59512521e+01 -3.60866263e+01
 -1.55342741e+01 -3.50949542e+01
 -1.51052952e+01 -3.39997286e+01
 -1.46671562e+01 -3.28117525e+01
 -1.42209563e+01 -3.15444256e+01
 -1.37675928e+01 -3.02137798e+01
 -1.33087889e+01 -2.88385588e+01
 -1.28469511e+01 -2.74401117e+01
 -1.23844314e+01 -2.60417467e+01
 -1.19231708e+01 -2.46674219e+01
 -1.14647478e+01 -2.33400805e+01
 -1.10101691e+01 -2.20801206e+01
 -1.05593585e+01 -2.09043447e+01
 -1.01110711e+01 -1.98254875e+01
 -9.66360999e+00 -1.88521554e+01
 -9.21579116e+00 -1.79888916e+01
 -8.76734828e+00 -1.72362811e+01
 -8.31851395e+00 -1.65912031e+01
 -7.86904782e+00 -1.60472544e+01
 -7.41717743e+00 -1.55952857e+01
 -6.95905132e+00 -1.52240983e+01
 -6.48918883e+00 -1.49214151e+01
 -6.00172983e+00 -1.46751606e+01
 -5.49170464e+00 -1.44749150e+01
 -4.95580137e+00 -1.43131599e+01
 -4.39269060e+00 -1.41858430e+01
 -3.80318267e+00 -1.40921067e+01
 -3.19048627e+00 -1.40336893e+01
 -2.56065542e+00 -1.40148481e+01
 -1.92287131e+00 -1.40428407e+01
 -1.28909320e+00 -1.41276265e+01
 -6.73108893e-01 -1.42797726e+01
 -8.93792902e-02 -1.45076817e+01
 4.48033076e-01 -1.48160945e+01
 9.26222595e-01 -1.52061298e+01
 1.33370318e+00 -1.56756734e+01
 1.66048177e+00 -1.62194007e+01
 1.89857660e+00 -1.68287962e+01
 2.04279374e+00 -1.74928600e+01
 2.09056889e+00 -1.81997722e+01
 2.04047722e+00 -1.89390287e+01
 1.89080306e+00 -1.97031798e+01
 1.63940303e+00 -2.04886464e+01
 1.28420719e+00 -2.12955826e+01
 8.23222509e-01 -2.21268800e+01
 2.54292241e-01 -2.29865175e+01
 -4.24315999e-01 -2.38777075e+01
 -1.21215887e+00 -2.48012795e+01
 -2.10451855e+00 -2.57544951e+01
 -3.09110981e+00 -2.67303671e+01
 -4.15606302e+00 -2.77175781e+01
 -5.27880490e+00 -2.87010644e+01
 -6.43527066e+00 -2.96632028e+01
 -7.59914561e+00 -3.05853261e+01
 -8.74302604e+00 -3.14491936e+01
 -9.83953079e+00 -3.22382760e+01
 -1.08626450e+01 -3.29389740e+01
 -1.17896000e+01 -3.35417175e+01
 -1.26029439e+01 -3.40415155e+01
 -1.32917057e+01 -3.44375620e+01
 -1.38510373e+01 -3.47321095e+01
 -1.42814515e+01 -3.49296869e+01
 -1.45898443e+01 -3.50380965e+01
 -1.47928422e+01 -3.50713050e+01
 -1.49190122e+01 -3.50514035e+01
 -1.50046084e+01 -3.50055805e+01
 -1.50825418e+01 -3.49579739e+01
 -1.51721758e+01 -3.49221941e+01
 -1.52778010e+01 -3.49004227e+01
 -1.53950504e+01 -3.48884800e+01
 -1.55181980e+01 -3.48814593e+01
 -1.56435758e+01 -3.48762900e+01
 -1.57695976e+01 -3.48716543e+01
 -1.58957629e+01 -3.48671375e+01
 -1.60219529e+01 -3.48626412e+01
 -1.61481463e+01 -3.48581478e+01
 -1.62743399e+01 -3.48536546e+01
 -1.64005318e+01 -3.48491615e+01
 -1.65267112e+01 -3.48446688e+01
 -1.66528153e+01 -3.48401788e+01
 -1.67785686e+01 -3.48357014e+01
 -1.69030337e+01 -3.48312697e+01
 -1.70237755e+01 -3.48269707e+01
 -1.71360330e+01 -3.48229737e+01
 -1.72330279e+01 -3.48195202e+01
 -1.73083236e+01 -3.48168393e+01
 -1.73083236e+01 -3.48168393e+01
 -1.73083236e+01 -3.48168393e+01
 -1.73083236e+01 -3.48168393e+01
 -1.73083236e+01 -3.48168393e+01
 -1.73083236e+01 -3.48168393e+01
 -1.73083236e+01 -3.48168393e+01
 -1.73083236e+01 -3.48168393e+01
 -1.73083236e+01 -3.48168393e+01
 -1.73083236e+01 -3.48168393e+01
 -1.73083236e+01 -3.48168393e+01
 -1.73083236e+01 -3.48168393e+01
 -1.73083236e+01 -3.48168393e+01
 -1.73083236e+01 -3.48168393e+01
 -1.73083236e+01 -3.48168393e+01
 -1.73083236e+01 -3.48168393e+01
 -1.73083236e+01 -3.48168393e+01
 -1.73083236e+01 -3.48168393e+01
 -1.73083236e+01 -3.48168393e+01
 -1.73083236e+01 -3.48168393e+01
 -1.73083236e+01 -3.48168393e+01
 -1.73083236e+01 -3.48168393e+01
 -1.73083236e+01 -3.48168393e+01
 -1.73083236e+01 -3.48168393e+01
 -1.73083236e+01 -3.48168393e+01
 -1.73083236e+01 -3.48168393e+01
 -1.73083236e+01 -3.48168393e+01
 -1.73083236e+01 -3.48168393e+01
 -1.73083236e+01 -3.48168393e+01
 -1.73083236e+01 -3.48168393e+01
 -1.73083236e+01 -3.48168393e+01
 -1.73083236e+01 -3.48168393e+01
 -1.73083236e+01 -3.48168393e+01
