 0.00000000e+00 0.00000000e+00
 0.00000000e+00 0.00000000e+00
 0.00000000e+00 0.00000000e+00
 0.00000000e+00 0.00000000e+00
 0.00000000e+00 0.00000000e+00
 0.00000000e+00 0.00000000e+00
 0.00000000e+00 0.00000000e+00
 0.00000000e+00 0.00000000e+00
 0.00000000e+00 0.00000000e+00
 0.00000000e+00 0.00000000e+00
 0.00000000e+00 0.00000000e+00
 0.00000000e+00 0.00000000e+00
 0.00000000e+00 0.00000000e+00
 0.00000000e+00 0.00000000e+00
 -1.48148893e-01 -1.42694041e-01
 -3.41425719e-01 -3.64663145e-01
 -5.66455618e-01 -6.82767373e-01
 -8.08871528e-01 -1.11122187e+00
 -1.05977907e+00 -1.66145825e+00
 -1.31741700e+00 -2.34182360e+00
 -1.58544345e+00 -3.15757530e+00
 -1.87091295e+00 -4.11148177e+00
 -2.18324158e+00 -5.20461792e+00
 -2.53350589e+00 -6.43686008e+00
 -2.93320790e+00 -7.80711510e+00
 -3.39258110e+00 -9.31350138e+00
 -3.91905775e+00 -1.09533691e+01
 -4.51625541e+00 -1.27228886e+01
 -5.18351779e+00 -1.46161297e+01
 -5.91600290e+00 -1.66237519e+01
 -6.70532657e+00 -1.87316436e+01
 -7.54083531e+00 -2.09201977e+01
 -8.41157073e+00 -2.31648855e+01
 -9.30848728e+00 -2.54379980e+01
 -1.02256435e+01 -2.77103345e+01
 -1.11588612e+01 -2.99512466e+01
 -1.21017826e+01 -3.21267147e+01
 -1.30418647e+01 -3.41976749e+01
 -1.39597314e+01 -3.61219136e+01
 -1.48325343e+01 -3.78601308e+01
 -1.56383315e+01 -3.93826302e+01
 -1.63582604e+01 -4.06725192e+01
 -1.69764793e+01 -4.17250315e+01
 -1.74806050e+01 -4.25459957e+01
 -1.78646084e+01 -4.31516896e+01
 -1.81326727e+01 -4.35686529e+01
 -1.83001998e+01 -4.38302633e+01
 -1.83896540e+01 -4.39694329e+01
 -1.84229213e+01 -4.40106724e+01
 -1.84146660e+01 -4.39656723e+01
 -1.83703373e+01 -4.38339103e+01
 -1.82887173e+01 -4.36065319e+01
 -1.81657835e+01 -4.32706201e+01
 -1.79971028e+01 -4.28122611e+01
 -1.77786268e+01 -4.22186662e+01
 -1.75071565e+01 -4.14802098e+01
 -1.71810281e+01 -4.05925845e+01
 -1.68005780e+01 -3.95584857e+01
 -1.63679968e+01 -3.83881187e+01
 -1.58868710e+01 -3.70983171e+01
 -1.53619667e+01 -3.57107915e+01
 -1.47993222e+01 -3.42505648e+01
 -1.42062269e+01 -3.27453538e+01
 -1.35907865e+01 -3.12254143e+01
 -1.29612510e+01 -2.97225216e+01
 -1.23255626e+01 -2.82675379e+01
 -1.16913554e+01 -2.68874967e+01
 -1.10660415e+01 -2.56035008e+01
 -1.04564751e+01 -2.44300016e+01
 -9.86830951e+00 -2.33752614e+01
 -9.30558702e+00 -2.24423270e+01
 -8.77064731e+00 -2.16297618e+01
 -8.26397691e+00 -2.09319512e+01
 -7.78397353e+00 -2.03395316e+01
 -7.32722342e+00 -1.98405367e+01
 -6.88966765e+00 -1.94222050e+01
 -6.46796826e+00 -1.90727555e+01
 -6.05988641e+00 -1.87824384e+01
 -5.66343265e+00 -1.85437786e+01
 -5.27579457e+00 -1.83515207e+01
 -4.89312112e+00 -1.82027662e+01
 -4.51137429e+00 -1.80972736e+01
 -4.12759580e+00 -1.80374639e+01
 -3.74051645e+00 -1.80278012e+01
 -3.34995841e+00 -1.80736834e+01
 -2.95586838e+00 -1.81802529e+01
 -2.55836215e+00 -1.83514550e+01
 -2.15890276e+00 -1.85893254e+01
 -1.76140994e+00 -1.88932439e+01
 -1.37227402e+00 -1.92592450e+01
 -9.99191146e-01 -1.96800358e+01
 -6.49481467e-01 -2.01460920e+01
 -3.28960537e-01 -2.06472266e+01
 -4.20780923e-02 -2.11737136e+01
 2.07196102e-01 -2.17168356e+01
 4.15077040e-01 -2.22694386e+01
 5.78697952e-01 -2.28267366e+01
 6.96449653e-01 -2.33869030e+01
 7.66245285e-01 -2.39510488e+01
 7.82578709e-01 -2.45227495e+01
 7.35481845e-01 -2.51074277e+01
 6.12556354e-01 -2.57115656e+01
 4.01573045e-01 -2.63416596e+01
 9.13118306e-02 -2.70032054e+01
 -3.28492865e-01 -2.77000532e+01
 -8.66323265e-01 -2.84339429e+01
 -1.52720080e+00 -2.92038139e+01
 -2.31128122e+00 -3.00050269e+01
 -3.21330938e+00 -3.08291573e+01
 -4.22281049e+00 -3.16647845e+01
 -5.32466567e+00 -3.24989817e+01
 -6.49985837e+00 -3.33186686e+01
 -7.72647838e+00 -3.41111830e+01
 -8.98109013e+00 -3.48642678e+01
 -1.02402171e+01 -3.55662507e+01
 -1.14814171e+01 -3.62068199e+01
 -1.26835086e+01 -3.67780320e+01
 -1.38260905e+01 -3.72748758e+01
 -1.48893926e+01 -3.76950461e+01
 -1.58555581e+01 -3.80381563e+01
 -1.67111659e+01 -3.83051509e+01
 -1.74498067e+01 -3.84988327e+01
 -1.80742004e+01 -3.86257207e+01
 -1.85979087e+01 -3.86979833e+01
 -1.90452361e+01 -3.87331942e+01
 -1.94467232e+01 -3.87506825e+01
 -1.98305071e+01 -3.87660688e+01
 -2.02146631e+01 -3.87876057e+01
 -2.06057271e+01 -3.88166241e+01
 -2.10029581e+01 -3.88508750e+01
 -2.14035755e+01 -3.88877331e+01
 -2.18055280e+01 -3.89255687e+01
 -2.22078761e+01 -3.89636855e+01
 -2.26103139e+01 -3.90018650e+01
 -2.30127674e+01 -3.90400553e+01
 -2.34152230e+01 -3.90782470e+01
 -2.38176783e+01 -3.91164389e+01
 -2.42201283e+01 -3.91546302e+01
 -2.46225380e+01 -3.91928178e+01
 -2.50247081e+01 -3.92309826e+01
 -2.54257590e+01 -3.92690412e+01
 -2.58227016e+01 -3.93067099e+01
 -2.62077701e+01 -3.93432518e+01
 -2.65657808e+01 -3.93772260e+01
 -2.68751158e+01 -3.94065810e+01
 -2.71152479e+01 -3.94293688e+01
 -2.71152479e+01 -3.94293688e+01
 -2.71152479e+01 -3.94293688e+01
 -2.71152479e+01 -3.94293688e+01
 -2.71152479e+01 -3.94293688e+01
 -2.71152479e+01 -3.94293688e+01
 -2.71152479e+01 -3.94293688e+01
 -2.71152479e+01 -3.94293688e+01
 -2.71152479e+01 -3.94293688e+01
 -2.71152479e+01 -3.94293688e+01
 -2.71152479e+01 -3.94293688e+01
 -2.71152479e+01 -3.94293688e+01
 -2.71152479e+01 -3.94293688e+01
 -2.71152479e+01 -3.94293688e+01
 -2.71152479e+01 -3.94293688e+01
 -2.71152479e+01 -3.94293688e+01
 -2.71152479e+01 -3.94293688e+01
 -2.71152479e+01 -3.94293688e+01
 -2.71152479e+01 -3.94293688e+01
 -2.71152479e+01 -3.94293688e+01
 -2.71152479e+01 -3.94293688e+01
 -2.71152479e+01 -3.94293688e+01
 -2.71152479e+01 -3.94293688e+01
 -2.71152479e+01 -3.94293688e+01
 -2.71152479e+01 -3.94293688e+01
 -2.71152479e+01 -3.94293688e+01
 -2.71152479e+01 -3.94293688e+01
 -2.71152479e+01 -3.94293688e+01
 -2.71152479e+01 -3.94293688e+01
