 0.00000000e+00 0.00000000e+00
 0.00000000e+00 0.00000000e+00
 0.00000000e+00 0.00000000e+00
 0.00000000e+00 0.00000000e+00
 0.00000000e+00 0.00000000e+00
 0.00000000e+00 0.00000000e+00
 0.00000000e+00 0.00000000e+00
 0.00000000e+00 0.00000000e+00
 0.00000000e+00 0.00000000e+00
 -3.82852519e-02 7.02760927e-02
 -9.68565049e-02 1.47911357e-01
 -1.76858171e-01 2.17881935e-01
 -2.76994481e-01 2.65290748e-01
 -3.95132271e-01 2.76158117e-01
 -5.30580669e-01 2.33335131e-01
 -6.85658981e-01 1.11743479e-01
 -8.65566781e-01 -1.21940913e-01
 -1.07680752e+00 -5.04084450e-01
 -1.32516776e+00 -1.06686944e+00
 -1.61427791e+00 -1.83320815e+00
 -1.94545692e+00 -2.81507883e+00
 -2.31872006e+00 -4.01379833e+00
 -2.73385589e+00 -5.42038737e+00
 -3.19052090e+00 -7.01571613e+00
 -3.68760157e+00 -8.77173518e+00
 -4.22315844e+00 -1.06551763e+01
 -4.79566251e+00 -1.26333441e+01
 -5.40559337e+00 -1.46795800e+01
 -6.05581855e+00 -1.67757836e+01
 -6.75041639e+00 -1.89114097e+01
 -7.49339096e+00 -2.10807146e+01
 -8.28886415e+00 -2.32803955e+01
 -9.14229801e+00 -2.55080030e+01
 -1.00603510e+01 -2.77596925e+01
 -1.10477478e+01 -3.00261573e+01
 -1.21024545e+01 -3.22879654e+01
 -1.32122771e+01 -3.45135464e+01
 -1.43550128e+01 -3.66619702e+01
 -1.55017412e+01 -3.86890972e+01
 -1.66209470e+01 -4.05536132e+01
 -1.76813973e+01 -4.22209551e+01
 -1.86538464e+01 -4.36658360e+01
 -1.95132926e+01 -4.48748109e+01
 -2.02425345e+01 -4.58487065e+01
 -2.08352966e+01 -4.66028860e+01
 -2.12963851e+01 -4.71636555e+01
 -2.16383325e+01 -4.75617762e+01
 -2.18767201e+01 -4.78261812e+01
 -2.20268062e+01 -4.79800818e+01
 -2.21017635e+01 -4.80390774e+01
 -2.21110531e+01 -4.80101298e+01
 -2.20587840e+01 -4.78917123e+01
 -2.19437115e+01 -4.76758899e+01
 -2.17614133e+01 -4.73514045e+01
 -2.15069800e+01 -4.69059745e+01
 -2.11765138e+01 -4.63275128e+01
 -2.07671674e+01 -4.56053156e+01
 -2.02763803e+01 -4.47316721e+01
 -1.97012336e+01 -4.37032220e+01
 -1.90387261e+01 -4.25214258e+01
 -1.82870351e+01 -4.11925107e+01
 -1.74470040e+01 -3.97279655e+01
 -1.65231427e+01 -3.81460773e+01
 -1.55242025e+01 -3.64735523e+01
 -1.44637050e+01 -3.47455659e+01
 -1.33601803e+01 -3.30034913e+01
 -1.22363267e+01 -3.12910390e+01
 -1.11168665e+01 -2.96501409e+01
 -1.00258422e+01 -2.81174341e+01
 -8.98425358e+00 -2.67215070e+01
 -8.00847068e+00 -2.54808184e+01
 -7.10945000e+00 -2.44024122e+01
 -6.29250105e+00 -2.34819648e+01
 -5.55740709e+00 -2.27057669e+01
 -4.89916260e+00 -2.20544920e+01
 -4.30966356e+00 -2.15075414e+01
 -3.77995289e+00 -2.10464714e+01
 -3.30204411e+00 -2.06567050e+01
 -2.86971023e+00 -2.03277050e+01
 -2.47831775e+00 -2.00524295e+01
 -2.12408043e+00 -1.98268876e+01
 -1.80317363e+00 -1.96500261e+01
 -1.51120116e+00 -1.95236553e+01
 -1.24334508e+00 -1.94522600e+01
 -9.95134290e-01 -1.94428758e+01
 -7.63409224e-01 -1.95048755e+01
 -5.47022883e-01 -1.96489999e+01
 -3.47162639e-01 -1.98854759e+01
 -1.67457276e-01 -2.02220350e+01
 -1.37278156e-02 -2.06625446e+01
 1.07146387e-01 -2.12061739e+01
 1.89088246e-01 -2.18469110e+01
 2.27962649e-01 -2.25736540e+01
 2.20936716e-01 -2.33711037e+01
 1.65290516e-01 -2.42213642e+01
 5.87261589e-02 -2.51059225e+01
 -9.90241974e-02 -2.60075385e+01
 -3.05369816e-01 -2.69115524e+01
 -5.55769881e-01 -2.78063911e+01
 -8.45529620e-01 -2.86835368e+01
 -1.17150233e+00 -2.95374648e+01
 -1.53328538e+00 -3.03657557e+01
 -1.93370102e+00 -3.11690847e+01
 -2.37857941e+00 -3.19506406e+01
 -2.87609206e+00 -3.27148557e+01
 -3.43572704e+00 -3.34658973e+01
 -4.06684761e+00 -3.42067100e+01
 -4.77704230e+00 -3.49389912e+01
 -5.57073266e+00 -3.56635699e+01
 -6.44829230e+00 -3.63802912e+01
 -7.40550899e+00 -3.70872473e+01
 -8.43314835e+00 -3.77801819e+01
 -9.51673903e+00 -3.84528206e+01
 -1.06369519e+01 -3.90978463e+01
 -1.17706961e+01 -3.97076497e+01
 -1.28927273e+01 -4.02745414e+01
 -1.39775446e+01 -4.07908984e+01
 -1.50012530e+01 -4.12497228e+01
 -1.59429133e+01 -4.16455187e+01
 -1.67853662e+01 -4.19750177e+01
 -1.75161478e+01 -4.22374498e+01
 -1.81286197e+01 -4.24343667e+01
 -1.86223285e+01 -4.25690372e+01
 -1.90018497e+01 -4.26453091e+01
 -1.92750171e+01 -4.26662056e+01
 -1.94521864e+01 -4.26334784e+01
 -1.95468415e+01 -4.25495668e+01
 -1.95763427e+01 -4.24214857e+01
 -1.95616017e+01 -4.22632599e+01
 -1.95248002e+01 -4.20933803e+01
 -1.94849068e+01 -4.19280316e+01
 -1.94531509e+01 -4.17753767e+01
 -1.94320905e+01 -4.16352860e+01
 -1.94189450e+01 -4.15034637e+01
 -1.94099220e+01 -4.13756472e+01
 -1.94024989e+01 -4.12493074e+01
 -1.93955485e+01 -4.11233877e+01
 -1.93887054e+01 -4.09975607e+01
 -1.93818813e+01 -4.08717497e+01
 -1.93750597e+01 -4.07459408e+01
 -1.93682384e+01 -4.06201323e+01
 -1.93614172e+01 -4.04943254e+01
 -1.93545967e+01 -4.03685312e+01
 -1.93477803e+01 -4.02428119e+01
 -1.93409828e+01 -4.01174424e+01
 -1.93342549e+01 -3.99933572e+01
 -1.93277284e+01 -3.98729839e+01
 -1.93216604e+01 -3.97610689e+01
 -1.93164174e+01 -3.96643700e+01
 -1.93123474e+01 -3.95893041e+01
 -1.93123474e+01 -3.95893041e+01
 -1.93123474e+01 -3.95893041e+01
 -1.93123474e+01 -3.95893041e+01
 -1.93123474e+01 -3.95893041e+01
 -1.93123474e+01 -3.95893041e+01
 -1.93123474e+01 -3.95893041e+01
 -1.93123474e+01 -3.95893041e+01
 -1.93123474e+01 -3.95893041e+01
 -1.93123474e+01 -3.95893041e+01
 -1.93123474e+01 -3.95893041e+01
 -1.93123474e+01 -3.95893041e+01
 -1.93123474e+01 -3.95893041e+01
 -1.93123474e+01 -3.95893041e+01
 -1.93123474e+01 -3.95893041e+01
 -1.93123474e+01 -3.95893041e+01
 -1.93123474e+01 -3.95893041e+01
 -1.93123474e+01 -3.95893041e+01
 -1.93123474e+01 -3.95893041e+01
 -1.93123474e+01 -3.95893041e+01
 -1.93123474e+01 -3.95893041e+01
 -1.93123474e+01 -3.95893041e+01
 -1.93123474e+01 -3.95893041e+01
 -1.93123474e+01 -3.95893041e+01
 -1.93123474e+01 -3.95893041e+01
