 0.00000000e+00 0.00000000e+00
 0.00000000e+00 0.00000000e+00
 0.00000000e+00 0.00000000e+00
 0.00000000e+00 0.00000000e+00
 0.00000000e+00 0.00000000e+00
 0.00000000e+00 0.00000000e+00
 0.00000000e+00 0.00000000e+00
 0.00000000e+00 0.00000000e+00
 0.00000000e+00 0.00000000e+00
 0.00000000e+00 0.00000000e+00
 0.00000000e+00 0.00000000e+00
 0.00000000e+00 0.00000000e+00
 2.17384965e-01 1.71699670e-01
 4.65328521e-01 3.67257003e-01
 6.99192077e-01 5.50803924e-01
 8.73085060e-01 6.82866330e-01
 9.50704139e-01 7.26546538e-01
 9.08570273e-01 6.48371337e-01
 7.34900749e-01 4.17451738e-01
 4.27297336e-01 5.91431063e-03
 -9.71462471e-03 -6.09364731e-01
 -5.66689323e-01 -1.44464542e+00
 -1.23031293e+00 -2.50728691e+00
 -1.98397918e+00 -3.79447704e+00
 -2.80889604e+00 -5.29388274e+00
 -3.68599421e+00 -6.98639289e+00
 -4.59799149e+00 -8.84945656e+00
 -5.53091933e+00 -1.08593755e+01
 -6.47480199e+00 -1.29922857e+01
 -7.42338146e+00 -1.52245737e+01
 -8.37299861e+00 -1.75332618e+01
 -9.32111519e+00 -1.98961063e+01
 -1.02651673e+01 -2.22908593e+01
 -1.12022639e+01 -2.46938878e+01
 -1.21297697e+01 -2.70793749e+01
 -1.30462903e+01 -2.94202333e+01
 -1.39522819e+01 -3.16906346e+01
 -1.48495559e+01 -3.38688796e+01
 -1.57393878e+01 -3.59389730e+01
 -1.66198675e+01 -3.78898962e+01
 -1.74839327e+01 -3.97131005e+01
 -1.83191534e+01 -4.14000279e+01
 -1.91089654e+01 -4.29412228e+01
 -1.98343958e+01 -4.43271190e+01
 -2.04759977e+01 -4.55493973e+01
 -2.10162157e+01 -4.66018132e+01
 -2.14417358e+01 -4.74802575e+01
 -2.17447179e+01 -4.81825070e+01
 -2.19224436e+01 -4.87080455e+01
 -2.19761896e+01 -4.90579717e+01
 -2.19106489e+01 -4.92349633e+01
 -2.17342525e+01 -4.92432947e+01
 -2.14591782e+01 -4.90887741e+01
 -2.10998542e+01 -4.87784298e+01
 -2.06706185e+01 -4.83199926e+01
 -2.01840859e+01 -4.77214968e+01
 -1.96504759e+01 -4.69913111e+01
 -1.90769954e+01 -4.61383733e+01
 -1.84669716e+01 -4.51719300e+01
 -1.78194275e+01 -4.41005755e+01
 -1.71296632e+01 -4.29315532e+01
 -1.63906723e+01 -4.16715970e+01
 -1.55950787e+01 -4.03292949e+01
 -1.47375464e+01 -3.89173479e+01
 -1.38173091e+01 -3.74531392e+01
 -1.28397787e+01 -3.59577338e+01
 -1.18163808e+01 -3.44546944e+01
 -1.07630037e+01 -3.29695295e+01
 -9.69827884e+00 -3.15291035e+01
 -8.64233183e+00 -3.01598988e+01
 -7.61572254e+00 -2.88852902e+01
 -6.63825020e+00 -2.77233509e+01
 -5.72772953e+00 -2.66862886e+01
 -4.89896729e+00 -2.57810852e+01
 -4.16303225e+00 -2.50103185e+01
 -3.52664826e+00 -2.43727112e+01
 -2.99131022e+00 -2.38634943e+01
 -2.55209009e+00 -2.34748864e+01
 -2.19694760e+00 -2.31971085e+01
 -1.90750292e+00 -2.30199790e+01
 -1.66126358e+00 -2.29343153e+01
 -1.43446366e+00 -2.29322682e+01
 -1.20489355e+00 -2.30067976e+01
 -9.54623296e-01 -2.31513782e+01
 -6.72397892e-01 -2.33603921e+01
 -3.55066218e-01 -2.36294645e+01
 -7.57996687e-03 -2.39550234e+01
 3.58136320e-01 -2.43334821e+01
 7.24639413e-01 -2.47611164e+01
 1.07024082e+00 -2.52351660e+01
 1.37024276e+00 -2.57554740e+01
 1.59840996e+00 -2.63253443e+01
 1.72836638e+00 -2.69509869e+01
 1.73434765e+00 -2.76401074e+01
 1.59180782e+00 -2.84004386e+01
 1.27934266e+00 -2.92383708e+01
 7.82096015e-01 -3.01574742e+01
 9.48521320e-02 -3.11569355e+01
 -7.76583704e-01 -3.22301318e+01
 -1.81546881e+00 -3.33636592e+01
 -2.99519732e+00 -3.45374229e+01
 -4.28137705e+00 -3.57262785e+01
 -5.63449783e+00 -3.69027398e+01
 -7.01229819e+00 -3.80395396e+01
 -8.37165052e+00 -3.91113024e+01
 -9.67079623e+00 -4.00956376e+01
 -1.08724421e+01 -4.09744339e+01
 -1.19469303e+01 -4.17355386e+01
 -1.28742541e+01 -4.23739345e+01
 -1.36445404e+01 -4.28913585e+01
 -1.42575189e+01 -4.32945501e+01
 -1.47217594e+01 -4.35935936e+01
 -1.50541984e+01 -4.38015990e+01
 -1.52794873e+01 -4.39353726e+01
 -1.54276625e+01 -4.40153001e+01
 -1.55293582e+01 -4.40629410e+01
 -1.56101540e+01 -4.40968869e+01
 -1.56868678e+01 -4.41293400e+01
 -1.57673215e+01 -4.41655396e+01
 -1.58529358e+01 -4.42059100e+01
 -1.59422219e+01 -4.42489785e+01
 -1.60333531e+01 -4.42933069e+01
 -1.61251825e+01 -4.43380832e+01
 -1.62172150e+01 -4.43829831e+01
 -1.63092932e+01 -4.44279096e+01
 -1.64013793e+01 -4.44728406e+01
 -1.64934665e+01 -4.45177722e+01
 -1.65855538e+01 -4.45627038e+01
 -1.66776398e+01 -4.46076348e+01
 -1.67697166e+01 -4.46525614e+01
 -1.68617385e+01 -4.46974611e+01
 -1.69535044e+01 -4.47422359e+01
 -1.70443303e+01 -4.47865521e+01
 -1.71324392e+01 -4.48295425e+01
 -1.72143569e+01 -4.48695122e+01
 -1.72851369e+01 -4.49040475e+01
 -1.73400824e+01 -4.49308567e+01
 -1.73400824e+01 -4.49308567e+01
 -1.73400824e+01 -4.49308567e+01
 -1.73400824e+01 -4.49308567e+01
 -1.73400824e+01 -4.49308567e+01
 -1.73400824e+01 -4.49308567e+01
 -1.73400824e+01 -4.49308567e+01
 -1.73400824e+01 -4.49308567e+01
 -1.73400824e+01 -4.49308567e+01
 -1.73400824e+01 -4.49308567e+01
 -1.73400824e+01 -4.49308567e+01
 -1.73400824e+01 -4.49308567e+01
 -1.73400824e+01 -4.49308567e+01
 -1.73400824e+01 -4.49308567e+01
 -1.73400824e+01 -4.49308567e+01
 -1.73400824e+01 -4.49308567e+01
 -1.73400824e+01 -4.49308567e+01
 -1.73400824e+01 -4.49308567e+01
 -1.73400824e+01 -4.49308567e+01
 -1.73400824e+01 -4.49308567e+01
 -1.73400824e+01 -4.49308567e+01
 -1.73400824e+01 -4.49308567e+01
 -1.73400824e+01 -4.49308567e+01
 -1.73400824e+01 -4.49308567e+01
 -1.73400824e+01 -4.49308567e+01
 -1.73400824e+01 -4.49308567e+01
 -1.73400824e+01 -4.49308567e+01
 -1.73400824e+01 -4.49308567e+01
 -1.73400824e+01 -4.49308567e+01
 -1.73400824e+01 -4.49308567e+01
 -1.73400824e+01 -4.49308567e+01
 -1.73400824e+01 -4.49308567e+01
 -1.73400824e+01 -4.49308567e+01
 -1.73400824e+01 -4.49308567e+01
 -1.73400824e+01 -4.49308567e+01
 -1.73400824e+01 -4.49308567e+01
 -1.73400824e+01 -4.49308567e+01
 -1.73400824e+01 -4.49308567e+01
