 0.00000000e+00 0.00000000e+00
 0.00000000e+00 0.00000000e+00
 0.00000000e+00 0.00000000e+00
 0.00000000e+00 0.00000000e+00
 0.00000000e+00 0.00000000e+00
 0.00000000e+00 0.00000000e+00
 0.00000000e+00 0.00000000e+00
 0.00000000e+00 0.00000000e+00
 0.00000000e+00 0.00000000e+00
 -2.19916020e-02 2.14514229e-04
 -6.72765392e-02 -2.28345837e-02
 -1.45338919e-01 -8.87747919e-02
 -2.61136632e-01 -2.18814713e-01
 -4.14392563e-01 -4.33026919e-01
 -6.02852560e-01 -7.48903404e-01
 -8.25847926e-01 -1.18101994e+00
 -1.08473502e+00 -1.74106052e+00
 -1.38079707e+00 -2.43772431e+00
 -1.71342787e+00 -3.27668099e+00
 -2.08009701e+00 -4.26090164e+00
 -2.47750397e+00 -5.39129593e+00
 -2.90277184e+00 -6.66729056e+00
 -3.35418368e+00 -8.08722287e+00
 -3.83163026e+00 -9.64884956e+00
 -4.33714243e+00 -1.13500396e+01
 -4.87555617e+00 -1.31887891e+01
 -5.45466808e+00 -1.51615250e+01
 -6.08403812e+00 -1.72601234e+01
 -6.77258477e+00 -1.94695332e+01
 -7.52645773e+00 -2.17675185e+01
 -8.34858774e+00 -2.41263098e+01
 -9.23933077e+00 -2.65144875e+01
 -1.01957996e+01 -2.88973307e+01
 -1.12084998e+01 -3.12355247e+01
 -1.22573775e+01 -3.34843787e+01
 -1.33113707e+01 -3.55961137e+01
 -1.43331802e+01 -3.75254899e+01
 -1.52864814e+01 -3.92361703e+01
 -1.61410861e+01 -4.07045807e+01
 -1.68744001e+01 -4.19203026e+01
 -1.74714763e+01 -4.28848968e+01
 -1.79265229e+01 -4.36114212e+01
 -1.82456411e+01 -4.41245778e+01
 -1.84477424e+01 -4.44593683e+01
 -1.85611271e+01 -4.46565663e+01
 -1.86164223e+01 -4.47553658e+01
 -1.86394313e+01 -4.47856029e+01
 -1.86473625e+01 -4.47630467e+01
 -1.86490720e+01 -4.46901381e+01
 -1.86471646e+01 -4.45608681e+01
 -1.86394584e+01 -4.43655430e+01
 -1.86191872e+01 -4.40926069e+01
 -1.85753182e+01 -4.37286455e+01
 -1.84944278e+01 -4.32592694e+01
 -1.83634436e+01 -4.26717275e+01
 -1.81710284e+01 -4.19577367e+01
 -1.79069929e+01 -4.11145921e+01
 -1.75617296e+01 -4.01442154e+01
 -1.71274500e+01 -3.90516298e+01
 -1.66007059e+01 -3.78444611e+01
 -1.59846062e+01 -3.65336547e+01
 -1.52898193e+01 -3.51345208e+01
 -1.45340922e+01 -3.36672314e+01
 -1.37402324e+01 -3.21564251e+01
 -1.29330639e+01 -3.06301624e+01
 -1.21365615e+01 -2.91187017e+01
 -1.13720837e+01 -2.76530921e+01
 -1.06573912e+01 -2.62630769e+01
 -1.00054539e+01 -2.49742228e+01
 -9.42287380e+00 -2.38051152e+01
 -8.90901443e+00 -2.27657065e+01
 -8.45686192e+00 -2.18572467e+01
 -8.05524605e+00 -2.10734381e+01
 -7.69113473e+00 -2.04022416e+01
 -7.35131061e+00 -1.98280463e+01
 -7.02377174e+00 -1.93340716e+01
 -6.69927990e+00 -1.89046550e+01
 -6.37277907e+00 -1.85269089e+01
 -6.04398474e+00 -1.81914810e+01
 -5.71680480e+00 -1.78925956e+01
 -5.39797167e+00 -1.76276996e+01
 -5.09546784e+00 -1.73967667e+01
 -4.81686769e+00 -1.72011224e+01
 -4.56754964e+00 -1.70420351e+01
 -4.34921377e+00 -1.69199130e+01
 -4.15926267e+00 -1.68347734e+01
 -3.99102028e+00 -1.67876638e+01
 -3.83450232e+00 -1.67819977e+01
 -3.67778825e+00 -1.68239643e+01
 -3.50903989e+00 -1.69218720e+01
 -3.31867471e+00 -1.70848381e+01
 -3.10095367e+00 -1.73213309e+01
 -2.85456290e+00 -1.76377600e+01
 -2.58221460e+00 -1.80371555e+01
 -2.28963228e+00 -1.85181452e+01
 -1.98446887e+00 -1.90744855e+01
 -1.67556870e+00 -1.96952454e+01
 -1.37264834e+00 -2.03657679e+01
 -1.08628734e+00 -2.10695218e+01
 -8.28050908e-01 -2.17906255e+01
 -6.10390428e-01 -2.25164130e+01
 -4.45999625e-01 -2.32392287e+01
 -3.47023594e-01 -2.39568591e+01
 -3.25155043e-01 -2.46715988e+01
 -3.92656892e-01 -2.53884659e+01
 -5.62500468e-01 -2.61131355e+01
 -8.46224025e-01 -2.68500327e+01
 -1.25097820e+00 -2.76009707e+01
 -1.77847642e+00 -2.83646270e+01
 -2.42634636e+00 -2.91368475e+01
 -3.18991518e+00 -2.99113706e+01
 -4.06267459e+00 -3.06804649e+01
 -5.03546688e+00 -3.14353334e+01
 -6.09543815e+00 -3.21665175e+01
 -7.22544393e+00 -3.28644463e+01
 -8.40391942e+00 -3.35199352e+01
 -9.60519494e+00 -3.41244156e+01
 -1.08004970e+01 -3.46699904e+01
 -1.19597033e+01 -3.51496025e+01
 -1.30536351e+01 -3.55574472e+01
 -1.40567054e+01 -3.58894376e+01
 -1.49496177e+01 -3.61433212e+01
 -1.57213494e+01 -3.63181665e+01
 -1.63696052e+01 -3.64134786e+01
 -1.68998396e+01 -3.64291055e+01
 -1.73241470e+01 -3.63675761e+01
 -1.76611215e+01 -3.62387579e+01
 -1.79355025e+01 -3.60628760e+01
 -1.81748336e+01 -3.58668759e+01
 -1.84028684e+01 -3.56746962e+01
 -1.86338995e+01 -3.54988816e+01
 -1.88722861e+01 -3.53399925e+01
 -1.91165509e+01 -3.51924113e+01
 -1.93639030e+01 -3.50503459e+01
 -1.96124416e+01 -3.49103218e+01
 -1.98613258e+01 -3.47708795e+01
 -2.01102873e+01 -3.46315659e+01
 -2.03592622e+01 -3.44922744e+01
 -2.06082389e+01 -3.43529860e+01
 -2.08572155e+01 -3.42136980e+01
 -2.11061888e+01 -3.40744118e+01
 -2.13551371e+01 -3.39351397e+01
 -2.16039373e+01 -3.37959504e+01
 -2.18520451e+01 -3.36571485e+01
 -2.20976113e+01 -3.35197684e+01
 -2.23358316e+01 -3.33864980e+01
 -2.25573127e+01 -3.32625921e+01
 -2.27486810e+01 -3.31555326e+01
 -2.28972373e+01 -3.30724240e+01
 -2.28972373e+01 -3.30724240e+01
 -2.28972373e+01 -3.30724240e+01
 -2.28972373e+01 -3.30724240e+01
 -2.28972373e+01 -3.30724240e+01
 -2.28972373e+01 -3.30724240e+01
 -2.28972373e+01 -3.30724240e+01
 -2.28972373e+01 -3.30724240e+01
 -2.28972373e+01 -3.30724240e+01
 -2.28972373e+01 -3.30724240e+01
 -2.28972373e+01 -3.30724240e+01
 -2.28972373e+01 -3.30724240e+01
 -2.28972373e+01 -3.30724240e+01
 -2.28972373e+01 -3.30724240e+01
 -2.28972373e+01 -3.30724240e+01
 -2.28972373e+01 -3.30724240e+01
 -2.28972373e+01 -3.30724240e+01
 -2.28972373e+01 -3.30724240e+01
 -2.28972373e+01 -3.30724240e+01
 -2.28972373e+01 -3.30724240e+01
 -2.28972373e+01 -3.30724240e+01
 -2.28972373e+01 -3.30724240e+01
 -2.28972373e+01 -3.30724240e+01
 -2.28972373e+01 -3.30724240e+01
 -2.28972373e+01 -3.30724240e+01
 -2.28972373e+01 -3.30724240e+01
