 0.00000000e+00 0.00000000e+00
 0.00000000e+00 0.00000000e+00
 0.00000000e+00 0.00000000e+00
 0.00000000e+00 0.00000000e+00
 0.00000000e+00 0.00000000e+00
 0.00000000e+00 0.00000000e+00
 0.00000000e+00 0.00000000e+00
 0.00000000e+00 0.00000000e+00
 0.00000000e+00 0.00000000e+00
 5.30682934e-02 8.24743393e-02
 9.25076624e-02 1.86895450e-01
 9.70294159e-02 3.04287359e-01
 5.12769001e-02 4.25472999e-01
 -5.14100477e-02 5.43818915e-01
 -2.12634874e-01 6.54556851e-01
 -4.34586943e-01 7.52595741e-01
 -7.22848097e-01 8.31640756e-01
 -1.08530268e+00 8.85141296e-01
 -1.52951936e+00 9.07161102e-01
 -2.06098079e+00 8.91682991e-01
 -2.68255974e+00 8.31433537e-01
 -3.39461398e+00 7.18269298e-01
 -4.19553760e+00 5.45049007e-01
 -5.08303582e+00 3.06946994e-01
 -6.05580601e+00 1.01806538e-03
 -7.11457127e+00 -3.75257569e-01
 -8.26180914e+00 -8.25264604e-01
 -9.50065173e+00 -1.35389933e+00
 -1.08338376e+01 -1.96760277e+00
 -1.22629574e+01 -2.67390991e+00
 -1.37876245e+01 -3.48067841e+00
 -1.54044457e+01 -4.39513417e+00
 -1.71063294e+01 -5.42280178e+00
 -1.88825806e+01 -6.56646168e+00
 -2.07192264e+01 -7.82535422e+00
 -2.25985365e+01 -9.19466461e+00
 -2.44976059e+01 -1.06651033e+01
 -2.63870541e+01 -1.22225023e+01
 -2.82310575e+01 -1.38476485e+01
 -2.99891699e+01 -1.55167372e+01
 -3.16194210e+01 -1.72026936e+01
 -3.30816341e+01 -1.88771669e+01
 -3.43402371e+01 -2.05125396e+01
 -3.53665350e+01 -2.20833612e+01
 -3.61403380e+01 -2.35672696e+01
 -3.66502914e+01 -2.49458445e+01
 -3.68927065e+01 -2.62054102e+01
 -3.68698361e+01 -2.73371662e+01
 -3.65884606e+01 -2.83360288e+01
 -3.60584923e+01 -2.91983020e+01
 -3.52912240e+01 -2.99191774e+01
 -3.42979074e+01 -3.04913490e+01
 -3.30895429e+01 -3.09053613e+01
 -3.16778787e+01 -3.11513211e+01
 -3.00770340e+01 -3.12212315e+01
 -2.83051804e+01 -3.11113737e+01
 -2.63859038e+01 -3.08242982e+01
 -2.43491749e+01 -3.03701481e+01
 -2.22319695e+01 -2.97672921e+01
 -2.00780475e+01 -2.90420885e+01
 -1.79358432e+01 -2.82271973e+01
 -1.58539439e+01 -2.73581056e+01
 -1.38748607e+01 -2.64685315e+01
 -1.20281743e+01 -2.55861235e+01
 -1.03240335e+01 -2.47296394e+01
 -8.74954421e+00 -2.39079976e+01
 -7.27242660e+00 -2.31211403e+01
 -5.85310294e+00 -2.23625968e+01
 -4.45878666e+00 -2.16231865e+01
 -3.07064500e+00 -2.08944924e+01
 -1.68181696e+00 -2.01707384e+01
 -2.91464260e-01 -1.94488448e+01
 1.09971185e+00 -1.87275192e+01
 2.49117000e+00 -1.80063334e+01
 3.88269757e+00 -1.72851752e+01
 5.27423792e+00 -1.65640214e+01
 6.66577991e+00 -1.58428681e+01
 8.05732021e+00 -1.51217159e+01
 9.44884217e+00 -1.44005733e+01
 1.08402249e+01 -1.36795027e+01
 1.22307790e+01 -1.29588616e+01
 1.36174638e+01 -1.22402258e+01
 1.49899433e+01 -1.15289517e+01
 1.63213663e+01 -1.08389547e+01
 1.75592338e+01 -1.01974419e+01
 1.86287989e+01 -9.64315026e+00
 1.94590863e+01 -9.21286189e+00
 1.94590863e+01 -9.21286189e+00
 1.94590863e+01 -9.21286189e+00
 1.94590863e+01 -9.21286189e+00
 1.94590863e+01 -9.21286189e+00
 1.94590863e+01 -9.21286189e+00
 1.94590863e+01 -9.21286189e+00
 1.94590863e+01 -9.21286189e+00
 1.94590863e+01 -9.21286189e+00
 1.94590863e+01 -9.21286189e+00
 1.94590863e+01 -9.21286189e+00
 1.94590863e+01 -9.21286189e+00
 1.94590863e+01 -9.21286189e+00
 1.94590863e+01 -9.21286189e+00
 1.94590863e+01 -9.21286189e+00
 1.94590863e+01 -9.21286189e+00
 1.94590863e+01 -9.21286189e+00
 1.94590863e+01 -9.21286189e+00
 1.94590863e+01 -9.21286189e+00
 1.94590863e+01 -9.21286189e+00
 1.94590863e+01 -9.21286189e+00
 1.94590863e+01 -9.21286189e+00
 1.94590863e+01 -9.21286189e+00
 1.94590863e+01 -9.21286189e+00
 1.94590863e+01 -9.21286189e+00
 1.94590863e+01 -9.21286189e+00
 1.94590863e+01 -9.21286189e+00
 1.94590863e+01 -9.21286189e+00
 1.94590863e+01 -9.21286189e+00
 1.94590863e+01 -9.21286189e+00
 1.94590863e+01 -9.21286189e+00
 1.94590863e+01 -9.21286189e+00
 1.94590863e+01 -9.21286189e+00
 1.94590863e+01 -9.21286189e+00
 1.94590863e+01 -9.21286189e+00
 1.94590863e+01 -9.21286189e+00
 1.94590863e+01 -9.21286189e+00
 1.94590863e+01 -9.21286189e+00
 1.94590863e+01 -9.21286189e+00
 1.94590863e+01 -9.21286189e+00
 1.94590863e+01 -9.21286189e+00
 1.94590863e+01 -9.21286189e+00
 1.94590863e+01 -9.21286189e+00
 1.94590863e+01 -9.21286189e+00
