 0.00000000e+00 0.00000000e+00
 0.00000000e+00 0.00000000e+00
 0.00000000e+00 0.00000000e+00
 0.00000000e+00 0.00000000e+00
 0.00000000e+00 0.00000000e+00
 0.00000000e+00 0.00000000e+00
 0.00000000e+00 0.00000000e+00
 0.00000000e+00 0.00000000e+00
 6.16053832e-02 1.21754387e-01
 1.35409509e-01 2.61189801e-01
 2.11564802e-01 3.95658113e-01
 2.79729639e-01 5.02876003e-01
 3.30445783e-01 5.65166104e-01
 3.54410889e-01 5.68136061e-01
 3.41748293e-01 4.97107441e-01
 2.82501010e-01 3.35522321e-01
 1.68231973e-01 6.67494411e-02
 -6.16335901e-03 -3.22524910e-01
 -2.41658378e-01 -8.39837965e-01
 -5.35670216e-01 -1.48625493e+00
 -8.83163279e-01 -2.25678086e+00
 -1.27759118e+00 -3.14127905e+00
 -1.71189111e+00 -4.12604746e+00
 -2.17993080e+00 -5.19651890e+00
 -2.67825766e+00 -6.34096770e+00
 -3.20747738e+00 -7.55395541e+00
 -3.77257907e+00 -8.83769399e+00
 -4.38191133e+00 -1.02004437e+01
 -5.04489983e+00 -1.16528422e+01
 -5.76903094e+00 -1.32040348e+01
 -6.55718843e+00 -1.48588179e+01
 -7.40644715e+00 -1.66157446e+01
 -8.30848174e+00 -1.84659010e+01
 -9.25076992e+00 -2.03927715e+01
 -1.02178283e+01 -2.23736443e+01
 -1.11924330e+01 -2.43818862e+01
 -1.21569585e+01 -2.63885902e+01
 -1.30944396e+01 -2.83627156e+01
 -1.39887838e+01 -3.02704864e+01
 -1.48243700e+01 -3.20758911e+01
 -1.55860846e+01 -3.37433691e+01
 -1.62604889e+01 -3.52417935e+01
 -1.68376604e+01 -3.65478354e+01
 -1.73126803e+01 -3.76476227e+01
 -1.76862233e+01 -3.85370419e+01
 -1.79645194e+01 -3.92215559e+01
 -1.81588916e+01 -3.97156572e+01
 -1.82840997e+01 -4.00409105e+01
 -1.83547975e+01 -4.02216403e+01
 -1.83815116e+01 -4.02793232e+01
 -1.83689809e+01 -4.02285163e+01
 -1.83178470e+01 -4.00760910e+01
 -1.82274467e+01 -3.98226890e+01
 -1.80966916e+01 -3.94644676e+01
 -1.79226284e+01 -3.89950609e+01
 -1.76989703e+01 -3.84086652e+01
 -1.74164980e+01 -3.77034244e+01
 -1.70649189e+01 -3.68828471e+01
 -1.66347959e+01 -3.59545543e+01
 -1.61189622e+01 -3.49282647e+01
 -1.55136256e+01 -3.38151947e+01
 -1.48192972e+01 -3.26290509e+01
 -1.40413795e+01 -3.13871935e+01
 -1.31903072e+01 -3.01107281e+01
 -1.22813726e+01 -2.88235624e+01
 -1.13342695e+01 -2.75513297e+01
 -1.03719983e+01 -2.63205842e+01
 -9.41871317e+00 -2.51575882e+01
 -8.49674038e+00 -2.40859949e+01
 -7.62372350e+00 -2.31239050e+01
 -6.81078388e+00 -2.22815708e+01
 -6.06189745e+00 -2.15605769e+01
 -5.37421873e+00 -2.09544639e+01
 -4.73915370e+00 -2.04504399e+01
 -4.14417234e+00 -2.00318929e+01
 -3.57521621e+00 -1.96813375e+01
 -3.01926145e+00 -1.93832962e+01
 -2.46655159e+00 -1.91266110e+01
 -1.91213995e+00 -1.89057326e+01
 -1.35647409e+00 -1.87207546e+01
 -8.04955429e-01 -1.85765656e+01
 -2.66738466e-01 -1.84818932e+01
 2.46756990e-01 -1.84484463e+01
 7.23208361e-01 -1.84895014e+01
 1.15045672e+00 -1.86175942e+01
 1.51733387e+00 -1.88421999e+01
 1.81445320e+00 -1.91685329e+01
 2.03509953e+00 -1.95975419e+01
 2.17568019e+00 -2.01264203e+01
 2.23459974e+00 -2.07492025e+01
 2.20983134e+00 -2.14573812e+01
 2.09796864e+00 -2.22404760e+01
 1.89663563e+00 -2.30865339e+01
 1.60775696e+00 -2.39827267e+01
 1.23790377e+00 -2.49161052e+01
 7.95741978e-01 -2.58742031e+01
 2.89430634e-01 -2.68451520e+01
 -2.74546790e-01 -2.78175079e+01
 -8.91623820e-01 -2.87803983e+01
 -1.55908370e+00 -2.97242667e+01
 -2.27581295e+00 -3.06418671e+01
 -3.04190077e+00 -3.15290183e+01
 -3.85801789e+00 -3.23847552e+01
 -4.72436292e+00 -3.32104790e+01
 -5.63906300e+00 -3.40079412e+01
 -6.59625844e+00 -3.47767941e+01
 -7.58441263e+00 -3.55130328e+01
 -8.58539364e+00 -3.62089530e+01
 -9.57464456e+00 -3.68540717e+01
 -1.05226053e+01 -3.74362161e+01
 -1.13973685e+01 -3.79424803e+01
 -1.21679436e+01 -3.83600249e+01
 -1.28068215e+01 -3.86767211e+01
 -1.32909683e+01 -3.88818251e+01
 -1.36023462e+01 -3.89672498e+01
 -1.37308988e+01 -3.89302704e+01
 -1.36817348e+01 -3.87778060e+01
 -1.34829094e+01 -3.85302879e+01
 -1.31851866e+01 -3.82211128e+01
 -1.28483071e+01 -3.78888355e+01
 -1.25201073e+01 -3.75647656e+01
 -1.22231225e+01 -3.72640444e+01
 -1.19569859e+01 -3.69863316e+01
 -1.17108352e+01 -3.67237269e+01
 -1.14742144e+01 -3.64684387e+01
 -1.12410600e+01 -3.62158495e+01
 -1.10088809e+01 -3.59640288e+01
 -1.07769153e+01 -3.57123778e+01
 -1.05449862e+01 -3.54607561e+01
 -1.03130619e+01 -3.52091384e+01
 -1.00811385e+01 -3.49575214e+01
 -9.84921816e+00 -3.47059077e+01
 -9.61732105e+00 -3.44543193e+01
 -9.38556202e+00 -3.42028806e+01
 -9.15444789e+00 -3.39521416e+01
 -8.92570131e+00 -3.37039712e+01
 -8.70379747e+00 -3.34632246e+01
 -8.49748623e+00 -3.32393946e+01
 -8.31922538e+00 -3.30459969e+01
 -8.18084413e+00 -3.28958651e+01
 -8.18084413e+00 -3.28958651e+01
 -8.18084413e+00 -3.28958651e+01
 -8.18084413e+00 -3.28958651e+01
 -8.18084413e+00 -3.28958651e+01
 -8.18084413e+00 -3.28958651e+01
 -8.18084413e+00 -3.28958651e+01
 -8.18084413e+00 -3.28958651e+01
 -8.18084413e+00 -3.28958651e+01
 -8.18084413e+00 -3.28958651e+01
 -8.18084413e+00 -3.28958651e+01
 -8.18084413e+00 -3.28958651e+01
 -8.18084413e+00 -3.28958651e+01
 -8.18084413e+00 -3.28958651e+01
 -8.18084413e+00 -3.28958651e+01
 -8.18084413e+00 -3.28958651e+01
 -8.18084413e+00 -3.28958651e+01
 -8.18084413e+00 -3.28958651e+01
 -8.18084413e+00 -3.28958651e+01
 -8.18084413e+00 -3.28958651e+01
 -8.18084413e+00 -3.28958651e+01
 -8.18084413e+00 -3.28958651e+01
 -8.18084413e+00 -3.28958651e+01
 -8.18084413e+00 -3.28958651e+01
 -8.18084413e+00 -3.28958651e+01
 -8.18084413e+00 -3.28958651e+01
 -8.18084413e+00 -3.28958651e+01
 -8.18084413e+00 -3.28958651e+01
 -8.18084413e+00 -3.28958651e+01
 -8.18084413e+00 -3.28958651e+01
 -8.18084413e+00 -3.28958651e+01
 -8.18084413e+00 -3.28958651e+01
 -8.18084413e+00 -3.28958651e+01
 -8.18084413e+00 -3.28958651e+01
 -8.18084413e+00 -3.28958651e+01
