 0.00000000e+00 0.00000000e+00
 0.00000000e+00 0.00000000e+00
 0.00000000e+00 0.00000000e+00
 0.00000000e+00 0.00000000e+00
 0.00000000e+00 0.00000000e+00
 0.00000000e+00 0.00000000e+00
 0.00000000e+00 0.00000000e+00
 7.22968888e-02 1.72514738e-02
 1.30967806e-01 4.08891079e-02
 1.47813333e-01 6.87711307e-02
 9.93315443e-02 9.79944367e-02
 -2.83055161e-02 1.26199038e-01
 -2.39954981e-01 1.51781229e-01
 -5.35543535e-01 1.73075197e-01
 -9.14630124e-01 1.87712628e-01
 -1.37910501e+00 1.92499003e-01
 -1.93324952e+00 1.82950602e-01
 -2.58250756e+00 1.52626797e-01
 -3.33245881e+00 9.37815576e-02
 -4.18794602e+00 -4.01389482e-04
 -5.15170591e+00 -1.33963744e-01
 -6.22275122e+00 -3.08295603e-01
 -7.39547234e+00 -5.23515115e-01
 -8.65990523e+00 -7.79605503e-01
 -1.00026384e+01 -1.07691401e+00
 -1.14077237e+01 -1.41648091e+00
 -1.28576560e+01 -1.80050151e+00
 -1.43347521e+01 -2.23282781e+00
 -1.58227018e+01 -2.71929934e+00
 -1.73075760e+01 -3.26769346e+00
 -1.87778139e+01 -3.88705719e+00
 -2.02234501e+01 -4.58638812e+00
 -2.16355160e+01 -5.37326228e+00
 -2.30065052e+01 -6.25338904e+00
 -2.43316859e+01 -7.23125831e+00
 -2.56097947e+01 -8.31059559e+00
 -2.68417719e+01 -9.49317006e+00
 -2.80278846e+01 -1.07762135e+01
 -2.91650649e+01 -1.21504341e+01
 -3.02459302e+01 -1.36002616e+01
 -3.12593455e+01 -1.51058082e+01
 -3.21914046e+01 -1.66446071e+01
 -3.30261581e+01 -1.81922683e+01
 -3.37464136e+01 -1.97232407e+01
 -3.43352655e+01 -2.12130239e+01
 -3.47783312e+01 -2.26412128e+01
 -3.50656467e+01 -2.39932187e+01
 -3.51920350e+01 -2.52592826e+01
 -3.51559751e+01 -2.64316755e+01
 -3.49580835e+01 -2.75021591e+01
 -3.45997957e+01 -2.84607108e+01
 -3.40818400e+01 -2.92950304e+01
 -3.34023731e+01 -2.99903148e+01
 -3.25556516e+01 -3.05294966e+01
 -3.15323237e+01 -3.08942637e+01
 -3.03216407e+01 -3.10669247e+01
 -2.89149248e+01 -3.10330990e+01
 -2.73092877e+01 -3.07849398e+01
 -2.55110312e+01 -3.03240954e+01
 -2.35386464e+01 -2.96635819e+01
 -2.14251472e+01 -2.88282782e+01
 -1.92188390e+01 -2.78541028e+01
 -1.69813263e+01 -2.67858185e+01
 -1.47821289e+01 -2.56733466e+01
 -1.26903101e+01 -2.45667158e+01
 -1.07639674e+01 -2.35099641e+01
 -9.03847725e+00 -2.25343305e+01
 -7.51610217e+00 -2.16519786e+01
 -6.16318060e+00 -2.08536381e+01
 -4.92121879e+00 -2.01139299e+01
 -3.72949696e+00 -1.94034291e+01
 -2.54575142e+00 -1.87002900e+01
 -1.35224994e+00 -1.79944297e+01
 -1.47926612e-01 -1.72842721e+01
 1.06271785e+00 -1.65714204e+01
 2.27592437e+00 -1.58574450e+01
 3.48990131e+00 -1.51431267e+01
 4.70405451e+00 -1.44287293e+01
 5.91823871e+00 -1.37143180e+01
 7.13242702e+00 -1.29999048e+01
 8.34661411e+00 -1.22854923e+01
 9.56078523e+00 -1.15710893e+01
 1.07748348e+01 -1.08567578e+01
 1.19881615e+01 -1.01428516e+01
 1.31981119e+01 -9.43093201e+00
 1.43956676e+01 -8.72630533e+00
 1.55573995e+01 -8.04275689e+00
 1.66374995e+01 -7.40723960e+00
 1.75707475e+01 -6.85812823e+00
 1.82952140e+01 -6.43186124e+00
 1.82952140e+01 -6.43186124e+00
 1.82952140e+01 -6.43186124e+00
 1.82952140e+01 -6.43186124e+00
 1.82952140e+01 -6.43186124e+00
 1.82952140e+01 -6.43186124e+00
 1.82952140e+01 -6.43186124e+00
 1.82952140e+01 -6.43186124e+00
 1.82952140e+01 -6.43186124e+00
 1.82952140e+01 -6.43186124e+00
 1.82952140e+01 -6.43186124e+00
 1.82952140e+01 -6.43186124e+00
 1.82952140e+01 -6.43186124e+00
 1.82952140e+01 -6.43186124e+00
 1.82952140e+01 -6.43186124e+00
 1.82952140e+01 -6.43186124e+00
 1.82952140e+01 -6.43186124e+00
 1.82952140e+01 -6.43186124e+00
 1.82952140e+01 -6.43186124e+00
 1.82952140e+01 -6.43186124e+00
 1.82952140e+01 -6.43186124e+00
 1.82952140e+01 -6.43186124e+00
 1.82952140e+01 -6.43186124e+00
 1.82952140e+01 -6.43186124e+00
 1.82952140e+01 -6.43186124e+00
 1.82952140e+01 -6.43186124e+00
 1.82952140e+01 -6.43186124e+00
 1.82952140e+01 -6.43186124e+00
 1.82952140e+01 -6.43186124e+00
 1.82952140e+01 -6.43186124e+00
 1.82952140e+01 -6.43186124e+00
 1.82952140e+01 -6.43186124e+00
 1.82952140e+01 -6.43186124e+00
 1.82952140e+01 -6.43186124e+00
 1.82952140e+01 -6.43186124e+00
 1.82952140e+01 -6.43186124e+00
 1.82952140e+01 -6.43186124e+00
 1.82952140e+01 -6.43186124e+00
 1.82952140e+01 -6.43186124e+00
 1.82952140e+01 -6.43186124e+00
 1.82952140e+01 -6.43186124e+00
