 0.00000000e+00 0.00000000e+00
 0.00000000e+00 0.00000000e+00
 0.00000000e+00 0.00000000e+00
 0.00000000e+00 0.00000000e+00
 0.00000000e+00 0.00000000e+00
 0.00000000e+00 0.00000000e+00
 0.00000000e+00 0.00000000e+00
 0.00000000e+00 0.00000000e+00
 -2.05625727e-02 4.86158370e-02
 -6.46798822e-02 1.12524490e-01
 -1.44789996e-01 1.89650089e-01
 -2.71291955e-01 2.78509030e-01
 -4.50679463e-01 3.78649450e-01
 -6.86845798e-01 4.89358356e-01
 -9.83949789e-01 6.08142814e-01
 -1.34848878e+00 7.30309978e-01
 -1.78981074e+00 8.49716004e-01
 -2.31944616e+00 9.59950704e-01
 -2.94973383e+00 1.05527130e+00
 -3.69215585e+00 1.13086108e+00
 -4.55573099e+00 1.18220276e+00
 -5.54573093e+00 1.20406564e+00
 -6.66300961e+00 1.19031752e+00
 -7.90409222e+00 1.13493200e+00
 -9.26185015e+00 1.03293267e+00
 -1.07264826e+01 8.80175027e-01
 -1.22865217e+01 6.72443106e-01
 -1.39294804e+01 4.04730220e-01
 -1.56418830e+01 7.07375208e-02
 -1.74087810e+01 -3.37605124e-01
 -1.92131265e+01 -8.30282219e-01
 -2.10354351e+01 -1.41855347e+00
 -2.28540227e+01 -2.11354133e+00
 -2.46457908e+01 -2.92451528e+00
 -2.63874015e+01 -3.85741201e+00
 -2.80566459e+01 -4.91378025e+00
 -2.96334671e+01 -6.08991671e+00
 -3.11000050e+01 -7.37605893e+00
 -3.24399942e+01 -8.75617425e+00
 -3.36387910e+01 -1.02092015e+01
 -3.46845498e+01 -1.17117730e+01
 -3.55694168e+01 -1.32411350e+01
 -3.62893759e+01 -1.47766999e+01
 -3.68428893e+01 -1.62999017e+01
 -3.72295512e+01 -1.77935353e+01
 -3.74491620e+01 -1.92418137e+01
 -3.75005334e+01 -2.06309267e+01
 -3.73800644e+01 -2.19487600e+01
 -3.70812598e+01 -2.31831185e+01
 -3.65954490e+01 -2.43195534e+01
 -3.59127039e+01 -2.53406845e+01
 -3.50228532e+01 -2.62276916e+01
 -3.39177246e+01 -2.69627065e+01
 -3.25949381e+01 -2.75303848e+01
 -3.10619514e+01 -2.79184261e+01
 -2.93386430e+01 -2.81181955e+01
 -2.74575628e+01 -2.81262461e+01
 -2.54621219e+01 -2.79462427e+01
 -2.34035727e+01 -2.75901720e+01
 -2.13372964e+01 -2.70781014e+01
 -1.93181879e+01 -2.64364797e+01
 -1.73948578e+01 -2.56956067e+01
 -1.56032838e+01 -2.48870562e+01
 -1.39613975e+01 -2.40413815e+01
 -1.24661380e+01 -2.31858394e+01
 -1.10945715e+01 -2.23418356e+01
 -9.81063453e+00 -2.15224522e+01
 -8.57651429e+00 -2.07313440e+01
 -7.36331268e+00 -1.99643493e+01
 -6.15519155e+00 -1.92135219e+01
 -4.94654420e+00 -1.84713223e+01
 -3.73669680e+00 -1.77327901e+01
 -2.52620411e+00 -1.69954962e+01
 -1.31549131e+00 -1.62585336e+01
 -1.04724506e-01 -1.55216410e+01
 1.10605222e+00 -1.47847599e+01
 2.31683020e+00 -1.40478805e+01
 3.52760668e+00 -1.33110023e+01
 4.73836721e+00 -1.25741337e+01
 5.94900657e+00 -1.18373389e+01
 7.15892502e+00 -1.11009829e+01
 8.36547671e+00 -1.03666759e+01
 9.55966841e+00 -9.63989113e+00
 1.07181370e+01 -8.93484745e+00
 1.17952031e+01 -8.27934535e+00
 1.27258295e+01 -7.71296632e+00
 1.34482610e+01 -7.27329471e+00
 1.34482610e+01 -7.27329471e+00
 1.34482610e+01 -7.27329471e+00
 1.34482610e+01 -7.27329471e+00
 1.34482610e+01 -7.27329471e+00
 1.34482610e+01 -7.27329471e+00
 1.34482610e+01 -7.27329471e+00
 1.34482610e+01 -7.27329471e+00
 1.34482610e+01 -7.27329471e+00
 1.34482610e+01 -7.27329471e+00
 1.34482610e+01 -7.27329471e+00
 1.34482610e+01 -7.27329471e+00
 1.34482610e+01 -7.27329471e+00
 1.34482610e+01 -7.27329471e+00
 1.34482610e+01 -7.27329471e+00
 1.34482610e+01 -7.27329471e+00
 1.34482610e+01 -7.27329471e+00
 1.34482610e+01 -7.27329471e+00
 1.34482610e+01 -7.27329471e+00
 1.34482610e+01 -7.27329471e+00
 1.34482610e+01 -7.27329471e+00
 1.34482610e+01 -7.27329471e+00
 1.34482610e+01 -7.27329471e+00
 1.34482610e+01 -7.27329471e+00
 1.34482610e+01 -7.27329471e+00
 1.34482610e+01 -7.27329471e+00
 1.34482610e+01 -7.27329471e+00
 1.34482610e+01 -7.27329471e+00
 1.34482610e+01 -7.27329471e+00
 1.34482610e+01 -7.27329471e+00
 1.34482610e+01 -7.27329471e+00
 1.34482610e+01 -7.27329471e+00
 1.34482610e+01 -7.27329471e+00
 1.34482610e+01 -7.27329471e+00
 1.34482610e+01 -7.27329471e+00
 1.34482610e+01 -7.27329471e+00
 1.34482610e+01 -7.27329471e+00
 1.34482610e+01 -7.27329471e+00
 1.34482610e+01 -7.27329471e+00
 1.34482610e+01 -7.27329471e+00
 1.34482610e+01 -7.27329471e+00
 1.34482610e+01 -7.27329471e+00
 1.34482610e+01 -7.27329471e+00
 1.34482610e+01 -7.27329471e+00
