 0.00000000e+00 0.00000000e+00
 0.00000000e+00 0.00000000e+00
 0.00000000e+00 0.00000000e+00
 0.00000000e+00 0.00000000e+00
 0.00000000e+00 0.00000000e+00
 0.00000000e+00 0.00000000e+00
 0.00000000e+00 0.00000000e+00
 -1.82264706e-03 3.23030612e-02
 -7.76496706e-03 7.07469225e-02
 -2.37024167e-02 1.13873331e-01
 -5.94781788e-02 1.61590432e-01
 -1.28188707e-01 2.13932477e-01
 -2.44110278e-01 2.69423737e-01
 -4.20875477e-01 3.24950685e-01
 -6.71119416e-01 3.76940791e-01
 -1.00706022e+00 4.22259281e-01
 -1.44067253e+00 4.58245394e-01
 -1.98287192e+00 4.82623638e-01
 -2.64214823e+00 4.93385012e-01
 -3.42348297e+00 4.87801274e-01
 -4.32812961e+00 4.60986660e-01
 -5.35420079e+00 4.05984069e-01
 -6.49756817e+00 3.16012967e-01
 -7.75266881e+00 1.86743200e-01
 -9.11303890e+00 1.62920510e-02
 -1.05713983e+01 -1.96735168e-01
 -1.21190913e+01 -4.55019700e-01
 -1.37448991e+01 -7.62819705e-01
 -1.54336989e+01 -1.12526844e+00
 -1.71658756e+01 -1.54779944e+00
 -1.89181113e+01 -2.03614291e+00
 -2.06651789e+01 -2.59651854e+00
 -2.23818158e+01 -3.23553164e+00
 -2.40442275e+01 -3.95966422e+00
 -2.56313197e+01 -4.77449729e+00
 -2.71256315e+01 -5.68374810e+00
 -2.85134689e+01 -6.68811447e+00
 -2.97836952e+01 -7.78397568e+00
 -3.09254939e+01 -8.96231472e+00
 -3.19266089e+01 -1.02085732e+01
 -3.27735059e+01 -1.15038608e+01
 -3.34531625e+01 -1.28269672e+01
 -3.39546254e+01 -1.41560229e+01
 -3.42689919e+01 -1.54691954e+01
 -3.43887074e+01 -1.67449360e+01
 -3.43083264e+01 -1.79628002e+01
 -3.40268623e+01 -1.91050559e+01
 -3.35487571e+01 -2.01578986e+01
 -3.28813787e+01 -2.11109392e+01
 -3.20313672e+01 -2.19552123e+01
 -3.10037848e+01 -2.26814336e+01
 -2.98047216e+01 -2.32798755e+01
 -2.84445670e+01 -2.37416171e+01
 -2.69394162e+01 -2.40599469e+01
 -2.53105968e+01 -2.42311109e+01
 -2.35837676e+01 -2.42545195e+01
 -2.17883011e+01 -2.41329695e+01
 -1.99562890e+01 -2.38732623e+01
 -1.81205200e+01 -2.34870158e+01
 -1.63120415e+01 -2.29910020e+01
 -1.45585425e+01 -2.24065192e+01
 -1.28837948e+01 -2.17578567e+01
 -1.13068649e+01 -2.10701419e+01
 -9.83958184e+00 -2.03668284e+01
 -8.48255287e+00 -1.96672049e+01
 -7.22264006e+00 -1.89844691e+01
 -6.03542986e+00 -1.83248405e+01
 -4.89293067e+00 -1.76880395e+01
 -3.77208168e+00 -1.70692464e+01
 -2.65892231e+00 -1.64620033e+01
 -1.54740531e+00 -1.58607692e+01
 -4.35847610e-01 -1.52620530e+01
 6.75904668e-01 -1.46641806e+01
 1.78774466e+00 -1.40665330e+01
 2.89960880e+00 -1.34689328e+01
 4.01147766e+00 -1.28713405e+01
 5.12334708e+00 -1.22737493e+01
 6.23521507e+00 -1.16761590e+01
 7.34706840e+00 -1.10785766e+01
 8.45881046e+00 -1.04810540e+01
 9.56989050e+00 -9.88388722e+00
 1.06778788e+01 -9.28838212e+00
 1.17745168e+01 -8.69897742e+00
 1.28383500e+01 -8.12720419e+00
 1.38274303e+01 -7.59560798e+00
 1.46820338e+01 -7.13628840e+00
 1.53454498e+01 -6.77972545e+00
 1.53454498e+01 -6.77972545e+00
 1.53454498e+01 -6.77972545e+00
 1.53454498e+01 -6.77972545e+00
 1.53454498e+01 -6.77972545e+00
 1.53454498e+01 -6.77972545e+00
 1.53454498e+01 -6.77972545e+00
 1.53454498e+01 -6.77972545e+00
 1.53454498e+01 -6.77972545e+00
 1.53454498e+01 -6.77972545e+00
 1.53454498e+01 -6.77972545e+00
 1.53454498e+01 -6.77972545e+00
 1.53454498e+01 -6.77972545e+00
 1.53454498e+01 -6.77972545e+00
 1.53454498e+01 -6.77972545e+00
 1.53454498e+01 -6.77972545e+00
 1.53454498e+01 -6.77972545e+00
 1.53454498e+01 -6.77972545e+00
 1.53454498e+01 -6.77972545e+00
 1.53454498e+01 -6.77972545e+00
 1.53454498e+01 -6.77972545e+00
 1.53454498e+01 -6.77972545e+00
 1.53454498e+01 -6.77972545e+00
 1.53454498e+01 -6.77972545e+00
 1.53454498e+01 -6.77972545e+00
 1.53454498e+01 -6.77972545e+00
 1.53454498e+01 -6.77972545e+00
 1.53454498e+01 -6.77972545e+00
 1.53454498e+01 -6.77972545e+00
 1.53454498e+01 -6.77972545e+00
 1.53454498e+01 -6.77972545e+00
 1.53454498e+01 -6.77972545e+00
 1.53454498e+01 -6.77972545e+00
 1.53454498e+01 -6.77972545e+00
 1.53454498e+01 -6.77972545e+00
 1.53454498e+01 -6.77972545e+00
 1.53454498e+01 -6.77972545e+00
 1.53454498e+01 -6.77972545e+00
 1.53454498e+01 -6.77972545e+00
 1.53454498e+01 -6.77972545e+00
 1.53454498e+01 -6.77972545e+00
 1.53454498e+01 -6.77972545e+00
 1.53454498e+01 -6.77972545e+00
 1.53454498e+01 -6.77972545e+00
