 0.00000000e+00 0.00000000e+00
 0.00000000e+00 0.00000000e+00
 0.00000000e+00 0.00000000e+00
 0.00000000e+00 0.00000000e+00
 0.00000000e+00 0.00000000e+00
 0.00000000e+00 0.00000000e+00
 0.00000000e+00 0.00000000e+00
 0.00000000e+00 0.00000000e+00
 0.00000000e+00 0.00000000e+00
 0.00000000e+00 0.00000000e+00
 -1.68233950e-01 7.46852237e-02
 -4.08175975e-01 1.70902729e-01
 -7.20273405e-01 2.80475772e-01
 -1.10215663e+00 3.92506631e-01
 -1.55316569e+00 4.95684927e-01
 -2.07542286e+00 5.79748942e-01
 -2.67192507e+00 6.36366764e-01
 -3.34426687e+00 6.59147844e-01
 -4.09180135e+00 6.42603150e-01
 -4.91227551e+00 5.81368524e-01
 -5.80290851e+00 4.71143523e-01
 -6.76093498e+00 3.10524093e-01
 -7.78354951e+00 1.01564081e-01
 -8.86796521e+00 -1.51509146e-01
 -1.00120648e+01 -4.44134954e-01
 -1.12153970e+01 -7.72745770e-01
 -1.24800057e+01 -1.13565007e+00
 -1.38107477e+01 -1.53387195e+00
 -1.52148921e+01 -1.97189514e+00
 -1.67007893e+01 -2.45783163e+00
 -1.82754559e+01 -3.00253499e+00
 -1.99414050e+01 -3.61759644e+00
 -2.16938186e+01 -4.31281643e+00
 -2.35193321e+01 -5.09418810e+00
 -2.53968083e+01 -5.96315693e+00
 -2.72992782e+01 -6.91707219e+00
 -2.91958683e+01 -7.95010435e+00
 -3.10532873e+01 -9.05396211e+00
 -3.28372525e+01 -1.02182747e+01
 -3.45140364e+01 -1.14309299e+01
 -3.60516336e+01 -1.26785610e+01
 -3.74202049e+01 -1.39469817e+01
 -3.85923041e+01 -1.52213133e+01
 -3.95435176e+01 -1.64859460e+01
 -4.02532253e+01 -1.77246784e+01
 -4.07046204e+01 -1.89210621e+01
 -4.08841664e+01 -2.00586588e+01
 -4.07819903e+01 -2.11211206e+01
 -4.03936734e+01 -2.20924436e+01
 -3.97213545e+01 -2.29576877e+01
 -3.87722839e+01 -2.37038990e+01
 -3.75563357e+01 -2.43207123e+01
 -3.60855510e+01 -2.48005655e+01
 -3.43765804e+01 -2.51390041e+01
 -3.24543661e+01 -2.53353593e+01
 -3.03549875e+01 -2.53933441e+01
 -2.81263108e+01 -2.53209770e+01
 -2.58258598e+01 -2.51300206e+01
 -2.35162013e+01 -2.48354584e+01
 -2.12589372e+01 -2.44548422e+01
 -1.91086638e+01 -2.40069846e+01
 -1.71078662e+01 -2.35101822e+01
 -1.52829269e+01 -2.29808699e+01
 -1.36409696e+01 -2.24333966e+01
 -1.21680180e+01 -2.18806073e+01
 -1.08307913e+01 -2.13339366e+01
 -9.58472383e+00 -2.08020066e+01
 -8.38677053e+00 -2.02885678e+01
 -7.20631620e+00 -1.97919860e+01
 -6.02809049e+00 -1.93072614e+01
 -4.84771586e+00 -1.88290796e+01
 -3.66545131e+00 -1.83537434e+01
 -2.48231539e+00 -1.78793835e+01
 -1.29890148e+00 -1.74052874e+01
 -1.15421930e-01 -1.69312476e+01
 1.06806939e+00 -1.64572171e+01
 2.25156221e+00 -1.59831880e+01
 3.43505359e+00 -1.55091596e+01
 4.61852937e+00 -1.50351374e+01
 5.80188671e+00 -1.45611627e+01
 6.98453939e+00 -1.40874703e+01
 8.16390119e+00 -1.36150959e+01
 9.33118153e+00 -1.31475606e+01
 1.04635438e+01 -1.26940112e+01
 1.15163379e+01 -1.22723315e+01
 1.24259926e+01 -1.19079840e+01
 1.31321439e+01 -1.16251465e+01
 1.31321439e+01 -1.16251465e+01
 1.31321439e+01 -1.16251465e+01
 1.31321439e+01 -1.16251465e+01
 1.31321439e+01 -1.16251465e+01
 1.31321439e+01 -1.16251465e+01
 1.31321439e+01 -1.16251465e+01
 1.31321439e+01 -1.16251465e+01
 1.31321439e+01 -1.16251465e+01
 1.31321439e+01 -1.16251465e+01
 1.31321439e+01 -1.16251465e+01
 1.31321439e+01 -1.16251465e+01
 1.31321439e+01 -1.16251465e+01
 1.31321439e+01 -1.16251465e+01
 1.31321439e+01 -1.16251465e+01
 1.31321439e+01 -1.16251465e+01
 1.31321439e+01 -1.16251465e+01
 1.31321439e+01 -1.16251465e+01
 1.31321439e+01 -1.16251465e+01
 1.31321439e+01 -1.16251465e+01
 1.31321439e+01 -1.16251465e+01
 1.31321439e+01 -1.16251465e+01
 1.31321439e+01 -1.16251465e+01
 1.31321439e+01 -1.16251465e+01
 1.31321439e+01 -1.16251465e+01
 1.31321439e+01 -1.16251465e+01
 1.31321439e+01 -1.16251465e+01
 1.31321439e+01 -1.16251465e+01
 1.31321439e+01 -1.16251465e+01
 1.31321439e+01 -1.16251465e+01
 1.31321439e+01 -1.16251465e+01
 1.31321439e+01 -1.16251465e+01
 1.31321439e+01 -1.16251465e+01
 1.31321439e+01 -1.16251465e+01
 1.31321439e+01 -1.16251465e+01
 1.31321439e+01 -1.16251465e+01
 1.31321439e+01 -1.16251465e+01
 1.31321439e+01 -1.16251465e+01
 1.31321439e+01 -1.16251465e+01
 1.31321439e+01 -1.16251465e+01
 1.31321439e+01 -1.16251465e+01
 1.31321439e+01 -1.16251465e+01
 1.31321439e+01 -1.16251465e+01
 1.31321439e+01 -1.16251465e+01
