 0.00000000e+00 0.00000000e+00
 0.00000000e+00 0.00000000e+00
 0.00000000e+00 0.00000000e+00
 0.00000000e+00 0.00000000e+00
 0.00000000e+00 0.00000000e+00
 0.00000000e+00 0.00000000e+00
 0.00000000e+00 0.00000000e+00
 0.00000000e+00 0.00000000e+00
 0.00000000e+00 0.00000000e+00
 0.00000000e+00 0.00000000e+00
 -1.17207051e-01 8.26351189e-02
 -2.87322890e-01 1.97743170e-01
 -5.12005779e-01 3.44854317e-01
 -7.90885887e-01 5.22520328e-01
 -1.12503332e+00 7.29165602e-01
 -1.51784657e+00 9.62242443e-01
 -1.97377492e+00 1.21697854e+00
 -2.49686794e+00 1.48589516e+00
 -3.09014935e+00 1.75921804e+00
 -3.75564798e+00 2.02570702e+00
 -4.49488452e+00 2.27339241e+00
 -5.30969863e+00 2.48991468e+00
 -6.20285546e+00 2.66251185e+00
 -7.17780181e+00 2.77797570e+00
 -8.23778809e+00 2.82286765e+00
 -9.38524055e+00 2.78404372e+00
 -1.06218215e+01 2.64932799e+00
 -1.19488219e+01 2.40807544e+00
 -1.33674284e+01 2.05142771e+00
 -1.48787049e+01 1.57231362e+00
 -1.64830728e+01 9.65479759e-01
 -1.81789022e+01 2.27824628e-01
 -1.99602639e+01 -6.40950512e-01
 -2.18148611e+01 -1.63776449e+00
 -2.37234445e+01 -2.75633986e+00
 -2.56609075e+01 -3.98849166e+00
 -2.75978923e+01 -5.32577297e+00
 -2.95018078e+01 -6.75999198e+00
 -3.13373323e+01 -8.28193473e+00
 -3.30670485e+01 -9.87929650e+00
 -3.46526209e+01 -1.15354338e+01
 -3.60567912e+01 -1.32296461e+01
 -3.72461430e+01 -1.49385145e+01
 -3.81935466e+01 -1.66373051e+01
 -3.88786177e+01 -1.83007233e+01
 -3.92858344e+01 -1.99031980e+01
 -3.94021380e+01 -2.14195679e+01
 -3.92163223e+01 -2.28264898e+01
 -3.87206538e+01 -2.41036867e+01
 -3.79131603e+01 -2.52340224e+01
 -3.67989828e+01 -2.62025478e+01
 -3.53906628e+01 -2.69956366e+01
 -3.37083242e+01 -2.76012206e+01
 -3.17804223e+01 -2.80103454e+01
 -2.96447245e+01 -2.82193997e+01
 -2.73486690e+01 -2.82319378e+01
 -2.49484707e+01 -2.80593170e+01
 -2.25067139e+01 -2.77201726e+01
 -2.00884761e+01 -2.72393024e+01
 -1.77564498e+01 -2.66463267e+01
 -1.55659931e+01 -2.59738133e+01
 -1.35612287e+01 -2.52544131e+01
 -1.17729220e+01 -2.45173749e+01
 -1.02178441e+01 -2.37856644e+01
 -8.89819284e+00 -2.30747642e+01
 -7.79966824e+00 -2.23932326e+01
 -6.88912381e+00 -2.17441775e+01
 -6.11612006e+00 -2.11266651e+01
 -5.42259272e+00 -2.05367069e+01
 -4.75830979e+00 -1.99681980e+01
 -4.09267104e+00 -1.94142490e+01
 -3.41532404e+00 -1.88687177e+01
 -2.72788027e+00 -1.83272476e+01
 -2.03500418e+00 -1.77873856e+01
 -1.34001789e+00 -1.72480401e+01
 -6.44413443e-01 -1.67088276e+01
 5.13299499e-02 -1.61696425e+01
 7.47097496e-01 -1.56304618e+01
 1.44286823e+00 -1.50912818e+01
 2.13863835e+00 -1.45521026e+01
 2.83439933e+00 -1.40129305e+01
 3.53009068e+00 -1.34738124e+01
 4.22536776e+00 -1.29350153e+01
 4.91871014e+00 -1.23977175e+01
 5.60494988e+00 -1.18659238e+01
 6.27066142e+00 -1.13500381e+01
 6.88959514e+00 -1.08704025e+01
 7.42437769e+00 -1.04559788e+01
 7.83952141e+00 -1.01342678e+01
 7.83952141e+00 -1.01342678e+01
 7.83952141e+00 -1.01342678e+01
 7.83952141e+00 -1.01342678e+01
 7.83952141e+00 -1.01342678e+01
 7.83952141e+00 -1.01342678e+01
 7.83952141e+00 -1.01342678e+01
 7.83952141e+00 -1.01342678e+01
 7.83952141e+00 -1.01342678e+01
 7.83952141e+00 -1.01342678e+01
 7.83952141e+00 -1.01342678e+01
 7.83952141e+00 -1.01342678e+01
 7.83952141e+00 -1.01342678e+01
 7.83952141e+00 -1.01342678e+01
 7.83952141e+00 -1.01342678e+01
 7.83952141e+00 -1.01342678e+01
 7.83952141e+00 -1.01342678e+01
 7.83952141e+00 -1.01342678e+01
 7.83952141e+00 -1.01342678e+01
 7.83952141e+00 -1.01342678e+01
 7.83952141e+00 -1.01342678e+01
 7.83952141e+00 -1.01342678e+01
 7.83952141e+00 -1.01342678e+01
 7.83952141e+00 -1.01342678e+01
 7.83952141e+00 -1.01342678e+01
 7.83952141e+00 -1.01342678e+01
 7.83952141e+00 -1.01342678e+01
 7.83952141e+00 -1.01342678e+01
 7.83952141e+00 -1.01342678e+01
 7.83952141e+00 -1.01342678e+01
 7.83952141e+00 -1.01342678e+01
 7.83952141e+00 -1.01342678e+01
 7.83952141e+00 -1.01342678e+01
 7.83952141e+00 -1.01342678e+01
 7.83952141e+00 -1.01342678e+01
 7.83952141e+00 -1.01342678e+01
 7.83952141e+00 -1.01342678e+01
 7.83952141e+00 -1.01342678e+01
 7.83952141e+00 -1.01342678e+01
 7.83952141e+00 -1.01342678e+01
 7.83952141e+00 -1.01342678e+01
 7.83952141e+00 -1.01342678e+01
