 0.00000000e+00 0.00000000e+00
 0.00000000e+00 0.00000000e+00
 0.00000000e+00 0.00000000e+00
 0.00000000e+00 0.00000000e+00
 0.00000000e+00 0.00000000e+00
 0.00000000e+00 0.00000000e+00
 0.00000000e+00 0.00000000e+00
 0.00000000e+00 0.00000000e+00
 0.00000000e+00 0.00000000e+00
 -1.98228219e-02 7.93807928e-02
 -5.70803227e-02 1.88668167e-01
 -1.20226370e-01 3.25209050e-01
 -2.19596132e-01 4.84367396e-01
 -3.67692320e-01 6.61417172e-01
 -5.79064739e-01 8.52038337e-01
 -8.69616683e-01 1.05153216e+00
 -1.25516196e+00 1.25360550e+00
 -1.74928881e+00 1.44956253e+00
 -2.36141721e+00 1.62829512e+00
 -3.09615614e+00 1.77691751e+00
 -3.95410140e+00 1.88161862e+00
 -4.93313893e+00 1.92846685e+00
 -6.02910203e+00 1.90423440e+00
 -7.23533229e+00 1.79739157e+00
 -8.54183701e+00 1.59918797e+00
 -9.93522296e+00 1.30451216e+00
 -1.13996658e+01 9.12243624e-01
 -1.29179937e+01 4.24954033e-01
 -1.44721890e+01 -1.52084069e-01
 -1.60438141e+01 -8.12491776e-01
 -1.76152760e+01 -1.55069042e+00
 -1.91719025e+01 -2.36365406e+00
 -2.07036738e+01 -3.25192072e+00
 -2.22054156e+01 -4.21933270e+00
 -2.36752926e+01 -5.27144116e+00
 -2.51123050e+01 -6.41314457e+00
 -2.65134117e+01 -7.64629896e+00
 -2.78706363e+01 -8.96765815e+00
 -2.91689397e+01 -1.03673187e+01
 -3.03860313e+01 -1.18282594e+01
 -3.14944707e+01 -1.33277068e+01
 -3.24651019e+01 -1.48400953e+01
 -3.32706304e+01 -1.63402733e+01
 -3.38888311e+01 -1.78058259e+01
 -3.43051553e+01 -1.92184982e+01
 -3.45142942e+01 -2.05651483e+01
 -3.45202512e+01 -2.18381425e+01
 -3.43347502e+01 -2.30346376e+01
 -3.39742414e+01 -2.41545555e+01
 -3.34564005e+01 -2.51979845e+01
 -3.27973551e+01 -2.61631872e+01
 -3.20103896e+01 -2.70458687e+01
 -3.11060369e+01 -2.78395599e+01
 -3.00929182e+01 -2.85366082e+01
 -2.89785227e+01 -2.91291615e+01
 -2.77694461e+01 -2.96095488e+01
 -2.64712850e+01 -2.99699099e+01
 -2.50886642e+01 -3.02016727e+01
 -2.36255916e+01 -3.02958143e+01
 -2.20861591e+01 -3.02443710e+01
 -2.04757062e+01 -3.00426428e+01
 -1.88023838e+01 -2.96909271e+01
 -1.70786082e+01 -2.91952057e+01
 -1.53218005e+01 -2.85671595e+01
 -1.35543009e+01 -2.78238627e+01
 -1.18028244e+01 -2.69870094e+01
 -1.00976404e+01 -2.60816381e+01
 -8.47106741e+00 -2.51345762e+01
 -6.95453874e+00 -2.41725179e+01
 -5.57369391e+00 -2.32194647e+01
 -4.34180464e+00 -2.22938952e+01
 -3.25350898e+00 -2.14067305e+01
 -2.28286865e+00 -2.05608995e+01
 -1.38969762e+00 -1.97525094e+01
 -5.33098411e-01 -1.89732206e+01
 3.15724835e-01 -1.82132571e+01
 1.16947255e+00 -1.74641202e+01
 2.02963946e+00 -1.67200288e+01
 2.89370662e+00 -1.59778687e+01
 3.75938437e+00 -1.52363097e+01
 4.62555183e+00 -1.44949014e+01
 5.49183215e+00 -1.37535234e+01
 6.35813244e+00 -1.30121502e+01
 7.22443536e+00 -1.22707778e+01
 8.09073739e+00 -1.15294063e+01
 8.95702802e+00 -1.07880447e+01
 9.82323196e+00 -1.00467573e+01
 1.06889201e+01 -9.30591126e+00
 1.15521993e+01 -8.56712674e+00
 1.24066351e+01 -7.83591038e+00
 1.32355112e+01 -7.12656766e+00
 1.40061444e+01 -6.46706859e+00
 1.46720011e+01 -5.89723603e+00
 1.51888957e+01 -5.45488350e+00
 1.51888957e+01 -5.45488350e+00
 1.51888957e+01 -5.45488350e+00
 1.51888957e+01 -5.45488350e+00
 1.51888957e+01 -5.45488350e+00
 1.51888957e+01 -5.45488350e+00
 1.51888957e+01 -5.45488350e+00
 1.51888957e+01 -5.45488350e+00
 1.51888957e+01 -5.45488350e+00
 1.51888957e+01 -5.45488350e+00
 1.51888957e+01 -5.45488350e+00
 1.51888957e+01 -5.45488350e+00
 1.51888957e+01 -5.45488350e+00
 1.51888957e+01 -5.45488350e+00
 1.51888957e+01 -5.45488350e+00
 1.51888957e+01 -5.45488350e+00
 1.51888957e+01 -5.45488350e+00
 1.51888957e+01 -5.45488350e+00
 1.51888957e+01 -5.45488350e+00
 1.51888957e+01 -5.45488350e+00
 1.51888957e+01 -5.45488350e+00
 1.51888957e+01 -5.45488350e+00
 1.51888957e+01 -5.45488350e+00
 1.51888957e+01 -5.45488350e+00
 1.51888957e+01 -5.45488350e+00
 1.51888957e+01 -5.45488350e+00
 1.51888957e+01 -5.45488350e+00
 1.51888957e+01 -5.45488350e+00
 1.51888957e+01 -5.45488350e+00
 1.51888957e+01 -5.45488350e+00
 1.51888957e+01 -5.45488350e+00
 1.51888957e+01 -5.45488350e+00
 1.51888957e+01 -5.45488350e+00
 1.51888957e+01 -5.45488350e+00
 1.51888957e+01 -5.45488350e+00
 1.51888957e+01 -5.45488350e+00
 1.51888957e+01 -5.45488350e+00
