 0.00000000e+00 0.00000000e+00
 0.00000000e+00 0.00000000e+00
 0.00000000e+00 0.00000000e+00
 0.00000000e+00 0.00000000e+00
 0.00000000e+00 0.00000000e+00
 0.00000000e+00 0.00000000e+00
 0.00000000e+00 0.00000000e+00
 0.00000000e+00 0.00000000e+00
 0.00000000e+00 0.00000000e+00
 -4.89423609e-02 8.03598606e-02
 -1.37682629e-01 1.93031718e-01
 -2.77674933e-01 3.38386587e-01
 -4.76364723e-01 5.15999281e-01
 -7.38989259e-01 7.25601565e-01
 -1.07159017e+00 9.66713380e-01
 -1.48216769e+00 1.23789115e+00
 -1.97956863e+00 1.53620420e+00
 -2.57175378e+00 1.85676439e+00
 -3.26473790e+00 2.19219238e+00
 -4.06224928e+00 2.53229229e+00
 -4.96567794e+00 2.86412453e+00
 -5.97429786e+00 3.17240207e+00
 -7.08606046e+00 3.44008240e+00
 -8.29876003e+00 3.64895135e+00
 -9.61069916e+00 3.77996669e+00
 -1.10202335e+01 3.81359985e+00
 -1.25246368e+01 3.73086389e+00
 -1.41193301e+01 3.51505544e+00
 -1.57978919e+01 3.15309274e+00
 -1.75521283e+01 2.63562133e+00
 -1.93712997e+01 1.95662246e+00
 -2.12407689e+01 1.11381247e+00
 -2.31412917e+01 1.09983452e-01
 -2.50494759e+01 -1.04573824e+00
 -2.69386448e+01 -2.33772030e+00
 -2.87793668e+01 -3.74493791e+00
 -3.05399441e+01 -5.24290184e+00
 -3.21875564e+01 -6.80580112e+00
 -3.36902024e+01 -8.40853994e+00
 -3.50190020e+01 -1.00286519e+01
 -3.61502951e+01 -1.16479864e+01
 -3.70670983e+01 -1.32537119e+01
 -3.77596708e+01 -1.48381759e+01
 -3.82252013e+01 -1.63976086e+01
 -3.84667533e+01 -1.79300623e+01
 -3.84914730e+01 -1.94331226e+01
 -3.83082145e+01 -2.09018880e+01
 -3.79253233e+01 -2.23275976e+01
 -3.73495505e+01 -2.36971144e+01
 -3.65865171e+01 -2.49932182e+01
 -3.56424211e+01 -2.61954681e+01
 -3.45262605e+01 -2.72815312e+01
 -3.32517579e+01 -2.82290672e+01
 -3.18383093e+01 -2.90179967e+01
 -3.03105357e+01 -2.96325815e+01
 -2.86965597e+01 -3.00628776e+01
 -2.70259338e+01 -3.03054674e+01
 -2.53282655e+01 -3.03634184e+01
 -2.36325177e+01 -3.02455774e+01
 -2.19660793e+01 -2.99657161e+01
 -2.03532623e+01 -2.95418585e+01
 -1.88139895e+01 -2.89954559e+01
 -1.73636803e+01 -2.83500732e+01
 -1.60144955e+01 -2.76297541e+01
 -1.47768208e+01 -2.68573456e+01
 -1.36593345e+01 -2.60530615e+01
 -1.26669090e+01 -2.52338438e+01
 -1.17970502e+01 -2.44138227e+01
 -1.10365983e+01 -2.36050964e+01
 -1.03612249e+01 -2.28174526e+01
 -9.73998950e+00 -2.20566753e+01
 -9.14395321e+00 -2.13229072e+01
 -8.55365678e+00 -2.06110698e+01
 -7.96070557e+00 -1.99136223e+01
 -7.36401160e+00 -1.92237694e+01
 -6.76503649e+00 -1.85371235e+01
 -6.16512433e+00 -1.78515559e+01
 -5.56492912e+00 -1.71662759e+01
 -4.96466909e+00 -1.64810564e+01
 -4.36439764e+00 -1.57958471e+01
 -3.76412471e+00 -1.51106391e+01
 -3.16385244e+00 -1.44254322e+01
 -2.56358806e+00 -1.37402343e+01
 -1.96338376e+00 -1.30551050e+01
 -1.36353687e+00 -1.23703837e+01
 -7.65359129e-01 -1.16875677e+01
 -1.73309159e-01 -1.10117465e+01
 4.01030205e-01 -1.03561419e+01
 9.35012243e-01 -9.74660484e+00
 1.39639326e+00 -9.21994141e+00
 1.75455648e+00 -8.81110044e+00
 1.75455648e+00 -8.81110044e+00
 1.75455648e+00 -8.81110044e+00
 1.75455648e+00 -8.81110044e+00
 1.75455648e+00 -8.81110044e+00
 1.75455648e+00 -8.81110044e+00
 1.75455648e+00 -8.81110044e+00
 1.75455648e+00 -8.81110044e+00
 1.75455648e+00 -8.81110044e+00
 1.75455648e+00 -8.81110044e+00
 1.75455648e+00 -8.81110044e+00
 1.75455648e+00 -8.81110044e+00
 1.75455648e+00 -8.81110044e+00
 1.75455648e+00 -8.81110044e+00
 1.75455648e+00 -8.81110044e+00
 1.75455648e+00 -8.81110044e+00
 1.75455648e+00 -8.81110044e+00
 1.75455648e+00 -8.81110044e+00
 1.75455648e+00 -8.81110044e+00
 1.75455648e+00 -8.81110044e+00
 1.75455648e+00 -8.81110044e+00
 1.75455648e+00 -8.81110044e+00
 1.75455648e+00 -8.81110044e+00
 1.75455648e+00 -8.81110044e+00
 1.75455648e+00 -8.81110044e+00
 1.75455648e+00 -8.81110044e+00
 1.75455648e+00 -8.81110044e+00
 1.75455648e+00 -8.81110044e+00
 1.75455648e+00 -8.81110044e+00
 1.75455648e+00 -8.81110044e+00
 1.75455648e+00 -8.81110044e+00
 1.75455648e+00 -8.81110044e+00
 1.75455648e+00 -8.81110044e+00
 1.75455648e+00 -8.81110044e+00
 1.75455648e+00 -8.81110044e+00
 1.75455648e+00 -8.81110044e+00
 1.75455648e+00 -8.81110044e+00
 1.75455648e+00 -8.81110044e+00
 1.75455648e+00 -8.81110044e+00
 1.75455648e+00 -8.81110044e+00
