 0.00000000e+00 0.00000000e+00
 0.00000000e+00 0.00000000e+00
 0.00000000e+00 0.00000000e+00
 0.00000000e+00 0.00000000e+00
 0.00000000e+00 0.00000000e+00
 0.00000000e+00 0.00000000e+00
 0.00000000e+00 0.00000000e+00
 0.00000000e+00 0.00000000e+00
 0.00000000e+00 0.00000000e+00
 0.00000000e+00 0.00000000e+00
 -3.20473065e-02 6.23683244e-02
 -9.37234079e-02 1.49200711e-01
 -1.97424032e-01 2.59026959e-01
 -3.54084823e-01 3.88443542e-01
 -5.72802570e-01 5.33063266e-01
 -8.61821293e-01 6.87599220e-01
 -1.22926189e+00 8.45655758e-01
 -1.68269107e+00 9.99815789e-01
 -2.22808136e+00 1.14187409e+00
 -2.86913020e+00 1.26287101e+00
 -3.60711451e+00 1.35305468e+00
 -4.44073816e+00 1.40203195e+00
 -5.36577013e+00 1.39900301e+00
 -6.37508342e+00 1.33297719e+00
 -7.45973445e+00 1.19315666e+00
 -8.61084199e+00 9.69512305e-01
 -9.82122897e+00 6.53364204e-01
 -1.10858168e+01 2.38006687e-01
 -1.24005432e+01 -2.80543982e-01
 -1.37605477e+01 -9.02872314e-01
 -1.51586838e+01 -1.62567525e+00
 -1.65847096e+01 -2.44138594e+00
 -1.80247270e+01 -3.33808491e+00
 -1.94605815e+01 -4.30017910e+00
 -2.08696601e+01 -5.31008559e+00
 -2.22258110e+01 -6.35052221e+00
 -2.35016105e+01 -7.40654423e+00
 -2.46713059e+01 -8.46658853e+00
 -2.57131857e+01 -9.52247758e+00
 -2.66104679e+01 -1.05689265e+01
 -2.73509124e+01 -1.16029447e+01
 -2.79262626e+01 -1.26230425e+01
 -2.83322535e+01 -1.36281392e+01
 -2.85686228e+01 -1.46163782e+01
 -2.86382087e+01 -1.55842018e+01
 -2.85455851e+01 -1.65260266e+01
 -2.82964284e+01 -1.74346549e+01
 -2.78973371e+01 -1.83020494e+01
 -2.73549058e+01 -1.91197930e+01
 -2.66744326e+01 -1.98788939e+01
 -2.58597015e+01 -2.05692304e+01
 -2.49139953e+01 -2.11792796e+01
 -2.38414556e+01 -2.16965562e+01
 -2.26485009e+01 -2.21086489e+01
 -2.13453907e+01 -2.24043314e+01
 -1.99473721e+01 -2.25742116e+01
 -1.84745239e+01 -2.26109405e+01
 -1.69502579e+01 -2.25099072e+01
 -1.53994875e+01 -2.22711372e+01
 -1.38473732e+01 -2.19012757e+01
 -1.23184940e+01 -2.14136701e+01
 -1.08356445e+01 -2.08264262e+01
 -9.41779779e+00 -2.01602849e+01
 -8.07746924e+00 -1.94377092e+01
 -6.81827401e+00 -1.86826960e+01
 -5.63389032e+00 -1.79194834e+01
 -4.50965490e+00 -1.71687626e+01
 -3.42691733e+00 -1.64427397e+01
 -2.36833962e+00 -1.57429531e+01
 -1.32145472e+00 -1.50631569e+01
 -2.79216705e-01 -1.43949610e+01
 7.61519357e-01 -1.37319896e+01
 1.80186346e+00 -1.30708567e+01
 2.84212542e+00 -1.24102305e+01
 3.88237361e+00 -1.17497138e+01
 4.92261995e+00 -1.10892155e+01
 5.96286598e+00 -1.04287198e+01
 7.00311058e+00 -9.76822529e+00
 8.04334145e+00 -9.10773947e+00
 9.08346823e+00 -8.44731976e+00
 1.01229756e+01 -7.78729331e+00
 1.11595905e+01 -7.12910347e+00
 1.21855861e+01 -6.47765616e+00
 1.31808902e+01 -5.84569628e+00
 1.41062568e+01 -5.25814257e+00
 1.49058091e+01 -4.75047356e+00
 1.55264897e+01 -4.35637767e+00
 1.55264897e+01 -4.35637767e+00
 1.55264897e+01 -4.35637767e+00
 1.55264897e+01 -4.35637767e+00
 1.55264897e+01 -4.35637767e+00
 1.55264897e+01 -4.35637767e+00
 1.55264897e+01 -4.35637767e+00
 1.55264897e+01 -4.35637767e+00
 1.55264897e+01 -4.35637767e+00
 1.55264897e+01 -4.35637767e+00
 1.55264897e+01 -4.35637767e+00
 1.55264897e+01 -4.35637767e+00
 1.55264897e+01 -4.35637767e+00
 1.55264897e+01 -4.35637767e+00
 1.55264897e+01 -4.35637767e+00
 1.55264897e+01 -4.35637767e+00
 1.55264897e+01 -4.35637767e+00
 1.55264897e+01 -4.35637767e+00
 1.55264897e+01 -4.35637767e+00
 1.55264897e+01 -4.35637767e+00
 1.55264897e+01 -4.35637767e+00
 1.55264897e+01 -4.35637767e+00
 1.55264897e+01 -4.35637767e+00
 1.55264897e+01 -4.35637767e+00
 1.55264897e+01 -4.35637767e+00
 1.55264897e+01 -4.35637767e+00
 1.55264897e+01 -4.35637767e+00
 1.55264897e+01 -4.35637767e+00
 1.55264897e+01 -4.35637767e+00
 1.55264897e+01 -4.35637767e+00
 1.55264897e+01 -4.35637767e+00
 1.55264897e+01 -4.35637767e+00
 1.55264897e+01 -4.35637767e+00
 1.55264897e+01 -4.35637767e+00
 1.55264897e+01 -4.35637767e+00
 1.55264897e+01 -4.35637767e+00
 1.55264897e+01 -4.35637767e+00
 1.55264897e+01 -4.35637767e+00
 1.55264897e+01 -4.35637767e+00
 1.55264897e+01 -4.35637767e+00
 1.55264897e+01 -4.35637767e+00
 1.55264897e+01 -4.35637767e+00
 1.55264897e+01 -4.35637767e+00
 1.55264897e+01 -4.35637767e+00
