 0.00000000e+00 0.00000000e+00
 0.00000000e+00 0.00000000e+00
 0.00000000e+00 0.00000000e+00
 0.00000000e+00 0.00000000e+00
 0.00000000e+00 0.00000000e+00
 0.00000000e+00 0.00000000e+00
 0.00000000e+00 0.00000000e+00
 -5.57809612e-02 1.00834170e-01
 -1.55025536e-01 2.33711072e-01
 -3.07595101e-01 3.92268907e-01
 -5.16974600e-01 5.69117821e-01
 -7.82744733e-01 7.58127423e-01
 -1.10474001e+00 9.54463126e-01
 -1.48502032e+00 1.15379623e+00
 -1.92705755e+00 1.35197528e+00
 -2.43414268e+00 1.54516571e+00
 -3.00868493e+00 1.72984520e+00
 -3.65249190e+00 1.90231482e+00
 -4.36720384e+00 2.05796581e+00
 -5.15418478e+00 2.19089497e+00
 -6.01382736e+00 2.29420764e+00
 -6.94487957e+00 2.36050883e+00
 -7.94462168e+00 2.38158698e+00
 -9.01011871e+00 2.34733634e+00
 -1.01396868e+01 2.24567578e+00
 -1.13332773e+01 2.06466199e+00
 -1.25912518e+01 1.79509573e+00
 -1.39122905e+01 1.43097883e+00
 -1.52918967e+01 9.67885066e-01
 -1.67225325e+01 4.01656471e-01
 -1.81951749e+01 -2.71150732e-01
 -1.97012254e+01 -1.05201091e+00
 -2.12339755e+01 -1.94009891e+00
 -2.27893413e+01 -2.93335485e+00
 -2.43654054e+01 -4.02965860e+00
 -2.59602766e+01 -5.22648698e+00
 -2.75688345e+01 -6.51893350e+00
 -2.91799109e+01 -7.89768604e+00
 -3.07748807e+01 -9.34856541e+00
 -3.23273261e+01 -1.08536374e+01
 -3.38032085e+01 -1.23926027e+01
 -3.51618492e+01 -1.39434482e+01
 -3.63585735e+01 -1.54826621e+01
 -3.73493329e+01 -1.69861347e+01
 -3.80963630e+01 -1.84312204e+01
 -3.85729268e+01 -1.97989817e+01
 -3.87653514e+01 -2.10750676e+01
 -3.86720003e+01 -2.22486741e+01
 -3.83003952e+01 -2.33104674e+01
 -3.76640589e+01 -2.42508630e+01
 -3.67798683e+01 -2.50594935e+01
 -3.56660778e+01 -2.57257004e+01
 -3.43411243e+01 -2.62392957e+01
 -3.28233041e+01 -2.65911568e+01
 -3.11312933e+01 -2.67739173e+01
 -2.92854324e+01 -2.67830983e+01
 -2.73095119e+01 -2.66185257e+01
 -2.52324504e+01 -2.62856027e+01
 -2.30890686e+01 -2.57960816e+01
 -2.09194139e+01 -2.51680180e+01
 -1.87667027e+01 -2.44247338e+01
 -1.66744797e+01 -2.35930670e+01
 -1.46836982e+01 -2.27015361e+01
 -1.28301314e+01 -2.17787904e+01
 -1.11419677e+01 -2.08521256e+01
 -9.63683045e+00 -1.99455700e+01
 -8.31755640e+00 -1.90773407e+01
 -7.16781351e+00 -1.82571968e+01
 -6.15145856e+00 -1.74850673e+01
 -5.21995298e+00 -1.67524685e+01
 -4.32677614e+00 -1.60467450e+01
 -3.44041514e+00 -1.53559839e+01
 -2.54761304e+00 -1.46719676e+01
 -1.64731116e+00 -1.39903825e+01
 -7.42579068e-01 -1.33094881e+01
 1.63957677e-01 -1.26287453e+01
 1.07103866e+00 -1.19480275e+01
 1.97824438e+00 -1.12673125e+01
 2.88547209e+00 -1.05865978e+01
 3.79270269e+00 -9.90588314e+00
 4.69993237e+00 -9.22516939e+00
 5.60715012e+00 -8.54446462e+00
 6.51427708e+00 -7.86382797e+00
 7.42086386e+00 -7.18359663e+00
 8.32492794e+00 -6.50525812e+00
 9.21973074e+00 -5.83386855e+00
 1.00877664e+01 -5.18256296e+00
 1.08948074e+01 -4.57702291e+00
 1.15921219e+01 -4.05381301e+00
 1.21334368e+01 -3.64765296e+00
 1.21334368e+01 -3.64765296e+00
 1.21334368e+01 -3.64765296e+00
 1.21334368e+01 -3.64765296e+00
 1.21334368e+01 -3.64765296e+00
 1.21334368e+01 -3.64765296e+00
 1.21334368e+01 -3.64765296e+00
 1.21334368e+01 -3.64765296e+00
 1.21334368e+01 -3.64765296e+00
 1.21334368e+01 -3.64765296e+00
 1.21334368e+01 -3.64765296e+00
 1.21334368e+01 -3.64765296e+00
 1.21334368e+01 -3.64765296e+00
 1.21334368e+01 -3.64765296e+00
 1.21334368e+01 -3.64765296e+00
 1.21334368e+01 -3.64765296e+00
 1.21334368e+01 -3.64765296e+00
 1.21334368e+01 -3.64765296e+00
 1.21334368e+01 -3.64765296e+00
 1.21334368e+01 -3.64765296e+00
 1.21334368e+01 -3.64765296e+00
 1.21334368e+01 -3.64765296e+00
 1.21334368e+01 -3.64765296e+00
 1.21334368e+01 -3.64765296e+00
 1.21334368e+01 -3.64765296e+00
 1.21334368e+01 -3.64765296e+00
 1.21334368e+01 -3.64765296e+00
 1.21334368e+01 -3.64765296e+00
 1.21334368e+01 -3.64765296e+00
 1.21334368e+01 -3.64765296e+00
 1.21334368e+01 -3.64765296e+00
 1.21334368e+01 -3.64765296e+00
 1.21334368e+01 -3.64765296e+00
 1.21334368e+01 -3.64765296e+00
 1.21334368e+01 -3.64765296e+00
 1.21334368e+01 -3.64765296e+00
 1.21334368e+01 -3.64765296e+00
 1.21334368e+01 -3.64765296e+00
 1.21334368e+01 -3.64765296e+00
 1.21334368e+01 -3.64765296e+00
 1.21334368e+01 -3.64765296e+00
