 0.00000000e+00 0.00000000e+00
 0.00000000e+00 0.00000000e+00
 0.00000000e+00 0.00000000e+00
 0.00000000e+00 0.00000000e+00
 -1.00929062e-02 5.56137544e-02
 -3.06702371e-02 1.32812831e-01
 -6.62694563e-02 2.31154680e-01
 -1.20223631e-01 3.49173014e-01
 -1.94548356e-01 4.85181583e-01
 -2.91287601e-01 6.37773781e-01
 -4.14702369e-01 8.06332622e-01
 -5.73221920e-01 9.91364247e-01
 -7.79823481e-01 1.19414504e+00
 -1.05027384e+00 1.41558297e+00
 -1.40040324e+00 1.65483409e+00
 -1.84413933e+00 1.90834098e+00
 -2.39278163e+00 2.16953101e+00
 -3.05491879e+00 2.42900851e+00
 -3.83646372e+00 2.67498615e+00
 -4.74068532e+00 2.89375433e+00
 -5.76844065e+00 3.07011563e+00
 -6.91896617e+00 3.18795395e+00
 -8.19106501e+00 3.23122107e+00
 -9.58377119e+00 3.18533126e+00
 -1.10957849e+01 3.03848485e+00
 -1.27239857e+01 2.78237894e+00
 -1.44619174e+01 2.41231843e+00
 -1.62988709e+01 1.92725818e+00
 -1.82195486e+01 1.33004101e+00
 -2.02039215e+01 6.27462719e-01
 -2.22271884e+01 -1.70235507e-01
 -2.42602392e+01 -1.05037125e+00
 -2.62709878e+01 -1.99902345e+00
 -2.82264628e+01 -3.00226563e+00
 -3.00952182e+01 -4.04740293e+00
 -3.18496263e+01 -5.12422509e+00
 -3.34677915e+01 -6.22616851e+00
 -3.49348883e+01 -7.35103503e+00
 -3.62435179e+01 -8.50086018e+00
 -3.73927458e+01 -9.68083051e+00
 -3.83861563e+01 -1.08975667e+01
 -3.92296262e+01 -1.21572417e+01
 -3.99291044e+01 -1.34637900e+01
 -4.04885849e+01 -1.48172379e+01
 -4.09089448e+01 -1.62123599e+01
 -4.11881144e+01 -1.76381526e+01
 -4.13220600e+01 -1.90784668e+01
 -4.13057703e+01 -2.05135733e+01
 -4.11342071e+01 -2.19219687e+01
 -4.08036791e+01 -2.32817099e+01
 -4.03135243e+01 -2.45710985e+01
 -3.96672312e+01 -2.57691767e+01
 -3.88723443e+01 -2.68564754e+01
 -3.79393295e+01 -2.78157747e+01
 -3.68798841e+01 -2.86322779e+01
 -3.57049687e+01 -2.92930695e+01
 -3.44228082e+01 -2.97863882e+01
 -3.30373085e+01 -3.01013685e+01
 -3.15474341e+01 -3.02284559e+01
 -2.99478526e+01 -3.01601885e+01
 -2.82306198e+01 -2.98920451e+01
 -2.63874530e+01 -2.94235431e+01
 -2.44126272e+01 -2.87599157e+01
 -2.23069824e+01 -2.79141617e+01
 -2.00828539e+01 -2.69086495e+01
 -1.77682247e+01 -2.57754408e+01
 -1.54077877e+01 -2.45550146e+01
 -1.30599800e+01 -2.32936829e+01
 -1.07910759e+01 -2.20401303e+01
 -8.66769921e+00 -2.08410399e+01
 -6.74731596e+00 -1.97352965e+01
 -5.06535134e+00 -1.87468258e+01
 -3.62117303e+00 -1.78781677e+01
 -2.37207798e+00 -1.71091894e+01
 -1.24546723e+00 -1.64046214e+01
 -1.67049190e-01 -1.57282727e+01
 9.12954879e-01 -1.50554318e+01
 2.01278875e+00 -1.43761239e+01
 3.13024120e+00 -1.36901223e+01
 4.25734771e+00 -1.30002926e+01
 5.38825268e+00 -1.23089284e+01
 6.52028080e+00 -1.16171061e+01
 7.65256315e+00 -1.09251795e+01
 8.78488992e+00 -1.02332346e+01
 9.91722260e+00 -9.54128726e+00
 1.10495544e+01 -8.84934064e+00
 1.21818713e+01 -8.15740312e+00
 1.33140748e+01 -7.46553484e+00
 1.44456042e+01 -6.77407856e+00
 1.55739849e+01 -6.08454635e+00
 1.66908065e+01 -5.40207774e+00
 1.77742193e+01 -4.74002453e+00
 1.87815036e+01 -4.12449207e+00
 1.96518360e+01 -3.59264835e+00
 2.03274621e+01 -3.17978599e+00
 2.03274621e+01 -3.17978599e+00
 2.03274621e+01 -3.17978599e+00
 2.03274621e+01 -3.17978599e+00
 2.03274621e+01 -3.17978599e+00
 2.03274621e+01 -3.17978599e+00
 2.03274621e+01 -3.17978599e+00
 2.03274621e+01 -3.17978599e+00
 2.03274621e+01 -3.17978599e+00
 2.03274621e+01 -3.17978599e+00
 2.03274621e+01 -3.17978599e+00
 2.03274621e+01 -3.17978599e+00
 2.03274621e+01 -3.17978599e+00
 2.03274621e+01 -3.17978599e+00
 2.03274621e+01 -3.17978599e+00
 2.03274621e+01 -3.17978599e+00
 2.03274621e+01 -3.17978599e+00
 2.03274621e+01 -3.17978599e+00
 2.03274621e+01 -3.17978599e+00
 2.03274621e+01 -3.17978599e+00
 2.03274621e+01 -3.17978599e+00
 2.03274621e+01 -3.17978599e+00
 2.03274621e+01 -3.17978599e+00
 2.03274621e+01 -3.17978599e+00
 2.03274621e+01 -3.17978599e+00
 2.03274621e+01 -3.17978599e+00
 2.03274621e+01 -3.17978599e+00
 2.03274621e+01 -3.17978599e+00
 2.03274621e+01 -3.17978599e+00
 2.03274621e+01 -3.17978599e+00
 2.03274621e+01 -3.17978599e+00
 2.03274621e+01 -3.17978599e+00
 2.03274621e+01 -3.17978599e+00
 2.03274621e+01 -3.17978599e+00
 2.03274621e+01 -3.17978599e+00
 2.03274621e+01 -3.17978599e+00
