 0.00000000e+00 0.00000000e+00
 0.00000000e+00 0.00000000e+00
 0.00000000e+00 0.00000000e+00
 0.00000000e+00 0.00000000e+00
 -1.15137627e-01 3.28533196e-02
 -2.97853928e-01 7.61777423e-02
 -5.52150992e-01 1.27158667e-01
 -8.72067751e-01 1.81630542e-01
 -1.24843082e+00 2.35190965e-01
 -1.67591140e+00 2.83978226e-01
 -2.15532870e+00 3.25050758e-01
 -2.69140094e+00 3.56598334e-01
 -3.28957193e+00 3.78200975e-01
 -3.95462060e+00 3.91007853e-01
 -4.69104276e+00 3.97360745e-01
 -5.50377084e+00 3.99751284e-01
 -6.39823612e+00 3.99665400e-01
 -7.37977417e+00 3.96785243e-01
 -8.45275038e+00 3.88523653e-01
 -9.61965285e+00 3.69862471e-01
 -1.08804904e+01 3.33614000e-01
 -1.22330214e+01 2.70832318e-01
 -1.36738613e+01 1.70781586e-01
 -1.51995516e+01 2.05092912e-02
 -1.68064790e+01 -1.95117258e-01
 -1.84895920e+01 -4.92327210e-01
 -2.02409836e+01 -8.86549239e-01
 -2.20492564e+01 -1.39017720e+00
 -2.38995545e+01 -2.01039733e+00
 -2.57735868e+01 -2.74760633e+00
 -2.76494667e+01 -3.59492698e+00
 -2.95021283e+01 -4.53891576e+00
 -3.13053054e+01 -5.56117310e+00
 -3.30349252e+01 -6.64055002e+00
 -3.46721974e+01 -7.75583038e+00
 -3.62045778e+01 -8.88867764e+00
 -3.76245197e+01 -1.00261505e+01
 -3.89275401e+01 -1.11619145e+01
 -4.01109258e+01 -1.22958911e+01
 -4.11729520e+01 -1.34327883e+01
 -4.21116360e+01 -1.45799293e+01
 -4.29227512e+01 -1.57444145e+01
 -4.35981705e+01 -1.69298053e+01
 -4.41258474e+01 -1.81332344e+01
 -4.44916214e+01 -1.93442056e+01
 -4.46819058e+01 -2.05456045e+01
 -4.46860904e+01 -2.17161151e+01
 -4.44980168e+01 -2.28327350e+01
 -4.41167301e+01 -2.38728970e+01
 -4.35470281e+01 -2.48165658e+01
 -4.27996583e+01 -2.56483951e+01
 -4.18903770e+01 -2.63591943e+01
 -4.08375726e+01 -2.69458933e+01
 -3.96592811e+01 -2.74101404e+01
 -3.83710307e+01 -2.77565409e+01
 -3.69854176e+01 -2.79912744e+01
 -3.55130646e+01 -2.81208719e+01
 -3.39639105e+01 -2.81509259e+01
 -3.23482304e+01 -2.80855347e+01
 -3.06773224e+01 -2.79281453e+01
 -2.89636823e+01 -2.76826899e+01
 -2.72205765e+01 -2.73533779e+01
 -2.54615542e+01 -2.69434976e+01
 -2.37004516e+01 -2.64551427e+01
 -2.19515682e+01 -2.58907814e+01
 -2.02293769e+01 -2.52557012e+01
 -1.85479526e+01 -2.45597582e+01
 -1.69210084e+01 -2.38176015e+01
 -1.53628830e+01 -2.30476248e+01
 -1.38894510e+01 -2.22703225e+01
 -1.25170036e+01 -2.15061876e+01
 -1.12577222e+01 -2.07726921e+01
 -1.01127664e+01 -2.00805253e+01
 -9.06730657e+00 -1.94308910e+01
 -8.09276010e+00 -1.88161723e+01
 -7.15677522e+00 -1.82242616e+01
 -6.23439874e+00 -1.76439179e+01
 -5.31279833e+00 -1.70678868e+01
 -4.38851214e+00 -1.64928701e+01
 -3.46213780e+00 -1.59178889e+01
 -2.53482471e+00 -1.53428212e+01
 -1.60721435e+00 -1.47677109e+01
 -6.79533940e-01 -1.41925883e+01
 2.48159032e-01 -1.36174634e+01
 1.17585363e+00 -1.30423382e+01
 2.10354716e+00 -1.24672137e+01
 3.03122847e+00 -1.18920968e+01
 3.95881693e+00 -1.13170374e+01
 4.88585304e+00 -1.07423205e+01
 5.81030955e+00 -1.01692028e+01
 6.72529586e+00 -9.60195622e+00
 7.61291125e+00 -9.05167822e+00
 8.43815621e+00 -8.54006683e+00
 9.15119961e+00 -8.09801490e+00
 9.70472457e+00 -7.75485658e+00
 9.70472457e+00 -7.75485658e+00
 9.70472457e+00 -7.75485658e+00
 9.70472457e+00 -7.75485658e+00
 9.70472457e+00 -7.75485658e+00
 9.70472457e+00 -7.75485658e+00
 9.70472457e+00 -7.75485658e+00
 9.70472457e+00 -7.75485658e+00
 9.70472457e+00 -7.75485658e+00
 9.70472457e+00 -7.75485658e+00
 9.70472457e+00 -7.75485658e+00
 9.70472457e+00 -7.75485658e+00
 9.70472457e+00 -7.75485658e+00
 9.70472457e+00 -7.75485658e+00
 9.70472457e+00 -7.75485658e+00
 9.70472457e+00 -7.75485658e+00
 9.70472457e+00 -7.75485658e+00
 9.70472457e+00 -7.75485658e+00
 9.70472457e+00 -7.75485658e+00
 9.70472457e+00 -7.75485658e+00
 9.70472457e+00 -7.75485658e+00
 9.70472457e+00 -7.75485658e+00
 9.70472457e+00 -7.75485658e+00
 9.70472457e+00 -7.75485658e+00
 9.70472457e+00 -7.75485658e+00
 9.70472457e+00 -7.75485658e+00
 9.70472457e+00 -7.75485658e+00
 9.70472457e+00 -7.75485658e+00
 9.70472457e+00 -7.75485658e+00
 9.70472457e+00 -7.75485658e+00
 9.70472457e+00 -7.75485658e+00
 9.70472457e+00 -7.75485658e+00
 9.70472457e+00 -7.75485658e+00
 9.70472457e+00 -7.75485658e+00
 9.70472457e+00 -7.75485658e+00
 9.70472457e+00 -7.75485658e+00
