 0.00000000e+00 0.00000000e+00
 0.00000000e+00 0.00000000e+00
 0.00000000e+00 0.00000000e+00
 0.00000000e+00 0.00000000e+00
 1.89626826e-01 1.26735846e-01
 3.93189603e-01 2.97474501e-01
 5.65963066e-01 5.05421840e-01
 6.69084452e-01 7.41716544e-01
 6.82552651e-01 9.99207687e-01
 6.06526719e-01 1.27351794e+00
 4.53402967e-01 1.56210139e+00
 2.37438247e-01 1.86267895e+00
 -3.21523476e-02 2.17188316e+00
 -3.52667194e-01 2.48458005e+00
 -7.25774508e-01 2.79407357e+00
 -1.15460848e+00 3.09294444e+00
 -1.64203562e+00 3.37400444e+00
 -2.19085393e+00 3.63090690e+00
 -2.80535591e+00 3.85808781e+00
 -3.49248278e+00 4.05003399e+00
 -4.26122570e+00 4.20039851e+00
 -5.12077324e+00 4.30163233e+00
 -6.07881520e+00 4.34541565e+00
 -7.14061510e+00 4.32372931e+00
 -8.30848971e+00 4.23009668e+00
 -9.58124683e+00 4.06040217e+00
 -1.09536245e+01 3.81302283e+00
 -1.24160650e+01 3.48858913e+00
 -1.39548550e+01 3.08979696e+00
 -1.55524594e+01 2.62118657e+00
 -1.71883867e+01 2.08848936e+00
 -1.88410588e+01 1.49756640e+00
 -2.04901021e+01 8.53533215e-01
 -2.21176861e+01 1.60580921e-01
 -2.37083522e+01 -5.77578841e-01
 -2.52481032e+01 -1.35711084e+00
 -2.67237665e+01 -2.17368720e+00
 -2.81229588e+01 -3.02242044e+00
 -2.94343932e+01 -3.89792804e+00
 -3.06481330e+01 -4.79439686e+00
 -3.17555638e+01 -5.70577953e+00
 -3.27491818e+01 -6.62640755e+00
 -3.36224748e+01 -7.55199022e+00
 -3.43699591e+01 -8.48045636e+00
 -3.49872536e+01 -9.41208276e+00
 -3.54714315e+01 -1.03488472e+01
 -3.58221112e+01 -1.12933459e+01
 -3.60427881e+01 -1.22476828e+01
 -3.61406847e+01 -1.32125400e+01
 -3.61243248e+01 -1.41863233e+01
 -3.60008247e+01 -1.51642290e+01
 -3.57755448e+01 -1.61373723e+01
 -3.54537525e+01 -1.70923698e+01
 -3.50414596e+01 -1.80117123e+01
 -3.45438807e+01 -1.88749155e+01
 -3.39627047e+01 -1.96599785e+01
 -3.32942783e+01 -2.03445961e+01
 -3.25297537e+01 -2.09070396e+01
 -3.16569000e+01 -2.13270735e+01
 -3.06626927e+01 -2.15872378e+01
 -2.95359555e+01 -2.16745066e+01
 -2.82695650e+01 -2.15819510e+01
 -2.68618152e+01 -2.13098043e+01
 -2.53168127e+01 -2.08655588e+01
 -2.36443353e+01 -2.02633486e+01
 -2.18598724e+01 -1.95231852e+01
 -1.99851089e+01 -1.86703575e+01
 -1.80482292e+01 -1.77348347e+01
 -1.60830249e+01 -1.67501848e+01
 -1.41263580e+01 -1.57514369e+01
 -1.22143092e+01 -1.47715669e+01
 -1.03773255e+01 -1.38368137e+01
 -8.63452795e+00 -1.29618316e+01
 -6.98881049e+00 -1.21468708e+01
 -5.42637804e+00 -1.13796090e+01
 -3.92292689e+00 -1.06419137e+01
 -2.45347280e+00 -9.91776065e+00
 -9.99713110e-01 -9.19751821e+00
 4.48351628e-01 -8.47740860e+00
 1.89483265e+00 -7.75674962e+00
 3.34099048e+00 -7.03575362e+00
 4.78710474e+00 -6.31463717e+00
 6.23321672e+00 -5.59349046e+00
 7.67932919e+00 -4.87233810e+00
 9.12544165e+00 -4.15118503e+00
 1.05715522e+01 -3.43003284e+00
 1.20176436e+01 -2.70889017e+00
 1.34635903e+01 -1.98781966e+00
 1.49086760e+01 -1.26717854e+00
 1.63497406e+01 -5.48542688e-01
 1.77760428e+01 1.62731408e-01
 1.91596785e+01 8.52728423e-01
 2.04460898e+01 1.49424115e+00
 2.15575986e+01 2.04853282e+00
 2.24204464e+01 2.47882119e+00
 2.24204464e+01 2.47882119e+00
 2.24204464e+01 2.47882119e+00
 2.24204464e+01 2.47882119e+00
 2.24204464e+01 2.47882119e+00
 2.24204464e+01 2.47882119e+00
 2.24204464e+01 2.47882119e+00
 2.24204464e+01 2.47882119e+00
 2.24204464e+01 2.47882119e+00
 2.24204464e+01 2.47882119e+00
 2.24204464e+01 2.47882119e+00
 2.24204464e+01 2.47882119e+00
 2.24204464e+01 2.47882119e+00
 2.24204464e+01 2.47882119e+00
 2.24204464e+01 2.47882119e+00
 2.24204464e+01 2.47882119e+00
 2.24204464e+01 2.47882119e+00
 2.24204464e+01 2.47882119e+00
 2.24204464e+01 2.47882119e+00
 2.24204464e+01 2.47882119e+00
 2.24204464e+01 2.47882119e+00
 2.24204464e+01 2.47882119e+00
 2.24204464e+01 2.47882119e+00
 2.24204464e+01 2.47882119e+00
 2.24204464e+01 2.47882119e+00
 2.24204464e+01 2.47882119e+00
 2.24204464e+01 2.47882119e+00
 2.24204464e+01 2.47882119e+00
 2.24204464e+01 2.47882119e+00
 2.24204464e+01 2.47882119e+00
 2.24204464e+01 2.47882119e+00
 2.24204464e+01 2.47882119e+00
 2.24204464e+01 2.47882119e+00
 2.24204464e+01 2.47882119e+00
 2.24204464e+01 2.47882119e+00
 2.24204464e+01 2.47882119e+00
