 0.00000000e+00 0.00000000e+00
 0.00000000e+00 0.00000000e+00
 0.00000000e+00 0.00000000e+00
 0.00000000e+00 0.00000000e+00
 0.00000000e+00 0.00000000e+00
 0.00000000e+00 0.00000000e+00
 0.00000000e+00 0.00000000e+00
 0.00000000e+00 0.00000000e+00
 0.00000000e+00 0.00000000e+00
 0.00000000e+00 0.00000000e+00
 -7.83246082e-02 1.06863322e-01
 -1.94530834e-01 2.55428327e-01
 -3.56608097e-01 4.41860371e-01
 -5.74103623e-01 6.58081838e-01
 -8.58278989e-01 8.94333626e-01
 -1.22126022e+00 1.14075025e+00
 -1.67481301e+00 1.38782579e+00
 -2.22920013e+00 1.62625967e+00
 -2.89237751e+00 1.84671602e+00
 -3.66948359e+00 2.03986945e+00
 -4.56228552e+00 2.19671975e+00
 -5.56862282e+00 2.30873508e+00
 -6.68251011e+00 2.36745556e+00
 -7.89528987e+00 2.36392143e+00
 -9.19730436e+00 2.28879166e+00
 -1.05792539e+01 2.13321662e+00
 -1.20329997e+01 1.88927967e+00
 -1.35521407e+01 1.54928847e+00
 -1.51325711e+01 1.10499477e+00
 -1.67726968e+01 5.48099851e-01
 -1.84727451e+01 -1.28268976e-01
 -2.02329266e+01 -9.28441015e-01
 -2.20509285e+01 -1.85398463e+00
 -2.39198270e+01 -2.90388422e+00
 -2.58272458e+01 -4.07461445e+00
 -2.77555543e+01 -5.36022897e+00
 -2.96822837e+01 -6.75274897e+00
 -3.15803556e+01 -8.24264659e+00
 -3.34184220e+01 -9.81886276e+00
 -3.51618512e+01 -1.14681967e+01
 -3.67744804e+01 -1.31745193e+01
 -3.82205836e+01 -1.49182602e+01
 -3.94664677e+01 -1.66762147e+01
 -4.04817528e+01 -1.84216180e+01
 -4.12406960e+01 -2.01246337e+01
 -4.17236329e+01 -2.17534675e+01
 -4.19182795e+01 -2.32760934e+01
 -4.18204468e+01 -2.46622116e+01
 -4.14337155e+01 -2.58849145e+01
 -4.07679857e+01 -2.69217996e+01
 -3.98374916e+01 -2.77555287e+01
 -3.86593843e+01 -2.83738856e+01
 -3.72536759e+01 -2.87696219e+01
 -3.56441537e+01 -2.89407213e+01
 -3.38591064e+01 -2.88913817e+01
 -3.19312989e+01 -2.86331270e+01
 -2.98975659e+01 -2.81851091e+01
 -2.77984746e+01 -2.75732851e+01
 -2.56779063e+01 -2.68289707e+01
 -2.35819239e+01 -2.59873429e+01
 -2.15564251e+01 -2.50858256e+01
 -1.96439926e+01 -2.41619386e+01
 -1.78810915e+01 -2.32506891e+01
 -1.62962244e+01 -2.23821741e+01
 -1.49084411e+01 -2.15798332e+01
 -1.37251199e+01 -2.08590027e+01
 -1.27385540e+01 -2.02251329e+01
 -1.19226403e+01 -1.96720789e+01
 -1.12335586e+01 -1.91825847e+01
 -1.06184628e+01 -1.87330063e+01
 -1.00303683e+01 -1.83010814e+01
 -9.44018618e+00 -1.78721719e+01
 -8.83806717e+00 -1.74403514e+01
 -8.22575045e+00 -1.70052356e+01
 -7.60794596e+00 -1.65682093e+01
 -6.98800553e+00 -1.61304163e+01
 -6.36743804e+00 -1.56923948e+01
 -5.74672931e+00 -1.52543215e+01
 -5.12599598e+00 -1.48162391e+01
 -4.50525940e+00 -1.43781555e+01
 -3.88452331e+00 -1.39400724e+01
 -3.26379538e+00 -1.35019951e+01
 -2.64312956e+00 -1.30639616e+01
 -2.02283335e+00 -1.26261890e+01
 -1.40426318e+00 -1.21896345e+01
 -7.92029691e-01 -1.17575521e+01
 -1.98110575e-01 -1.13383950e+01
 3.54075396e-01 -1.09486910e+01
 8.31185314e-01 -1.06119718e+01
 1.20155864e+00 -1.03505817e+01
 1.20155864e+00 -1.03505817e+01
 1.20155864e+00 -1.03505817e+01
 1.20155864e+00 -1.03505817e+01
 1.20155864e+00 -1.03505817e+01
 1.20155864e+00 -1.03505817e+01
 1.20155864e+00 -1.03505817e+01
 1.20155864e+00 -1.03505817e+01
 1.20155864e+00 -1.03505817e+01
 1.20155864e+00 -1.03505817e+01
 1.20155864e+00 -1.03505817e+01
 1.20155864e+00 -1.03505817e+01
 1.20155864e+00 -1.03505817e+01
 1.20155864e+00 -1.03505817e+01
 1.20155864e+00 -1.03505817e+01
 1.20155864e+00 -1.03505817e+01
 1.20155864e+00 -1.03505817e+01
 1.20155864e+00 -1.03505817e+01
 1.20155864e+00 -1.03505817e+01
 1.20155864e+00 -1.03505817e+01
 1.20155864e+00 -1.03505817e+01
 1.20155864e+00 -1.03505817e+01
 1.20155864e+00 -1.03505817e+01
 1.20155864e+00 -1.03505817e+01
 1.20155864e+00 -1.03505817e+01
 1.20155864e+00 -1.03505817e+01
 1.20155864e+00 -1.03505817e+01
 1.20155864e+00 -1.03505817e+01
 1.20155864e+00 -1.03505817e+01
 1.20155864e+00 -1.03505817e+01
 1.20155864e+00 -1.03505817e+01
 1.20155864e+00 -1.03505817e+01
 1.20155864e+00 -1.03505817e+01
 1.20155864e+00 -1.03505817e+01
 1.20155864e+00 -1.03505817e+01
 1.20155864e+00 -1.03505817e+01
 1.20155864e+00 -1.03505817e+01
 1.20155864e+00 -1.03505817e+01
 1.20155864e+00 -1.03505817e+01
 1.20155864e+00 -1.03505817e+01
 1.20155864e+00 -1.03505817e+01
