 0.00000000e+00 0.00000000e+00
 0.00000000e+00 0.00000000e+00
 0.00000000e+00 0.00000000e+00
 0.00000000e+00 0.00000000e+00
 0.00000000e+00 0.00000000e+00
 3.91575631e-02 1.04344159e-01
 6.92048829e-02 2.38714445e-01
 7.09591457e-02 3.94482258e-01
 2.59341395e-02 5.63036700e-01
 -7.86502783e-02 7.38913163e-01
 -2.48863365e-01 9.19582013e-01
 -4.86923426e-01 1.10355150e+00
 -7.94386389e-01 1.28898830e+00
 -1.17293949e+00 1.47363372e+00
 -1.62356300e+00 1.65541623e+00
 -2.14617564e+00 1.83276089e+00
 -2.74030249e+00 2.00412312e+00
 -3.40571471e+00 2.16714951e+00
 -4.14216177e+00 2.31819569e+00
 -4.94853176e+00 2.45238946e+00
 -5.82252128e+00 2.56373627e+00
 -6.76141304e+00 2.64474063e+00
 -7.76339437e+00 2.68565699e+00
 -8.82824506e+00 2.67414508e+00
 -9.95678060e+00 2.59613106e+00
 -1.11494662e+01 2.43784940e+00
 -1.24051066e+01 2.18803274e+00
 -1.37202519e+01 1.83921875e+00
 -1.50892677e+01 1.38815815e+00
 -1.65044182e+01 8.35866781e-01
 -1.79554977e+01 1.87379088e-01
 -1.94294202e+01 -5.49113085e-01
 -2.09104711e+01 -1.36359526e+00
 -2.23811853e+01 -2.24547737e+00
 -2.38232881e+01 -3.18453950e+00
 -2.52185266e+01 -4.17177283e+00
 -2.65495664e+01 -5.20003080e+00
 -2.78007294e+01 -6.26400550e+00
 -2.89579649e+01 -7.35931697e+00
 -3.00079569e+01 -8.48114743e+00
 -3.09372487e+01 -9.62315099e+00
 -3.17324272e+01 -1.07771550e+01
 -3.23813403e+01 -1.19336258e+01
 -3.28741822e+01 -1.30822886e+01
 -3.32035305e+01 -1.42121778e+01
 -3.33637852e+01 -1.53110154e+01
 -3.33511680e+01 -1.63646151e+01
 -3.31645367e+01 -1.73570558e+01
 -3.28059490e+01 -1.82715767e+01
 -3.22799323e+01 -1.90915135e+01
 -3.15918425e+01 -1.98008899e+01
 -3.07468478e+01 -2.03849240e+01
 -2.97505552e+01 -2.08307211e+01
 -2.86106340e+01 -2.11280464e+01
 -2.73379589e+01 -2.12701021e+01
 -2.59466887e+01 -2.12544645e+01
 -2.44538659e+01 -2.10839897e+01
 -2.28790450e+01 -2.07669574e+01
 -2.12436806e+01 -2.03160483e+01
 -1.95698805e+01 -1.97467871e+01
 -1.78789549e+01 -1.90764758e+01
 -1.61909336e+01 -1.83239450e+01
 -1.45255995e+01 -1.75096375e+01
 -1.29037897e+01 -1.66553806e+01
 -1.13467023e+01 -1.57834563e+01
 -9.87208884e+00 -1.49148152e+01
 -8.48864724e+00 -1.40665190e+01
 -7.19187510e+00 -1.32490373e+01
 -5.96473273e+00 -1.24647274e+01
 -4.78380664e+00 -1.17088059e+01
 -3.62752949e+00 -1.09727002e+01
 -2.48142820e+00 -1.02479249e+01
 -1.33837312e+00 -9.52844407e+00
 -1.95868365e-01 -8.81097575e+00
 9.46639453e-01 -8.09412651e+00
 2.08918656e+00 -7.37743056e+00
 3.23174820e+00 -6.66076500e+00
 4.37431305e+00 -5.94410425e+00
 5.51687828e+00 -5.22744418e+00
 6.65944201e+00 -4.51078515e+00
 7.80199068e+00 -3.79413557e+00
 8.94442500e+00 -3.07755772e+00
 1.00861790e+01 -2.36140657e+00
 1.12247560e+01 -1.64724820e+00
 1.23516693e+01 -9.40405721e-01
 1.34448720e+01 -2.54707753e-01
 1.44612583e+01 3.82808011e-01
 1.53394551e+01 9.33646152e-01
 1.60211863e+01 1.36125360e+00
 1.60211863e+01 1.36125360e+00
 1.60211863e+01 1.36125360e+00
 1.60211863e+01 1.36125360e+00
 1.60211863e+01 1.36125360e+00
 1.60211863e+01 1.36125360e+00
 1.60211863e+01 1.36125360e+00
 1.60211863e+01 1.36125360e+00
 1.60211863e+01 1.36125360e+00
 1.60211863e+01 1.36125360e+00
 1.60211863e+01 1.36125360e+00
 1.60211863e+01 1.36125360e+00
 1.60211863e+01 1.36125360e+00
 1.60211863e+01 1.36125360e+00
 1.60211863e+01 1.36125360e+00
 1.60211863e+01 1.36125360e+00
 1.60211863e+01 1.36125360e+00
 1.60211863e+01 1.36125360e+00
 1.60211863e+01 1.36125360e+00
 1.60211863e+01 1.36125360e+00
 1.60211863e+01 1.36125360e+00
 1.60211863e+01 1.36125360e+00
 1.60211863e+01 1.36125360e+00
 1.60211863e+01 1.36125360e+00
 1.60211863e+01 1.36125360e+00
 1.60211863e+01 1.36125360e+00
 1.60211863e+01 1.36125360e+00
 1.60211863e+01 1.36125360e+00
 1.60211863e+01 1.36125360e+00
 1.60211863e+01 1.36125360e+00
 1.60211863e+01 1.36125360e+00
 1.60211863e+01 1.36125360e+00
 1.60211863e+01 1.36125360e+00
 1.60211863e+01 1.36125360e+00
 1.60211863e+01 1.36125360e+00
 1.60211863e+01 1.36125360e+00
 1.60211863e+01 1.36125360e+00
 1.60211863e+01 1.36125360e+00
 1.60211863e+01 1.36125360e+00
 1.60211863e+01 1.36125360e+00
 1.60211863e+01 1.36125360e+00
 1.60211863e+01 1.36125360e+00
