 0.00000000e+00 0.00000000e+00
 0.00000000e+00 0.00000000e+00
 0.00000000e+00 0.00000000e+00
 0.00000000e+00 0.00000000e+00
 0.00000000e+00 0.00000000e+00
 0.00000000e+00 0.00000000e+00
 0.00000000e+00 0.00000000e+00
 0.00000000e+00 0.00000000e+00
 0.00000000e+00 0.00000000e+00
 -1.23769049e-01 1.36948477e-01
 -3.05639704e-01 3.22263587e-01
 -5.51816656e-01 5.48704268e-01
 -8.66217415e-01 8.05409637e-01
 -1.25170406e+00 1.08100894e+00
 -1.71042898e+00 1.36439025e+00
 -2.24366240e+00 1.64427696e+00
 -2.85144975e+00 1.90899701e+00
 -3.53214102e+00 2.14673850e+00
 -4.28218386e+00 2.34619522e+00
 -5.09668772e+00 2.49769357e+00
 -5.97045853e+00 2.59447079e+00
 -6.89868134e+00 2.63300068e+00
 -7.87710960e+00 2.61172283e+00
 -8.90242778e+00 2.52921560e+00
 -9.97319780e+00 2.38346415e+00
 -1.10909223e+01 2.17243201e+00
 -1.22605110e+01 1.89463666e+00
 -1.34901991e+01 1.54854426e+00
 -1.47916515e+01 1.13074811e+00
 -1.61803264e+01 6.33940622e-01
 -1.76747914e+01 4.60975474e-02
 -1.92936332e+01 -6.48211722e-01
 -2.10504535e+01 -1.46476519e+00
 -2.29492335e+01 -2.41640309e+00
 -2.49822492e+01 -3.51095364e+00
 -2.71310498e+01 -4.75059188e+00
 -2.93692838e+01 -6.13188219e+00
 -3.16653675e+01 -7.64588239e+00
 -3.39833751e+01 -9.27820194e+00
 -3.62819615e+01 -1.10089887e+01
 -3.85128893e+01 -1.28128445e+01
 -4.06212963e+01 -1.46591200e+01
 -4.25484994e+01 -1.65133490e+01
 -4.42362124e+01 -1.83399767e+01
 -4.56304636e+01 -2.01053110e+01
 -4.66845857e+01 -2.17790980e+01
 -4.73620225e+01 -2.33342832e+01
 -4.76397598e+01 -2.47463713e+01
 -4.75118306e+01 -2.59940619e+01
 -4.69909255e+01 -2.70610122e+01
 -4.61062686e+01 -2.79369237e+01
 -4.48979100e+01 -2.86167065e+01
 -4.34099060e+01 -2.90985481e+01
 -4.16854353e+01 -2.93829871e+01
 -3.97654339e+01 -2.94741948e+01
 -3.76902908e+01 -2.93825177e+01
 -3.55027566e+01 -2.91261854e+01
 -3.32498900e+01 -2.87309900e+01
 -3.09827571e+01 -2.82282864e+01
 -2.87541868e+01 -2.76522228e+01
 -2.66157841e+01 -2.70368081e+01
 -2.46148075e+01 -2.64131803e+01
 -2.27905745e+01 -2.58073185e+01
 -2.11702478e+01 -2.52383234e+01
 -1.97647268e+01 -2.47174025e+01
 -1.85655472e+01 -2.42477340e+01
 -1.75438534e+01 -2.38252481e+01
 -1.66537696e+01 -2.34403746e+01
 -1.58423613e+01 -2.30808671e+01
 -1.50636735e+01 -2.27352100e+01
 -1.42890045e+01 -2.23952062e+01
 -1.35074466e+01 -2.20565750e+01
 -1.27188721e+01 -2.17178442e+01
 -1.19263452e+01 -2.13788303e+01
 -1.11322534e+01 -2.10396636e+01
 -1.03376990e+01 -2.07004449e+01
 -9.54304014e+00 -2.03612135e+01
 -8.74836306e+00 -2.00219798e+01
 -7.95368360e+00 -1.96827458e+01
 -7.15900496e+00 -1.93435122e+01
 -6.36433678e+00 -1.90042831e+01
 -5.56974814e+00 -1.86650879e+01
 -4.77563265e+00 -1.83260947e+01
 -3.98372689e+00 -1.79880449e+01
 -3.19993346e+00 -1.76534580e+01
 -2.43958646e+00 -1.73288799e+01
 -1.73266706e+00 -1.70271092e+01
 -1.12186151e+00 -1.67663676e+01
 -6.47702251e-01 -1.65639578e+01
 -6.47702251e-01 -1.65639578e+01
 -6.47702251e-01 -1.65639578e+01
 -6.47702251e-01 -1.65639578e+01
 -6.47702251e-01 -1.65639578e+01
 -6.47702251e-01 -1.65639578e+01
 -6.47702251e-01 -1.65639578e+01
 -6.47702251e-01 -1.65639578e+01
 -6.47702251e-01 -1.65639578e+01
 -6.47702251e-01 -1.65639578e+01
 -6.47702251e-01 -1.65639578e+01
 -6.47702251e-01 -1.65639578e+01
 -6.47702251e-01 -1.65639578e+01
 -6.47702251e-01 -1.65639578e+01
 -6.47702251e-01 -1.65639578e+01
 -6.47702251e-01 -1.65639578e+01
 -6.47702251e-01 -1.65639578e+01
 -6.47702251e-01 -1.65639578e+01
 -6.47702251e-01 -1.65639578e+01
 -6.47702251e-01 -1.65639578e+01
 -6.47702251e-01 -1.65639578e+01
 -6.47702251e-01 -1.65639578e+01
 -6.47702251e-01 -1.65639578e+01
 -6.47702251e-01 -1.65639578e+01
 -6.47702251e-01 -1.65639578e+01
 -6.47702251e-01 -1.65639578e+01
 -6.47702251e-01 -1.65639578e+01
 -6.47702251e-01 -1.65639578e+01
 -6.47702251e-01 -1.65639578e+01
 -6.47702251e-01 -1.65639578e+01
 -6.47702251e-01 -1.65639578e+01
 -6.47702251e-01 -1.65639578e+01
 -6.47702251e-01 -1.65639578e+01
 -6.47702251e-01 -1.65639578e+01
 -6.47702251e-01 -1.65639578e+01
 -6.47702251e-01 -1.65639578e+01
 -6.47702251e-01 -1.65639578e+01
 -6.47702251e-01 -1.65639578e+01
 -6.47702251e-01 -1.65639578e+01
 -6.47702251e-01 -1.65639578e+01
 -6.47702251e-01 -1.65639578e+01
 -6.47702251e-01 -1.65639578e+01
