 0.00000000e+00 0.00000000e+00
 0.00000000e+00 0.00000000e+00
 0.00000000e+00 0.00000000e+00
 0.00000000e+00 0.00000000e+00
 0.00000000e+00 0.00000000e+00
 0.00000000e+00 0.00000000e+00
 2.31926953e-02 7.08603634e-02
 4.62718074e-02 1.69172099e-01
 5.87740689e-02 2.93339019e-01
 4.95294415e-02 4.40001975e-01
 9.50636898e-03 6.05391106e-01
 -6.77850257e-02 7.85788002e-01
 -1.87845745e-01 9.77582595e-01
 -3.57190314e-01 1.17744657e+00
 -5.84517834e-01 1.38257847e+00
 -8.80547549e-01 1.59065541e+00
 -1.25693507e+00 1.79924048e+00
 -1.72506041e+00 2.00475425e+00
 -2.29508571e+00 2.20142716e+00
 -2.97511608e+00 2.38065909e+00
 -3.77027802e+00 2.53097121e+00
 -4.68205973e+00 2.63847716e+00
 -5.70845327e+00 2.68768019e+00
 -6.84477433e+00 2.66248983e+00
 -8.08436930e+00 2.54753929e+00
 -9.41872864e+00 2.32982672e+00
 -1.08373513e+01 2.00031522e+00
 -1.23279346e+01 1.55492052e+00
 -1.38769083e+01 9.94674042e-01
 -1.54697247e+01 3.25356078e-01
 -1.70903744e+01 -4.43071490e-01
 -1.87203628e+01 -1.29727710e+00
 -2.03380372e+01 -2.22181688e+00
 -2.19189148e+01 -3.20069988e+00
 -2.34368951e+01 -4.21879847e+00
 -2.48658082e+01 -5.26280355e+00
 -2.61808557e+01 -6.32175129e+00
 -2.73598016e+01 -7.38718964e+00
 -2.83840208e+01 -8.45295594e+00
 -2.92395382e+01 -9.51460946e+00
 -2.99179716e+01 -1.05687034e+01
 -3.04170114e+01 -1.16120631e+01
 -3.07399028e+01 -1.26411476e+01
 -3.08936883e+01 -1.36515586e+01
 -3.08869242e+01 -1.46377097e+01
 -3.07281380e+01 -1.55925810e+01
 -3.04254442e+01 -1.65075496e+01
 -2.99866815e+01 -1.73723937e+01
 -2.94195650e+01 -1.81754996e+01
 -2.87318331e+01 -1.89042537e+01
 -2.79312369e+01 -1.95456543e+01
 -2.70252186e+01 -2.00870805e+01
 -2.60206230e+01 -2.05170475e+01
 -2.49237862e+01 -2.08259320e+01
 -2.37406307e+01 -2.10065959e+01
 -2.24762438e+01 -2.10546064e+01
 -2.11343542e+01 -2.09682913e+01
 -1.97179145e+01 -2.07494448e+01
 -1.82313077e+01 -2.04045579e+01
 -1.66830586e+01 -1.99453449e+01
 -1.50873092e+01 -1.93880954e+01
 -1.34635379e+01 -1.87525896e+01
 -1.18354977e+01 -1.80610690e+01
 -1.02303558e+01 -1.73370988e+01
 -8.67780227e+00 -1.66042926e+01
 -7.20796599e+00 -1.58849937e+01
 -5.84716025e+00 -1.51985405e+01
 -4.61161517e+00 -1.45586460e+01
 -3.50112601e+00 -1.39704434e+01
 -2.49647745e+00 -1.34291247e+01
 -1.56443909e+00 -1.29221228e+01
 -6.69562891e-01 -1.24345139e+01
 2.14209412e-01 -1.19545009e+01
 1.09939704e+00 -1.14757418e+01
 1.98862645e+00 -1.09962346e+01
 2.88058046e+00 -1.05159774e+01
 3.77370442e+00 -1.00353602e+01
 4.66719105e+00 -9.55462540e+00
 5.56076218e+00 -9.07386247e+00
 6.45434835e+00 -8.59309443e+00
 7.34793649e+00 -8.11232573e+00
 8.24152363e+00 -7.63155761e+00
 9.13509900e+00 -7.15079583e+00
 1.00285850e+01 -6.67008216e+00
 1.09215388e+01 -6.18965474e+00
 1.18120080e+01 -5.71056418e+00
 1.26933551e+01 -5.23638145e+00
 1.35483376e+01 -4.77638344e+00
 1.43432426e+01 -4.34870828e+00
 1.50300712e+01 -3.97918050e+00
 1.55632460e+01 -3.69232159e+00
 1.55632460e+01 -3.69232159e+00
 1.55632460e+01 -3.69232159e+00
 1.55632460e+01 -3.69232159e+00
 1.55632460e+01 -3.69232159e+00
 1.55632460e+01 -3.69232159e+00
 1.55632460e+01 -3.69232159e+00
 1.55632460e+01 -3.69232159e+00
 1.55632460e+01 -3.69232159e+00
 1.55632460e+01 -3.69232159e+00
 1.55632460e+01 -3.69232159e+00
 1.55632460e+01 -3.69232159e+00
 1.55632460e+01 -3.69232159e+00
 1.55632460e+01 -3.69232159e+00
 1.55632460e+01 -3.69232159e+00
 1.55632460e+01 -3.69232159e+00
 1.55632460e+01 -3.69232159e+00
 1.55632460e+01 -3.69232159e+00
 1.55632460e+01 -3.69232159e+00
 1.55632460e+01 -3.69232159e+00
 1.55632460e+01 -3.69232159e+00
 1.55632460e+01 -3.69232159e+00
 1.55632460e+01 -3.69232159e+00
 1.55632460e+01 -3.69232159e+00
 1.55632460e+01 -3.69232159e+00
 1.55632460e+01 -3.69232159e+00
 1.55632460e+01 -3.69232159e+00
 1.55632460e+01 -3.69232159e+00
 1.55632460e+01 -3.69232159e+00
 1.55632460e+01 -3.69232159e+00
 1.55632460e+01 -3.69232159e+00
 1.55632460e+01 -3.69232159e+00
 1.55632460e+01 -3.69232159e+00
 1.55632460e+01 -3.69232159e+00
 1.55632460e+01 -3.69232159e+00
 1.55632460e+01 -3.69232159e+00
 1.55632460e+01 -3.69232159e+00
 1.55632460e+01 -3.69232159e+00
 1.55632460e+01 -3.69232159e+00
 1.55632460e+01 -3.69232159e+00
