 0.00000000e+00 0.00000000e+00
 0.00000000e+00 0.00000000e+00
 0.00000000e+00 0.00000000e+00
 0.00000000e+00 0.00000000e+00
 0.00000000e+00 0.00000000e+00
 0.00000000e+00 0.00000000e+00
 0.00000000e+00 0.00000000e+00
 0.00000000e+00 0.00000000e+00
 0.00000000e+00 0.00000000e+00
 0.00000000e+00 0.00000000e+00
 0.00000000e+00 0.00000000e+00
 8.95969503e-02 6.33170722e-02
 2.04407067e-01 1.43509627e-01
 3.33877069e-01 2.34023424e-01
 4.64391960e-01 3.26348726e-01
 5.81417260e-01 4.10404632e-01
 6.68696158e-01 4.73351305e-01
 7.06328406e-01 4.97427280e-01
 6.70768356e-01 4.57494605e-01
 5.37883171e-01 3.19839428e-01
 2.87312003e-01 4.45610291e-02
 -9.47512136e-02 -4.07918175e-01
 -6.15194927e-01 -1.06909811e+00
 -1.27404600e+00 -1.95710878e+00
 -2.06314735e+00 -3.07486038e+00
 -2.96447444e+00 -4.41006104e+00
 -3.95057370e+00 -5.93598770e+00
 -4.98830043e+00 -7.61395208e+00
 -6.04490005e+00 -9.39893507e+00
 -7.09431229e+00 -1.12479155e+01
 -8.12165572e+00 -1.31278570e+01
 -9.12459579e+00 -1.50194623e+01
 -1.01111327e+01 -1.69146281e+01
 -1.10943659e+01 -1.88092541e+01
 -1.20862362e+01 -2.06960831e+01
 -1.30931226e+01 -2.25618142e+01
 -1.41149642e+01 -2.43890013e+01
 -1.51467282e+01 -2.61595374e+01
 -1.61792254e+01 -2.78560170e+01
 -1.71976308e+01 -2.94601830e+01
 -1.81796435e+01 -3.09511745e+01
 -1.90971606e+01 -3.23068379e+01
 -1.99227105e+01 -3.35082345e+01
 -2.06369101e+01 -3.45440146e+01
 -2.12316095e+01 -3.54112894e+01
 -2.17072919e+01 -3.61129384e+01
 -2.20683544e+01 -3.66543155e+01
 -2.23207137e+01 -3.70419165e+01
 -2.24724970e+01 -3.72835639e+01
 -2.25350394e+01 -3.73879767e+01
 -2.25217777e+01 -3.73630037e+01
 -2.24453913e+01 -3.72136978e+01
 -2.23150010e+01 -3.69413990e+01
 -2.21348081e+01 -3.65441275e+01
 -2.19046996e+01 -3.60181331e+01
 -2.16223439e+01 -3.53601476e+01
 -2.12854301e+01 -3.45697811e+01
 -2.08928698e+01 -3.36516691e+01
 -2.04448413e+01 -3.26167336e+01
 -1.99422764e+01 -3.14815578e+01
 -1.93863963e+01 -3.02657417e+01
 -1.87787244e+01 -2.89889851e+01
 -1.81218820e+01 -2.76702302e+01
 -1.74209805e+01 -2.63292547e+01
 -1.66846075e+01 -2.49886032e+01
 -1.59242035e+01 -2.36734865e+01
 -1.51517247e+01 -2.24092897e+01
 -1.43769552e+01 -2.12181543e+01
 -1.36060207e+01 -2.01162024e+01
 -1.28413712e+01 -1.91120439e+01
 -1.20822284e+01 -1.82065095e+01
 -1.13246493e+01 -1.73933952e+01
 -1.05617182e+01 -1.66610736e+01
 -9.78512774e+00 -1.59948537e+01
 -8.98820157e+00 -1.53797769e+01
 -8.16869265e+00 -1.48032430e+01
 -7.32992199e+00 -1.42568742e+01
 -6.48054000e+00 -1.37373686e+01
 -5.63390714e+00 -1.32463685e+01
 -4.80725558e+00 -1.27894839e+01
 -4.02000760e+00 -1.23748026e+01
 -3.29101383e+00 -1.20114224e+01
 -2.63553527e+00 -1.17085506e+01
 -2.06320277e+00 -1.14753852e+01
 -1.57747563e+00 -1.13213551e+01
 -1.17628061e+00 -1.12558381e+01
 -8.53352360e-01 -1.12868367e+01
 -5.99853683e-01 -1.14191147e+01
 -4.05752221e-01 -1.16529499e+01
 -2.60662647e-01 -1.19841878e+01
 -1.54547427e-01 -1.24052751e+01
 -7.88794993e-02 -1.29065280e+01
 -2.80477395e-02 -1.34772248e+01
 -1.12106229e-04 -1.41065595e+01
 3.29871729e-03 -1.47846008e+01
 -2.25998859e-02 -1.55032811e+01
 -8.50581627e-02 -1.62572782e+01
 -1.92701024e-01 -1.70444728e+01
 -3.54930945e-01 -1.78655917e+01
 -5.82576998e-01 -1.87228951e+01
 -8.88760275e-01 -1.96182661e+01
 -1.28831871e+00 -2.05514372e+01
 -1.79562215e+00 -2.15190839e+01
 -2.42203881e+00 -2.25150416e+01
 -3.17414652e+00 -2.35311827e+01
 -4.05285389e+00 -2.45581555e+01
 -5.05318596e+00 -2.55856806e+01
 -6.16450214e+00 -2.66027861e+01
 -7.37079123e+00 -2.75982983e+01
 -8.65076898e+00 -2.85613321e+01
 -9.97812741e+00 -2.94814258e+01
 -1.13226774e+01 -3.03484497e+01
 -1.26525016e+01 -3.11526780e+01
 -1.39362409e+01 -3.18851610e+01
 -1.51446248e+01 -3.25382368e+01
 -1.62514384e+01 -3.31059888e+01
 -1.72348211e+01 -3.35845305e+01
 -1.80790673e+01 -3.39719702e+01
 -1.87758630e+01 -3.42679297e+01
 -1.93239674e+01 -3.44728468e+01
 -1.97281012e+01 -3.45879727e+01
 -1.99993310e+01 -3.46173880e+01
 -2.01579387e+01 -3.45721841e+01
 -2.02355845e+01 -3.44735984e+01
 -2.02712478e+01 -3.43499808e+01
 -2.03001382e+01 -3.42271405e+01
 -2.03430257e+01 -3.41192918e+01
 -2.04043983e+01 -3.40279436e+01
 -2.04792148e+01 -3.39478102e+01
 -2.05608977e+01 -3.38731668e+01
 -2.06451974e+01 -3.38005502e+01
 -2.07302584e+01 -3.37285084e+01
 -2.08154903e+01 -3.36565929e+01
 -2.09007519e+01 -3.35846991e+01
 -2.09860175e+01 -3.35128081e+01
 -2.10712835e+01 -3.34409175e+01
 -2.11565483e+01 -3.33690279e+01
 -2.12418046e+01 -3.32971455e+01
 -2.13270101e+01 -3.32253058e+01
 -2.14119785e+01 -3.31536661e+01
 -2.14960765e+01 -3.30827603e+01
 -2.15776588e+01 -3.30139756e+01
 -2.16535085e+01 -3.29500241e+01
 -2.17190456e+01 -3.28947676e+01
 -2.17699211e+01 -3.28518728e+01
 -2.17699211e+01 -3.28518728e+01
 -2.17699211e+01 -3.28518728e+01
 -2.17699211e+01 -3.28518728e+01
 -2.17699211e+01 -3.28518728e+01
 -2.17699211e+01 -3.28518728e+01
 -2.17699211e+01 -3.28518728e+01
 -2.17699211e+01 -3.28518728e+01
 -2.17699211e+01 -3.28518728e+01
 -2.17699211e+01 -3.28518728e+01
 -2.17699211e+01 -3.28518728e+01
 -2.17699211e+01 -3.28518728e+01
 -2.17699211e+01 -3.28518728e+01
 -2.17699211e+01 -3.28518728e+01
 -2.17699211e+01 -3.28518728e+01
 -2.17699211e+01 -3.28518728e+01
 -2.17699211e+01 -3.28518728e+01
 -2.17699211e+01 -3.28518728e+01
 -2.17699211e+01 -3.28518728e+01
 -2.17699211e+01 -3.28518728e+01
 -2.17699211e+01 -3.28518728e+01
 -2.17699211e+01 -3.28518728e+01
 -2.17699211e+01 -3.28518728e+01
 -2.17699211e+01 -3.28518728e+01
 -2.17699211e+01 -3.28518728e+01
 -2.17699211e+01 -3.28518728e+01
 -2.17699211e+01 -3.28518728e+01
 -2.17699211e+01 -3.28518728e+01
 -2.17699211e+01 -3.28518728e+01
 -2.17699211e+01 -3.28518728e+01
