 0.00000000e+00 0.00000000e+00
 0.00000000e+00 0.00000000e+00
 0.00000000e+00 0.00000000e+00
 0.00000000e+00 0.00000000e+00
 -1.80131972e-02 2.54714164e-02
 -5.34979255e-02 5.74690955e-02
 -1.11369579e-01 9.43689059e-02
 -1.92220267e-01 1.35167319e-01
 -2.94202779e-01 1.80218033e-01
 -4.18007258e-01 2.31119054e-01
 -5.70036621e-01 2.89939828e-01
 -7.61553713e-01 3.58420314e-01
 -1.00594665e+00 4.37630861e-01
 -1.31627467e+00 5.27939241e-01
 -1.70339811e+00 6.28886355e-01
 -2.17487813e+00 7.38942349e-01
 -2.73500602e+00 8.55353723e-01
 -3.38561813e+00 9.74149278e-01
 -4.12708093e+00 1.09024976e+00
 -4.95920015e+00 1.19764896e+00
 -5.88181172e+00 1.28962363e+00
 -6.89466962e+00 1.35886213e+00
 -7.99676378e+00 1.39743858e+00
 -9.18578829e+00 1.39675473e+00
 -1.04581036e+01 1.34772656e+00
 -1.18087531e+01 1.24130760e+00
 -1.32311492e+01 1.06897673e+00
 -1.47168199e+01 8.22704719e-01
 -1.62559517e+01 4.94493615e-01
 -1.78388062e+01 7.61394882e-02
 -1.94571819e+01 -4.40337837e-01
 -2.11049980e+01 -1.06174710e+00
 -2.27776726e+01 -1.79265604e+00
 -2.44704290e+01 -2.63443880e+00
 -2.61759547e+01 -3.58446980e+00
 -2.78822142e+01 -4.63549133e+00
 -2.95711675e+01 -5.77535416e+00
 -3.12186202e+01 -6.98729548e+00
 -3.27950303e+01 -8.25060196e+00
 -3.42670646e+01 -9.54152297e+00
 -3.55998734e+01 -1.08347874e+01
 -3.67601925e+01 -1.21060630e+01
 -3.77200496e+01 -1.33346867e+01
 -3.84601834e+01 -1.45051790e+01
 -3.89720282e+01 -1.56068245e+01
 -3.92574457e+01 -1.66323076e+01
 -3.93261475e+01 -1.75768238e+01
 -3.91920254e+01 -1.84377323e+01
 -3.88703141e+01 -1.92137663e+01
 -3.83762591e+01 -1.99034758e+01
 -3.77241725e+01 -2.05037233e+01
 -3.69260569e+01 -2.10091494e+01
 -3.59905406e+01 -2.14127993e+01
 -3.49230131e+01 -2.17074916e+01
 -3.37266911e+01 -2.18872441e+01
 -3.24039024e+01 -2.19480499e+01
 -3.09573705e+01 -2.18879045e+01
 -2.93916537e+01 -2.17069799e+01
 -2.77147870e+01 -2.14087599e+01
 -2.59399229e+01 -2.10016200e+01
 -2.40866028e+01 -2.04996820e+01
 -2.21813300e+01 -1.99224347e+01
 -2.02572370e+01 -1.92932662e+01
 -1.83526038e+01 -1.86372241e+01
 -1.65078216e+01 -1.79784496e+01
 -1.47603194e+01 -1.73376954e+01
 -1.31373362e+01 -1.67299858e+01
 -1.16479746e+01 -1.61625468e+01
 -1.02787218e+01 -1.56339258e+01
 -8.99746227e+00 -1.51356179e+01
 -7.76609556e+00 -1.46561927e+01
 -6.55426677e+00 -1.41857741e+01
 -5.34555093e+00 -1.37183509e+01
 -4.13476785e+00 -1.32514028e+01
 -2.92195818e+00 -1.27843144e+01
 -1.70817798e+00 -1.23170939e+01
 -4.94081004e-01 -1.18498213e+01
 7.20091986e-01 -1.13825350e+01
 1.93427876e+00 -1.09152461e+01
 3.14846733e+00 -1.04479568e+01
 4.36265444e+00 -9.98066817e+00
 5.57682557e+00 -9.51338569e+00
 6.79087518e+00 -9.04614997e+00
 8.00420184e+00 -8.57919248e+00
 9.21415227e+00 -8.11353436e+00
 1.04117079e+01 -7.65264648e+00
 1.15734398e+01 -7.20554561e+00
 1.26535398e+01 -6.78986135e+00
 1.35867878e+01 -6.43069416e+00
 1.43112543e+01 -6.15187802e+00
 1.43112543e+01 -6.15187802e+00
 1.43112543e+01 -6.15187802e+00
 1.43112543e+01 -6.15187802e+00
 1.43112543e+01 -6.15187802e+00
 1.43112543e+01 -6.15187802e+00
 1.43112543e+01 -6.15187802e+00
 1.43112543e+01 -6.15187802e+00
 1.43112543e+01 -6.15187802e+00
 1.43112543e+01 -6.15187802e+00
 1.43112543e+01 -6.15187802e+00
 1.43112543e+01 -6.15187802e+00
 1.43112543e+01 -6.15187802e+00
 1.43112543e+01 -6.15187802e+00
 1.43112543e+01 -6.15187802e+00
 1.43112543e+01 -6.15187802e+00
 1.43112543e+01 -6.15187802e+00
 1.43112543e+01 -6.15187802e+00
 1.43112543e+01 -6.15187802e+00
 1.43112543e+01 -6.15187802e+00
 1.43112543e+01 -6.15187802e+00
 1.43112543e+01 -6.15187802e+00
 1.43112543e+01 -6.15187802e+00
 1.43112543e+01 -6.15187802e+00
 1.43112543e+01 -6.15187802e+00
 1.43112543e+01 -6.15187802e+00
 1.43112543e+01 -6.15187802e+00
 1.43112543e+01 -6.15187802e+00
 1.43112543e+01 -6.15187802e+00
 1.43112543e+01 -6.15187802e+00
 1.43112543e+01 -6.15187802e+00
 1.43112543e+01 -6.15187802e+00
 1.43112543e+01 -6.15187802e+00
 1.43112543e+01 -6.15187802e+00
 1.43112543e+01 -6.15187802e+00
 1.43112543e+01 -6.15187802e+00
 1.43112543e+01 -6.15187802e+00
 1.43112543e+01 -6.15187802e+00
 1.43112543e+01 -6.15187802e+00
 1.43112543e+01 -6.15187802e+00
 1.43112543e+01 -6.15187802e+00
