 0.00000000e+00 0.00000000e+00
 0.00000000e+00 0.00000000e+00
 0.00000000e+00 0.00000000e+00
 0.00000000e+00 0.00000000e+00
 0.00000000e+00 0.00000000e+00
 0.00000000e+00 0.00000000e+00
 0.00000000e+00 0.00000000e+00
 -7.67807749e-02 6.72170842e-02
 -2.05336923e-01 1.57801636e-01
 -3.97683707e-01 2.67197270e-01
 -6.62546805e-01 3.88105682e-01
 -1.00775954e+00 5.12056704e-01
 -1.44309414e+00 6.30031204e-01
 -1.98113909e+00 7.32407034e-01
 -2.63568059e+00 8.08914506e-01
 -3.41857494e+00 8.49005989e-01
 -4.33659970e+00 8.42831525e-01
 -5.38966112e+00 7.82959909e-01
 -6.57096234e+00 6.66349087e-01
 -7.86842744e+00 4.95202089e-01
 -9.26607595e+00 2.75828144e-01
 -1.07449093e+01 1.62787068e-02
 -1.22840091e+01 -2.75764906e-01
 -1.38624315e+01 -5.94184361e-01
 -1.54614096e+01 -9.34939409e-01
 -1.70658158e+01 -1.29633815e+00
 -1.86643838e+01 -1.67930728e+00
 -2.02490822e+01 -2.08767392e+00
 -2.18143582e+01 -2.52825401e+00
 -2.33566512e+01 -3.01046858e+00
 -2.48742082e+01 -3.54538772e+00
 -2.63671428e+01 -4.14442247e+00
 -2.78375816e+01 -4.81805358e+00
 -2.92894562e+01 -5.57480608e+00
 -3.07274204e+01 -6.42039932e+00
 -3.21548969e+01 -7.35699164e+00
 -3.35719629e+01 -8.38256679e+00
 -3.49737612e+01 -9.49053490e+00
 -3.63494801e+01 -1.06696453e+01
 -3.76817917e+01 -1.19043450e+01
 -3.89470742e+01 -1.31756767e+01
 -4.01167550e+01 -1.44627130e+01
 -4.11595728e+01 -1.57442722e+01
 -4.20443574e+01 -1.70004500e+01
 -4.27431635e+01 -1.82137156e+01
 -4.32344163e+01 -1.93696917e+01
 -4.35050620e+01 -2.04576434e+01
 -4.35506928e+01 -2.14704442e+01
 -4.33738510e+01 -2.24039662e+01
 -4.29820348e+01 -2.32562229e+01
 -4.23866905e+01 -2.40266128e+01
 -4.16029457e+01 -2.47153858e+01
 -4.06489457e+01 -2.53233587e+01
 -3.95443617e+01 -2.58519044e+01
 -3.83087723e+01 -2.63030551e+01
 -3.69606842e+01 -2.66793471e+01
 -3.55171462e+01 -2.69832668e+01
 -3.39933989e+01 -2.72167259e+01
 -3.24023438e+01 -2.73811114e+01
 -3.07543026e+01 -2.74777020e+01
 -2.90578186e+01 -2.75076614e+01
 -2.73216613e+01 -2.74715003e+01
 -2.55571825e+01 -2.73689642e+01
 -2.37798660e+01 -2.72000885e+01
 -2.20096829e+01 -2.69669596e+01
 -2.02706729e+01 -2.66750765e+01
 -1.85900205e+01 -2.63334938e+01
 -1.69961720e+01 -2.59536175e+01
 -1.55154704e+01 -2.55472540e+01
 -1.41678355e+01 -2.51248569e+01
 -1.29629691e+01 -2.46946605e+01
 -1.18980964e+01 -2.42628822e+01
 -1.09573187e+01 -2.38346404e+01
 -1.01131826e+01 -2.34146660e+01
 -9.33195913e+00 -2.30068789e+01
 -8.58216158e+00 -2.26129993e+01
 -7.84198935e+00 -2.22316828e+01
 -7.10118030e+00 -2.18593482e+01
 -6.35746954e+00 -2.14920840e+01
 -5.61175248e+00 -2.11270753e+01
 -4.86516753e+00 -2.07628558e+01
 -4.11831266e+00 -2.03988534e+01
 -3.37139479e+00 -2.00348978e+01
 -2.62446569e+00 -1.96709502e+01
 -1.87753513e+00 -1.93070036e+01
 -1.13060541e+00 -1.89430576e+01
 -3.83685538e-01 -1.85791165e+01
 3.63159587e-01 -1.82152117e+01
 1.10955998e+00 -1.78515237e+01
 1.85388342e+00 -1.74888476e+01
 2.59058196e+00 -1.71298869e+01
 3.30524288e+00 -1.67816641e+01
 3.96968643e+00 -1.64579100e+01
 4.54379123e+00 -1.61781740e+01
 4.98946022e+00 -1.59610191e+01
 4.98946022e+00 -1.59610191e+01
 4.98946022e+00 -1.59610191e+01
 4.98946022e+00 -1.59610191e+01
 4.98946022e+00 -1.59610191e+01
 4.98946022e+00 -1.59610191e+01
 4.98946022e+00 -1.59610191e+01
 4.98946022e+00 -1.59610191e+01
 4.98946022e+00 -1.59610191e+01
 4.98946022e+00 -1.59610191e+01
 4.98946022e+00 -1.59610191e+01
 4.98946022e+00 -1.59610191e+01
 4.98946022e+00 -1.59610191e+01
 4.98946022e+00 -1.59610191e+01
 4.98946022e+00 -1.59610191e+01
 4.98946022e+00 -1.59610191e+01
 4.98946022e+00 -1.59610191e+01
 4.98946022e+00 -1.59610191e+01
 4.98946022e+00 -1.59610191e+01
 4.98946022e+00 -1.59610191e+01
 4.98946022e+00 -1.59610191e+01
 4.98946022e+00 -1.59610191e+01
 4.98946022e+00 -1.59610191e+01
 4.98946022e+00 -1.59610191e+01
 4.98946022e+00 -1.59610191e+01
 4.98946022e+00 -1.59610191e+01
 4.98946022e+00 -1.59610191e+01
 4.98946022e+00 -1.59610191e+01
 4.98946022e+00 -1.59610191e+01
 4.98946022e+00 -1.59610191e+01
 4.98946022e+00 -1.59610191e+01
 4.98946022e+00 -1.59610191e+01
 4.98946022e+00 -1.59610191e+01
 4.98946022e+00 -1.59610191e+01
 4.98946022e+00 -1.59610191e+01
 4.98946022e+00 -1.59610191e+01
