 0.00000000e+00 0.00000000e+00
 0.00000000e+00 0.00000000e+00
 0.00000000e+00 0.00000000e+00
 0.00000000e+00 0.00000000e+00
 0.00000000e+00 0.00000000e+00
 0.00000000e+00 0.00000000e+00
 3.42362871e-02 7.99685539e-02
 7.90948615e-02 1.83447794e-01
 1.27561329e-01 3.05221930e-01
 1.69427899e-01 4.41360202e-01
 1.93605249e-01 5.91503868e-01
 1.88789082e-01 7.58142699e-01
 1.42617661e-01 9.44428646e-01
 4.17028283e-02 1.15237160e+00
 -1.26426506e-01 1.38190580e+00
 -3.71773684e-01 1.63027572e+00
 -7.02947107e-01 1.89123118e+00
 -1.12954724e+00 2.15418956e+00
 -1.66311186e+00 2.40401032e+00
 -2.31608884e+00 2.62183950e+00
 -3.10042205e+00 2.78669744e+00
 -4.02710200e+00 2.87673538e+00
 -5.10660110e+00 2.86942932e+00
 -6.34904696e+00 2.74159354e+00
 -7.76299722e+00 2.47100609e+00
 -9.35271178e+00 2.03993489e+00
 -1.11149888e+01 1.43876181e+00
 -1.30369325e+01 6.67934022e-01
 -1.50953453e+01 -2.62005383e-01
 -1.72575879e+01 -1.33168557e+00
 -1.94835514e+01 -2.51502285e+00
 -2.17288013e+01 -3.78214616e+00
 -2.39489834e+01 -5.10306977e+00
 -2.61045307e+01 -6.45139361e+00
 -2.81637123e+01 -7.80676329e+00
 -3.01028172e+01 -9.15533572e+00
 -3.19042535e+01 -1.04887304e+01
 -3.35542285e+01 -1.18025322e+01
 -3.50408586e+01 -1.30948791e+01
 -3.63527366e+01 -1.43649741e+01
 -3.74781156e+01 -1.56114481e+01
 -3.84051164e+01 -1.68311210e+01
 -3.91230577e+01 -1.80188666e+01
 -3.96244103e+01 -1.91685015e+01
 -3.99063652e+01 -2.02737678e+01
 -3.99710215e+01 -2.13286662e+01
 -3.98242707e+01 -2.23272679e+01
 -3.94746566e+01 -2.32635186e+01
 -3.89329703e+01 -2.41311011e+01
 -3.82117956e+01 -2.49229635e+01
 -3.73243481e+01 -2.56305264e+01
 -3.62834391e+01 -2.62434556e+01
 -3.51014160e+01 -2.67507947e+01
 -3.37904512e+01 -2.71429677e+01
 -3.23621752e+01 -2.74133200e+01
 -3.08269114e+01 -2.75585037e+01
 -2.91935565e+01 -2.75781356e+01
 -2.74704236e+01 -2.74745538e+01
 -2.56664687e+01 -2.72530636e+01
 -2.37924203e+01 -2.69222771e+01
 -2.18618465e+01 -2.64937729e+01
 -1.98922002e+01 -2.59809335e+01
 -1.79054807e+01 -2.53977001e+01
 -1.59280070e+01 -2.47579046e+01
 -1.39891899e+01 -2.40751340e+01
 -1.21196490e+01 -2.33627233e+01
 -1.03490854e+01 -2.26334720e+01
 -8.70414028e+00 -2.18989355e+01
 -7.20627563e+00 -2.11686997e+01
 -5.86922046e+00 -2.04502171e+01
 -4.69514897e+00 -1.97491475e+01
 -3.67015534e+00 -1.90696335e+01
 -2.76279188e+00 -1.84141483e+01
 -1.93024340e+00 -1.77829329e+01
 -1.13130330e+00 -1.71734550e+01
 -3.38137385e-01 -1.65807095e+01
 4.60848828e-01 -1.59987173e+01
 1.26648854e+00 -1.54223722e+01
 2.07603176e+00 -1.48484162e+01
 2.88715808e+00 -1.42752668e+01
 3.69876027e+00 -1.37023336e+01
 4.51047127e+00 -1.31294462e+01
 5.32220141e+00 -1.25565663e+01
 6.13393406e+00 -1.19836875e+01
 6.94566589e+00 -1.14108096e+01
 7.75738703e+00 -1.08379392e+01
 8.56902694e+00 -1.02651262e+01
 9.38018353e+00 -9.69265429e+00
 1.01890830e+01 -9.12177535e+00
 1.09896960e+01 -8.55674452e+00
 1.17663595e+01 -8.00861605e+00
 1.24884488e+01 -7.49900314e+00
 1.31123618e+01 -7.05867798e+00
 1.35966961e+01 -6.71686012e+00
 1.35966961e+01 -6.71686012e+00
 1.35966961e+01 -6.71686012e+00
 1.35966961e+01 -6.71686012e+00
 1.35966961e+01 -6.71686012e+00
 1.35966961e+01 -6.71686012e+00
 1.35966961e+01 -6.71686012e+00
 1.35966961e+01 -6.71686012e+00
 1.35966961e+01 -6.71686012e+00
 1.35966961e+01 -6.71686012e+00
 1.35966961e+01 -6.71686012e+00
 1.35966961e+01 -6.71686012e+00
 1.35966961e+01 -6.71686012e+00
 1.35966961e+01 -6.71686012e+00
 1.35966961e+01 -6.71686012e+00
 1.35966961e+01 -6.71686012e+00
 1.35966961e+01 -6.71686012e+00
 1.35966961e+01 -6.71686012e+00
 1.35966961e+01 -6.71686012e+00
 1.35966961e+01 -6.71686012e+00
 1.35966961e+01 -6.71686012e+00
 1.35966961e+01 -6.71686012e+00
 1.35966961e+01 -6.71686012e+00
 1.35966961e+01 -6.71686012e+00
 1.35966961e+01 -6.71686012e+00
 1.35966961e+01 -6.71686012e+00
 1.35966961e+01 -6.71686012e+00
 1.35966961e+01 -6.71686012e+00
 1.35966961e+01 -6.71686012e+00
 1.35966961e+01 -6.71686012e+00
 1.35966961e+01 -6.71686012e+00
 1.35966961e+01 -6.71686012e+00
 1.35966961e+01 -6.71686012e+00
 1.35966961e+01 -6.71686012e+00
 1.35966961e+01 -6.71686012e+00
 1.35966961e+01 -6.71686012e+00
 1.35966961e+01 -6.71686012e+00
