 0.00000000e+00 0.00000000e+00
 0.00000000e+00 0.00000000e+00
 0.00000000e+00 0.00000000e+00
 0.00000000e+00 0.00000000e+00
 1.41801800e-02 7.01923498e-02
 1.72462123e-02 1.46054582e-01
 -1.39057050e-03 2.13185628e-01
 -4.98937234e-02 2.58995832e-01
 -1.31413424e-01 2.74034013e-01
 -2.43715560e-01 2.49953653e-01
 -3.81269698e-01 1.77422640e-01
 -5.38501059e-01 4.54925728e-02
 -7.12310621e-01 -1.58277217e-01
 -9.03011612e-01 -4.47658253e-01
 -1.11409576e+00 -8.37579243e-01
 -1.35162657e+00 -1.34369384e+00
 -1.62370741e+00 -1.98133184e+00
 -1.93988493e+00 -2.76369667e+00
 -2.31017685e+00 -3.69985676e+00
 -2.74379311e+00 -4.79349927e+00
 -3.24781760e+00 -6.04295427e+00
 -3.82594284e+00 -7.44208779e+00
 -4.47748830e+00 -8.98131480e+00
 -5.19734889e+00 -1.06485098e+01
 -5.97737206e+00 -1.24301168e+01
 -6.80878637e+00 -1.43124314e+01
 -7.68438504e+00 -1.62822563e+01
 -8.59896076e+00 -1.83260016e+01
 -9.54748869e+00 -2.04273246e+01
 -1.05223804e+01 -2.25648814e+01
 -1.15121463e+01 -2.47121177e+01
 -1.25027108e+01 -2.68395308e+01
 -1.34803202e+01 -2.89178560e+01
 -1.44337053e+01 -3.09202562e+01
 -1.53540717e+01 -3.28231393e+01
 -1.62337705e+01 -3.46068668e+01
 -1.70659165e+01 -3.62573003e+01
 -1.78459011e+01 -3.77671310e+01
 -1.85728075e+01 -3.91349643e+01
 -1.92480832e+01 -4.03619344e+01
 -1.98718585e+01 -4.14482156e+01
 -2.04401537e+01 -4.23920077e+01
 -2.09452850e+01 -4.31912899e+01
 -2.13787436e+01 -4.38464611e+01
 -2.17343070e+01 -4.43617908e+01
 -2.20098411e+01 -4.47449168e+01
 -2.22075729e+01 -4.50049142e+01
 -2.23332122e+01 -4.51498739e+01
 -2.23941118e+01 -4.51848876e+01
 -2.23968394e+01 -4.51113211e+01
 -2.23454938e+01 -4.49276518e+01
 -2.22419336e+01 -4.46308487e+01
 -2.20871439e+01 -4.42170868e+01
 -2.18820744e+01 -4.36821568e+01
 -2.16276806e+01 -4.30228044e+01
 -2.13249391e+01 -4.22390501e+01
 -2.09749992e+01 -4.13362379e+01
 -2.05791279e+01 -4.03255770e+01
 -2.01384781e+01 -3.92227530e+01
 -1.96539377e+01 -3.80453110e+01
 -1.91260106e+01 -3.68104267e+01
 -1.85545628e+01 -3.55342987e+01
 -1.79386194e+01 -3.42328267e+01
 -1.72765876e+01 -3.29221138e+01
 -1.65669544e+01 -3.16177402e+01
 -1.58091974e+01 -3.03332718e+01
 -1.50046642e+01 -2.90796237e+01
 -1.41573064e+01 -2.78662650e+01
 -1.32742620e+01 -2.67033023e+01
 -1.23662796e+01 -2.56025174e+01
 -1.14476995e+01 -2.45765498e+01
 -1.05355671e+01 -2.36371312e+01
 -9.64792484e+00 -2.27936749e+01
 -8.80189379e+00 -2.20525469e+01
 -8.01205445e+00 -2.14165450e+01
 -7.28914521e+00 -2.08844423e+01
 -6.63907604e+00 -2.04510799e+01
 -6.06262720e+00 -2.01083230e+01
 -5.55608734e+00 -1.98464589e+01
 -5.11234119e+00 -1.96553705e+01
 -4.72163908e+00 -1.95255364e+01
 -4.37208846e+00 -1.94495373e+01
 -4.05067594e+00 -1.94237384e+01
 -3.74506655e+00 -1.94483172e+01
 -3.44519199e+00 -1.95248664e+01
 -3.14346999e+00 -1.96535533e+01
 -2.83377932e+00 -1.98320186e+01
 -2.51058728e+00 -2.00558073e+01
 -2.16935169e+00 -2.03190201e+01
 -1.80772740e+00 -2.06147689e+01
 -1.42608354e+00 -2.09356410e+01
 -1.02669801e+00 -2.12742207e+01
 -6.12709981e-01 -2.16237308e+01
 -1.88309422e-01 -2.19789223e+01
 2.39783909e-01 -2.23370161e+01
 6.60960238e-01 -2.26982136e+01
 1.06064417e+00 -2.30655323e+01
 1.42123132e+00 -2.34442711e+01
 1.72303859e+00 -2.38416859e+01
 1.94483684e+00 -2.42670625e+01
 2.06420739e+00 -2.47316685e+01
 2.05823574e+00 -2.52480075e+01
 1.90536737e+00 -2.58285489e+01
 1.58867306e+00 -2.64845845e+01
 1.09883811e+00 -2.72255069e+01
 4.34737416e-01 -2.80583016e+01
 -3.98079223e-01 -2.89870511e+01
 -1.38884561e+00 -3.00125179e+01
 -2.52193154e+00 -3.11317645e+01
 -3.77659679e+00 -3.23373490e+01
 -5.12690872e+00 -3.36159327e+01
 -6.54250513e+00 -3.49473945e+01
 -7.99069956e+00 -3.63059827e+01
 -9.43949036e+00 -3.76633745e+01
 -1.08601100e+01 -3.89916044e+01
 -1.22281200e+01 -4.02642393e+01
 -1.35234629e+01 -4.14564466e+01
 -1.47308265e+01 -4.25458252e+01
 -1.58410937e+01 -4.35145234e+01
 -1.68530839e+01 -4.43509655e+01
 -1.77738864e+01 -4.50493558e+01
 -1.86167719e+01 -4.56073180e+01
 -1.93971817e+01 -4.60236959e+01
 -2.01283086e+01 -4.62977730e+01
 -2.08176947e+01 -4.64295001e+01
 -2.14653937e+01 -4.64199950e+01
 -2.20636952e+01 -4.62724797e+01
 -2.25990556e+01 -4.59943980e+01
 -2.30576878e+01 -4.56009004e+01
 -2.34345468e+01 -4.51181072e+01
 -2.37408363e+01 -4.45824511e+01
 -2.40028196e+01 -4.40330415e+01
 -2.42505135e+01 -4.34996765e+01
 -2.45046499e+01 -4.29948680e+01
 -2.47719647e+01 -4.25157645e+01
 -2.50498336e+01 -4.20528335e+01
 -2.53333203e+01 -4.15975296e+01
 -2.56189948e+01 -4.11449876e+01
 -2.59053138e+01 -4.06932214e+01
 -2.61917785e+01 -4.02416249e+01
 -2.64782686e+01 -3.97900573e+01
 -2.67647622e+01 -3.93384937e+01
 -2.70512558e+01 -3.88869311e+01
 -2.73377456e+01 -3.84353744e+01
 -2.76242067e+01 -3.79838630e+01
 -2.79104973e+01 -3.75326204e+01
 -2.81959912e+01 -3.70826335e+01
 -2.84785605e+01 -3.66372563e+01
 -2.87526770e+01 -3.62052021e+01
 -2.90075321e+01 -3.58035072e+01
 -2.92277367e+01 -3.54564273e+01
 -2.93986782e+01 -3.51869944e+01
 -2.93986782e+01 -3.51869944e+01
 -2.93986782e+01 -3.51869944e+01
 -2.93986782e+01 -3.51869944e+01
 -2.93986782e+01 -3.51869944e+01
 -2.93986782e+01 -3.51869944e+01
 -2.93986782e+01 -3.51869944e+01
 -2.93986782e+01 -3.51869944e+01
 -2.93986782e+01 -3.51869944e+01
 -2.93986782e+01 -3.51869944e+01
 -2.93986782e+01 -3.51869944e+01
 -2.93986782e+01 -3.51869944e+01
 -2.93986782e+01 -3.51869944e+01
 -2.93986782e+01 -3.51869944e+01
 -2.93986782e+01 -3.51869944e+01
 -2.93986782e+01 -3.51869944e+01
 -2.93986782e+01 -3.51869944e+01
 -2.93986782e+01 -3.51869944e+01
 -2.93986782e+01 -3.51869944e+01
 -2.93986782e+01 -3.51869944e+01
 -2.93986782e+01 -3.51869944e+01
 -2.93986782e+01 -3.51869944e+01
 -2.93986782e+01 -3.51869944e+01
