 0.00000000e+00 0.00000000e+00
 0.00000000e+00 0.00000000e+00
 0.00000000e+00 0.00000000e+00
 0.00000000e+00 0.00000000e+00
 0.00000000e+00 0.00000000e+00
 0.00000000e+00 0.00000000e+00
 0.00000000e+00 0.00000000e+00
 0.00000000e+00 0.00000000e+00
 0.00000000e+00 0.00000000e+00
 1.43147861e-01 2.11390791e-01
 2.94597149e-01 4.84960925e-01
 4.21190595e-01 8.01773403e-01
 4.95124871e-01 1.14031689e+00
 4.99243836e-01 1.48330021e+00
 4.22899145e-01 1.81897355e+00
 2.55910804e-01 2.13924778e+00
 -1.37060001e-02 2.43752596e+00
 -3.99149976e-01 2.70720915e+00
 -9.13937995e-01 2.94087172e+00
 -1.57100738e+00 3.13017722e+00
 -2.38134928e+00 3.26633089e+00
 -3.35252295e+00 3.34036112e+00
 -4.48741241e+00 3.34291253e+00
 -5.78309098e+00 3.26432708e+00
 -7.22983101e+00 3.09587125e+00
 -8.81075693e+00 2.83159213e+00
 -1.05027015e+01 2.46947335e+00
 -1.22783663e+01 2.01145929e+00
 -1.41090475e+01 1.46288154e+00
 -1.59667497e+01 8.31617658e-01
 -1.78252019e+01 1.26967925e-01
 -1.96602347e+01 -6.41445668e-01
 -2.14500434e+01 -1.46431457e+00
 -2.31754798e+01 -2.33302586e+00
 -2.48203320e+01 -3.24049012e+00
 -2.63713649e+01 -4.18241317e+00
 -2.78179038e+01 -5.15793330e+00
 -2.91512512e+01 -6.16869584e+00
 -3.03644550e+01 -7.21680577e+00
 -3.14522998e+01 -8.30302598e+00
 -3.24108044e+01 -9.42600029e+00
 -3.32359509e+01 -1.05820186e+01
 -3.39222912e+01 -1.17645077e+01
 -3.44624062e+01 -1.29633101e+01
 -3.48475576e+01 -1.41645857e+01
 -3.50688038e+01 -1.53518222e+01
 -3.51176295e+01 -1.65075315e+01
 -3.49863945e+01 -1.76148287e+01
 -3.46697411e+01 -1.86583985e+01
 -3.41667281e+01 -1.96248221e+01
 -3.34820529e+01 -2.05025488e+01
 -3.26256609e+01 -2.12818519e+01
 -3.16115988e+01 -2.19549335e+01
 -3.04569971e+01 -2.25160537e+01
 -2.91814475e+01 -2.29614584e+01
 -2.78067585e+01 -2.32890675e+01
 -2.63566820e+01 -2.34981532e+01
 -2.48558010e+01 -2.35893816e+01
 -2.33273043e+01 -2.35654713e+01
 -2.17906032e+01 -2.34321419e+01
 -2.02601322e+01 -2.31984078e+01
 -1.87456797e+01 -2.28757156e+01
 -1.72535684e+01 -2.24766701e+01
 -1.57880846e+01 -2.20143839e+01
 -1.43532670e+01 -2.15025325e+01
 -1.29552763e+01 -2.09554998e+01
 -1.16047324e+01 -2.03882523e+01
 -1.03177075e+01 -1.98159957e+01
 -9.11464929e+00 -1.92536627e+01
 -8.01784584e+00 -1.87151261e+01
 -7.04853765e+00 -1.82120873e+01
 -6.22400201e+00 -1.77527826e+01
 -5.55398024e+00 -1.73408058e+01
 -5.03592563e+00 -1.69745327e+01
 -4.65048345e+00 -1.66476318e+01
 -4.36141057e+00 -1.63506866e+01
 -4.12381849e+00 -1.60734427e+01
 -3.89838599e+00 -1.58069881e+01
 -3.66241281e+00 -1.55451527e+01
 -3.41045468e+00 -1.52846634e+01
 -3.14670083e+00 -1.50242976e+01
 -2.87694653e+00 -1.47638132e+01
 -2.60492402e+00 -1.45032479e+01
 -2.33224721e+00 -1.42426533e+01
 -2.05942471e+00 -1.39820512e+01
 -1.78657704e+00 -1.37214478e+01
 -1.51372601e+00 -1.34608442e+01
 -1.24087500e+00 -1.32002409e+01
 -9.68027556e-01 -1.29396410e+01
 -6.95207419e-01 -1.26790673e+01
 -4.22549741e-01 -1.24186487e+01
 -1.50650768e-01 -1.21589547e+01
 1.18462855e-01 -1.19019211e+01
 3.79526203e-01 -1.16525764e+01
 6.22245311e-01 -1.14207525e+01
 8.31963956e-01 -1.12204477e+01
 9.94765417e-01 -1.10649541e+01
 9.94765417e-01 -1.10649541e+01
 9.94765417e-01 -1.10649541e+01
 9.94765417e-01 -1.10649541e+01
 9.94765417e-01 -1.10649541e+01
 9.94765417e-01 -1.10649541e+01
 9.94765417e-01 -1.10649541e+01
 9.94765417e-01 -1.10649541e+01
 9.94765417e-01 -1.10649541e+01
 9.94765417e-01 -1.10649541e+01
 9.94765417e-01 -1.10649541e+01
 9.94765417e-01 -1.10649541e+01
 9.94765417e-01 -1.10649541e+01
 9.94765417e-01 -1.10649541e+01
 9.94765417e-01 -1.10649541e+01
 9.94765417e-01 -1.10649541e+01
 9.94765417e-01 -1.10649541e+01
 9.94765417e-01 -1.10649541e+01
 9.94765417e-01 -1.10649541e+01
 9.94765417e-01 -1.10649541e+01
 9.94765417e-01 -1.10649541e+01
 9.94765417e-01 -1.10649541e+01
 9.94765417e-01 -1.10649541e+01
 9.94765417e-01 -1.10649541e+01
 9.94765417e-01 -1.10649541e+01
 9.94765417e-01 -1.10649541e+01
 9.94765417e-01 -1.10649541e+01
 9.94765417e-01 -1.10649541e+01
 9.94765417e-01 -1.10649541e+01
 9.94765417e-01 -1.10649541e+01
 9.94765417e-01 -1.10649541e+01
 9.94765417e-01 -1.10649541e+01
 9.94765417e-01 -1.10649541e+01
 9.94765417e-01 -1.10649541e+01
