 0.00000000e+00 0.00000000e+00
 0.00000000e+00 0.00000000e+00
 0.00000000e+00 0.00000000e+00
 0.00000000e+00 0.00000000e+00
 9.92303314e-03 8.08430360e-02
 -5.14205606e-03 1.88535753e-01
 -6.81952608e-02 3.18183488e-01
 -1.99916045e-01 4.63486081e-01
 -4.10390968e-01 6.18819024e-01
 -6.95690894e-01 7.79690058e-01
 -1.04341193e+00 9.42229423e-01
 -1.44356623e+00 1.10263421e+00
 -1.89593111e+00 1.25685981e+00
 -2.40896095e+00 1.40043230e+00
 -2.99331131e+00 1.52843023e+00
 -3.65591170e+00 1.63588444e+00
 -4.39753169e+00 1.71857253e+00
 -5.21324420e+00 1.77376657e+00
 -6.09422962e+00 1.80041139e+00
 -7.02990117e+00 1.79864706e+00
 -8.00975269e+00 1.76924619e+00
 -9.02460024e+00 1.71345316e+00
 -1.00673225e+01 1.63280597e+00
 -1.11334961e+01 1.52830051e+00
 -1.22221819e+01 1.39911670e+00
 -1.33367293e+01 1.24158477e+00
 -1.44851287e+01 1.04864321e+00
 -1.56794248e+01 8.09674215e-01
 -1.69341680e+01 5.10648183e-01
 -1.82645078e+01 1.34658315e-01
 -1.96845654e+01 -3.36952342e-01
 -2.12060037e+01 -9.22684390e-01
 -2.28362229e+01 -1.63829760e+00
 -2.45761938e+01 -2.49408168e+00
 -2.64188740e+01 -3.49275623e+00
 -2.83489933e+01 -4.62858005e+00
 -3.03438183e+01 -5.88770325e+00
 -3.23739716e+01 -7.24933949e+00
 -3.44042083e+01 -8.68739621e+00
 -3.63949723e+01 -1.01725665e+01
 -3.83052077e+01 -1.16748487e+01
 -4.00957760e+01 -1.31659776e+01
 -4.17323498e+01 -1.46211689e+01
 -4.31872423e+01 -1.60201399e+01
 -4.44404713e+01 -1.73477288e+01
 -4.54805105e+01 -1.85942496e+01
 -4.63046789e+01 -1.97555502e+01
 -4.69187574e+01 -2.08328292e+01
 -4.73354760e+01 -2.18322505e+01
 -4.75717334e+01 -2.27642179e+01
 -4.76451235e+01 -2.36421494e+01
 -4.75714240e+01 -2.44807998e+01
 -4.73641821e+01 -2.52943608e+01
 -4.70351396e+01 -2.60945699e+01
 -4.65935250e+01 -2.68890749e+01
 -4.60445917e+01 -2.76804714e+01
 -4.53893310e+01 -2.84663509e+01
 -4.46259096e+01 -2.92400341e+01
 -4.37518342e+01 -2.99911509e+01
 -4.27659980e+01 -3.07058202e+01
 -4.16702404e+01 -3.13672232e+01
 -4.04700351e+01 -3.19572872e+01
 -3.91741129e+01 -3.24590244e+01
 -3.77933589e+01 -3.28584139e+01
 -3.63396807e+01 -3.31452766e+01
 -3.48254296e+01 -3.33133549e+01
 -3.32633140e+01 -3.33600355e+01
 -3.16660914e+01 -3.32862358e+01
 -3.00456684e+01 -3.30967123e+01
 -2.84123329e+01 -3.28001182e+01
 -2.67750641e+01 -3.24079909e+01
 -2.51428532e+01 -3.19331685e+01
 -2.35262577e+01 -3.13888546e+01
 -2.19387343e+01 -3.07886076e+01
 -2.03975583e+01 -3.01466243e+01
 -1.89237811e+01 -2.94778429e+01
 -1.75404616e+01 -2.87977274e+01
 -1.62686932e+01 -2.81215014e+01
 -1.51215297e+01 -2.74625205e+01
 -1.40973365e+01 -2.68300076e+01
 -1.31764468e+01 -2.62272593e+01
 -1.23254647e+01 -2.56516344e+01
 -1.15088719e+01 -2.50965956e+01
 -1.07008179e+01 -2.45546687e+01
 -9.88936878e+00 -2.40197459e+01
 -9.07265724e+00 -2.34879453e+01
 -8.25263114e+00 -2.29572969e+01
 -7.43121317e+00 -2.24269973e+01
 -6.60936772e+00 -2.18967835e+01
 -5.78742308e+00 -2.13665867e+01
 -4.96546081e+00 -2.08363927e+01
 -4.14349621e+00 -2.03061991e+01
 -3.32153247e+00 -1.97760062e+01
 -2.49957954e+00 -1.92458203e+01
 -1.67770888e+00 -1.87156874e+01
 -8.56327626e-01 -1.81858703e+01
 -3.72319699e-02 -1.76575274e+01
 7.73472819e-01 -1.71345969e+01
 1.55992615e+00 -1.66273094e+01
 2.29111747e+00 -1.61556676e+01
 2.92289488e+00 -1.57481510e+01
 3.41333429e+00 -1.54318019e+01
 3.41333429e+00 -1.54318019e+01
 3.41333429e+00 -1.54318019e+01
 3.41333429e+00 -1.54318019e+01
 3.41333429e+00 -1.54318019e+01
 3.41333429e+00 -1.54318019e+01
 3.41333429e+00 -1.54318019e+01
 3.41333429e+00 -1.54318019e+01
 3.41333429e+00 -1.54318019e+01
 3.41333429e+00 -1.54318019e+01
 3.41333429e+00 -1.54318019e+01
 3.41333429e+00 -1.54318019e+01
 3.41333429e+00 -1.54318019e+01
 3.41333429e+00 -1.54318019e+01
 3.41333429e+00 -1.54318019e+01
 3.41333429e+00 -1.54318019e+01
 3.41333429e+00 -1.54318019e+01
 3.41333429e+00 -1.54318019e+01
 3.41333429e+00 -1.54318019e+01
 3.41333429e+00 -1.54318019e+01
 3.41333429e+00 -1.54318019e+01
 3.41333429e+00 -1.54318019e+01
 3.41333429e+00 -1.54318019e+01
 3.41333429e+00 -1.54318019e+01
 3.41333429e+00 -1.54318019e+01
 3.41333429e+00 -1.54318019e+01
 3.41333429e+00 -1.54318019e+01
 3.41333429e+00 -1.54318019e+01
 3.41333429e+00 -1.54318019e+01
