 0.00000000e+00 0.00000000e+00
 0.00000000e+00 0.00000000e+00
 0.00000000e+00 0.00000000e+00
 0.00000000e+00 0.00000000e+00
 7.16420532e-02 1.25119357e-01
 1.33114922e-01 2.88722256e-01
 1.59716294e-01 4.81287989e-01
 1.31470503e-01 6.91874469e-01
 3.82543186e-02 9.12073787e-01
 -1.19846779e-01 1.13694002e+00
 -3.36759360e-01 1.36369883e+00
 -6.07452654e-01 1.58993470e+00
 -9.33085580e-01 1.81234423e+00
 -1.32076675e+00 2.02616427e+00
 -1.77982509e+00 2.22500706e+00
 -2.31878110e+00 2.40115225e+00
 -2.94427673e+00 2.54641221e+00
 -3.66041356e+00 2.65318873e+00
 -4.46760808e+00 2.71508922e+00
 -5.36193256e+00 2.72692258e+00
 -6.33598098e+00 2.68459566e+00
 -7.38074407e+00 2.58552102e+00
 -8.48702216e+00 2.42925888e+00
 -9.64586721e+00 2.21735836e+00
 -1.08491848e+01 1.95195440e+00
 -1.20915208e+01 1.63380423e+00
 -1.33721037e+01 1.26068333e+00
 -1.46952078e+01 8.26582177e-01
 -1.60683926e+01 3.21798045e-01
 -1.75001593e+01 -2.66065053e-01
 -1.89985160e+01 -9.50286812e-01
 -2.05702166e+01 -1.74276962e+00
 -2.22194102e+01 -2.65188222e+00
 -2.39453651e+01 -3.68088658e+00
 -2.57404207e+01 -4.82718652e+00
 -2.75893529e+01 -6.08236082e+00
 -2.94699286e+01 -7.43267481e+00
 -3.13536014e+01 -8.85974271e+00
 -3.32061490e+01 -1.03412959e+01
 -3.49891393e+01 -1.18522489e+01
 -3.66627722e+01 -1.33662542e+01
 -3.81894712e+01 -1.48577065e+01
 -3.95371408e+01 -1.63037150e+01
 -4.06814416e+01 -1.76853487e+01
 -4.16070052e+01 -1.89879228e+01
 -4.23077768e+01 -2.02008111e+01
 -4.27865349e+01 -2.13174494e+01
 -4.30531383e+01 -2.23355991e+01
 -4.31210978e+01 -2.32571428e+01
 -4.30033555e+01 -2.40866610e+01
 -4.27093125e+01 -2.48290368e+01
 -4.22442959e+01 -2.54872612e+01
 -4.16106535e+01 -2.60614321e+01
 -4.08090617e+01 -2.65489658e+01
 -3.98396050e+01 -2.69453312e+01
 -3.87028524e+01 -2.72447240e+01
 -3.74009870e+01 -2.74407003e+01
 -3.59389418e+01 -2.75272183e+01
 -3.43256064e+01 -2.75003892e+01
 -3.25749231e+01 -2.73605434e+01
 -3.07063556e+01 -2.71136146e+01
 -2.87444913e+01 -2.67711325e+01
 -2.67181344e+01 -2.63490543e+01
 -2.46593409e+01 -2.58661841e+01
 -2.26024949e+01 -2.53426910e+01
 -2.05832489e+01 -2.47987938e+01
 -1.86369544e+01 -2.42534308e+01
 -1.67962684e+01 -2.37228488e+01
 -1.50884102e+01 -2.32194512e+01
 -1.35332798e+01 -2.27514624e+01
 -1.21431532e+01 -2.23235472e+01
 -1.09235867e+01 -2.19378557e+01
 -9.87480885e+00 -2.15948398e+01
 -8.99302144e+00 -2.12936749e+01
 -8.27127489e+00 -2.10324304e+01
 -7.70007472e+00 -2.08079296e+01
 -7.26797714e+00 -2.06151499e+01
 -6.96167528e+00 -2.04465653e+01
 -6.76505519e+00 -2.02925103e+01
 -6.65819506e+00 -2.01433406e+01
 -6.61791148e+00 -1.99926528e+01
 -6.61998568e+00 -1.98393620e+01
 -6.64218176e+00 -1.96867627e+01
 -6.66751026e+00 -1.95390961e+01
 -6.68662533e+00 -1.93983819e+01
 -6.69749772e+00 -1.92637650e+01
 -6.70230686e+00 -1.91329891e+01
 -6.70397544e+00 -1.90040346e+01
 -6.70443041e+00 -1.88757431e+01
 -6.70452786e+00 -1.87476388e+01
 -6.70454425e+00 -1.86195754e+01
 -6.70454640e+00 -1.84915192e+01
 -6.70454663e+00 -1.83634638e+01
 -6.70454665e+00 -1.82354087e+01
 -6.70454665e+00 -1.81073554e+01
 -6.70454665e+00 -1.79793148e+01
 -6.70454665e+00 -1.78513505e+01
 -6.70454665e+00 -1.77237423e+01
 -6.70454665e+00 -1.75974413e+01
 -6.70454665e+00 -1.74749184e+01
 -6.70454665e+00 -1.73610049e+01
 -6.70454665e+00 -1.72625793e+01
 -6.70454665e+00 -1.71861730e+01
 -6.70454665e+00 -1.71861730e+01
 -6.70454665e+00 -1.71861730e+01
 -6.70454665e+00 -1.71861730e+01
 -6.70454665e+00 -1.71861730e+01
 -6.70454665e+00 -1.71861730e+01
 -6.70454665e+00 -1.71861730e+01
 -6.70454665e+00 -1.71861730e+01
 -6.70454665e+00 -1.71861730e+01
 -6.70454665e+00 -1.71861730e+01
 -6.70454665e+00 -1.71861730e+01
 -6.70454665e+00 -1.71861730e+01
 -6.70454665e+00 -1.71861730e+01
 -6.70454665e+00 -1.71861730e+01
 -6.70454665e+00 -1.71861730e+01
 -6.70454665e+00 -1.71861730e+01
 -6.70454665e+00 -1.71861730e+01
 -6.70454665e+00 -1.71861730e+01
 -6.70454665e+00 -1.71861730e+01
 -6.70454665e+00 -1.71861730e+01
 -6.70454665e+00 -1.71861730e+01
 -6.70454665e+00 -1.71861730e+01
 -6.70454665e+00 -1.71861730e+01
 -6.70454665e+00 -1.71861730e+01
 -6.70454665e+00 -1.71861730e+01
 -6.70454665e+00 -1.71861730e+01
 -6.70454665e+00 -1.71861730e+01
 -6.70454665e+00 -1.71861730e+01
