 0.00000000e+00 0.00000000e+00
 0.00000000e+00 0.00000000e+00
 0.00000000e+00 0.00000000e+00
 0.00000000e+00 0.00000000e+00
 0.00000000e+00 0.00000000e+00
 0.00000000e+00 0.00000000e+00
 0.00000000e+00 0.00000000e+00
 0.00000000e+00 0.00000000e+00
 0.00000000e+00 0.00000000e+00
 0.00000000e+00 0.00000000e+00
 0.00000000e+00 0.00000000e+00
 0.00000000e+00 0.00000000e+00
 6.25406624e-02 1.65954051e-01
 1.26577454e-01 3.65869031e-01
 1.73797372e-01 5.73032504e-01
 1.83587868e-01 7.57831361e-01
 1.35835920e-01 8.93502763e-01
 1.32851259e-02 9.56714442e-01
 -1.96526295e-01 9.25724777e-01
 -5.00662176e-01 7.78955371e-01
 -9.01454693e-01 4.94878908e-01
 -1.39719924e+00 5.31973217e-02
 -1.98208173e+00 -5.63021024e-01
 -2.64581891e+00 -1.36507002e+00
 -3.37418423e+00 -2.35724331e+00
 -4.15115745e+00 -3.53681725e+00
 -4.96229727e+00 -4.89492995e+00
 -5.79803890e+00 -6.41791621e+00
 -6.65570351e+00 -8.08946357e+00
 -7.54000119e+00 -9.89387627e+00
 -8.46264652e+00 -1.18192605e+01
 -9.44133924e+00 -1.38584643e+01
 -1.04973683e+01 -1.60066372e+01
 -1.16511395e+01 -1.82564364e+01
 -1.29162949e+01 -2.05933425e+01
 -1.42943447e+01 -2.29932260e+01
 -1.57717105e+01 -2.54227072e+01
 -1.73199075e+01 -2.78414700e+01
 -1.88982492e+01 -3.02054078e+01
 -2.04580273e+01 -3.24697955e+01
 -2.19476343e+01 -3.45921472e+01
 -2.33184625e+01 -3.65350511e+01
 -2.45308643e+01 -3.82693537e+01
 -2.55586953e+01 -3.97770034e+01
 -2.63911209e+01 -4.10519011e+01
 -2.70314244e+01 -4.20978560e+01
 -2.74935182e+01 -4.29246095e+01
 -2.77971452e+01 -4.35439894e+01
 -2.79628535e+01 -4.39677544e+01
 -2.80082598e+01 -4.42070198e+01
 -2.79471437e+01 -4.42717923e+01
 -2.77911630e+01 -4.41697044e+01
 -2.75515687e+01 -4.39049034e+01
 -2.72386767e+01 -4.34785706e+01
 -2.68600034e+01 -4.28911171e+01
 -2.64194767e+01 -4.21448313e+01
 -2.59182658e+01 -4.12457692e+01
 -2.53558227e+01 -4.02044119e+01
 -2.47302166e+01 -3.90354041e+01
 -2.40384813e+01 -3.77569850e+01
 -2.32781302e+01 -3.63903726e+01
 -2.24496706e+01 -3.49589428e+01
 -2.15585676e+01 -3.34870432e+01
 -2.06153727e+01 -3.19985921e+01
 -1.96340840e+01 -3.05159354e+01
 -1.86295659e+01 -2.90592528e+01
 -1.76148180e+01 -2.76461275e+01
 -1.65987379e+01 -2.62906608e+01
 -1.55848625e+01 -2.50021856e+01
 -1.45712768e+01 -2.37843121e+01
 -1.35516360e+01 -2.26350086e+01
 -1.25171885e+01 -2.15480826e+01
 -1.14597216e+01 -2.05160366e+01
 -1.03751894e+01 -1.95335870e+01
 -9.26722707e+00 -1.86004843e+01
 -8.14924150e+00 -1.77224301e+01
 -7.04394711e+00 -1.69099376e+01
 -5.98006760e+00 -1.61761096e+01
 -4.98702133e+00 -1.55346037e+01
 -4.08937607e+00 -1.49983239e+01
 -3.30305435e+00 -1.45784212e+01
 -2.63422964e+00 -1.42829756e+01
 -2.08033651e+00 -1.41154319e+01
 -1.63192103e+00 -1.40737153e+01
 -1.27450915e+00 -1.41508283e+01
 -9.90607469e-01 -1.43365563e+01
 -7.62427177e-01 -1.46191783e+01
 -5.75263736e-01 -1.49866525e+01
 -4.20161110e-01 -1.54274736e+01
 -2.94301084e-01 -1.59314441e+01
 -1.99377997e-01 -1.64904331e+01
 -1.40076478e-01 -1.70990298e+01
 -1.23917898e-01 -1.77547034e+01
 -1.61270784e-01 -1.84571716e+01
 -2.64218647e-01 -1.92072756e+01
 -4.45221355e-01 -2.00059039e+01
 -7.16833118e-01 -2.08531222e+01
 -1.09161832e+00 -2.17473900e+01
 -1.58082386e+00 -2.26849638e+01
 -2.19231112e+00 -2.36598062e+01
 -2.92940124e+00 -2.46641401e+01
 -3.79101243e+00 -2.56893772e+01
 -4.77203510e+00 -2.67270013e+01
 -5.86336339e+00 -2.77691587e+01
 -7.05221194e+00 -2.88088164e+01
 -8.32326989e+00 -2.98394066e+01
 -9.66007715e+00 -3.08541527e+01
 -1.10453619e+01 -3.18454714e+01
 -1.24597855e+01 -3.28045513e+01
 -1.38800928e+01 -3.37209560e+01
 -1.52786775e+01 -3.45824636e+01
 -1.66258400e+01 -3.53757119e+01
 -1.78938962e+01 -3.60877554e+01
 -1.90607873e+01 -3.67078263e+01
 -2.01115688e+01 -3.72284471e+01
 -2.10383351e+01 -3.76456201e+01
 -2.18401771e+01 -3.79584206e+01
 -2.25234722e+01 -3.81684136e+01
 -2.31011613e+01 -3.82791295e+01
 -2.35901310e+01 -3.82960630e+01
 -2.40079186e+01 -3.82281342e+01
 -2.43708660e+01 -3.80906230e+01
 -2.46941896e+01 -3.79067447e+01
 -2.49922450e+01 -3.77039378e+01
 -2.52774102e+01 -3.75053003e+01
 -2.55582815e+01 -3.73225074e+01
 -2.58390923e+01 -3.71558235e+01
 -2.61209256e+01 -3.69998015e+01
 -2.64035248e+01 -3.68489449e+01
 -2.66864675e+01 -3.66999890e+01
 -2.69695195e+01 -3.65515724e+01
 -2.72525975e+01 -3.64032745e+01
 -2.75356801e+01 -3.62549970e+01
 -2.78187634e+01 -3.61067222e+01
 -2.81018463e+01 -3.59584479e+01
 -2.83849256e+01 -3.58101756e+01
 -2.86679765e+01 -3.56619181e+01
 -2.89508588e+01 -3.55137489e+01
 -2.92329540e+01 -3.53659920e+01
 -2.95121594e+01 -3.52197487e+01
 -2.97830126e+01 -3.50778801e+01
 -3.00348337e+01 -3.49459803e+01
 -3.02524168e+01 -3.48320138e+01
 -3.04213233e+01 -3.47435433e+01
 -3.04213233e+01 -3.47435433e+01
 -3.04213233e+01 -3.47435433e+01
 -3.04213233e+01 -3.47435433e+01
 -3.04213233e+01 -3.47435433e+01
 -3.04213233e+01 -3.47435433e+01
 -3.04213233e+01 -3.47435433e+01
 -3.04213233e+01 -3.47435433e+01
 -3.04213233e+01 -3.47435433e+01
 -3.04213233e+01 -3.47435433e+01
 -3.04213233e+01 -3.47435433e+01
 -3.04213233e+01 -3.47435433e+01
 -3.04213233e+01 -3.47435433e+01
 -3.04213233e+01 -3.47435433e+01
 -3.04213233e+01 -3.47435433e+01
 -3.04213233e+01 -3.47435433e+01
 -3.04213233e+01 -3.47435433e+01
 -3.04213233e+01 -3.47435433e+01
 -3.04213233e+01 -3.47435433e+01
 -3.04213233e+01 -3.47435433e+01
 -3.04213233e+01 -3.47435433e+01
 -3.04213233e+01 -3.47435433e+01
 -3.04213233e+01 -3.47435433e+01
 -3.04213233e+01 -3.47435433e+01
 -3.04213233e+01 -3.47435433e+01
 -3.04213233e+01 -3.47435433e+01
 -3.04213233e+01 -3.47435433e+01
 -3.04213233e+01 -3.47435433e+01
 -3.04213233e+01 -3.47435433e+01
 -3.04213233e+01 -3.47435433e+01
 -3.04213233e+01 -3.47435433e+01
