 0.00000000e+00 0.00000000e+00
 0.00000000e+00 0.00000000e+00
 0.00000000e+00 0.00000000e+00
 0.00000000e+00 0.00000000e+00
 0.00000000e+00 0.00000000e+00
 0.00000000e+00 0.00000000e+00
 0.00000000e+00 0.00000000e+00
 -1.06964117e-01 1.32622418e-01
 -2.58226926e-01 3.05570504e-01
 -4.56560275e-01 5.08069567e-01
 -7.05059070e-01 7.26753195e-01
 -1.00817259e+00 9.49145438e-01
 -1.37074822e+00 1.16499904e+00
 -1.79663809e+00 1.36668294e+00
 -2.28800865e+00 1.54907750e+00
 -2.84538490e+00 1.70861443e+00
 -3.46816420e+00 1.84184043e+00
 -4.15545075e+00 1.94454683e+00
 -4.90705301e+00 2.01169450e+00
 -5.72437664e+00 2.03709914e+00
 -6.61084056e+00 2.01217316e+00
 -7.57156902e+00 1.92498722e+00
 -8.61254629e+00 1.76157447e+00
 -9.73972355e+00 1.50912879e+00
 -1.09582853e+01 1.15866413e+00
 -1.22717073e+01 7.05814902e-01
 -1.36802266e+01 1.50759300e-01
 -1.51790626e+01 -5.01518577e-01
 -1.67572470e+01 -1.24092270e+00
 -1.83977165e+01 -2.05302022e+00
 -2.00788201e+01 -2.92117235e+00
 -2.17768572e+01 -3.82902139e+00
 -2.34687682e+01 -4.76226583e+00
 -2.51341688e+01 -5.70963805e+00
 -2.67566712e+01 -6.66356472e+00
 -2.83249369e+01 -7.62063682e+00
 -2.98334910e+01 -8.58158299e+00
 -3.12826426e+01 -9.55050262e+00
 -3.26768601e+01 -1.05333996e+01
 -3.40217033e+01 -1.15362564e+01
 -3.53202993e+01 -1.25631047e+01
 -3.65707930e+01 -1.36148391e+01
 -3.77657254e+01 -1.46894821e+01
 -3.88929666e+01 -1.57838557e+01
 -3.99369546e+01 -1.68955690e+01
 -4.08796211e+01 -1.80239450e+01
 -4.17013981e+01 -1.91694044e+01
 -4.23826469e+01 -2.03319790e+01
 -4.29052898e+01 -2.15099024e+01
 -4.32543602e+01 -2.26985521e+01
 -4.34193574e+01 -2.38894344e+01
 -4.33952952e+01 -2.50691758e+01
 -4.31831950e+01 -2.62191975e+01
 -4.27895562e+01 -2.73168614e+01
 -4.22246320e+01 -2.83380411e+01
 -4.15003331e+01 -2.92600387e+01
 -4.06289428e+01 -3.00635759e+01
 -3.96227749e+01 -3.07335164e+01
 -3.84939514e+01 -3.12591137e+01
 -3.72539054e+01 -3.16345876e+01
 -3.59130761e+01 -3.18595839e+01
 -3.44812496e+01 -3.19383632e+01
 -3.29683292e+01 -3.18779129e+01
 -3.13850109e+01 -3.16868265e+01
 -2.97432823e+01 -3.13759420e+01
 -2.80571122e+01 -3.09594730e+01
 -2.63433246e+01 -3.04549971e+01
 -2.46218800e+01 -2.98822274e+01
 -2.29148681e+01 -2.92615630e+01
 -2.12446661e+01 -2.86131775e+01
 -1.96326279e+01 -2.79566582e+01
 -1.80991271e+01 -2.73107308e+01
 -1.66642704e+01 -2.66927048e+01
 -1.53477983e+01 -2.61176889e+01
 -1.41674621e+01 -2.55978413e+01
 -1.31365248e+01 -2.51417902e+01
 -1.22615038e+01 -2.47541261e+01
 -1.15405149e+01 -2.44347807e+01
 -1.09616805e+01 -2.41783426e+01
 -1.05017224e+01 -2.39738533e+01
 -1.01269773e+01 -2.38060226e+01
 -9.79948299e+00 -2.36583966e+01
 -9.48686984e+00 -2.35174848e+01
 -9.16998158e+00 -2.33754850e+01
 -8.84312629e+00 -2.32300201e+01
 -8.50837246e+00 -2.30817474e+01
 -8.16948290e+00 -2.29320003e+01
 -7.82900546e+00 -2.27816877e+01
 -7.48806551e+00 -2.26312107e+01
 -7.14702191e+00 -2.24806969e+01
 -6.80596031e+00 -2.23301768e+01
 -6.46489632e+00 -2.21796559e+01
 -6.12383254e+00 -2.20291350e+01
 -5.78277323e+00 -2.18786161e+01
 -5.44174806e+00 -2.17281123e+01
 -5.10092597e+00 -2.15776981e+01
 -4.76105225e+00 -2.14277025e+01
 -4.42466022e+00 -2.12792434e+01
 -4.09833104e+00 -2.11352253e+01
 -3.79493215e+00 -2.10013270e+01
 -3.53278384e+00 -2.08856338e+01
 -3.32928202e+00 -2.07958228e+01
 -3.32928202e+00 -2.07958228e+01
 -3.32928202e+00 -2.07958228e+01
 -3.32928202e+00 -2.07958228e+01
 -3.32928202e+00 -2.07958228e+01
 -3.32928202e+00 -2.07958228e+01
 -3.32928202e+00 -2.07958228e+01
 -3.32928202e+00 -2.07958228e+01
 -3.32928202e+00 -2.07958228e+01
 -3.32928202e+00 -2.07958228e+01
 -3.32928202e+00 -2.07958228e+01
 -3.32928202e+00 -2.07958228e+01
 -3.32928202e+00 -2.07958228e+01
 -3.32928202e+00 -2.07958228e+01
 -3.32928202e+00 -2.07958228e+01
 -3.32928202e+00 -2.07958228e+01
 -3.32928202e+00 -2.07958228e+01
 -3.32928202e+00 -2.07958228e+01
 -3.32928202e+00 -2.07958228e+01
 -3.32928202e+00 -2.07958228e+01
 -3.32928202e+00 -2.07958228e+01
 -3.32928202e+00 -2.07958228e+01
 -3.32928202e+00 -2.07958228e+01
 -3.32928202e+00 -2.07958228e+01
 -3.32928202e+00 -2.07958228e+01
 -3.32928202e+00 -2.07958228e+01
 -3.32928202e+00 -2.07958228e+01
 -3.32928202e+00 -2.07958228e+01
 -3.32928202e+00 -2.07958228e+01
