 0.00000000e+00 0.00000000e+00
 0.00000000e+00 0.00000000e+00
 0.00000000e+00 0.00000000e+00
 0.00000000e+00 0.00000000e+00
 0.00000000e+00 0.00000000e+00
 0.00000000e+00 0.00000000e+00
 0.00000000e+00 0.00000000e+00
 -4.85310156e-03 1.12910021e-02
 -3.37500227e-02 3.06140386e-02
 -9.96622321e-02 5.91061879e-02
 -2.13092672e-01 9.61591717e-02
 -3.81650721e-01 1.39603455e-01
 -6.10919658e-01 1.86448843e-01
 -9.05875872e-01 2.33528575e-01
 -1.27235151e+00 2.77384344e-01
 -1.71773890e+00 3.13482399e-01
 -2.25048584e+00 3.35678604e-01
 -2.87884795e+00 3.36708495e-01
 -3.60975404e+00 3.09552651e-01
 -4.44817735e+00 2.48788699e-01
 -5.39680973e+00 1.51109821e-01
 -6.45575213e+00 1.49172599e-02
 -7.62209830e+00 -1.60518919e-01
 -8.88948874e+00 -3.75919099e-01
 -1.02481042e+01 -6.32773124e-01
 -1.16855250e+01 -9.33864383e-01
 -1.31879647e+01 -1.28316231e+00
 -1.47408678e+01 -1.68500189e+00
 -1.63287358e+01 -2.14307748e+00
 -1.79351547e+01 -2.65992595e+00
 -1.95438265e+01 -3.23707314e+00
 -2.11401911e+01 -3.87542165e+00
 -2.27122362e+01 -4.57523808e+00
 -2.42493982e+01 -5.33537134e+00
 -2.57400671e+01 -6.15206677e+00
 -2.71696533e+01 -7.01846216e+00
 -2.85207672e+01 -7.92562398e+00
 -2.97750584e+01 -8.86465029e+00
 -3.09149240e+01 -9.82833506e+00
 -3.19240733e+01 -1.08114754e+01
 -3.27876471e+01 -1.18103787e+01
 -3.34930467e+01 -1.28226239e+01
 -3.40314679e+01 -1.38472214e+01
 -3.43989815e+01 -1.48843937e+01
 -3.45961417e+01 -1.59343212e+01
 -3.46261532e+01 -1.69950012e+01
 -3.44926351e+01 -1.80600250e+01
 -3.41982843e+01 -1.91172473e+01
 -3.37449657e+01 -2.01490020e+01
 -3.31346910e+01 -2.11338392e+01
 -3.23707591e+01 -2.20490665e+01
 -3.14586773e+01 -2.28731175e+01
 -3.04064270e+01 -2.35871609e+01
 -2.92238558e+01 -2.41760154e+01
 -2.79220527e+01 -2.46287224e+01
 -2.65139139e+01 -2.49389401e+01
 -2.50155815e+01 -2.51050635e+01
 -2.34469887e+01 -2.51299426e+01
 -2.18306527e+01 -2.50202186e+01
 -2.01899326e+01 -2.47854254e+01
 -1.85482506e+01 -2.44370324e+01
 -1.69291565e+01 -2.39876191e+01
 -1.53561199e+01 -2.34503527e+01
 -1.38516390e+01 -2.28386988e+01
 -1.24361787e+01 -2.21661117e+01
 -1.11273810e+01 -2.14456898e+01
 -9.93923011e+00 -2.06900914e+01
 -8.88030963e+00 -1.99118454e+01
 -7.95066580e+00 -1.91237694e+01
 -7.13830775e+00 -1.83388903e+01
 -6.41829470e+00 -1.75691819e+01
 -5.75743701e+00 -1.68230377e+01
 -5.12388308e+00 -1.61028644e+01
 -4.49588343e+00 -1.54049475e+01
 -3.86406668e+00 -1.47221597e+01
 -3.22742678e+00 -1.40475562e+01
 -2.58788220e+00 -1.33764709e+01
 -1.94714362e+00 -1.27065845e+01
 -1.30604299e+00 -1.20370210e+01
 -6.64859056e-01 -1.13675260e+01
 -2.36604084e-02 -1.06980425e+01
 6.17540180e-01 -1.00285606e+01
 1.25874011e+00 -9.35907971e+00
 1.89993160e+00 -8.68960769e+00
 2.54105892e+00 -8.02020267e+00
 3.18180447e+00 -7.35119627e+00
 3.82076705e+00 -6.68405146e+00
 4.45318407e+00 -6.02374093e+00
 5.06668293e+00 -5.38318295e+00
 5.63707284e+00 -4.78763531e+00
 6.12991165e+00 -4.27305924e+00
 6.51249509e+00 -3.87360150e+00
 6.51249509e+00 -3.87360150e+00
 6.51249509e+00 -3.87360150e+00
 6.51249509e+00 -3.87360150e+00
 6.51249509e+00 -3.87360150e+00
 6.51249509e+00 -3.87360150e+00
 6.51249509e+00 -3.87360150e+00
 6.51249509e+00 -3.87360150e+00
 6.51249509e+00 -3.87360150e+00
 6.51249509e+00 -3.87360150e+00
 6.51249509e+00 -3.87360150e+00
 6.51249509e+00 -3.87360150e+00
 6.51249509e+00 -3.87360150e+00
 6.51249509e+00 -3.87360150e+00
 6.51249509e+00 -3.87360150e+00
 6.51249509e+00 -3.87360150e+00
 6.51249509e+00 -3.87360150e+00
 6.51249509e+00 -3.87360150e+00
 6.51249509e+00 -3.87360150e+00
 6.51249509e+00 -3.87360150e+00
 6.51249509e+00 -3.87360150e+00
 6.51249509e+00 -3.87360150e+00
 6.51249509e+00 -3.87360150e+00
 6.51249509e+00 -3.87360150e+00
 6.51249509e+00 -3.87360150e+00
 6.51249509e+00 -3.87360150e+00
 6.51249509e+00 -3.87360150e+00
 6.51249509e+00 -3.87360150e+00
 6.51249509e+00 -3.87360150e+00
 6.51249509e+00 -3.87360150e+00
 6.51249509e+00 -3.87360150e+00
 6.51249509e+00 -3.87360150e+00
 6.51249509e+00 -3.87360150e+00
 6.51249509e+00 -3.87360150e+00
 6.51249509e+00 -3.87360150e+00
 6.51249509e+00 -3.87360150e+00
 6.51249509e+00 -3.87360150e+00
 6.51249509e+00 -3.87360150e+00
 6.51249509e+00 -3.87360150e+00
