 0.00000000e+00 0.00000000e+00
 0.00000000e+00 0.00000000e+00
 0.00000000e+00 0.00000000e+00
 0.00000000e+00 0.00000000e+00
 0.00000000e+00 0.00000000e+00
 0.00000000e+00 0.00000000e+00
 0.00000000e+00 0.00000000e+00
 0.00000000e+00 0.00000000e+00
 -6.26975815e-02 6.54584174e-05
 -1.58644706e-01 3.74847642e-04
 -2.96403613e-01 1.53273994e-03
 -4.85283995e-01 4.98347710e-03
 -7.35834050e-01 1.32368117e-02
 -1.05978665e+00 2.92505166e-02
 -1.46903002e+00 5.48245417e-02
 -1.97423697e+00 8.90707734e-02
 -2.58410778e+00 1.28347771e-01
 -3.30532963e+00 1.67650809e-01
 -4.14260055e+00 2.02059519e-01
 -5.09828802e+00 2.27106431e-01
 -6.17193565e+00 2.37965849e-01
 -7.35986947e+00 2.28059768e-01
 -8.65465257e+00 1.88344129e-01
 -1.00442252e+01 1.08630947e-01
 -1.15113703e+01 -1.95629000e-02
 -1.30343108e+01 -2.01249523e-01
 -1.45884486e+01 -4.38763950e-01
 -1.61486987e+01 -7.33536891e-01
 -1.76919003e+01 -1.08678158e+00
 -1.91986791e+01 -1.49910543e+00
 -2.06540995e+01 -1.97009867e+00
 -2.20471042e+01 -2.49826619e+00
 -2.33695009e+01 -3.08115934e+00
 -2.46151511e+01 -3.71568637e+00
 -2.57792460e+01 -4.39851429e+00
 -2.68572192e+01 -5.12625214e+00
 -2.78434982e+01 -5.89525419e+00
 -2.87311217e+01 -6.70127739e+00
 -2.95129695e+01 -7.53945096e+00
 -3.01839515e+01 -8.40483377e+00
 -3.07425315e+01 -9.29325011e+00
 -3.11907057e+01 -1.02016593e+01
 -3.15332004e+01 -1.11276783e+01
 -3.17771483e+01 -1.20686927e+01
 -3.19321836e+01 -1.30213189e+01
 -3.20095359e+01 -1.39815169e+01
 -3.20195090e+01 -1.49448682e+01
 -3.19690696e+01 -1.59061941e+01
 -3.18616647e+01 -1.68583878e+01
 -3.16988269e+01 -1.77914461e+01
 -3.14813617e+01 -1.86927784e+01
 -3.12092691e+01 -1.95487368e+01
 -3.08812511e+01 -2.03463321e+01
 -3.04944217e+01 -2.10741745e+01
 -3.00441531e+01 -2.17224743e+01
 -2.95241665e+01 -2.22826978e+01
 -2.89272211e+01 -2.27475917e+01
 -2.82463936e+01 -2.31116384e+01
 -2.74762501e+01 -2.33714118e+01
 -2.66129622e+01 -2.35253075e+01
 -2.56533532e+01 -2.35725753e+01
 -2.45942023e+01 -2.35123569e+01
 -2.34330750e+01 -2.33439792e+01
 -2.21704147e+01 -2.30688529e+01
 -2.08114221e+01 -2.26926324e+01
 -1.93665431e+01 -2.22260547e+01
 -1.78508047e+01 -2.16842325e+01
 -1.62832677e+01 -2.10852350e+01
 -1.46872312e+01 -2.04487647e+01
 -1.30903357e+01 -1.97951706e+01
 -1.15234096e+01 -1.91445048e+01
 -1.00180751e+01 -1.85153145e+01
 -8.60416387e+00 -1.79234066e+01
 -7.30783763e+00 -1.73811750e+01
 -6.15041017e+00 -1.68976580e+01
 -5.14727388e+00 -1.64787833e+01
 -4.30666878e+00 -1.61272488e+01
 -3.62882487e+00 -1.58422519e+01
 -3.10613513e+00 -1.56197722e+01
 -2.72422900e+00 -1.54535738e+01
 -2.46312032e+00 -1.53361296e+01
 -2.29804951e+00 -1.52586754e+01
 -2.20093250e+00 -1.52108428e+01
 -2.14368205e+00 -1.51812360e+01
 -2.10295423e+00 -1.51594657e+01
 -2.06379617e+00 -1.51383854e+01
 -2.01992800e+00 -1.51148370e+01
 -1.97092540e+00 -1.50885872e+01
 -1.91862422e+00 -1.50605902e+01
 -1.86478778e+00 -1.50317763e+01
 -1.81040629e+00 -1.50026716e+01
 -1.75587459e+00 -1.49734867e+01
 -1.70131055e+00 -1.49442845e+01
 -1.64674106e+00 -1.49150793e+01
 -1.59217086e+00 -1.48858738e+01
 -1.53760065e+00 -1.48566682e+01
 -1.48303117e+00 -1.48274631e+01
 -1.42846714e+00 -1.47982608e+01
 -1.37393560e+00 -1.47690760e+01
 -1.31955581e+00 -1.47399724e+01
 -1.26573308e+00 -1.47111669e+01
 -1.21352041e+00 -1.46832231e+01
 -1.16497659e+00 -1.46572428e+01
 -1.12303286e+00 -1.46347949e+01
 -1.09047257e+00 -1.46173688e+01
 -1.09047257e+00 -1.46173688e+01
 -1.09047257e+00 -1.46173688e+01
 -1.09047257e+00 -1.46173688e+01
 -1.09047257e+00 -1.46173688e+01
 -1.09047257e+00 -1.46173688e+01
 -1.09047257e+00 -1.46173688e+01
 -1.09047257e+00 -1.46173688e+01
 -1.09047257e+00 -1.46173688e+01
 -1.09047257e+00 -1.46173688e+01
 -1.09047257e+00 -1.46173688e+01
 -1.09047257e+00 -1.46173688e+01
 -1.09047257e+00 -1.46173688e+01
 -1.09047257e+00 -1.46173688e+01
 -1.09047257e+00 -1.46173688e+01
 -1.09047257e+00 -1.46173688e+01
 -1.09047257e+00 -1.46173688e+01
 -1.09047257e+00 -1.46173688e+01
 -1.09047257e+00 -1.46173688e+01
 -1.09047257e+00 -1.46173688e+01
 -1.09047257e+00 -1.46173688e+01
 -1.09047257e+00 -1.46173688e+01
 -1.09047257e+00 -1.46173688e+01
 -1.09047257e+00 -1.46173688e+01
 -1.09047257e+00 -1.46173688e+01
 -1.09047257e+00 -1.46173688e+01
