 0.00000000e+00 0.00000000e+00
 0.00000000e+00 0.00000000e+00
 0.00000000e+00 0.00000000e+00
 0.00000000e+00 0.00000000e+00
 -1.82622373e-01 2.49858966e-02
 -4.35737053e-01 6.09108260e-02
 -7.55243755e-01 1.07143755e-01
 -1.13506974e+00 1.62425376e-01
 -1.57238719e+00 2.25390572e-01
 -2.06819498e+00 2.94135819e-01
 -2.62421649e+00 3.65859486e-01
 -3.23951570e+00 4.37482969e-01
 -3.90952171e+00 5.06626165e-01
 -4.62759632e+00 5.71907564e-01
 -5.38707622e+00 6.32700792e-01
 -6.18194836e+00 6.88981803e-01
 -7.00639011e+00 7.41053621e-01
 -7.85449584e+00 7.88612836e-01
 -8.72065169e+00 8.29578850e-01
 -9.60001255e+00 8.59684791e-01
 -1.04886798e+01 8.73039960e-01
 -1.13838285e+01 8.62952369e-01
 -1.22842188e+01 8.22462917e-01
 -1.31911533e+01 7.44659776e-01
 -1.41094546e+01 6.22809856e-01
 -1.50478374e+01 4.50095527e-01
 -1.60182829e+01 2.19177906e-01
 -1.70344849e+01 -7.77023573e-02
 -1.81097130e+01 -4.47802988e-01
 -1.92544656e+01 -8.96689726e-01
 -2.04743886e+01 -1.42748357e+00
 -2.17690164e+01 -2.04060390e+00
 -2.31315547e+01 -2.73352476e+00
 -2.45494254e+01 -3.50041128e+00
 -2.60052500e+01 -4.33223925e+00
 -2.74782774e+01 -5.21792499e+00
 -2.89463434e+01 -6.14611152e+00
 -3.03880828e+01 -7.10676677e+00
 -3.17846643e+01 -8.09209858e+00
 -3.31203867e+01 -9.09678597e+00
 -3.43822098e+01 -1.01177263e+01
 -3.55590327e+01 -1.11535613e+01
 -3.66414618e+01 -1.22042342e+01
 -3.76221646e+01 -1.32706859e+01
 -3.84964291e+01 -1.43545575e+01
 -3.92623147e+01 -1.54574993e+01
 -3.99197400e+01 -1.65797946e+01
 -4.04685681e+01 -1.77187995e+01
 -4.09070327e+01 -1.88683846e+01
 -4.12320205e+01 -2.00198847e+01
 -4.14406651e+01 -2.11635160e+01
 -4.15305029e+01 -2.22887938e+01
 -4.14970159e+01 -2.33838227e+01
 -4.13318995e+01 -2.44347170e+01
 -4.10257322e+01 -2.54262394e+01
 -4.05730414e+01 -2.63433664e+01
 -3.99745586e+01 -2.71723651e+01
 -3.92353392e+01 -2.79004035e+01
 -3.83617086e+01 -2.85144049e+01
 -3.73594241e+01 -2.90008539e+01
 -3.62331328e+01 -2.93473161e+01
 -3.49866384e+01 -2.95446833e+01
 -3.36238049e+01 -2.95885461e+01
 -3.21497892e+01 -2.94791753e+01
 -3.05722201e+01 -2.92210407e+01
 -2.89023525e+01 -2.88228333e+01
 -2.71563161e+01 -2.82978014e+01
 -2.53558198e+01 -2.76636983e+01
 -2.35272914e+01 -2.69420927e+01
 -2.16995723e+01 -2.61570957e+01
 -1.99017168e+01 -2.53336744e+01
 -1.81621172e+01 -2.44961083e+01
 -1.65086005e+01 -2.36671771e+01
 -1.49683801e+01 -2.28679111e+01
 -1.35671803e+01 -2.21171426e+01
 -1.23275322e+01 -2.14304354e+01
 -1.12666762e+01 -2.08186596e+01
 -1.03943912e+01 -2.02867998e+01
 -9.71038211e+00 -1.98334473e+01
 -9.20086749e+00 -1.94510365e+01
 -8.83589958e+00 -1.91267116e+01
 -8.57128809e+00 -1.88440356e+01
 -8.35798059e+00 -1.85859150e+01
 -8.15574538e+00 -1.83381914e+01
 -7.94252399e+00 -1.80921117e+01
 -7.71355002e+00 -1.78442459e+01
 -7.47319660e+00 -1.75944066e+01
 -7.22713222e+00 -1.73434248e+01
 -6.97892990e+00 -1.70919830e+01
 -6.73011533e+00 -1.68404035e+01
 -6.48116519e+00 -1.65887925e+01
 -6.23219172e+00 -1.63371760e+01
 -5.98321516e+00 -1.60855588e+01
 -5.73423862e+00 -1.58339418e+01
 -5.48526533e+00 -1.55823282e+01
 -5.23631695e+00 -1.53307397e+01
 -4.98751682e+00 -1.50793011e+01
 -4.73940901e+00 -1.48285621e+01
 -4.49384283e+00 -1.45803917e+01
 -4.25562252e+00 -1.43396450e+01
 -4.03414134e+00 -1.41158151e+01
 -3.84277307e+00 -1.39224173e+01
 -3.69421674e+00 -1.37722856e+01
 -3.69421674e+00 -1.37722856e+01
 -3.69421674e+00 -1.37722856e+01
 -3.69421674e+00 -1.37722856e+01
 -3.69421674e+00 -1.37722856e+01
 -3.69421674e+00 -1.37722856e+01
 -3.69421674e+00 -1.37722856e+01
 -3.69421674e+00 -1.37722856e+01
 -3.69421674e+00 -1.37722856e+01
 -3.69421674e+00 -1.37722856e+01
 -3.69421674e+00 -1.37722856e+01
 -3.69421674e+00 -1.37722856e+01
 -3.69421674e+00 -1.37722856e+01
 -3.69421674e+00 -1.37722856e+01
 -3.69421674e+00 -1.37722856e+01
 -3.69421674e+00 -1.37722856e+01
 -3.69421674e+00 -1.37722856e+01
 -3.69421674e+00 -1.37722856e+01
 -3.69421674e+00 -1.37722856e+01
 -3.69421674e+00 -1.37722856e+01
 -3.69421674e+00 -1.37722856e+01
 -3.69421674e+00 -1.37722856e+01
 -3.69421674e+00 -1.37722856e+01
 -3.69421674e+00 -1.37722856e+01
 -3.69421674e+00 -1.37722856e+01
 -3.69421674e+00 -1.37722856e+01
 -3.69421674e+00 -1.37722856e+01
 -3.69421674e+00 -1.37722856e+01
