 0.00000000e+00 0.00000000e+00
 0.00000000e+00 0.00000000e+00
 0.00000000e+00 0.00000000e+00
 0.00000000e+00 0.00000000e+00
 0.00000000e+00 0.00000000e+00
 0.00000000e+00 0.00000000e+00
 0.00000000e+00 0.00000000e+00
 0.00000000e+00 0.00000000e+00
 0.00000000e+00 0.00000000e+00
 0.00000000e+00 0.00000000e+00
 0.00000000e+00 0.00000000e+00
 -2.99807856e-02 1.23696175e-01
 -8.55894290e-02 2.79686593e-01
 -1.76233941e-01 4.54838499e-01
 -3.10202586e-01 6.35708576e-01
 -4.94692405e-01 8.12792311e-01
 -7.35804438e-01 9.80895778e-01
 -1.03772106e+00 1.13721148e+00
 -1.40174615e+00 1.27923903e+00
 -1.82624149e+00 1.40367364e+00
 -2.30766694e+00 1.50640905e+00
 -2.84211421e+00 1.58288335e+00
 -3.42650912e+00 1.62756133e+00
 -4.05923459e+00 1.63249897e+00
 -4.74072468e+00 1.58662684e+00
 -5.47433614e+00 1.47678506e+00
 -6.26672440e+00 1.28918994e+00
 -7.12677037e+00 1.00976522e+00
 -8.06317624e+00 6.23931849e-01
 -9.08173810e+00 1.17296681e-01
 -1.01832442e+01 -5.22771726e-01
 -1.13623261e+01 -1.30567071e+00
 -1.26068258e+01 -2.23637362e+00
 -1.38969137e+01 -3.31375501e+00
 -1.52039421e+01 -4.52812935e+00
 -1.64902254e+01 -5.85907186e+00
 -1.77111300e+01 -7.27518141e+00
 -1.88196345e+01 -8.73640143e+00
 -1.97719189e+01 -1.01978953e+01
 -2.05319588e+01 -1.16139721e+01
 -2.10739536e+01 -1.29413397e+01
 -2.13827181e+01 -1.41416830e+01
 -2.14525832e+01 -1.51834040e+01
 -2.12851715e+01 -1.60419666e+01
 -2.08866885e+01 -1.66985377e+01
 -2.02656574e+01 -1.71375394e+01
 -1.94316325e+01 -1.73445428e+01
 -1.83949123e+01 -1.73057771e+01
 -1.71670691e+01 -1.70093561e+01
 -1.57618576e+01 -1.64472487e+01
 -1.41960220e+01 -1.56170242e+01
 -1.24898653e+01 -1.45230109e+01
 -1.06674735e+01 -1.31767135e+01
 -8.75597669e+00 -1.15961395e+01
 -6.78319035e+00 -9.80378757e+00
 -4.77409127e+00 -7.82360520e+00
 -2.74796542e+00 -5.67780033e+00
 -7.18144911e-01 -3.38485426e+00
 1.30526339e+00 -9.60246273e-01
 3.31098395e+00 1.57946189e+00
 5.28243625e+00 4.21057975e+00
 7.19534660e+00 6.89739624e+00
 9.01787984e+00 9.59113927e+00
 1.07132497e+01 1.22330674e+01
 1.22439161e+01 1.47597773e+01
 1.35760792e+01 1.71087751e+01
 1.46834530e+01 1.92238693e+01
 1.55497441e+01 2.10605384e+01
 1.61694334e+01 2.25901630e+01
 1.65466667e+01 2.38008295e+01
 1.66926845e+01 2.46935853e+01
 1.66228897e+01 2.52760183e+01
 1.63545790e+01 2.55569147e+01
 1.59055432e+01 2.55444039e+01
 1.52931507e+01 2.52465376e+01
 1.45338533e+01 2.46714676e+01
 1.36435573e+01 2.38263922e+01
 1.26388592e+01 2.27173555e+01
 1.15380469e+01 2.13516267e+01
 1.03605174e+01 1.97413220e+01
 9.12452938e+00 1.79053398e+01
 7.84478879e+00 1.58683694e+01
 6.53157204e+00 1.36585759e+01
 5.19185235e+00 1.13063706e+01
 3.83165207e+00 8.84479486e+00
 2.45868861e+00 6.31000879e+00
 1.08501914e+00 3.74061766e+00
 -2.70239488e-01 1.17635056e+00
 -1.57862660e+00 -1.34260466e+00
 -2.80194438e+00 -3.77543177e+00
 -3.89501878e+00 -6.08100300e+00
 -4.81117965e+00 -8.21991991e+00
 -5.50841725e+00 -1.01576954e+01
 -5.95417873e+00 -1.18669680e+01
 -6.12795120e+00 -1.33274365e+01
 -6.02185302e+00 -1.45246045e+01
 -5.63999168e+00 -1.54495093e+01
 -4.99739805e+00 -1.61000487e+01
 -4.11883632e+00 -1.64824199e+01
 -3.03716701e+00 -1.66111162e+01
 -1.79104222e+00 -1.65076286e+01
 -4.22420288e-01 -1.61990880e+01
 1.02544973e+00 -1.57174452e+01
 2.50985442e+00 -1.50987711e+01
 3.99146961e+00 -1.43821623e+01
 5.43887750e+00 -1.36078410e+01
 6.83337987e+00 -1.28135800e+01
 8.17120867e+00 -1.20291253e+01
 9.46104242e+00 -1.12709472e+01
 1.07177103e+01 -1.05413795e+01
 1.19555537e+01 -9.83345127e+00
 1.31846373e+01 -9.13791411e+00
 1.44103954e+01 -8.44788528e+00
 1.56351299e+01 -7.75977335e+00
 1.68596104e+01 -7.07218497e+00
 1.80840404e+01 -6.38470882e+00
 1.93084623e+01 -5.69725155e+00
 2.05328831e+01 -5.00979685e+00
 2.17573022e+01 -4.32234334e+00
 2.29817051e+01 -3.63489892e+00
 2.42059855e+01 -2.94752329e+00
 2.54295368e+01 -2.26055699e+00
 2.66496834e+01 -1.57550226e+00
 2.78573308e+01 -8.97465268e-01
 2.90288526e+01 -2.39711104e-01
 3.01180546e+01 3.71824394e-01
 3.10591670e+01 9.00214586e-01
 3.17897386e+01 1.31039602e+00
 3.17897386e+01 1.31039602e+00
 3.17897386e+01 1.31039602e+00
 3.17897386e+01 1.31039602e+00
 3.17897386e+01 1.31039602e+00
 3.17897386e+01 1.31039602e+00
 3.17897386e+01 1.31039602e+00
 3.17897386e+01 1.31039602e+00
 3.17897386e+01 1.31039602e+00
 3.17897386e+01 1.31039602e+00
 3.17897386e+01 1.31039602e+00
 3.17897386e+01 1.31039602e+00
 3.17897386e+01 1.31039602e+00
 3.17897386e+01 1.31039602e+00
 3.17897386e+01 1.31039602e+00
 3.17897386e+01 1.31039602e+00
 3.17897386e+01 1.31039602e+00
 3.17897386e+01 1.31039602e+00
 3.17897386e+01 1.31039602e+00
 3.17897386e+01 1.31039602e+00
 3.17897386e+01 1.31039602e+00
 3.17897386e+01 1.31039602e+00
 3.17897386e+01 1.31039602e+00
 3.17897386e+01 1.31039602e+00
 3.17897386e+01 1.31039602e+00
 3.17897386e+01 1.31039602e+00
 3.17897386e+01 1.31039602e+00
 3.17897386e+01 1.31039602e+00
 3.17897386e+01 1.31039602e+00
 3.17897386e+01 1.31039602e+00
 3.17897386e+01 1.31039602e+00
 3.17897386e+01 1.31039602e+00
 3.17897386e+01 1.31039602e+00
