 0.00000000e+00 0.00000000e+00
 0.00000000e+00 0.00000000e+00
 0.00000000e+00 0.00000000e+00
 0.00000000e+00 0.00000000e+00
 0.00000000e+00 0.00000000e+00
 0.00000000e+00 0.00000000e+00
 0.00000000e+00 0.00000000e+00
 0.00000000e+00 0.00000000e+00
 0.00000000e+00 0.00000000e+00
 0.00000000e+00 0.00000000e+00
 0.00000000e+00 0.00000000e+00
 0.00000000e+00 0.00000000e+00
 -1.81241387e-01 1.86693442e-01
 -4.31408643e-01 4.22313423e-01
 -7.45549229e-01 6.87599606e-01
 -1.11573046e+00 9.62317765e-01
 -1.53629157e+00 1.23102992e+00
 -2.00574807e+00 1.48365966e+00
 -2.52588734e+00 1.71320815e+00
 -3.09999130e+00 1.91319550e+00
 -3.73134894e+00 2.07577895e+00
 -4.42228319e+00 2.19088624e+00
 -5.17349495e+00 2.24670046e+00
 -5.98349151e+00 2.23117602e+00
 -6.84826718e+00 2.13342811e+00
 -7.76161836e+00 1.94409073e+00
 -8.71593033e+00 1.65492523e+00
 -9.70287231e+00 1.25867789e+00
 -1.07138529e+01 7.49713342e-01
 -1.17403917e+01 1.24977754e-01
 -1.27742561e+01 -6.15567556e-01
 -1.38070565e+01 -1.46941823e+00
 -1.48292694e+01 -2.43235209e+00
 -1.58290193e+01 -3.49846282e+00
 -1.67912267e+01 -4.65871074e+00
 -1.76976421e+01 -5.89862770e+00
 -1.85276610e+01 -7.19665342e+00
 -1.92593960e+01 -8.52404896e+00
 -1.98707959e+01 -9.84632327e+00
 -2.03409468e+01 -1.11256672e+01
 -2.06515326e+01 -1.23237423e+01
 -2.07883227e+01 -1.34039689e+01
 -2.07425959e+01 -1.43326621e+01
 -2.05120023e+01 -1.50791002e+01
 -2.00999492e+01 -1.56152139e+01
 -1.95134213e+01 -1.59155298e+01
 -1.87605365e+01 -1.59575290e+01
 -1.78491608e+01 -1.57222918e+01
 -1.67866898e+01 -1.51953985e+01
 -1.55803749e+01 -1.43680674e+01
 -1.42376500e+01 -1.32381304e+01
 -1.27661613e+01 -1.18102175e+01
 -1.11736406e+01 -1.00949982e+01
 -9.46824066e+00 -8.10799055e+00
 -7.65974109e+00 -5.86838585e+00
 -5.76125060e+00 -3.39778136e+00
 -3.79058482e+00 -7.18888322e-01
 -1.77065921e+00 2.14462457e+00
 2.71236382e-01 5.16562230e+00
 2.30463427e+00 8.30841560e+00
 4.29645712e+00 1.15235586e+01
 6.21061271e+00 1.47457575e+01
 8.00783021e+00 1.78965689e+01
 9.64747967e+00 2.08912575e+01
 1.10916360e+01 2.36478509e+01
 1.23095915e+01 2.60962735e+01
 1.32805717e+01 2.81855993e+01
 1.39939552e+01 2.98876237e+01
 1.44481462e+01 3.11957397e+01
 1.46494833e+01 3.21197765e+01
 1.46112868e+01 3.26789401e+01
 1.43522038e+01 3.28950364e+01
 1.38934946e+01 3.27870966e+01
 1.32559222e+01 3.23677546e+01
 1.24572930e+01 3.16418176e+01
 1.15114763e+01 3.06077554e+01
 1.04291784e+01 2.92623270e+01
 9.21986279e+00 2.76069629e+01
 7.89353767e+00 2.56530368e+01
 6.46155996e+00 2.34234653e+01
 4.93681992e+00 2.09503619e+01
 3.33423570e+00 1.82709954e+01
 1.67172998e+00 1.54248907e+01
 -2.90480187e-02 1.24529561e+01
 -1.74272303e+00 9.39719294e+00
 -3.44047640e+00 6.29972884e+00
 -5.08994258e+00 3.20206487e+00
 -6.65468628e+00 1.46097894e-01
 -8.09417145e+00 -2.82357226e+00
 -9.36558389e+00 -5.65865988e+00
 -1.04278422e+01 -8.30946141e+00
 -1.12462233e+01 -1.07293975e+01
 -1.17955718e+01 -1.28790297e+01
 -1.20617000e+01 -1.47278901e+01
 -1.20420222e+01 -1.62547471e+01
 -1.17458262e+01 -1.74476513e+01
 -1.11931850e+01 -1.83040919e+01
 -1.04118234e+01 -1.88304793e+01
 -9.43303168e+00 -1.90402874e+01
 -8.28844054e+00 -1.89515056e+01
 -7.00845364e+00 -1.85850942e+01
 -5.62213575e+00 -1.79654308e+01
 -4.15816854e+00 -1.71221036e+01
 -2.64615083e+00 -1.60918139e+01
 -1.11682769e+00 -1.49195453e+01
 4.00091738e-01 -1.36578167e+01
 1.88051336e+00 -1.23617608e+01
 3.31100967e+00 -1.10789982e+01
 4.69118671e+00 -9.83841973e+00
 6.03115819e+00 -8.64591506e+00
 7.34525760e+00 -7.49079693e+00
 8.64594225e+00 -6.35750506e+00
 9.94104424e+00 -5.23405159e+00
 1.12342905e+01 -4.11405667e+00
 1.25270463e+01 -2.99501333e+00
 1.38196995e+01 -1.87617510e+00
 1.51123356e+01 -7.57371504e-01
 1.64049694e+01 3.61427385e-01
 1.76976013e+01 1.48022428e+00
 1.89902160e+01 2.59900638e+00
 2.02827014e+01 3.71767651e+00
 2.15744172e+01 4.83568050e+00
 2.28625386e+01 5.95057350e+00
 2.41374643e+01 7.05404546e+00
 2.53742520e+01 8.12450812e+00
 2.65241337e+01 9.11975216e+00
 2.75176758e+01 9.97968130e+00
 2.82889477e+01 1.06472315e+01
 2.82889477e+01 1.06472315e+01
 2.82889477e+01 1.06472315e+01
 2.82889477e+01 1.06472315e+01
 2.82889477e+01 1.06472315e+01
 2.82889477e+01 1.06472315e+01
 2.82889477e+01 1.06472315e+01
 2.82889477e+01 1.06472315e+01
 2.82889477e+01 1.06472315e+01
 2.82889477e+01 1.06472315e+01
 2.82889477e+01 1.06472315e+01
 2.82889477e+01 1.06472315e+01
 2.82889477e+01 1.06472315e+01
 2.82889477e+01 1.06472315e+01
 2.82889477e+01 1.06472315e+01
 2.82889477e+01 1.06472315e+01
 2.82889477e+01 1.06472315e+01
 2.82889477e+01 1.06472315e+01
 2.82889477e+01 1.06472315e+01
 2.82889477e+01 1.06472315e+01
 2.82889477e+01 1.06472315e+01
 2.82889477e+01 1.06472315e+01
 2.82889477e+01 1.06472315e+01
 2.82889477e+01 1.06472315e+01
 2.82889477e+01 1.06472315e+01
 2.82889477e+01 1.06472315e+01
 2.82889477e+01 1.06472315e+01
 2.82889477e+01 1.06472315e+01
 2.82889477e+01 1.06472315e+01
 2.82889477e+01 1.06472315e+01
 2.82889477e+01 1.06472315e+01
 2.82889477e+01 1.06472315e+01
 2.82889477e+01 1.06472315e+01
