 0.00000000e+00 0.00000000e+00
 0.00000000e+00 0.00000000e+00
 0.00000000e+00 0.00000000e+00
 0.00000000e+00 0.00000000e+00
 0.00000000e+00 0.00000000e+00
 0.00000000e+00 0.00000000e+00
 0.00000000e+00 0.00000000e+00
 0.00000000e+00 0.00000000e+00
 0.00000000e+00 0.00000000e+00
 0.00000000e+00 0.00000000e+00
 0.00000000e+00 0.00000000e+00
 -1.75522310e-01 1.10077117e-01
 -4.13357232e-01 2.52239210e-01
 -7.02557446e-01 4.17815909e-01
 -1.02855937e+00 5.98023312e-01
 -1.38080878e+00 7.87134207e-01
 -1.75588757e+00 9.82211643e-01
 -2.15592278e+00 1.18093392e+00
 -2.58531006e+00 1.37978930e+00
 -3.04841347e+00 1.57366765e+00
 -3.54892656e+00 1.75636124e+00
 -4.09021498e+00 1.92091540e+00
 -4.67573880e+00 2.05938911e+00
 -5.30917147e+00 2.16246081e+00
 -5.99432940e+00 2.21923585e+00
 -6.73502892e+00 2.21696794e+00
 -7.53484066e+00 2.14065288e+00
 -8.39668579e+00 1.97330684e+00
 -9.32210504e+00 1.69748296e+00
 -1.03100561e+01 1.29734475e+00
 -1.13555238e+01 7.60226186e-01
 -1.24484991e+01 7.74343716e-02
 -1.35736486e+01 -7.55137247e-01
 -1.47107473e+01 -1.73602198e+00
 -1.58358287e+01 -2.85685925e+00
 -1.69226780e+01 -4.10120523e+00
 -1.79438669e+01 -5.44375606e+00
 -1.88706640e+01 -6.85006243e+00
 -1.96722877e+01 -8.27720426e+00
 -2.03163448e+01 -9.67623808e+00
 -2.07720300e+01 -1.09964584e+01
 -2.10151420e+01 -1.21899481e+01
 -2.10316261e+01 -1.32143204e+01
 -2.08172561e+01 -1.40330256e+01
 -2.03746991e+01 -1.46147108e+01
 -1.97114985e+01 -1.49335364e+01
 -1.88406780e+01 -1.49707871e+01
 -1.77820217e+01 -1.47164255e+01
 -1.65610358e+01 -1.41691055e+01
 -1.52051400e+01 -1.33344743e+01
 -1.37396006e+01 -1.22229141e+01
 -1.21857868e+01 -1.08478939e+01
 -1.05616411e+01 -9.22500400e+00
 -8.88220779e+00 -7.37086606e+00
 -7.15910552e+00 -5.30128550e+00
 -5.40010053e+00 -3.02897509e+00
 -3.61007897e+00 -5.62136694e-01
 -1.79292905e+00 2.09457157e+00
 4.70089402e-02 4.93603455e+00
 1.90418038e+00 7.95061044e+00
 3.77066412e+00 1.11140903e+01
 5.63374923e+00 1.43855827e+01
 7.47303056e+00 1.77062676e+01
 9.25910480e+00 2.10013593e+01
 1.09552024e+01 2.41853833e+01
 1.25210181e+01 2.71703434e+01
 1.39167718e+01 2.98753552e+01
 1.51060228e+01 3.22352389e+01
 1.60570972e+01 3.42051842e+01
 1.67439909e+01 3.57600391e+01
 1.71476821e+01 3.68897236e+01
 1.72580317e+01 3.75941516e+01
 1.70754597e+01 3.78800596e+01
 1.66111673e+01 3.77597374e+01
 1.58853399e+01 3.72501724e+01
 1.49240788e+01 3.63712319e+01
 1.37565692e+01 3.51429895e+01
 1.24135141e+01 3.35841585e+01
 1.09266856e+01 3.17136306e+01
 9.32865219e+00 2.95544875e+01
 7.65188167e+00 2.71372301e+01
 5.92713365e+00 2.44994631e+01
 4.18171273e+00 2.16823164e+01
 2.43830393e+00 1.87263722e+01
 7.14753513e-01 1.56697547e+01
 -9.75166527e-01 1.25488805e+01
 -2.61989108e+00 9.40038609e+00
 -4.20703182e+00 6.26259933e+00
 -5.71983015e+00 3.17613725e+00
 -7.13452725e+00 1.84000897e-01
 -8.42012305e+00 -2.66883755e+00
 -9.54111495e+00 -5.33685456e+00
 -1.04624229e+01 -7.77646829e+00
 -1.11546783e+01 -9.94888828e+00
 -1.15981519e+01 -1.18225236e+01
 -1.17845458e+01 -1.33746135e+01
 -1.17167763e+01 -1.45921012e+01
 -1.14073749e+01 -1.54718487e+01
 -1.08762162e+01 -1.60200702e+01
 -1.01478451e+01 -1.62506865e+01
 -9.24834491e+00 -1.61827702e+01
 -8.20223394e+00 -1.58380054e+01
 -7.03077648e+00 -1.52392127e+01
 -5.75296639e+00 -1.44104634e+01
 -4.38882087e+00 -1.33786815e+01
 -2.96270762e+00 -1.21760314e+01
 -1.50408604e+00 -1.08417523e+01
 -4.46911889e-02 -9.42177343e+00
 1.38683793e+00 -7.96481602e+00
 2.77086721e+00 -6.51494290e+00
 4.10069699e+00 -5.10279527e+00
 5.38217274e+00 -3.74012456e+00
 6.62873015e+00 -2.42163265e+00
 7.85473630e+00 -1.13320253e+00
 9.07090003e+00 1.39177098e-01
 1.02832443e+01 1.40477674e+00
 1.14943936e+01 2.66810722e+00
 1.27052430e+01 3.93083661e+00
 1.39160322e+01 5.19344020e+00
 1.51268118e+01 6.45602302e+00
 1.63375901e+01 7.71860301e+00
 1.75483666e+01 8.98118101e+00
 1.87591271e+01 1.02437423e+01
 1.99697665e+01 1.15061773e+01
 2.11796849e+01 1.27678605e+01
 2.23862366e+01 1.40260329e+01
 2.35804283e+01 1.52713166e+01
 2.47388969e+01 1.64793487e+01
 2.58159630e+01 1.76024956e+01
 2.67465895e+01 1.85729377e+01
 2.74690209e+01 1.93262775e+01
 2.74690209e+01 1.93262775e+01
 2.74690209e+01 1.93262775e+01
 2.74690209e+01 1.93262775e+01
 2.74690209e+01 1.93262775e+01
 2.74690209e+01 1.93262775e+01
 2.74690209e+01 1.93262775e+01
 2.74690209e+01 1.93262775e+01
 2.74690209e+01 1.93262775e+01
 2.74690209e+01 1.93262775e+01
 2.74690209e+01 1.93262775e+01
 2.74690209e+01 1.93262775e+01
 2.74690209e+01 1.93262775e+01
 2.74690209e+01 1.93262775e+01
 2.74690209e+01 1.93262775e+01
 2.74690209e+01 1.93262775e+01
 2.74690209e+01 1.93262775e+01
 2.74690209e+01 1.93262775e+01
 2.74690209e+01 1.93262775e+01
 2.74690209e+01 1.93262775e+01
 2.74690209e+01 1.93262775e+01
 2.74690209e+01 1.93262775e+01
 2.74690209e+01 1.93262775e+01
 2.74690209e+01 1.93262775e+01
 2.74690209e+01 1.93262775e+01
 2.74690209e+01 1.93262775e+01
 2.74690209e+01 1.93262775e+01
 2.74690209e+01 1.93262775e+01
 2.74690209e+01 1.93262775e+01
 2.74690209e+01 1.93262775e+01
