 0.00000000e+00 0.00000000e+00
 0.00000000e+00 0.00000000e+00
 0.00000000e+00 0.00000000e+00
 0.00000000e+00 0.00000000e+00
 0.00000000e+00 0.00000000e+00
 0.00000000e+00 0.00000000e+00
 0.00000000e+00 0.00000000e+00
 0.00000000e+00 0.00000000e+00
 0.00000000e+00 0.00000000e+00
 0.00000000e+00 0.00000000e+00
 0.00000000e+00 0.00000000e+00
 -1.78574522e-02 1.98486586e-01
 -5.72579267e-02 4.48739110e-01
 -1.31269617e-01 7.29151747e-01
 -2.52919758e-01 1.01654142e+00
 -4.33421869e-01 1.29259289e+00
 -6.82583342e-01 1.54458165e+00
 -1.01002037e+00 1.76309008e+00
 -1.42520630e+00 1.94007960e+00
 -1.93629829e+00 2.06834279e+00
 -2.54903831e+00 2.14147489e+00
 -3.26634461e+00 2.15337954e+00
 -4.08806244e+00 2.09741601e+00
 -5.01031270e+00 1.96611830e+00
 -6.02479555e+00 1.75193996e+00
 -7.11902616e+00 1.44847673e+00
 -8.27792579e+00 1.05141038e+00
 -9.48599933e+00 5.58872984e-01
 -1.07288941e+01 -2.87469539e-02
 -1.19939294e+01 -7.09455887e-01
 -1.32701391e+01 -1.48063905e+00
 -1.45483859e+01 -2.34025188e+00
 -1.58214873e+01 -3.28800289e+00
 -1.70839064e+01 -4.32603025e+00
 -1.83304631e+01 -5.45825788e+00
 -1.95537196e+01 -6.68769347e+00
 -2.07405957e+01 -8.01188261e+00
 -2.18699340e+01 -9.41824357e+00
 -2.29128062e+01 -1.08816055e+01
 -2.38358810e+01 -1.23650180e+01
 -2.46061948e+01 -1.38229736e+01
 -2.51947710e+01 -1.52054430e+01
 -2.55777846e+01 -1.64617381e+01
 -2.57365308e+01 -1.75439192e+01
 -2.56584058e+01 -1.84095141e+01
 -2.53387804e+01 -1.90231195e+01
 -2.47810285e+01 -1.93566677e+01
 -2.39932409e+01 -1.93888157e+01
 -2.29839838e+01 -1.91043707e+01
 -2.17606098e+01 -1.84943308e+01
 -2.03308532e+01 -1.75565091e+01
 -1.87056026e+01 -1.62964944e+01
 -1.69006839e+01 -1.47285660e+01
 -1.49372084e+01 -1.28757701e+01
 -1.28411697e+01 -1.07682791e+01
 -1.06426589e+01 -8.43993047e+00
 -8.37430542e+00 -5.92391223e+00
 -6.06862808e+00 -3.24891172e+00
 -3.75498506e+00 -4.36650593e-01
 -1.45762599e+00 2.49843106e+00
 8.04123505e-01 5.54646296e+00
 3.01398302e+00 8.69640322e+00
 5.15638475e+00 1.19290109e+01
 7.21425676e+00 1.52109876e+01
 9.16679404e+00 1.84919901e+01
 1.09876752e+01 2.17054168e+01
 1.26449868e+01 2.47733596e+01
 1.41035562e+01 2.76151046e+01
 1.53288444e+01 3.01570778e+01
 1.62907047e+01 3.23411165e+01
 1.69659346e+01 3.41284446e+01
 1.73396590e+01 3.54990436e+01
 1.74059181e+01 3.64486078e+01
 1.71677283e+01 3.69853992e+01
 1.66369088e+01 3.71271604e+01
 1.58334558e+01 3.68968481e+01
 1.47835607e+01 3.63170772e+01
 1.35162498e+01 3.54050437e+01
 1.20603354e+01 3.41700427e+01
 1.04431403e+01 3.26145376e+01
 8.69044703e+00 3.07382355e+01
 6.82629222e+00 2.85433921e+01
 4.87243792e+00 2.60390427e+01
 2.84838238e+00 2.32426977e+01
 7.72293441e-01 2.01799492e+01
 -1.33752869e+00 1.68838001e+01
 -3.46102194e+00 1.33951685e+01
 -5.57455840e+00 9.76438310e+00
 -7.64889776e+00 6.05206095e+00
 -9.64714336e+00 2.32779012e+00
 -1.15235541e+01 -1.33361145e+00
 -1.32246251e+01 -4.85721102e+00
 -1.46935295e+01 -8.17308627e+00
 -1.58773516e+01 -1.12203728e+01
 -1.67345248e+01 -1.39496353e+01
 -1.72394510e+01 -1.63236283e+01
 -1.73831888e+01 -1.83169836e+01
 -1.71716737e+01 -1.99154059e+01
 -1.66236654e+01 -2.11147874e+01
 -1.57690473e+01 -2.19202284e+01
 -1.46462383e+01 -2.23444045e+01
 -1.32975887e+01 -2.24048917e+01
 -1.17636723e+01 -2.21212413e+01
 -1.00789678e+01 -2.15135181e+01
 -8.27072410e+00 -2.06033279e+01
 -6.36079132e+00 -1.94165252e+01
 -4.36899220e+00 -1.79858254e+01
 -2.31673616e+00 -1.63525262e+01
 -2.29971801e-01 -1.45677001e+01
 1.85988153e+00 -1.26919463e+01
 3.91926571e+00 -1.07900646e+01
 5.92093003e+00 -8.91833188e+00
 7.85333727e+00 -7.10974786e+00
 9.72345768e+00 -5.36837142e+00
 1.15499570e+01 -3.67781033e+00
 1.33524092e+01 -2.01644227e+00
 1.51443983e+01 -3.68091231e-01
 1.69327945e+01 1.27572024e+00
 1.87202183e+01 2.91829033e+00
 2.05074350e+01 4.56059412e+00
 2.22946170e+01 6.20285310e+00
 2.40817943e+01 7.84510599e+00
 2.58689687e+01 9.48735604e+00
 2.76561194e+01 1.11295844e+01
 2.94430913e+01 1.27716484e+01
 3.12289991e+01 1.44127346e+01
 3.30099374e+01 1.60492542e+01
 3.47726316e+01 1.76690092e+01
 3.64825965e+01 1.92403108e+01
 3.80724067e+01 2.07012012e+01
 3.94460638e+01 2.19634666e+01
 4.05124134e+01 2.29433445e+01
 4.05124134e+01 2.29433445e+01
 4.05124134e+01 2.29433445e+01
 4.05124134e+01 2.29433445e+01
 4.05124134e+01 2.29433445e+01
 4.05124134e+01 2.29433445e+01
 4.05124134e+01 2.29433445e+01
 4.05124134e+01 2.29433445e+01
 4.05124134e+01 2.29433445e+01
 4.05124134e+01 2.29433445e+01
 4.05124134e+01 2.29433445e+01
 4.05124134e+01 2.29433445e+01
 4.05124134e+01 2.29433445e+01
 4.05124134e+01 2.29433445e+01
 4.05124134e+01 2.29433445e+01
 4.05124134e+01 2.29433445e+01
 4.05124134e+01 2.29433445e+01
 4.05124134e+01 2.29433445e+01
 4.05124134e+01 2.29433445e+01
 4.05124134e+01 2.29433445e+01
 4.05124134e+01 2.29433445e+01
 4.05124134e+01 2.29433445e+01
 4.05124134e+01 2.29433445e+01
 4.05124134e+01 2.29433445e+01
 4.05124134e+01 2.29433445e+01
 4.05124134e+01 2.29433445e+01
 4.05124134e+01 2.29433445e+01
 4.05124134e+01 2.29433445e+01
 4.05124134e+01 2.29433445e+01
