 0.00000000e+00 0.00000000e+00
 0.00000000e+00 0.00000000e+00
 0.00000000e+00 0.00000000e+00
 0.00000000e+00 0.00000000e+00
 0.00000000e+00 0.00000000e+00
 0.00000000e+00 0.00000000e+00
 0.00000000e+00 0.00000000e+00
 0.00000000e+00 0.00000000e+00
 0.00000000e+00 0.00000000e+00
 0.00000000e+00 0.00000000e+00
 0.00000000e+00 0.00000000e+00
 0.00000000e+00 0.00000000e+00
 0.00000000e+00 0.00000000e+00
 0.00000000e+00 0.00000000e+00
 -2.63652099e-01 1.54148990e-01
 -6.17614950e-01 3.57004132e-01
 -1.04953373e+00 5.96991265e-01
 -1.54518157e+00 8.59733248e-01
 -2.09603497e+00 1.13230556e+00
 -2.70102046e+00 1.40365596e+00
 -3.36457196e+00 1.66259817e+00
 -4.09392345e+00 1.89600155e+00
 -4.89669589e+00 2.08852290e+00
 -5.77879480e+00 2.22356764e+00
 -6.74272703e+00 2.28453043e+00
 -7.78669956e+00 2.25568978e+00
 -8.90473765e+00 2.12275778e+00
 -1.00874787e+01 1.87353983e+00
 -1.13228148e+01 1.49904744e+00
 -1.25959766e+01 9.94695797e-01
 -1.38896432e+01 3.60720907e-01
 -1.51848157e+01 -3.98560012e-01
 -1.64621414e+01 -1.27602305e+00
 -1.77025553e+01 -2.26254631e+00
 -1.88867700e+01 -3.34695519e+00
 -1.99946158e+01 -4.51559327e+00
 -2.10055896e+01 -5.75221625e+00
 -2.19005936e+01 -7.03820665e+00
 -2.26634922e+01 -8.35240825e+00
 -2.32814834e+01 -9.67024156e+00
 -2.37445863e+01 -1.09628805e+01
 -2.40451048e+01 -1.21977157e+01
 -2.41777463e+01 -1.33404312e+01
 -2.41406151e+01 -1.43576854e+01
 -2.39362310e+01 -1.52189193e+01
 -2.35709576e+01 -1.58966051e+01
 -2.30524866e+01 -1.63655989e+01
 -2.23871088e+01 -1.66028847e+01
 -2.15784970e+01 -1.65882299e+01
 -2.06279291e+01 -1.63051203e+01
 -1.95349226e+01 -1.57412464e+01
 -1.82979368e+01 -1.48886142e+01
 -1.69156244e+01 -1.37438710e+01
 -1.53888338e+01 -1.23091356e+01
 -1.37226366e+01 -1.05927901e+01
 -1.19273305e+01 -8.60917335e+00
 -1.00179751e+01 -6.37676912e+00
 -8.01283329e+00 -3.91588322e+00
 -5.93164446e+00 -1.24740850e+00
 -3.79489837e+00 1.60652120e+00
 -1.62484115e+00 4.62015742e+00
 5.52347073e-01 7.76049250e+00
 2.70485082e+00 1.09831891e+01
 4.79520569e+00 1.42299081e+01
 6.78180509e+00 1.74291493e+01
 8.62124449e+00 2.05012889e+01
 1.02713661e+01 2.33663427e+01
 1.16950502e+01 2.59520583e+01
 1.28641813e+01 2.82007494e+01
 1.37627080e+01 3.00742615e+01
 1.43877634e+01 3.15561534e+01
 1.47480900e+01 3.26497284e+01
 1.48596566e+01 3.33718404e+01
 1.47399482e+01 3.37446107e+01
 1.44038294e+01 3.37879048e+01
 1.38627333e+01 3.35143195e+01
 1.31259019e+01 3.29272168e+01
 1.22013661e+01 3.20217828e+01
 1.10962618e+01 3.07886349e+01
 9.81754957e+00 2.92189129e+01
 8.37334482e+00 2.73094753e+01
 6.77385275e+00 2.50670074e+01
 5.03135048e+00 2.25102423e+01
 3.15987300e+00 1.96699237e+01
 1.17547806e+00 1.65869435e+01
 -9.02584063e-01 1.33100852e+01
 -3.04960986e+00 9.89483183e+00
 -5.23208276e+00 6.40334929e+00
 -7.40445148e+00 2.90424435e+00
 -9.50852754e+00 -5.29697006e-01
 -1.14771705e+01 -3.82636712e+00
 -1.32413100e+01 -6.92018247e+00
 -1.47374612e+01 -9.75628847e+00
 -1.59134179e+01 -1.22920662e+01
 -1.67317787e+01 -1.44972370e+01
 -1.71720304e+01 -1.63541140e+01
 -1.72312134e+01 -1.78577277e+01
 -1.69222795e+01 -1.90142675e+01
 -1.62698037e+01 -1.98372458e+01
 -1.53041639e+01 -2.03428241e+01
 -1.40561316e+01 -2.05464499e+01
 -1.25535866e+01 -2.04617194e+01
 -1.08211262e+01 -2.01009266e+01
 -8.88219398e+00 -1.94766834e+01
 -6.76273309e+00 -1.86047910e+01
 -4.49539657e+00 -1.75087784e+01
 -2.12308556e+00 -1.62255348e+01
 3.00651019e-01 -1.48090951e+01
 2.71779695e+00 -1.33270885e+01
 5.07942014e+00 -1.18462499e+01
 7.36017418e+00 -1.04127132e+01
 9.56289004e+00 -9.04102969e+00
 1.17091172e+01 -7.72023589e+00
 1.38236466e+01 -6.43008178e+00
 1.59242401e+01 -5.15400284e+00
 1.80200173e+01 -3.88293336e+00
 2.01144856e+01 -2.61325378e+00
 2.22086742e+01 -1.34387555e+00
 2.43028158e+01 -7.45484344e-02
 2.63969511e+01 1.19477177e+00
 2.84910829e+01 2.46408955e+00
 3.05851871e+01 3.73339053e+00
 3.26790816e+01 5.00256447e+00
 3.47717293e+01 6.27098265e+00
 3.68585539e+01 7.53587129e+00
 3.89240010e+01 8.78780233e+00
 4.09276622e+01 1.00022831e+01
 4.27905313e+01 1.11314254e+01
 4.44001219e+01 1.21070478e+01
 4.56496231e+01 1.28644090e+01
 4.56496231e+01 1.28644090e+01
 4.56496231e+01 1.28644090e+01
 4.56496231e+01 1.28644090e+01
 4.56496231e+01 1.28644090e+01
 4.56496231e+01 1.28644090e+01
 4.56496231e+01 1.28644090e+01
 4.56496231e+01 1.28644090e+01
 4.56496231e+01 1.28644090e+01
 4.56496231e+01 1.28644090e+01
 4.56496231e+01 1.28644090e+01
 4.56496231e+01 1.28644090e+01
 4.56496231e+01 1.28644090e+01
 4.56496231e+01 1.28644090e+01
 4.56496231e+01 1.28644090e+01
 4.56496231e+01 1.28644090e+01
 4.56496231e+01 1.28644090e+01
 4.56496231e+01 1.28644090e+01
 4.56496231e+01 1.28644090e+01
 4.56496231e+01 1.28644090e+01
 4.56496231e+01 1.28644090e+01
 4.56496231e+01 1.28644090e+01
 4.56496231e+01 1.28644090e+01
 4.56496231e+01 1.28644090e+01
 4.56496231e+01 1.28644090e+01
 4.56496231e+01 1.28644090e+01
 4.56496231e+01 1.28644090e+01
 4.56496231e+01 1.28644090e+01
 4.56496231e+01 1.28644090e+01
 4.56496231e+01 1.28644090e+01
 4.56496231e+01 1.28644090e+01
