 0.00000000e+00 0.00000000e+00
 0.00000000e+00 0.00000000e+00
 0.00000000e+00 0.00000000e+00
 0.00000000e+00 0.00000000e+00
 0.00000000e+00 0.00000000e+00
 0.00000000e+00 0.00000000e+00
 0.00000000e+00 0.00000000e+00
 0.00000000e+00 0.00000000e+00
 0.00000000e+00 0.00000000e+00
 0.00000000e+00 0.00000000e+00
 0.00000000e+00 0.00000000e+00
 0.00000000e+00 0.00000000e+00
 1.88160135e-02 1.63802042e-01
 3.52004448e-02 3.68784167e-01
 3.70520693e-02 5.96815893e-01
 9.96073061e-03 8.29443347e-01
 -5.93580293e-02 1.05337553e+00
 -1.80950414e-01 1.26110397e+00
 -3.61680171e-01 1.44883541e+00
 -6.07068122e-01 1.61401854e+00
 -9.23474308e-01 1.75325895e+00
 -1.31921321e+00 1.86088840e+00
 -1.80429962e+00 1.92815061e+00
 -2.38935472e+00 1.94224340e+00
 -3.08412625e+00 1.88497886e+00
 -3.89566825e+00 1.73282655e+00
 -4.82627465e+00 1.46014774e+00
 -5.87174512e+00 1.04437700e+00
 -7.02059079e+00 4.70186099e-01
 -8.25421229e+00 -2.68370948e-01
 -9.54777276e+00 -1.16671416e+00
 -1.08715444e+01 -2.20908635e+00
 -1.21924299e+01 -3.36899143e+00
 -1.34754397e+01 -4.61121223e+00
 -1.46853452e+01 -5.89522064e+00
 -1.57887950e+01 -7.17937264e+00
 -1.67566361e+01 -8.42498372e+00
 -1.75658658e+01 -9.59930158e+00
 -1.82009429e+01 -1.06769407e+01
 -1.86544226e+01 -1.16400387e+01
 -1.89265150e+01 -1.24775197e+01
 -1.90230602e+01 -1.31836709e+01
 -1.89525277e+01 -1.37561698e+01
 -1.87237129e+01 -1.41937655e+01
 -1.83448668e+01 -1.44940343e+01
 -1.78234093e+01 -1.46517580e+01
 -1.71656043e+01 -1.46582327e+01
 -1.63766291e+01 -1.45016512e+01
 -1.54613775e+01 -1.41687117e+01
 -1.44256157e+01 -1.36470985e+01
 -1.32768395e+01 -1.29278622e+01
 -1.20243831e+01 -1.20071119e+01
 -1.06789569e+01 -1.08871342e+01
 -9.25240102e+00 -9.57686872e+00
 -7.75827496e+00 -8.09130413e+00
 -6.21291042e+00 -6.44978973e+00
 -4.63575600e+00 -4.67382907e+00
 -3.04820480e+00 -2.78479991e+00
 -1.47141018e+00 -8.01752610e-01
 7.55543012e-02 1.26029249e+00
 1.57633711e+00 3.39075594e+00
 3.01705997e+00 5.58222521e+00
 4.38607358e+00 7.82791441e+00
 5.67415437e+00 1.01184108e+01
 6.87458286e+00 1.24379226e+01
 7.98216761e+00 1.47606289e+01
 8.99121990e+00 1.70487496e+01
 9.89386072e+00 1.92540505e+01
 1.06801971e+01 2.13230323e+01
 1.13405015e+01 2.32042064e+01
 1.18680295e+01 2.48551105e+01
 1.22608755e+01 2.62472173e+01
 1.25220820e+01 2.73678354e+01
 1.26581915e+01 2.82189043e+01
 1.26771079e+01 2.88130858e+01
 1.25861766e+01 2.91678792e+01
 1.23907677e+01 2.92988989e+01
 1.20931705e+01 2.92140354e+01
 1.16919814e+01 2.89104140e+01
 1.11825637e+01 2.83751973e+01
 1.05585137e+01 2.75895859e+01
 9.81313199e+00 2.65341000e+01
 8.94021655e+00 2.51933883e+01
 7.93470346e+00 2.35598387e+01
 6.79398297e+00 2.16357586e+01
 5.51973614e+00 1.94336484e+01
 4.11939861e+00 1.69743475e+01
 2.60680772e+00 1.42842275e+01
 1.00239560e+00 1.13937459e+01
 -6.66652879e-01 8.33877689e+00
 -2.36638120e+00 5.16377679e+00
 -4.05645260e+00 1.92431480e+00
 -5.69095239e+00 -1.31296781e+00
 -7.21975768e+00 -4.47324837e+00
 -8.59122976e+00 -7.47839550e+00
 -9.75676142e+00 -1.02529977e+01
 -1.06762215e+01 -1.27309698e+01
 -1.13219620e+01 -1.48614564e+01
 -1.16793310e+01 -1.66119569e+01
 -1.17437312e+01 -1.79674873e+01
 -1.15167298e+01 -1.89267314e+01
 -1.10041198e+01 -1.94973481e+01
 -1.02162728e+01 -1.96920898e+01
 -9.16854416e+00 -1.95262520e+01
 -7.88014445e+00 -1.90163138e+01
 -6.37253093e+00 -1.81797682e+01
 -4.66945454e+00 -1.70365663e+01
 -2.79942030e+00 -1.56124313e+01
 -7.99057306e-01 -1.39431630e+01
 1.28555492e+00 -1.20777676e+01
 3.40213946e+00 -1.00779593e+01
 5.50034876e+00 -8.01250067e+00
 7.54217032e+00 -5.94644291e+00
 9.50987214e+00 -3.92792205e+00
 1.14068944e+01 -1.97861832e+00
 1.32507758e+01 -9.43520132e-02
 1.50624889e+01 1.74402879e+00
 1.68584647e+01 3.55719101e+00
 1.86482304e+01 5.35944131e+00
 2.04360267e+01 7.15796543e+00
 2.22233232e+01 8.95548582e+00
 2.40105187e+01 1.07527932e+01
 2.57976979e+01 1.25500650e+01
 2.75848749e+01 1.43473320e+01
 2.93720492e+01 1.61445961e+01
 3.11592000e+01 1.79418364e+01
 3.29461719e+01 1.97388969e+01
 3.47320797e+01 2.15348872e+01
 3.65130179e+01 2.33258800e+01
 3.82757122e+01 2.50985257e+01
 3.99856771e+01 2.68181444e+01
 4.15754873e+01 2.84169300e+01
 4.29491444e+01 2.97983423e+01
 4.40154940e+01 3.08707121e+01
 4.40154940e+01 3.08707121e+01
 4.40154940e+01 3.08707121e+01
 4.40154940e+01 3.08707121e+01
 4.40154940e+01 3.08707121e+01
 4.40154940e+01 3.08707121e+01
 4.40154940e+01 3.08707121e+01
 4.40154940e+01 3.08707121e+01
 4.40154940e+01 3.08707121e+01
 4.40154940e+01 3.08707121e+01
 4.40154940e+01 3.08707121e+01
 4.40154940e+01 3.08707121e+01
 4.40154940e+01 3.08707121e+01
 4.40154940e+01 3.08707121e+01
 4.40154940e+01 3.08707121e+01
 4.40154940e+01 3.08707121e+01
 4.40154940e+01 3.08707121e+01
 4.40154940e+01 3.08707121e+01
 4.40154940e+01 3.08707121e+01
 4.40154940e+01 3.08707121e+01
 4.40154940e+01 3.08707121e+01
 4.40154940e+01 3.08707121e+01
 4.40154940e+01 3.08707121e+01
 4.40154940e+01 3.08707121e+01
 4.40154940e+01 3.08707121e+01
 4.40154940e+01 3.08707121e+01
 4.40154940e+01 3.08707121e+01
