 0.00000000e+00 0.00000000e+00
 0.00000000e+00 0.00000000e+00
 0.00000000e+00 0.00000000e+00
 0.00000000e+00 0.00000000e+00
 0.00000000e+00 0.00000000e+00
 0.00000000e+00 0.00000000e+00
 0.00000000e+00 0.00000000e+00
 0.00000000e+00 0.00000000e+00
 -2.73683320e-06 -5.07514955e-05
 -2.42453823e-05 -3.06474108e-04
 -1.58180323e-04 -1.34725234e-03
 -8.22291913e-04 -4.81054644e-03
 -3.46157471e-03 -1.43855489e-02
 -1.19423403e-02 -3.68333806e-02
 -3.42410342e-02 -8.25505837e-02
 -8.30081374e-02 -1.65523976e-01
 -1.73688788e-01 -3.02883685e-01
 -3.21081244e-01 -5.14086346e-01
 -5.37094862e-01 -8.19539761e-01
 -8.30865548e-01 -1.23883943e+00
 -1.20925939e+00 -1.78911779e+00
 -1.67585589e+00 -2.48369279e+00
 -2.22935643e+00 -3.33098387e+00
 -2.86357538e+00 -4.33415647e+00
 -3.56954857e+00 -5.49222540e+00
 -4.33841183e+00 -6.80241404e+00
 -5.16330197e+00 -8.26227997e+00
 -6.03926766e+00 -9.87012410e+00
 -6.96140766e+00 -1.16235767e+01
 -7.92274749e+00 -1.35174741e+01
 -8.91369888e+00 -1.55421426e+01
 -9.92343787e+00 -1.76823260e+01
 -1.09414038e+01 -1.99162885e+01
 -1.19570412e+01 -2.22149781e+01
 -1.29583592e+01 -2.45421912e+01
 -1.39317835e+01 -2.68567455e+01
 -1.48644307e+01 -2.91161323e+01
 -1.57469513e+01 -3.12798355e+01
 -1.65742353e+01 -3.33111331e+01
 -1.73434315e+01 -3.51778424e+01
 -1.80511898e+01 -3.68532228e+01
 -1.86923380e+01 -3.83176018e+01
 -1.92607286e+01 -3.95600715e+01
 -1.97514244e+01 -4.05789798e+01
 -2.01627572e+01 -4.13805352e+01
 -2.04970954e+01 -4.19761719e+01
 -2.07600356e+01 -4.23799642e+01
 -2.09587251e+01 -4.26067627e+01
 -2.11004300e+01 -4.26707945e+01
 -2.11917211e+01 -4.25844316e+01
 -2.12372396e+01 -4.23573697e+01
 -2.12368743e+01 -4.19964759e+01
 -2.11825540e+01 -4.15062625e+01
 -2.10580405e+01 -4.08901041e+01
 -2.08432180e+01 -4.01521903e+01
 -2.05200828e+01 -3.92992188e+01
 -2.00766402e+01 -3.83405105e+01
 -1.95079173e+01 -3.72866010e+01
 -1.88155503e+01 -3.61478550e+01
 -1.80070045e+01 -3.49344320e+01
 -1.70946567e+01 -3.36574888e+01
 -1.60948090e+01 -3.23304854e+01
 -1.50264651e+01 -3.09696776e+01
 -1.39096359e+01 -2.95938382e+01
 -1.27636180e+01 -2.82237833e+01
 -1.16060934e+01 -2.68818170e+01
 -1.04530469e+01 -2.55905221e+01
 -9.31855545e+00 -2.43705842e+01
 -8.21388153e+00 -2.32382882e+01
 -7.14631488e+00 -2.22038070e+01
 -6.11853851e+00 -2.12709322e+01
 -5.12884161e+00 -2.04379623e+01
 -4.17184472e+00 -1.96988557e+01
 -3.23933116e+00 -1.90441448e+01
 -2.32160696e+00 -1.84621162e+01
 -1.41021446e+00 -1.79409708e+01
 -5.01532902e-01 -1.74716036e+01
 4.00748304e-01 -1.70496818e+01
 1.28584348e+00 -1.66760390e+01
 2.13837971e+00 -1.63554996e+01
 2.94160271e+00 -1.60948898e+01
 3.68000480e+00 -1.59009548e+01
 4.34105746e+00 -1.57788534e+01
 4.91632657e+00 -1.57319549e+01
 5.40213100e+00 -1.57629008e+01
 5.79949694e+00 -1.58744329e+01
 6.11320399e+00 -1.60685190e+01
 6.35036038e+00 -1.63444767e+01
 6.51949350e+00 -1.66981897e+01
 6.63071714e+00 -1.71231254e+01
 6.69613052e+00 -1.76118717e+01
 6.72879814e+00 -1.81568073e+01
 6.74000394e+00 -1.87498818e+01
 6.73674080e+00 -1.93825503e+01
 6.72159979e+00 -2.00467673e+01
 6.69467902e+00 -2.07366922e+01
 6.65475949e+00 -2.14496753e+01
 6.59805051e+00 -2.21855440e+01
 6.51612338e+00 -2.29448459e+01
 6.39532345e+00 -2.37276316e+01
 6.21721991e+00 -2.45336240e+01
 5.95864861e+00 -2.53631348e+01
 5.59217685e+00 -2.62174516e+01
 5.08878574e+00 -2.70981453e+01
 4.42246500e+00 -2.80058839e+01
 3.57468402e+00 -2.89396517e+01
 2.53724672e+00 -2.98966708e+01
 1.31324860e+00 -3.08726264e+01
 -8.34507570e-02 -3.18616005e+01
 -1.62929789e+00 -3.28554527e+01
 -3.29161834e+00 -3.38429633e+01
 -5.02865872e+00 -3.48094053e+01
 -6.79037029e+00 -3.57370838e+01
 -8.52128975e+00 -3.66068446e+01
 -1.01655934e+01 -3.73999948e+01
 -1.16729262e+01 -3.80999371e+01
 -1.30030325e+01 -3.86930759e+01
 -1.41278320e+01 -3.91688196e+01
 -1.50309498e+01 -3.95189125e+01
 -1.57060599e+01 -3.97370058e+01
 -1.61559108e+01 -3.98196213e+01
 -1.63932927e+01 -3.97689444e+01
 -1.64437878e+01 -3.95967162e+01
 -1.63480170e+01 -3.93272173e+01
 -1.61590181e+01 -3.89960987e+01
 -1.59317307e+01 -3.86426153e+01
 -1.57082936e+01 -3.82977606e+01
 -1.55088593e+01 -3.79760719e+01
 -1.53341461e+01 -3.76768660e+01
 -1.51757287e+01 -3.73922717e+01
 -1.50251650e+01 -3.71146960e+01
 -1.48774791e+01 -3.68396925e+01
 -1.47306073e+01 -3.65654175e+01
 -1.45839145e+01 -3.62913027e+01
 -1.44372523e+01 -3.60172155e+01
 -1.42905942e+01 -3.57431319e+01
 -1.41439367e+01 -3.54690491e+01
 -1.39972812e+01 -3.51949700e+01
 -1.38506404e+01 -3.49209182e+01
 -1.37040869e+01 -3.46470297e+01
 -1.35579412e+01 -3.43739033e+01
 -1.34132926e+01 -3.41035749e+01
 -1.32729711e+01 -3.38413330e+01
 -1.31425095e+01 -3.35975182e+01
 -1.30297858e+01 -3.33868528e+01
 -1.29422800e+01 -3.32233164e+01
 -1.29422800e+01 -3.32233164e+01
 -1.29422800e+01 -3.32233164e+01
 -1.29422800e+01 -3.32233164e+01
 -1.29422800e+01 -3.32233164e+01
 -1.29422800e+01 -3.32233164e+01
 -1.29422800e+01 -3.32233164e+01
 -1.29422800e+01 -3.32233164e+01
 -1.29422800e+01 -3.32233164e+01
 -1.29422800e+01 -3.32233164e+01
 -1.29422800e+01 -3.32233164e+01
 -1.29422800e+01 -3.32233164e+01
 -1.29422800e+01 -3.32233164e+01
 -1.29422800e+01 -3.32233164e+01
 -1.29422800e+01 -3.32233164e+01
 -1.29422800e+01 -3.32233164e+01
 -1.29422800e+01 -3.32233164e+01
 -1.29422800e+01 -3.32233164e+01
 -1.29422800e+01 -3.32233164e+01
 -1.29422800e+01 -3.32233164e+01
 -1.29422800e+01 -3.32233164e+01
 -1.29422800e+01 -3.32233164e+01
 -1.29422800e+01 -3.32233164e+01
 -1.29422800e+01 -3.32233164e+01
 -1.29422800e+01 -3.32233164e+01
 -1.29422800e+01 -3.32233164e+01
 -1.29422800e+01 -3.32233164e+01
 -1.29422800e+01 -3.32233164e+01
 -1.29422800e+01 -3.32233164e+01
