 0.00000000e+00 0.00000000e+00
 0.00000000e+00 0.00000000e+00
 0.00000000e+00 0.00000000e+00
 0.00000000e+00 0.00000000e+00
 0.00000000e+00 0.00000000e+00
 0.00000000e+00 0.00000000e+00
 0.00000000e+00 0.00000000e+00
 0.00000000e+00 0.00000000e+00
 0.00000000e+00 0.00000000e+00
 0.00000000e+00 0.00000000e+00
 0.00000000e+00 0.00000000e+00
 -1.32311711e-01 1.94412002e-01
 -3.14084929e-01 4.44546871e-01
 -5.42009163e-01 7.32558648e-01
 -8.11139902e-01 1.03871097e+00
 -1.11817019e+00 1.34761469e+00
 -1.46251034e+00 1.64921966e+00
 -1.84599044e+00 1.93661113e+00
 -2.27219603e+00 2.20347906e+00
 -2.74578074e+00 2.44251078e+00
 -3.27195640e+00 2.64480211e+00
 -3.85631226e+00 2.80013229e+00
 -4.50471396e+00 2.89769668e+00
 -5.22283457e+00 2.92643931e+00
 -6.01526448e+00 2.87448510e+00
 -6.88463971e+00 2.72856767e+00
 -7.83118735e+00 2.47482644e+00
 -8.85261571e+00 2.10082921e+00
 -9.94401092e+00 1.59740232e+00
 -1.10975584e+01 9.59646413e-01
 -1.23020534e+01 1.87769401e-01
 -1.35421363e+01 -7.11751228e-01
 -1.47974362e+01 -1.72502738e+00
 -1.60422530e+01 -2.83036140e+00
 -1.72462927e+01 -3.99900823e+00
 -1.83763304e+01 -5.19696242e+00
 -1.93982776e+01 -6.38733973e+00
 -2.02792800e+01 -7.53306607e+00
 -2.09899979e+01 -8.59970298e+00
 -2.15073470e+01 -9.55796779e+00
 -2.18168054e+01 -1.03851993e+01
 -2.19124327e+01 -1.10651693e+01
 -2.17945298e+01 -1.15862847e+01
 -2.14673832e+01 -1.19389738e+01
 -2.09386033e+01 -1.21133516e+01
 -2.02187732e+01 -1.20979703e+01
 -1.93200403e+01 -1.18800023e+01
 -1.82543201e+01 -1.14468819e+01
 -1.70325857e+01 -1.07889989e+01
 -1.56658655e+01 -9.90253446e+00
 -1.41673577e+01 -8.79150268e+00
 -1.25543469e+01 -7.46853497e+00
 -1.08488467e+01 -5.95431035e+00
 -9.07688881e+00 -4.27554306e+00
 -7.26715277e+00 -2.46157283e+00
 -5.44952639e+00 -5.40229034e-01
 -3.65355983e+00 1.46579851e+00
 -1.90648929e+00 3.54112824e+00
 -2.30853834e-01 5.67823440e+00
 1.35770657e+00 7.87657806e+00
 2.85163758e+00 1.01403683e+01
 4.25111435e+00 1.24749211e+01
 5.56221957e+00 1.48819357e+01
 6.79405840e+00 1.73546823e+01
 7.95515791e+00 1.98745149e+01
 9.04970441e+00 2.24096564e+01
 1.00748236e+01 2.49161832e+01
 1.10201543e+01 2.73407315e+01
 1.18697711e+01 2.96248576e+01
 1.26052069e+01 3.17110761e+01
 1.32081551e+01 3.35496342e+01
 1.36621169e+01 3.51038790e+01
 1.39529810e+01 3.63519350e+01
 1.40691394e+01 3.72839601e+01
 1.40020419e+01 3.78967411e+01
 1.37473683e+01 3.81889207e+01
 1.33057433e+01 3.81591383e+01
 1.26821076e+01 3.78065433e+01
 1.18844420e+01 3.71312705e+01
 1.09229601e+01 3.61335810e+01
 9.80964947e+00 3.48131446e+01
 8.55752971e+00 3.31708073e+01
 7.17989621e+00 3.12128150e+01
 5.69022561e+00 2.89546330e+01
 4.10264031e+00 2.64215714e+01
 2.43243216e+00 2.36462267e+01
 6.96785483e-01 2.06652232e+01
 -1.08365786e+00 1.75178460e+01
 -2.88225354e+00 1.42473922e+01
 -4.66384477e+00 1.09040268e+01
 -6.38407819e+00 7.54678503e+00
 -7.99173388e+00 4.24263890e+00
 -9.43355389e+00 1.06212379e+00
 -1.06598901e+01 -1.92703304e+00
 -1.16297304e+01 -4.66580278e+00
 -1.23143259e+01 -7.10736832e+00
 -1.26986529e+01 -9.21800443e+00
 -1.27799283e+01 -1.09762870e+01
 -1.25636653e+01 -1.23714087e+01
 -1.20594887e+01 -1.34004768e+01
 -1.12787577e+01 -1.40646852e+01
 -1.02341781e+01 -1.43656682e+01
 -8.94062476e+00 -1.43044787e+01
 -7.41680487e+00 -1.38845358e+01
 -5.68755832e+00 -1.31174507e+01
 -3.78633633e+00 -1.20298334e+01
 -1.75727703e+00 -1.06699070e+01
 3.44711895e-01 -9.11121028e+00
 2.45934792e+00 -7.44684001e+00
 4.53388825e+00 -5.76944270e+00
 6.53815698e+00 -4.14443842e+00
 8.47045720e+00 -2.59493184e+00
 1.03491228e+01 -1.10934383e+00
 1.21971818e+01 3.37253521e-01
 1.40316420e+01 1.76580778e+00
 1.58613696e+01 3.18791048e+00
 1.76898046e+01 4.60821747e+00
 1.95179627e+01 6.02813422e+00
 2.13460742e+01 7.44798468e+00
 2.31741794e+01 8.86782618e+00
 2.50022814e+01 1.02876648e+01
 2.68303593e+01 1.17074847e+01
 2.86582542e+01 1.31271624e+01
 3.04850606e+01 1.45459948e+01
 3.23067838e+01 1.59608791e+01
 3.41098450e+01 1.73612692e+01
 3.58589695e+01 1.87197680e+01
 3.74851875e+01 1.99828087e+01
 3.88903024e+01 2.10741243e+01
 3.99810722e+01 2.19212965e+01
 3.99810722e+01 2.19212965e+01
 3.99810722e+01 2.19212965e+01
 3.99810722e+01 2.19212965e+01
 3.99810722e+01 2.19212965e+01
 3.99810722e+01 2.19212965e+01
 3.99810722e+01 2.19212965e+01
 3.99810722e+01 2.19212965e+01
 3.99810722e+01 2.19212965e+01
 3.99810722e+01 2.19212965e+01
 3.99810722e+01 2.19212965e+01
 3.99810722e+01 2.19212965e+01
 3.99810722e+01 2.19212965e+01
 3.99810722e+01 2.19212965e+01
 3.99810722e+01 2.19212965e+01
 3.99810722e+01 2.19212965e+01
 3.99810722e+01 2.19212965e+01
 3.99810722e+01 2.19212965e+01
 3.99810722e+01 2.19212965e+01
 3.99810722e+01 2.19212965e+01
 3.99810722e+01 2.19212965e+01
 3.99810722e+01 2.19212965e+01
 3.99810722e+01 2.19212965e+01
 3.99810722e+01 2.19212965e+01
 3.99810722e+01 2.19212965e+01
 3.99810722e+01 2.19212965e+01
 3.99810722e+01 2.19212965e+01
 3.99810722e+01 2.19212965e+01
 3.99810722e+01 2.19212965e+01
 3.99810722e+01 2.19212965e+01
 3.99810722e+01 2.19212965e+01
