 0.00000000e+00 0.00000000e+00
 0.00000000e+00 0.00000000e+00
 0.00000000e+00 0.00000000e+00
 0.00000000e+00 0.00000000e+00
 0.00000000e+00 0.00000000e+00
 0.00000000e+00 0.00000000e+00
 0.00000000e+00 0.00000000e+00
 0.00000000e+00 0.00000000e+00
 0.00000000e+00 0.00000000e+00
 0.00000000e+00 0.00000000e+00
 -1.45355455e-01 2.43598072e-01
 -3.63578727e-01 5.39922144e-01
 -6.60638263e-01 8.55500546e-01
 -1.03685494e+00 1.15753935e+00
 -1.48988419e+00 1.42344848e+00
 -2.01669617e+00 1.64199383e+00
 -2.61378027e+00 1.81034240e+00
 -3.27623343e+00 1.93101277e+00
 -3.99698200e+00 2.00887158e+00
 -4.76729493e+00 2.04756854e+00
 -5.57866495e+00 2.04700171e+00
 -6.42486176e+00 2.00367134e+00
 -7.30293035e+00 1.91279021e+00
 -8.21300434e+00 1.76905698e+00
 -9.15763911e+00 1.56502947e+00
 -1.01411964e+01 1.28924053e+00
 -1.11691126e+01 9.26514833e-01
 -1.22465505e+01 4.60562970e-01
 -1.33763779e+01 -1.22900288e-01
 -1.45571649e+01 -8.33899930e-01
 -1.57819553e+01 -1.67688795e+00
 -1.70377673e+01 -2.64984076e+00
 -1.83051343e+01 -3.74348962e+00
 -1.95574123e+01 -4.94088817e+00
 -2.07606237e+01 -6.21772570e+00
 -2.18750610e+01 -7.54361956e+00
 -2.28590464e+01 -8.88430700e+00
 -2.36738158e+01 -1.02043724e+01
 -2.42878791e+01 -1.14698587e+01
 -2.46798420e+01 -1.26500891e+01
 -2.48396537e+01 -1.37185461e+01
 -2.47686224e+01 -1.46531825e+01
 -2.44782460e+01 -1.54363790e+01
 -2.39877303e+01 -1.60543360e+01
 -2.33205886e+01 -1.64958774e+01
 -2.25013125e+01 -1.67513521e+01
 -2.15529026e+01 -1.68125377e+01
 -2.04953647e+01 -1.66737033e+01
 -1.93450458e+01 -1.63330130e+01
 -1.81149535e+01 -1.57933022e+01
 -1.68161663e+01 -1.50619446e+01
 -1.54597488e+01 -1.41501965e+01
 -1.40579601e+01 -1.30723602e+01
 -1.26239064e+01 -1.18445495e+01
 -1.11699626e+01 -1.04826053e+01
 -9.70616034e+00 -8.99929652e+00
 -8.23951413e+00 -7.40165646e+00
 -6.77427345e+00 -5.68932044e+00
 -5.31233386e+00 -3.85420322e+00
 -3.85316356e+00 -1.88144669e+00
 -2.39347077e+00 2.48423292e-01
 -9.27616812e-01 2.55590692e+00
 5.50486563e-01 5.05723160e+00
 2.04436749e+00 7.75778800e+00
 3.55187933e+00 1.06459047e+01
 5.06276587e+00 1.36889380e+01
 6.55742207e+00 1.68327109e+01
 8.00720604e+00 2.00041595e+01
 9.37627531e+00 2.31167695e+01
 1.06246461e+01 2.60786121e+01
 1.17121886e+01 2.88023278e+01
 1.26031056e+01 3.12150704e+01
 1.32699458e+01 3.32654557e+01
 1.36959406e+01 3.49253873e+01
 1.38752570e+01 3.61869660e+01
 1.38122603e+01 3.70565421e+01
 1.35208394e+01 3.75482089e+01
 1.30229281e+01 3.76783568e+01
 1.23449707e+01 3.74621027e+01
 1.15133386e+01 3.69115446e+01
 1.05508722e+01 3.60351325e+01
 9.47516421e+00 3.48374618e+01
 8.29774099e+00 3.33194630e+01
 7.02364864e+00 3.14796448e+01
 5.65180609e+00 2.93169839e+01
 4.17667794e+00 2.68350003e+01
 2.59145998e+00 2.40454070e+01
 8.92358962e-01 2.09699012e+01
 -9.17073418e-01 1.76402839e+01
 -2.82261380e+00 1.40984478e+01
 -4.79736537e+00 1.03973470e+01
 -6.80094652e+00 6.60233432e+00
 -8.78036594e+00 2.79089683e+00
 -1.06736818e+01 -9.50896366e-01
 -1.24165953e+01 -4.53508453e+00
 -1.39501659e+01 -7.87957032e+00
 -1.52268558e+01 -1.09143131e+01
 -1.62130863e+01 -1.35842440e+01
 -1.68885345e+01 -1.58489140e+01
 -1.72438685e+01 -1.76804881e+01
 -1.72784019e+01 -1.90619018e+01
 -1.69978538e+01 -1.99857314e+01
 -1.64118429e+01 -2.04533142e+01
 -1.55314463e+01 -2.04738104e+01
 -1.43678439e+01 -2.00632847e+01
 -1.29329059e+01 -1.92440358e+01
 -1.12419469e+01 -1.80447680e+01
 -9.31800234e+00 -1.65024080e+01
 -7.19611703e+00 -1.46656428e+01
 -4.92590169e+00 -1.25988119e+01
 -2.57044462e+00 -1.03828142e+01
 -1.98812508e-01 -8.10785074e+00
 2.12903710e+00 -5.85539956e+00
 4.37889119e+00 -3.67672488e+00
 6.54857079e+00 -1.58322531e+00
 8.65837646e+00 4.43466912e-01
 1.07339534e+01 2.43092605e+00
 1.27942956e+01 4.40062653e+00
 1.48493272e+01 6.36406543e+00
 1.69029062e+01 8.32577775e+00
 1.89561735e+01 1.02871173e+01
 2.10093883e+01 1.22483938e+01
 2.30625959e+01 1.42096618e+01
 2.51158001e+01 1.61709262e+01
 2.71689771e+01 1.81321647e+01
 2.92219486e+01 2.00932070e+01
 3.12736976e+01 2.20530814e+01
 3.33197374e+01 2.40075023e+01
 3.53448174e+01 2.59419019e+01
 3.73093191e+01 2.78184359e+01
 3.91357804e+01 2.95631107e+01
 4.07139132e+01 3.10705768e+01
 4.19389942e+01 3.22408003e+01
 4.19389942e+01 3.22408003e+01
 4.19389942e+01 3.22408003e+01
 4.19389942e+01 3.22408003e+01
 4.19389942e+01 3.22408003e+01
 4.19389942e+01 3.22408003e+01
 4.19389942e+01 3.22408003e+01
 4.19389942e+01 3.22408003e+01
 4.19389942e+01 3.22408003e+01
 4.19389942e+01 3.22408003e+01
 4.19389942e+01 3.22408003e+01
 4.19389942e+01 3.22408003e+01
 4.19389942e+01 3.22408003e+01
 4.19389942e+01 3.22408003e+01
 4.19389942e+01 3.22408003e+01
 4.19389942e+01 3.22408003e+01
 4.19389942e+01 3.22408003e+01
 4.19389942e+01 3.22408003e+01
 4.19389942e+01 3.22408003e+01
 4.19389942e+01 3.22408003e+01
 4.19389942e+01 3.22408003e+01
 4.19389942e+01 3.22408003e+01
 4.19389942e+01 3.22408003e+01
 4.19389942e+01 3.22408003e+01
 4.19389942e+01 3.22408003e+01
 4.19389942e+01 3.22408003e+01
 4.19389942e+01 3.22408003e+01
 4.19389942e+01 3.22408003e+01
