 0.00000000e+00 0.00000000e+00
 0.00000000e+00 0.00000000e+00
 0.00000000e+00 0.00000000e+00
 0.00000000e+00 0.00000000e+00
 0.00000000e+00 0.00000000e+00
 0.00000000e+00 0.00000000e+00
 0.00000000e+00 0.00000000e+00
 0.00000000e+00 0.00000000e+00
 0.00000000e+00 0.00000000e+00
 0.00000000e+00 0.00000000e+00
 0.00000000e+00 0.00000000e+00
 -5.94116910e-02 2.92360187e-01
 -1.72922081e-01 6.69714356e-01
 -3.59147157e-01 1.10625843e+00
 -6.28184071e-01 1.57286316e+00
 -9.81006993e-01 2.04566998e+00
 -1.41492229e+00 2.50716633e+00
 -1.92974515e+00 2.94315698e+00
 -2.52958664e+00 3.34008242e+00
 -3.22016060e+00 3.68445528e+00
 -4.00513694e+00 3.96396137e+00
 -4.88438148e+00 4.16897969e+00
 -5.85409307e+00 4.29322746e+00
 -6.90722643e+00 4.33269432e+00
 -8.03335330e+00 4.28329614e+00
 -9.21865668e+00 4.13896950e+00
 -1.04469493e+01 3.89155420e+00
 -1.17014523e+01 3.53212955e+00
 -1.29662238e+01 3.05270804e+00
 -1.42265099e+01 2.44774181e+00
 -1.54682854e+01 1.71530272e+00
 -1.66777529e+01 8.57778642e-01
 -1.78411314e+01 -1.17731744e-01
 -1.89442934e+01 -1.19871772e+00
 -1.99718095e+01 -2.36615471e+00
 -2.09059190e+01 -3.59407127e+00
 -2.17266956e+01 -4.85093691e+00
 -2.24141047e+01 -6.10252277e+00
 -2.29512137e+01 -7.31472878e+00
 -2.33269732e+01 -8.45551190e+00
 -2.35373815e+01 -9.49622937e+00
 -2.35849049e+01 -1.04127057e+01
 -2.34770035e+01 -1.11855782e+01
 -2.32248354e+01 -1.17994397e+01
 -2.28422751e+01 -1.22411879e+01
 -2.23444067e+01 -1.24987473e+01
 -2.17453051e+01 -1.25610833e+01
 -2.10562709e+01 -1.24194312e+01
 -2.02854383e+01 -1.20688649e+01
 -1.94382735e+01 -1.15093424e+01
 -1.85181826e+01 -1.07458956e+01
 -1.75273358e+01 -9.78807144e+00
 -1.64680903e+01 -8.64880962e+00
 -1.53445102e+01 -7.34273961e+00
 -1.41628071e+01 -5.88373055e+00
 -1.29301623e+01 -4.28188858e+00
 -1.16526777e+01 -2.54089068e+00
 -1.03337083e+01 -6.56768603e-01
 -8.97306972e+00 1.38128677e+00
 -7.56659493e+00 3.58828494e+00
 -6.10552173e+00 5.97958087e+00
 -4.57623334e+00 8.56659523e+00
 -2.96149836e+00 1.13529998e+01
 -1.24375358e+00 1.43320518e+01
 5.90009313e-01 1.74850638e+01
 2.54265406e+00 2.07804539e+01
 4.60172066e+00 2.41730727e+01
 6.73606720e+00 2.76040879e+01
 8.89561400e+00 3.10019930e+01
 1.10145572e+01 3.42854164e+01
 1.30173219e+01 3.73684099e+01
 1.48259802e+01 4.01681267e+01
 1.63678418e+01 4.26129812e+01
 1.75819339e+01 4.46479765e+01
 1.84231678e+01 4.62350821e+01
 1.88637557e+01 4.73502716e+01
 1.88928131e+01 4.79814514e+01
 1.85156608e+01 4.81295270e+01
 1.77532828e+01 4.78100239e+01
 1.66408885e+01 4.70508512e+01
 1.52244934e+01 4.58855587e+01
 1.35560835e+01 4.43464666e+01
 1.16892354e+01 4.24623954e+01
 9.67629084e+00 4.02610574e+01
 7.56633280e+00 3.77719322e+01
 5.40276340e+00 3.50262865e+01
 3.22084873e+00 3.20553591e+01
 1.04704624e+00 2.88901577e+01
 -1.09869516e+00 2.55643533e+01
 -3.19835091e+00 2.21183707e+01
 -5.23077346e+00 1.86018852e+01
 -7.16794668e+00 1.50737809e+01
 -8.97374367e+00 1.16003124e+01
 -1.06057262e+01 8.25192113e+00
 -1.20198162e+01 5.09831832e+00
 -1.31766382e+01 2.20219268e+00
 -1.40470701e+01 -3.86342804e-01
 -1.46145545e+01 -2.63216460e+00
 -1.48740832e+01 -4.51392469e+00
 -1.48301994e+01 -6.02081955e+00
 -1.44956771e+01 -7.14928727e+00
 -1.38899236e+01 -7.90060010e+00
 -1.30358420e+01 -8.27960053e+00
 -1.19562255e+01 -8.29467782e+00
 -1.06718351e+01 -7.95875326e+00
 -9.20175018e+00 -7.29051934e+00
 -7.56501190e+00 -6.31524416e+00
 -5.78265822e+00 -5.06516897e+00
 -3.87986031e+00 -3.57995018e+00
 -1.88774790e+00 -1.90722381e+00
 1.56070634e-01 -1.02595944e-01
 2.20972362e+00 1.77259029e+00
 4.23326833e+00 3.65795719e+00
 6.19799265e+00 5.50547188e+00
 8.09401825e+00 7.29030632e+00
 9.93019788e+00 9.01298983e+00
 1.17256374e+01 1.06903591e+01
 1.34991351e+01 1.23422588e+01
 1.52632610e+01 1.39829599e+01
 1.70242151e+01 1.56197918e+01
 1.87843203e+01 1.72555722e+01
 2.05442462e+01 1.88911281e+01
 2.23041423e+01 2.05266463e+01
 2.40640344e+01 2.21621593e+01
 2.58239236e+01 2.37976696e+01
 2.75837896e+01 2.54331583e+01
 2.93434795e+01 2.70684833e+01
 3.11021216e+01 2.87028345e+01
 3.28558699e+01 3.03326379e+01
 3.45916528e+01 3.19457455e+01
 3.62755114e+01 3.35105986e+01
 3.78410496e+01 3.49654935e+01
 3.91937349e+01 3.62225786e+01
 4.02438043e+01 3.71984351e+01
 4.02438043e+01 3.71984351e+01
 4.02438043e+01 3.71984351e+01
 4.02438043e+01 3.71984351e+01
 4.02438043e+01 3.71984351e+01
 4.02438043e+01 3.71984351e+01
 4.02438043e+01 3.71984351e+01
 4.02438043e+01 3.71984351e+01
 4.02438043e+01 3.71984351e+01
 4.02438043e+01 3.71984351e+01
 4.02438043e+01 3.71984351e+01
 4.02438043e+01 3.71984351e+01
 4.02438043e+01 3.71984351e+01
 4.02438043e+01 3.71984351e+01
 4.02438043e+01 3.71984351e+01
 4.02438043e+01 3.71984351e+01
 4.02438043e+01 3.71984351e+01
 4.02438043e+01 3.71984351e+01
 4.02438043e+01 3.71984351e+01
 4.02438043e+01 3.71984351e+01
 4.02438043e+01 3.71984351e+01
 4.02438043e+01 3.71984351e+01
 4.02438043e+01 3.71984351e+01
 4.02438043e+01 3.71984351e+01
 4.02438043e+01 3.71984351e+01
 4.02438043e+01 3.71984351e+01
 4.02438043e+01 3.71984351e+01
