 0.00000000e+00 0.00000000e+00
 0.00000000e+00 0.00000000e+00
 0.00000000e+00 0.00000000e+00
 0.00000000e+00 0.00000000e+00
 0.00000000e+00 0.00000000e+00
 0.00000000e+00 0.00000000e+00
 0.00000000e+00 0.00000000e+00
 0.00000000e+00 0.00000000e+00
 4.26952157e-02 1.48689441e-01
 5.55333586e-02 3.41173976e-01
 7.51119900e-03 5.65121034e-01
 -1.22768293e-01 8.06644598e-01
 -3.40433510e-01 1.05390167e+00
 -6.38795869e-01 1.29672066e+00
 -1.01049707e+00 1.52458447e+00
 -1.45603165e+00 1.72517978e+00
 -1.98409404e+00 1.88376054e+00
 -2.60604371e+00 1.98301701e+00
 -3.33032713e+00 2.00406416e+00
 -4.15997819e+00 1.92933480e+00
 -5.09250588e+00 1.74645164e+00
 -6.12055105e+00 1.45055587e+00
 -7.23265471e+00 1.04372100e+00
 -8.41411050e+00 5.32857786e-01
 -9.64791538e+00 -7.17609590e-02
 -1.09158723e+01 -7.57127145e-01
 -1.21998672e+01 -1.50848223e+00
 -1.34831664e+01 -2.31115278e+00
 -1.47515286e+01 -3.15249057e+00
 -1.59939303e+01 -4.02313043e+00
 -1.72026212e+01 -4.91742112e+00
 -1.83722632e+01 -5.83300592e+00
 -1.94981821e+01 -6.76931571e+00
 -2.05741764e+01 -7.72511666e+00
 -2.15906456e+01 -8.69614611e+00
 -2.25336407e+01 -9.67419184e+00
 -2.33849441e+01 -1.06480784e+01
 -2.41231138e+01 -1.16056207e+01
 -2.47255282e+01 -1.25350649e+01
 -2.51712444e+01 -1.34253559e+01
 -2.54439406e+01 -1.42658062e+01
 -2.55340350e+01 -1.50460913e+01
 -2.54394807e+01 -1.57567333e+01
 -2.51653281e+01 -1.63892608e+01
 -2.47223759e+01 -1.69351901e+01
 -2.41250767e+01 -1.73840324e+01
 -2.33888461e+01 -1.77216090e+01
 -2.25273962e+01 -1.79299306e+01
 -2.15511927e+01 -1.79888791e+01
 -2.04677720e+01 -1.78789919e+01
 -1.92835299e+01 -1.75844157e+01
 -1.80057658e+01 -1.70953042e+01
 -1.66439492e+01 -1.64092036e+01
 -1.52099317e+01 -1.55312548e+01
 -1.37174267e+01 -1.44732561e+01
 -1.21812116e+01 -1.32516955e+01
 -1.06161746e+01 -1.18849357e+01
 -9.03602577e+00 -1.03899874e+01
 -7.45183514e+00 -8.77955760e+00
 -5.87119362e+00 -7.06002769e+00
 -4.29848679e+00 -5.23069786e+00
 -2.73551350e+00 -3.28425267e+00
 -1.18125102e+00 -1.20836215e+00
 3.69051608e-01 1.01139042e+00
 1.92381938e+00 3.38710933e+00
 3.49301506e+00 5.92326492e+00
 5.08444127e+00 8.61162278e+00
 6.69963085e+00 1.14273923e+01
 8.33006286e+00 1.43269794e+01
 9.95442870e+00 1.72478783e+01
 1.15381567e+01 2.01120316e+01
 1.30362113e+01 2.28337243e+01
 1.43988688e+01 2.53308812e+01
 1.55786940e+01 2.75362819e+01
 1.65366214e+01 2.94050382e+01
 1.72459295e+01 3.09167475e+01
 1.76938585e+01 3.20729782e+01
 1.78809755e+01 3.28914568e+01
 1.78185148e+01 3.33979000e+01
 1.75242201e+01 3.36167980e+01
 1.70177679e+01 3.35638657e+01
 1.63173101e+01 3.32428596e+01
 1.54382760e+01 3.26469962e+01
 1.43942471e+01 3.17630219e+01
 1.31986901e+01 3.05760802e+01
 1.18664130e+01 2.90745897e+01
 1.04142276e+01 2.72548366e+01
 8.86094350e+00 2.51248991e+01
 7.22729906e+00 2.27071467e+01
 5.53622445e+00 2.00383972e+01
 3.81317056e+00 1.71675742e+01
 2.08622303e+00 1.41520141e+01
 3.86219705e-01 1.10540744e+01
 -1.25298770e+00 7.93880664e+00
 -2.79455283e+00 4.87213846e+00
 -4.19962296e+00 1.91846122e+00
 -5.42967481e+00 -8.62942639e-01
 -6.44975137e+00 -3.42204061e+00
 -7.23134692e+00 -5.72123777e+00
 -7.75382893e+00 -7.73614061e+00
 -8.00435381e+00 -9.45349531e+00
 -7.97702895e+00 -1.08672318e+01
 -7.67183776e+00 -1.19743316e+01
 -7.09334282e+00 -1.27721917e+01
 -6.24952527e+00 -1.32584126e+01
 -5.15171354e+00 -1.34328429e+01
 -3.81593489e+00 -1.33007931e+01
 -2.26475048e+00 -1.28760787e+01
 -5.28478348e-01 -1.21829002e+01
 1.35456839e+00 -1.12561500e+01
 3.33900075e+00 -1.01403427e+01
 5.37493737e+00 -8.88767118e+00
 7.41295330e+00 -7.55491997e+00
 9.41162477e+00 -6.19757320e+00
 1.13458218e+01 -4.86037200e+00
 1.32110872e+01 -3.56812569e+00
 1.50200814e+01 -2.32360364e+00
 1.67927302e+01 -1.11489839e+00
 1.85466413e+01 7.33652397e-02
 2.02928363e+01 1.25255926e+00
 2.20364983e+01 2.42860161e+00
 2.37794991e+01 3.60378427e+00
 2.55223633e+01 4.77878282e+00
 2.72652051e+01 5.95375043e+00
 2.90080438e+01 7.12871384e+00
 3.07508799e+01 8.30367523e+00
 3.24936929e+01 9.47862109e+00
 3.42363315e+01 1.06534494e+01
 3.59779324e+01 1.18275780e+01
 3.77146871e+01 1.29984396e+01
 3.94336504e+01 1.41573067e+01
 4.11011925e+01 1.52815075e+01
 4.26515608e+01 1.63267135e+01
 4.39911387e+01 1.72298118e+01
 4.50310330e+01 1.79308736e+01
 4.50310330e+01 1.79308736e+01
 4.50310330e+01 1.79308736e+01
 4.50310330e+01 1.79308736e+01
 4.50310330e+01 1.79308736e+01
 4.50310330e+01 1.79308736e+01
 4.50310330e+01 1.79308736e+01
 4.50310330e+01 1.79308736e+01
 4.50310330e+01 1.79308736e+01
 4.50310330e+01 1.79308736e+01
 4.50310330e+01 1.79308736e+01
 4.50310330e+01 1.79308736e+01
 4.50310330e+01 1.79308736e+01
 4.50310330e+01 1.79308736e+01
 4.50310330e+01 1.79308736e+01
 4.50310330e+01 1.79308736e+01
 4.50310330e+01 1.79308736e+01
 4.50310330e+01 1.79308736e+01
 4.50310330e+01 1.79308736e+01
 4.50310330e+01 1.79308736e+01
 4.50310330e+01 1.79308736e+01
 4.50310330e+01 1.79308736e+01
 4.50310330e+01 1.79308736e+01
 4.50310330e+01 1.79308736e+01
 4.50310330e+01 1.79308736e+01
 4.50310330e+01 1.79308736e+01
