 0.00000000e+00 0.00000000e+00
 0.00000000e+00 0.00000000e+00
 0.00000000e+00 0.00000000e+00
 0.00000000e+00 0.00000000e+00
 5.17378177e-02 9.32649883e-02
 9.85293106e-02 2.16477976e-01
 1.26345159e-01 3.65764650e-01
 1.25446839e-01 5.37864021e-01
 9.20258480e-02 7.31568698e-01
 2.69455577e-02 9.46385161e-01
 -6.64706364e-02 1.18038310e+00
 -1.84928541e-01 1.42914908e+00
 -3.27290014e-01 1.68604865e+00
 -4.95341789e-01 1.94289138e+00
 -6.93282810e-01 2.19032884e+00
 -9.27106252e-01 2.41808790e+00
 -1.20465710e+00 2.61542421e+00
 -1.53604515e+00 2.77170032e+00
 -1.93356681e+00 2.87648324e+00
 -2.41073072e+00 2.91886093e+00
 -2.98096761e+00 2.88653764e+00
 -3.65697737e+00 2.76563123e+00
 -4.45077761e+00 2.54150600e+00
 -5.37354564e+00 2.20007528e+00
 -6.43467918e+00 1.72879172e+00
 -7.64052924e+00 1.11720624e+00
 -8.99348783e+00 3.57615473e-01
 -1.04914590e+01 -5.53876735e-01
 -1.21272575e+01 -1.61618564e+00
 -1.38876947e+01 -2.82247074e+00
 -1.57526305e+01 -4.16001032e+00
 -1.76944907e+01 -5.61066809e+00
 -1.96783813e+01 -7.15158850e+00
 -2.16624225e+01 -8.75554569e+00
 -2.35981225e+01 -1.03907937e+01
 -2.54315408e+01 -1.20212771e+01
 -2.71063188e+01 -1.36084325e+01
 -2.85684592e+01 -1.51147056e+01
 -2.97711633e+01 -1.65073457e+01
 -3.06779732e+01 -1.77606534e+01
 -3.12639578e+01 -1.88560340e+01
 -3.15158373e+01 -1.97807903e+01
 -3.14315376e+01 -2.05270601e+01
 -3.10187112e+01 -2.10912612e+01
 -3.02918548e+01 -2.14732031e+01
 -2.92687585e+01 -2.16741466e+01
 -2.79677346e+01 -2.16942532e+01
 -2.64066391e+01 -2.15307876e+01
 -2.46036485e+01 -2.11782691e+01
 -2.25790297e+01 -2.06304844e+01
 -2.03570932e+01 -1.98830005e+01
 -1.79677991e+01 -1.89349758e+01
 -1.54475809e+01 -1.77901588e+01
 -1.28388268e+01 -1.64572816e+01
 -1.01876459e+01 -1.49495998e+01
 -7.54037291e+00 -1.32832651e+01
 -4.94002923e+00 -1.14747737e+01
 -2.42375303e+00 -9.53831608e+00
 -2.12735549e-02 -7.48400084e+00
 2.24604413e+00 -5.31752881e+00
 4.36571540e+00 -3.04119977e+00
 6.33380011e+00 -6.55557486e-01
 8.15346528e+00 1.83914249e+00
 9.83297162e+00 4.44182967e+00
 1.13839874e+01 7.14913221e+00
 1.28205365e+01 9.95284210e+00
 1.41579360e+01 1.28370000e+01
 1.54108957e+01 1.57760831e+01
 1.65908806e+01 1.87348987e+01
 1.77038519e+01 2.16694696e+01
 1.87493761e+01 2.45281617e+01
 1.97211666e+01 2.72534598e+01
 2.06085766e+01 2.97855780e+01
 2.13986483e+01 3.20683674e+01
 2.20784572e+01 3.40561236e+01
 2.26373433e+01 3.57184385e+01
 2.30682207e+01 3.70406314e+01
 2.33669975e+01 3.80195071e+01
 2.35298898e+01 3.86565979e+01
 2.35500193e+01 3.89521447e+01
 2.34157075e+01 3.89023713e+01
 2.31117056e+01 3.85003215e+01
 2.26219366e+01 3.77380856e+01
 2.19314556e+01 3.66082329e+01
 2.10273929e+01 3.51049611e+01
 1.99004062e+01 3.32272769e+01
 1.85471961e+01 3.09844034e+01
 1.69726281e+01 2.83997813e+01
 1.51896645e+01 2.55096694e+01
 1.32168986e+01 2.23567724e+01
 1.10751984e+01 1.89836996e+01
 8.78541951e+00 1.54305688e+01
 6.36865583e+00 1.17369788e+01
 3.84957484e+00 7.94559452e+00
 1.26197333e+00 4.10496616e+00
 -1.34574830e+00 2.71330743e-01
 -3.90800406e+00 -3.48997840e+00
 -6.34431640e+00 -7.10436696e+00
 -8.56644910e+00 -1.04911989e+01
 -1.04879685e+01 -1.35707433e+01
 -1.20328187e+01 -1.62718378e+01
 -1.31408554e+01 -1.85365113e+01
 -1.37707145e+01 -2.03206581e+01
 -1.39015586e+01 -2.15932223e+01
 -1.35342979e+01 -2.23370507e+01
 -1.26912071e+01 -2.25521114e+01
 -1.14125595e+01 -2.22585330e+01
 -9.75069326e+00 -2.14963134e+01
 -7.76436428e+00 -2.03216208e+01
 -5.51680471e+00 -1.88030964e+01
 -3.07811787e+00 -1.70210769e+01
 -5.27678619e-01 -1.50675728e+01
 2.05086362e+00 -1.30399975e+01
 4.58537664e+00 -1.10242990e+01
 7.03414487e+00 -9.07452014e+00
 9.39303463e+00 -7.20414200e+00
 1.16843268e+01 -5.39672446e+00
 1.39368557e+01 -3.62638483e+00
 1.61721055e+01 -1.87282932e+00
 1.84013274e+01 -1.25186428e-01
 2.06288997e+01 1.62082803e+00
 2.28561180e+01 3.36649132e+00
 2.50832766e+01 5.11209529e+00
 2.73104272e+01 6.85769122e+00
 2.95375739e+01 8.60328397e+00
 3.17646911e+01 1.03488536e+01
 3.39915855e+01 1.20942486e+01
 3.62171538e+01 1.38386042e+01
 3.84365292e+01 1.55781059e+01
 4.06331691e+01 1.72997881e+01
 4.27640987e+01 1.89699678e+01
 4.47452934e+01 2.05227883e+01
 4.64571219e+01 2.18644850e+01
 4.77859888e+01 2.29060241e+01
 4.77859888e+01 2.29060241e+01
 4.77859888e+01 2.29060241e+01
 4.77859888e+01 2.29060241e+01
 4.77859888e+01 2.29060241e+01
 4.77859888e+01 2.29060241e+01
 4.77859888e+01 2.29060241e+01
 4.77859888e+01 2.29060241e+01
 4.77859888e+01 2.29060241e+01
 4.77859888e+01 2.29060241e+01
 4.77859888e+01 2.29060241e+01
 4.77859888e+01 2.29060241e+01
 4.77859888e+01 2.29060241e+01
 4.77859888e+01 2.29060241e+01
 4.77859888e+01 2.29060241e+01
 4.77859888e+01 2.29060241e+01
 4.77859888e+01 2.29060241e+01
 4.77859888e+01 2.29060241e+01
 4.77859888e+01 2.29060241e+01
 4.77859888e+01 2.29060241e+01
 4.77859888e+01 2.29060241e+01
 4.77859888e+01 2.29060241e+01
 4.77859888e+01 2.29060241e+01
 4.77859888e+01 2.29060241e+01
 4.77859888e+01 2.29060241e+01
 4.77859888e+01 2.29060241e+01
 4.77859888e+01 2.29060241e+01
