 0.00000000e+00 0.00000000e+00
 0.00000000e+00 0.00000000e+00
 0.00000000e+00 0.00000000e+00
 0.00000000e+00 0.00000000e+00
 0.00000000e+00 0.00000000e+00
 0.00000000e+00 0.00000000e+00
 0.00000000e+00 0.00000000e+00
 6.18328818e-02 3.36838002e-01
 1.33445610e-01 7.66792210e-01
 1.97696866e-01 1.25273707e+00
 2.31670906e-01 1.75098260e+00
 2.10491300e-01 2.22388551e+00
 1.10517959e-01 2.64456509e+00
 -8.83879010e-02 2.99564387e+00
 -4.01793763e-01 3.26565110e+00
 -8.41191874e-01 3.44532717e+00
 -1.41542095e+00 3.52515433e+00
 -2.13148694e+00 3.49482464e+00
 -2.99397585e+00 3.34420408e+00
 -4.00372411e+00 3.06454981e+00
 -5.15697174e+00 2.64925266e+00
 -6.44559889e+00 2.09432969e+00
 -7.85812434e+00 1.39898693e+00
 -9.38076630e+00 5.66083948e-01
 -1.09982373e+01 -3.97847423e-01
 -1.26944678e+01 -1.48317528e+00
 -1.44533358e+01 -2.67816005e+00
 -1.62589672e+01 -3.96987612e+00
 -1.80952667e+01 -5.34453653e+00
 -1.99449873e+01 -6.78712737e+00
 -2.17887765e+01 -8.28072875e+00
 -2.36040841e+01 -9.80593795e+00
 -2.53637995e+01 -1.13405889e+01
 -2.70354562e+01 -1.28598884e+01
 -2.85822467e+01 -1.43371463e+01
 -2.99658716e+01 -1.57451290e+01
 -3.11498464e+01 -1.70577348e+01
 -3.21020640e+01 -1.82516273e+01
 -3.27965327e+01 -1.93076713e+01
 -3.32147417e+01 -2.02119652e+01
 -3.33468035e+01 -2.09559997e+01
 -3.31919749e+01 -2.15356869e+01
 -3.27579339e+01 -2.19497391e+01
 -3.20586362e+01 -2.21981887e+01
 -3.11114381e+01 -2.22813314e+01
 -2.99346111e+01 -2.21988502e+01
 -2.85460363e+01 -2.19490300e+01
 -2.69632620e+01 -2.15284050e+01
 -2.52045571e+01 -2.09322085e+01
 -2.32901471e+01 -2.01555691e+01
 -2.12428272e+01 -1.91950016e+01
 -1.90878660e+01 -1.80497361e+01
 -1.68528005e+01 -1.67226282e+01
 -1.45674645e+01 -1.52204849e+01
 -1.22636698e+01 -1.35535990e+01
 -9.97366690e+00 -1.17343205e+01
 -7.72738906e+00 -9.77482892e+00
 -5.54952497e+00 -7.68485587e+00
 -3.45750967e+00 -5.47043915e+00
 -1.46072291e+00 -3.13435408e+00
 4.39425722e-01 -6.77854024e-01
 2.24864123e+00 1.89739321e+00
 3.97779817e+00 4.58796025e+00
 5.63986981e+00 7.38740955e+00
 7.24645028e+00 1.02838509e+01
 8.80468972e+00 1.32560677e+01
 1.03148728e+01 1.62698857e+01
 1.17686498e+01 1.92769121e+01
 1.31483116e+01 2.22163971e+01
 1.44277527e+01 2.50195865e+01
 1.55754202e+01 2.76156482e+01
 1.65585897e+01 2.99383118e+01
 1.73472857e+01 3.19317836e+01
 1.79163006e+01 3.35539232e+01
 1.82454053e+01 3.47757653e+01
 1.83192894e+01 3.55791270e+01
 1.81283444e+01 3.59552526e+01
 1.76698967e+01 3.59052303e+01
 1.69487928e+01 3.54397839e+01
 1.59768539e+01 3.45760834e+01
 1.47716438e+01 3.33326666e+01
 1.33553382e+01 3.17263517e+01
 1.17541364e+01 2.97735795e+01
 9.99795881e+00 2.74944512e+01
 8.11966057e+00 2.49156739e+01
 6.15319453e+00 2.20706366e+01
 4.13119004e+00 1.89980191e+01
 2.08352733e+00 1.57413221e+01
 3.83897417e-02 1.23501444e+01
 -1.97452575e+00 8.88188397e+00
 -3.92090768e+00 5.40188953e+00
 -5.76100847e+00 1.98123031e+00
 -7.45123001e+00 -1.30734380e+00
 -8.94674089e+00 -4.39423832e+00
 -1.02042698e+01 -7.21779151e+00
 -1.11853508e+01 -9.72818258e+00
 -1.18600522e+01 -1.18896268e+01
 -1.22099038e+01 -1.36802026e+01
 -1.22283848e+01 -1.50892335e+01
 -1.19188505e+01 -1.61132183e+01
 -1.12916826e+01 -1.67523637e+01
 -1.03625948e+01 -1.70096452e+01
 -9.15233660e+00 -1.68925861e+01
 -7.68667100e+00 -1.64160971e+01
 -5.99595804e+00 -1.56044402e+01
 -4.11486497e+00 -1.44915621e+01
 -2.08282122e+00 -1.31203443e+01
 5.53232020e-02 -1.15417654e+01
 2.25005546e+00 -9.81427654e+00
 4.45099723e+00 -8.00198700e+00
 6.61424064e+00 -6.16873604e+00
 8.71132859e+00 -4.36682614e+00
 1.07350058e+01 -2.62522303e+00
 1.26969056e+01 -9.46168137e-01
 1.46178086e+01 6.86189462e-01
 1.65170578e+01 2.29190006e+00
 1.84071979e+01 3.88577089e+00
 2.02942921e+01 5.47551986e+00
 2.21805789e+01 7.06414249e+00
 2.40666965e+01 8.65252352e+00
 2.59527861e+01 1.02408639e+01
 2.78388719e+01 1.18291987e+01
 2.97249548e+01 1.34175309e+01
 3.16110127e+01 1.50058420e+01
 3.34968819e+01 1.65939942e+01
 3.53816281e+01 1.81812006e+01
 3.72611298e+01 1.97639905e+01
 3.91213777e+01 2.13305661e+01
 4.09259781e+01 2.28502792e+01
 4.26037739e+01 2.42632060e+01
 4.40534541e+01 2.54840291e+01
 4.51788192e+01 2.64317359e+01
 4.51788192e+01 2.64317359e+01
 4.51788192e+01 2.64317359e+01
 4.51788192e+01 2.64317359e+01
 4.51788192e+01 2.64317359e+01
 4.51788192e+01 2.64317359e+01
 4.51788192e+01 2.64317359e+01
 4.51788192e+01 2.64317359e+01
 4.51788192e+01 2.64317359e+01
 4.51788192e+01 2.64317359e+01
 4.51788192e+01 2.64317359e+01
 4.51788192e+01 2.64317359e+01
 4.51788192e+01 2.64317359e+01
 4.51788192e+01 2.64317359e+01
 4.51788192e+01 2.64317359e+01
 4.51788192e+01 2.64317359e+01
 4.51788192e+01 2.64317359e+01
 4.51788192e+01 2.64317359e+01
 4.51788192e+01 2.64317359e+01
 4.51788192e+01 2.64317359e+01
 4.51788192e+01 2.64317359e+01
 4.51788192e+01 2.64317359e+01
 4.51788192e+01 2.64317359e+01
 4.51788192e+01 2.64317359e+01
 4.51788192e+01 2.64317359e+01
 4.51788192e+01 2.64317359e+01
 4.51788192e+01 2.64317359e+01
 4.51788192e+01 2.64317359e+01
 4.51788192e+01 2.64317359e+01
