 0.00000000e+00 0.00000000e+00
 0.00000000e+00 0.00000000e+00
 0.00000000e+00 0.00000000e+00
 0.00000000e+00 0.00000000e+00
 0.00000000e+00 0.00000000e+00
 0.00000000e+00 0.00000000e+00
 -4.77761221e-02 1.65209817e-01
 -1.43211171e-01 3.78363752e-01
 -3.06536566e-01 6.25952671e-01
 -5.50119849e-01 8.93431047e-01
 -8.72983671e-01 1.16996132e+00
 -1.26217666e+00 1.44906196e+00
 -1.70027836e+00 1.72680656e+00
 -2.17366730e+00 1.99959728e+00
 -2.67636572e+00 2.26259574e+00
 -3.20882714e+00 2.50918452e+00
 -3.77490827e+00 2.73136993e+00
 -4.37994286e+00 2.92071928e+00
 -5.03016889e+00 3.06923690e+00
 -5.73235602e+00 3.16966901e+00
 -6.49307140e+00 3.21524642e+00
 -7.31794730e+00 3.19932845e+00
 -8.21131419e+00 3.11522811e+00
 -9.17599010e+00 2.95610228e+00
 -1.02128829e+01 2.71484615e+00
 -1.13205504e+01 2.38414570e+00
 -1.24952806e+01 1.95670036e+00
 -1.37320332e+01 1.42538921e+00
 -1.50258167e+01 7.83294561e-01
 -1.63724765e+01 2.39377963e-02
 -1.77680541e+01 -8.57709453e-01
 -1.92067369e+01 -1.86337362e+00
 -2.06783125e+01 -2.98960853e+00
 -2.21662666e+01 -4.22691048e+00
 -2.36470075e+01 -5.55993447e+00
 -2.50900389e+01 -6.96807799e+00
 -2.64590908e+01 -8.42589958e+00
 -2.77145143e+01 -9.90369192e+00
 -2.88166954e+01 -1.13689491e+01
 -2.97295760e+01 -1.27888760e+01
 -3.04234943e+01 -1.41330342e+01
 -3.08770010e+01 -1.53749518e+01
 -3.10777737e+01 -1.64924409e+01
 -3.10231794e+01 -1.74673128e+01
 -3.07203775e+01 -1.82851010e+01
 -3.01846584e+01 -1.89346701e+01
 -2.94356414e+01 -1.94074283e+01
 -2.84932977e+01 -1.96964165e+01
 -2.73757796e+01 -1.97958062e+01
 -2.60989462e+01 -1.97008634e+01
 -2.46766075e+01 -1.94080894e+01
 -2.31211625e+01 -1.89155359e+01
 -2.14446239e+01 -1.82234683e+01
 -1.96598046e+01 -1.73350856e+01
 -1.77813587e+01 -1.62566393e+01
 -1.58263995e+01 -1.49967361e+01
 -1.38144216e+01 -1.35654130e+01
 -1.17665317e+01 -1.19737289e+01
 -9.70440374e+00 -1.02338374e+01
 -7.64935815e+00 -8.35866868e+00
 -5.62164196e+00 -6.36068167e+00
 -3.63994975e+00 -4.25047443e+00
 -1.72129516e+00 -2.03665045e+00
 1.18896988e-01 2.72712100e-01
 1.86678242e+00 2.66812550e+00
 3.51026687e+00 5.13754094e+00
 5.03926130e+00 7.66595584e+00
 6.44599405e+00 1.02347838e+01
 7.72532653e+00 1.28204310e+01
 8.87479493e+00 1.53926626e+01
 9.89409170e+00 1.79138648e+01
 1.07841961e+01 2.03398854e+01
 1.15468496e+01 2.26224828e+01
 1.21846968e+01 2.47132434e+01
 1.27014428e+01 2.65686292e+01
 1.31012130e+01 2.81547696e+01
 1.33872479e+01 2.94495658e+01
 1.35604677e+01 3.04404429e+01
 1.36176602e+01 3.11187843e+01
 1.35492417e+01 3.14745524e+01
 1.33385531e+01 3.14944656e+01
 1.29649037e+01 3.11640873e+01
 1.24092560e+01 3.04709481e+01
 1.16589675e+01 2.94057400e+01
 1.07097377e+01 2.79617466e+01
 9.56576542e+00 2.61353362e+01
 8.23945219e+00 2.39295410e+01
 6.75063240e+00 2.13594553e+01
 5.12462517e+00 1.84558228e+01
 3.38907169e+00 1.52640234e+01
 1.57077890e+00 1.18391270e+01
 -3.05451598e-01 8.24081871e+00
 -2.21464449e+00 4.53186583e+00
 -4.12689349e+00 7.80411430e-01
 -6.00306932e+00 -2.93713822e+00
 -7.79404309e+00 -6.53645140e+00
 -9.44382430e+00 -9.93014174e+00
 -1.08945349e+01 -1.30353003e+01
 -1.20911688e+01 -1.57803997e+01
 -1.29855180e+01 -1.81090832e+01
 -1.35393329e+01 -1.99803439e+01
 -1.37264948e+01 -2.13664998e+01
 -1.35337403e+01 -2.22512167e+01
 -1.29597383e+01 -2.26292943e+01
 -1.20129503e+01 -2.25084139e+01
 -1.07095667e+01 -2.19114072e+01
 -9.07327449e+00 -2.08770292e+01
 -7.13762014e+00 -1.94584009e+01
 -4.94947433e+00 -1.77201836e+01
 -2.57057318e+00 -1.57360792e+01
 -7.45739470e-02 -1.35866558e+01
 2.46138282e+00 -1.13550901e+01
 4.96970955e+00 -9.11786493e+00
 7.40603918e+00 -6.93125019e+00
 9.75650416e+00 -4.82076492e+00
 1.20333096e+01 -2.78211717e+00
 1.42610654e+01 -7.93988386e-01
 1.64629546e+01 1.16654082e+00
 1.86539921e+01 3.11520808e+00
 2.08414101e+01 5.05985112e+00
 2.30278705e+01 7.00341651e+00
 2.52141306e+01 8.94675439e+00
 2.74003575e+01 1.08900545e+01
 2.95865799e+01 1.28333494e+01
 3.17727989e+01 1.47766411e+01
 3.39589891e+01 1.67199072e+01
 3.61449604e+01 1.86629789e+01
 3.83296301e+01 2.06048934e+01
 4.05082206e+01 2.25414043e+01
 4.26644935e+01 2.44580775e+01
 4.47562636e+01 2.63174153e+01
 4.67010504e+01 2.80461022e+01
 4.83814211e+01 2.95397542e+01
 4.96858678e+01 3.06992540e+01
 4.96858678e+01 3.06992540e+01
 4.96858678e+01 3.06992540e+01
 4.96858678e+01 3.06992540e+01
 4.96858678e+01 3.06992540e+01
 4.96858678e+01 3.06992540e+01
 4.96858678e+01 3.06992540e+01
 4.96858678e+01 3.06992540e+01
 4.96858678e+01 3.06992540e+01
 4.96858678e+01 3.06992540e+01
 4.96858678e+01 3.06992540e+01
 4.96858678e+01 3.06992540e+01
 4.96858678e+01 3.06992540e+01
 4.96858678e+01 3.06992540e+01
 4.96858678e+01 3.06992540e+01
 4.96858678e+01 3.06992540e+01
 4.96858678e+01 3.06992540e+01
 4.96858678e+01 3.06992540e+01
 4.96858678e+01 3.06992540e+01
 4.96858678e+01 3.06992540e+01
 4.96858678e+01 3.06992540e+01
 4.96858678e+01 3.06992540e+01
 4.96858678e+01 3.06992540e+01
 4.96858678e+01 3.06992540e+01
 4.96858678e+01 3.06992540e+01
 4.96858678e+01 3.06992540e+01
 4.96858678e+01 3.06992540e+01
