 0.00000000e+00 0.00000000e+00
 0.00000000e+00 0.00000000e+00
 0.00000000e+00 0.00000000e+00
 0.00000000e+00 0.00000000e+00
 0.00000000e+00 0.00000000e+00
 0.00000000e+00 0.00000000e+00
 0.00000000e+00 0.00000000e+00
 0.00000000e+00 0.00000000e+00
 0.00000000e+00 0.00000000e+00
 0.00000000e+00 0.00000000e+00
 4.21092260e-02 2.46673895e-01
 6.87571738e-02 5.55695653e-01
 5.54786473e-02 8.99218117e-01
 -2.16409327e-02 1.24790996e+00
 -1.79960735e-01 1.57894550e+00
 -4.27749067e-01 1.87675479e+00
 -7.65886359e-01 2.13009577e+00
 -1.19174071e+00 2.32940372e+00
 -1.70253002e+00 2.46567074e+00
 -2.29702832e+00 2.53054073e+00
 -2.97565883e+00 2.51706666e+00
 -3.73935329e+00 2.42051224e+00
 -4.58799290e+00 2.23861615e+00
 -5.51948692e+00 1.97120026e+00
 -6.52998802e+00 1.61954197e+00
 -7.61481105e+00 1.18586508e+00
 -8.76907836e+00 6.72730326e-01
 -9.98747017e+00 8.19619380e-02
 -1.12635833e+01 -5.86593763e-01
 -1.25900090e+01 -1.33561848e+00
 -1.39592187e+01 -2.16972766e+00
 -1.53638609e+01 -3.09416379e+00
 -1.67951732e+01 -4.11340995e+00
 -1.82398726e+01 -5.22974734e+00
 -1.96772527e+01 -6.44140979e+00
 -2.10781328e+01 -7.74041588e+00
 -2.24060239e+01 -9.11076157e+00
 -2.36197081e+01 -1.05278385e+01
 -2.46764450e+01 -1.19596726e+01
 -2.55356066e+01 -1.33697912e+01
 -2.61624423e+01 -1.47205715e+01
 -2.65311960e+01 -1.59758722e+01
 -2.66269777e+01 -1.71026921e+01
 -2.64463308e+01 -1.80722714e+01
 -2.59965467e+01 -1.88608447e+01
 -2.52937294e+01 -1.94499298e+01
 -2.43599561e+01 -1.98261007e+01
 -2.32204508e+01 -1.99804599e+01
 -2.19018719e+01 -1.99082763e+01
 -2.04322014e+01 -1.96093261e+01
 -1.88416648e+01 -1.90890584e+01
 -1.71635534e+01 -1.83599355e+01
 -1.54341471e+01 -1.74418838e+01
 -1.36916639e+01 -1.63611173e+01
 -1.19745621e+01 -1.51473592e+01
 -1.03194012e+01 -1.38301664e+01
 -8.75829803e+00 -1.24353136e+01
 -7.31621405e+00 -1.09818838e+01
 -6.00860328e+00 -9.48020376e+00
 -4.83999348e+00 -7.93069772e+00
 -3.80390975e+00 -6.32412949e+00
 -2.88414159e+00 -4.64370969e+00
 -2.05687871e+00 -2.86888484e+00
 -1.29325969e+00 -9.80059205e-01
 -5.62194053e-01 1.03664985e+00
 1.66802679e-01 3.18567524e+00
 9.21293451e-01 5.46023925e+00
 1.72433536e+00 7.84267704e+00
 2.59329626e+00 1.03060666e+01
 3.53887950e+00 1.28165180e+01
 4.56483136e+00 1.53362999e+01
 5.66890027e+00 1.78281557e+01
 6.84478533e+00 2.02600878e+01
 8.08406642e+00 2.26086826e+01
 9.37726263e+00 2.48593764e+01
 1.07138086e+01 2.70038433e+01
 1.20812275e+01 2.90361653e+01
 1.34639405e+01 3.09495006e+01
 1.48420199e+01 3.27339959e+01
 1.61900726e+01 3.43757892e+01
 1.74766881e+01 3.58568198e+01
 1.86650730e+01 3.71552527e+01
 1.97148714e+01 3.82457112e+01
 2.05841074e+01 3.90982174e+01
 2.12302062e+01 3.96764486e+01
 2.16105972e+01 3.99381093e+01
 2.16845517e+01 3.98393412e+01
 2.14168162e+01 3.93413560e+01
 2.07815130e+01 3.84153098e+01
 1.97644612e+01 3.70434437e+01
 1.83639869e+01 3.52182932e+01
 1.65918423e+01 3.29432986e+01
 1.44748254e+01 3.02360391e+01
 1.20554805e+01 2.71318857e+01
 9.39027842e+00 2.36848588e+01
 6.54627561e+00 1.99649382e+01
 3.59884711e+00 1.60539116e+01
 6.31214489e-01 1.20418721e+01
 -2.26657872e+00 8.02448982e+00
 -5.00193925e+00 4.09989467e+00
 -7.48707027e+00 3.64171691e-01
 -9.64642302e+00 -3.09475596e+00
 -1.14213646e+01 -6.20396455e+00
 -1.27714687e+01 -8.91098920e+00
 -1.36738008e+01 -1.11856029e+01
 -1.41218401e+01 -1.30170495e+01
 -1.41245820e+01 -1.44081480e+01
 -1.37048533e+01 -1.53692468e+01
 -1.28954582e+01 -1.59146135e+01
 -1.17335992e+01 -1.60618482e+01
 -1.02563674e+01 -1.58332048e+01
 -8.49989921e+00 -1.52574500e+01
 -6.50217942e+00 -1.43713757e+01
 -4.30721162e+00 -1.32204971e+01
 -1.96777440e+00 -1.18588343e+01
 4.55441796e-01 -1.03476941e+01
 2.89948032e+00 -8.75250504e+00
 5.30908842e+00 -7.13590246e+00
 7.64793415e+00 -5.54702706e+00
 9.90526193e+00 -4.01182847e+00
 1.20929176e+01 -2.53165073e+00
 1.42339113e+01 -1.09206269e+00
 1.63500839e+01 3.24597184e-01
 1.84557500e+01 1.73115258e+00
 2.05578830e+01 3.13421290e+00
 2.26590749e+01 4.53632295e+00
 2.47600686e+01 5.93822999e+00
 2.68610295e+01 7.34010297e+00
 2.89619859e+01 8.74197131e+00
 3.10629389e+01 1.01438373e+01
 3.31638642e+01 1.15456847e+01
 3.52645793e+01 1.29473919e+01
 3.73640434e+01 1.43482644e+01
 3.94576655e+01 1.57452387e+01
 4.15298404e+01 1.71279024e+01
 4.35400282e+01 1.84692050e+01
 4.54089653e+01 1.97162578e+01
 4.70237989e+01 2.07937593e+01
 4.82773701e+01 2.16302078e+01
 4.82773701e+01 2.16302078e+01
 4.82773701e+01 2.16302078e+01
 4.82773701e+01 2.16302078e+01
 4.82773701e+01 2.16302078e+01
 4.82773701e+01 2.16302078e+01
 4.82773701e+01 2.16302078e+01
 4.82773701e+01 2.16302078e+01
 4.82773701e+01 2.16302078e+01
 4.82773701e+01 2.16302078e+01
 4.82773701e+01 2.16302078e+01
 4.82773701e+01 2.16302078e+01
 4.82773701e+01 2.16302078e+01
 4.82773701e+01 2.16302078e+01
 4.82773701e+01 2.16302078e+01
 4.82773701e+01 2.16302078e+01
 4.82773701e+01 2.16302078e+01
 4.82773701e+01 2.16302078e+01
 4.82773701e+01 2.16302078e+01
 4.82773701e+01 2.16302078e+01
 4.82773701e+01 2.16302078e+01
 4.82773701e+01 2.16302078e+01
