 0.00000000e+00 0.00000000e+00
 0.00000000e+00 0.00000000e+00
 0.00000000e+00 0.00000000e+00
 0.00000000e+00 0.00000000e+00
 0.00000000e+00 0.00000000e+00
 0.00000000e+00 0.00000000e+00
 0.00000000e+00 0.00000000e+00
 0.00000000e+00 0.00000000e+00
 2.14841642e-02 1.94180572e-01
 2.18015624e-02 4.33856803e-01
 -2.19723706e-02 6.93588228e-01
 -1.34290198e-01 9.45588814e-01
 -3.37007919e-01 1.16632703e+00
 -6.45835250e-01 1.33800105e+00
 -1.06903276e+00 1.44733502e+00
 -1.60898690e+00 1.48369128e+00
 -2.26486425e+00 1.43695273e+00
 -3.03410895e+00 1.29629305e+00
 -3.91236953e+00 1.05133035e+00
 -4.89290572e+00 6.95081310e-01
 -5.96647935e+00 2.26228496e-01
 -7.12199074e+00 -3.50936029e-01
 -8.34742874e+00 -1.02841627e+00
 -9.63054985e+00 -1.79681218e+00
 -1.09593497e+01 -2.64697310e+00
 -1.23228297e+01 -3.57082744e+00
 -1.37117646e+01 -4.56172036e+00
 -1.51184149e+01 -5.61454903e+00
 -1.65349771e+01 -6.72575014e+00
 -1.79517909e+01 -7.89305388e+00
 -1.93561511e+01 -9.11479505e+00
 -2.07317316e+01 -1.03885542e+01
 -2.20584650e+01 -1.17093318e+01
 -2.33129232e+01 -1.30680982e+01
 -2.44692766e+01 -1.44515694e+01
 -2.55008684e+01 -1.58432044e+01
 -2.63822997e+01 -1.72245833e+01
 -2.70916621e+01 -1.85763864e+01
 -2.76125518e+01 -1.98790442e+01
 -2.79357382e+01 -2.11137219e+01
 -2.80602952e+01 -2.22638766e+01
 -2.79936285e+01 -2.33166630e+01
 -2.77499148e+01 -2.42631651e+01
 -2.73473129e+01 -2.50972191e+01
 -2.68050344e+01 -2.58135677e+01
 -2.61411180e+01 -2.64061851e+01
 -2.53709308e+01 -2.68669900e+01
 -2.45060201e+01 -2.71848461e+01
 -2.35531816e+01 -2.73449180e+01
 -2.25140593e+01 -2.73286536e+01
 -2.13858168e+01 -2.71149282e+01
 -2.01631081e+01 -2.66829048e+01
 -1.88408829e+01 -2.60160935e+01
 -1.74171245e+01 -2.51058310e+01
 -1.58947880e+01 -2.39527949e+01
 -1.42826979e+01 -2.25666674e+01
 -1.25955870e+01 -2.09646238e+01
 -1.08535354e+01 -1.91687927e+01
 -9.08073771e+00 -1.72026047e+01
 -7.30324944e+00 -1.50865836e+01
 -5.54572979e+00 -1.28350081e+01
 -3.82795333e+00 -1.04550541e+01
 -2.16230801e+00 -7.94917120e+00
 -5.53269718e-01 -5.32008123e+00
 1.00093189e+00 -2.57675144e+00
 2.50500314e+00 2.60488594e-01
 3.96236735e+00 3.15677228e+00
 5.37078836e+00 6.06154234e+00
 6.71903737e+00 8.90944580e+00
 7.98598154e+00 1.16242478e+01
 9.14251731e+00 1.41268511e+01
 1.01554341e+01 1.63463862e+01
 1.09917038e+01 1.82303013e+01
 1.16218835e+01 1.97487009e+01
 1.20220415e+01 2.08914309e+01
 1.21746313e+01 2.16609944e+01
 1.20691460e+01 2.20659028e+01
 1.17027596e+01 2.21166403e+01
 1.10805109e+01 2.18234386e+01
 1.02146491e+01 2.11944654e+01
 9.12304099e+00 2.02342158e+01
 7.82691665e+00 1.89430806e+01
 6.34890155e+00 1.73194108e+01
 4.71241049e+00 1.53643270e+01
 2.94232921e+00 1.30873964e+01
 1.06574948e+00 1.05102564e+01
 -8.88100174e-01 7.66667591e+00
 -2.88823858e+00 4.60010620e+00
 -4.90145069e+00 1.36129943e+00
 -6.89034794e+00 -1.99195971e+00
 -8.81088515e+00 -5.39330096e+00
 -1.06115806e+01 -8.76708594e+00
 -1.22363000e+01 -1.20313847e+01
 -1.36302877e+01 -1.51047886e+01
 -1.47470951e+01 -1.79143292e+01
 -1.55537248e+01 -2.04011245e+01
 -1.60325222e+01 -2.25221139e+01
 -1.61800649e+01 -2.42486664e+01
 -1.60044380e+01 -2.55642946e+01
 -1.55222001e+01 -2.64633158e+01
 -1.47556535e+01 -2.69505075e+01
 -1.37308267e+01 -2.70405672e+01
 -1.24767764e+01 -2.67569609e+01
 -1.10263893e+01 -2.61312071e+01
 -9.41782367e+00 -2.52034646e+01
 -7.69513047e+00 -2.40238450e+01
 -5.90681212e+00 -2.26531139e+01
 -4.10159188e+00 -2.11610618e+01
 -2.32143505e+00 -1.96198929e+01
 -5.93662466e-01 -1.80914153e+01
 1.07369562e+00 -1.66131384e+01
 2.68948513e+00 -1.51932525e+01
 4.27080677e+00 -1.38189824e+01
 5.83383360e+00 -1.24713497e+01
 7.38913247e+00 -1.11357100e+01
 8.94183752e+00 -9.80427951e+00
 1.04938527e+01 -8.47400519e+00
 1.20457228e+01 -7.14397972e+00
 1.35975688e+01 -5.81399622e+00
 1.51494116e+01 -4.48401842e+00
 1.67012519e+01 -3.15404299e+00
 1.82530717e+01 -1.82408515e+00
 1.98047363e+01 -4.94260418e-01
 2.13554768e+01 8.34772434e-01
 2.29019022e+01 2.16010708e+00
 2.44324859e+01 3.47186492e+00
 2.59172837e+01 4.74438278e+00
 2.72977487e+01 5.92748413e+00
 2.84905235e+01 6.94972921e+00
 2.94164568e+01 7.74328284e+00
 2.94164568e+01 7.74328284e+00
 2.94164568e+01 7.74328284e+00
 2.94164568e+01 7.74328284e+00
 2.94164568e+01 7.74328284e+00
 2.94164568e+01 7.74328284e+00
 2.94164568e+01 7.74328284e+00
 2.94164568e+01 7.74328284e+00
 2.94164568e+01 7.74328284e+00
 2.94164568e+01 7.74328284e+00
 2.94164568e+01 7.74328284e+00
 2.94164568e+01 7.74328284e+00
 2.94164568e+01 7.74328284e+00
 2.94164568e+01 7.74328284e+00
 2.94164568e+01 7.74328284e+00
 2.94164568e+01 7.74328284e+00
 2.94164568e+01 7.74328284e+00
 2.94164568e+01 7.74328284e+00
 2.94164568e+01 7.74328284e+00
 2.94164568e+01 7.74328284e+00
 2.94164568e+01 7.74328284e+00
 2.94164568e+01 7.74328284e+00
 2.94164568e+01 7.74328284e+00
 2.94164568e+01 7.74328284e+00
 2.94164568e+01 7.74328284e+00
 2.94164568e+01 7.74328284e+00
 2.94164568e+01 7.74328284e+00
 2.94164568e+01 7.74328284e+00
 2.94164568e+01 7.74328284e+00
 2.94164568e+01 7.74328284e+00
 2.94164568e+01 7.74328284e+00
