 0.00000000e+00 0.00000000e+00
 0.00000000e+00 0.00000000e+00
 0.00000000e+00 0.00000000e+00
 0.00000000e+00 0.00000000e+00
 0.00000000e+00 0.00000000e+00
 0.00000000e+00 0.00000000e+00
 0.00000000e+00 0.00000000e+00
 0.00000000e+00 0.00000000e+00
 -1.10574496e-01 1.09827700e-01
 -2.54447337e-01 2.56088473e-01
 -4.24783878e-01 4.33320926e-01
 -6.16449054e-01 6.34698055e-01
 -8.29750124e-01 8.54047422e-01
 -1.07041049e+00 1.08594828e+00
 -1.34731036e+00 1.32517026e+00
 -1.67024133e+00 1.56625863e+00
 -2.04872861e+00 1.80317502e+00
 -2.49171393e+00 2.02894172e+00
 -3.00735063e+00 2.23560394e+00
 -3.60236672e+00 2.41464282e+00
 -4.28111088e+00 2.55743644e+00
 -5.04502531e+00 2.65528185e+00
 -5.89331437e+00 2.69902479e+00
 -6.82465124e+00 2.67876777e+00
 -7.83860147e+00 2.58394969e+00
 -8.93557005e+00 2.40372822e+00
 -1.01156252e+01 2.12751485e+00
 -1.13775250e+01 1.74559224e+00
 -1.27183660e+01 1.24984061e+00
 -1.41329073e+01 6.34753788e-01
 -1.56117813e+01 -1.01100552e-01
 -1.71392709e+01 -9.53425662e-01
 -1.86921772e+01 -1.91098597e+00
 -2.02405262e+01 -2.95542272e+00
 -2.17495350e+01 -4.06228687e+00
 -2.31819669e+01 -5.20308866e+00
 -2.45006964e+01 -6.34790107e+00
 -2.56716387e+01 -7.46800917e+00
 -2.66666827e+01 -8.53832105e+00
 -2.74657603e+01 -9.53947771e+00
 -2.80573797e+01 -1.04593876e+01
 -2.84376810e+01 -1.12935059e+01
 -2.86089230e+01 -1.20434362e+01
 -2.85785486e+01 -1.27143907e+01
 -2.83589290e+01 -1.33126115e+01
 -2.79666351e+01 -1.38434371e+01
 -2.74205741e+01 -1.43100522e+01
 -2.67398802e+01 -1.47128435e+01
 -2.59426211e+01 -1.50494172e+01
 -2.50452683e+01 -1.53151315e+01
 -2.40624495e+01 -1.55035799e+01
 -2.30070540e+01 -1.56063679e+01
 -2.18909277e+01 -1.56121284e+01
 -2.07256985e+01 -1.55058554e+01
 -1.95228758e+01 -1.52699945e+01
 -1.82931717e+01 -1.48872117e+01
 -1.70458545e+01 -1.43429898e+01
 -1.57886167e+01 -1.36266510e+01
 -1.45276770e+01 -1.27313173e+01
 -1.32677223e+01 -1.16540841e+01
 -1.20117048e+01 -1.03966875e+01
 -1.07609173e+01 -8.96575404e+00
 -9.51569775e+00 -7.37173138e+00
 -8.27628429e+00 -5.62662340e+00
 -7.04273631e+00 -3.74137330e+00
 -5.81357909e+00 -1.72359237e+00
 -4.58401853e+00 4.23939574e-01
 -3.34457882e+00 2.70352609e+00
 -2.08034915e+00 5.12123780e+00
 -7.71035878e-01 7.68445198e+00
 6.07814983e-01 1.03994270e+01
 2.08262677e+00 1.32698798e+01
 3.67915563e+00 1.62962713e+01
 5.41918461e+00 1.94745285e+01
 7.31586651e+00 2.27933750e+01
 9.36806789e+00 2.62305253e+01
 1.15555060e+01 2.97485703e+01
 1.38366570e+01 3.32918281e+01
 1.61502039e+01 3.67860471e+01
 1.84193883e+01 4.01424949e+01
 2.05581062e+01 4.32660542e+01
 2.24776576e+01 4.60645711e+01
 2.40930665e+01 4.84556442e+01
 2.53283779e+01 5.03688331e+01
 2.61215792e+01 5.17453094e+01
 2.64300322e+01 5.25392630e+01
 2.62353537e+01 5.27227087e+01
 2.55449615e+01 5.22904155e+01
 2.43889394e+01 5.12602664e+01
 2.28140770e+01 4.96680834e+01
 2.08781698e+01 4.75608150e+01
 1.86461187e+01 4.49929154e+01
 1.61873857e+01 4.20267731e+01
 1.35736002e+01 3.87335393e+01
 1.08756019e+01 3.51906887e+01
 8.16039896e+00 3.14767451e+01
 5.48942783e+00 2.76668057e+01
 2.91908986e+00 2.38315863e+01
 5.02796561e-01 2.00392771e+01
 -1.70784133e+00 1.63573211e+01
 -3.66470454e+00 1.28520576e+01
 -5.32735898e+00 9.58631296e+00
 -6.66709723e+00 6.61598935e+00
 -7.66824050e+00 3.98638704e+00
 -8.32637743e+00 1.72884326e+00
 -8.64543664e+00 -1.41228139e-01
 -8.63547754e+00 -1.62349353e+00
 -8.31098685e+00 -2.72866775e+00
 -7.68826899e+00 -3.47299730e+00
 -6.78233404e+00 -3.87383961e+00
 -5.60587760e+00 -3.94751454e+00
 -4.17181594e+00 -3.70914183e+00
 -2.49788026e+00 -3.17429563e+00
 -6.10967192e-01 -2.36254705e+00
 1.44980880e+00 -1.30237987e+00
 3.63210296e+00 -3.63672460e-02
 5.87340518e+00 1.37580168e+00
 8.11053139e+00 2.86133167e+00
 1.02942880e+01 4.34909934e+00
 1.24018611e+01 5.78979663e+00
 1.44379647e+01 7.16726561e+00
 1.64236670e+01 8.49224687e+00
 1.83817055e+01 9.78548017e+00
 2.03277993e+01 1.10640872e+01
 2.22698241e+01 1.23374784e+01
 2.42107556e+01 1.36094203e+01
 2.61514557e+01 1.48810478e+01
 2.80921171e+01 1.61526218e+01
 3.00327734e+01 1.74241886e+01
 3.19734265e+01 1.86957530e+01
 3.39140539e+01 1.99673005e+01
 3.58544871e+01 2.12387208e+01
 3.77937649e+01 2.25093839e+01
 3.97276463e+01 2.37765113e+01
 4.16417169e+01 2.50306582e+01
 4.34985300e+01 2.62472884e+01
 4.52248697e+01 2.73784292e+01
 4.67164935e+01 2.83557784e+01
 4.78744189e+01 2.91144800e+01
 4.78744189e+01 2.91144800e+01
 4.78744189e+01 2.91144800e+01
 4.78744189e+01 2.91144800e+01
 4.78744189e+01 2.91144800e+01
 4.78744189e+01 2.91144800e+01
 4.78744189e+01 2.91144800e+01
 4.78744189e+01 2.91144800e+01
 4.78744189e+01 2.91144800e+01
 4.78744189e+01 2.91144800e+01
 4.78744189e+01 2.91144800e+01
 4.78744189e+01 2.91144800e+01
 4.78744189e+01 2.91144800e+01
 4.78744189e+01 2.91144800e+01
 4.78744189e+01 2.91144800e+01
 4.78744189e+01 2.91144800e+01
 4.78744189e+01 2.91144800e+01
 4.78744189e+01 2.91144800e+01
 4.78744189e+01 2.91144800e+01
 4.78744189e+01 2.91144800e+01
 4.78744189e+01 2.91144800e+01
 4.78744189e+01 2.91144800e+01
