 0.00000000e+00 0.00000000e+00
 0.00000000e+00 0.00000000e+00
 0.00000000e+00 0.00000000e+00
 0.00000000e+00 0.00000000e+00
 0.00000000e+00 0.00000000e+00
 0.00000000e+00 0.00000000e+00
 0.00000000e+00 0.00000000e+00
 0.00000000e+00 0.00000000e+00
 7.81797125e-03 1.78168591e-01
 -1.36998032e-02 4.03648553e-01
 -8.75631414e-02 6.57310219e-01
 -2.34337446e-01 9.19279342e-01
 -4.67999688e-01 1.17527315e+00
 -7.94395802e-01 1.41719399e+00
 -1.21192173e+00 1.64050448e+00
 -1.71382803e+00 1.84165879e+00
 -2.29132016e+00 2.01667949e+00
 -2.93625023e+00 2.16043922e+00
 -3.64245704e+00 2.26614687e+00
 -4.40577370e+00 2.32491440e+00
 -5.22346353e+00 2.32543318e+00
 -6.09372306e+00 2.25398245e+00
 -7.01532299e+00 2.09521739e+00
 -7.98725728e+00 1.83380447e+00
 -9.00846635e+00 1.45619742e+00
 -1.00776802e+01 9.51755429e-01
 -1.11932006e+01 3.13107989e-01
 -1.23525071e+01 -4.63734127e-01
 -1.35517820e+01 -1.37901956e+00
 -1.47854076e+01 -2.42857828e+00
 -1.60453295e+01 -3.60329700e+00
 -1.73202359e+01 -4.88935963e+00
 -1.85948153e+01 -6.26923982e+00
 -1.98496429e+01 -7.72267992e+00
 -2.10619681e+01 -9.22709578e+00
 -2.22069526e+01 -1.07578039e+01
 -2.32587599e+01 -1.22888361e+01
 -2.41915924e+01 -1.37944184e+01
 -2.49813062e+01 -1.52503476e+01
 -2.56078948e+01 -1.66344636e+01
 -2.60581128e+01 -1.79262226e+01
 -2.63265017e+01 -1.91061412e+01
 -2.64135390e+01 -2.01556734e+01
 -2.63221747e+01 -2.10572493e+01
 -2.60558418e+01 -2.17938778e+01
 -2.56190877e+01 -2.23483161e+01
 -2.50186628e+01 -2.27025377e+01
 -2.42629069e+01 -2.28381861e+01
 -2.33599901e+01 -2.27379072e+01
 -2.23167720e+01 -2.23868091e+01
 -2.11388107e+01 -2.17734813e+01
 -1.98308163e+01 -2.08906994e+01
 -1.83969449e+01 -1.97361848e+01
 -1.68409846e+01 -1.83132151e+01
 -1.51667811e+01 -1.66302783e+01
 -1.33789573e+01 -1.46992861e+01
 -1.14834831e+01 -1.25328519e+01
 -9.48769206e+00 -1.01417526e+01
 -7.39997610e+00 -7.53356742e+00
 -5.22971240e+00 -4.71310465e+00
 -2.98758497e+00 -1.68496970e+00
 -6.86179844e-01 1.54184030e+00
 1.65896136e+00 4.94843937e+00
 4.02752892e+00 8.50149720e+00
 6.39224289e+00 1.21509401e+01
 8.71732065e+00 1.58299732e+01
 1.09585178e+01 1.94568611e+01
 1.30650213e+01 2.29385785e+01
 1.49829756e+01 2.61775873e+01
 1.66599077e+01 2.90822861e+01
 1.80487936e+01 3.15781406e+01
 1.91105247e+01 3.36136443e+01
 1.98144208e+01 3.51576839e+01
 2.01379376e+01 3.61914399e+01
 2.00674934e+01 3.67019831e+01
 1.96007964e+01 3.66819350e+01
 1.87484887e+01 3.61330370e+01
 1.75330985e+01 3.50681242e+01
 1.59862676e+01 3.35090474e+01
 1.41467625e+01 3.14836615e+01
 1.20602751e+01 2.90265293e+01
 9.78009111e+00 2.61837551e+01
 7.36708810e+00 2.30173132e+01
 4.88774603e+00 1.96038695e+01
 2.40977343e+00 1.60274711e+01
 -3.32547198e-03 1.23700999e+01
 -2.29614803e+00 8.70514688e+00
 -4.42201044e+00 5.09613416e+00
 -6.34121569e+00 1.59910133e+00
 -8.01986275e+00 -1.73481307e+00
 -9.43109847e+00 -4.85872020e+00
 -1.05576864e+01 -7.73090688e+00
 -1.13930380e+01 -1.03159551e+01
 -1.19391904e+01 -1.25851024e+01
 -1.22028891e+01 -1.45155585e+01
 -1.21920986e+01 -1.60891317e+01
 -1.19141186e+01 -1.72911058e+01
 -1.13749307e+01 -1.81102787e+01
 -1.05794273e+01 -1.85402959e+01
 -9.53304006e+00 -1.85816078e+01
 -8.24501617e+00 -1.82434116e+01
 -6.73252357e+00 -1.75457274e+01
 -5.02451363e+00 -1.65224384e+01
 -3.16450577e+00 -1.52257261e+01
 -1.21042591e+00 -1.37295922e+01
 7.72058939e-01 -1.21257132e+01
 2.72426225e+00 -1.05056065e+01
 4.61107119e+00 -8.93492374e+00
 6.42763022e+00 -7.43790760e+00
 8.19079194e+00 -6.00407083e+00
 9.92316589e+00 -4.60907125e+00
 1.16417746e+01 -3.23213761e+00
 1.33555727e+01 -1.86168774e+00
 1.50680532e+01 -4.93047481e-01
 1.67802507e+01 8.75198724e-01
 1.84924005e+01 2.24337789e+00
 2.02045438e+01 3.61154799e+00
 2.19166842e+01 4.97971531e+00
 2.36288019e+01 6.34786451e+00
 2.53407482e+01 7.71587677e+00
 2.70516752e+01 9.08307442e+00
 2.87578412e+01 1.04464677e+01
 3.04465292e+01 1.17958942e+01
 3.20847017e+01 1.31049540e+01
 3.36077641e+01 1.43220295e+01
 3.49237486e+01 1.53736296e+01
 3.59453278e+01 1.61899711e+01
 3.59453278e+01 1.61899711e+01
 3.59453278e+01 1.61899711e+01
 3.59453278e+01 1.61899711e+01
 3.59453278e+01 1.61899711e+01
 3.59453278e+01 1.61899711e+01
 3.59453278e+01 1.61899711e+01
 3.59453278e+01 1.61899711e+01
 3.59453278e+01 1.61899711e+01
 3.59453278e+01 1.61899711e+01
 3.59453278e+01 1.61899711e+01
 3.59453278e+01 1.61899711e+01
 3.59453278e+01 1.61899711e+01
 3.59453278e+01 1.61899711e+01
 3.59453278e+01 1.61899711e+01
 3.59453278e+01 1.61899711e+01
 3.59453278e+01 1.61899711e+01
 3.59453278e+01 1.61899711e+01
 3.59453278e+01 1.61899711e+01
 3.59453278e+01 1.61899711e+01
 3.59453278e+01 1.61899711e+01
 3.59453278e+01 1.61899711e+01
 3.59453278e+01 1.61899711e+01
 3.59453278e+01 1.61899711e+01
 3.59453278e+01 1.61899711e+01
 3.59453278e+01 1.61899711e+01
 3.59453278e+01 1.61899711e+01
 3.59453278e+01 1.61899711e+01
 3.59453278e+01 1.61899711e+01
 3.59453278e+01 1.61899711e+01
 3.59453278e+01 1.61899711e+01
 3.59453278e+01 1.61899711e+01
 3.59453278e+01 1.61899711e+01
 3.59453278e+01 1.61899711e+01
