 0.00000000e+00 0.00000000e+00
 0.00000000e+00 0.00000000e+00
 0.00000000e+00 0.00000000e+00
 0.00000000e+00 0.00000000e+00
 1.30297388e-01 6.07873388e-02
 2.62089962e-01 1.46356915e-01
 3.63043466e-01 2.60493655e-01
 4.10318880e-01 4.08553036e-01
 3.99375041e-01 5.96997923e-01
 3.41559520e-01 8.31860743e-01
 2.54112507e-01 1.11712439e+00
 1.50100312e-01 1.45346881e+00
 3.40855407e-02 1.83760355e+00
 -9.65054450e-02 2.26241905e+00
 -2.48686904e-01 2.71805736e+00
 -4.32763940e-01 3.19373904e+00
 -6.61907899e-01 3.67958512e+00
 -9.50955197e-01 4.16720832e+00
 -1.31452046e+00 4.64866824e+00
 -1.76523831e+00 5.11500397e+00
 -2.31249796e+00 5.55581790e+00
 -2.96171976e+00 5.95982532e+00
 -3.71425198e+00 6.31511634e+00
 -4.56790407e+00 6.60856393e+00
 -5.51806793e+00 6.82503366e+00
 -6.55934566e+00 6.94710807e+00
 -7.68724474e+00 6.95534602e+00
 -8.89906475e+00 6.82901337e+00
 -1.01934020e+01 6.54747872e+00
 -1.15686500e+01 6.09195004e+00
 -1.30213122e+01 5.44679274e+00
 -1.45443690e+01 4.60056978e+00
 -1.61253100e+01 3.54772355e+00
 -1.77438407e+01 2.29096287e+00
 -1.93703518e+01 8.43289489e-01
 -2.09665680e+01 -7.71299143e-01
 -2.24885739e+01 -2.51862230e+00
 -2.38908154e+01 -4.35629264e+00
 -2.51296217e+01 -6.23636418e+00
 -2.61661593e+01 -8.10832690e+00
 -2.69693699e+01 -9.92222852e+00
 -2.75185587e+01 -1.16314999e+01
 -2.78044785e+01 -1.31950051e+01
 -2.78282731e+01 -1.45781750e+01
 -2.75987572e+01 -1.57532190e+01
 -2.71291188e+01 -1.66982035e+01
 -2.64340396e+01 -1.73950118e+01
 -2.55277918e+01 -1.78270100e+01
 -2.44233369e+01 -1.79776749e+01
 -2.31321605e+01 -1.78309342e+01
 -2.16647220e+01 -1.73730618e+01
 -2.00316197e+01 -1.65953208e+01
 -1.82451841e+01 -1.54962820e+01
 -1.63203988e+01 -1.40828789e+01
 -1.42741760e+01 -1.23697932e+01
 -1.21236061e+01 -1.03773011e+01
 -9.88494947e+00 -8.12797880e+00
 -7.57400511e+00 -5.64295221e+00
 -5.20644647e+00 -2.93878794e+00
 -2.79677327e+00 -2.62576275e-02
 -3.56939212e-01 3.08805834e+00
 2.10278913e+00 6.39701807e+00
 4.56996627e+00 9.88595418e+00
 7.02526950e+00 1.35256469e+01
 9.43971088e+00 1.72673662e+01
 1.17746001e+01 2.10411870e+01
 1.39833586e+01 2.47581983e+01
 1.60141904e+01 2.83169320e+01
 1.78134751e+01 3.16135373e+01
 1.93300224e+01 3.45538145e+01
 2.05194507e+01 3.70636865e+01
 2.13473419e+01 3.90944000e+01
 2.17906848e+01 4.06211136e+01
 2.18383521e+01 4.16372654e+01
 2.14916046e+01 4.21488410e+01
 2.07649444e+01 4.21709609e+01
 1.96864905e+01 4.17259576e+01
 1.82963859e+01 4.08405548e+01
 1.66428077e+01 3.95416558e+01
 1.47770262e+01 3.78533906e+01
 1.27493489e+01 3.57981357e+01
 1.06065849e+01 3.34007477e+01
 8.39054595e+00 3.06924812e+01
 6.13691793e+00 2.77118938e+01
 3.87450383e+00 2.45027227e+01
 1.62578352e+00 2.11106001e+01
 -5.90081022e-01 1.75810116e+01
 -2.75184023e+00 1.39601359e+01
 -4.83028520e+00 1.02980398e+01
 -6.78501517e+00 6.65164756e+00
 -8.56598322e+00 3.08500693e+00
 -1.01190760e+01 -3.33636520e-01
 -1.13927405e+01 -3.53648123e+00
 -1.23430296e+01 -6.46030347e+00
 -1.29363146e+01 -9.04859061e+00
 -1.31502301e+01 -1.12519230e+01
 -1.29735815e+01 -1.30281150e+01
 -1.24056272e+01 -1.43433125e+01
 -1.14550937e+01 -1.51741531e+01
 -1.01395702e+01 -1.55105649e+01
 -8.48589028e+00 -1.53587957e+01
 -6.53141455e+00 -1.47441062e+01
 -4.32536565e+00 -1.37122182e+01
 -1.92908623e+00 -1.23288737e+01
 5.86085530e-01 -1.06775703e+01
 3.14500758e+00 -8.85474843e+00
 5.67999449e+00 -6.95937236e+00
 8.14456297e+00 -5.07529469e+00
 1.05223332e+01 -3.25313107e+00
 1.28241587e+01 -1.50442676e+00
 1.50747388e+01 1.86753597e-01
 1.72980543e+01 1.84440181e+00
 1.95098658e+01 3.48699570e+00
 2.17178269e+01 5.12432140e+00
 2.39247672e+01 6.76020382e+00
 2.61314937e+01 8.39577632e+00
 2.83381848e+01 1.00312966e+01
 3.05448711e+01 1.16668099e+01
 3.27515540e+01 1.33023202e+01
 3.49582077e+01 1.49378089e+01
 3.71646405e+01 1.65731339e+01
 3.93697595e+01 1.82074851e+01
 4.15687424e+01 1.98372885e+01
 4.37451989e+01 2.14503961e+01
 4.58565487e+01 2.30152492e+01
 4.78195395e+01 2.44701441e+01
 4.95156390e+01 2.57272293e+01
 5.08322958e+01 2.67030858e+01
 5.08322958e+01 2.67030858e+01
 5.08322958e+01 2.67030858e+01
 5.08322958e+01 2.67030858e+01
 5.08322958e+01 2.67030858e+01
 5.08322958e+01 2.67030858e+01
 5.08322958e+01 2.67030858e+01
 5.08322958e+01 2.67030858e+01
 5.08322958e+01 2.67030858e+01
 5.08322958e+01 2.67030858e+01
 5.08322958e+01 2.67030858e+01
 5.08322958e+01 2.67030858e+01
 5.08322958e+01 2.67030858e+01
 5.08322958e+01 2.67030858e+01
 5.08322958e+01 2.67030858e+01
 5.08322958e+01 2.67030858e+01
 5.08322958e+01 2.67030858e+01
 5.08322958e+01 2.67030858e+01
 5.08322958e+01 2.67030858e+01
 5.08322958e+01 2.67030858e+01
 5.08322958e+01 2.67030858e+01
 5.08322958e+01 2.67030858e+01
 5.08322958e+01 2.67030858e+01
 5.08322958e+01 2.67030858e+01
 5.08322958e+01 2.67030858e+01
 5.08322958e+01 2.67030858e+01
 5.08322958e+01 2.67030858e+01
 5.08322958e+01 2.67030858e+01
 5.08322958e+01 2.67030858e+01
 5.08322958e+01 2.67030858e+01
 5.08322958e+01 2.67030858e+01
 5.08322958e+01 2.67030858e+01
 5.08322958e+01 2.67030858e+01
