 0.00000000e+00 0.00000000e+00
 0.00000000e+00 0.00000000e+00
 0.00000000e+00 0.00000000e+00
 0.00000000e+00 0.00000000e+00
 0.00000000e+00 0.00000000e+00
 0.00000000e+00 0.00000000e+00
 0.00000000e+00 0.00000000e+00
 0.00000000e+00 0.00000000e+00
 -2.74953028e-01 -1.12367891e-01
 -6.13492935e-01 -2.63886415e-01
 -9.78281299e-01 -4.49685017e-01
 -1.33092441e+00 -6.63874580e-01
 -1.64317411e+00 -9.02493902e-01
 -1.89762710e+00 -1.16384905e+00
 -2.08215629e+00 -1.44718801e+00
 -2.18489470e+00 -1.75114839e+00
 -2.19278270e+00 -2.07252040e+00
 -2.09278475e+00 -2.40522217e+00
 -1.87362966e+00 -2.73948300e+00
 -1.52641594e+00 -3.06150302e+00
 -1.04397302e+00 -3.35385547e+00
 -4.20546325e-01 -3.59667262e+00
 3.46935994e-01 -3.76934497e+00
 1.25690061e+00 -3.85220813e+00
 2.30227969e+00 -3.82779852e+00
 3.47105726e+00 -3.68177020e+00
 4.74694244e+00 -3.40386472e+00
 6.10955558e+00 -2.98891509e+00
 7.53507388e+00 -2.43728836e+00
 8.99808037e+00 -1.75433263e+00
 1.04736594e+01 -9.49210074e-01
 1.19382112e+01 -3.39816226e-02
 1.33687891e+01 9.76652156e-01
 1.47421403e+01 2.06541204e+00
 1.60345694e+01 3.21297209e+00
 1.72226961e+01 4.39898722e+00
 1.82844468e+01 5.60302627e+00
 1.91998238e+01 6.80498578e+00
 1.99515293e+01 7.98519780e+00
 2.05256232e+01 9.12474897e+00
 2.09122283e+01 1.02062126e+01
 2.11062093e+01 1.12144405e+01
 2.11075918e+01 1.21368424e+01
 2.09212249e+01 1.29629252e+01
 2.05553659e+01 1.36833763e+01
 2.00195671e+01 1.42891243e+01
 1.93227932e+01 1.47706626e+01
 1.84725461e+01 1.51177271e+01
 1.74752173e+01 1.53192815e+01
 1.63373103e+01 1.53638178e+01
 1.50666736e+01 1.52401276e+01
 1.36729156e+01 1.49385449e+01
 1.21670925e+01 1.44523610e+01
 1.05616395e+01 1.37791457e+01
 8.87115525e+00 1.29218328e+01
 7.11351887e+00 1.18892368e+01
 5.31040116e+00 1.06956481e+01
 3.48682923e+00 9.35965189e+00
 1.67008428e+00 7.90266422e+00
 -1.11731490e-01 6.34741462e+00
 -1.83128242e+00 4.71630455e+00
 -3.46352741e+00 3.02981402e+00
 -4.98682846e+00 1.30562514e+00
 -6.38332238e+00 -4.40918616e-01
 -7.63850561e+00 -2.19519231e+00
 -8.74026477e+00 -3.94140717e+00
 -9.67774948e+00 -5.66131887e+00
 -1.04404680e+01 -7.33392531e+00
 -1.10177492e+01 -8.93618733e+00
 -1.13984778e+01 -1.04444297e+01
 -1.15711357e+01 -1.18358007e+01
 -1.15244789e+01 -1.30894120e+01
 -1.12489439e+01 -1.41872697e+01
 -1.07381625e+01 -1.51151519e+01
 -9.98980011e+00 -1.58632355e+01
 -9.00565126e+00 -1.64260336e+01
 -7.79167154e+00 -1.68014923e+01
 -6.35866878e+00 -1.69898997e+01
 -4.72364677e+00 -1.69937964e+01
 -2.91094439e+00 -1.68193244e+01
 -9.52379150e-01 -1.64780093e+01
 1.11354034e+00 -1.59875136e+01
 3.24300685e+00 -1.53708262e+01
 5.38925221e+00 -1.46544265e+01
 7.50643417e+00 -1.38662513e+01
 9.55483716e+00 -1.30339054e+01
 1.15062059e+01 -1.21830463e+01
 1.33478265e+01 -1.13356024e+01
 1.50839513e+01 -1.05076727e+01
 1.67331337e+01 -9.70764471e+00
 1.83213544e+01 -8.93579548e+00
 1.98736520e+01 -8.18633028e+00
 2.14083725e+01 -7.45116987e+00
 2.29360235e+01 -6.72337930e+00
 2.44613559e+01 -5.99863880e+00
 2.59860718e+01 -5.27490743e+00
 2.75106556e+01 -4.55144171e+00
 2.90352166e+01 -3.82803142e+00
 3.05597744e+01 -3.10463027e+00
 3.20843317e+01 -2.38123039e+00
 3.36088869e+01 -1.65783161e+00
 3.51334220e+01 -9.34442383e-01
 3.66578045e+01 -2.11125550e-01
 3.81812793e+01 5.11760562e-01
 3.97005148e+01 1.23263515e+00
 4.12041872e+01 1.94612505e+00
 4.26628786e+01 2.63827159e+00
 4.40190716e+01 3.28178280e+00
 4.51908746e+01 3.83780124e+00
 4.61005277e+01 4.26943007e+00
 4.61005277e+01 4.26943007e+00
 4.61005277e+01 4.26943007e+00
 4.61005277e+01 4.26943007e+00
 4.61005277e+01 4.26943007e+00
 4.61005277e+01 4.26943007e+00
 4.61005277e+01 4.26943007e+00
 4.61005277e+01 4.26943007e+00
 4.61005277e+01 4.26943007e+00
 4.61005277e+01 4.26943007e+00
 4.61005277e+01 4.26943007e+00
 4.61005277e+01 4.26943007e+00
 4.61005277e+01 4.26943007e+00
 4.61005277e+01 4.26943007e+00
 4.61005277e+01 4.26943007e+00
 4.61005277e+01 4.26943007e+00
 4.61005277e+01 4.26943007e+00
 4.61005277e+01 4.26943007e+00
 4.61005277e+01 4.26943007e+00
 4.61005277e+01 4.26943007e+00
 4.61005277e+01 4.26943007e+00
 4.61005277e+01 4.26943007e+00
 4.61005277e+01 4.26943007e+00
 4.61005277e+01 4.26943007e+00
 4.61005277e+01 4.26943007e+00
 4.61005277e+01 4.26943007e+00
 4.61005277e+01 4.26943007e+00
 4.61005277e+01 4.26943007e+00
 4.61005277e+01 4.26943007e+00
 4.61005277e+01 4.26943007e+00
 4.61005277e+01 4.26943007e+00
 4.61005277e+01 4.26943007e+00
 4.61005277e+01 4.26943007e+00
 4.61005277e+01 4.26943007e+00
 4.61005277e+01 4.26943007e+00
 4.61005277e+01 4.26943007e+00
 4.61005277e+01 4.26943007e+00
 4.61005277e+01 4.26943007e+00
 4.61005277e+01 4.26943007e+00
 4.61005277e+01 4.26943007e+00
 4.61005277e+01 4.26943007e+00
 4.61005277e+01 4.26943007e+00
 4.61005277e+01 4.26943007e+00
 4.61005277e+01 4.26943007e+00
 4.61005277e+01 4.26943007e+00
 4.61005277e+01 4.26943007e+00
 4.61005277e+01 4.26943007e+00
 4.61005277e+01 4.26943007e+00
 4.61005277e+01 4.26943007e+00
 4.61005277e+01 4.26943007e+00
 4.61005277e+01 4.26943007e+00
 4.61005277e+01 4.26943007e+00
 4.61005277e+01 4.26943007e+00
 4.61005277e+01 4.26943007e+00
 4.61005277e+01 4.26943007e+00
 4.61005277e+01 4.26943007e+00
 4.61005277e+01 4.26943007e+00
 4.61005277e+01 4.26943007e+00
 4.61005277e+01 4.26943007e+00
 4.61005277e+01 4.26943007e+00
 4.61005277e+01 4.26943007e+00
 4.61005277e+01 4.26943007e+00
 4.61005277e+01 4.26943007e+00
 4.61005277e+01 4.26943007e+00
 4.61005277e+01 4.26943007e+00
