 0.00000000e+00 0.00000000e+00
 0.00000000e+00 0.00000000e+00
 0.00000000e+00 0.00000000e+00
 0.00000000e+00 0.00000000e+00
 -1.89695379e-01 -8.71292955e-02
 -4.23436065e-01 -1.98423459e-01
 -6.77664907e-01 -3.25989143e-01
 -9.28933905e-01 -4.62088644e-01
 -1.16013809e+00 -6.02036628e-01
 -1.36050075e+00 -7.44426135e-01
 -1.52277810e+00 -8.90029961e-01
 -1.64079128e+00 -1.04083020e+00
 -1.70777504e+00 -1.19934087e+00
 -1.71524542e+00 -1.36769738e+00
 -1.65267340e+00 -1.54633943e+00
 -1.50833220e+00 -1.73276492e+00
 -1.27082179e+00 -1.92092146e+00
 -9.30121574e-01 -2.10125820e+00
 -4.77713784e-01 -2.26113381e+00
 9.34613233e-02 -2.38551628e+00
 7.88379397e-01 -2.45792030e+00
 1.60869930e+00 -2.46118013e+00
 2.55149491e+00 -2.37799790e+00
 3.60836846e+00 -2.19202820e+00
 4.76518420e+00 -1.88990149e+00
 6.00256799e+00 -1.46326285e+00
 7.29711552e+00 -9.09696104e-01
 8.62310679e+00 -2.32524428e-01
 9.95449540e+00 5.59849740e-01
 1.12667695e+01 1.45469983e+00
 1.25381512e+01 2.43579460e+00
 1.37499991e+01 3.48429511e+00
 1.48868348e+01 4.57983589e+00
 1.59362826e+01 5.70194300e+00
 1.68885933e+01 6.83159039e+00
 1.77353684e+01 7.95225085e+00
 1.84678637e+01 9.05000761e+00
 1.90760086e+01 1.01131045e+01
 1.95491780e+01 1.11316714e+01
 1.98786502e+01 1.20977390e+01
 2.00602323e+01 1.30049514e+01
 2.00951585e+01 1.38476184e+01
 1.99888308e+01 1.46195741e+01
 1.97487483e+01 1.53135641e+01
 1.93829866e+01 1.59212600e+01
 1.88992451e+01 1.64333814e+01
 1.83037031e+01 1.68396643e+01
 1.75994095e+01 1.71290912e+01
 1.67849819e+01 1.72907097e+01
 1.58549074e+01 1.73145021e+01
 1.48018855e+01 1.71916785e+01
 1.36201433e+01 1.69148301e+01
 1.23081629e+01 1.64787265e+01
 1.08700792e+01 1.58814468e+01
 9.31590672e+00 1.51248360e+01
 7.66105813e+00 1.42139783e+01
 5.92552414e+00 1.31562599e+01
 4.13278584e+00 1.19606838e+01
 2.30824694e+00 1.06376808e+01
 4.77140979e-01 9.19919149e+00
 -1.33746104e+00 7.65865375e+00
 -3.11537714e+00 6.03092468e+00
 -4.83796285e+00 4.33262626e+00
 -6.48524016e+00 2.58308189e+00
 -8.03343184e+00 8.05045944e-01
 -9.45476202e+00 -9.75927867e-01
 -1.07197410e+01 -2.73366241e+00
 -1.18003863e+01 -4.44389438e+00
 -1.26726111e+01 -6.08574061e+00
 -1.33175343e+01 -7.64175483e+00
 -1.37227676e+01 -9.09737368e+00
 -1.38839969e+01 -1.04405956e+01
 -1.38056240e+01 -1.16619615e+01
 -1.34993489e+01 -1.27542848e+01
 -1.29811275e+01 -1.37116074e+01
 -1.22678726e+01 -1.45274270e+01
 -1.13749759e+01 -1.51929500e+01
 -1.03149529e+01 -1.56964549e+01
 -9.09702270e+00 -1.60244073e+01
 -7.72756079e+00 -1.61639429e+01
 -6.21161683e+00 -1.61055038e+01
 -4.55532263e+00 -1.58445892e+01
 -2.76840617e+00 -1.53827120e+01
 -8.66221399e-01 -1.47284772e+01
 1.12861170e+00 -1.38991398e+01
 3.18505790e+00 -1.29217038e+01
 5.26407182e+00 -1.18321627e+01
 7.32162966e+00 -1.06723414e+01
 9.31431121e+00 -9.48492003e+00
 1.12067202e+01 -8.30761906e+00
 1.29796781e+01 -7.16762131e+00
 1.46360692e+01 -6.07784194e+00
 1.61993376e+01 -5.03699588e+00
 1.77030557e+01 -4.03405932e+00
 1.91774845e+01 -3.05500247e+00
 2.06416962e+01 -2.08822084e+00
 2.21040003e+01 -1.12657762e+00
 2.35665907e+01 -1.66679561e-01
 2.50295519e+01 7.92739371e-01
 2.64926673e+01 1.75205232e+00
 2.79558239e+01 2.71134642e+00
 2.94189884e+01 3.67063784e+00
 3.08821540e+01 4.62992885e+00
 3.23453177e+01 5.58921852e+00
 3.38084621e+01 6.54849554e+00
 3.52714601e+01 7.50767656e+00
 3.67335869e+01 8.46628640e+00
 3.81916452e+01 9.42222879e+00
 3.96347670e+01 1.03683784e+01
 4.10347192e+01 1.12862249e+01
 4.23363004e+01 1.21395768e+01
 4.34609166e+01 1.28769056e+01
 4.43339394e+01 1.34492829e+01
 4.43339394e+01 1.34492829e+01
 4.43339394e+01 1.34492829e+01
 4.43339394e+01 1.34492829e+01
 4.43339394e+01 1.34492829e+01
 4.43339394e+01 1.34492829e+01
 4.43339394e+01 1.34492829e+01
 4.43339394e+01 1.34492829e+01
 4.43339394e+01 1.34492829e+01
 4.43339394e+01 1.34492829e+01
 4.43339394e+01 1.34492829e+01
 4.43339394e+01 1.34492829e+01
 4.43339394e+01 1.34492829e+01
 4.43339394e+01 1.34492829e+01
 4.43339394e+01 1.34492829e+01
 4.43339394e+01 1.34492829e+01
 4.43339394e+01 1.34492829e+01
 4.43339394e+01 1.34492829e+01
 4.43339394e+01 1.34492829e+01
 4.43339394e+01 1.34492829e+01
 4.43339394e+01 1.34492829e+01
 4.43339394e+01 1.34492829e+01
 4.43339394e+01 1.34492829e+01
 4.43339394e+01 1.34492829e+01
 4.43339394e+01 1.34492829e+01
 4.43339394e+01 1.34492829e+01
 4.43339394e+01 1.34492829e+01
 4.43339394e+01 1.34492829e+01
 4.43339394e+01 1.34492829e+01
 4.43339394e+01 1.34492829e+01
 4.43339394e+01 1.34492829e+01
 4.43339394e+01 1.34492829e+01
 4.43339394e+01 1.34492829e+01
 4.43339394e+01 1.34492829e+01
 4.43339394e+01 1.34492829e+01
 4.43339394e+01 1.34492829e+01
 4.43339394e+01 1.34492829e+01
 4.43339394e+01 1.34492829e+01
 4.43339394e+01 1.34492829e+01
 4.43339394e+01 1.34492829e+01
 4.43339394e+01 1.34492829e+01
 4.43339394e+01 1.34492829e+01
 4.43339394e+01 1.34492829e+01
 4.43339394e+01 1.34492829e+01
 4.43339394e+01 1.34492829e+01
 4.43339394e+01 1.34492829e+01
 4.43339394e+01 1.34492829e+01
 4.43339394e+01 1.34492829e+01
 4.43339394e+01 1.34492829e+01
 4.43339394e+01 1.34492829e+01
 4.43339394e+01 1.34492829e+01
 4.43339394e+01 1.34492829e+01
 4.43339394e+01 1.34492829e+01
 4.43339394e+01 1.34492829e+01
 4.43339394e+01 1.34492829e+01
 4.43339394e+01 1.34492829e+01
 4.43339394e+01 1.34492829e+01
 4.43339394e+01 1.34492829e+01
 4.43339394e+01 1.34492829e+01
 4.43339394e+01 1.34492829e+01
 4.43339394e+01 1.34492829e+01
 4.43339394e+01 1.34492829e+01
