 0.00000000e+00 0.00000000e+00
 0.00000000e+00 0.00000000e+00
 0.00000000e+00 0.00000000e+00
 0.00000000e+00 0.00000000e+00
 -1.31938873e-01 -5.04647647e-02
 -2.89936749e-01 -1.15515972e-01
 -4.53754950e-01 -1.89711542e-01
 -6.02988088e-01 -2.66834902e-01
 -7.22928187e-01 -3.43110149e-01
 -8.06072945e-01 -4.19262296e-01
 -8.49951037e-01 -5.00106669e-01
 -8.52755042e-01 -5.92009990e-01
 -8.09328893e-01 -7.00482906e-01
 -7.10572344e-01 -8.29675678e-01
 -5.46379292e-01 -9.82911101e-01
 -3.08387559e-01 -1.16226150e+00
 1.02810852e-02 -1.36684609e+00
 4.16700370e-01 -1.59129920e+00
 9.18194397e-01 -1.82561766e+00
 1.52039123e+00 -2.05619161e+00
 2.22519082e+00 -2.26706829e+00
 3.03017846e+00 -2.44086918e+00
 3.92943517e+00 -2.55944777e+00
 4.91461550e+00 -2.60468693e+00
 5.97529035e+00 -2.55972269e+00
 7.09873782e+00 -2.41036261e+00
 8.27030369e+00 -2.14601531e+00
 9.47499110e+00 -1.75978503e+00
 1.06996857e+01 -1.24808679e+00
 1.19347571e+01 -6.10222777e-01
 1.31741136e+01 1.51958512e-01
 1.44136798e+01 1.03423576e+00
 1.56491414e+01 2.02989541e+00
 1.68740544e+01 3.12937537e+00
 1.80787769e+01 4.31984477e+00
 1.92498695e+01 5.58483585e+00
 2.03695630e+01 6.90404931e+00
 2.14155895e+01 8.25354977e+00
 2.23622169e+01 9.60662305e+00
 2.31829745e+01 1.09354558e+01
 2.38543427e+01 1.22133747e+01
 2.43586224e+01 1.34168751e+01
 2.46846112e+01 1.45267264e+01
 2.48265879e+01 1.55281384e+01
 2.47833234e+01 1.64104292e+01
 2.45576244e+01 1.71663164e+01
 2.41551048e+01 1.77906402e+01
 2.35816084e+01 1.82787755e+01
 2.28409620e+01 1.86254402e+01
 2.19348438e+01 1.88241377e+01
 2.08644957e+01 1.88669253e+01
 1.96328382e+01 1.87447690e+01
 1.82459525e+01 1.84492714e+01
 1.67133705e+01 1.79753597e+01
 1.50469566e+01 1.73230851e+01
 1.32590977e+01 1.64973996e+01
 1.13617389e+01 1.55066140e+01
 9.36723138e+00 1.43608708e+01
 7.29039262e+00 1.30713262e+01
 5.15021829e+00 1.16500027e+01
 2.97021729e+00 1.01099093e+01
 7.77844955e-01 8.46508847e+00
 -1.39558718e+00 6.73066326e+00
 -3.51409989e+00 4.92331960e+00
 -5.53688703e+00 3.06238291e+00
 -7.42079149e+00 1.17083662e+00
 -9.12526020e+00 -7.24681850e-01
 -1.06172307e+01 -2.59518607e+00
 -1.18734489e+01 -4.41143177e+00
 -1.28798918e+01 -6.14617569e+00
 -1.36298315e+01 -7.77616246e+00
 -1.41222057e+01 -9.28345335e+00
 -1.43610376e+01 -1.06559113e+01
 -1.43556142e+01 -1.18869662e+01
 -1.41201268e+01 -1.29748140e+01
 -1.36714084e+01 -1.39210599e+01
 -1.30252105e+01 -1.47288644e+01
 -1.21932973e+01 -1.54009568e+01
 -1.11829264e+01 -1.59382320e+01
 -9.99822265e+00 -1.63394821e+01
 -8.64223248e+00 -1.66019844e+01
 -7.11914274e+00 -1.67221909e+01
 -5.43672725e+00 -1.66963903e+01
 -3.60891021e+00 -1.65219754e+01
 -1.65786692e+00 -1.61995629e+01
 3.85087884e-01 -1.57351301e+01
 2.48030454e+00 -1.51410034e+01
 4.58225037e+00 -1.44353780e+01
 6.64307664e+00 -1.36409634e+01
 8.61679911e+00 -1.27833257e+01
 1.04643490e+01 -1.18889316e+01
 1.21602648e+01 -1.09827782e+01
 1.37001941e+01 -1.00858284e+01
 1.51047027e+01 -9.21269266e+00
 1.64136711e+01 -8.37011426e+00
 1.76714581e+01 -7.55705105e+00
 1.89117130e+01 -6.76691425e+00
 2.01514329e+01 -5.99125853e+00
 2.13950114e+01 -5.22301832e+00
 2.26414923e+01 -4.45783758e+00
 2.38892649e+01 -3.69366749e+00
 2.51374447e+01 -2.92976325e+00
 2.63857203e+01 -2.16591446e+00
 2.76340130e+01 -1.40207481e+00
 2.88823080e+01 -6.38236433e-01
 3.01306015e+01 1.25600786e-01
 3.13788785e+01 8.89427923e-01
 3.26270306e+01 1.65317862e+00
 3.38744395e+01 2.41647451e+00
 3.51183773e+01 3.17764644e+00
 3.63495721e+01 3.93102087e+00
 3.75439370e+01 4.66185883e+00
 3.86543769e+01 5.34134271e+00
 3.96138397e+01 5.92844293e+00
 4.03586564e+01 6.38420008e+00
 4.03586564e+01 6.38420008e+00
 4.03586564e+01 6.38420008e+00
 4.03586564e+01 6.38420008e+00
 4.03586564e+01 6.38420008e+00
 4.03586564e+01 6.38420008e+00
 4.03586564e+01 6.38420008e+00
 4.03586564e+01 6.38420008e+00
 4.03586564e+01 6.38420008e+00
 4.03586564e+01 6.38420008e+00
 4.03586564e+01 6.38420008e+00
 4.03586564e+01 6.38420008e+00
 4.03586564e+01 6.38420008e+00
 4.03586564e+01 6.38420008e+00
 4.03586564e+01 6.38420008e+00
 4.03586564e+01 6.38420008e+00
 4.03586564e+01 6.38420008e+00
 4.03586564e+01 6.38420008e+00
 4.03586564e+01 6.38420008e+00
 4.03586564e+01 6.38420008e+00
 4.03586564e+01 6.38420008e+00
 4.03586564e+01 6.38420008e+00
 4.03586564e+01 6.38420008e+00
 4.03586564e+01 6.38420008e+00
 4.03586564e+01 6.38420008e+00
 4.03586564e+01 6.38420008e+00
 4.03586564e+01 6.38420008e+00
 4.03586564e+01 6.38420008e+00
 4.03586564e+01 6.38420008e+00
 4.03586564e+01 6.38420008e+00
 4.03586564e+01 6.38420008e+00
 4.03586564e+01 6.38420008e+00
 4.03586564e+01 6.38420008e+00
 4.03586564e+01 6.38420008e+00
 4.03586564e+01 6.38420008e+00
 4.03586564e+01 6.38420008e+00
 4.03586564e+01 6.38420008e+00
 4.03586564e+01 6.38420008e+00
 4.03586564e+01 6.38420008e+00
 4.03586564e+01 6.38420008e+00
 4.03586564e+01 6.38420008e+00
 4.03586564e+01 6.38420008e+00
 4.03586564e+01 6.38420008e+00
 4.03586564e+01 6.38420008e+00
 4.03586564e+01 6.38420008e+00
 4.03586564e+01 6.38420008e+00
 4.03586564e+01 6.38420008e+00
 4.03586564e+01 6.38420008e+00
 4.03586564e+01 6.38420008e+00
 4.03586564e+01 6.38420008e+00
 4.03586564e+01 6.38420008e+00
 4.03586564e+01 6.38420008e+00
 4.03586564e+01 6.38420008e+00
 4.03586564e+01 6.38420008e+00
 4.03586564e+01 6.38420008e+00
 4.03586564e+01 6.38420008e+00
 4.03586564e+01 6.38420008e+00
 4.03586564e+01 6.38420008e+00
 4.03586564e+01 6.38420008e+00
 4.03586564e+01 6.38420008e+00
