 0.00000000e+00 0.00000000e+00
 0.00000000e+00 0.00000000e+00
 0.00000000e+00 0.00000000e+00
 0.00000000e+00 0.00000000e+00
 -6.97696803e-02 -4.10333775e-05
 -1.58889282e-01 -2.35380429e-04
 -2.56604513e-01 -9.65422412e-04
 -3.48464275e-01 -3.15603958e-03
 -4.21388421e-01 -8.46502960e-03
 -4.67176113e-01 -1.90388128e-02
 -4.81045045e-01 -3.68267579e-02
 -4.55440987e-01 -6.31377784e-02
 -3.74367479e-01 -9.90383909e-02
 -2.13875098e-01 -1.45932380e-01
 5.16054871e-02 -2.04963357e-01
 4.43030224e-01 -2.75192172e-01
 9.74873509e-01 -3.52171404e-01
 1.65590255e+00 -4.28165044e-01
 2.48902769e+00 -4.93551853e-01
 3.46993083e+00 -5.38162454e-01
 4.58649775e+00 -5.51747890e-01
 5.82000256e+00 -5.23760395e-01
 7.14725723e+00 -4.43629064e-01
 8.54260596e+00 -3.02318785e-01
 9.97943022e+00 -9.39968868e-02
 1.14316443e+01 1.83971819e-01
 1.28755173e+01 5.32496113e-01
 1.42913284e+01 9.52030227e-01
 1.56642230e+01 1.44301367e+00
 1.69844031e+01 2.00619159e+00
 1.82471983e+01 2.64318302e+00
 1.94529972e+01 3.35671214e+00
 2.06062755e+01 4.14993502e+00
 2.17130487e+01 5.02488034e+00
 2.27770983e+01 5.98027563e+00
 2.37963392e+01 7.00931981e+00
 2.47607966e+01 8.09852304e+00
 2.56529123e+01 9.22852523e+00
 2.64498200e+01 1.03764715e+01
 2.71263871e+01 1.15185562e+01
 2.76578545e+01 1.26318509e+01
 2.80218962e+01 1.36956028e+01
 2.82006473e+01 1.46924662e+01
 2.81827108e+01 1.56095284e+01
 2.79640536e+01 1.64383796e+01
 2.75466286e+01 1.71736035e+01
 2.69350756e+01 1.78099538e+01
 2.61335769e+01 1.83393733e+01
 2.51448558e+01 1.87491517e+01
 2.39714111e+01 1.90219940e+01
 2.26176303e+01 1.91380639e+01
 2.10916520e+01 1.90783810e+01
 1.94065171e+01 1.88283431e+01
 1.75802043e+01 1.83800419e+01
 1.56344316e+01 1.77329270e+01
 1.35930793e+01 1.68935390e+01
 1.14813411e+01 1.58751142e+01
 9.32561989e+00 1.46969636e+01
 7.15332086e+00 1.33831358e+01
 4.99216998e+00 1.19604249e+01
 2.86957755e+00 1.04562793e+01
 8.12723234e-01 8.89700669e+00
 -1.15070121e+00 7.30643088e+00
 -2.99205374e+00 5.70524618e+00
 -4.68259355e+00 4.11128955e+00
 -6.19568667e+00 2.54043824e+00
 -7.50961705e+00 1.00732287e+00
 -8.61006736e+00 -4.74788323e-01
 -9.49141094e+00 -1.89473319e+00
 -1.01562715e+01 -3.24398573e+00
 -1.06135178e+01 -4.51645857e+00
 -1.08755149e+01 -5.70791054e+00
 -1.09557164e+01 -6.81563108e+00
 -1.08675787e+01 -7.83862633e+00
 -1.06247417e+01 -8.77777663e+00
 -1.02408072e+01 -9.63512044e+00
 -9.72736681e+00 -1.04120913e+01
 -9.09139972e+00 -1.11075507e+01
 -8.33402581e+00 -1.17165483e+01
 -7.45093253e+00 -1.22300687e+01
 -6.43384698e+00 -1.26356932e+01
 -5.27304893e+00 -1.29190501e+01
 -3.96087252e+00 -1.30656409e+01
 -2.49507113e+00 -1.30625625e+01
 -8.80679769e-01 -1.29001716e+01
 8.69798956e-01 -1.25740486e+01
 2.73688525e+00 -1.20870375e+01
 4.69446095e+00 -1.14504511e+01
 6.71020873e+00 -1.06837923e+01
 8.74696060e+00 -9.81316941e+00
 1.07652801e+01 -8.86890754e+00
 1.27269144e+01 -7.88263535e+00
 1.45987487e+01 -6.88405090e+00
 1.63573890e+01 -5.89777284e+00
 1.79941990e+01 -4.94087377e+00
 1.95186064e+01 -4.02166023e+00
 2.09558625e+01 -3.14005358e+00
 2.23380563e+01 -2.28964114e+00
 2.36930752e+01 -1.46097266e+00
 2.50383601e+01 -6.44963776e-01
 2.63816061e+01 1.64955672e-01
 2.77249572e+01 9.72481762e-01
 2.90685862e+01 1.77924657e+00
 3.04123382e+01 2.58581694e+00
 3.17561239e+01 3.39234768e+00
 3.30999162e+01 4.19887200e+00
 3.44437093e+01 5.00539542e+00
 3.57875007e+01 5.81191766e+00
 3.71312743e+01 6.61842925e+00
 3.84749135e+01 7.42486013e+00
 3.98177526e+01 8.23081079e+00
 4.11568550e+01 9.03451880e+00
 4.24822396e+01 9.82999357e+00
 4.37679766e+01 1.06016725e+01
 4.49633682e+01 1.13191275e+01
 4.59962325e+01 1.19390363e+01
 4.67980297e+01 1.24202622e+01
 4.67980297e+01 1.24202622e+01
 4.67980297e+01 1.24202622e+01
 4.67980297e+01 1.24202622e+01
 4.67980297e+01 1.24202622e+01
 4.67980297e+01 1.24202622e+01
 4.67980297e+01 1.24202622e+01
 4.67980297e+01 1.24202622e+01
 4.67980297e+01 1.24202622e+01
 4.67980297e+01 1.24202622e+01
 4.67980297e+01 1.24202622e+01
 4.67980297e+01 1.24202622e+01
 4.67980297e+01 1.24202622e+01
 4.67980297e+01 1.24202622e+01
 4.67980297e+01 1.24202622e+01
 4.67980297e+01 1.24202622e+01
 4.67980297e+01 1.24202622e+01
 4.67980297e+01 1.24202622e+01
 4.67980297e+01 1.24202622e+01
 4.67980297e+01 1.24202622e+01
 4.67980297e+01 1.24202622e+01
 4.67980297e+01 1.24202622e+01
 4.67980297e+01 1.24202622e+01
 4.67980297e+01 1.24202622e+01
 4.67980297e+01 1.24202622e+01
 4.67980297e+01 1.24202622e+01
 4.67980297e+01 1.24202622e+01
 4.67980297e+01 1.24202622e+01
 4.67980297e+01 1.24202622e+01
 4.67980297e+01 1.24202622e+01
 4.67980297e+01 1.24202622e+01
 4.67980297e+01 1.24202622e+01
 4.67980297e+01 1.24202622e+01
 4.67980297e+01 1.24202622e+01
 4.67980297e+01 1.24202622e+01
 4.67980297e+01 1.24202622e+01
 4.67980297e+01 1.24202622e+01
 4.67980297e+01 1.24202622e+01
 4.67980297e+01 1.24202622e+01
 4.67980297e+01 1.24202622e+01
 4.67980297e+01 1.24202622e+01
 4.67980297e+01 1.24202622e+01
 4.67980297e+01 1.24202622e+01
 4.67980297e+01 1.24202622e+01
 4.67980297e+01 1.24202622e+01
 4.67980297e+01 1.24202622e+01
 4.67980297e+01 1.24202622e+01
 4.67980297e+01 1.24202622e+01
 4.67980297e+01 1.24202622e+01
 4.67980297e+01 1.24202622e+01
 4.67980297e+01 1.24202622e+01
 4.67980297e+01 1.24202622e+01
 4.67980297e+01 1.24202622e+01
 4.67980297e+01 1.24202622e+01
 4.67980297e+01 1.24202622e+01
 4.67980297e+01 1.24202622e+01
 4.67980297e+01 1.24202622e+01
 4.67980297e+01 1.24202622e+01
