 0.00000000e+00 0.00000000e+00
 0.00000000e+00 0.00000000e+00
 0.00000000e+00 0.00000000e+00
 0.00000000e+00 0.00000000e+00
 -1.83967489e-01 -1.40237755e-01
 -3.92571816e-01 -3.14465931e-01
 -5.91739859e-01 -5.08214388e-01
 -7.51199160e-01 -7.09035397e-01
 -8.52595143e-01 -9.11032496e-01
 -8.88547801e-01 -1.11413059e+00
 -8.57055626e-01 -1.32071192e+00
 -7.56580209e-01 -1.53253038e+00
 -5.83906606e-01 -1.74893186e+00
 -3.34029858e-01 -1.96615705e+00
 -5.91813068e-04 -2.17725638e+00
 4.23903471e-01 -2.37239251e+00
 9.47943599e-01 -2.53962548e+00
 1.58035809e+00 -2.66614298e+00
 2.32888250e+00 -2.73938487e+00
 3.19826339e+00 -2.74752064e+00
 4.18854409e+00 -2.67957588e+00
 5.29402738e+00 -2.52604465e+00
 6.50302622e+00 -2.28014117e+00
 7.79832549e+00 -1.93882199e+00
 9.15856075e+00 -1.50270139e+00
 1.05607571e+01 -9.74835264e-01
 1.19833677e+01 -3.59113431e-01
 1.34083773e+01 3.40819145e-01
 1.48216989e+01 1.12164004e+00
 1.62123804e+01 1.97964705e+00
 1.75713891e+01 2.90980240e+00
 1.88900384e+01 3.90483375e+00
 2.01578209e+01 4.95445400e+00
 2.13601511e+01 6.04489508e+00
 2.24773764e+01 7.15923064e+00
 2.34861214e+01 8.27881967e+00
 2.43625500e+01 9.38555163e+00
 2.50858415e+01 1.04639690e+01
 2.56404021e+01 1.15023713e+01
 2.60167296e+01 1.24927178e+01
 2.62116396e+01 1.34298908e+01
 2.62279436e+01 1.43108499e+01
 2.60730714e+01 1.51335996e+01
 2.57567142e+01 1.58957421e+01
 2.52884301e+01 1.65929510e+01
 2.46760439e+01 1.72181260e+01
 2.39248828e+01 1.77616942e+01
 2.30374736e+01 1.82127508e+01
 2.20136008e+01 1.85601252e+01
 2.08509984e+01 1.87926209e+01
 1.95468397e+01 1.88985008e+01
 1.80995866e+01 1.88649256e+01
 1.65103924e+01 1.86779341e+01
 1.47837664e+01 1.83231665e+01
 1.29279914e+01 1.77873292e+01
 1.09555263e+01 1.70602433e+01
 8.88285351e+00 1.61370518e+01
 6.72950772e+00 1.50199767e+01
 4.51714288e+00 1.37190885e+01
 2.26970405e+00 1.22518808e+01
 1.45478655e-02 1.06417848e+01
 -2.21695489e+00 8.91583023e+00
 -4.39054457e+00 7.10166855e+00
 -6.47142245e+00 5.22451377e+00
 -8.42623596e+00 3.30493824e+00
 -1.02240448e+01 1.35831804e+00
 -1.18371438e+01 -6.03962484e-01
 -1.32425946e+01 -2.57213370e+00
 -1.44240069e+01 -4.53530502e+00
 -1.53723602e+01 -6.47905035e+00
 -1.60851836e+01 -8.38394476e+00
 -1.65644700e+01 -1.02256106e+01
 -1.68143811e+01 -1.19762923e+01
 -1.68396701e+01 -1.36073157e+01
 -1.66451082e+01 -1.50916843e+01
 -1.62356226e+01 -1.64062748e+01
 -1.56165840e+01 -1.75331568e+01
 -1.47938510e+01 -1.84597405e+01
 -1.37738473e+01 -1.91778472e+01
 -1.25643477e+01 -1.96820944e+01
 -1.11759383e+01 -1.99682189e+01
 -9.62302367e+00 -2.00321384e+01
 -7.92334751e+00 -1.98703001e+01
 -6.09642562e+00 -1.94812898e+01
 -4.16239388e+00 -1.88682401e+01
 -2.14235004e+00 -1.80413059e+01
 -5.98771409e-02 -1.70192948e+01
 2.05758017e+00 -1.58297940e+01
 4.17854863e+00 -1.45078283e+01
 6.26827747e+00 -1.30935665e+01
 8.28927567e+00 -1.16294846e+01
 1.02014509e+01 -1.01571020e+01
 1.19631798e+01 -8.71356715e+00
 1.35345394e+01 -7.32883862e+00
 1.48825201e+01 -6.02422096e+00
 1.59874927e+01 -4.81218135e+00
 1.68506113e+01 -3.69644011e+00
 1.75004350e+01 -2.67159776e+00
 1.79931269e+01 -1.72322335e+00
 1.83999656e+01 -8.30419169e-01
 1.87847750e+01 2.87536398e-02
 1.91853807e+01 8.71677900e-01
 1.96115705e+01 1.70870988e+00
 2.00569881e+01 2.54435277e+00
 2.05122850e+01 3.37991861e+00
 2.09713407e+01 4.21558093e+00
 2.14314856e+01 5.05129263e+00
 2.18918740e+01 5.88701839e+00
 2.23523045e+01 6.72274693e+00
 2.28127406e+01 7.55847579e+00
 2.32731767e+01 8.39420356e+00
 2.37336067e+01 9.22992030e+00
 2.41939907e+01 1.00655534e+01
 2.46541005e+01 1.09006889e+01
 2.51129301e+01 1.17335006e+01
 2.55670593e+01 1.25577808e+01
 2.60076037e+01 1.33574035e+01
 2.64171922e+01 1.41008388e+01
 2.67710924e+01 1.47431955e+01
 2.70458199e+01 1.52418475e+01
 2.70458199e+01 1.52418475e+01
 2.70458199e+01 1.52418475e+01
 2.70458199e+01 1.52418475e+01
 2.70458199e+01 1.52418475e+01
 2.70458199e+01 1.52418475e+01
 2.70458199e+01 1.52418475e+01
 2.70458199e+01 1.52418475e+01
 2.70458199e+01 1.52418475e+01
 2.70458199e+01 1.52418475e+01
 2.70458199e+01 1.52418475e+01
 2.70458199e+01 1.52418475e+01
 2.70458199e+01 1.52418475e+01
 2.70458199e+01 1.52418475e+01
 2.70458199e+01 1.52418475e+01
 2.70458199e+01 1.52418475e+01
 2.70458199e+01 1.52418475e+01
 2.70458199e+01 1.52418475e+01
 2.70458199e+01 1.52418475e+01
 2.70458199e+01 1.52418475e+01
 2.70458199e+01 1.52418475e+01
 2.70458199e+01 1.52418475e+01
 2.70458199e+01 1.52418475e+01
 2.70458199e+01 1.52418475e+01
 2.70458199e+01 1.52418475e+01
 2.70458199e+01 1.52418475e+01
 2.70458199e+01 1.52418475e+01
 2.70458199e+01 1.52418475e+01
 2.70458199e+01 1.52418475e+01
 2.70458199e+01 1.52418475e+01
 2.70458199e+01 1.52418475e+01
 2.70458199e+01 1.52418475e+01
 2.70458199e+01 1.52418475e+01
 2.70458199e+01 1.52418475e+01
 2.70458199e+01 1.52418475e+01
 2.70458199e+01 1.52418475e+01
 2.70458199e+01 1.52418475e+01
 2.70458199e+01 1.52418475e+01
 2.70458199e+01 1.52418475e+01
 2.70458199e+01 1.52418475e+01
 2.70458199e+01 1.52418475e+01
 2.70458199e+01 1.52418475e+01
 2.70458199e+01 1.52418475e+01
 2.70458199e+01 1.52418475e+01
 2.70458199e+01 1.52418475e+01
 2.70458199e+01 1.52418475e+01
 2.70458199e+01 1.52418475e+01
 2.70458199e+01 1.52418475e+01
 2.70458199e+01 1.52418475e+01
 2.70458199e+01 1.52418475e+01
 2.70458199e+01 1.52418475e+01
 2.70458199e+01 1.52418475e+01
 2.70458199e+01 1.52418475e+01
 2.70458199e+01 1.52418475e+01
 2.70458199e+01 1.52418475e+01
