 0.00000000e+00 0.00000000e+00
 0.00000000e+00 0.00000000e+00
 0.00000000e+00 0.00000000e+00
 0.00000000e+00 0.00000000e+00
 -1.01404898e-01 -1.16301206e-02
 -2.16520624e-01 -2.48546169e-02
 -3.24906511e-01 -3.71729205e-02
 -4.08189228e-01 -4.75084363e-02
 -4.55265072e-01 -5.73070880e-02
 -4.60260484e-01 -6.96604842e-02
 -4.16788094e-01 -8.72942017e-02
 -3.14789601e-01 -1.11047056e-01
 -1.41952889e-01 -1.39682984e-01
 1.13764573e-01 -1.70527753e-01
 4.63745938e-01 -1.99922770e-01
 9.19583127e-01 -2.23129400e-01
 1.49287910e+00 -2.33786504e-01
 2.19365757e+00 -2.22813456e-01
 3.02846685e+00 -1.77193368e-01
 3.99888532e+00 -8.03434572e-02
 5.10064518e+00 8.49027090e-02
 6.32353013e+00 3.32491508e-01
 7.65201743e+00 6.71285748e-01
 9.06640852e+00 1.10555629e+00
 1.05441777e+01 1.63614810e+00
 1.20612330e+01 2.26112476e+00
 1.35928030e+01 2.97595380e+00
 1.51140270e+01 3.77357075e+00
 1.66005666e+01 4.64442860e+00
 1.80292092e+01 5.57663234e+00
 1.93780634e+01 6.55632347e+00
 2.06261475e+01 7.56832747e+00
 2.17527019e+01 8.59687884e+00
 2.27369212e+01 9.62630893e+00
 2.35587217e+01 1.06417448e+01
 2.42006201e+01 1.16297452e+01
 2.46500789e+01 1.25786336e+01
 2.49011374e+01 1.34785126e+01
 2.49542458e+01 1.43212125e+01
 2.48143855e+01 1.51001832e+01
 2.44888750e+01 1.58099204e+01
 2.39859469e+01 1.64447061e+01
 2.33137155e+01 1.69971287e+01
 2.24788912e+01 1.74571165e+01
 2.14856404e+01 1.78117332e+01
 2.03353094e+01 1.80454743e+01
 1.90271166e+01 1.81409682e+01
 1.75597002e+01 1.80804320e+01
 1.59334940e+01 1.78480534e+01
 1.41534495e+01 1.74327029e+01
 1.22311490e+01 1.68300745e+01
 1.01856681e+01 1.60438299e+01
 8.04321247e+00 1.50856955e+01
 5.83580952e+00 1.39744696e+01
 3.59927849e+00 1.27341601e+01
 1.37077487e+00 1.13918241e+01
 -8.13677763e-01 9.97539792e+00
 -2.92135306e+00 8.51140667e+00
 -4.92439306e+00 7.02287411e+00
 -6.80025720e+00 5.52840586e+00
 -8.53064698e+00 4.04302283e+00
 -1.00993628e+01 2.58003623e+00
 -1.14904006e+01 1.15243830e+00
 -1.26875341e+01 -2.27126890e-01
 -1.36756400e+01 -1.54729711e+00
 -1.44428987e+01 -2.79859335e+00
 -1.49823980e+01 -3.97318817e+00
 -1.52918183e+01 -5.06447492e+00
 -1.53712494e+01 -6.06719290e+00
 -1.52213255e+01 -6.97782532e+00
 -1.48438334e+01 -7.79407689e+00
 -1.42436324e+01 -8.51287132e+00
 -1.34287487e+01 -9.12797079e+00
 -1.24081129e+01 -9.62887945e+00
 -1.11893548e+01 -1.00015607e+01
 -9.77840781e+00 -1.02303283e+01
 -8.18066740e+00 -1.03001116e+01
 -6.40294757e+00 -1.01986314e+01
 -4.45590005e+00 -9.91834322e+00
 -2.35663363e+00 -9.45816107e+00
 -1.30986715e-01 -8.82484015e+00
 2.18527379e+00 -8.03372450e+00
 4.54679806e+00 -7.10861089e+00
 6.90038711e+00 -6.08054652e+00
 9.18769124e+00 -4.98542638e+00
 1.13490411e+01 -3.86053710e+00
 1.33292979e+01 -2.74053868e+00
 1.50864409e+01 -1.65352507e+00
 1.66022376e+01 -6.17940275e-01
 1.78914977e+01 3.58811914e-01
 1.90030024e+01 1.27959186e+00
 2.00061569e+01 2.15472522e+00
 2.09670168e+01 2.99789507e+00
 2.19282059e+01 3.82202140e+00
 2.29050916e+01 4.63660974e+00
 2.38960108e+01 5.44722739e+00
 2.48946026e+01 6.25648397e+00
 2.58962038e+01 7.06535931e+00
 2.68986923e+01 7.87414792e+00
 2.79013811e+01 8.68292058e+00
 2.89041049e+01 9.49169089e+00
 2.99068333e+01 1.03004608e+01
 3.09095609e+01 1.11092296e+01
 3.19122752e+01 1.19179878e+01
 3.29148892e+01 1.27266650e+01
 3.39169062e+01 1.35348606e+01
 3.49161349e+01 1.43408074e+01
 3.59051275e+01 1.51384980e+01
 3.68645353e+01 1.59123264e+01
 3.77565280e+01 1.66317799e+01
 3.85272440e+01 1.72534154e+01
 3.91255394e+01 1.77359818e+01
 3.91255394e+01 1.77359818e+01
 3.91255394e+01 1.77359818e+01
 3.91255394e+01 1.77359818e+01
 3.91255394e+01 1.77359818e+01
 3.91255394e+01 1.77359818e+01
 3.91255394e+01 1.77359818e+01
 3.91255394e+01 1.77359818e+01
 3.91255394e+01 1.77359818e+01
 3.91255394e+01 1.77359818e+01
 3.91255394e+01 1.77359818e+01
 3.91255394e+01 1.77359818e+01
 3.91255394e+01 1.77359818e+01
 3.91255394e+01 1.77359818e+01
 3.91255394e+01 1.77359818e+01
 3.91255394e+01 1.77359818e+01
 3.91255394e+01 1.77359818e+01
 3.91255394e+01 1.77359818e+01
 3.91255394e+01 1.77359818e+01
 3.91255394e+01 1.77359818e+01
 3.91255394e+01 1.77359818e+01
 3.91255394e+01 1.77359818e+01
 3.91255394e+01 1.77359818e+01
 3.91255394e+01 1.77359818e+01
 3.91255394e+01 1.77359818e+01
 3.91255394e+01 1.77359818e+01
 3.91255394e+01 1.77359818e+01
 3.91255394e+01 1.77359818e+01
 3.91255394e+01 1.77359818e+01
 3.91255394e+01 1.77359818e+01
 3.91255394e+01 1.77359818e+01
 3.91255394e+01 1.77359818e+01
 3.91255394e+01 1.77359818e+01
 3.91255394e+01 1.77359818e+01
 3.91255394e+01 1.77359818e+01
 3.91255394e+01 1.77359818e+01
 3.91255394e+01 1.77359818e+01
 3.91255394e+01 1.77359818e+01
 3.91255394e+01 1.77359818e+01
 3.91255394e+01 1.77359818e+01
 3.91255394e+01 1.77359818e+01
 3.91255394e+01 1.77359818e+01
 3.91255394e+01 1.77359818e+01
 3.91255394e+01 1.77359818e+01
 3.91255394e+01 1.77359818e+01
 3.91255394e+01 1.77359818e+01
 3.91255394e+01 1.77359818e+01
 3.91255394e+01 1.77359818e+01
 3.91255394e+01 1.77359818e+01
 3.91255394e+01 1.77359818e+01
 3.91255394e+01 1.77359818e+01
 3.91255394e+01 1.77359818e+01
 3.91255394e+01 1.77359818e+01
 3.91255394e+01 1.77359818e+01
 3.91255394e+01 1.77359818e+01
 3.91255394e+01 1.77359818e+01
 3.91255394e+01 1.77359818e+01
 3.91255394e+01 1.77359818e+01
 3.91255394e+01 1.77359818e+01
 3.91255394e+01 1.77359818e+01
 3.91255394e+01 1.77359818e+01
 3.91255394e+01 1.77359818e+01
 3.91255394e+01 1.77359818e+01
