 0.00000000e+00 0.00000000e+00
 0.00000000e+00 0.00000000e+00
 0.00000000e+00 0.00000000e+00
 0.00000000e+00 0.00000000e+00
 0.00000000e+00 0.00000000e+00
 0.00000000e+00 0.00000000e+00
 0.00000000e+00 0.00000000e+00
 0.00000000e+00 0.00000000e+00
 0.00000000e+00 0.00000000e+00
 3.82717828e-02 1.32175258e-01
 1.00924824e-01 3.11880787e-01
 1.85587667e-01 5.32781287e-01
 2.80426482e-01 7.84606487e-01
 3.67160513e-01 1.05612909e+00
 4.25706339e-01 1.33632231e+00
 4.35966080e-01 1.61429468e+00
 3.76293875e-01 1.87904371e+00
 2.22570604e-01 2.11944676e+00
 -4.89911689e-02 2.32454358e+00
 -4.57204402e-01 2.48425602e+00
 -1.01358512e+00 2.59031723e+00
 -1.72333584e+00 2.63633091e+00
 -2.58736660e+00 2.61643051e+00
 -3.60371130e+00 2.52418376e+00
 -4.76855198e+00 2.35367044e+00
 -6.07710861e+00 2.10174808e+00
 -7.52383418e+00 1.76883135e+00
 -9.10162107e+00 1.35762276e+00
 -1.08007799e+01 8.71511966e-01
 -1.26086902e+01 3.13905819e-01
 -1.45099001e+01 -3.11679703e-01
 -1.64857404e+01 -1.00132954e+00
 -1.85133324e+01 -1.75046085e+00
 -2.05650420e+01 -2.55355197e+00
 -2.26093445e+01 -3.40387557e+00
 -2.46129669e+01 -4.29335561e+00
 -2.65434611e+01 -5.21277405e+00
 -2.83714977e+01 -6.15260513e+00
 -3.00724421e+01 -7.10444640e+00
 -3.16267546e+01 -8.06233159e+00
 -3.30190819e+01 -9.02301862e+00
 -3.42368648e+01 -9.98519239e+00
 -3.52697790e+01 -1.09483973e+01
 -3.61104375e+01 -1.19123032e+01
 -3.67554131e+01 -1.28761077e+01
 -3.72053270e+01 -1.38376614e+01
 -3.74634905e+01 -1.47924249e+01
 -3.75336098e+01 -1.57328263e+01
 -3.74180691e+01 -1.66483468e+01
 -3.71181583e+01 -1.75260786e+01
 -3.66355381e+01 -1.83514379e+01
 -3.59728002e+01 -1.91091432e+01
 -3.51324877e+01 -1.97845345e+01
 -3.41160910e+01 -2.03647030e+01
 -3.29245434e+01 -2.08388197e+01
 -3.15603608e+01 -2.11978158e+01
 -3.00304888e+01 -2.14342003e+01
 -2.83486758e+01 -2.15428158e+01
 -2.65367539e+01 -2.15228522e+01
 -2.46249764e+01 -2.13803079e+01
 -2.26516643e+01 -2.11289971e+01
 -2.06618860e+01 -2.07889040e+01
 -1.87046649e+01 -2.03829365e+01
 -1.68288267e+01 -1.99342880e+01
 -1.50785044e+01 -1.94654309e+01
 -1.34895412e+01 -1.89979085e+01
 -1.20873320e+01 -1.85514442e+01
 -1.08856487e+01 -1.81418103e+01
 -9.88538925e+00 -1.77784445e+01
 -9.07258117e+00 -1.74633148e+01
 -8.41681192e+00 -1.71914733e+01
 -7.87351331e+00 -1.69528161e+01
 -7.39292502e+00 -1.67348508e+01
 -6.93319740e+00 -1.65261952e+01
 -6.46973878e+00 -1.63193569e+01
 -5.99501436e+00 -1.61112208e+01
 -5.51117862e+00 -1.59014990e+01
 -5.02255771e+00 -1.56908417e+01
 -4.53210155e+00 -1.54798065e+01
 -4.04111199e+00 -1.52686584e+01
 -3.55000315e+00 -1.50574847e+01
 -3.05887365e+00 -1.48463066e+01
 -2.56774143e+00 -1.46351279e+01
 -2.07660958e+00 -1.44239493e+01
 -1.58548418e+00 -1.42127736e+01
 -1.09440793e+00 -1.40016190e+01
 -6.03624114e-01 -1.37905901e+01
 -1.14205963e-01 -1.35801485e+01
 3.70198558e-01 -1.33718626e+01
 8.40112584e-01 -1.31698074e+01
 1.27700698e+00 -1.29819501e+01
 1.65450054e+00 -1.28196342e+01
 1.94754317e+00 -1.26936307e+01
 1.94754317e+00 -1.26936307e+01
 1.94754317e+00 -1.26936307e+01
 1.94754317e+00 -1.26936307e+01
 1.94754317e+00 -1.26936307e+01
 1.94754317e+00 -1.26936307e+01
 1.94754317e+00 -1.26936307e+01
 1.94754317e+00 -1.26936307e+01
 1.94754317e+00 -1.26936307e+01
 1.94754317e+00 -1.26936307e+01
 1.94754317e+00 -1.26936307e+01
 1.94754317e+00 -1.26936307e+01
 1.94754317e+00 -1.26936307e+01
 1.94754317e+00 -1.26936307e+01
 1.94754317e+00 -1.26936307e+01
 1.94754317e+00 -1.26936307e+01
 1.94754317e+00 -1.26936307e+01
 1.94754317e+00 -1.26936307e+01
 1.94754317e+00 -1.26936307e+01
 1.94754317e+00 -1.26936307e+01
 1.94754317e+00 -1.26936307e+01
 1.94754317e+00 -1.26936307e+01
 1.94754317e+00 -1.26936307e+01
 1.94754317e+00 -1.26936307e+01
 1.94754317e+00 -1.26936307e+01
 1.94754317e+00 -1.26936307e+01
 1.94754317e+00 -1.26936307e+01
 1.94754317e+00 -1.26936307e+01
 1.94754317e+00 -1.26936307e+01
 1.94754317e+00 -1.26936307e+01
 1.94754317e+00 -1.26936307e+01
 1.94754317e+00 -1.26936307e+01
 1.94754317e+00 -1.26936307e+01
 1.94754317e+00 -1.26936307e+01
 1.94754317e+00 -1.26936307e+01
 1.94754317e+00 -1.26936307e+01
 1.94754317e+00 -1.26936307e+01
 1.94754317e+00 -1.26936307e+01
