 0.00000000e+00 0.00000000e+00
 0.00000000e+00 0.00000000e+00
 0.00000000e+00 0.00000000e+00
 0.00000000e+00 0.00000000e+00
 -1.48151198e-01 -2.37877792e-02
 -3.30091893e-01 -4.92837853e-02
 -5.24544191e-01 -7.20958177e-02
 -7.04485153e-01 -8.91223937e-02
 -8.39785711e-01 -9.96600090e-02
 -8.98799709e-01 -1.05015874e-01
 -8.51601264e-01 -1.07221481e-01
 -6.74227553e-01 -1.07909148e-01
 -3.51059155e-01 -1.07864261e-01
 1.25647649e-01 -1.06949523e-01
 7.57461133e-01 -1.03877603e-01
 1.54077227e+00 -9.57451199e-02
 2.46648093e+00 -7.78198477e-02
 3.51923096e+00 -4.41275268e-02
 4.67778605e+00 1.13531996e-02
 5.91744418e+00 9.38001904e-02
 7.21367347e+00 2.07540067e-01
 8.54512436e+00 3.56578582e-01
 9.89481273e+00 5.45099571e-01
 1.12496755e+01 7.77805553e-01
 1.25995222e+01 1.06012155e+00
 1.39363013e+01 1.39807491e+00
 1.52539365e+01 1.79774242e+00
 1.65482574e+01 2.26456642e+00
 1.78164239e+01 2.80297481e+00
 1.90559085e+01 3.41631635e+00
 2.02637290e+01 4.10670599e+00
 2.14362819e+01 4.87457379e+00
 2.25692810e+01 5.71821445e+00
 2.36571983e+01 6.63373405e+00
 2.46923520e+01 7.61543201e+00
 2.56644305e+01 8.65627625e+00
 2.65610283e+01 9.74803237e+00
 2.73688328e+01 1.08809615e+01
 2.80744334e+01 1.20436018e+01
 2.86643036e+01 1.32231637e+01
 2.91246931e+01 1.44061861e+01
 2.94423864e+01 1.55785050e+01
 2.96062591e+01 1.67243790e+01
 2.96086289e+01 1.78258938e+01
 2.94455227e+01 1.88637603e+01
 2.91157421e+01 1.98191894e+01
 2.86191240e+01 2.06752597e+01
 2.79544962e+01 2.14164394e+01
 2.71179612e+01 2.20265473e+01
 2.61022072e+01 2.24869549e+01
 2.48970883e+01 2.27766560e+01
 2.34910971e+01 2.28740902e+01
 2.18733560e+01 2.27592553e+01
 2.00361608e+01 2.24150525e+01
 1.79781033e+01 2.18281290e+01
 1.57072670e+01 2.09900593e+01
 1.32435729e+01 1.98991064e+01
 1.06194570e+01 1.85619315e+01
 7.87850259e+00 1.69943207e+01
 5.07223554e+00 1.52203553e+01
 2.25607012e+00 1.32702013e+01
 -5.14081397e-01 1.11775292e+01
 -3.18358927e+00 8.97787853e+00
 -5.69989457e+00 6.70850759e+00
 -8.01401481e+00 4.40888663e+00
 -1.00838015e+01 2.12029952e+00
 -1.18779239e+01 -1.16283588e-01
 -1.33781865e+01 -2.26343930e+00
 -1.45788562e+01 -4.29009634e+00
 -1.54841965e+01 -6.17284968e+00
 -1.61065113e+01 -7.89604429e+00
 -1.64654219e+01 -9.45159564e+00
 -1.65868739e+01 -1.08388881e+01
 -1.65003883e+01 -1.20640999e+01
 -1.62352298e+01 -1.31382543e+01
 -1.58174282e+01 -1.40742333e+01
 -1.52685938e+01 -1.48838883e+01
 -1.46060607e+01 -1.55762901e+01
 -1.38434837e+01 -1.61571378e+01
 -1.29911653e+01 -1.66284844e+01
 -1.20557884e+01 -1.69882242e+01
 -1.10400374e+01 -1.72297417e+01
 -9.94316321e+00 -1.73424284e+01
 -8.76304278e+00 -1.73131942e+01
 -7.49898226e+00 -1.71285058e+01
 -6.15360723e+00 -1.67764106e+01
 -4.73262028e+00 -1.62481727e+01
 -3.24283450e+00 -1.55392516e+01
 -1.69027695e+00 -1.46495305e+01
 -7.98471556e-02 -1.35830422e+01
 1.58362250e+00 -1.23475727e+01
 3.29422774e+00 -1.09541641e+01
 5.04470819e+00 -9.41622223e+00
 6.82654846e+00 -7.74834023e+00
 8.62909837e+00 -5.96566996e+00
 1.04370652e+01 -4.08478077e+00
 1.22273941e+01 -2.12614239e+00
 1.39674388e+01 -1.17011673e-01
 1.56158240e+01 1.90734889e+00
 1.71261530e+01 3.90537616e+00
 1.84524164e+01 5.83309751e+00
 1.95542060e+01 7.64834464e+00
 2.04002201e+01 9.31409885e+00
 2.09698034e+01 1.08009970e+01
 2.12533918e+01 1.20892819e+01
 2.12527387e+01 1.31698043e+01
 2.09805531e+01 1.40432738e+01
 2.04581876e+01 1.47175235e+01
 1.97111868e+01 1.52035563e+01
 1.87647354e+01 1.55117092e+01
 1.76411096e+01 1.56491113e+01
 1.63591025e+01 1.56189316e+01
 1.49342517e+01 1.54210734e+01
 1.33795267e+01 1.50535743e+01
 1.17068241e+01 1.45143625e+01
 9.92916436e+00 1.38035288e+01
 8.06315674e+00 1.29259407e+01
 6.13161887e+00 1.18933268e+01
 4.16610421e+00 1.07250447e+01
 2.20812063e+00 9.44742923e+00
 3.07513010e-01 8.09192235e+00
 -1.48209695e+00 6.69213866e+00
 -3.10905119e+00 5.28033785e+00
 -4.52852304e+00 3.88429243e+00
 -5.70595123e+00 2.52540747e+00
 -6.61984051e+00 1.21818218e+00
 -7.26399518e+00 -2.93598327e-02
 -7.64733913e+00 -1.21436736e+00
 -7.78994473e+00 -2.33679130e+00
 -7.71752380e+00 -3.39637302e+00
 -7.45872510e+00 -4.39066087e+00
 -7.04670445e+00 -5.31601471e+00
 -6.52192952e+00 -6.17176022e+00
 -5.93143757e+00 -6.96469987e+00
 -5.32158388e+00 -7.70987495e+00
 -4.72667828e+00 -8.42606754e+00
 -4.16147254e+00 -9.12925780e+00
 -3.62360913e+00 -9.82890611e+00
 -3.10312212e+00 -1.05286363e+01
 -2.59087691e+00 -1.12290201e+01
 -2.08162702e+00 -1.19297811e+01
 -1.57322027e+00 -1.26306749e+01
 -1.06499822e+00 -1.33316018e+01
 -5.56807726e-01 -1.40325348e+01
 -4.86214939e-02 -1.47334686e+01
 4.59563609e-01 -1.54344016e+01
 9.67741975e-01 -1.61353253e+01
 1.47586948e+00 -1.68361789e+01
 1.98369441e+00 -1.75366151e+01
 2.49010624e+00 -1.82351023e+01
 2.99133037e+00 -1.89264341e+01
 3.47756085e+00 -1.95970854e+01
 3.92962519e+00 -2.02206118e+01
 4.32022617e+00 -2.07593626e+01
 4.62344389e+00 -2.11775868e+01
 4.62344389e+00 -2.11775868e+01
 4.62344389e+00 -2.11775868e+01
 4.62344389e+00 -2.11775868e+01
 4.62344389e+00 -2.11775868e+01
 4.62344389e+00 -2.11775868e+01
 4.62344389e+00 -2.11775868e+01
 4.62344389e+00 -2.11775868e+01
 4.62344389e+00 -2.11775868e+01
 4.62344389e+00 -2.11775868e+01
 4.62344389e+00 -2.11775868e+01
 4.62344389e+00 -2.11775868e+01
 4.62344389e+00 -2.11775868e+01
 4.62344389e+00 -2.11775868e+01
 4.62344389e+00 -2.11775868e+01
 4.62344389e+00 -2.11775868e+01
 4.62344389e+00 -2.11775868e+01
 4.62344389e+00 -2.11775868e+01
 4.62344389e+00 -2.11775868e+01
 4.62344389e+00 -2.11775868e+01
