 0.00000000e+00 0.00000000e+00
 0.00000000e+00 0.00000000e+00
 0.00000000e+00 0.00000000e+00
 0.00000000e+00 0.00000000e+00
 0.00000000e+00 0.00000000e+00
 0.00000000e+00 0.00000000e+00
 0.00000000e+00 0.00000000e+00
 0.00000000e+00 0.00000000e+00
 0.00000000e+00 0.00000000e+00
 0.00000000e+00 0.00000000e+00
 0.00000000e+00 0.00000000e+00
 0.00000000e+00 0.00000000e+00
 0.00000000e+00 0.00000000e+00
 0.00000000e+00 0.00000000e+00
 0.00000000e+00 0.00000000e+00
 2.24118728e-02 4.75334341e-03
 3.95628019e-02 7.59937031e-03
 4.49225336e-02 1.97841674e-03
 3.48177924e-02 -2.01787715e-02
 9.64770967e-03 -6.53207356e-02
 -2.53304516e-02 -1.36575781e-01
 -5.93374500e-02 -2.34252224e-01
 -7.61005783e-02 -3.56670136e-01
 -5.49833356e-02 -4.99758549e-01
 2.70049019e-02 -6.55705497e-01
 1.93137563e-01 -8.11477809e-01
 4.65706736e-01 -9.47616595e-01
 8.65493356e-01 -1.03776780e+00
 1.41088275e+00 -1.04961550e+00
 2.11576220e+00 -9.47563995e-01
 2.98655543e+00 -6.96807768e-01
 4.01962012e+00 -2.67840094e-01
 5.20007814e+00 3.59549523e-01
 6.50236903e+00 1.19324818e+00
 7.89215421e+00 2.22698687e+00
 9.32895141e+00 3.44008921e+00
 1.07688508e+01 4.79905510e+00
 1.21668549e+01 6.26074141e+00
 1.34789569e+01 7.77665343e+00
 1.46645022e+01 9.29777474e+00
 1.56888855e+01 1.07790667e+01
 1.65256184e+01 1.21826738e+01
 1.71566008e+01 1.34793593e+01
 1.75705569e+01 1.46483374e+01
 1.77610589e+01 1.56760231e+01
 1.77256970e+01 1.65542438e+01
 1.74662427e+01 1.72781740e+01
 1.69881220e+01 1.78440288e+01
 1.62985454e+01 1.82469047e+01
 1.54049064e+01 1.84797484e+01
 1.43151219e+01 1.85341615e+01
 1.30395001e+01 1.84025001e+01
 1.15925664e+01 1.80799199e+01
 9.99406806e+00 1.75656110e+01
 8.26925622e+00 1.68634569e+01
 6.44831875e+00 1.59824076e+01
 4.56448555e+00 1.49363237e+01
 2.65092168e+00 1.37430178e+01
 7.37516935e-01 1.24227063e+01
 -1.15104744e+00 1.09963229e+01
 -2.99531889e+00 9.48399161e+00
 -4.77970083e+00 7.90387674e+00
 -6.49072900e+00 6.27171715e+00
 -8.11539785e+00 4.60132426e+00
 -9.63916018e+00 2.90606877e+00
 -1.10437442e+01 1.20080244e+00
 -1.23061648e+01 -4.96928419e-01
 -1.34002189e+01 -2.16723315e+00
 -1.42999950e+01 -3.78945903e+00
 -1.49833734e+01 -5.34389081e+00
 -1.54337664e+01 -6.81282991e+00
 -1.56402269e+01 -8.18118636e+00
 -1.55976644e+01 -9.43709200e+00
 -1.53081892e+01 -1.05726045e+01
 -1.47822268e+01 -1.15839082e+01
 -1.40373463e+01 -1.24704235e+01
 -1.30948801e+01 -1.32329833e+01
 -1.19765839e+01 -1.38719438e+01
 -1.07034195e+01 -1.43861338e+01
 -9.29670669e+00 -1.47729690e+01
 -7.78022789e+00 -1.50294203e+01
 -6.18156563e+00 -1.51533728e+01
 -4.53190952e+00 -1.51450778e+01
 -2.86456940e+00 -1.50085075e+01
 -1.21246789e+00 -1.47526767e+01
 3.95533083e-01 -1.43933763e+01
 1.93922134e+00 -1.39550301e+01
 3.41094174e+00 -1.34701299e+01
 4.81635477e+00 -1.29731772e+01
 6.17072652e+00 -1.24905858e+01
 7.49230917e+00 -1.20335993e+01
 8.79641625e+00 -1.15997643e+01
 1.00928489e+01 -1.11805569e+01
 1.13865230e+01 -1.07682718e+01
 1.26793903e+01 -1.03585006e+01
 1.39720667e+01 -9.94943696e+00
 1.52647067e+01 -9.54052836e+00
 1.65573412e+01 -9.13164626e+00
 1.78499748e+01 -8.72276774e+00
 1.91426066e+01 -8.31389014e+00
 2.04352214e+01 -7.90501796e+00
 2.17277068e+01 -7.49618671e+00
 2.30194225e+01 -7.08759891e+00
 2.43075439e+01 -6.68014805e+00
 2.55824697e+01 -6.27687115e+00
 2.68192573e+01 -5.88565789e+00
 2.79691391e+01 -5.52193416e+00
 2.89626812e+01 -5.20766287e+00
 2.97339531e+01 -4.96369875e+00
 2.97339531e+01 -4.96369875e+00
 2.97339531e+01 -4.96369875e+00
 2.97339531e+01 -4.96369875e+00
 2.97339531e+01 -4.96369875e+00
 2.97339531e+01 -4.96369875e+00
 2.97339531e+01 -4.96369875e+00
 2.97339531e+01 -4.96369875e+00
 2.97339531e+01 -4.96369875e+00
 2.97339531e+01 -4.96369875e+00
 2.97339531e+01 -4.96369875e+00
 2.97339531e+01 -4.96369875e+00
 2.97339531e+01 -4.96369875e+00
 2.97339531e+01 -4.96369875e+00
 2.97339531e+01 -4.96369875e+00
 2.97339531e+01 -4.96369875e+00
 2.97339531e+01 -4.96369875e+00
 2.97339531e+01 -4.96369875e+00
 2.97339531e+01 -4.96369875e+00
 2.97339531e+01 -4.96369875e+00
 2.97339531e+01 -4.96369875e+00
 2.97339531e+01 -4.96369875e+00
 2.97339531e+01 -4.96369875e+00
 2.97339531e+01 -4.96369875e+00
 2.97339531e+01 -4.96369875e+00
 2.97339531e+01 -4.96369875e+00
 2.97339531e+01 -4.96369875e+00
 2.97339531e+01 -4.96369875e+00
 2.97339531e+01 -4.96369875e+00
 2.97339531e+01 -4.96369875e+00
 2.97339531e+01 -4.96369875e+00
 2.97339531e+01 -4.96369875e+00
 2.97339531e+01 -4.96369875e+00
 2.97339531e+01 -4.96369875e+00
 2.97339531e+01 -4.96369875e+00
 2.97339531e+01 -4.96369875e+00
 2.97339531e+01 -4.96369875e+00
 2.97339531e+01 -4.96369875e+00
 2.97339531e+01 -4.96369875e+00
 2.97339531e+01 -4.96369875e+00
 2.97339531e+01 -4.96369875e+00
 2.97339531e+01 -4.96369875e+00
 2.97339531e+01 -4.96369875e+00
 2.97339531e+01 -4.96369875e+00
 2.97339531e+01 -4.96369875e+00
 2.97339531e+01 -4.96369875e+00
 2.97339531e+01 -4.96369875e+00
 2.97339531e+01 -4.96369875e+00
 2.97339531e+01 -4.96369875e+00
 2.97339531e+01 -4.96369875e+00
 2.97339531e+01 -4.96369875e+00
 2.97339531e+01 -4.96369875e+00
 2.97339531e+01 -4.96369875e+00
 2.97339531e+01 -4.96369875e+00
 2.97339531e+01 -4.96369875e+00
 2.97339531e+01 -4.96369875e+00
 2.97339531e+01 -4.96369875e+00
 2.97339531e+01 -4.96369875e+00
 2.97339531e+01 -4.96369875e+00
 2.97339531e+01 -4.96369875e+00
 2.97339531e+01 -4.96369875e+00
 2.97339531e+01 -4.96369875e+00
 2.97339531e+01 -4.96369875e+00
 2.97339531e+01 -4.96369875e+00
 2.97339531e+01 -4.96369875e+00
 2.97339531e+01 -4.96369875e+00
