 0.00000000e+00 0.00000000e+00
 0.00000000e+00 0.00000000e+00
 0.00000000e+00 0.00000000e+00
 0.00000000e+00 0.00000000e+00
 0.00000000e+00 0.00000000e+00
 0.00000000e+00 0.00000000e+00
 0.00000000e+00 0.00000000e+00
 0.00000000e+00 0.00000000e+00
 -1.06162955e-01 -5.66757196e-02
 -2.43250701e-01 -1.25820891e-01
 -3.96585509e-01 -2.01099524e-01
 -5.45818082e-01 -2.78018947e-01
 -6.70536526e-01 -3.56084481e-01
 -7.54089466e-01 -4.38231359e-01
 -7.83454889e-01 -5.28810464e-01
 -7.45661361e-01 -6.31566657e-01
 -6.24387552e-01 -7.48116624e-01
 -4.00082877e-01 -8.76888374e-01
 -5.29149660e-02 -1.01248806e+00
 4.34526203e-01 -1.14552923e+00
 1.07594245e+00 -1.26291761e+00
 1.88039441e+00 -1.34859867e+00
 2.85093072e+00 -1.38484378e+00
 3.98299600e+00 -1.35402787e+00
 5.26307962e+00 -1.24063250e+00
 6.66822872e+00 -1.03320736e+00
 8.16718665e+00 -7.26056215e-01
 9.72330036e+00 -3.20195669e-01
 1.12983055e+01 1.76946102e-01
 1.28556739e+01 7.53134452e-01
 1.43627343e+01 1.39354270e+00
 1.57917351e+01 2.08258947e+00
 1.71204847e+01 2.80493327e+00
 1.83327599e+01 3.54608354e+00
 1.94180400e+01 4.29336543e+00
 2.03702668e+01 5.03720145e+00
 2.11861009e+01 5.77189508e+00
 2.18635496e+01 6.49539361e+00
 2.24014622e+01 7.20838692e+00
 2.27996699e+01 7.91341646e+00
 2.30591610e+01 8.61425903e+00
 2.31820287e+01 9.31541340e+00
 2.31715031e+01 1.00214503e+01
 2.30322076e+01 1.07360963e+01
 2.27701255e+01 1.14610281e+01
 2.23918829e+01 1.21945504e+01
 2.19036371e+01 1.29306002e+01
 2.13099794e+01 1.36585243e+01
 2.06129645e+01 1.43636700e+01
 1.98114498e+01 1.50283199e+01
 1.89012430e+01 1.56324009e+01
 1.78764356e+01 1.61538570e+01
 1.67315982e+01 1.65691449e+01
 1.54639428e+01 1.68542717e+01
 1.40748099e+01 1.69862202e+01
 1.25704228e+01 1.69442589e+01
 1.09620289e+01 1.67107923e+01
 9.26557888e+00 1.62717853e+01
 7.50114398e+00 1.56171519e+01
 5.69188066e+00 1.47414884e+01
 3.86207671e+00 1.36448160e+01
 2.03469997e+00 1.23324959e+01
 2.30181425e-01 1.08145471e+01
 -1.53184133e+00 9.10619716e+00
 -3.22790499e+00 7.23086254e+00
 -4.82590737e+00 5.22373495e+00
 -6.28399526e+00 3.13236170e+00
 -7.55492525e+00 1.01275253e+00
 -8.59351791e+00 -1.07660998e+00
 -9.36285142e+00 -3.07941471e+00
 -9.83691829e+00 -4.94399384e+00
 -1.00007669e+01 -6.62549591e+00
 -9.85016398e+00 -8.08916848e+00
 -9.39131815e+00 -9.31341325e+00
 -8.63955291e+00 -1.02898973e+01
 -7.61607301e+00 -1.10200209e+01
 -6.34393712e+00 -1.15102825e+01
 -4.84575654e+00 -1.17697598e+01
 -3.14477340e+00 -1.18105564e+01
 -1.26860540e+00 -1.16497089e+01
 7.46869515e-01 -1.13107334e+01
 2.85615125e+00 -1.08238375e+01
 5.00679718e+00 -1.02245448e+01
 7.14618610e+00 -9.55096215e+00
 9.23088423e+00 -8.84006047e+00
 1.12353866e+01 -8.12321163e+00
 1.31559438e+01 -7.42177170e+00
 1.50067796e+01 -6.74477351e+00
 1.68104753e+01 -6.09066415e+00
 1.85881043e+01 -5.45239151e+00
 2.03539689e+01 -4.82262922e+00
 2.21155175e+01 -4.19647137e+00
 2.38757849e+01 -3.57152132e+00
 2.56357458e+01 -2.94689144e+00
 2.73956478e+01 -2.32232861e+00
 2.91555409e+01 -1.69777684e+00
 3.09154326e+01 -1.07322659e+00
 3.26753218e+01 -4.48677329e-01
 3.44351878e+01 1.75863684e-01
 3.61948777e+01 8.00342191e-01
 3.79535197e+01 1.42444883e+00
 3.97072681e+01 2.04681882e+00
 4.14430510e+01 2.66281321e+00
 4.31269096e+01 3.26038072e+00
 4.46924478e+01 3.81595872e+00
 4.60451331e+01 4.29599948e+00
 4.70952025e+01 4.66864798e+00
 4.70952025e+01 4.66864798e+00
 4.70952025e+01 4.66864798e+00
 4.70952025e+01 4.66864798e+00
 4.70952025e+01 4.66864798e+00
 4.70952025e+01 4.66864798e+00
 4.70952025e+01 4.66864798e+00
 4.70952025e+01 4.66864798e+00
 4.70952025e+01 4.66864798e+00
 4.70952025e+01 4.66864798e+00
 4.70952025e+01 4.66864798e+00
 4.70952025e+01 4.66864798e+00
 4.70952025e+01 4.66864798e+00
 4.70952025e+01 4.66864798e+00
 4.70952025e+01 4.66864798e+00
 4.70952025e+01 4.66864798e+00
 4.70952025e+01 4.66864798e+00
 4.70952025e+01 4.66864798e+00
 4.70952025e+01 4.66864798e+00
 4.70952025e+01 4.66864798e+00
 4.70952025e+01 4.66864798e+00
 4.70952025e+01 4.66864798e+00
 4.70952025e+01 4.66864798e+00
 4.70952025e+01 4.66864798e+00
 4.70952025e+01 4.66864798e+00
 4.70952025e+01 4.66864798e+00
 4.70952025e+01 4.66864798e+00
 4.70952025e+01 4.66864798e+00
 4.70952025e+01 4.66864798e+00
 4.70952025e+01 4.66864798e+00
 4.70952025e+01 4.66864798e+00
 4.70952025e+01 4.66864798e+00
 4.70952025e+01 4.66864798e+00
 4.70952025e+01 4.66864798e+00
 4.70952025e+01 4.66864798e+00
 4.70952025e+01 4.66864798e+00
 4.70952025e+01 4.66864798e+00
 4.70952025e+01 4.66864798e+00
 4.70952025e+01 4.66864798e+00
 4.70952025e+01 4.66864798e+00
 4.70952025e+01 4.66864798e+00
 4.70952025e+01 4.66864798e+00
 4.70952025e+01 4.66864798e+00
 4.70952025e+01 4.66864798e+00
 4.70952025e+01 4.66864798e+00
 4.70952025e+01 4.66864798e+00
 4.70952025e+01 4.66864798e+00
 4.70952025e+01 4.66864798e+00
 4.70952025e+01 4.66864798e+00
 4.70952025e+01 4.66864798e+00
 4.70952025e+01 4.66864798e+00
 4.70952025e+01 4.66864798e+00
 4.70952025e+01 4.66864798e+00
 4.70952025e+01 4.66864798e+00
 4.70952025e+01 4.66864798e+00
 4.70952025e+01 4.66864798e+00
 4.70952025e+01 4.66864798e+00
 4.70952025e+01 4.66864798e+00
 4.70952025e+01 4.66864798e+00
 4.70952025e+01 4.66864798e+00
 4.70952025e+01 4.66864798e+00
 4.70952025e+01 4.66864798e+00
 4.70952025e+01 4.66864798e+00
 4.70952025e+01 4.66864798e+00
 4.70952025e+01 4.66864798e+00
 4.70952025e+01 4.66864798e+00
 4.70952025e+01 4.66864798e+00
 4.70952025e+01 4.66864798e+00
