 0.00000000e+00 0.00000000e+00
 0.00000000e+00 0.00000000e+00
 0.00000000e+00 0.00000000e+00
 0.00000000e+00 0.00000000e+00
 -6.31446273e-02 -5.77563665e-02
 -1.31259194e-01 -1.21184941e-01
 -1.92759265e-01 -1.80746118e-01
 -2.38767158e-01 -2.30281927e-01
 -2.63978022e-01 -2.68787623e-01
 -2.63962126e-01 -2.99421621e-01
 -2.31862125e-01 -3.27559632e-01
 -1.57073077e-01 -3.58499023e-01
 -2.62198671e-02 -3.95142234e-01
 1.75404599e-01 -4.36730209e-01
 4.63533603e-01 -4.78965749e-01
 8.55160948e-01 -5.14445477e-01
 1.36776837e+00 -5.32520978e-01
 2.01725691e+00 -5.19030580e-01
 2.81562010e+00 -4.56818659e-01
 3.76927927e+00 -3.27328555e-01
 4.87805083e+00 -1.12916561e-01
 6.13417625e+00 2.00677713e-01
 7.52125121e+00 6.22411247e-01
 9.01383147e+00 1.15524559e+00
 1.05789272e+01 1.79673480e+00
 1.21796211e+01 2.54018931e+00
 1.37793317e+01 3.37577980e+00
 1.53448991e+01 4.29162072e+00
 1.68481604e+01 5.27501200e+00
 1.82667700e+01 6.31344040e+00
 1.95843700e+01 7.39467290e+00
 2.07894216e+01 8.50595423e+00
 2.18726947e+01 9.63327891e+00
 2.28246498e+01 1.07617235e+01
 2.36339858e+01 1.18767057e+01
 2.42875627e+01 1.29650638e+01
 2.47712960e+01 1.40151883e+01
 2.50718141e+01 1.50165953e+01
 2.51785619e+01 1.59598334e+01
 2.50853641e+01 1.68368513e+01
 2.47903941e+01 1.76409529e+01
 2.42944495e+01 1.83655536e+01
 2.35984468e+01 1.90020638e+01
 2.27014806e+01 1.95381023e+01
 2.16007832e+01 1.99570980e+01
 2.02941140e+01 2.02395885e+01
 1.87834835e+01 2.03659167e+01
 1.70781722e+01 2.03196415e+01
 1.51958300e+01 2.00905974e+01
 1.31618421e+01 1.96764472e+01
 1.10077222e+01 1.90823217e+01
 8.76916608e+00 1.83192982e+01
 6.48416285e+00 1.74027521e+01
 4.19121977e+00 1.63507964e+01
 1.92742625e+00 1.51824029e+01
 -2.73759785e-01 1.39152030e+01
 -2.38442047e+00 1.25636086e+01
 -4.38271256e+00 1.11379486e+01
 -6.25145832e+00 9.64496996e+00
 -7.97557056e+00 8.08966591e+00
 -9.54008588e+00 6.47784653e+00
 -1.09300598e+01 4.81840931e+00
 -1.21320129e+01 3.12450847e+00
 -1.31356539e+01 1.41360029e+00
 -1.39347542e+01 -2.93125579e-01
 -1.45266003e+01 -1.97154230e+00
 -1.49103286e+01 -3.59572299e+00
 -1.50856190e+01 -5.13973138e+00
 -1.50531304e+01 -6.57989338e+00
 -1.48158237e+01 -7.89674505e+00
 -1.43785801e+01 -9.07584232e+00
 -1.37452578e+01 -1.01071610e+01
 -1.29156789e+01 -1.09834442e+01
 -1.18855602e+01 -1.16983543e+01
 -1.06495160e+01 -1.22453737e+01
 -9.20463420e+00 -1.26178671e+01
 -7.55245168e+00 -1.28099602e+01
 -5.69953897e+00 -1.28176633e+01
 -3.65858722e+00 -1.26401681e+01
 -1.45108023e+00 -1.22816403e+01
 8.89737102e-01 -1.17532743e+01
 3.31820120e+00 -1.10745443e+01
 5.77949221e+00 -1.02727385e+01
 8.21645363e+00 -9.38081483e+00
 1.05785753e+01 -8.43416596e+00
 1.28315528e+01 -7.46673521e+00
 1.49646827e+01 -6.50670456e+00
 1.69916478e+01 -5.57241869e+00
 1.89421265e+01 -4.67027837e+00
 2.08481880e+01 -3.79642354e+00
 2.27337747e+01 -2.94178396e+00
 2.46120241e+01 -2.09744977e+00
 2.64882937e+01 -1.25750040e+00
 2.83641861e+01 -4.19030568e-01
 3.02400371e+01 4.19044160e-01
 3.21158890e+01 1.25703559e+00
 3.39917424e+01 2.09501318e+00
 3.58675958e+01 2.93298887e+00
 3.77434467e+01 3.77096323e+00
 3.96192728e+01 4.60892653e+00
 4.14949113e+01 5.44680597e+00
 4.33694328e+01 6.28418646e+00
 4.52387383e+01 7.11923684e+00
 4.70888944e+01 7.94573291e+00
 4.88837049e+01 8.74750514e+00
 5.05523988e+01 9.49293894e+00
 5.19942145e+01 1.01370224e+01
 5.31134745e+01 1.06370148e+01
 5.31134745e+01 1.06370148e+01
 5.31134745e+01 1.06370148e+01
 5.31134745e+01 1.06370148e+01
 5.31134745e+01 1.06370148e+01
 5.31134745e+01 1.06370148e+01
 5.31134745e+01 1.06370148e+01
 5.31134745e+01 1.06370148e+01
 5.31134745e+01 1.06370148e+01
 5.31134745e+01 1.06370148e+01
 5.31134745e+01 1.06370148e+01
 5.31134745e+01 1.06370148e+01
 5.31134745e+01 1.06370148e+01
 5.31134745e+01 1.06370148e+01
 5.31134745e+01 1.06370148e+01
 5.31134745e+01 1.06370148e+01
 5.31134745e+01 1.06370148e+01
 5.31134745e+01 1.06370148e+01
 5.31134745e+01 1.06370148e+01
 5.31134745e+01 1.06370148e+01
 5.31134745e+01 1.06370148e+01
 5.31134745e+01 1.06370148e+01
 5.31134745e+01 1.06370148e+01
 5.31134745e+01 1.06370148e+01
 5.31134745e+01 1.06370148e+01
 5.31134745e+01 1.06370148e+01
 5.31134745e+01 1.06370148e+01
 5.31134745e+01 1.06370148e+01
 5.31134745e+01 1.06370148e+01
 5.31134745e+01 1.06370148e+01
 5.31134745e+01 1.06370148e+01
 5.31134745e+01 1.06370148e+01
 5.31134745e+01 1.06370148e+01
 5.31134745e+01 1.06370148e+01
 5.31134745e+01 1.06370148e+01
 5.31134745e+01 1.06370148e+01
 5.31134745e+01 1.06370148e+01
 5.31134745e+01 1.06370148e+01
 5.31134745e+01 1.06370148e+01
 5.31134745e+01 1.06370148e+01
 5.31134745e+01 1.06370148e+01
 5.31134745e+01 1.06370148e+01
 5.31134745e+01 1.06370148e+01
 5.31134745e+01 1.06370148e+01
 5.31134745e+01 1.06370148e+01
 5.31134745e+01 1.06370148e+01
 5.31134745e+01 1.06370148e+01
 5.31134745e+01 1.06370148e+01
 5.31134745e+01 1.06370148e+01
 5.31134745e+01 1.06370148e+01
 5.31134745e+01 1.06370148e+01
 5.31134745e+01 1.06370148e+01
 5.31134745e+01 1.06370148e+01
 5.31134745e+01 1.06370148e+01
 5.31134745e+01 1.06370148e+01
 5.31134745e+01 1.06370148e+01
 5.31134745e+01 1.06370148e+01
 5.31134745e+01 1.06370148e+01
 5.31134745e+01 1.06370148e+01
 5.31134745e+01 1.06370148e+01
 5.31134745e+01 1.06370148e+01
 5.31134745e+01 1.06370148e+01
 5.31134745e+01 1.06370148e+01
 5.31134745e+01 1.06370148e+01
 5.31134745e+01 1.06370148e+01
 5.31134745e+01 1.06370148e+01
 5.31134745e+01 1.06370148e+01
