 0.00000000e+00 0.00000000e+00
 0.00000000e+00 0.00000000e+00
 0.00000000e+00 0.00000000e+00
 0.00000000e+00 0.00000000e+00
 0.00000000e+00 0.00000000e+00
 0.00000000e+00 0.00000000e+00
 0.00000000e+00 0.00000000e+00
 -3.62328759e-01 -2.14233063e-01
 -7.86526296e-01 -4.67919114e-01
 -1.21232951e+00 -7.29147026e-01
 -1.58286132e+00 -9.70550007e-01
 -1.86042577e+00 -1.17858043e+00
 -2.02739729e+00 -1.35322177e+00
 -2.07830437e+00 -1.50272583e+00
 -2.01117613e+00 -1.63849805e+00
 -1.82226271e+00 -1.77157931e+00
 -1.50427325e+00 -1.90991955e+00
 -1.04637766e+00 -2.05588517e+00
 -4.34774179e-01 -2.20447165e+00
 3.45823717e-01 -2.34307432e+00
 1.30909523e+00 -2.45307899e+00
 2.46295630e+00 -2.51249675e+00
 3.80607087e+00 -2.49851201e+00
 5.32640529e+00 -2.38974645e+00
 7.00161818e+00 -2.16887385e+00
 8.80005772e+00 -1.82538622e+00
 1.06817316e+01 -1.35717885e+00
 1.25999298e+01 -7.70280649e-01
 1.45045597e+01 -7.74879551e-02
 1.63471021e+01 7.03190475e-01
 1.80854947e+01 1.55019960e+00
 1.96869035e+01 2.44048668e+00
 2.11277568e+01 3.35177580e+00
 2.23921984e+01 4.26446940e+00
 2.34705076e+01 5.16275805e+00
 2.43580687e+01 6.03513353e+00
 2.50546150e+01 6.87472983e+00
 2.55634539e+01 7.67941936e+00
 2.58906343e+01 8.45115954e+00
 2.60441753e+01 9.19447950e+00
 2.60335733e+01 9.91469112e+00
 2.58694700e+01 1.06164630e+01
 2.55627785e+01 1.13028443e+01
 2.51228613e+01 1.19743605e+01
 2.45554687e+01 1.26278011e+01
 2.38614730e+01 1.32547540e+01
 2.30366493e+01 1.38405870e+01
 2.20721961e+01 1.43648600e+01
 2.09559135e+01 1.48035189e+01
 1.96741721e+01 1.51320643e+01
 1.82146284e+01 1.53283782e+01
 1.65694322e+01 1.53746028e+01
 1.47385003e+01 1.52584763e+01
 1.27321599e+01 1.49745528e+01
 1.05723994e+01 1.45248992e+01
 8.29235553e+00 1.39184881e+01
 5.93407438e+00 1.31691702e+01
 3.54482434e+00 1.22930685e+01
 1.17279307e+00 1.13065114e+01
 -1.13647861e+00 1.02249916e+01
 -3.34217036e+00 9.06280279e+00
 -5.40927353e+00 7.83285004e+00
 -7.30940761e+00 6.54664660e+00
 -9.02105100e+00 5.21477525e+00
 -1.05283012e+01 3.84773112e+00
 -1.18181738e+01 2.45673619e+00
 -1.28780117e+01 1.05424780e+00
 -1.36950100e+01 -3.45950106e-01
 -1.42582448e+01 -1.72914002e+00
 -1.45613047e+01 -3.08038622e+00
 -1.46031175e+01 -4.38514359e+00
 -1.43863704e+01 -5.62942586e+00
 -1.39149525e+01 -6.79954549e+00
 -1.31919332e+01 -7.88168348e+00
 -1.22180880e+01 -8.86154244e+00
 -1.09902542e+01 -9.72414315e+00
 -9.50009420e+00 -1.04536900e+01
 -7.73551693e+00 -1.10336580e+01
 -5.68640435e+00 -1.14476937e+01
 -3.35324986e+00 -1.16817499e+01
 -7.54781237e-01 -1.17268125e+01
 2.06864686e+00 -1.15810210e+01
 5.05609810e+00 -1.12508218e+01
 8.13019792e+00 -1.07515947e+01
 1.12047352e+01 -1.01078907e+01
 1.41979116e+01 -9.35296342e+00
 1.70506798e+01 -8.52689113e+00
 1.97425503e+01 -7.67182423e+00
 2.22935303e+01 -6.82377096e+00
 2.47482716e+01 -6.00423805e+00
 2.71525330e+01 -5.21761713e+00
 2.95374343e+01 -4.45643365e+00
 3.19176330e+01 -3.70994478e+00
 3.42976168e+01 -2.97000640e+00
 3.66779824e+01 -2.23234714e+00
 3.90585423e+01 -1.49530930e+00
 4.14391581e+01 -7.58404395e-01
 4.38197851e+01 -2.15218019e-02
 4.62004135e+01 7.15357777e-01
 4.85810388e+01 1.45223605e+00
 5.09616327e+01 2.18910458e+00
 5.33419884e+01 2.92589937e+00
 5.57209267e+01 3.66225541e+00
 5.80932452e+01 4.39656244e+00
 6.04412616e+01 5.12334719e+00
 6.27190393e+01 5.82839087e+00
 6.48367635e+01 6.48389297e+00
 6.66665587e+01 7.05027200e+00
 6.80870014e+01 7.48994361e+00
 6.80870014e+01 7.48994361e+00
 6.80870014e+01 7.48994361e+00
 6.80870014e+01 7.48994361e+00
 6.80870014e+01 7.48994361e+00
 6.80870014e+01 7.48994361e+00
 6.80870014e+01 7.48994361e+00
 6.80870014e+01 7.48994361e+00
 6.80870014e+01 7.48994361e+00
 6.80870014e+01 7.48994361e+00
 6.80870014e+01 7.48994361e+00
 6.80870014e+01 7.48994361e+00
 6.80870014e+01 7.48994361e+00
 6.80870014e+01 7.48994361e+00
 6.80870014e+01 7.48994361e+00
 6.80870014e+01 7.48994361e+00
 6.80870014e+01 7.48994361e+00
 6.80870014e+01 7.48994361e+00
 6.80870014e+01 7.48994361e+00
 6.80870014e+01 7.48994361e+00
 6.80870014e+01 7.48994361e+00
 6.80870014e+01 7.48994361e+00
 6.80870014e+01 7.48994361e+00
 6.80870014e+01 7.48994361e+00
 6.80870014e+01 7.48994361e+00
 6.80870014e+01 7.48994361e+00
 6.80870014e+01 7.48994361e+00
 6.80870014e+01 7.48994361e+00
 6.80870014e+01 7.48994361e+00
 6.80870014e+01 7.48994361e+00
 6.80870014e+01 7.48994361e+00
 6.80870014e+01 7.48994361e+00
 6.80870014e+01 7.48994361e+00
 6.80870014e+01 7.48994361e+00
 6.80870014e+01 7.48994361e+00
 6.80870014e+01 7.48994361e+00
 6.80870014e+01 7.48994361e+00
 6.80870014e+01 7.48994361e+00
 6.80870014e+01 7.48994361e+00
 6.80870014e+01 7.48994361e+00
 6.80870014e+01 7.48994361e+00
 6.80870014e+01 7.48994361e+00
 6.80870014e+01 7.48994361e+00
 6.80870014e+01 7.48994361e+00
 6.80870014e+01 7.48994361e+00
 6.80870014e+01 7.48994361e+00
 6.80870014e+01 7.48994361e+00
 6.80870014e+01 7.48994361e+00
 6.80870014e+01 7.48994361e+00
 6.80870014e+01 7.48994361e+00
 6.80870014e+01 7.48994361e+00
 6.80870014e+01 7.48994361e+00
 6.80870014e+01 7.48994361e+00
 6.80870014e+01 7.48994361e+00
 6.80870014e+01 7.48994361e+00
 6.80870014e+01 7.48994361e+00
 6.80870014e+01 7.48994361e+00
 6.80870014e+01 7.48994361e+00
 6.80870014e+01 7.48994361e+00
 6.80870014e+01 7.48994361e+00
 6.80870014e+01 7.48994361e+00
 6.80870014e+01 7.48994361e+00
 6.80870014e+01 7.48994361e+00
 6.80870014e+01 7.48994361e+00
 6.80870014e+01 7.48994361e+00
 6.80870014e+01 7.48994361e+00
