 0.00000000e+00 0.00000000e+00
 0.00000000e+00 0.00000000e+00
 0.00000000e+00 0.00000000e+00
 0.00000000e+00 0.00000000e+00
 -1.62138085e-01 -6.67268155e-02
 -3.73352272e-01 -1.55413086e-01
 -6.14550046e-01 -2.62960580e-01
 -8.55428774e-01 -3.87801996e-01
 -1.05684260e+00 -5.32350434e-01
 -1.17331238e+00 -7.01938797e-01
 -1.15779768e+00 -9.01242891e-01
 -9.68608307e-01 -1.13088074e+00
 -5.75551275e-01 -1.38592758e+00
 3.77213510e-02 -1.65598339e+00
 8.75448220e-01 -1.92555037e+00
 1.93249720e+00 -2.17429441e+00
 3.19487301e+00 -2.37778241e+00
 4.63827036e+00 -2.50943520e+00
 6.22762492e+00 -2.54381407e+00
 7.91954645e+00 -2.46037777e+00
 9.66690489e+00 -2.24621518e+00
 1.14237048e+01 -1.89667428e+00
 1.31489884e+01 -1.41395788e+00
 1.48094995e+01 -8.04693367e-01
 1.63812258e+01 -7.77197846e-02
 1.78496538e+01 7.57110810e-01
 1.92082896e+01 1.68915744e+00
 2.04554272e+01 2.70691795e+00
 2.15902001e+01 3.79826430e+00
 2.26096530e+01 4.95095444e+00
 2.35078946e+01 6.15299668e+00
 2.42767532e+01 7.39275170e+00
 2.49065149e+01 8.65905915e+00
 2.53861603e+01 9.94145319e+00
 2.57037318e+01 1.12300773e+01
 2.58475432e+01 1.25150115e+01
 2.58080020e+01 1.37852103e+01
 2.55788382e+01 1.50273987e+01
 2.51565332e+01 1.62250646e+01
 2.45380227e+01 1.73576755e+01
 2.37182230e+01 1.84004281e+01
 2.26890619e+01 1.93248227e+01
 2.14406026e+01 2.01001631e+01
 1.99637520e+01 2.06959339e+01
 1.82536499e+01 2.10847314e+01
 1.63130172e+01 2.12450573e+01
 1.41549901e+01 2.11633613e+01
 1.18048702e+01 2.08352022e+01
 9.30013248e+00 2.02656798e+01
 6.68846766e+00 1.94690328e+01
 4.02439285e+00 1.84668955e+01
 1.36524422e+00 1.72848878e+01
 -1.23303365e+00 1.59481502e+01
 -3.72028305e+00 1.44774056e+01
 -6.05635566e+00 1.28871367e+01
 -8.21397044e+00 1.11863006e+01
 -1.01787950e+01 9.38064801e+00
 -1.19464669e+01 7.47548082e+00
 -1.35179862e+01 5.47838849e+00
 -1.48956598e+01 3.40188359e+00
 -1.60810189e+01 1.26555866e+00
 -1.70747329e+01 -9.02885432e-01
 -1.78775812e+01 -3.06841589e+00
 -1.84913131e+01 -5.19163724e+00
 -1.89185921e+01 -7.23334616e+00
 -1.91618400e+01 -9.15889549e+00
 -1.92215741e+01 -1.09406618e+01
 -1.90956054e+01 -1.25583319e+01
 -1.87800418e+01 -1.39979711e+01
 -1.82708658e+01 -1.52508249e+01
 -1.75638592e+01 -1.63119788e+01
 -1.66530115e+01 -1.71785563e+01
 -1.55299422e+01 -1.78476435e+01
 -1.41856620e+01 -1.83148100e+01
 -1.26132426e+01 -1.85738737e+01
 -1.08095081e+01 -1.86177574e+01
 -8.77577342e+00 -1.84400193e+01
 -6.51924541e+00 -1.80369342e+01
 -4.05615202e+00 -1.74101337e+01
 -1.41556681e+00 -1.65694783e+01
 1.35844379e+00 -1.55353369e+01
 4.20767273e+00 -1.43392834e+01
 7.06285542e+00 -1.30227210e+01
 9.84790604e+00 -1.16336386e+01
 1.24860186e+01 -1.02219095e+01
 1.49097553e+01 -8.83339571e+00
 1.70759485e+01 -7.50337944e+00
 1.89813737e+01 -6.25083009e+00
 2.06689604e+01 -5.07609745e+00
 2.22145822e+01 -3.96427795e+00
 2.36973760e+01 -2.89356526e+00
 2.51721579e+01 -1.84421701e+00
 2.66613679e+01 -8.03428056e-01
 2.81656401e+01 2.34877957e-01
 2.96785676e+01 1.27275083e+00
 3.11949761e+01 2.31062806e+00
 3.27124265e+01 3.34853576e+00
 3.42301146e+01 4.38645446e+00
 3.57478444e+01 5.42437555e+00
 3.72655798e+01 6.46229688e+00
 3.87833136e+01 7.50021685e+00
 4.03010275e+01 8.53812314e+00
 4.18185896e+01 9.57592555e+00
 4.33352479e+01 1.06131100e+01
 4.48476859e+01 1.16474083e+01
 4.63446305e+01 1.26711112e+01
 4.77967953e+01 1.36641910e+01
 4.91469204e+01 1.45874897e+01
 5.03134803e+01 1.53852553e+01
 5.12190635e+01 1.60045488e+01
 5.12190635e+01 1.60045488e+01
 5.12190635e+01 1.60045488e+01
 5.12190635e+01 1.60045488e+01
 5.12190635e+01 1.60045488e+01
 5.12190635e+01 1.60045488e+01
 5.12190635e+01 1.60045488e+01
 5.12190635e+01 1.60045488e+01
 5.12190635e+01 1.60045488e+01
 5.12190635e+01 1.60045488e+01
 5.12190635e+01 1.60045488e+01
 5.12190635e+01 1.60045488e+01
 5.12190635e+01 1.60045488e+01
 5.12190635e+01 1.60045488e+01
 5.12190635e+01 1.60045488e+01
 5.12190635e+01 1.60045488e+01
 5.12190635e+01 1.60045488e+01
 5.12190635e+01 1.60045488e+01
 5.12190635e+01 1.60045488e+01
 5.12190635e+01 1.60045488e+01
 5.12190635e+01 1.60045488e+01
 5.12190635e+01 1.60045488e+01
 5.12190635e+01 1.60045488e+01
 5.12190635e+01 1.60045488e+01
 5.12190635e+01 1.60045488e+01
 5.12190635e+01 1.60045488e+01
 5.12190635e+01 1.60045488e+01
 5.12190635e+01 1.60045488e+01
 5.12190635e+01 1.60045488e+01
 5.12190635e+01 1.60045488e+01
 5.12190635e+01 1.60045488e+01
 5.12190635e+01 1.60045488e+01
 5.12190635e+01 1.60045488e+01
 5.12190635e+01 1.60045488e+01
 5.12190635e+01 1.60045488e+01
 5.12190635e+01 1.60045488e+01
 5.12190635e+01 1.60045488e+01
 5.12190635e+01 1.60045488e+01
 5.12190635e+01 1.60045488e+01
 5.12190635e+01 1.60045488e+01
 5.12190635e+01 1.60045488e+01
 5.12190635e+01 1.60045488e+01
 5.12190635e+01 1.60045488e+01
 5.12190635e+01 1.60045488e+01
 5.12190635e+01 1.60045488e+01
 5.12190635e+01 1.60045488e+01
 5.12190635e+01 1.60045488e+01
 5.12190635e+01 1.60045488e+01
 5.12190635e+01 1.60045488e+01
 5.12190635e+01 1.60045488e+01
 5.12190635e+01 1.60045488e+01
 5.12190635e+01 1.60045488e+01
 5.12190635e+01 1.60045488e+01
 5.12190635e+01 1.60045488e+01
 5.12190635e+01 1.60045488e+01
 5.12190635e+01 1.60045488e+01
 5.12190635e+01 1.60045488e+01
 5.12190635e+01 1.60045488e+01
 5.12190635e+01 1.60045488e+01
 5.12190635e+01 1.60045488e+01
 5.12190635e+01 1.60045488e+01
 5.12190635e+01 1.60045488e+01
 5.12190635e+01 1.60045488e+01
 5.12190635e+01 1.60045488e+01
 5.12190635e+01 1.60045488e+01
