 0.00000000e+00 0.00000000e+00
 0.00000000e+00 0.00000000e+00
 0.00000000e+00 0.00000000e+00
 0.00000000e+00 0.00000000e+00
 0.00000000e+00 0.00000000e+00
 0.00000000e+00 0.00000000e+00
 0.00000000e+00 0.00000000e+00
 0.00000000e+00 0.00000000e+00
 0.00000000e+00 0.00000000e+00
 0.00000000e+00 0.00000000e+00
 -1.07444633e-01 8.52429302e-02
 -2.87751869e-01 2.03568284e-01
 -5.54124077e-01 3.52303085e-01
 -9.09751043e-01 5.26043402e-01
 -1.35106867e+00 7.18530703e-01
 -1.87364372e+00 9.23266568e-01
 -2.47600128e+00 1.13304329e+00
 -3.15984227e+00 1.33916642e+00
 -3.92837231e+00 1.53099124e+00
 -4.78489981e+00 1.69613465e+00
 -5.73243129e+00 1.82142047e+00
 -6.77380386e+00 1.89403438e+00
 -7.91175747e+00 1.90207290e+00
 -9.14871872e+00 1.83448503e+00
 -1.04861938e+01 1.68139846e+00
 -1.19237732e+01 1.43531276e+00
 -1.34583392e+01 1.09232241e+00
 -1.50843506e+01 6.52415464e-01
 -1.67951750e+01 1.18838199e-01
 -1.85844629e+01 -5.02993891e-01
 -2.04468463e+01 -1.20670963e+00
 -2.23780533e+01 -1.98606951e+00
 -2.43746816e+01 -2.83563507e+00
 -2.64336636e+01 -3.75094476e+00
 -2.85513050e+01 -4.72842565e+00
 -3.07214770e+01 -5.76513032e+00
 -3.29324939e+01 -6.85794163e+00
 -3.51631022e+01 -8.00195673e+00
 -3.73792099e+01 -9.18857274e+00
 -3.95331931e+01 -1.04044675e+01
 -4.15665620e+01 -1.16322966e+01
 -4.34153218e+01 -1.28527464e+01
 -4.50164309e+01 -1.40467911e+01
 -4.63136984e+01 -1.51973743e+01
 -4.72620690e+01 -1.62906009e+01
 -4.78300157e+01 -1.73167076e+01
 -4.80002695e+01 -1.82705516e+01
 -4.77693109e+01 -1.91511196e+01
 -4.71459604e+01 -1.99600976e+01
 -4.61492535e+01 -2.07001874e+01
 -4.48059230e+01 -2.13739068e+01
 -4.31483144e+01 -2.19831270e+01
 -4.12138109e+01 -2.25290115e+01
 -3.90460694e+01 -2.30117052e+01
 -3.66968846e+01 -2.34295075e+01
 -3.42267342e+01 -2.37781395e+01
 -3.17027468e+01 -2.40510204e+01
 -2.91940791e+01 -2.42407402e+01
 -2.67656251e+01 -2.43410935e+01
 -2.44717660e+01 -2.43487746e+01
 -2.23520758e+01 -2.42640350e+01
 -2.04297309e+01 -2.40902359e+01
 -1.87119120e+01 -2.38330816e+01
 -1.71914758e+01 -2.35004303e+01
 -1.58500569e+01 -2.31026526e+01
 -1.46628303e+01 -2.26525654e+01
 -1.36042821e+01 -2.21642124e+01
 -1.26533683e+01 -2.16511143e+01
 -1.17960148e+01 -2.11253972e+01
 -1.10235735e+01 -2.05980670e+01
 -1.03278456e+01 -2.00790334e+01
 -9.69585530e+00 -1.95757821e+01
 -9.10863710e+00 -1.90915480e+01
 -8.54557883e+00 -1.86248442e+01
 -7.99075517e+00 -1.81710510e+01
 -7.43596989e+00 -1.77249507e+01
 -6.87911551e+00 -1.72825670e+01
 -6.32072852e+00 -1.68416359e+01
 -5.76165965e+00 -1.64011625e+01
 -5.20237543e+00 -1.59608046e+01
 -4.64304048e+00 -1.55204700e+01
 -4.08369642e+00 -1.50801391e+01
 -3.52435117e+00 -1.46398088e+01
 -2.96500655e+00 -1.41994791e+01
 -2.40566929e+00 -1.37591552e+01
 -1.84638801e+00 -1.33188754e+01
 -1.28743977e+00 -1.28788578e+01
 -7.30046872e-01 -1.24400645e+01
 -1.78363945e-01 -1.20057663e+01
 3.56815917e-01 -1.15844597e+01
 8.54390089e-01 -1.11927573e+01
 1.28431331e+00 -1.08543113e+01
 1.61805631e+00 -1.05915807e+01
 1.61805631e+00 -1.05915807e+01
 1.61805631e+00 -1.05915807e+01
 1.61805631e+00 -1.05915807e+01
 1.61805631e+00 -1.05915807e+01
 1.61805631e+00 -1.05915807e+01
 1.61805631e+00 -1.05915807e+01
 1.61805631e+00 -1.05915807e+01
 1.61805631e+00 -1.05915807e+01
 1.61805631e+00 -1.05915807e+01
 1.61805631e+00 -1.05915807e+01
 1.61805631e+00 -1.05915807e+01
 1.61805631e+00 -1.05915807e+01
 1.61805631e+00 -1.05915807e+01
 1.61805631e+00 -1.05915807e+01
 1.61805631e+00 -1.05915807e+01
 1.61805631e+00 -1.05915807e+01
 1.61805631e+00 -1.05915807e+01
 1.61805631e+00 -1.05915807e+01
 1.61805631e+00 -1.05915807e+01
 1.61805631e+00 -1.05915807e+01
 1.61805631e+00 -1.05915807e+01
 1.61805631e+00 -1.05915807e+01
 1.61805631e+00 -1.05915807e+01
 1.61805631e+00 -1.05915807e+01
 1.61805631e+00 -1.05915807e+01
 1.61805631e+00 -1.05915807e+01
 1.61805631e+00 -1.05915807e+01
 1.61805631e+00 -1.05915807e+01
 1.61805631e+00 -1.05915807e+01
 1.61805631e+00 -1.05915807e+01
 1.61805631e+00 -1.05915807e+01
 1.61805631e+00 -1.05915807e+01
 1.61805631e+00 -1.05915807e+01
 1.61805631e+00 -1.05915807e+01
 1.61805631e+00 -1.05915807e+01
 1.61805631e+00 -1.05915807e+01
 1.61805631e+00 -1.05915807e+01
