 0.00000000e+00 0.00000000e+00
 0.00000000e+00 0.00000000e+00
 0.00000000e+00 0.00000000e+00
 0.00000000e+00 0.00000000e+00
 0.00000000e+00 0.00000000e+00
 0.00000000e+00 0.00000000e+00
 0.00000000e+00 0.00000000e+00
 0.00000000e+00 0.00000000e+00
 -1.04955230e-01 -6.16855220e-02
 -2.34055009e-01 -1.37564808e-01
 -3.67930539e-01 -2.21774709e-01
 -4.81639602e-01 -3.10667206e-01
 -5.50376562e-01 -4.04465634e-01
 -5.53437925e-01 -5.05803026e-01
 -4.76074855e-01 -6.17049016e-01
 -3.09526901e-01 -7.38377581e-01
 -4.92374147e-02 -8.66966394e-01
 3.08104532e-01 -9.96730390e-01
 7.66789077e-01 -1.11832943e+00
 1.33205451e+00 -1.21988090e+00
 2.00837534e+00 -1.28839079e+00
 2.79779332e+00 -1.31074562e+00
 3.69903545e+00 -1.27354605e+00
 4.70687035e+00 -1.16321018e+00
 5.81126724e+00 -9.67913354e-01
 6.99678578e+00 -6.80116762e-01
 8.24276228e+00 -2.97300945e-01
 9.52430414e+00 1.79017796e-01
 1.08138842e+01 7.44118670e-01
 1.20834837e+01 1.39016355e+00
 1.33070389e+01 2.10650317e+00
 1.44625848e+01 2.88084466e+00
 1.55337049e+01 3.70089007e+00
 1.65102711e+01 4.55575720e+00
 1.73881519e+01 5.43677618e+00
 1.81673286e+01 6.33753143e+00
 1.88488243e+01 7.25331009e+00
 1.94320022e+01 8.18042577e+00
 1.99133522e+01 9.11578706e+00
 2.02864415e+01 1.00565478e+01
 2.05422790e+01 1.09993606e+01
 2.06700719e+01 1.19391230e+01
 2.06587370e+01 1.28678180e+01
 2.04990290e+01 1.37742662e+01
 2.01854870e+01 1.46449400e+01
 1.97172863e+01 1.54650532e+01
 1.90977057e+01 1.62189674e+01
 1.83327181e+01 1.68897338e+01
 1.74293398e+01 1.74584249e+01
 1.63940528e+01 1.79039833e+01
 1.52316921e+01 1.82039385e+01
 1.39454940e+01 1.83361648e+01
 1.25386483e+01 1.82816169e+01
 1.10165832e+01 1.80272579e+01
 9.38848532e+00 1.75679238e+01
 7.66747736e+00 1.69065054e+01
 5.87054789e+00 1.60528920e+01
 4.01917216e+00 1.50223559e+01
 2.13965264e+00 1.38337158e+01
 2.61749987e-01 1.25075489e+01
 -1.58383174e+00 1.10648164e+01
 -3.36699656e+00 9.52609363e+00
 -5.05778041e+00 7.91144482e+00
 -6.62507714e+00 6.24106956e+00
 -8.03679402e+00 4.53665308e+00
 -9.26237289e+00 2.82268659e+00
 -1.02763786e+01 1.12664215e+00
 -1.10610518e+01 -5.22533550e-01
 -1.16069495e+01 -2.09697747e+00
 -1.19121416e+01 -3.57222242e+00
 -1.19804467e+01 -4.92844829e+00
 -1.18189236e+01 -6.15087144e+00
 -1.14352903e+01 -7.22976407e+00
 -1.08360695e+01 -8.15998495e+00
 -1.00255272e+01 -8.93955173e+00
 -9.00519342e+00 -9.56741915e+00
 -7.77426283e+00 -1.00415001e+01
 -6.33126176e+00 -1.03580114e+01
 -4.67676247e+00 -1.05124125e+01
 -2.81638391e+00 -1.05013364e+01
 -7.63241617e-01 -1.03246288e+01
 1.46056552e+00 -9.98691979e+00
 3.82324433e+00 -9.49867821e+00
 6.28334413e+00 -8.87685606e+00
 8.79147801e+00 -8.14482355e+00
 1.12948545e+01 -7.33104497e+00
 1.37445062e+01 -6.46651181e+00
 1.61037815e+01 -5.58149894e+00
 1.83556770e+01 -4.70188937e+00
 2.05054039e+01 -3.84528105e+00
 2.25753135e+01 -3.01841923e+00
 2.45939591e+01 -2.21819123e+00
 2.65856622e+01 -1.43621858e+00
 2.85658402e+01 -6.64072351e-01
 3.05420240e+01 1.03891202e-01
 3.25170907e+01 8.70445476e-01
 3.44919058e+01 1.63662431e+00
 3.64666756e+01 2.40272419e+00
 3.84414387e+01 3.16881100e+00
 4.04162009e+01 3.93489602e+00
 4.23909603e+01 4.70097983e+00
 4.43656937e+01 5.46705351e+00
 4.63402294e+01 6.23305053e+00
 4.83135894e+01 6.99859141e+00
 5.02814582e+01 7.76200208e+00
 5.22291680e+01 8.51759232e+00
 5.41186140e+01 9.25057980e+00
 5.58752936e+01 9.93206217e+00
 5.73931323e+01 1.05208891e+01
 5.85714078e+01 1.09779868e+01
 5.85714078e+01 1.09779868e+01
 5.85714078e+01 1.09779868e+01
 5.85714078e+01 1.09779868e+01
 5.85714078e+01 1.09779868e+01
 5.85714078e+01 1.09779868e+01
 5.85714078e+01 1.09779868e+01
 5.85714078e+01 1.09779868e+01
 5.85714078e+01 1.09779868e+01
 5.85714078e+01 1.09779868e+01
 5.85714078e+01 1.09779868e+01
 5.85714078e+01 1.09779868e+01
 5.85714078e+01 1.09779868e+01
 5.85714078e+01 1.09779868e+01
 5.85714078e+01 1.09779868e+01
 5.85714078e+01 1.09779868e+01
 5.85714078e+01 1.09779868e+01
 5.85714078e+01 1.09779868e+01
 5.85714078e+01 1.09779868e+01
 5.85714078e+01 1.09779868e+01
 5.85714078e+01 1.09779868e+01
 5.85714078e+01 1.09779868e+01
 5.85714078e+01 1.09779868e+01
 5.85714078e+01 1.09779868e+01
 5.85714078e+01 1.09779868e+01
 5.85714078e+01 1.09779868e+01
 5.85714078e+01 1.09779868e+01
 5.85714078e+01 1.09779868e+01
 5.85714078e+01 1.09779868e+01
 5.85714078e+01 1.09779868e+01
 5.85714078e+01 1.09779868e+01
 5.85714078e+01 1.09779868e+01
 5.85714078e+01 1.09779868e+01
 5.85714078e+01 1.09779868e+01
 5.85714078e+01 1.09779868e+01
 5.85714078e+01 1.09779868e+01
 5.85714078e+01 1.09779868e+01
 5.85714078e+01 1.09779868e+01
 5.85714078e+01 1.09779868e+01
 5.85714078e+01 1.09779868e+01
 5.85714078e+01 1.09779868e+01
 5.85714078e+01 1.09779868e+01
 5.85714078e+01 1.09779868e+01
 5.85714078e+01 1.09779868e+01
 5.85714078e+01 1.09779868e+01
 5.85714078e+01 1.09779868e+01
 5.85714078e+01 1.09779868e+01
 5.85714078e+01 1.09779868e+01
 5.85714078e+01 1.09779868e+01
 5.85714078e+01 1.09779868e+01
 5.85714078e+01 1.09779868e+01
 5.85714078e+01 1.09779868e+01
 5.85714078e+01 1.09779868e+01
 5.85714078e+01 1.09779868e+01
 5.85714078e+01 1.09779868e+01
 5.85714078e+01 1.09779868e+01
 5.85714078e+01 1.09779868e+01
 5.85714078e+01 1.09779868e+01
 5.85714078e+01 1.09779868e+01
 5.85714078e+01 1.09779868e+01
 5.85714078e+01 1.09779868e+01
 5.85714078e+01 1.09779868e+01
 5.85714078e+01 1.09779868e+01
 5.85714078e+01 1.09779868e+01
 5.85714078e+01 1.09779868e+01
