 0.00000000e+00 0.00000000e+00
 0.00000000e+00 0.00000000e+00
 0.00000000e+00 0.00000000e+00
 0.00000000e+00 0.00000000e+00
 -1.57585988e-01 -1.38760700e-01
 -3.44986515e-01 -3.15125567e-01
 -5.30975673e-01 -5.16851264e-01
 -6.79231324e-01 -7.32505963e-01
 -7.57413192e-01 -9.55165026e-01
 -7.41629300e-01 -1.18140758e+00
 -6.16442996e-01 -1.40852934e+00
 -3.72880003e-01 -1.63289642e+00
 -6.63074109e-03 -1.84969467e+00
 4.82724431e-01 -2.05268929e+00
 1.09180104e+00 -2.23332843e+00
 1.81343631e+00 -2.38007162e+00
 2.63697502e+00 -2.47905689e+00
 3.54893341e+00 -2.51602247e+00
 4.53416406e+00 -2.47838727e+00
 5.57741876e+00 -2.35643378e+00
 6.66486180e+00 -2.14325692e+00
 7.78521198e+00 -1.83401943e+00
 8.93070281e+00 -1.42536966e+00
 1.00981469e+01 -9.15253881e-01
 1.12896842e+01 -3.02799004e-01
 1.25119980e+01 4.11739812e-01
 1.37731500e+01 1.22665233e+00
 1.50779315e+01 2.13811324e+00
 1.64240493e+01 3.13961190e+00
 1.78007169e+01 4.22181257e+00
 1.91890107e+01 5.37287623e+00
 2.05623698e+01 6.57890027e+00
 2.18869510e+01 7.82404601e+00
 2.31231605e+01 9.09055171e+00
 2.42294372e+01 1.03593785e+01
 2.51675715e+01 1.16115418e+01
 2.59074637e+01 1.28290616e+01
 2.64294748e+01 1.39947576e+01
 2.67238674e+01 1.50915220e+01
 2.67881825e+01 1.61021966e+01
 2.66243402e+01 1.70102505e+01
 2.62371754e+01 1.78004717e+01
 2.56344787e+01 1.84589746e+01
 2.48270518e+01 1.89727242e+01
 2.38279730e+01 1.93294710e+01
 2.26519590e+01 1.95186956e+01
 2.13157202e+01 1.95331971e+01
 1.98387366e+01 1.93704540e+01
 1.82431904e+01 1.90332780e+01
 1.65527047e+01 1.85298027e+01
 1.47908020e+01 1.78730146e+01
 1.29801020e+01 1.70800272e+01
 1.11422899e+01 1.61711291e+01
 9.29816070e+00 1.51683625e+01
 7.46728718e+00 1.40934861e+01
 5.66759268e+00 1.29657189e+01
 3.91546510e+00 1.18001015e+01
 2.22652085e+00 1.06071821e+01
 6.16154229e-01 9.39392605e+00
 -9.01049748e-01 8.16489727e+00
 -2.31263773e+00 6.92290819e+00
 -3.60885585e+00 5.66943642e+00
 -4.78163565e+00 4.40579190e+00
 -5.82264270e+00 3.13535172e+00
 -6.72152527e+00 1.86578134e+00
 -7.46507063e+00 6.09586515e-01
 -8.03764028e+00 -6.17508156e-01
 -8.42291891e+00 -1.79902672e+00
 -8.60632312e+00 -2.91928373e+00
 -8.57704966e+00 -3.96361750e+00
 -8.32915906e+00 -4.91835799e+00
 -7.86169108e+00 -5.77141393e+00
 -7.17811590e+00 -6.51308911e+00
 -6.28549206e+00 -7.13607017e+00
 -5.19367710e+00 -7.63424399e+00
 -3.91499365e+00 -8.00113343e+00
 -2.46464426e+00 -8.22907298e+00
 -8.61490076e-01 -8.30971989e+00
 8.71702616e-01 -8.23567816e+00
 2.70879841e+00 -8.00242788e+00
 4.62085169e+00 -7.60982967e+00
 6.57603045e+00 -7.06307926e+00
 8.53925004e+00 -6.37336035e+00
 1.04724856e+01 -5.55817654e+00
 1.23364701e+01 -4.64091766e+00
 1.40938121e+01 -3.64930938e+00
 1.57133709e+01 -2.61295054e+00
 1.71762042e+01 -1.56045883e+00
 1.84826354e+01 -5.16533043e-01
 1.96564479e+01 5.00937995e-01
 2.07399313e+01 1.48314866e+00
 2.17789711e+01 2.43074272e+00
 2.28072486e+01 3.35129008e+00
 2.38402815e+01 4.25476285e+00
 2.48803786e+01 5.14953005e+00
 2.59248844e+01 6.04072843e+00
 2.69712316e+01 6.93075634e+00
 2.80181421e+01 7.82047854e+00
 2.90651829e+01 8.71013740e+00
 3.01122468e+01 9.59978589e+00
 3.11593138e+01 1.04894329e+01
 3.22063796e+01 1.13790786e+01
 3.32534317e+01 1.22687126e+01
 3.43003789e+01 1.31582575e+01
 3.53467028e+01 1.40472727e+01
 3.63901151e+01 1.49338142e+01
 3.74228386e+01 1.58112738e+01
 3.84246692e+01 1.66624851e+01
 3.93561038e+01 1.74538839e+01
 4.01608991e+01 1.81376830e+01
 4.07856497e+01 1.86685060e+01
 4.07856497e+01 1.86685060e+01
 4.07856497e+01 1.86685060e+01
 4.07856497e+01 1.86685060e+01
 4.07856497e+01 1.86685060e+01
 4.07856497e+01 1.86685060e+01
 4.07856497e+01 1.86685060e+01
 4.07856497e+01 1.86685060e+01
 4.07856497e+01 1.86685060e+01
 4.07856497e+01 1.86685060e+01
 4.07856497e+01 1.86685060e+01
 4.07856497e+01 1.86685060e+01
 4.07856497e+01 1.86685060e+01
 4.07856497e+01 1.86685060e+01
 4.07856497e+01 1.86685060e+01
 4.07856497e+01 1.86685060e+01
 4.07856497e+01 1.86685060e+01
 4.07856497e+01 1.86685060e+01
 4.07856497e+01 1.86685060e+01
 4.07856497e+01 1.86685060e+01
 4.07856497e+01 1.86685060e+01
 4.07856497e+01 1.86685060e+01
 4.07856497e+01 1.86685060e+01
 4.07856497e+01 1.86685060e+01
 4.07856497e+01 1.86685060e+01
 4.07856497e+01 1.86685060e+01
 4.07856497e+01 1.86685060e+01
 4.07856497e+01 1.86685060e+01
 4.07856497e+01 1.86685060e+01
 4.07856497e+01 1.86685060e+01
 4.07856497e+01 1.86685060e+01
 4.07856497e+01 1.86685060e+01
 4.07856497e+01 1.86685060e+01
 4.07856497e+01 1.86685060e+01
 4.07856497e+01 1.86685060e+01
 4.07856497e+01 1.86685060e+01
 4.07856497e+01 1.86685060e+01
 4.07856497e+01 1.86685060e+01
 4.07856497e+01 1.86685060e+01
 4.07856497e+01 1.86685060e+01
 4.07856497e+01 1.86685060e+01
 4.07856497e+01 1.86685060e+01
 4.07856497e+01 1.86685060e+01
 4.07856497e+01 1.86685060e+01
 4.07856497e+01 1.86685060e+01
 4.07856497e+01 1.86685060e+01
 4.07856497e+01 1.86685060e+01
 4.07856497e+01 1.86685060e+01
 4.07856497e+01 1.86685060e+01
 4.07856497e+01 1.86685060e+01
 4.07856497e+01 1.86685060e+01
 4.07856497e+01 1.86685060e+01
 4.07856497e+01 1.86685060e+01
 4.07856497e+01 1.86685060e+01
 4.07856497e+01 1.86685060e+01
 4.07856497e+01 1.86685060e+01
 4.07856497e+01 1.86685060e+01
 4.07856497e+01 1.86685060e+01
 4.07856497e+01 1.86685060e+01
 4.07856497e+01 1.86685060e+01
 4.07856497e+01 1.86685060e+01
 4.07856497e+01 1.86685060e+01
 4.07856497e+01 1.86685060e+01
 4.07856497e+01 1.86685060e+01
