 0.00000000e+00 0.00000000e+00
 0.00000000e+00 0.00000000e+00
 0.00000000e+00 0.00000000e+00
 0.00000000e+00 0.00000000e+00
 -1.11001621e-01 -2.37893454e-02
 -2.47764957e-01 -4.92975873e-02
 -3.94108267e-01 -7.21852498e-02
 -5.31584485e-01 -8.95833756e-02
 -6.44482374e-01 -1.01580403e-01
 -7.20922667e-01 -1.11555693e-01
 -7.49700661e-01 -1.25668250e-01
 -7.15969537e-01 -1.51704428e-01
 -6.00049177e-01 -1.97084691e-01
 -3.80380574e-01 -2.66417935e-01
 -3.74638965e-02 -3.59966779e-01
 4.44284646e-01 -4.73787164e-01
 1.07644264e+00 -6.00566325e-01
 1.86620732e+00 -7.29818590e-01
 2.81491583e+00 -8.47502601e-01
 3.91629895e+00 -9.36174084e-01
 5.15568291e+00 -9.76318849e-01
 6.51069253e+00 -9.48512150e-01
 7.95307449e+00 -8.35723784e-01
 9.45081209e+00 -6.25352828e-01
 1.09700020e+01 -3.10697891e-01
 1.24764173e+01 1.08534372e-01
 1.39368154e+01 6.26897933e-01
 1.53201931e+01 1.23481164e+00
 1.65994825e+01 1.92065743e+00
 1.77539577e+01 2.67300206e+00
 1.87715169e+01 3.48252554e+00
 1.96492520e+01 4.34320105e+00
 2.03916141e+01 5.25248897e+00
 2.10071838e+01 6.21051973e+00
 2.15056217e+01 7.21839207e+00
 2.18955434e+01 8.27608287e+00
 2.21830256e+01 9.38065487e+00
 2.23702305e+01 1.05249786e+01
 2.24543023e+01 1.16967425e+01
 2.24273163e+01 1.28778349e+01
 2.22776780e+01 1.40445949e+01
 2.19924479e+01 1.51691412e+01
 2.15596844e+01 1.62213231e+01
 2.09700629e+01 1.71705247e+01
 2.02174010e+01 1.79868393e+01
 1.92983107e+01 1.86418346e+01
 1.82116095e+01 1.91095749e+01
 1.69579972e+01 1.93680798e+01
 1.55402489e+01 1.94005619e+01
 1.39640688e+01 1.91961285e+01
 1.22393948e+01 1.87507096e+01
 1.03814875e+01 1.80685650e+01
 8.41118082e+00 1.71630513e+01
 6.35416462e+00 1.60551972e+01
 4.23958112e+00 1.47703760e+01
 2.09837999e+00 1.33346558e+01
 -3.81898799e-02 1.17722808e+01
 -2.13967777e+00 1.01049649e+01
 -4.17680800e+00 8.35283236e+00
 -6.12113264e+00 6.53615642e+00
 -7.94482992e+00 4.67679150e+00
 -9.62175260e+00 2.79853259e+00
 -1.11295987e+01 9.26592439e-01
 -1.24517442e+01 -9.12906943e-01
 -1.35775490e+01 -2.69319610e+00
 -1.45015575e+01 -4.38789075e+00
 -1.52230511e+01 -5.97363160e+00
 -1.57464277e+01 -7.43350200e+00
 -1.60808667e+01 -8.75918798e+00
 -1.62374987e+01 -9.95037643e+00
 -1.62247083e+01 -1.10117131e+01
 -1.60443714e+01 -1.19491900e+01
 -1.56910165e+01 -1.27676756e+01
 -1.51533969e+01 -1.34698019e+01
 -1.44168155e+01 -1.40553606e+01
 -1.34654312e+01 -1.45206301e+01
 -1.22849927e+01 -1.48579277e+01
 -1.08665180e+01 -1.50561082e+01
 -9.21048543e+00 -1.51023479e+01
 -7.33039620e+00 -1.49848198e+01
 -5.25476147e+00 -1.46955187e+01
 -3.02703930e+00 -1.42327138e+01
 -7.03246600e-01 -1.36028038e+01
 1.65262876e+00 -1.28212462e+01
 3.97446691e+00 -1.19120045e+01
 6.19999946e+00 -1.09052699e+01
 8.27715552e+00 -9.83408964e+00
 1.01721645e+01 -8.73096138e+00
 1.18787777e+01 -7.62487544e+00
 1.34228543e+01 -6.53850043e+00
 1.48547823e+01 -5.48544227e+00
 1.62300280e+01 -4.46878980e+00
 1.75895806e+01 -3.48270823e+00
 1.89527923e+01 -2.51703415e+00
 2.03232356e+01 -1.56224831e+00
 2.16983697e+01 -6.12096597e-01
 2.30754885e+01 3.36487423e-01
 2.44532178e+01 1.28465140e+00
 2.58310886e+01 2.23272653e+00
 2.72089846e+01 3.18078685e+00
 2.85868838e+01 4.12884513e+00
 2.99647815e+01 5.07690191e+00
 3.13426611e+01 6.02494618e+00
 3.27204028e+01 6.97289557e+00
 3.40973241e+01 7.92028048e+00
 3.54704139e+01 8.86502916e+00
 3.68294377e+01 9.80009978e+00
 3.81478076e+01 1.07071987e+01
 3.93735391e+01 1.15505581e+01
 4.04326183e+01 1.22792530e+01
 4.12547656e+01 1.28449281e+01
 4.12547656e+01 1.28449281e+01
 4.12547656e+01 1.28449281e+01
 4.12547656e+01 1.28449281e+01
 4.12547656e+01 1.28449281e+01
 4.12547656e+01 1.28449281e+01
 4.12547656e+01 1.28449281e+01
 4.12547656e+01 1.28449281e+01
 4.12547656e+01 1.28449281e+01
 4.12547656e+01 1.28449281e+01
 4.12547656e+01 1.28449281e+01
 4.12547656e+01 1.28449281e+01
 4.12547656e+01 1.28449281e+01
 4.12547656e+01 1.28449281e+01
 4.12547656e+01 1.28449281e+01
 4.12547656e+01 1.28449281e+01
 4.12547656e+01 1.28449281e+01
 4.12547656e+01 1.28449281e+01
 4.12547656e+01 1.28449281e+01
 4.12547656e+01 1.28449281e+01
 4.12547656e+01 1.28449281e+01
 4.12547656e+01 1.28449281e+01
 4.12547656e+01 1.28449281e+01
 4.12547656e+01 1.28449281e+01
 4.12547656e+01 1.28449281e+01
 4.12547656e+01 1.28449281e+01
 4.12547656e+01 1.28449281e+01
 4.12547656e+01 1.28449281e+01
 4.12547656e+01 1.28449281e+01
 4.12547656e+01 1.28449281e+01
 4.12547656e+01 1.28449281e+01
 4.12547656e+01 1.28449281e+01
 4.12547656e+01 1.28449281e+01
 4.12547656e+01 1.28449281e+01
 4.12547656e+01 1.28449281e+01
 4.12547656e+01 1.28449281e+01
 4.12547656e+01 1.28449281e+01
 4.12547656e+01 1.28449281e+01
 4.12547656e+01 1.28449281e+01
 4.12547656e+01 1.28449281e+01
 4.12547656e+01 1.28449281e+01
 4.12547656e+01 1.28449281e+01
 4.12547656e+01 1.28449281e+01
 4.12547656e+01 1.28449281e+01
 4.12547656e+01 1.28449281e+01
 4.12547656e+01 1.28449281e+01
 4.12547656e+01 1.28449281e+01
 4.12547656e+01 1.28449281e+01
 4.12547656e+01 1.28449281e+01
 4.12547656e+01 1.28449281e+01
 4.12547656e+01 1.28449281e+01
 4.12547656e+01 1.28449281e+01
 4.12547656e+01 1.28449281e+01
 4.12547656e+01 1.28449281e+01
 4.12547656e+01 1.28449281e+01
 4.12547656e+01 1.28449281e+01
 4.12547656e+01 1.28449281e+01
 4.12547656e+01 1.28449281e+01
 4.12547656e+01 1.28449281e+01
 4.12547656e+01 1.28449281e+01
 4.12547656e+01 1.28449281e+01
 4.12547656e+01 1.28449281e+01
 4.12547656e+01 1.28449281e+01
 4.12547656e+01 1.28449281e+01
