 0.00000000e+00 0.00000000e+00
 0.00000000e+00 0.00000000e+00
 0.00000000e+00 0.00000000e+00
 0.00000000e+00 0.00000000e+00
 0.00000000e+00 0.00000000e+00
 0.00000000e+00 0.00000000e+00
 0.00000000e+00 0.00000000e+00
 0.00000000e+00 0.00000000e+00
 0.00000000e+00 0.00000000e+00
 0.00000000e+00 0.00000000e+00
 0.00000000e+00 0.00000000e+00
 0.00000000e+00 0.00000000e+00
 0.00000000e+00 0.00000000e+00
 0.00000000e+00 0.00000000e+00
 4.65488372e-02 -2.33240338e-02
 1.32094766e-01 -6.53523565e-02
 2.69162056e-01 -1.30288430e-01
 4.66958153e-01 -2.18220724e-01
 7.32466757e-01 -3.24626919e-01
 1.07245233e+00 -4.40976205e-01
 1.49375094e+00 -5.55496896e-01
 2.00193455e+00 -6.54008181e-01
 2.60018456e+00 -7.20939305e-01
 3.28921449e+00 -7.39856434e-01
 4.06755819e+00 -6.93147074e-01
 4.93141057e+00 -5.62429458e-01
 5.87400579e+00 -3.31247244e-01
 6.88505780e+00 1.14875612e-02
 7.95071432e+00 4.70241937e-01
 9.05412301e+00 1.04404653e+00
 1.01764600e+01 1.72807042e+00
 1.12982149e+01 2.51459655e+00
 1.24004371e+01 3.39389127e+00
 1.34654107e+01 4.35499528e+00
 1.44763109e+01 5.38569231e+00
 1.54161659e+01 6.47152795e+00
 1.62671713e+01 7.59485235e+00
 1.70110649e+01 8.73497421e+00
 1.76303197e+01 9.86958036e+00
 1.81095735e+01 1.09765249e+01
 1.84370079e+01 1.20349108e+01
 1.86054521e+01 1.30253572e+01
 1.86128355e+01 1.39304135e+01
 1.84618846e+01 1.47358250e+01
 1.81593743e+01 1.54319154e+01
 1.77151010e+01 1.60135670e+01
 1.71403225e+01 1.64782576e+01
 1.64456887e+01 1.68233172e+01
 1.56395769e+01 1.70441406e+01
 1.47279491e+01 1.71341897e+01
 1.37157535e+01 1.70864099e+01
 1.26087563e+01 1.68950403e+01
 1.14147126e+01 1.65567824e+01
 1.01434931e+01 1.60708660e+01
 8.80633714e+00 1.54384223e+01
 7.41475592e+00 1.46619344e+01
 5.97962122e+00 1.37451207e+01
 4.51054325e+00 1.26930301e+01
 3.01562144e+00 1.15119959e+01
 1.50222048e+00 1.02093945e+01
 -2.07395512e-02 8.79360242e+00
 -1.53970255e+00 7.27484687e+00
 -3.03408153e+00 5.66742632e+00
 -4.47558690e+00 3.99264746e+00
 -5.82950315e+00 2.28048343e+00
 -7.05762013e+00 5.68163537e-01
 -8.12220927e+00 -1.10394145e+00
 -8.99014093e+00 -2.69693178e+00
 -9.63616370e+00 -4.17669849e+00
 -1.00447973e+01 -5.51588421e+00
 -1.02108628e+01 -6.69532302e+00
 -1.01387625e+01 -7.70520470e+00
 -9.84047041e+00 -8.54511774e+00
 -9.33248720e+00 -9.22200540e+00
 -8.63261006e+00 -9.74630740e+00
 -7.75750709e+00 -1.01278411e+01
 -6.72151829e+00 -1.03730001e+01
 -5.53644776e+00 -1.04839998e+01
 -4.21203124e+00 -1.04600543e+01
 -2.75703145e+00 -1.02996090e+01
 -1.18084531e+00 -1.00023377e+01
 5.04844944e-01 -9.57020826e+00
 2.28484000e+00 -9.00806000e+00
 4.13964176e+00 -8.32436407e+00
 6.04493178e+00 -7.53197520e+00
 7.97144779e+00 -6.64805755e+00
 9.88568545e+00 -5.69280483e+00
 1.17514168e+01 -4.68746898e+00
 1.35314863e+01 -3.65261299e+00
 1.51900447e+01 -2.60710937e+00
 1.66968043e+01 -1.56766617e+00
 1.80345541e+01 -5.48327526e-01
 1.92078075e+01 4.40342941e-01
 2.02463513e+01 1.39230737e+00
 2.11977039e+01 2.30694412e+00
 2.21101101e+01 3.18902190e+00
 2.30167734e+01 4.04702519e+00
 2.39314273e+01 4.89019039e+00
 2.48547269e+01 5.72584984e+00
 2.57830375e+01 6.55843147e+00
 2.67133703e+01 7.38999949e+00
 2.76443095e+01 8.22130127e+00
 2.85753870e+01 9.05254756e+00
 2.95064889e+01 9.88378471e+00
 3.04375940e+01 1.07150206e+01
 3.13686981e+01 1.15462552e+01
 3.22997900e+01 1.23774789e+01
 3.32307887e+01 1.32086193e+01
 3.41612331e+01 1.40392648e+01
 3.50890883e+01 1.48675990e+01
 3.60074385e+01 1.56874476e+01
 3.68983172e+01 1.64827713e+01
 3.77265962e+01 1.72222097e+01
 3.84422611e+01 1.78611128e+01
 3.89978210e+01 1.83570838e+01
 3.89978210e+01 1.83570838e+01
 3.89978210e+01 1.83570838e+01
 3.89978210e+01 1.83570838e+01
 3.89978210e+01 1.83570838e+01
 3.89978210e+01 1.83570838e+01
 3.89978210e+01 1.83570838e+01
 3.89978210e+01 1.83570838e+01
 3.89978210e+01 1.83570838e+01
 3.89978210e+01 1.83570838e+01
 3.89978210e+01 1.83570838e+01
 3.89978210e+01 1.83570838e+01
 3.89978210e+01 1.83570838e+01
 3.89978210e+01 1.83570838e+01
 3.89978210e+01 1.83570838e+01
 3.89978210e+01 1.83570838e+01
 3.89978210e+01 1.83570838e+01
 3.89978210e+01 1.83570838e+01
 3.89978210e+01 1.83570838e+01
 3.89978210e+01 1.83570838e+01
 3.89978210e+01 1.83570838e+01
 3.89978210e+01 1.83570838e+01
 3.89978210e+01 1.83570838e+01
 3.89978210e+01 1.83570838e+01
 3.89978210e+01 1.83570838e+01
 3.89978210e+01 1.83570838e+01
 3.89978210e+01 1.83570838e+01
 3.89978210e+01 1.83570838e+01
 3.89978210e+01 1.83570838e+01
 3.89978210e+01 1.83570838e+01
 3.89978210e+01 1.83570838e+01
 3.89978210e+01 1.83570838e+01
 3.89978210e+01 1.83570838e+01
 3.89978210e+01 1.83570838e+01
 3.89978210e+01 1.83570838e+01
 3.89978210e+01 1.83570838e+01
 3.89978210e+01 1.83570838e+01
 3.89978210e+01 1.83570838e+01
 3.89978210e+01 1.83570838e+01
 3.89978210e+01 1.83570838e+01
 3.89978210e+01 1.83570838e+01
 3.89978210e+01 1.83570838e+01
 3.89978210e+01 1.83570838e+01
 3.89978210e+01 1.83570838e+01
 3.89978210e+01 1.83570838e+01
 3.89978210e+01 1.83570838e+01
 3.89978210e+01 1.83570838e+01
 3.89978210e+01 1.83570838e+01
 3.89978210e+01 1.83570838e+01
 3.89978210e+01 1.83570838e+01
 3.89978210e+01 1.83570838e+01
 3.89978210e+01 1.83570838e+01
 3.89978210e+01 1.83570838e+01
 3.89978210e+01 1.83570838e+01
 3.89978210e+01 1.83570838e+01
 3.89978210e+01 1.83570838e+01
 3.89978210e+01 1.83570838e+01
 3.89978210e+01 1.83570838e+01
 3.89978210e+01 1.83570838e+01
 3.89978210e+01 1.83570838e+01
