 0.00000000e+00 0.00000000e+00
 0.00000000e+00 0.00000000e+00
 0.00000000e+00 0.00000000e+00
 0.00000000e+00 0.00000000e+00
 -1.22092249e-01 2.06787367e-02
 -2.54584635e-01 4.66908518e-02
 -3.72449201e-01 7.29936281e-02
 -4.54201998e-01 9.26037353e-02
 -4.85423601e-01 9.79105337e-02
 -4.55606957e-01 8.14819965e-02
 -3.54069894e-01 3.68165790e-02
 -1.69271784e-01 -4.05786188e-02
 1.09580956e-01 -1.52306446e-01
 4.91721056e-01 -2.96912788e-01
 9.85299080e-01 -4.70041392e-01
 1.59756644e+00 -6.64315505e-01
 2.33399819e+00 -8.69063262e-01
 3.19694397e+00 -1.07039217e+00
 4.18447102e+00 -1.25192742e+00
 5.28972067e+00 -1.39628811e+00
 6.50111195e+00 -1.48691319e+00
 7.80347191e+00 -1.50925606e+00
 9.17938878e+00 -1.45080749e+00
 1.06098476e+01 -1.30077928e+00
 1.20741264e+01 -1.05047271e+00
 1.35498867e+01 -6.94027390e-01
 1.50141929e+01 -2.28719289e-01
 1.64452008e+01 3.45174495e-01
 1.78235433e+01 1.02456309e+00
 1.91325471e+01 1.80388042e+00
 2.03572558e+01 2.67571597e+00
 2.14832935e+01 3.63145505e+00
 2.24968296e+01 4.66163393e+00
 2.33856551e+01 5.75599351e+00
 2.41399239e+01 6.90328203e+00
 2.47514253e+01 8.09092025e+00
 2.52120086e+01 9.30484914e+00
 2.55128277e+01 1.05298042e+01
 2.56454344e+01 1.17497936e+01
 2.56041981e+01 1.29481932e+01
 2.53882912e+01 1.41070753e+01
 2.50017329e+01 1.52061661e+01
 2.44518628e+01 1.62224217e+01
 2.37479406e+01 1.71307553e+01
 2.29005688e+01 1.79053241e+01
 2.19210638e+01 1.85205321e+01
 2.08200774e+01 1.89518711e+01
 1.96060436e+01 1.91773029e+01
 1.82846163e+01 1.91791393e+01
 1.68598124e+01 1.89455952e+01
 1.53366645e+01 1.84715604e+01
 1.37244414e+01 1.77588483e+01
 1.20392506e+01 1.68162268e+01
 1.03051046e+01 1.56593267e+01
 8.55327633e+00 1.43105141e+01
 6.82050176e+00 1.27985478e+01
 5.14650906e+00 1.11574657e+01
 3.57073068e+00 9.42449864e+00
 2.12822127e+00 7.63768032e+00
 8.45872680e-01 5.83401175e+00
 -2.59475704e-01 4.04831477e+00
 -1.18039424e+00 2.31224684e+00
 -1.91663352e+00 6.53037315e-01
 -2.47288831e+00 -9.07904077e-01
 -2.85719282e+00 -2.35588808e+00
 -3.07912224e+00 -3.68275187e+00
 -3.14690873e+00 -4.88542270e+00
 -3.06435814e+00 -5.96377056e+00
 -2.82966547e+00 -6.91865825e+00
 -2.43667763e+00 -7.75065279e+00
 -1.87685408e+00 -8.45910109e+00
 -1.14044160e+00 -9.04126120e+00
 -2.17350242e-01 -9.49182737e+00
 9.01164530e-01 -9.80340022e+00
 2.21989920e+00 -9.96783593e+00
 3.73699960e+00 -9.97778876e+00
 5.44224507e+00 -9.82805500e+00
 7.31696758e+00 -9.51709899e+00
 9.33506258e+00 -9.04902200e+00
 1.14637312e+01 -8.43522940e+00
 1.36634719e+01 -7.69472940e+00
 1.58884986e+01 -6.85280933e+00
 1.80892278e+01 -5.93859349e+00
 2.02176481e+01 -4.98207695e+00
 2.22353321e+01 -4.01111450e+00
 2.41223914e+01 -3.04874287e+00
 2.58832758e+01 -2.11102393e+00
 2.75442992e+01 -1.20563055e+00
 2.91419810e+01 -3.31882333e-01
 3.07087640e+01 5.17016530e-01
 3.22649071e+01 1.35007714e+00
 3.38191542e+01 2.17496721e+00
 3.53737659e+01 2.99646642e+00
 3.69287937e+01 3.81684031e+00
 3.84839915e+01 4.63691710e+00
 4.00392346e+01 5.45693177e+00
 4.15944864e+01 6.27693616e+00
 4.31497393e+01 7.09693914e+00
 4.47049902e+01 7.91694086e+00
 4.62602206e+01 8.73693175e+00
 4.78152954e+01 9.55684059e+00
 4.93694442e+01 1.03762612e+01
 5.09192683e+01 1.11934016e+01
 5.24532160e+01 1.20021712e+01
 5.39412771e+01 1.27867473e+01
 5.53247760e+01 1.35161932e+01
 5.65201723e+01 1.41464626e+01
 5.74481406e+01 1.46357313e+01
 5.74481406e+01 1.46357313e+01
 5.74481406e+01 1.46357313e+01
 5.74481406e+01 1.46357313e+01
 5.74481406e+01 1.46357313e+01
 5.74481406e+01 1.46357313e+01
 5.74481406e+01 1.46357313e+01
 5.74481406e+01 1.46357313e+01
 5.74481406e+01 1.46357313e+01
 5.74481406e+01 1.46357313e+01
 5.74481406e+01 1.46357313e+01
 5.74481406e+01 1.46357313e+01
 5.74481406e+01 1.46357313e+01
 5.74481406e+01 1.46357313e+01
 5.74481406e+01 1.46357313e+01
 5.74481406e+01 1.46357313e+01
 5.74481406e+01 1.46357313e+01
 5.74481406e+01 1.46357313e+01
 5.74481406e+01 1.46357313e+01
 5.74481406e+01 1.46357313e+01
 5.74481406e+01 1.46357313e+01
 5.74481406e+01 1.46357313e+01
 5.74481406e+01 1.46357313e+01
 5.74481406e+01 1.46357313e+01
 5.74481406e+01 1.46357313e+01
 5.74481406e+01 1.46357313e+01
 5.74481406e+01 1.46357313e+01
 5.74481406e+01 1.46357313e+01
 5.74481406e+01 1.46357313e+01
 5.74481406e+01 1.46357313e+01
 5.74481406e+01 1.46357313e+01
 5.74481406e+01 1.46357313e+01
 5.74481406e+01 1.46357313e+01
 5.74481406e+01 1.46357313e+01
 5.74481406e+01 1.46357313e+01
 5.74481406e+01 1.46357313e+01
 5.74481406e+01 1.46357313e+01
 5.74481406e+01 1.46357313e+01
 5.74481406e+01 1.46357313e+01
 5.74481406e+01 1.46357313e+01
 5.74481406e+01 1.46357313e+01
 5.74481406e+01 1.46357313e+01
 5.74481406e+01 1.46357313e+01
 5.74481406e+01 1.46357313e+01
 5.74481406e+01 1.46357313e+01
 5.74481406e+01 1.46357313e+01
 5.74481406e+01 1.46357313e+01
 5.74481406e+01 1.46357313e+01
 5.74481406e+01 1.46357313e+01
 5.74481406e+01 1.46357313e+01
 5.74481406e+01 1.46357313e+01
 5.74481406e+01 1.46357313e+01
 5.74481406e+01 1.46357313e+01
 5.74481406e+01 1.46357313e+01
 5.74481406e+01 1.46357313e+01
 5.74481406e+01 1.46357313e+01
 5.74481406e+01 1.46357313e+01
 5.74481406e+01 1.46357313e+01
 5.74481406e+01 1.46357313e+01
 5.74481406e+01 1.46357313e+01
 5.74481406e+01 1.46357313e+01
 5.74481406e+01 1.46357313e+01
 5.74481406e+01 1.46357313e+01
 5.74481406e+01 1.46357313e+01
 5.74481406e+01 1.46357313e+01
 5.74481406e+01 1.46357313e+01
 5.74481406e+01 1.46357313e+01
