 0.00000000e+00 0.00000000e+00
 0.00000000e+00 0.00000000e+00
 0.00000000e+00 0.00000000e+00
 0.00000000e+00 0.00000000e+00
 0.00000000e+00 0.00000000e+00
 0.00000000e+00 0.00000000e+00
 0.00000000e+00 0.00000000e+00
 0.00000000e+00 0.00000000e+00
 0.00000000e+00 0.00000000e+00
 0.00000000e+00 0.00000000e+00
 0.00000000e+00 0.00000000e+00
 0.00000000e+00 0.00000000e+00
 0.00000000e+00 0.00000000e+00
 0.00000000e+00 0.00000000e+00
 0.00000000e+00 0.00000000e+00
 0.00000000e+00 0.00000000e+00
 0.00000000e+00 0.00000000e+00
 0.00000000e+00 0.00000000e+00
 2.25512340e-02 -1.47105571e-01
 9.06238615e-02 -3.52766929e-01
 2.29697875e-01 -6.14460147e-01
 4.62435455e-01 -9.24801924e-01
 8.07091214e-01 -1.27300034e+00
 1.27872793e+00 -1.64442897e+00
 1.89014898e+00 -2.01952064e+00
 2.65076246e+00 -2.37336080e+00
 3.56412130e+00 -2.67663310e+00
 4.62577272e+00 -2.89803579e+00
 5.82235740e+00 -3.00775102e+00
 7.13213599e+00 -2.98104072e+00
 8.52665534e+00 -2.80104984e+00
 9.97281883e+00 -2.46043558e+00
 1.14346187e+01 -1.96196273e+00
 1.28744395e+01 -1.31826403e+00
 1.42543873e+01 -5.50656550e-01
 1.55379520e+01 3.13204017e-01
 1.66918024e+01 1.24257609e+00
 1.76872768e+01 2.20693349e+00
 1.85013857e+01 3.17850341e+00
 1.91174311e+01 4.13384586e+00
 1.95253141e+01 5.05468392e+00
 1.97216047e+01 5.92809959e+00
 1.97096813e+01 6.74605176e+00
 1.94999549e+01 7.50426534e+00
 1.91093602e+01 8.20072340e+00
 1.85592729e+01 8.83401553e+00
 1.78721473e+01 9.40171225e+00
 1.70681006e+01 9.89899798e+00
 1.61626236e+01 1.03178995e+01
 1.51659993e+01 1.06472234e+01
 1.40842837e+01 1.08729822e+01
 1.29211197e+01 1.09792136e+01
 1.16795662e+01 1.09494843e+01
 1.03635985e+01 1.07693847e+01
 8.97951114e+00 1.04297128e+01
 7.53745716e+00 9.92917296e+00
 6.05267403e+00 9.27518641e+00
 4.54547498e+00 8.48247843e+00
 3.03972632e+00 7.57058460e+00
 1.56067300e+00 6.56168011e+00
 1.33163288e-01 5.47908051e+00
 -1.21953305e+00 4.34581046e+00
 -2.47664387e+00 3.18279911e+00
 -3.62049661e+00 2.00721027e+00
 -4.63644003e+00 8.31981821e-01
 -5.51217996e+00 -3.33004336e-01
 -6.23721219e+00 -1.47897036e+00
 -6.80301724e+00 -2.59686055e+00
 -7.20394983e+00 -3.67724354e+00
 -7.43769888e+00 -4.71119630e+00
 -7.50413481e+00 -5.69121692e+00
 -7.40315913e+00 -6.61126281e+00
 -7.13356689e+00 -7.46569460e+00
 -6.69342607e+00 -8.24772242e+00
 -6.08040249e+00 -8.94830541e+00
 -5.29123243e+00 -9.55604986e+00
 -4.32156553e+00 -1.00577723e+01
 -3.16752367e+00 -1.04389828e+01
 -1.82889921e+00 -1.06842202e+01
 -3.12768987e-01 -1.07782021e+01
 1.36385466e+00 -1.07086808e+01
 3.17306219e+00 -1.04703299e+01
 5.07686229e+00 -1.00675758e+01
 7.02975533e+00 -9.51499764e+00
 8.98286373e+00 -8.83579400e+00
 1.08887238e+01 -8.05935455e+00
 1.27053982e+01 -7.21829896e+00
 1.43992517e+01 -6.34524049e+00
 1.59472449e+01 -5.46977345e+00
 1.73402280e+01 -4.61577299e+00
 1.85868324e+01 -3.79879723e+00
 1.97142662e+01 -3.02420064e+00
 2.07619559e+01 -2.28755670e+00
 2.17691352e+01 -1.57825886e+00
 2.27636587e+01 -8.84760286e-01
 2.37587827e+01 -1.98473130e-01
 2.47574956e+01 4.85274389e-01
 2.57587110e+01 1.16835922e+00
 2.67610092e+01 1.85132731e+00
 2.77636439e+01 2.53428614e+00
 2.87663568e+01 3.21724659e+00
 2.97690837e+01 3.90020776e+00
 3.07718125e+01 4.58316900e+00
 3.17745400e+01 5.26612932e+00
 3.27772544e+01 5.94908065e+00
 3.37798684e+01 6.63196362e+00
 3.47818854e+01 7.31443995e+00
 3.57811141e+01 7.99501720e+00
 3.67701066e+01 8.66862257e+00
 3.77295144e+01 9.32207769e+00
 3.86215072e+01 9.92961622e+00
 3.93922232e+01 1.04545529e+01
 3.99905186e+01 1.08620534e+01
 3.99905186e+01 1.08620534e+01
 3.99905186e+01 1.08620534e+01
 3.99905186e+01 1.08620534e+01
 3.99905186e+01 1.08620534e+01
 3.99905186e+01 1.08620534e+01
 3.99905186e+01 1.08620534e+01
 3.99905186e+01 1.08620534e+01
 3.99905186e+01 1.08620534e+01
 3.99905186e+01 1.08620534e+01
 3.99905186e+01 1.08620534e+01
 3.99905186e+01 1.08620534e+01
 3.99905186e+01 1.08620534e+01
 3.99905186e+01 1.08620534e+01
 3.99905186e+01 1.08620534e+01
 3.99905186e+01 1.08620534e+01
 3.99905186e+01 1.08620534e+01
 3.99905186e+01 1.08620534e+01
 3.99905186e+01 1.08620534e+01
 3.99905186e+01 1.08620534e+01
 3.99905186e+01 1.08620534e+01
 3.99905186e+01 1.08620534e+01
 3.99905186e+01 1.08620534e+01
 3.99905186e+01 1.08620534e+01
 3.99905186e+01 1.08620534e+01
 3.99905186e+01 1.08620534e+01
 3.99905186e+01 1.08620534e+01
 3.99905186e+01 1.08620534e+01
 3.99905186e+01 1.08620534e+01
 3.99905186e+01 1.08620534e+01
 3.99905186e+01 1.08620534e+01
 3.99905186e+01 1.08620534e+01
 3.99905186e+01 1.08620534e+01
 3.99905186e+01 1.08620534e+01
 3.99905186e+01 1.08620534e+01
 3.99905186e+01 1.08620534e+01
 3.99905186e+01 1.08620534e+01
 3.99905186e+01 1.08620534e+01
 3.99905186e+01 1.08620534e+01
 3.99905186e+01 1.08620534e+01
 3.99905186e+01 1.08620534e+01
 3.99905186e+01 1.08620534e+01
 3.99905186e+01 1.08620534e+01
 3.99905186e+01 1.08620534e+01
 3.99905186e+01 1.08620534e+01
 3.99905186e+01 1.08620534e+01
 3.99905186e+01 1.08620534e+01
 3.99905186e+01 1.08620534e+01
 3.99905186e+01 1.08620534e+01
 3.99905186e+01 1.08620534e+01
 3.99905186e+01 1.08620534e+01
 3.99905186e+01 1.08620534e+01
 3.99905186e+01 1.08620534e+01
 3.99905186e+01 1.08620534e+01
 3.99905186e+01 1.08620534e+01
 3.99905186e+01 1.08620534e+01
 3.99905186e+01 1.08620534e+01
 3.99905186e+01 1.08620534e+01
 3.99905186e+01 1.08620534e+01
 3.99905186e+01 1.08620534e+01
 3.99905186e+01 1.08620534e+01
 3.99905186e+01 1.08620534e+01
