 0.00000000e+00 0.00000000e+00
 0.00000000e+00 0.00000000e+00
 0.00000000e+00 0.00000000e+00
 0.00000000e+00 0.00000000e+00
 0.00000000e+00 0.00000000e+00
 0.00000000e+00 0.00000000e+00
 0.00000000e+00 0.00000000e+00
 0.00000000e+00 0.00000000e+00
 0.00000000e+00 0.00000000e+00
 -5.59490752e-02 -1.08598915e-01
 -9.03139223e-02 -2.41821166e-01
 -7.23733721e-02 -3.86802150e-01
 2.38695776e-02 -5.31827655e-01
 2.13503229e-01 -6.70235190e-01
 5.01214611e-01 -8.00244026e-01
 8.86133880e-01 -9.22325399e-01
 1.36666176e+00 -1.03643354e+00
 1.94256076e+00 -1.14049220e+00
 2.61456448e+00 -1.23036298e+00
 3.38313385e+00 -1.30066027e+00
 4.24737467e+00 -1.34542927e+00
 5.20426190e+00 -1.35796667e+00
 6.24814043e+00 -1.33003510e+00
 7.37065946e+00 -1.25166388e+00
 8.56137930e+00 -1.11209093e+00
 9.80900792e+00 -9.00712929e-01
 1.11027195e+01 -6.06949638e-01
 1.24328735e+01 -2.19804694e-01
 1.37908878e+01 2.71439178e-01
 1.51684718e+01 8.75289904e-01
 1.65565186e+01 1.59585851e+00
 1.79439270e+01 2.43123981e+00
 1.93166329e+01 3.37287662e+00
 2.06569751e+01 4.40608564e+00
 2.19432175e+01 5.51149848e+00
 2.31491541e+01 6.66675782e+00
 2.42445158e+01 7.84804153e+00
 2.51972217e+01 9.03167626e+00
 2.59770964e+01 1.01961690e+01
 2.65587548e+01 1.13240856e+01
 2.69218184e+01 1.24025485e+01
 2.70497012e+01 1.34218178e+01
 2.69301235e+01 1.43727291e+01
 2.65580684e+01 1.52442404e+01
 2.59377942e+01 1.60218257e+01
 2.50807913e+01 1.66870082e+01
 2.40012955e+01 1.72183745e+01
 2.27134803e+01 1.75941674e+01
 2.12318663e+01 1.77955614e+01
 1.95732894e+01 1.78090875e+01
 1.77586069e+01 1.76276576e+01
 1.58136325e+01 1.72511802e+01
 1.37693218e+01 1.66875626e+01
 1.16610881e+01 1.59531890e+01
 9.52709590e+00 1.50713395e+01
 7.40564659e+00 1.40683732e+01
 5.33226137e+00 1.29691551e+01
 3.33723075e+00 1.17936632e+01
 1.44391142e+00 1.05559273e+01
 -3.32267921e-01 9.26505994e+00
 -1.98356546e+00 7.92713519e+00
 -3.50755043e+00 6.54691401e+00
 -4.90270235e+00 5.12951522e+00
 -6.16371183e+00 3.68251563e+00
 -7.27880965e+00 2.21803846e+00
 -8.23039238e+00 7.53519438e-01
 -8.99816198e+00 -6.89621643e-01
 -9.56267325e+00 -2.08873995e+00
 -9.90791600e+00 -3.42264723e+00
 -1.00232570e+01 -4.67311785e+00
 -9.90538809e+00 -5.82522054e+00
 -9.55968609e+00 -6.86719227e+00
 -8.99959200e+00 -7.79036491e+00
 -8.24351442e+00 -8.58903079e+00
 -7.31056044e+00 -9.25989268e+00
 -6.21735377e+00 -9.80105793e+00
 -4.97724759e+00 -1.02110052e+01
 -3.60131325e+00 -1.04880981e+01
 -2.09969381e+00 -1.06308834e+01
 -4.82835712e-01 -1.06389253e+01
 1.23691590e+00 -1.05137206e+01
 3.04325840e+00 -1.02593716e+01
 4.91436164e+00 -9.88292666e+00
 6.82295851e+00 -9.39448367e+00
 8.73835551e+00 -8.80716009e+00
 1.06295228e+01 -8.13686661e+00
 1.24680510e+01 -7.40167892e+00
 1.42302701e+01 -6.62066315e+00
 1.58987536e+01 -5.81236082e+00
 1.74639484e+01 -4.99357355e+00
 1.89260968e+01 -4.17887979e+00
 2.02962316e+01 -3.38027758e+00
 2.15943365e+01 -2.60590718e+00
 2.28441555e+01 -1.85822647e+00
 2.40668810e+01 -1.13369011e+00
 2.52771454e+01 -4.25132861e-01
 2.64828027e+01 2.74648800e-01
 2.76871172e+01 9.70608211e-01
 2.88911304e+01 1.66525121e+00
 3.00950934e+01 2.35953661e+00
 3.12990508e+01 3.05374558e+00
 3.25030077e+01 3.74794171e+00
 3.37069646e+01 4.44213607e+00
 3.49109198e+01 5.13632932e+00
 3.61148591e+01 5.83051339e+00
 3.73186780e+01 6.52462799e+00
 3.85217800e+01 7.21832926e+00
 3.97215342e+01 7.91010022e+00
 4.09089981e+01 8.59478463e+00
 4.20609401e+01 9.25898736e+00
 4.31319382e+01 9.87651830e+00
 4.40573217e+01 1.04100888e+01
 4.47756831e+01 1.08242916e+01
 4.47756831e+01 1.08242916e+01
 4.47756831e+01 1.08242916e+01
 4.47756831e+01 1.08242916e+01
 4.47756831e+01 1.08242916e+01
 4.47756831e+01 1.08242916e+01
 4.47756831e+01 1.08242916e+01
 4.47756831e+01 1.08242916e+01
 4.47756831e+01 1.08242916e+01
 4.47756831e+01 1.08242916e+01
 4.47756831e+01 1.08242916e+01
 4.47756831e+01 1.08242916e+01
 4.47756831e+01 1.08242916e+01
 4.47756831e+01 1.08242916e+01
 4.47756831e+01 1.08242916e+01
 4.47756831e+01 1.08242916e+01
 4.47756831e+01 1.08242916e+01
 4.47756831e+01 1.08242916e+01
 4.47756831e+01 1.08242916e+01
 4.47756831e+01 1.08242916e+01
 4.47756831e+01 1.08242916e+01
 4.47756831e+01 1.08242916e+01
 4.47756831e+01 1.08242916e+01
 4.47756831e+01 1.08242916e+01
 4.47756831e+01 1.08242916e+01
 4.47756831e+01 1.08242916e+01
 4.47756831e+01 1.08242916e+01
 4.47756831e+01 1.08242916e+01
 4.47756831e+01 1.08242916e+01
 4.47756831e+01 1.08242916e+01
 4.47756831e+01 1.08242916e+01
 4.47756831e+01 1.08242916e+01
 4.47756831e+01 1.08242916e+01
 4.47756831e+01 1.08242916e+01
 4.47756831e+01 1.08242916e+01
 4.47756831e+01 1.08242916e+01
 4.47756831e+01 1.08242916e+01
 4.47756831e+01 1.08242916e+01
 4.47756831e+01 1.08242916e+01
 4.47756831e+01 1.08242916e+01
 4.47756831e+01 1.08242916e+01
 4.47756831e+01 1.08242916e+01
 4.47756831e+01 1.08242916e+01
 4.47756831e+01 1.08242916e+01
 4.47756831e+01 1.08242916e+01
 4.47756831e+01 1.08242916e+01
 4.47756831e+01 1.08242916e+01
 4.47756831e+01 1.08242916e+01
 4.47756831e+01 1.08242916e+01
 4.47756831e+01 1.08242916e+01
 4.47756831e+01 1.08242916e+01
 4.47756831e+01 1.08242916e+01
 4.47756831e+01 1.08242916e+01
 4.47756831e+01 1.08242916e+01
 4.47756831e+01 1.08242916e+01
 4.47756831e+01 1.08242916e+01
 4.47756831e+01 1.08242916e+01
 4.47756831e+01 1.08242916e+01
 4.47756831e+01 1.08242916e+01
 4.47756831e+01 1.08242916e+01
 4.47756831e+01 1.08242916e+01
 4.47756831e+01 1.08242916e+01
