 0.00000000e+00 0.00000000e+00
 0.00000000e+00 0.00000000e+00
 0.00000000e+00 0.00000000e+00
 0.00000000e+00 0.00000000e+00
 -2.33726637e-01 -9.60121604e-02
 -5.07742696e-01 -2.20644493e-01
 -7.81107921e-01 -3.66368435e-01
 -1.01439111e+00 -5.25170410e-01
 -1.18066954e+00 -6.91624145e-01
 -1.26626751e+00 -8.63370716e-01
 -1.26593216e+00 -1.03995270e+00
 -1.17814512e+00 -1.22129456e+00
 -1.00232515e+00 -1.40625704e+00
 -7.37286971e-01 -1.59133085e+00
 -3.80419393e-01 -1.76981131e+00
 7.24407786e-02 -1.93186471e+00
 6.26438096e-01 -2.06549474e+00
 1.28663919e+00 -2.15796030e+00
 2.05687896e+00 -2.19708078e+00
 2.93890466e+00 -2.17212926e+00
 3.93189183e+00 -2.07432439e+00
 5.03200537e+00 -1.89702415e+00
 6.23169690e+00 -1.63575893e+00
 7.51885718e+00 -1.28830964e+00
 8.87624639e+00 -8.54926098e-01
 1.02816679e+01 -3.38512199e-01
 1.17092070e+01 2.55474731e-01
 1.31312418e+01 9.19423500e-01
 1.45202349e+01 1.64403748e+00
 1.58496904e+01 2.41871072e+00
 1.70947854e+01 3.23186128e+00
 1.82334468e+01 4.07133355e+00
 1.92477619e+01 4.92499691e+00
 2.01248749e+01 5.78171576e+00
 2.08567688e+01 6.63268567e+00
 2.14392676e+01 7.47267692e+00
 2.18711336e+01 8.30042321e+00
 2.21536535e+01 9.11770240e+00
 2.22904167e+01 9.92754964e+00
 2.22869664e+01 1.07326397e+01
 2.21502397e+01 1.15343515e+01
 2.18877364e+01 1.23320840e+01
 2.15064852e+01 1.31223216e+01
 2.10119900e+01 1.38976296e+01
 2.04071592e+01 1.46461588e+01
 1.96914290e+01 1.53519644e+01
 1.88609100e+01 1.59958957e+01
 1.79100179e+01 1.65565648e+01
 1.68336642e+01 1.70112420e+01
 1.56286589e+01 1.73369822e+01
 1.42942112e+01 1.75121153e+01
 1.28325488e+01 1.75177637e+01
 1.12503723e+01 1.73393011e+01
 9.56068954e+00 1.69682046e+01
 7.78375496e+00 1.64041160e+01
 5.94610476e+00 1.56557511e+01
 4.07789768e+00 1.47397631e+01
 2.20986644e+00 1.36783806e+01
 3.71142293e-01 1.24971359e+01
 -1.41173644e+00 1.12228875e+01
 -3.11517246e+00 9.88158215e+00
 -4.71889908e+00 8.49575830e+00
 -6.20658406e+00 7.08257913e+00
 -7.56616194e+00 5.65316650e+00
 -8.78930899e+00 4.21339350e+00
 -9.87017437e+00 2.76574195e+00
 -1.08042997e+01 1.31158418e+00
 -1.15885851e+01 -1.46726617e-01
 -1.22221168e+01 -1.60437411e+00
 -1.27067937e+01 -3.05336010e+00
 -1.30468905e+01 -4.48242536e+00
 -1.32475592e+01 -5.87727939e+00
 -1.33129237e+01 -7.22094465e+00
 -1.32446551e+01 -8.49447305e+00
 -1.30416932e+01 -9.67837829e+00
 -1.27009864e+01 -1.07544410e+01
 -1.22183740e+01 -1.17068855e+01
 -1.15889181e+01 -1.25222903e+01
 -1.08066210e+01 -1.31885871e+01
 -9.86382117e+00 -1.36939785e+01
 -8.75097696e+00 -1.40263600e+01
 -7.45791305e+00 -1.41736245e+01
 -5.97690180e+00 -1.41251863e+01
 -4.30649878e+00 -1.38745317e+01
 -2.45472386e+00 -1.34217289e+01
 -4.41274828e-01 -1.27749329e+01
 1.70107088e+00 -1.19510138e+01
 3.92665613e+00 -1.09757541e+01
 6.17983528e+00 -9.88323486e+00
 8.40013455e+00 -8.71371742e+00
 1.05278866e+01 -7.51017054e+00
 1.25091326e+01 -6.31427270e+00
 1.43001843e+01 -5.16249067e+00
 1.58729768e+01 -4.08241321e+00
 1.72214607e+01 -3.08949941e+00
 1.83668086e+01 -2.18486599e+00
 1.93563394e+01 -1.35565199e+00
 2.02517904e+01 -5.79605440e-01
 2.11099746e+01 1.66920546e-01
 2.19671477e+01 9.01713894e-01
 2.28365643e+01 1.63415929e+00
 2.37172075e+01 2.36730661e+00
 2.46040357e+01 3.10132567e+00
 2.54932987e+01 3.83577585e+00
 2.63832812e+01 4.57036758e+00
 2.72734263e+01 5.30499325e+00
 2.81635999e+01 6.03962505e+00
 2.90537772e+01 6.77425762e+00
 2.99439537e+01 7.50888928e+00
 3.08341184e+01 8.24351126e+00
 3.17241941e+01 8.97805972e+00
 3.26137398e+01 9.71217077e+00
 3.35008102e+01 1.04442391e+01
 3.43787934e+01 1.11688080e+01
 3.52305126e+01 1.18717022e+01
 3.60223837e+01 1.25252058e+01
 3.67065908e+01 1.30898580e+01
 3.72377305e+01 1.35281892e+01
 3.72377305e+01 1.35281892e+01
 3.72377305e+01 1.35281892e+01
 3.72377305e+01 1.35281892e+01
 3.72377305e+01 1.35281892e+01
 3.72377305e+01 1.35281892e+01
 3.72377305e+01 1.35281892e+01
 3.72377305e+01 1.35281892e+01
 3.72377305e+01 1.35281892e+01
 3.72377305e+01 1.35281892e+01
 3.72377305e+01 1.35281892e+01
 3.72377305e+01 1.35281892e+01
 3.72377305e+01 1.35281892e+01
 3.72377305e+01 1.35281892e+01
 3.72377305e+01 1.35281892e+01
 3.72377305e+01 1.35281892e+01
 3.72377305e+01 1.35281892e+01
 3.72377305e+01 1.35281892e+01
 3.72377305e+01 1.35281892e+01
 3.72377305e+01 1.35281892e+01
 3.72377305e+01 1.35281892e+01
 3.72377305e+01 1.35281892e+01
 3.72377305e+01 1.35281892e+01
 3.72377305e+01 1.35281892e+01
 3.72377305e+01 1.35281892e+01
 3.72377305e+01 1.35281892e+01
 3.72377305e+01 1.35281892e+01
 3.72377305e+01 1.35281892e+01
 3.72377305e+01 1.35281892e+01
 3.72377305e+01 1.35281892e+01
 3.72377305e+01 1.35281892e+01
 3.72377305e+01 1.35281892e+01
 3.72377305e+01 1.35281892e+01
 3.72377305e+01 1.35281892e+01
 3.72377305e+01 1.35281892e+01
 3.72377305e+01 1.35281892e+01
 3.72377305e+01 1.35281892e+01
 3.72377305e+01 1.35281892e+01
 3.72377305e+01 1.35281892e+01
 3.72377305e+01 1.35281892e+01
 3.72377305e+01 1.35281892e+01
 3.72377305e+01 1.35281892e+01
 3.72377305e+01 1.35281892e+01
 3.72377305e+01 1.35281892e+01
 3.72377305e+01 1.35281892e+01
 3.72377305e+01 1.35281892e+01
 3.72377305e+01 1.35281892e+01
 3.72377305e+01 1.35281892e+01
 3.72377305e+01 1.35281892e+01
 3.72377305e+01 1.35281892e+01
 3.72377305e+01 1.35281892e+01
 3.72377305e+01 1.35281892e+01
 3.72377305e+01 1.35281892e+01
 3.72377305e+01 1.35281892e+01
 3.72377305e+01 1.35281892e+01
 3.72377305e+01 1.35281892e+01
 3.72377305e+01 1.35281892e+01
