 0.00000000e+00 0.00000000e+00
 0.00000000e+00 0.00000000e+00
 0.00000000e+00 0.00000000e+00
 0.00000000e+00 0.00000000e+00
 -1.06544905e-01 -4.35704710e-02
 -2.31761620e-01 -1.08824905e-01
 -3.58681015e-01 -1.95911506e-01
 -4.71793397e-01 -3.03353242e-01
 -5.61265276e-01 -4.29803314e-01
 -6.21579292e-01 -5.74463317e-01
 -6.46899802e-01 -7.36254385e-01
 -6.27651653e-01 -9.12810008e-01
 -5.50923890e-01 -1.09992871e+00
 -4.03195814e-01 -1.29148427e+00
 -1.71979202e-01 -1.47964568e+00
 1.54736719e-01 -1.65535831e+00
 5.89313886e-01 -1.80903833e+00
 1.14366213e+00 -1.93139295e+00
 1.82703193e+00 -2.01415859e+00
 2.64370581e+00 -2.05020761e+00
 3.59123193e+00 -2.03274652e+00
 4.65919773e+00 -1.95469649e+00
 5.82885406e+00 -1.80967645e+00
 7.07418823e+00 -1.59392075e+00
 8.36444592e+00 -1.30693537e+00
 9.66735863e+00 -9.50198069e-01
 1.09523234e+01 -5.25326943e-01
 1.21930587e+01 -3.31615269e-02
 1.33691954e+01 5.26002954e-01
 1.44662945e+01 1.15152721e+00
 1.54744817e+01 1.84155767e+00
 1.63866822e+01 2.59270792e+00
 1.71973110e+01 3.40026601e+00
 1.79013124e+01 4.25839871e+00
 1.84930759e+01 5.16011337e+00
 1.89657106e+01 6.09740601e+00
 1.93118920e+01 7.06199280e+00
 1.95261090e+01 8.04625944e+00
 1.96060587e+01 9.04356801e+00
 1.95516413e+01 1.00474326e+01
 1.93631897e+01 1.10499197e+01
 1.90415040e+01 1.20401478e+01
 1.85894585e+01 1.30035292e+01
 1.80128201e+01 1.39217896e+01
 1.73193245e+01 1.47736095e+01
 1.65172852e+01 1.55359529e+01
 1.56149745e+01 1.61859965e+01
 1.46205547e+01 1.67031111e+01
 1.35418544e+01 1.70704589e+01
 1.23860341e+01 1.72762203e+01
 1.11596419e+01 1.73143392e+01
 9.86916032e+00 1.71844941e+01
 8.52156407e+00 1.68913929e+01
 7.12427843e+00 1.64436428e+01
 5.68441421e+00 1.58520509e+01
 4.20790243e+00 1.51273316e+01
 2.69931680e+00 1.42778815e+01
 1.16263528e+00 1.33084725e+01
 -3.97354437e-01 1.22204071e+01
 -1.97358377e+00 1.10133351e+01
 -3.55580757e+00 9.68821397e+00
 -5.13049477e+00 8.24998200e+00
 -6.68096148e+00 6.70879712e+00
 -8.18715876e+00 5.08022257e+00
 -9.62556083e+00 3.38541518e+00
 -1.09703062e+01 1.65130266e+00
 -1.21958171e+01 -9.03061536e-02
 -1.32796287e+01 -1.80533783e+00
 -1.42040303e+01 -3.46122759e+00
 -1.49562749e+01 -5.03033248e+00
 -1.55279800e+01 -6.49161960e+00
 -1.59142925e+01 -7.83057898e+00
 -1.61129925e+01 -9.03841540e+00
 -1.61234694e+01 -1.01112734e+01
 -1.59455210e+01 -1.10493861e+01
 -1.55782486e+01 -1.18558896e+01
 -1.50195836e+01 -1.25354006e+01
 -1.42667239e+01 -1.30925910e+01
 -1.33173321e+01 -1.35309478e+01
 -1.21712115e+01 -1.38518822e+01
 -1.08321355e+01 -1.40543925e+01
 -9.30943437e+00 -1.41355766e+01
 -7.61905262e+00 -1.40921972e+01
 -5.78395931e+00 -1.39228479e+01
 -3.83379764e+00 -1.36295696e+01
 -1.80372996e+00 -1.32181904e+01
 2.67371114e-01 -1.26978834e+01
 2.33921190e+00 -1.20807203e+01
 4.37276972e+00 -1.13811819e+01
 6.33306318e+00 -1.06152527e+01
 8.19133357e+00 -9.79932607e+00
 9.92638795e+00 -8.94949375e+00
 1.15257380e+01 -8.08130119e+00
 1.29872442e+01 -7.20955368e+00
 1.43208845e+01 -6.34778473e+00
 1.55487982e+01 -5.50707660e+00
 1.67013947e+01 -4.69414306e+00
 1.78096723e+01 -3.90964345e+00
 1.88975930e+01 -3.14852678e+00
 1.99789512e+01 -2.40288915e+00
 2.10593340e+01 -1.66546538e+00
 2.21400561e+01 -9.31519278e-01
 2.32210769e+01 -1.98743247e-01
 2.43022139e+01 5.33720993e-01
 2.53833811e+01 1.26611962e+00
 2.64645540e+01 1.99850736e+00
 2.75457276e+01 2.73089360e+00
 2.86268999e+01 3.46327870e+00
 2.97080579e+01 4.19565413e+00
 3.07891076e+01 4.92795627e+00
 3.18695137e+01 5.65982233e+00
 3.29469134e+01 6.38965188e+00
 3.40132761e+01 7.11200502e+00
 3.50477396e+01 7.81274965e+00
 3.60095141e+01 8.46425479e+00
 3.68405242e+01 9.02718028e+00
 3.74856250e+01 9.46417097e+00
 3.74856250e+01 9.46417097e+00
 3.74856250e+01 9.46417097e+00
 3.74856250e+01 9.46417097e+00
 3.74856250e+01 9.46417097e+00
 3.74856250e+01 9.46417097e+00
 3.74856250e+01 9.46417097e+00
 3.74856250e+01 9.46417097e+00
 3.74856250e+01 9.46417097e+00
 3.74856250e+01 9.46417097e+00
 3.74856250e+01 9.46417097e+00
 3.74856250e+01 9.46417097e+00
 3.74856250e+01 9.46417097e+00
 3.74856250e+01 9.46417097e+00
 3.74856250e+01 9.46417097e+00
 3.74856250e+01 9.46417097e+00
 3.74856250e+01 9.46417097e+00
 3.74856250e+01 9.46417097e+00
 3.74856250e+01 9.46417097e+00
 3.74856250e+01 9.46417097e+00
 3.74856250e+01 9.46417097e+00
 3.74856250e+01 9.46417097e+00
 3.74856250e+01 9.46417097e+00
 3.74856250e+01 9.46417097e+00
 3.74856250e+01 9.46417097e+00
 3.74856250e+01 9.46417097e+00
 3.74856250e+01 9.46417097e+00
 3.74856250e+01 9.46417097e+00
 3.74856250e+01 9.46417097e+00
 3.74856250e+01 9.46417097e+00
 3.74856250e+01 9.46417097e+00
 3.74856250e+01 9.46417097e+00
 3.74856250e+01 9.46417097e+00
 3.74856250e+01 9.46417097e+00
 3.74856250e+01 9.46417097e+00
 3.74856250e+01 9.46417097e+00
 3.74856250e+01 9.46417097e+00
 3.74856250e+01 9.46417097e+00
 3.74856250e+01 9.46417097e+00
 3.74856250e+01 9.46417097e+00
 3.74856250e+01 9.46417097e+00
 3.74856250e+01 9.46417097e+00
 3.74856250e+01 9.46417097e+00
 3.74856250e+01 9.46417097e+00
 3.74856250e+01 9.46417097e+00
 3.74856250e+01 9.46417097e+00
 3.74856250e+01 9.46417097e+00
 3.74856250e+01 9.46417097e+00
 3.74856250e+01 9.46417097e+00
 3.74856250e+01 9.46417097e+00
 3.74856250e+01 9.46417097e+00
 3.74856250e+01 9.46417097e+00
 3.74856250e+01 9.46417097e+00
 3.74856250e+01 9.46417097e+00
 3.74856250e+01 9.46417097e+00
 3.74856250e+01 9.46417097e+00
 3.74856250e+01 9.46417097e+00
 3.74856250e+01 9.46417097e+00
