 0.00000000e+00 0.00000000e+00
 0.00000000e+00 0.00000000e+00
 0.00000000e+00 0.00000000e+00
 0.00000000e+00 0.00000000e+00
 0.00000000e+00 0.00000000e+00
 0.00000000e+00 0.00000000e+00
 0.00000000e+00 0.00000000e+00
 0.00000000e+00 0.00000000e+00
 0.00000000e+00 0.00000000e+00
 0.00000000e+00 0.00000000e+00
 0.00000000e+00 0.00000000e+00
 0.00000000e+00 0.00000000e+00
 0.00000000e+00 0.00000000e+00
 0.00000000e+00 0.00000000e+00
 6.92017666e-02 1.49165360e-01
 1.45526228e-01 3.50741358e-01
 2.10572299e-01 5.94917306e-01
 2.41354919e-01 8.66378705e-01
 2.11925750e-01 1.14855917e+00
 9.53910922e-02 1.42577409e+00
 -1.31816973e-01 1.68352196e+00
 -4.85750243e-01 1.90814822e+00
 -9.74340726e-01 2.08654820e+00
 -1.60012173e+00 2.20594489e+00
 -2.36327731e+00 2.25359788e+00
 -3.26305571e+00 2.21652363e+00
 -4.29752033e+00 2.08155120e+00
 -5.46244063e+00 1.83591682e+00
 -6.75019407e+00 1.46822823e+00
 -8.14913549e+00 9.69486124e-01
 -9.64313259e+00 3.34015730e-01
 -1.12107838e+01 -4.39740757e-01
 -1.28246106e+01 -1.34863914e+00
 -1.44510092e+01 -2.38439302e+00
 -1.60512059e+01 -3.53314697e+00
 -1.75829548e+01 -4.77525186e+00
 -1.90028774e+01 -6.08570224e+00
 -2.02693787e+01 -7.43540589e+00
 -2.13456953e+01 -8.79298429e+00
 -2.22024010e+01 -1.01266908e+01
 -2.28188353e+01 -1.14061775e+01
 -2.31833266e+01 -1.26039279e+01
 -2.32925863e+01 -1.36961634e+01
 -2.31508027e+01 -1.46630948e+01
 -2.27685426e+01 -1.54885879e+01
 -2.21612882e+01 -1.61593852e+01
 -2.13478360e+01 -1.66639156e+01
 -2.03491285e+01 -1.69909158e+01
 -1.91877219e+01 -1.71287252e+01
 -1.78876780e+01 -1.70662866e+01
 -1.64748023e+01 -1.67957875e+01
 -1.49772785e+01 -1.63154324e+01
 -1.34264764e+01 -1.56309117e+01
 -1.18573977e+01 -1.47556401e+01
 -1.03081277e+01 -1.37106617e+01
 -8.81782446e+00 -1.25243838e+01
 -7.42341195e+00 -1.12314201e+01
 -6.15602707e+00 -9.87010499e+00
 -5.03853300e+00 -8.47940387e+00
 -4.08468296e+00 -7.09667267e+00
 -3.29962462e+00 -5.75699163e+00
 -2.68117634e+00 -4.49323571e+00
 -2.22152080e+00 -3.33547604e+00
 -1.90921842e+00 -2.30957719e+00
 -1.73166536e+00 -1.43650482e+00
 -1.67794052e+00 -7.33778319e-01
 -1.74106867e+00 -2.18490385e-01
 -1.91822697e+00 9.05497228e-02
 -2.20863132e+00 1.73560823e-01
 -2.61054653e+00 1.28927576e-02
 -3.11918969e+00 -4.04142437e-01
 -3.72646670e+00 -1.08472604e+00
 -4.42236155e+00 -2.03159970e+00
 -5.19674475e+00 -3.24334038e+00
 -6.04029409e+00 -4.71261107e+00
 -6.94460412e+00 -6.42372942e+00
 -7.90285810e+00 -8.35186901e+00
 -8.91182963e+00 -1.04647749e+01
 -9.97418166e+00 -1.27260013e+01
 -1.10994123e+01 -1.50982152e+01
 -1.23027862e+01 -1.75457617e+01
 -1.36024205e+01 -2.00361702e+01
 -1.50148036e+01 -2.25403377e+01
 -1.65495878e+01 -2.50314662e+01
 -1.82055646e+01 -2.74835924e+01
 -1.99697980e+01 -2.98707611e+01
 -2.18201008e+01 -3.21669876e+01
 -2.37285735e+01 -3.43460662e+01
 -2.56633044e+01 -3.63805230e+01
 -2.75879274e+01 -3.82405361e+01
 -2.94620338e+01 -3.98945213e+01
 -3.12451460e+01 -4.13119695e+01
 -3.29029678e+01 -4.24671657e+01
 -3.44116127e+01 -4.33416770e+01
 -3.57569306e+01 -4.39245856e+01
 -3.69303726e+01 -4.42114109e+01
 -3.79257626e+01 -4.42040359e+01
 -3.87404202e+01 -4.39138254e+01
 -3.93806699e+01 -4.33684535e+01
 -3.98684380e+01 -4.26193613e+01
 -4.02433800e+01 -4.17419102e+01
 -4.05556163e+01 -4.08204875e+01
 -4.08505938e+01 -3.99225627e+01
 -4.11558633e+01 -3.90795772e+01
 -4.14790682e+01 -3.82890156e+01
 -4.18160316e+01 -3.75323374e+01
 -4.21601517e+01 -3.67918914e+01
 -4.25070194e+01 -3.60573839e+01
 -4.28546889e+01 -3.53245559e+01
 -4.32025384e+01 -3.45920971e+01
 -4.35504193e+01 -3.38597015e+01
 -4.38983044e+01 -3.31273144e+01
 -4.42461894e+01 -3.23949293e+01
 -4.45940699e+01 -3.16625538e+01
 -4.49419156e+01 -3.09302517e+01
 -4.52895541e+01 -3.01983856e+01
 -4.56362253e+01 -2.94685561e+01
 -4.59793452e+01 -2.87462030e+01
 -4.63122009e+01 -2.80454583e+01
 -4.66216678e+01 -2.73939532e+01
 -4.68890591e+01 -2.68310277e+01
 -4.70966309e+01 -2.63940370e+01
 -4.70966309e+01 -2.63940370e+01
 -4.70966309e+01 -2.63940370e+01
 -4.70966309e+01 -2.63940370e+01
 -4.70966309e+01 -2.63940370e+01
 -4.70966309e+01 -2.63940370e+01
 -4.70966309e+01 -2.63940370e+01
 -4.70966309e+01 -2.63940370e+01
 -4.70966309e+01 -2.63940370e+01
 -4.70966309e+01 -2.63940370e+01
 -4.70966309e+01 -2.63940370e+01
 -4.70966309e+01 -2.63940370e+01
 -4.70966309e+01 -2.63940370e+01
 -4.70966309e+01 -2.63940370e+01
 -4.70966309e+01 -2.63940370e+01
 -4.70966309e+01 -2.63940370e+01
 -4.70966309e+01 -2.63940370e+01
 -4.70966309e+01 -2.63940370e+01
 -4.70966309e+01 -2.63940370e+01
 -4.70966309e+01 -2.63940370e+01
 -4.70966309e+01 -2.63940370e+01
 -4.70966309e+01 -2.63940370e+01
 -4.70966309e+01 -2.63940370e+01
 -4.70966309e+01 -2.63940370e+01
 -4.70966309e+01 -2.63940370e+01
 -4.70966309e+01 -2.63940370e+01
 -4.70966309e+01 -2.63940370e+01
 -4.70966309e+01 -2.63940370e+01
 -4.70966309e+01 -2.63940370e+01
 -4.70966309e+01 -2.63940370e+01
 -4.70966309e+01 -2.63940370e+01
 -4.70966309e+01 -2.63940370e+01
 -4.70966309e+01 -2.63940370e+01
 -4.70966309e+01 -2.63940370e+01
 -4.70966309e+01 -2.63940370e+01
 -4.70966309e+01 -2.63940370e+01
 -4.70966309e+01 -2.63940370e+01
 -4.70966309e+01 -2.63940370e+01
 -4.70966309e+01 -2.63940370e+01
 -4.70966309e+01 -2.63940370e+01
 -4.70966309e+01 -2.63940370e+01
 -4.70966309e+01 -2.63940370e+01
 -4.70966309e+01 -2.63940370e+01
 -4.70966309e+01 -2.63940370e+01
 -4.70966309e+01 -2.63940370e+01
 -4.70966309e+01 -2.63940370e+01
 -4.70966309e+01 -2.63940370e+01
 -4.70966309e+01 -2.63940370e+01
 -4.70966309e+01 -2.63940370e+01
 -4.70966309e+01 -2.63940370e+01
 -4.70966309e+01 -2.63940370e+01
 -4.70966309e+01 -2.63940370e+01
 -4.70966309e+01 -2.63940370e+01
 -4.70966309e+01 -2.63940370e+01
 -4.70966309e+01 -2.63940370e+01
