 0.00000000e+00 0.00000000e+00
 0.00000000e+00 0.00000000e+00
 0.00000000e+00 0.00000000e+00
 0.00000000e+00 0.00000000e+00
 0.00000000e+00 0.00000000e+00
 0.00000000e+00 0.00000000e+00
 0.00000000e+00 0.00000000e+00
 0.00000000e+00 0.00000000e+00
 0.00000000e+00 0.00000000e+00
 0.00000000e+00 0.00000000e+00
 0.00000000e+00 0.00000000e+00
 5.64903920e-03 5.62503365e-02
 -8.57622119e-03 1.30784181e-01
 -5.71731502e-02 2.21916418e-01
 -1.52197735e-01 3.28494359e-01
 -3.01932317e-01 4.50032595e-01
 -5.12117641e-01 5.85331988e-01
 -7.87862366e-01 7.31287852e-01
 -1.13466499e+00 8.82709944e-01
 -1.55850539e+00 1.03261893e+00
 -2.06559363e+00 1.17245443e+00
 -2.66184809e+00 1.29232329e+00
 -3.35191434e+00 1.38150108e+00
 -4.13800306e+00 1.42897635e+00
 -5.01911011e+00 1.42389266e+00
 -5.99086290e+00 1.35626205e+00
 -7.04584946e+00 1.21811998e+00
 -8.17424323e+00 1.00428884e+00
 -9.36470399e+00 7.11850632e-01
 -1.06055310e+01 3.38814872e-01
 -1.18856666e+01 -1.16681597e-01
 -1.31947823e+01 -6.56042674e-01
 -1.45218856e+01 -1.27910433e+00
 -1.58526576e+01 -1.98276754e+00
 -1.71666519e+01 -2.75978665e+00
 -1.84360017e+01 -3.59821433e+00
 -1.96266872e+01 -4.48190123e+00
 -2.07018834e+01 -5.39184504e+00
 -2.16259787e+01 -6.30767286e+00
 -2.23683574e+01 -7.20881238e+00
 -2.29066983e+01 -8.07553847e+00
 -2.32291389e+01 -8.89018916e+00
 -2.33344487e+01 -9.63837385e+00
 -2.32306897e+01 -1.03095856e+01
 -2.29337427e+01 -1.08967737e+01
 -2.24655707e+01 -1.13950023e+01
 -2.18508828e+01 -1.17997749e+01
 -2.11126133e+01 -1.21056449e+01
 -2.02685771e+01 -1.23054995e+01
 -1.93307965e+01 -1.23906615e+01
 -1.83068345e+01 -1.23517536e+01
 -1.72016229e+01 -1.21799595e+01
 -1.60189590e+01 -1.18680863e+01
 -1.47627812e+01 -1.14112515e+01
 -1.34385670e+01 -1.08076934e+01
 -1.20547462e+01 -1.00599983e+01
 -1.06235482e+01 -9.17603749e+00
 -9.16091377e+00 -8.16863751e+00
 -7.68590466e+00 -7.05412325e+00
 -6.22026333e+00 -5.85106563e+00
 -4.78792969e+00 -4.58025206e+00
 -3.41380262e+00 -3.26549535e+00
 -2.12185434e+00 -1.93412730e+00
 -9.33560043e-01 -6.16512267e-01
 1.32823139e-01 6.55248317e-01
 1.06256574e+00 1.84901087e+00
 1.84506244e+00 2.93463877e+00
 2.47488067e+00 3.88658642e+00
 2.95271317e+00 4.68663284e+00
 3.28533175e+00 5.32546408e+00
 3.48386658e+00 5.80180961e+00
 3.56052419e+00 6.11909681e+00
 3.52502560e+00 6.28090301e+00
 3.38265615e+00 6.28686358e+00
 3.13465643e+00 6.13039061e+00
 2.77974771e+00 5.79891832e+00
 2.31544887e+00 5.27637468e+00
 1.73931870e+00 4.54678962e+00
 1.05067695e+00 3.59810425e+00
 2.52396225e-01 2.42577000e+00
 -6.47948429e-01 1.03567250e+00
 -1.63767368e+00 -5.54535454e-01
 -2.69933215e+00 -2.31654132e+00
 -3.81220070e+00 -4.21472319e+00
 -4.95498581e+00 -6.21029544e+00
 -6.10897218e+00 -8.26475634e+00
 -7.26065048e+00 -1.03423115e+01
 -8.40341039e+00 -1.24117760e+01
 -9.53833267e+00 -1.44481827e+01
 -1.06742123e+01 -1.64338023e+01
 -1.18269681e+01 -1.83583427e+01
 -1.30185082e+01 -2.02184722e+01
 -1.42749135e+01 -2.20167812e+01
 -1.56238651e+01 -2.37599456e+01
 -1.70916181e+01 -2.54559626e+01
 -1.86999733e+01 -2.71110716e+01
 -2.04634529e+01 -2.87274582e+01
 -2.23866715e+01 -3.03023542e+01
 -2.44620612e+01 -3.18281913e+01
 -2.66684648e+01 -3.32930698e+01
 -2.89712154e+01 -3.46811762e+01
 -3.13238388e+01 -3.59732814e+01
 -3.36708252e+01 -3.71475207e+01
 -3.59508831e+01 -3.81803209e+01
 -3.81006645e+01 -3.90469328e+01
 -4.00590671e+01 -3.97212708e+01
 -4.17720320e+01 -4.01763258e+01
 -4.31988378e+01 -4.03885883e+01
 -4.43224278e+01 -4.03497955e+01
 -4.51631633e+01 -4.00833368e+01
 -4.57859260e+01 -3.96526595e+01
 -4.62863209e+01 -3.91472802e+01
 -4.67564746e+01 -3.86489739e+01
 -4.72531654e+01 -3.82022527e+01
 -4.77912029e+01 -3.78109912e+01
 -4.83602953e+01 -3.74573595e+01
 -4.89453898e+01 -3.71222352e+01
 -4.95365910e+01 -3.67939919e+01
 -5.01295664e+01 -3.64677155e+01
 -5.07229390e+01 -3.61418747e+01
 -5.13163806e+01 -3.58161089e+01
 -5.19098313e+01 -3.54903532e+01
 -5.25032823e+01 -3.51645990e+01
 -5.30967255e+01 -3.48388492e+01
 -5.36901093e+01 -3.45131320e+01
 -5.42831397e+01 -3.41876087e+01
 -5.48745200e+01 -3.38629913e+01
 -5.54598421e+01 -3.35416993e+01
 -5.60276549e+01 -3.32300184e+01
 -5.65555689e+01 -3.29402385e+01
 -5.70117070e+01 -3.26898575e+01
 -5.73658002e+01 -3.24954905e+01
 -5.73658002e+01 -3.24954905e+01
 -5.73658002e+01 -3.24954905e+01
 -5.73658002e+01 -3.24954905e+01
 -5.73658002e+01 -3.24954905e+01
 -5.73658002e+01 -3.24954905e+01
 -5.73658002e+01 -3.24954905e+01
 -5.73658002e+01 -3.24954905e+01
 -5.73658002e+01 -3.24954905e+01
 -5.73658002e+01 -3.24954905e+01
 -5.73658002e+01 -3.24954905e+01
 -5.73658002e+01 -3.24954905e+01
 -5.73658002e+01 -3.24954905e+01
 -5.73658002e+01 -3.24954905e+01
 -5.73658002e+01 -3.24954905e+01
 -5.73658002e+01 -3.24954905e+01
 -5.73658002e+01 -3.24954905e+01
 -5.73658002e+01 -3.24954905e+01
 -5.73658002e+01 -3.24954905e+01
 -5.73658002e+01 -3.24954905e+01
 -5.73658002e+01 -3.24954905e+01
 -5.73658002e+01 -3.24954905e+01
 -5.73658002e+01 -3.24954905e+01
 -5.73658002e+01 -3.24954905e+01
 -5.73658002e+01 -3.24954905e+01
 -5.73658002e+01 -3.24954905e+01
 -5.73658002e+01 -3.24954905e+01
 -5.73658002e+01 -3.24954905e+01
 -5.73658002e+01 -3.24954905e+01
 -5.73658002e+01 -3.24954905e+01
 -5.73658002e+01 -3.24954905e+01
 -5.73658002e+01 -3.24954905e+01
 -5.73658002e+01 -3.24954905e+01
 -5.73658002e+01 -3.24954905e+01
 -5.73658002e+01 -3.24954905e+01
 -5.73658002e+01 -3.24954905e+01
 -5.73658002e+01 -3.24954905e+01
 -5.73658002e+01 -3.24954905e+01
 -5.73658002e+01 -3.24954905e+01
 -5.73658002e+01 -3.24954905e+01
 -5.73658002e+01 -3.24954905e+01
 -5.73658002e+01 -3.24954905e+01
 -5.73658002e+01 -3.24954905e+01
 -5.73658002e+01 -3.24954905e+01
 -5.73658002e+01 -3.24954905e+01
