 0.00000000e+00 0.00000000e+00
 0.00000000e+00 0.00000000e+00
 0.00000000e+00 0.00000000e+00
 0.00000000e+00 0.00000000e+00
 0.00000000e+00 0.00000000e+00
 0.00000000e+00 0.00000000e+00
 0.00000000e+00 0.00000000e+00
 0.00000000e+00 0.00000000e+00
 -2.46965542e-02 3.15971480e-02
 -5.75364678e-02 7.66125138e-02
 -9.80810996e-02 1.37092761e-01
 -1.48817730e-01 2.15100424e-01
 -2.16191737e-01 3.12390677e-01
 -3.09109955e-01 4.29883454e-01
 -4.36617940e-01 5.67294967e-01
 -6.06633379e-01 7.23047733e-01
 -8.26199978e-01 8.94257946e-01
 -1.10238098e+00 1.07668740e+00
 -1.44263158e+00 1.26484450e+00
 -1.85427840e+00 1.45226107e+00
 -2.34361998e+00 1.63154672e+00
 -2.91532963e+00 1.79394305e+00
 -3.57239982e+00 1.92875467e+00
 -4.31638263e+00 2.02332452e+00
 -5.14755427e+00 2.06369132e+00
 -6.06484030e+00 2.03536466e+00
 -7.06559848e+00 1.92367558e+00
 -8.14549014e+00 1.71389539e+00
 -9.29858742e+00 1.39183043e+00
 -1.05174984e+01 9.45245794e-01
 -1.17929545e+01 3.65705794e-01
 -1.31125233e+01 -3.49867381e-01
 -1.44589041e+01 -1.19828602e+00
 -1.58089716e+01 -2.16986525e+00
 -1.71345352e+01 -3.24884286e+00
 -1.84045897e+01 -4.41437990e+00
 -1.95878023e+01 -5.64188417e+00
 -2.06543077e+01 -6.90435619e+00
 -2.15771360e+01 -8.17365135e+00
 -2.23342112e+01 -9.42169718e+00
 -2.29110437e+01 -1.06216780e+01
 -2.33028122e+01 -1.17491557e+01
 -2.35140655e+01 -1.27830465e+01
 -2.35555797e+01 -1.37061747e+01
 -2.34399822e+01 -1.45049962e+01
 -2.31784984e+01 -1.51685694e+01
 -2.27799001e+01 -1.56875714e+01
 -2.22510408e+01 -1.60540285e+01
 -2.15978277e+01 -1.62615596e+01
 -2.08259179e+01 -1.63056124e+01
 -1.99410313e+01 -1.61835543e+01
 -1.89491240e+01 -1.58946637e+01
 -1.78566906e+01 -1.54401000e+01
 -1.66712440e+01 -1.48231356e+01
 -1.54018852e+01 -1.40498237e+01
 -1.40599410e+01 -1.31297995e+01
 -1.26596486e+01 -1.20766980e+01
 -1.12186232e+01 -1.09079026e+01
 -9.75770208e+00 -9.64385207e+00
 -8.30020762e+00 -8.30767415e+00
 -6.87133919e+00 -6.92576561e+00
 -5.49820850e+00 -5.52890107e+00
 -4.20975910e+00 -4.15260321e+00
 -3.03498601e+00 -2.83571131e+00
 -1.99899852e+00 -1.61701890e+00
 -1.11870771e+00 -5.30919970e-01
 -4.00763738e-01 3.96248045e-01
 1.57226663e-01 1.14762210e+00
 5.63445639e-01 1.71459190e+00
 8.28520240e-01 2.09379458e+00
 9.63101649e-01 2.28358596e+00
 9.76308136e-01 2.28093882e+00
 8.74601639e-01 2.07949204e+00
 6.60882669e-01 1.66934393e+00
 3.34052163e-01 1.03857740e+00
 -1.10594635e-01 1.75791931e-01
 -6.80309145e-01 -9.27002819e-01
 -1.38379733e+00 -2.27125656e+00
 -2.23043018e+00 -3.84886157e+00
 -3.22944969e+00 -5.64053295e+00
 -4.38874258e+00 -7.61704242e+00
 -5.71335722e+00 -9.74329871e+00
 -7.20449214e+00 -1.19833179e+01
 -8.85933666e+00 -1.43036401e+01
 -1.06712852e+01 -1.66741111e+01
 -1.26299477e+01 -1.90667716e+01
 -1.47212662e+01 -2.14544551e+01
 -1.69285287e+01 -2.38101885e+01
 -1.92341501e+01 -2.61072865e+01
 -2.16209224e+01 -2.83194447e+01
 -2.40716603e+01 -3.04206678e+01
 -2.65674716e+01 -3.23854978e+01
 -2.90858295e+01 -3.41897809e+01
 -3.15996353e+01 -3.58116509e+01
 -3.40777425e+01 -3.72323393e+01
 -3.64866002e+01 -3.84367634e+01
 -3.87924987e+01 -3.94140528e+01
 -4.09641308e+01 -4.01580045e+01
 -4.29749590e+01 -4.06670438e+01
 -4.48044244e+01 -4.09430063e+01
 -4.64373407e+01 -4.09885282e+01
 -4.78620012e+01 -4.08042721e+01
 -4.90687588e+01 -4.03887041e+01
 -5.00515175e+01 -3.97430537e+01
 -5.08140485e+01 -3.88817107e+01
 -5.13797180e+01 -3.78436804e+01
 -5.17971483e+01 -3.66953925e+01
 -5.21322583e+01 -3.55160611e+01
 -5.24469187e+01 -3.43701606e+01
 -5.27789064e+01 -3.32866277e+01
 -5.31380772e+01 -3.22603808e+01
 -5.35176813e+01 -3.12706418e+01
 -5.39078161e+01 -3.02982727e+01
 -5.43019696e+01 -2.93322335e+01
 -5.46972907e+01 -2.83679803e+01
 -5.50928731e+01 -2.74041190e+01
 -5.54885009e+01 -2.64403248e+01
 -5.58841348e+01 -2.54765396e+01
 -5.62797687e+01 -2.45127567e+01
 -5.66753975e+01 -2.35489866e+01
 -5.70709867e+01 -2.25853129e+01
 -5.74663403e+01 -2.16222131e+01
 -5.78605938e+01 -2.06617932e+01
 -5.82508086e+01 -1.97112119e+01
 -5.86293505e+01 -1.87890664e+01
 -5.89812932e+01 -1.79317176e+01
 -5.92853852e+01 -1.71909353e+01
 -5.95214473e+01 -1.66158770e+01
 -5.95214473e+01 -1.66158770e+01
 -5.95214473e+01 -1.66158770e+01
 -5.95214473e+01 -1.66158770e+01
 -5.95214473e+01 -1.66158770e+01
 -5.95214473e+01 -1.66158770e+01
 -5.95214473e+01 -1.66158770e+01
 -5.95214473e+01 -1.66158770e+01
 -5.95214473e+01 -1.66158770e+01
 -5.95214473e+01 -1.66158770e+01
 -5.95214473e+01 -1.66158770e+01
 -5.95214473e+01 -1.66158770e+01
 -5.95214473e+01 -1.66158770e+01
 -5.95214473e+01 -1.66158770e+01
 -5.95214473e+01 -1.66158770e+01
 -5.95214473e+01 -1.66158770e+01
 -5.95214473e+01 -1.66158770e+01
 -5.95214473e+01 -1.66158770e+01
 -5.95214473e+01 -1.66158770e+01
 -5.95214473e+01 -1.66158770e+01
 -5.95214473e+01 -1.66158770e+01
 -5.95214473e+01 -1.66158770e+01
 -5.95214473e+01 -1.66158770e+01
 -5.95214473e+01 -1.66158770e+01
 -5.95214473e+01 -1.66158770e+01
 -5.95214473e+01 -1.66158770e+01
 -5.95214473e+01 -1.66158770e+01
 -5.95214473e+01 -1.66158770e+01
 -5.95214473e+01 -1.66158770e+01
 -5.95214473e+01 -1.66158770e+01
 -5.95214473e+01 -1.66158770e+01
 -5.95214473e+01 -1.66158770e+01
 -5.95214473e+01 -1.66158770e+01
 -5.95214473e+01 -1.66158770e+01
 -5.95214473e+01 -1.66158770e+01
 -5.95214473e+01 -1.66158770e+01
 -5.95214473e+01 -1.66158770e+01
 -5.95214473e+01 -1.66158770e+01
 -5.95214473e+01 -1.66158770e+01
 -5.95214473e+01 -1.66158770e+01
 -5.95214473e+01 -1.66158770e+01
 -5.95214473e+01 -1.66158770e+01
 -5.95214473e+01 -1.66158770e+01
 -5.95214473e+01 -1.66158770e+01
 -5.95214473e+01 -1.66158770e+01
 -5.95214473e+01 -1.66158770e+01
 -5.95214473e+01 -1.66158770e+01
 -5.95214473e+01 -1.66158770e+01
 -5.95214473e+01 -1.66158770e+01
