 0.00000000e+00 0.00000000e+00
 0.00000000e+00 0.00000000e+00
 0.00000000e+00 0.00000000e+00
 0.00000000e+00 0.00000000e+00
 0.00000000e+00 0.00000000e+00
 0.00000000e+00 0.00000000e+00
 0.00000000e+00 0.00000000e+00
 0.00000000e+00 0.00000000e+00
 0.00000000e+00 0.00000000e+00
 0.00000000e+00 0.00000000e+00
 0.00000000e+00 0.00000000e+00
 0.00000000e+00 0.00000000e+00
 0.00000000e+00 0.00000000e+00
 0.00000000e+00 0.00000000e+00
 -6.40056932e-03 1.13072837e-01
 -2.31362529e-02 2.54553342e-01
 -5.95325692e-02 4.10378515e-01
 -1.26887942e-01 5.64589625e-01
 -2.36117219e-01 7.03615269e-01
 -3.96680017e-01 8.17804840e-01
 -6.17713658e-01 9.00662490e-01
 -9.09744103e-01 9.46623974e-01
 -1.28497837e+00 9.48805437e-01
 -1.75593470e+00 8.98841978e-01
 -2.33342024e+00 7.89132744e-01
 -3.02482204e+00 6.14826707e-01
 -3.83324038e+00 3.73331979e-01
 -4.75756732e+00 6.25343875e-02
 -5.79314087e+00 -3.19913084e-01
 -6.93234579e+00 -7.75974945e-01
 -8.16479715e+00 -1.30662279e+00
 -9.47719896e+00 -1.91178620e+00
 -1.08529350e+01 -2.59017953e+00
 -1.22711310e+01 -3.33838925e+00
 -1.37052389e+01 -4.14954528e+00
 -1.51220487e+01 -5.01243053e+00
 -1.64822952e+01 -5.91156849e+00
 -1.77432668e+01 -6.82816450e+00
 -1.88626861e+01 -7.74144539e+00
 -1.98025558e+01 -8.63009261e+00
 -2.05320465e+01 -9.47364371e+00
 -2.10293171e+01 -1.02536604e+01
 -2.12826171e+01 -1.09543746e+01
 -2.12908372e+01 -1.15626384e+01
 -2.10630397e+01 -1.20672308e+01
 -2.06163024e+01 -1.24578848e+01
 -1.99722802e+01 -1.27246584e+01
 -1.91540929e+01 -1.28580591e+01
 -1.81846697e+01 -1.28497075e+01
 -1.70861726e+01 -1.26930843e+01
 -1.58796387e+01 -1.23842515e+01
 -1.45847378e+01 -1.19226525e+01
 -1.32200837e+01 -1.13119161e+01
 -1.18041929e+01 -1.05604154e+01
 -1.03566922e+01 -9.68134214e+00
 -8.89929614e+00 -8.69232004e+00
 -7.45617396e+00 -7.61498495e+00
 -6.05355939e+00 -6.47491222e+00
 -4.71887147e+00 -5.30160391e+00
 -3.47966110e+00 -4.12784192e+00
 -2.36213071e+00 -2.98811260e+00
 -1.38870695e+00 -1.91633524e+00
 -5.74917597e-01 -9.43163924e-01
 7.30093286e-02 -9.31902102e-02
 5.58259589e-01 6.17042217e-01
 8.91034532e-01 1.17889818e+00
 1.08481603e+00 1.58880934e+00
 1.15260058e+00 1.84375697e+00
 1.10398176e+00 1.93736924e+00
 9.43677999e-01 1.85869366e+00
 6.71344060e-01 1.59373784e+00
 2.81850864e-01 1.12785611e+00
 -2.34012263e-01 4.47382494e-01
 -8.87548036e-01 -4.58984847e-01
 -1.68890217e+00 -1.59777138e+00
 -2.64398968e+00 -2.96741693e+00
 -3.75273307e+00 -4.55558065e+00
 -5.00851914e+00 -6.33855537e+00
 -6.39850759e+00 -8.28341943e+00
 -7.90476119e+00 -1.03523054e+01
 -9.50605429e+00 -1.25068824e+01
 -1.11800821e+01 -1.47110283e+01
 -1.29059272e+01 -1.69313073e+01
 -1.46664499e+01 -1.91367087e+01
 -1.64500414e+01 -2.12991663e+01
 -1.82514824e+01 -2.33948572e+01
 -2.00717708e+01 -2.54050864e+01
 -2.19163507e+01 -2.73159044e+01
 -2.37913884e+01 -2.91167829e+01
 -2.56991451e+01 -3.07991901e+01
 -2.76344781e+01 -3.23554210e+01
 -2.95837308e+01 -3.37776132e+01
 -3.15255995e+01 -3.50570370e+01
 -3.34327271e+01 -3.61837491e+01
 -3.52733888e+01 -3.71463360e+01
 -3.70137049e+01 -3.79314248e+01
 -3.86207466e+01 -3.85230249e+01
 -4.00656413e+01 -3.89021251e+01
 -4.13252136e+01 -3.90470200e+01
 -4.23819144e+01 -3.89347248e+01
 -4.32235920e+01 -3.85442643e+01
 -4.38455232e+01 -3.78637580e+01
 -4.42562193e+01 -3.69028920e+01
 -4.44849757e+01 -3.57070171e+01
 -4.45840922e+01 -3.43604896e+01
 -4.46184504e+01 -3.29669166e+01
 -4.46448358e+01 -3.16120367e+01
 -4.46950068e+01 -3.03354291e+01
 -4.47745692e+01 -2.91318830e+01
 -4.48748619e+01 -2.79751813e+01
 -4.49855210e+01 -2.68408281e+01
 -4.51000682e+01 -2.57146296e+01
 -4.52157325e+01 -2.45907332e+01
 -4.53316451e+01 -2.34673422e+01
 -4.54476006e+01 -2.23440377e+01
 -4.55635618e+01 -2.12207448e+01
 -4.56795234e+01 -2.00974547e+01
 -4.57954836e+01 -1.89741795e+01
 -4.59114321e+01 -1.78510167e+01
 -4.60273117e+01 -1.67285227e+01
 -4.61428687e+01 -1.56091523e+01
 -4.62572420e+01 -1.45012487e+01
 -4.63681939e+01 -1.34264870e+01
 -4.64713496e+01 -1.24272460e+01
 -4.65604800e+01 -1.15638633e+01
 -4.66296706e+01 -1.08936322e+01
 -4.66296706e+01 -1.08936322e+01
 -4.66296706e+01 -1.08936322e+01
 -4.66296706e+01 -1.08936322e+01
 -4.66296706e+01 -1.08936322e+01
 -4.66296706e+01 -1.08936322e+01
 -4.66296706e+01 -1.08936322e+01
 -4.66296706e+01 -1.08936322e+01
 -4.66296706e+01 -1.08936322e+01
 -4.66296706e+01 -1.08936322e+01
 -4.66296706e+01 -1.08936322e+01
 -4.66296706e+01 -1.08936322e+01
 -4.66296706e+01 -1.08936322e+01
 -4.66296706e+01 -1.08936322e+01
 -4.66296706e+01 -1.08936322e+01
 -4.66296706e+01 -1.08936322e+01
 -4.66296706e+01 -1.08936322e+01
 -4.66296706e+01 -1.08936322e+01
 -4.66296706e+01 -1.08936322e+01
 -4.66296706e+01 -1.08936322e+01
 -4.66296706e+01 -1.08936322e+01
 -4.66296706e+01 -1.08936322e+01
 -4.66296706e+01 -1.08936322e+01
 -4.66296706e+01 -1.08936322e+01
 -4.66296706e+01 -1.08936322e+01
 -4.66296706e+01 -1.08936322e+01
 -4.66296706e+01 -1.08936322e+01
 -4.66296706e+01 -1.08936322e+01
 -4.66296706e+01 -1.08936322e+01
 -4.66296706e+01 -1.08936322e+01
 -4.66296706e+01 -1.08936322e+01
 -4.66296706e+01 -1.08936322e+01
 -4.66296706e+01 -1.08936322e+01
 -4.66296706e+01 -1.08936322e+01
 -4.66296706e+01 -1.08936322e+01
 -4.66296706e+01 -1.08936322e+01
 -4.66296706e+01 -1.08936322e+01
 -4.66296706e+01 -1.08936322e+01
 -4.66296706e+01 -1.08936322e+01
 -4.66296706e+01 -1.08936322e+01
 -4.66296706e+01 -1.08936322e+01
 -4.66296706e+01 -1.08936322e+01
 -4.66296706e+01 -1.08936322e+01
 -4.66296706e+01 -1.08936322e+01
 -4.66296706e+01 -1.08936322e+01
 -4.66296706e+01 -1.08936322e+01
 -4.66296706e+01 -1.08936322e+01
 -4.66296706e+01 -1.08936322e+01
 -4.66296706e+01 -1.08936322e+01
 -4.66296706e+01 -1.08936322e+01
 -4.66296706e+01 -1.08936322e+01
