 0.00000000e+00 0.00000000e+00
 0.00000000e+00 0.00000000e+00
 0.00000000e+00 0.00000000e+00
 0.00000000e+00 0.00000000e+00
 0.00000000e+00 0.00000000e+00
 0.00000000e+00 0.00000000e+00
 0.00000000e+00 0.00000000e+00
 0.00000000e+00 0.00000000e+00
 0.00000000e+00 0.00000000e+00
 0.00000000e+00 0.00000000e+00
 -1.60773079e-02 6.16209928e-02
 -4.93215241e-02 1.46433927e-01
 -1.06963872e-01 2.51718523e-01
 -1.93086410e-01 3.72458942e-01
 -3.07920560e-01 5.02654959e-01
 -4.50131733e-01 6.35815747e-01
 -6.19919172e-01 7.65129676e-01
 -8.20503301e-01 8.84030413e-01
 -1.05764457e+00 9.87070974e-01
 -1.33835528e+00 1.07042590e+00
 -1.66988615e+00 1.13144159e+00
 -2.05924337e+00 1.16710024e+00
 -2.51304627e+00 1.17215521e+00
 -3.03782340e+00 1.13847163e+00
 -3.64100186e+00 1.05615223e+00
 -4.33216207e+00 9.15017544e-01
 -5.12337139e+00 7.04911159e-01
 -6.02768356e+00 4.15275295e-01
 -7.05607573e+00 3.54346972e-02
 -8.21408415e+00 -4.44073618e-01
 -9.49933865e+00 -1.02992960e+00
 -1.09002335e+01 -1.72473806e+00
 -1.23951366e+01 -2.52578831e+00
 -1.39518328e+01 -3.42376915e+00
 -1.55279711e+01 -4.40204489e+00
 -1.70735551e+01 -5.43722895e+00
 -1.85353818e+01 -6.50112042e+00
 -1.98621355e+01 -7.56335710e+00
 -2.10088208e+01 -8.59402671e+00
 -2.19399275e+01 -9.56583139e+00
 -2.26312369e+01 -1.04557044e+01
 -2.30704523e+01 -1.12458512e+01
 -2.32570332e+01 -1.19241968e+01
 -2.32014019e+01 -1.24842072e+01
 -2.29231886e+01 -1.29239715e+01
 -2.24483066e+01 -1.32445523e+01
 -2.18054762e+01 -1.34481338e+01
 -2.10232526e+01 -1.35369622e+01
 -2.01282056e+01 -1.35137301e+01
 -1.91442507e+01 -1.33828267e+01
 -1.80926388e+01 -1.31509677e+01
 -1.69920259e+01 -1.28264543e+01
 -1.58585408e+01 -1.24178620e+01
 -1.47062653e+01 -1.19332279e+01
 -1.35481709e+01 -1.13797408e+01
 -1.23966589e+01 -1.07634160e+01
 -1.12627695e+01 -1.00887029e+01
 -1.01544468e+01 -9.35836931e+00
 -9.07557710e+00 -8.57392804e+00
 -8.02704153e+00 -7.73662171e+00
 -7.00906742e+00 -6.84868159e+00
 -6.02306073e+00 -5.91447053e+00
 -5.07212428e+00 -4.94145229e+00
 -4.16113448e+00 -3.94124644e+00
 -3.29732738e+00 -2.93066194e+00
 -2.49089012e+00 -1.93187000e+00
 -1.75428614e+00 -9.70881554e-01
 -1.10005813e+00 -7.45557548e-02
 -5.38176297e-01 7.32676226e-01
 -7.41092700e-02 1.43139647e+00
 2.91862830e-01 2.00880634e+00
 5.63990843e-01 2.45900019e+00
 7.49182901e-01 2.78115110e+00
 8.54449188e-01 2.97552793e+00
 8.84536908e-01 3.03902818e+00
 8.40608446e-01 2.96287507e+00
 7.20357738e-01 2.73367638e+00
 5.19068112e-01 2.33634332e+00
 2.30547120e-01 1.75648782e+00
 -1.52472153e-01 9.81716774e-01
 -6.37808279e-01 3.13326696e-03
 -1.23272288e+00 -1.18200607e+00
 -1.94302276e+00 -2.56745296e+00
 -2.77356172e+00 -4.13709570e+00
 -3.72996676e+00 -5.86734852e+00
 -4.81987060e+00 -7.73193266e+00
 -6.05223152e+00 -9.70652521e+00
 -7.43512505e+00 -1.17710373e+01
 -8.97355395e+00 -1.39091813e+01
 -1.06682848e+01 -1.61065569e+01
 -1.25154155e+01 -1.83484961e+01
 -1.45058328e+01 -2.06182226e+01
 -1.66244823e+01 -2.28956068e+01
 -1.88503271e+01 -2.51566603e+01
 -2.11575567e+01 -2.73735830e+01
 -2.35173459e+01 -2.95151382e+01
 -2.58989587e+01 -3.15475010e+01
 -2.82698526e+01 -3.34357375e+01
 -3.05955990e+01 -3.51456232e+01
 -3.28406198e+01 -3.66453051e+01
 -3.49698580e+01 -3.79065622e+01
 -3.69506282e+01 -3.89056556e+01
 -3.87539646e+01 -3.96237689e+01
 -4.03554372e+01 -4.00470572e+01
 -4.17356737e+01 -4.01664233e+01
 -4.28806477e+01 -3.99771715e+01
 -4.37816953e+01 -3.94787734e+01
 -4.44356006e+01 -3.86756025e+01
 -4.48460998e+01 -3.75805117e+01
 -4.50287754e+01 -3.62229436e+01
 -4.50187011e+01 -3.46590182e+01
 -4.48739237e+01 -3.29734411e+01
 -4.46656162e+01 -3.12622893e+01
 -4.44558988e+01 -2.96011908e+01
 -4.42787625e+01 -2.80218495e+01
 -4.41386381e+01 -2.65152138e+01
 -4.40240469e+01 -2.50542463e+01
 -4.39221097e+01 -2.36148318e+01
 -4.38248973e+01 -2.21832320e+01
 -4.37290393e+01 -2.07538295e+01
 -4.36334818e+01 -1.93249081e+01
 -4.35379760e+01 -1.78960689e+01
 -4.34424772e+01 -1.64672408e+01
 -4.33469793e+01 -1.50384159e+01
 -4.32514827e+01 -1.36096098e+01
 -4.31559956e+01 -1.21809467e+01
 -4.30605654e+01 -1.07531344e+01
 -4.29654008e+01 -9.32929516e+00
 -4.28712110e+01 -7.92004181e+00
 -4.27798389e+01 -6.55294492e+00
 -4.26948872e+01 -5.28191036e+00
 -4.26214857e+01 -4.18368761e+00
 -4.25645051e+01 -3.33115364e+00
 -4.25645051e+01 -3.33115364e+00
 -4.25645051e+01 -3.33115364e+00
 -4.25645051e+01 -3.33115364e+00
 -4.25645051e+01 -3.33115364e+00
 -4.25645051e+01 -3.33115364e+00
 -4.25645051e+01 -3.33115364e+00
 -4.25645051e+01 -3.33115364e+00
 -4.25645051e+01 -3.33115364e+00
 -4.25645051e+01 -3.33115364e+00
 -4.25645051e+01 -3.33115364e+00
 -4.25645051e+01 -3.33115364e+00
 -4.25645051e+01 -3.33115364e+00
 -4.25645051e+01 -3.33115364e+00
 -4.25645051e+01 -3.33115364e+00
 -4.25645051e+01 -3.33115364e+00
 -4.25645051e+01 -3.33115364e+00
 -4.25645051e+01 -3.33115364e+00
 -4.25645051e+01 -3.33115364e+00
 -4.25645051e+01 -3.33115364e+00
 -4.25645051e+01 -3.33115364e+00
 -4.25645051e+01 -3.33115364e+00
 -4.25645051e+01 -3.33115364e+00
 -4.25645051e+01 -3.33115364e+00
 -4.25645051e+01 -3.33115364e+00
 -4.25645051e+01 -3.33115364e+00
 -4.25645051e+01 -3.33115364e+00
 -4.25645051e+01 -3.33115364e+00
 -4.25645051e+01 -3.33115364e+00
 -4.25645051e+01 -3.33115364e+00
 -4.25645051e+01 -3.33115364e+00
 -4.25645051e+01 -3.33115364e+00
 -4.25645051e+01 -3.33115364e+00
 -4.25645051e+01 -3.33115364e+00
 -4.25645051e+01 -3.33115364e+00
 -4.25645051e+01 -3.33115364e+00
 -4.25645051e+01 -3.33115364e+00
 -4.25645051e+01 -3.33115364e+00
 -4.25645051e+01 -3.33115364e+00
 -4.25645051e+01 -3.33115364e+00
 -4.25645051e+01 -3.33115364e+00
 -4.25645051e+01 -3.33115364e+00
 -4.25645051e+01 -3.33115364e+00
 -4.25645051e+01 -3.33115364e+00
