 0.00000000e+00 0.00000000e+00
 0.00000000e+00 0.00000000e+00
 0.00000000e+00 0.00000000e+00
 0.00000000e+00 0.00000000e+00
 0.00000000e+00 0.00000000e+00
 0.00000000e+00 0.00000000e+00
 0.00000000e+00 0.00000000e+00
 0.00000000e+00 0.00000000e+00
 0.00000000e+00 0.00000000e+00
 5.81493626e-02 9.12189761e-02
 1.17603588e-01 1.99750963e-01
 1.63451865e-01 3.13024011e-01
 1.81444000e-01 4.21027406e-01
 1.60976466e-01 5.20213121e-01
 9.62776997e-02 6.12855735e-01
 -1.45042863e-02 7.03642624e-01
 -1.72299902e-01 7.96208260e-01
 -3.80451027e-01 8.91115901e-01
 -6.46352019e-01 9.85241422e-01
 -9.81256101e-01 1.07187120e+00
 -1.39935827e+00 1.14111754e+00
 -1.91680912e+00 1.18047041e+00
 -2.55048268e+00 1.17511510e+00
 -3.31596758e+00 1.10800654e+00
 -4.22453072e+00 9.60638168e-01
 -5.27976564e+00 7.15362799e-01
 -6.47541753e+00 3.58640779e-01
 -7.79531484e+00 -1.16376959e-01
 -9.21484499e+00 -7.08836184e-01
 -1.07026453e+01 -1.41046081e+00
 -1.22219398e+01 -2.20650202e+00
 -1.37322234e+01 -3.07713456e+00
 -1.51921131e+01 -3.99943955e+00
 -1.65629137e+01 -4.94991824e+00
 -1.78113845e+01 -5.90694876e+00
 -1.89107935e+01 -6.85239896e+00
 -1.98408992e+01 -7.77202643e+00
 -2.05881578e+01 -8.65495521e+00
 -2.11465598e+01 -9.49292329e+00
 -2.15182373e+01 -1.02798455e+01
 -2.17128159e+01 -1.10115701e+01
 -2.17454353e+01 -1.16852300e+01
 -2.16342949e+01 -1.22980516e+01
 -2.13986403e+01 -1.28464163e+01
 -2.10574300e+01 -1.33260207e+01
 -2.06283648e+01 -1.37329028e+01
 -2.01270239e+01 -1.40642260e+01
 -1.95660887e+01 -1.43181561e+01
 -1.89546944e+01 -1.44930987e+01
 -1.82981454e+01 -1.45867149e+01
 -1.75984095e+01 -1.45949886e+01
 -1.68552116e+01 -1.45120007e+01
 -1.60668739e+01 -1.43309310e+01
 -1.52305770e+01 -1.40455751e+01
 -1.43427271e+01 -1.36512899e+01
 -1.34000939e+01 -1.31455182e+01
 -1.24016168e+01 -1.25286297e+01
 -1.13502488e+01 -1.18049228e+01
 -1.02541266e+01 -1.09830945e+01
 -9.12676438e+00 -1.00760394e+01
 -7.98666866e+00 -9.10035944e+00
 -6.85684546e+00 -8.07597141e+00
 -5.76384069e+00 -7.02593304e+00
 -4.73545747e+00 -5.97612864e+00
 -3.79720193e+00 -4.95413732e+00
 -2.96889711e+00 -3.98709798e+00
 -2.26286897e+00 -3.09929749e+00
 -1.68364339e+00 -2.31034031e+00
 -1.22825748e+00 -1.63403303e+00
 -8.86866072e-01 -1.07765916e+00
 -6.43921620e-01 -6.41565816e-01
 -4.80188073e-01 -3.19363263e-01
 -3.75718799e-01 -9.92056877e-02
 -3.13313226e-01 3.33614508e-02
 -2.81028457e-01 9.09026254e-02
 -2.72709589e-01 7.91878765e-02
 -2.87011606e-01 -5.28478873e-03
 -3.25891535e-01 -1.73102221e-01
 -3.92924166e-01 -4.36371609e-01
 -4.91498575e-01 -8.03818184e-01
 -6.23355488e-01 -1.27913999e+00
 -7.88305267e-01 -1.86170336e+00
 -9.85318894e-01 -2.54733807e+00
 -1.21381942e+00 -3.32844134e+00
 -1.47390544e+00 -4.19428327e+00
 -1.76571036e+00 -5.13249699e+00
 -2.08905064e+00 -6.13157011e+00
 -2.44406096e+00 -7.18307871e+00
 -2.83263368e+00 -8.28241301e+00
 -3.25999732e+00 -9.42784278e+00
 -3.73591048e+00 -1.06189609e+01
 -4.27542326e+00 -1.18557092e+01
 -4.89924650e+00 -1.31383714e+01
 -5.63335620e+00 -1.44680718e+01
 -6.50731699e+00 -1.58470534e+01
 -7.55140955e+00 -1.72783184e+01
 -8.79346310e+00 -1.87647531e+01
 -1.02564927e+01 -2.03080816e+01
 -1.19576121e+01 -2.19077917e+01
 -1.39076587e+01 -2.35601739e+01
 -1.61102749e+01 -2.52579006e+01
 -1.85597497e+01 -2.69904437e+01
 -2.12387134e+01 -2.87448955e+01
 -2.41178425e+01 -3.05062967e+01
 -2.71582156e+01 -3.22570843e+01
 -3.03142301e+01 -3.39762435e+01
 -3.35343912e+01 -3.56390246e+01
 -3.67597869e+01 -3.72173938e+01
 -3.99231591e+01 -3.86807115e+01
 -4.29518873e+01 -3.99963999e+01
 -4.57749439e+01 -4.11309960e+01
 -4.83298837e+01 -4.20518472e+01
 -5.05657166e+01 -4.27290057e+01
 -5.24415921e+01 -4.31368898e+01
 -5.39250393e+01 -4.32559922e+01
 -5.49931559e+01 -4.30750581e+01
 -5.56369771e+01 -4.25937209e+01
 -5.58675849e+01 -4.18258934e+01
 -5.57234556e+01 -4.08047832e+01
 -5.52772461e+01 -3.95880855e+01
 -5.46339009e+01 -3.82563433e+01
 -5.39102874e+01 -3.68967023e+01
 -5.32008936e+01 -3.55762031e+01
 -5.25524754e+01 -3.43230776e+01
 -5.19663211e+01 -3.31304087e+01
 -5.14213757e+01 -3.19758095e+01
 -5.08963902e+01 -3.08391908e+01
 -5.03787494e+01 -2.97090925e+01
 -4.98631927e+01 -2.85808276e+01
 -4.93480952e+01 -2.74529640e+01
 -4.88330764e+01 -2.63251690e+01
 -4.83180681e+01 -2.51973833e+01
 -4.78030617e+01 -2.40696000e+01
 -4.72880621e+01 -2.29418317e+01
 -4.67731141e+01 -2.18141763e+01
 -4.62584728e+01 -2.06871923e+01
 -4.57452634e+01 -1.95633444e+01
 -4.52373115e+01 -1.84510092e+01
 -4.47445544e+01 -1.73719484e+01
 -4.42864221e+01 -1.63687105e+01
 -4.38905782e+01 -1.55018743e+01
 -4.35832904e+01 -1.48289622e+01
 -4.35832904e+01 -1.48289622e+01
 -4.35832904e+01 -1.48289622e+01
 -4.35832904e+01 -1.48289622e+01
 -4.35832904e+01 -1.48289622e+01
 -4.35832904e+01 -1.48289622e+01
 -4.35832904e+01 -1.48289622e+01
 -4.35832904e+01 -1.48289622e+01
 -4.35832904e+01 -1.48289622e+01
 -4.35832904e+01 -1.48289622e+01
 -4.35832904e+01 -1.48289622e+01
 -4.35832904e+01 -1.48289622e+01
 -4.35832904e+01 -1.48289622e+01
 -4.35832904e+01 -1.48289622e+01
 -4.35832904e+01 -1.48289622e+01
 -4.35832904e+01 -1.48289622e+01
 -4.35832904e+01 -1.48289622e+01
 -4.35832904e+01 -1.48289622e+01
 -4.35832904e+01 -1.48289622e+01
 -4.35832904e+01 -1.48289622e+01
 -4.35832904e+01 -1.48289622e+01
 -4.35832904e+01 -1.48289622e+01
 -4.35832904e+01 -1.48289622e+01
 -4.35832904e+01 -1.48289622e+01
 -4.35832904e+01 -1.48289622e+01
 -4.35832904e+01 -1.48289622e+01
 -4.35832904e+01 -1.48289622e+01
 -4.35832904e+01 -1.48289622e+01
 -4.35832904e+01 -1.48289622e+01
 -4.35832904e+01 -1.48289622e+01
 -4.35832904e+01 -1.48289622e+01
 -4.35832904e+01 -1.48289622e+01
 -4.35832904e+01 -1.48289622e+01
 -4.35832904e+01 -1.48289622e+01
 -4.35832904e+01 -1.48289622e+01
