 0.00000000e+00 0.00000000e+00
 0.00000000e+00 0.00000000e+00
 0.00000000e+00 0.00000000e+00
 0.00000000e+00 0.00000000e+00
 0.00000000e+00 0.00000000e+00
 0.00000000e+00 0.00000000e+00
 0.00000000e+00 0.00000000e+00
 0.00000000e+00 0.00000000e+00
 1.03126045e-01 1.68807509e-01
 2.00704423e-01 3.79588572e-01
 2.63914929e-01 6.12209495e-01
 2.74313893e-01 8.46223218e-01
 2.31198306e-01 1.06770563e+00
 1.47510334e-01 1.27037340e+00
 3.90448648e-02 1.45302362e+00
 -8.45956902e-02 1.61662435e+00
 -2.22715263e-01 1.76266291e+00
 -3.81617654e-01 1.89251910e+00
 -5.72177782e-01 2.00699153e+00
 -8.08759234e-01 2.10557769e+00
 -1.10873589e+00 2.18573234e+00
 -1.49155515e+00 2.24208370e+00
 -1.97709622e+00 2.26513821e+00
 -2.58349849e+00 2.24002301e+00
 -3.32486108e+00 2.14726838e+00
 -4.20955174e+00 1.96640111e+00
 -5.23966214e+00 1.68012415e+00
 -6.41123254e+00 1.27663728e+00
 -7.71430652e+00 7.50308557e-01
 -9.13244525e+00 1.02065882e-01
 -1.06423318e+01 -6.60356666e-01
 -1.22143541e+01 -1.52294154e+00
 -1.38143833e+01 -2.46677001e+00
 -1.54061297e+01 -3.46990406e+00
 -1.69531742e+01 -4.50936166e+00
 -1.84202028e+01 -5.56269865e+00
 -1.97737913e+01 -6.60885907e+00
 -2.09836081e+01 -7.62855071e+00
 -2.20244927e+01 -8.60480446e+00
 -2.28788432e+01 -9.52392650e+00
 -2.35381073e+01 -1.03761512e+01
 -2.40025288e+01 -1.11551587e+01
 -2.42791523e+01 -1.18566653e+01
 -2.43787543e+01 -1.24772683e+01
 -2.43127574e+01 -1.30142389e+01
 -2.40910676e+01 -1.34655827e+01
 -2.37207611e+01 -1.38292186e+01
 -2.32049025e+01 -1.41011857e+01
 -2.25417551e+01 -1.42741086e+01
 -2.17255747e+01 -1.43373239e+01
 -2.07492558e+01 -1.42789462e+01
 -1.96076553e+01 -1.40887040e+01
 -1.83004121e+01 -1.37598982e+01
 -1.68341113e+01 -1.32899243e+01
 -1.52240674e+01 -1.26804274e+01
 -1.34953835e+01 -1.19382856e+01
 -1.16824134e+01 -1.10769994e+01
 -9.82621308e+00 -1.01168277e+01
 -7.97053494e+00 -9.08274408e+00
 -6.15757589e+00 -8.00106111e+00
 -4.42467556e+00 -6.89649386e+00
 -2.80250811e+00 -5.79078847e+00
 -1.31453097e+00 -4.70271967e+00
 2.28984438e-02 -3.64851793e+00
 1.20024944e+00 -2.64204451e+00
 2.21452969e+00 -1.69472550e+00
 3.06863698e+00 -8.15661969e-01
 3.77005847e+00 -1.21966645e-02
 4.32933984e+00 7.09294118e-01
 4.75909662e+00 1.34305577e+00
 5.07382030e+00 1.88458967e+00
 5.29012217e+00 2.33205022e+00
 5.42683440e+00 2.68743215e+00
 5.50417823e+00 2.95640352e+00
 5.54125822e+00 3.14620482e+00
 5.55220547e+00 3.26214406e+00
 5.54272077e+00 3.30427319e+00
 5.50900133e+00 3.26590531e+00
 5.43981968e+00 3.13443514e+00
 5.32076764e+00 2.89358514e+00
 5.13844101e+00 2.52605335e+00
 4.88270727e+00 2.01629122e+00
 4.54709046e+00 1.35343863e+00
 4.12877719e+00 5.33984009e-01
 3.62923616e+00 -4.36652605e-01
 3.05481085e+00 -1.54426839e+00
 2.41592791e+00 -2.76794913e+00
 1.72448395e+00 -4.08355917e+00
 9.90343964e-01 -5.46745988e+00
 2.18340974e-01 -6.89924000e+00
 -5.93348816e-01 -8.36298478e+00
 -1.45335403e+00 -9.84733644e+00
 -2.37622446e+00 -1.13447870e+01
 -3.38105659e+00 -1.28506048e+01
 -4.48975615e+00 -1.43618373e+01
 -5.72461308e+00 -1.58767381e+01
 -7.10517535e+00 -1.73945302e+01
 -8.64537522e+00 -1.89149468e+01
 -1.03521135e+01 -2.04370630e+01
 -1.22253766e+01 -2.19576004e+01
 -1.42587797e+01 -2.34695349e+01
 -1.64395630e+01 -2.49617503e+01
 -1.87480265e+01 -2.64197003e+01
 -2.11570557e+01 -2.78264258e+01
 -2.36325132e+01 -2.91634546e+01
 -2.61348895e+01 -3.04117209e+01
 -2.86218081e+01 -3.15528462e+01
 -3.10504074e+01 -3.25707205e+01
 -3.33789947e+01 -3.34528456e+01
 -3.55683422e+01 -3.41909244e+01
 -3.75834326e+01 -3.47805496e+01
 -3.93956980e+01 -3.52200853e+01
 -4.09845413e+01 -3.55089415e+01
 -4.23368249e+01 -3.56458533e+01
 -4.34450641e+01 -3.56284896e+01
 -4.43078005e+01 -3.54560448e+01
 -4.49354990e+01 -3.51355990e+01
 -4.53599967e+01 -3.46900765e+01
 -4.56382646e+01 -3.41613420e+01
 -4.58412894e+01 -3.36016757e+01
 -4.60312058e+01 -3.30556485e+01
 -4.62429490e+01 -3.25453177e+01
 -4.64834018e+01 -3.20699532e+01
 -4.67442792e+01 -3.16175033e+01
 -4.70153552e+01 -3.11761274e+01
 -4.72902399e+01 -3.07388271e+01
 -4.75662136e+01 -3.03026844e+01
 -4.78424281e+01 -2.98667969e+01
 -4.81186840e+01 -2.94309532e+01
 -4.83949454e+01 -2.89951154e+01
 -4.86712071e+01 -2.85592788e+01
 -4.89474651e+01 -2.81234480e+01
 -4.92236955e+01 -2.76876609e+01
 -4.94997614e+01 -2.72521332e+01
 -4.97750591e+01 -2.68178175e+01
 -5.00475366e+01 -2.63879509e+01
 -5.03118633e+01 -2.59709433e+01
 -5.05576164e+01 -2.55832378e+01
 -5.07699565e+01 -2.52482453e+01
 -5.09347930e+01 -2.49881957e+01
 -5.09347930e+01 -2.49881957e+01
 -5.09347930e+01 -2.49881957e+01
 -5.09347930e+01 -2.49881957e+01
 -5.09347930e+01 -2.49881957e+01
 -5.09347930e+01 -2.49881957e+01
 -5.09347930e+01 -2.49881957e+01
 -5.09347930e+01 -2.49881957e+01
 -5.09347930e+01 -2.49881957e+01
 -5.09347930e+01 -2.49881957e+01
 -5.09347930e+01 -2.49881957e+01
 -5.09347930e+01 -2.49881957e+01
 -5.09347930e+01 -2.49881957e+01
 -5.09347930e+01 -2.49881957e+01
 -5.09347930e+01 -2.49881957e+01
 -5.09347930e+01 -2.49881957e+01
 -5.09347930e+01 -2.49881957e+01
 -5.09347930e+01 -2.49881957e+01
 -5.09347930e+01 -2.49881957e+01
 -5.09347930e+01 -2.49881957e+01
 -5.09347930e+01 -2.49881957e+01
 -5.09347930e+01 -2.49881957e+01
 -5.09347930e+01 -2.49881957e+01
 -5.09347930e+01 -2.49881957e+01
 -5.09347930e+01 -2.49881957e+01
 -5.09347930e+01 -2.49881957e+01
 -5.09347930e+01 -2.49881957e+01
 -5.09347930e+01 -2.49881957e+01
 -5.09347930e+01 -2.49881957e+01
 -5.09347930e+01 -2.49881957e+01
 -5.09347930e+01 -2.49881957e+01
 -5.09347930e+01 -2.49881957e+01
 -5.09347930e+01 -2.49881957e+01
 -5.09347930e+01 -2.49881957e+01
 -5.09347930e+01 -2.49881957e+01
 -5.09347930e+01 -2.49881957e+01
 -5.09347930e+01 -2.49881957e+01
