 0.00000000e+00 0.00000000e+00
 0.00000000e+00 0.00000000e+00
 0.00000000e+00 0.00000000e+00
 0.00000000e+00 0.00000000e+00
 0.00000000e+00 0.00000000e+00
 0.00000000e+00 0.00000000e+00
 0.00000000e+00 0.00000000e+00
 0.00000000e+00 0.00000000e+00
 0.00000000e+00 0.00000000e+00
 -4.96484592e-02 2.74330383e-04
 -1.22497046e-01 1.31083201e-03
 -2.17702435e-01 4.45040131e-03
 -3.33807372e-01 1.21668376e-02
 -4.71947283e-01 2.78147786e-02
 -6.36922369e-01 5.45592126e-02
 -8.36341054e-01 9.40059073e-02
 -1.07954999e+00 1.45297607e-01
 -1.37708301e+00 2.04957358e-01
 -1.74010532e+00 2.67506576e-01
 -2.17949618e+00 3.26796091e-01
 -2.70499319e+00 3.77181447e-01
 -3.32474822e+00 4.13153250e-01
 -4.04496884e+00 4.27430230e-01
 -4.86930152e+00 4.09531321e-01
 -5.79823698e+00 3.46520848e-01
 -6.82899932e+00 2.25045050e-01
 -7.95586450e+00 3.23740002e-02
 -9.17044514e+00 -2.44212569e-01
 -1.04617269e+01 -6.18058268e-01
 -1.18160802e+01 -1.10216251e+00
 -1.32173673e+01 -1.70688747e+00
 -1.46468536e+01 -2.43773387e+00
 -1.60827508e+01 -3.29393367e+00
 -1.74997960e+01 -4.26766810e+00
 -1.88694155e+01 -5.34372971e+00
 -2.01605261e+01 -6.49982957e+00
 -2.13407146e+01 -7.70773605e+00
 -2.23779463e+01 -8.93528189e+00
 -2.32433201e+01 -1.01491238e+01
 -2.39147106e+01 -1.13177234e+01
 -2.43799793e+01 -1.24137674e+01
 -2.46382207e+01 -1.34156463e+01
 -2.46985445e+01 -1.43081164e+01
 -2.45772508e+01 -1.50823185e+01
 -2.42947456e+01 -1.57351790e+01
 -2.38727373e+01 -1.62682001e+01
 -2.33313388e+01 -1.66857151e+01
 -2.26861086e+01 -1.69927917e+01
 -2.19461482e+01 -1.71930896e+01
 -2.11143321e+01 -1.72871085e+01
 -2.01895361e+01 -1.72714644e+01
 -1.91698941e+01 -1.71398196e+01
 -1.80562250e+01 -1.68853615e+01
 -1.68549586e+01 -1.65036716e+01
 -1.55796755e+01 -1.59945806e+01
 -1.42504257e+01 -1.53625448e+01
 -1.28909340e+01 -1.46161512e+01
 -1.15251315e+01 -1.37675073e+01
 -1.01748247e+01 -1.28315943e+01
 -8.85905664e+00 -1.18251695e+01
 -7.59415548e+00 -1.07652593e+01
 -6.39345125e+00 -9.66820096e+00
 -5.26692913e+00 -8.55014343e+00
 -4.22176699e+00 -7.42860496e+00
 -3.26394359e+00 -6.32362565e+00
 -2.39986754e+00 -5.25752847e+00
 -1.63667057e+00 -4.25356645e+00
 -9.80864587e-01 -3.33421885e+00
 -4.36407402e-01 -2.51936191e+00
 -3.36027301e-03 -1.82408777e+00
 3.22741556e-01 -1.25639798e+00
 5.51378595e-01 -8.15901501e-01
 6.97216217e-01 -4.94802852e-01
 7.78525218e-01 -2.81404828e-01
 8.12778800e-01 -1.65017150e-01
 8.10839546e-01 -1.40533882e-01
 7.73426568e-01 -2.10915410e-01
 6.92711696e-01 -3.86405332e-01
 5.58044573e-01 -6.80980712e-01
 3.61587253e-01 -1.10818413e+00
 1.00452556e-01 -1.67818872e+00
 -2.24355133e-01 -2.39624505e+00
 -6.09701083e-01 -3.26184428e+00
 -1.05130355e+00 -4.26846200e+00
 -1.54416059e+00 -5.40428378e+00
 -2.08296119e+00 -6.65409333e+00
 -2.66274820e+00 -8.00177966e+00
 -3.28010057e+00 -9.43235404e+00
 -3.93478039e+00 -1.09325751e+01
 -4.63109555e+00 -1.24901289e+01
 -5.37821119e+00 -1.40920873e+01
 -6.18943273e+00 -1.57237368e+01
 -7.08105646e+00 -1.73687645e+01
 -8.07131014e+00 -1.90109980e+01
 -9.17949947e+00 -2.06367489e+01
 -1.04250213e+01 -2.22364259e+01
 -1.18259023e+01 -2.38048472e+01
 -1.33972540e+01 -2.53406301e+01
 -1.51505641e+01 -2.68452645e+01
 -1.70941334e+01 -2.83222373e+01
 -1.92338367e+01 -2.97762823e+01
 -2.15728070e+01 -3.12124851e+01
 -2.41090669e+01 -3.26348154e+01
 -2.68315711e+01 -3.40440673e+01
 -2.97166365e+01 -3.54357920e+01
 -3.27265640e+01 -3.67988893e+01
 -3.58103178e+01 -3.81150704e+01
 -3.89046784e+01 -3.93589905e+01
 -4.19351935e+01 -4.04988993e+01
 -4.48186276e+01 -4.14979815e+01
 -4.74692894e+01 -4.23167178e+01
 -4.98088721e+01 -4.29164571e+01
 -5.17765172e+01 -4.32645330e+01
 -5.33373702e+01 -4.33418364e+01
 -5.44919353e+01 -4.31533154e+01
 -5.52867234e+01 -4.27380619e+01
 -5.58167231e+01 -4.21697571e+01
 -5.62056527e+01 -4.15387822e+01
 -5.65658530e+01 -4.09211641e+01
 -5.69634698e+01 -4.03550927e+01
 -5.74136714e+01 -3.98414112e+01
 -5.79023517e+01 -3.93623970e+01
 -5.84106214e+01 -3.89001825e+01
 -5.89263161e+01 -3.84441534e+01
 -5.94441588e+01 -3.79898804e+01
 -5.99624811e+01 -3.75359942e+01
 -6.04808864e+01 -3.70821745e+01
 -6.09993028e+01 -3.66283637e+01
 -6.15177197e+01 -3.61745545e+01
 -6.20361298e+01 -3.57207513e+01
 -6.25544881e+01 -3.52669935e+01
 -6.30725377e+01 -3.48135060e+01
 -6.35891457e+01 -3.43612803e+01
 -6.41004616e+01 -3.39136873e+01
 -6.45964820e+01 -3.34794835e+01
 -6.50576483e+01 -3.30757902e+01
 -6.54561137e+01 -3.27269836e+01
 -6.57654365e+01 -3.24562102e+01
 -6.57654365e+01 -3.24562102e+01
 -6.57654365e+01 -3.24562102e+01
 -6.57654365e+01 -3.24562102e+01
 -6.57654365e+01 -3.24562102e+01
 -6.57654365e+01 -3.24562102e+01
 -6.57654365e+01 -3.24562102e+01
 -6.57654365e+01 -3.24562102e+01
 -6.57654365e+01 -3.24562102e+01
 -6.57654365e+01 -3.24562102e+01
 -6.57654365e+01 -3.24562102e+01
 -6.57654365e+01 -3.24562102e+01
 -6.57654365e+01 -3.24562102e+01
 -6.57654365e+01 -3.24562102e+01
 -6.57654365e+01 -3.24562102e+01
 -6.57654365e+01 -3.24562102e+01
 -6.57654365e+01 -3.24562102e+01
 -6.57654365e+01 -3.24562102e+01
 -6.57654365e+01 -3.24562102e+01
 -6.57654365e+01 -3.24562102e+01
 -6.57654365e+01 -3.24562102e+01
 -6.57654365e+01 -3.24562102e+01
 -6.57654365e+01 -3.24562102e+01
 -6.57654365e+01 -3.24562102e+01
 -6.57654365e+01 -3.24562102e+01
 -6.57654365e+01 -3.24562102e+01
 -6.57654365e+01 -3.24562102e+01
 -6.57654365e+01 -3.24562102e+01
 -6.57654365e+01 -3.24562102e+01
 -6.57654365e+01 -3.24562102e+01
 -6.57654365e+01 -3.24562102e+01
 -6.57654365e+01 -3.24562102e+01
 -6.57654365e+01 -3.24562102e+01
 -6.57654365e+01 -3.24562102e+01
 -6.57654365e+01 -3.24562102e+01
 -6.57654365e+01 -3.24562102e+01
 -6.57654365e+01 -3.24562102e+01
 -6.57654365e+01 -3.24562102e+01
 -6.57654365e+01 -3.24562102e+01
