 0.00000000e+00 0.00000000e+00
 0.00000000e+00 0.00000000e+00
 0.00000000e+00 0.00000000e+00
 0.00000000e+00 0.00000000e+00
 0.00000000e+00 0.00000000e+00
 0.00000000e+00 0.00000000e+00
 0.00000000e+00 0.00000000e+00
 0.00000000e+00 0.00000000e+00
 0.00000000e+00 0.00000000e+00
 4.87818813e-02 2.39642065e-02
 6.00712703e-02 5.77018995e-02
 8.87772918e-04 9.95509242e-02
 -1.47319425e-01 1.46870593e-01
 -3.82466559e-01 1.97433261e-01
 -6.87448202e-01 2.50156159e-01
 -1.04154149e+00 3.04641987e-01
 -1.42953863e+00 3.59872974e-01
 -1.84497430e+00 4.13173925e-01
 -2.28890649e+00 4.60321848e-01
 -2.76747537e+00 4.96538726e-01
 -3.29018866e+00 5.17155274e-01
 -3.86891718e+00 5.16838727e-01
 -4.51683748e+00 4.87612549e-01
 -5.24711516e+00 4.17407326e-01
 -6.07163386e+00 2.90595494e-01
 -6.99995240e+00 8.98771802e-02
 -8.03857580e+00 -2.02233337e-01
 -9.19071776e+00 -6.02844201e-01
 -1.04564348e+01 -1.12800225e+00
 -1.18324559e+01 -1.79092324e+00
 -1.33111216e+01 -2.59946680e+00
 -1.48786894e+01 -3.55411889e+00
 -1.65138262e+01 -4.64734778e+00
 -1.81868975e+01 -5.86397648e+00
 -1.98602358e+01 -7.18161111e+00
 -2.14893974e+01 -8.57082771e+00
 -2.30254770e+01 -9.99589264e+00
 -2.44186553e+01 -1.14170635e+01
 -2.56227405e+01 -1.27945742e+01
 -2.65996395e+01 -1.40929610e+01
 -2.73224765e+01 -1.52838448e+01
 -2.77767118e+01 -1.63463796e+01
 -2.79593738e+01 -1.72662344e+01
 -2.78770994e+01 -1.80345202e+01
 -2.75439454e+01 -1.86472946e+01
 -2.69795043e+01 -1.91052537e+01
 -2.62072407e+01 -1.94127664e+01
 -2.52530082e+01 -1.95758185e+01
 -2.41440054e+01 -1.95995502e+01
 -2.29081202e+01 -1.94869015e+01
 -2.15731941e+01 -1.92393140e+01
 -2.01659824e+01 -1.88588072e+01
 -1.87110700e+01 -1.83497543e+01
 -1.72300339e+01 -1.77193167e+01
 -1.57409527e+01 -1.69768844e+01
 -1.42583326e+01 -1.61335074e+01
 -1.27935568e+01 -1.52018703e+01
 -1.13560028e+01 -1.41965649e+01
 -9.95484922e+00 -1.31340292e+01
 -8.60107763e+00 -1.20319087e+01
 -7.30863715e+00 -1.09083529e+01
 -6.09396292e+00 -9.78189315e+00
 -4.97401751e+00 -8.67174306e+00
 -3.96386303e+00 -7.59775417e+00
 -3.07478153e+00 -6.57966386e+00
 -2.31332394e+00 -5.63595996e+00
 -1.68098848e+00 -4.78279492e+00
 -1.17404060e+00 -4.03305804e+00
 -7.83435634e-01 -3.39544730e+00
 -4.95284357e-01 -2.87352376e+00
 -2.92151527e-01 -2.46520688e+00
 -1.55128276e-01 -2.16324061e+00
 -6.65405618e-02 -1.95667816e+00
 -1.27642609e-02 -1.83342443e+00
 1.39107602e-02 -1.78427288e+00
 1.49238292e-02 -1.80783887e+00
 -1.37122172e-02 -1.91350793e+00
 -7.95796230e-02 -2.11954101e+00
 -1.91342041e-01 -2.44715926e+00
 -3.56789632e-01 -2.91464831e+00
 -5.82435003e-01 -3.53448708e+00
 -8.73950229e-01 -4.31300304e+00
 -1.23615361e+00 -5.25021692e+00
 -1.67242014e+00 -6.33880024e+00
 -2.18436723e+00 -7.56344454e+00
 -2.77249010e+00 -8.90249751e+00
 -3.43777662e+00 -1.03318432e+01
 -4.18381943e+00 -1.18290105e+01
 -5.01848383e+00 -1.33754785e+01
 -5.95403642e+00 -1.49566992e+01
 -7.00560904e+00 -1.65608372e+01
 -8.18945129e+00 -1.81776236e+01
 -9.52249895e+00 -1.97981439e+01
 -1.10228664e+01 -2.14154980e+01
 -1.27093007e+01 -2.30255401e+01
 -1.45983387e+01 -2.46266558e+01
 -1.67000488e+01 -2.62181174e+01
 -1.90145649e+01 -2.77977129e+01
 -2.15307932e+01 -2.93599618e+01
 -2.42265837e+01 -3.08955894e+01
 -2.70686572e+01 -3.23917446e+01
 -3.00117291e+01 -3.38320252e+01
 -3.29981016e+01 -3.51961267e+01
 -3.59595569e+01 -3.64599548e+01
 -3.88223899e+01 -3.75971732e+01
 -4.15147857e+01 -3.85821669e+01
 -4.39743819e+01 -3.93931518e+01
 -4.61535538e+01 -4.00138952e+01
 -4.80212154e+01 -4.04335598e+01
 -4.95619026e+01 -4.06454373e+01
 -5.07739626e+01 -4.06457460e+01
 -5.16683545e+01 -4.04336352e+01
 -5.22687830e+01 -4.00137543e+01
 -5.26132299e+01 -3.94023720e+01
 -5.27556072e+01 -3.86350894e+01
 -5.27636076e+01 -3.77690131e+01
 -5.27081945e+01 -3.68714759e+01
 -5.26465262e+01 -3.59977877e+01
 -5.26090988e+01 -3.51737529e+01
 -5.26007398e+01 -3.43964346e+01
 -5.26127063e+01 -3.36492175e+01
 -5.26348082e+01 -3.29164130e+01
 -5.26607097e+01 -3.21888820e+01
 -5.26877036e+01 -3.14628430e+01
 -5.27149405e+01 -3.07371320e+01
 -5.27422193e+01 -3.00114772e+01
 -5.27695038e+01 -2.92858300e+01
 -5.27967889e+01 -2.85601846e+01
 -5.28240736e+01 -2.78345488e+01
 -5.28513556e+01 -2.71089857e+01
 -5.28786214e+01 -2.63838546e+01
 -5.29058113e+01 -2.56607412e+01
 -5.29327226e+01 -2.49450355e+01
 -5.29588290e+01 -2.42507395e+01
 -5.29831009e+01 -2.36052298e+01
 -5.30040728e+01 -2.30474846e+01
 -5.30203529e+01 -2.26145153e+01
 -5.30203529e+01 -2.26145153e+01
 -5.30203529e+01 -2.26145153e+01
 -5.30203529e+01 -2.26145153e+01
 -5.30203529e+01 -2.26145153e+01
 -5.30203529e+01 -2.26145153e+01
 -5.30203529e+01 -2.26145153e+01
 -5.30203529e+01 -2.26145153e+01
 -5.30203529e+01 -2.26145153e+01
 -5.30203529e+01 -2.26145153e+01
 -5.30203529e+01 -2.26145153e+01
 -5.30203529e+01 -2.26145153e+01
 -5.30203529e+01 -2.26145153e+01
 -5.30203529e+01 -2.26145153e+01
 -5.30203529e+01 -2.26145153e+01
 -5.30203529e+01 -2.26145153e+01
 -5.30203529e+01 -2.26145153e+01
 -5.30203529e+01 -2.26145153e+01
 -5.30203529e+01 -2.26145153e+01
 -5.30203529e+01 -2.26145153e+01
 -5.30203529e+01 -2.26145153e+01
 -5.30203529e+01 -2.26145153e+01
 -5.30203529e+01 -2.26145153e+01
 -5.30203529e+01 -2.26145153e+01
 -5.30203529e+01 -2.26145153e+01
 -5.30203529e+01 -2.26145153e+01
 -5.30203529e+01 -2.26145153e+01
 -5.30203529e+01 -2.26145153e+01
 -5.30203529e+01 -2.26145153e+01
 -5.30203529e+01 -2.26145153e+01
 -5.30203529e+01 -2.26145153e+01
 -5.30203529e+01 -2.26145153e+01
 -5.30203529e+01 -2.26145153e+01
 -5.30203529e+01 -2.26145153e+01
 -5.30203529e+01 -2.26145153e+01
 -5.30203529e+01 -2.26145153e+01
 -5.30203529e+01 -2.26145153e+01
 -5.30203529e+01 -2.26145153e+01
 -5.30203529e+01 -2.26145153e+01
 -5.30203529e+01 -2.26145153e+01
