 0.00000000e+00 0.00000000e+00
 0.00000000e+00 0.00000000e+00
 0.00000000e+00 0.00000000e+00
 0.00000000e+00 0.00000000e+00
 0.00000000e+00 0.00000000e+00
 0.00000000e+00 0.00000000e+00
 0.00000000e+00 0.00000000e+00
 0.00000000e+00 0.00000000e+00
 0.00000000e+00 0.00000000e+00
 0.00000000e+00 0.00000000e+00
 0.00000000e+00 0.00000000e+00
 1.12748049e-01 3.01133382e-02
 2.24999995e-01 7.49194447e-02
 3.09790410e-01 1.34305588e-01
 3.48166195e-01 2.07424178e-01
 3.33459838e-01 2.93971322e-01
 2.66994953e-01 3.93773066e-01
 1.50570391e-01 5.05035091e-01
 -1.90796747e-02 6.22862339e-01
 -2.51909913e-01 7.39071208e-01
 -5.63118791e-01 8.43142638e-01
 -9.70572323e-01 9.23457852e-01
 -1.49243283e+00 9.67879160e-01
 -2.14530754e+00 9.63353207e-01
 -2.94278010e+00 8.95251137e-01
 -3.89398416e+00 7.47639219e-01
 -5.00188359e+00 5.04947443e-01
 -6.26154946e+00 1.54343679e-01
 -7.65928316e+00 -3.12218629e-01
 -9.17297615e+00 -8.96801656e-01
 -1.07732171e+01 -1.59516881e+00
 -1.24245595e+01 -2.39722210e+00
 -1.40870116e+01 -3.28793833e+00
 -1.57181730e+01 -4.24849746e+00
 -1.72759550e+01 -5.25744835e+00
 -1.87211387e+01 -6.29192122e+00
 -2.00191583e+01 -7.32892657e+00
 -2.11412905e+01 -8.34675268e+00
 -2.20657635e+01 -9.32626318e+00
 -2.27788576e+01 -1.02515308e+01
 -2.32755902e+01 -1.11093497e+01
 -2.35594471e+01 -1.18880007e+01
 -2.36408043e+01 -1.25762880e+01
 -2.35344289e+01 -1.31634959e+01
 -2.32572671e+01 -1.36399838e+01
 -2.28273194e+01 -1.39976827e+01
 -2.22630325e+01 -1.42301065e+01
 -2.15823443e+01 -1.43322558e+01
 -2.08015720e+01 -1.43011306e+01
 -1.99348436e+01 -1.41368496e+01
 -1.89940965e+01 -1.38433898e+01
 -1.79891910e+01 -1.34281839e+01
 -1.69281406e+01 -1.29009340e+01
 -1.58178868e+01 -1.22723670e+01
 -1.46656797e+01 -1.15531996e+01
 -1.34804502e+01 -1.07535257e+01
 -1.22733831e+01 -9.88304389e+00
 -1.10574927e+01 -8.95214117e+00
 -9.84697478e+00 -7.97326130e+00
 -8.65742775e+00 -6.96206263e+00
 -7.50701976e+00 -5.93827065e+00
 -6.41721455e+00 -4.92602132e+00
 -5.41147178e+00 -3.95310268e+00
 -4.51182087e+00 -3.04861216e+00
 -3.73493776e+00 -2.23922171e+00
 -3.08972655e+00 -1.54507089e+00
 -2.57720991e+00 -9.76878738e-01
 -2.19186089e+00 -5.35485577e-01
 -1.92291316e+00 -2.13599712e-01
 -1.75539476e+00 1.54559094e-03
 -1.67207567e+00 1.25537160e-01
 -1.65665395e+00 1.74293432e-01
 -1.69613536e+00 1.62046094e-01
 -1.78049462e+00 1.00383823e-01
 -1.90075950e+00 -1.54280470e-03
 -2.04794599e+00 -1.36096544e-01
 -2.21308990e+00 -2.95891719e-01
 -2.38703915e+00 -4.72551940e-01
 -2.55993602e+00 -6.56095158e-01
 -2.72162791e+00 -8.35480692e-01
 -2.86343117e+00 -1.00034659e+00
 -2.98014774e+00 -1.14353463e+00
 -3.07086487e+00 -1.26378853e+00
 -3.13807707e+00 -1.36766055e+00
 -3.18625517e+00 -1.46946729e+00
 -3.22159411e+00 -1.58915845e+00
 -3.25311245e+00 -1.74964705e+00
 -3.29317796e+00 -1.97510191e+00
 -3.35596103e+00 -2.28978600e+00
 -3.45500379e+00 -2.71617020e+00
 -3.60228570e+00 -3.27238444e+00
 -3.80913068e+00 -3.97034005e+00
 -4.08706162e+00 -4.81545527e+00
 -4.44744325e+00 -5.80773272e+00
 -4.90085160e+00 -6.94325251e+00
 -5.45719827e+00 -8.21527309e+00
 -6.12621013e+00 -9.61480726e+00
 -6.91760136e+00 -1.11310531e+01
 -7.84114131e+00 -1.27517927e+01
 -8.90698159e+00 -1.44634216e+01
 -1.01260497e+01 -1.62506081e+01
 -1.15102247e+01 -1.80961887e+01
 -1.30723885e+01 -1.99816724e+01
 -1.48265114e+01 -2.18879690e+01
 -1.67874113e+01 -2.37958015e+01
 -1.89691320e+01 -2.56858000e+01
 -2.13811137e+01 -2.75385842e+01
 -2.40230775e+01 -2.93347984e+01
 -2.68812311e+01 -3.10546762e+01
 -2.99276843e+01 -3.26770968e+01
 -3.31222394e+01 -3.41789853e+01
 -3.64140871e+01 -3.55360578e+01
 -3.97423993e+01 -3.67248937e+01
 -4.30375935e+01 -3.77253367e+01
 -4.62255431e+01 -3.85222476e+01
 -4.92343880e+01 -3.91062203e+01
 -5.20009927e+01 -3.94732962e+01
 -5.44743389e+01 -3.96238197e+01
 -5.66155587e+01 -3.95606861e+01
 -5.83965578e+01 -3.92876841e+01
 -5.98000435e+01 -3.88093283e+01
 -6.08234772e+01 -3.81338557e+01
 -6.14879216e+01 -3.72800261e+01
 -6.18483250e+01 -3.62849762e+01
 -6.19950706e+01 -3.52057118e+01
 -6.20362787e+01 -3.41072203e+01
 -6.20648798e+01 -3.30408359e+01
 -6.21322870e+01 -3.20283929e+01
 -6.22473720e+01 -3.10642775e+01
 -6.23960034e+01 -3.01306375e+01
 -6.25613867e+01 -2.92114202e+01
 -6.27330472e+01 -2.82974437e+01
 -6.29065102e+01 -2.73849436e+01
 -6.30803736e+01 -2.64727671e+01
 -6.32543060e+01 -2.55606461e+01
 -6.34282478e+01 -2.46485325e+01
 -6.36021902e+01 -2.37364209e+01
 -6.37761305e+01 -2.28243215e+01
 -6.39500533e+01 -2.19123133e+01
 -6.41238726e+01 -2.10008482e+01
 -6.42972082e+01 -2.00919194e+01
 -6.44687681e+01 -1.91923017e+01
 -6.46351960e+01 -1.83195952e+01
 -6.47899294e+01 -1.75082115e+01
 -6.49236250e+01 -1.68071447e+01
 -6.50274110e+01 -1.62629171e+01
 -6.50274110e+01 -1.62629171e+01
 -6.50274110e+01 -1.62629171e+01
 -6.50274110e+01 -1.62629171e+01
 -6.50274110e+01 -1.62629171e+01
 -6.50274110e+01 -1.62629171e+01
 -6.50274110e+01 -1.62629171e+01
 -6.50274110e+01 -1.62629171e+01
 -6.50274110e+01 -1.62629171e+01
 -6.50274110e+01 -1.62629171e+01
 -6.50274110e+01 -1.62629171e+01
 -6.50274110e+01 -1.62629171e+01
 -6.50274110e+01 -1.62629171e+01
 -6.50274110e+01 -1.62629171e+01
 -6.50274110e+01 -1.62629171e+01
 -6.50274110e+01 -1.62629171e+01
 -6.50274110e+01 -1.62629171e+01
 -6.50274110e+01 -1.62629171e+01
 -6.50274110e+01 -1.62629171e+01
 -6.50274110e+01 -1.62629171e+01
 -6.50274110e+01 -1.62629171e+01
 -6.50274110e+01 -1.62629171e+01
 -6.50274110e+01 -1.62629171e+01
 -6.50274110e+01 -1.62629171e+01
 -6.50274110e+01 -1.62629171e+01
 -6.50274110e+01 -1.62629171e+01
 -6.50274110e+01 -1.62629171e+01
 -6.50274110e+01 -1.62629171e+01
 -6.50274110e+01 -1.62629171e+01
 -6.50274110e+01 -1.62629171e+01
 -6.50274110e+01 -1.62629171e+01
