 0.00000000e+00 0.00000000e+00
 0.00000000e+00 0.00000000e+00
 0.00000000e+00 0.00000000e+00
 0.00000000e+00 0.00000000e+00
 0.00000000e+00 0.00000000e+00
 0.00000000e+00 0.00000000e+00
 0.00000000e+00 0.00000000e+00
 0.00000000e+00 0.00000000e+00
 0.00000000e+00 0.00000000e+00
 0.00000000e+00 0.00000000e+00
 0.00000000e+00 0.00000000e+00
 0.00000000e+00 0.00000000e+00
 1.05285058e-02 4.18626915e-02
 -3.20192575e-03 9.82804683e-02
 -6.48798964e-02 1.69029880e-01
 -1.99629264e-01 2.54943909e-01
 -4.29540185e-01 3.58112436e-01
 -7.71815382e-01 4.80356859e-01
 -1.24020565e+00 6.21116669e-01
 -1.84734823e+00 7.75799736e-01
 -2.60532858e+00 9.34862893e-01
 -3.52452667e+00 1.08364842e+00
 -4.61261576e+00 1.20317626e+00
 -5.87460812e+00 1.27172170e+00
 -7.31291018e+00 1.26630815e+00
 -8.92577085e+00 1.16368471e+00
 -1.07040153e+01 9.41748004e-01
 -1.26280010e+01 5.82417359e-01
 -1.46668634e+01 7.53175297e-02
 -1.67801226e+01 -5.79384730e-01
 -1.89199880e+01 -1.37005841e+00
 -2.10331534e+01 -2.27478834e+00
 -2.30627377e+01 -3.26434625e+00
 -2.49518719e+01 -4.30620334e+00
 -2.66491170e+01 -5.36854222e+00
 -2.81139034e+01 -6.42336082e+00
 -2.93196883e+01 -7.44822673e+00
 -3.02539460e+01 -8.42678417e+00
 -3.09160443e+01 -9.34841972e+00
 -3.13146160e+01 -1.02073311e+01
 -3.14650191e+01 -1.10009267e+01
 -3.13868985e+01 -1.17276233e+01
 -3.11023247e+01 -1.23847258e+01
 -3.06346211e+01 -1.29673519e+01
 -3.00070323e+01 -1.34686997e+01
 -2.92409086e+01 -1.38810027e+01
 -2.83541324e+01 -1.41963435e+01
 -2.73602748e+01 -1.44070747e+01
 -2.62685259e+01 -1.45061861e+01
 -2.50847991e+01 -1.44880555e+01
 -2.38142579e+01 -1.43495374e+01
 -2.24642566e+01 -1.40906998e+01
 -2.10460122e+01 -1.37146304e+01
 -1.95744131e+01 -1.32266650e+01
 -1.80669565e+01 -1.26339314e+01
 -1.65429487e+01 -1.19455182e+01
 -1.50229003e+01 -1.11726385e+01
 -1.35273234e+01 -1.03280421e+01
 -1.20747231e+01 -9.42471405e+00
 -1.06795600e+01 -8.47466518e+00
 -9.35133408e+00 -7.48857840e+00
 -8.09548549e+00 -6.47640243e+00
 -6.91572812e+00 -5.44846219e+00
 -5.81646231e+00 -4.41670499e+00
 -4.80400086e+00 -3.39586321e+00
 -3.88635792e+00 -2.40407201e+00
 -3.07207404e+00 -1.46229938e+00
 -2.36855567e+00 -5.92490445e-01
 -1.78040548e+00 1.84915149e-01
 -1.30833502e+00 8.53402258e-01
 -9.48785609e-01 1.40244658e+00
 -6.93681392e-01 1.82884686e+00
 -5.30321995e-01 2.13655630e+00
 -4.42990376e-01 2.33458726e+00
 -4.17345641e-01 2.43373876e+00
 -4.45166316e-01 2.44371662e+00
 -5.25144626e-01 2.37166135e+00
 -6.59059311e-01 2.22177585e+00
 -8.47506345e-01 1.99522215e+00
 -1.08878288e+00 1.69015730e+00
 -1.38004109e+00 1.30250739e+00
 -1.71814339e+00 8.27719288e-01
 -2.09975031e+00 2.62609322e-01
 -2.52161908e+00 -3.94100401e-01
 -2.98126685e+00 -1.14305959e+00
 -3.47738521e+00 -1.98631091e+00
 -4.00991181e+00 -2.92830026e+00
 -4.58023028e+00 -3.97488651e+00
 -5.19159615e+00 -5.13083011e+00
 -5.84924062e+00 -6.39728478e+00
 -6.55984797e+00 -7.77068903e+00
 -7.33124509e+00 -9.24334122e+00
 -8.17367429e+00 -1.08048651e+01
 -9.10261648e+00 -1.24435062e+01
 -1.01408631e+01 -1.41466973e+01
 -1.13172879e+01 -1.59011818e+01
 -1.26623767e+01 -1.76936061e+01
 -1.42030819e+01 -1.95121011e+01
 -1.59593322e+01 -2.13480444e+01
 -1.79426739e+01 -2.31964570e+01
 -2.01562079e+01 -2.50544627e+01
 -2.25945287e+01 -2.69187967e+01
 -2.52427514e+01 -2.87836995e+01
 -2.80749606e+01 -3.06396055e+01
 -3.10533551e+01 -3.24721059e+01
 -3.41289037e+01 -3.42607542e+01
 -3.72432430e+01 -3.59782361e+01
 -4.03311564e+01 -3.75909109e+01
 -4.33234198e+01 -3.90609419e+01
 -4.61502010e+01 -4.03491150e+01
 -4.87449808e+01 -4.14174149e+01
 -5.10486320e+01 -4.22312109e+01
 -5.30132597e+01 -4.27613267e+01
 -5.46052934e+01 -4.29860723e+01
 -5.58071637e+01 -4.28930009e+01
 -5.66172477e+01 -4.24800260e+01
 -5.70486317e+01 -4.17559655e+01
 -5.71284427e+01 -4.07419544e+01
 -5.69002251e+01 -3.94758468e+01
 -5.64290202e+01 -3.80182712e+01
 -5.58017187e+01 -3.64520690e+01
 -5.51129123e+01 -3.48660882e+01
 -5.44385535e+01 -3.33276915e+01
 -5.38158469e+01 -3.18637235e+01
 -5.32451233e+01 -3.04649020e+01
 -5.27086655e+01 -2.91066229e+01
 -5.21887838e+01 -2.77673578e+01
 -5.16750002e+01 -2.64349553e+01
 -5.11629472e+01 -2.51044758e+01
 -5.06512756e+01 -2.37744163e+01
 -5.01396694e+01 -2.24444284e+01
 -4.96280720e+01 -2.11144501e+01
 -4.91164762e+01 -1.97844747e+01
 -4.86048873e+01 -1.84545168e+01
 -4.80933495e+01 -1.71246921e+01
 -4.75821164e+01 -1.57956592e+01
 -4.70723058e+01 -1.44703246e+01
 -4.65677177e+01 -1.31585667e+01
 -4.60782240e+01 -1.18860489e+01
 -4.56231256e+01 -1.07029475e+01
 -4.52299032e+01 -9.68070245e+00
 -4.49246504e+01 -8.88714883e+00
 -4.49246504e+01 -8.88714883e+00
 -4.49246504e+01 -8.88714883e+00
 -4.49246504e+01 -8.88714883e+00
 -4.49246504e+01 -8.88714883e+00
 -4.49246504e+01 -8.88714883e+00
 -4.49246504e+01 -8.88714883e+00
 -4.49246504e+01 -8.88714883e+00
 -4.49246504e+01 -8.88714883e+00
 -4.49246504e+01 -8.88714883e+00
 -4.49246504e+01 -8.88714883e+00
 -4.49246504e+01 -8.88714883e+00
 -4.49246504e+01 -8.88714883e+00
 -4.49246504e+01 -8.88714883e+00
 -4.49246504e+01 -8.88714883e+00
 -4.49246504e+01 -8.88714883e+00
 -4.49246504e+01 -8.88714883e+00
 -4.49246504e+01 -8.88714883e+00
 -4.49246504e+01 -8.88714883e+00
 -4.49246504e+01 -8.88714883e+00
 -4.49246504e+01 -8.88714883e+00
 -4.49246504e+01 -8.88714883e+00
 -4.49246504e+01 -8.88714883e+00
 -4.49246504e+01 -8.88714883e+00
 -4.49246504e+01 -8.88714883e+00
 -4.49246504e+01 -8.88714883e+00
 -4.49246504e+01 -8.88714883e+00
 -4.49246504e+01 -8.88714883e+00
 -4.49246504e+01 -8.88714883e+00
 -4.49246504e+01 -8.88714883e+00
 -4.49246504e+01 -8.88714883e+00
 -4.49246504e+01 -8.88714883e+00
 -4.49246504e+01 -8.88714883e+00
 -4.49246504e+01 -8.88714883e+00
 -4.49246504e+01 -8.88714883e+00
