 0.00000000e+00 0.00000000e+00
 0.00000000e+00 0.00000000e+00
 0.00000000e+00 0.00000000e+00
 0.00000000e+00 0.00000000e+00
 0.00000000e+00 0.00000000e+00
 0.00000000e+00 0.00000000e+00
 0.00000000e+00 0.00000000e+00
 0.00000000e+00 0.00000000e+00
 0.00000000e+00 0.00000000e+00
 0.00000000e+00 0.00000000e+00
 0.00000000e+00 0.00000000e+00
 0.00000000e+00 0.00000000e+00
 0.00000000e+00 0.00000000e+00
 -7.42557173e-02 -9.78856009e-03
 -1.88608030e-01 -2.37357850e-02
 -3.48442003e-01 -3.95613050e-02
 -5.59322305e-01 -5.41707185e-02
 -8.29796877e-01 -6.60320150e-02
 -1.17194097e+00 -7.64573543e-02
 -1.60014956e+00 -8.88406924e-02
 -2.12975436e+00 -1.07327059e-01
 -2.77603528e+00 -1.37064433e-01
 -3.55335555e+00 -1.86284844e-01
 -4.47432449e+00 -2.68031481e-01
 -5.54913084e+00 -3.99464474e-01
 -6.78474564e+00 -5.99327118e-01
 -8.18329389e+00 -8.85654320e-01
 -9.73948595e+00 -1.27448917e+00
 -1.14380969e+01 -1.77878605e+00
 -1.32528793e+01 -2.40674566e+00
 -1.51475175e+01 -3.15967285e+00
 -1.70778443e+01 -4.03007201e+00
 -1.89939166e+01 -5.00094012e+00
 -2.08416808e+01 -6.04683222e+00
 -2.25656674e+01 -7.13643822e+00
 -2.41139893e+01 -8.23597647e+00
 -2.54445849e+01 -9.31278526e+00
 -2.65298053e+01 -1.03384640e+01
 -2.73574188e+01 -1.12909309e+01
 -2.79288297e+01 -1.21551877e+01
 -2.82565926e+01 -1.29229761e+01
 -2.83620838e+01 -1.35916577e+01
 -2.82727182e+01 -1.41627342e+01
 -2.80182075e+01 -1.46401921e+01
 -2.76262332e+01 -1.50284877e+01
 -2.71186134e+01 -1.53304382e+01
 -2.65094544e+01 -1.55460421e+01
 -2.58061172e+01 -1.56727440e+01
 -2.50120329e+01 -1.57063295e+01
 -2.41294125e+01 -1.56415688e+01
 -2.31607403e+01 -1.54728290e+01
 -2.21092671e+01 -1.51950236e+01
 -2.09792313e+01 -1.48044100e+01
 -1.97762487e+01 -1.42987767e+01
 -1.85077202e+01 -1.36775311e+01
 -1.71828744e+01 -1.29424172e+01
 -1.58124969e+01 -1.20987343e+01
 -1.44088954e+01 -1.11562504e+01
 -1.29865012e+01 -1.01293360e+01
 -1.15629342e+01 -9.03668122e+00
 -1.01599445e+01 -7.90119851e+00
 -8.80352795e+00 -6.74997438e+00
 -7.52264263e+00 -5.61335690e+00
 -6.34641765e+00 -4.52253574e+00
 -5.30048342e+00 -3.50613587e+00
 -4.40353718e+00 -2.58718308e+00
 -3.66505160e+00 -1.78145976e+00
 -3.08439140e+00 -1.09722593e+00
 -2.65111234e+00 -5.35674425e-01
 -2.34623185e+00 -9.17335891e-02
 -2.14471437e+00 2.44721920e-01
 -2.01949034e+00 4.87250800e-01
 -1.94613535e+00 6.51199965e-01
 -1.90608905e+00 7.52297548e-01
 -1.88733487e+00 8.04908248e-01
 -1.88380563e+00 8.19130837e-01
 -1.89492488e+00 7.97422013e-01
 -1.92467180e+00 7.33119501e-01
 -1.97902326e+00 6.12454628e-01
 -2.06274330e+00 4.18876127e-01
 -2.17795396e+00 1.36997082e-01
 -2.32511441e+00 -2.45361005e-01
 -2.50436244e+00 -7.36556209e-01
 -2.71538630e+00 -1.34070458e+00
 -2.95636264e+00 -2.05689425e+00
 -3.22362329e+00 -2.87867392e+00
 -3.51277069e+00 -3.79492883e+00
 -3.82060069e+00 -4.79239238e+00
 -4.14672011e+00 -5.85867806e+00
 -4.49434718e+00 -6.98424323e+00
 -4.87066214e+00 -8.16244031e+00
 -5.28710002e+00 -9.38808380e+00
 -5.75927852e+00 -1.06558293e+01
 -6.30615004e+00 -1.19594280e+01
 -6.94871036e+00 -1.32919650e+01
 -7.70888858e+00 -1.46466234e+01
 -8.60852249e+00 -1.60174709e+01
 -9.66772202e+00 -1.73997088e+01
 -1.09023567e+01 -1.87890050e+01
 -1.23213121e+01 -2.01802623e+01
 -1.39245741e+01 -2.15667261e+01
 -1.57027598e+01 -2.29401100e+01
 -1.76377760e+01 -2.42915208e+01
 -1.97038574e+01 -2.56120691e+01
 -2.18689672e+01 -2.68922860e+01
 -2.40972566e+01 -2.81209364e+01
 -2.63524519e+01 -2.92847389e+01
 -2.86005243e+01 -3.03695441e+01
 -3.08101297e+01 -3.13619502e+01
 -3.29512325e+01 -3.22500924e+01
 -3.49938102e+01 -3.30235339e+01
 -3.69081003e+01 -3.36732043e+01
 -3.86662304e+01 -3.41917805e+01
 -4.02438641e+01 -3.45735625e+01
 -4.16207396e+01 -3.48130046e+01
 -4.27805067e+01 -3.49030242e+01
 -4.37115196e+01 -3.48356294e+01
 -4.44100690e+01 -3.46064114e+01
 -4.48863805e+01 -3.42220656e+01
 -4.51714483e+01 -3.37076663e+01
 -4.53189772e+01 -3.31079890e+01
 -4.53956321e+01 -3.24775878e+01
 -4.54607984e+01 -3.18622120e+01
 -4.55488990e+01 -3.12841508e+01
 -4.56671473e+01 -3.07423345e+01
 -4.58071980e+01 -3.02241997e+01
 -4.59583312e+01 -2.97174963e+01
 -4.61136723e+01 -2.92149984e+01
 -4.62702340e+01 -2.87136949e+01
 -4.64270690e+01 -2.82126548e+01
 -4.65839514e+01 -2.77116600e+01
 -4.67408402e+01 -2.72106713e+01
 -4.68977295e+01 -2.67096839e+01
 -4.70546168e+01 -2.62087032e+01
 -4.72114884e+01 -2.57077726e+01
 -4.73682666e+01 -2.52071403e+01
 -4.75246085e+01 -2.47079010e+01
 -4.76793488e+01 -2.42137760e+01
 -4.78294602e+01 -2.37344323e+01
 -4.79690237e+01 -2.32887708e+01
 -4.80896119e+01 -2.29037021e+01
 -4.81832228e+01 -2.26047791e+01
 -4.81832228e+01 -2.26047791e+01
 -4.81832228e+01 -2.26047791e+01
 -4.81832228e+01 -2.26047791e+01
 -4.81832228e+01 -2.26047791e+01
 -4.81832228e+01 -2.26047791e+01
 -4.81832228e+01 -2.26047791e+01
 -4.81832228e+01 -2.26047791e+01
 -4.81832228e+01 -2.26047791e+01
 -4.81832228e+01 -2.26047791e+01
 -4.81832228e+01 -2.26047791e+01
 -4.81832228e+01 -2.26047791e+01
 -4.81832228e+01 -2.26047791e+01
 -4.81832228e+01 -2.26047791e+01
 -4.81832228e+01 -2.26047791e+01
 -4.81832228e+01 -2.26047791e+01
 -4.81832228e+01 -2.26047791e+01
 -4.81832228e+01 -2.26047791e+01
 -4.81832228e+01 -2.26047791e+01
 -4.81832228e+01 -2.26047791e+01
 -4.81832228e+01 -2.26047791e+01
 -4.81832228e+01 -2.26047791e+01
 -4.81832228e+01 -2.26047791e+01
 -4.81832228e+01 -2.26047791e+01
 -4.81832228e+01 -2.26047791e+01
 -4.81832228e+01 -2.26047791e+01
 -4.81832228e+01 -2.26047791e+01
 -4.81832228e+01 -2.26047791e+01
 -4.81832228e+01 -2.26047791e+01
 -4.81832228e+01 -2.26047791e+01
 -4.81832228e+01 -2.26047791e+01
 -4.81832228e+01 -2.26047791e+01
 -4.81832228e+01 -2.26047791e+01
 -4.81832228e+01 -2.26047791e+01
 -4.81832228e+01 -2.26047791e+01
