 0.00000000e+00 0.00000000e+00
 0.00000000e+00 0.00000000e+00
 0.00000000e+00 0.00000000e+00
 0.00000000e+00 0.00000000e+00
 0.00000000e+00 0.00000000e+00
 0.00000000e+00 0.00000000e+00
 0.00000000e+00 0.00000000e+00
 0.00000000e+00 0.00000000e+00
 0.00000000e+00 0.00000000e+00
 1.90164318e-02 1.07392881e-06
 3.36131461e-02 9.25968304e-06
 3.65281958e-02 5.83034724e-05
 1.90617334e-02 2.89938651e-04
 -2.98338026e-02 1.15567326e-03
 -1.22566087e-01 3.72914899e-03
 -2.69943895e-01 9.85315956e-03
 -4.79399206e-01 2.16115209e-02
 -7.56063138e-01 3.99735318e-02
 -1.10469341e+00 6.33725915e-02
 -1.53027367e+00 8.72655814e-02
 -2.03764618e+00 1.04681579e-01
 -2.63141810e+00 1.06679872e-01
 -3.31629729e+00 8.19882300e-02
 -4.09737593e+00 1.63490950e-02
 -4.98010539e+00 -1.07471296e-01
 -5.96982391e+00 -3.08929821e-01
 -7.07068576e+00 -6.08873939e-01
 -8.28410599e+00 -1.02883399e+00
 -9.60713326e+00 -1.58986887e+00
 -1.10311832e+01 -2.31047903e+00
 -1.25413758e+01 -3.20383732e+00
 -1.41162911e+01 -4.27504737e+00
 -1.57275298e+01 -5.51889413e+00
 -1.73388996e+01 -6.91817247e+00
 -1.89063291e+01 -8.44293464e+00
 -2.03801425e+01 -1.00515010e+01
 -2.17100863e+01 -1.16937982e+01
 -2.28515207e+01 -1.33164806e+01
 -2.37703456e+01 -1.48683470e+01
 -2.44454064e+01 -1.63046579e+01
 -2.48691260e+01 -1.75899965e+01
 -2.50476686e+01 -1.87001539e+01
 -2.50005224e+01 -1.96231293e+01
 -2.47582166e+01 -2.03584870e+01
 -2.43577190e+01 -2.09145788e+01
 -2.38367956e+01 -2.13043167e+01
 -2.32291820e+01 -2.15408560e+01
 -2.25616051e+01 -2.16345412e+01
 -2.18527383e+01 -2.15921539e+01
 -2.11138198e+01 -2.14183691e+01
 -2.03505286e+01 -2.11178295e+01
 -1.95653850e+01 -2.06962731e+01
 -1.87597110e+01 -2.01606667e+01
 -1.79345420e+01 -1.95191743e+01
 -1.70906617e+01 -1.87813480e+01
 -1.62284558e+01 -1.79583042e+01
 -1.53481647e+01 -1.70625238e+01
 -1.44505559e+01 -1.61072248e+01
 -1.35375376e+01 -1.51056643e+01
 -1.26122364e+01 -1.40708315e+01
 -1.16786028e+01 -1.30157067e+01
 -1.07412677e+01 -1.19539252e+01
 -9.80632953e+00 -1.09005336e+01
 -8.88275493e+00 -9.87246681e+00
 -7.98311709e+00 -8.88839851e+00
 -7.12272330e+00 -7.96775527e+00
 -6.31748278e+00 -7.12899046e+00
 -5.58161128e+00 -6.38756466e+00
 -4.92581165e+00 -5.75422316e+00
 -4.35581708e+00 -5.23396370e+00
 -3.87120663e+00 -4.82578077e+00
 -3.46507425e+00 -4.52308012e+00
 -3.12530692e+00 -4.31458099e+00
 -2.83725956e+00 -4.18575053e+00
 -2.58651790e+00 -4.12119008e+00
 -2.36071668e+00 -4.10791046e+00
 -2.15070195e+00 -4.13814786e+00
 -1.95186161e+00 -4.21033945e+00
 -1.76565869e+00 -4.32865341e+00
 -1.60067550e+00 -4.50244642e+00
 -1.47274734e+00 -4.74593468e+00
 -1.40437540e+00 -5.07742896e+00
 -1.42366349e+00 -5.51797370e+00
 -1.56248693e+00 -6.08958298e+00
 -1.85328188e+00 -6.81283939e+00
 -2.32456847e+00 -7.70373145e+00
 -2.99649967e+00 -8.77050566e+00
 -3.87779045e+00 -1.00117199e+01
 -4.96429287e+00 -1.14160758e+01
 -6.23888101e+00 -1.29636626e+01
 -7.67283325e+00 -1.46278192e+01
 -9.22930405e+00 -1.63772907e+01
 -1.08688114e+01 -1.81789640e+01
 -1.25555824e+01 -2.00010850e+01
 -1.42628807e+01 -2.18159226e+01
 -1.59753309e+01 -2.36008781e+01
 -1.76874241e+01 -2.53381491e+01
 -1.93996872e+01 -2.70138048e+01
 -2.11152182e+01 -2.86168601e+01
 -2.28380514e+01 -3.01384025e+01
 -2.45728203e+01 -3.15707673e+01
 -2.63245552e+01 -3.29069980e+01
 -2.80981053e+01 -3.41407869e+01
 -2.98974252e+01 -3.52667001e+01
 -3.17251571e+01 -3.62803316e+01
 -3.35825668e+01 -3.71783135e+01
 -3.54693191e+01 -3.79583197e+01
 -3.73823702e+01 -3.86190377e+01
 -3.93138145e+01 -3.91598957e+01
 -4.12486287e+01 -3.95804482e+01
 -4.31638488e+01 -3.98795434e+01
 -4.50299086e+01 -4.00544379e+01
 -4.68132945e+01 -4.00998911e+01
 -4.84788902e+01 -4.00071837e+01
 -4.99910254e+01 -3.97631754e+01
 -5.13136009e+01 -3.93499954e+01
 -5.24104908e+01 -3.87463146e+01
 -5.32469772e+01 -3.79307363e+01
 -5.37924903e+01 -3.68870290e+01
 -5.40264295e+01 -3.56110194e+01
 -5.39500921e+01 -3.41193621e+01
 -5.36023261e+01 -3.24577511e+01
 -5.30654156e+01 -3.07002769e+01
 -5.24463876e+01 -2.89315622e+01
 -5.18385591e+01 -2.72170275e+01
 -5.12905677e+01 -2.55820864e+01
 -5.08051985e+01 -2.40158641e+01
 -5.03617625e+01 -2.24922153e+01
 -4.99387838e+01 -2.09885025e+01
 -4.95233708e+01 -1.94919823e+01
 -4.91101129e+01 -1.79974779e+01
 -4.86973310e+01 -1.65034137e+01
 -4.82846310e+01 -1.50094247e+01
 -4.78719420e+01 -1.35154458e+01
 -4.74592547e+01 -1.20214700e+01
 -4.70465730e+01 -1.05275140e+01
 -4.66339325e+01 -9.03370748e+00
 -4.62215378e+01 -7.54079051e+00
 -4.58102906e+01 -6.05202777e+00
 -4.54032562e+01 -4.57851602e+00
 -4.50083979e+01 -3.14908295e+00
 -4.46412852e+01 -1.82009241e+00
 -4.43240858e+01 -6.71793460e-01
 -4.40778486e+01 2.19613910e-01
 -4.40778486e+01 2.19613910e-01
 -4.40778486e+01 2.19613910e-01
 -4.40778486e+01 2.19613910e-01
 -4.40778486e+01 2.19613910e-01
 -4.40778486e+01 2.19613910e-01
 -4.40778486e+01 2.19613910e-01
 -4.40778486e+01 2.19613910e-01
 -4.40778486e+01 2.19613910e-01
 -4.40778486e+01 2.19613910e-01
 -4.40778486e+01 2.19613910e-01
 -4.40778486e+01 2.19613910e-01
 -4.40778486e+01 2.19613910e-01
 -4.40778486e+01 2.19613910e-01
 -4.40778486e+01 2.19613910e-01
 -4.40778486e+01 2.19613910e-01
 -4.40778486e+01 2.19613910e-01
 -4.40778486e+01 2.19613910e-01
 -4.40778486e+01 2.19613910e-01
 -4.40778486e+01 2.19613910e-01
 -4.40778486e+01 2.19613910e-01
 -4.40778486e+01 2.19613910e-01
 -4.40778486e+01 2.19613910e-01
 -4.40778486e+01 2.19613910e-01
 -4.40778486e+01 2.19613910e-01
 -4.40778486e+01 2.19613910e-01
 -4.40778486e+01 2.19613910e-01
 -4.40778486e+01 2.19613910e-01
 -4.40778486e+01 2.19613910e-01
 -4.40778486e+01 2.19613910e-01
 -4.40778486e+01 2.19613910e-01
 -4.40778486e+01 2.19613910e-01
 -4.40778486e+01 2.19613910e-01
