 0.00000000e+00 0.00000000e+00
 0.00000000e+00 0.00000000e+00
 0.00000000e+00 0.00000000e+00
 0.00000000e+00 0.00000000e+00
 0.00000000e+00 0.00000000e+00
 0.00000000e+00 0.00000000e+00
 0.00000000e+00 0.00000000e+00
 0.00000000e+00 0.00000000e+00
 0.00000000e+00 0.00000000e+00
 0.00000000e+00 0.00000000e+00
 0.00000000e+00 0.00000000e+00
 0.00000000e+00 0.00000000e+00
 -3.47886852e-02 5.60759224e-02
 -1.00800345e-01 1.25199310e-01
 -2.10461313e-01 2.02062475e-01
 -3.74605796e-01 2.82246768e-01
 -6.02212017e-01 3.63372997e-01
 -9.01299742e-01 4.44460042e-01
 -1.27961851e+00 5.24551917e-01
 -1.74437120e+00 6.01426688e-01
 -2.30119837e+00 6.70752516e-01
 -2.95332466e+00 7.25898056e-01
 -3.70160393e+00 7.58251031e-01
 -4.54515688e+00 7.57471000e-01
 -5.48171667e+00 7.11320516e-01
 -6.50745565e+00 6.05502373e-01
 -7.61688868e+00 4.24211237e-01
 -8.80345748e+00 1.51429211e-01
 -1.00607138e+01 -2.27756935e-01
 -1.13832352e+01 -7.26464078e-01
 -1.27663430e+01 -1.35586568e+00
 -1.42044534e+01 -2.12490391e+00
 -1.56885929e+01 -3.03918735e+00
 -1.72038371e+01 -4.09892866e+00
 -1.87274126e+01 -5.29641430e+00
 -2.02277935e+01 -6.61387870e+00
 -2.16647249e+01 -8.02265476e+00
 -2.29906156e+01 -9.48422848e+00
 -2.41543289e+01 -1.09533054e+01
 -2.51073213e+01 -1.23821029e+01
 -2.58101205e+01 -1.37245173e+01
 -2.62367880e+01 -1.49394109e+01
 -2.63765453e+01 -1.59932194e+01
 -2.62331772e+01 -1.68619806e+01
 -2.58230665e+01 -1.75321496e+01
 -2.51723212e+01 -1.79996195e+01
 -2.43132424e+01 -1.82671136e+01
 -2.32805736e+01 -1.83407407e+01
 -2.21082052e+01 -1.82270518e+01
 -2.08269674e+01 -1.79321702e+01
 -1.94638868e+01 -1.74633223e+01
 -1.80428726e+01 -1.68311037e+01
 -1.65861592e+01 -1.60505629e+01
 -1.51153741e+01 -1.51408670e+01
 -1.36514784e+01 -1.41244650e+01
 -1.22138927e+01 -1.30262225e+01
 -1.08198474e+01 -1.18723150e+01
 -9.48465014e+00 -1.06888366e+01
 -8.22256545e+00 -9.50058056e+00
 -7.04745053e+00 -8.33040029e+00
 -5.97260917e+00 -7.19907749e+00
 -5.00994968e+00 -6.12534421e+00
 -4.16883070e+00 -5.12579494e+00
 -3.45496175e+00 -4.21463375e+00
 -2.86962263e+00 -3.40333870e+00
 -2.40931439e+00 -2.70024877e+00
 -2.06573646e+00 -2.10989418e+00
 -1.82586964e+00 -1.63211250e+00
 -1.67222977e+00 -1.26160433e+00
 -1.58397955e+00 -9.88557549e-01
 -1.53960167e+00 -8.00023357e-01
 -1.52052332e+00 -6.81378801e-01
 -1.51377781e+00 -6.18286837e-01
 -1.51248073e+00 -6.00135625e-01
 -1.51495312e+00 -6.24183743e-01
 -1.52418406e+00 -6.97501105e-01
 -1.54793766e+00 -8.34688189e-01
 -1.59777816e+00 -1.05279274e+00
 -1.68541840e+00 -1.36675716e+00
 -1.81790221e+00 -1.78720883e+00
 -1.99549821e+00 -2.31989661e+00
 -2.21381405e+00 -2.96544500e+00
 -2.46732410e+00 -3.71925394e+00
 -2.75126656e+00 -4.57241706e+00
 -3.06223598e+00 -5.51420242e+00
 -3.39931306e+00 -6.53523257e+00
 -3.76587818e+00 -7.62955370e+00
 -4.17069935e+00 -8.79453650e+00
 -4.62740337e+00 -1.00292672e+01
 -5.15280476e+00 -1.13328944e+01
 -5.76514829e+00 -1.27037297e+01
 -6.48284461e+00 -1.41389215e+01
 -7.32362139e+00 -1.56342827e+01
 -8.30397521e+00 -1.71842114e+01
 -9.43898841e+00 -1.87819220e+01
 -1.07421867e+01 -2.04200868e+01
 -1.22247050e+01 -2.20915956e+01
 -1.38936180e+01 -2.37898390e+01
 -1.57503012e+01 -2.55081731e+01
 -1.77897756e+01 -2.72389285e+01
 -2.00011761e+01 -2.89726954e+01
 -2.23687487e+01 -3.06982526e+01
 -2.48725587e+01 -3.24028462e+01
 -2.74885119e+01 -3.40722278e+01
 -3.01881551e+01 -3.56901982e+01
 -3.29389759e+01 -3.72380236e+01
 -3.57050769e+01 -3.86942691e+01
 -3.84474401e+01 -4.00352450e+01
 -4.11236968e+01 -4.12359603e+01
 -4.36883550e+01 -4.22713092e+01
 -4.60942937e+01 -4.31170434e+01
 -4.82953537e+01 -4.37503481e+01
 -5.02493681e+01 -4.41504627e+01
 -5.19211251e+01 -4.42997820e+01
 -5.32848629e+01 -4.41851341e+01
 -5.43258965e+01 -4.37986939e+01
 -5.50414638e+01 -4.31390632e+01
 -5.54420193e+01 -4.22145784e+01
 -5.55549987e+01 -4.10506317e+01
 -5.54308720e+01 -3.96983388e+01
 -5.51449699e+01 -3.82351245e+01
 -5.47853296e+01 -3.67480778e+01
 -5.44270950e+01 -3.53051082e+01
 -5.41106471e+01 -3.39344422e+01
 -5.38404890e+01 -3.26279970e+01
 -5.36020219e+01 -3.13618292e+01
 -5.33792063e+01 -3.01146466e+01
 -5.31622231e+01 -2.88743411e+01
 -5.29469093e+01 -2.76359678e+01
 -5.27319656e+01 -2.63980175e+01
 -5.25170855e+01 -2.51601394e+01
 -5.23022141e+01 -2.39222710e+01
 -5.20873438e+01 -2.26844053e+01
 -5.18724764e+01 -2.14465560e+01
 -5.16576306e+01 -2.02088306e+01
 -5.14429127e+01 -1.89718423e+01
 -5.12287922e+01 -1.77382960e+01
 -5.10168652e+01 -1.65173863e+01
 -5.08112779e+01 -1.53329989e+01
 -5.06201366e+01 -1.42318353e+01
 -5.04549831e+01 -1.32803876e+01
 -5.03267770e+01 -1.25417929e+01
 -5.03267770e+01 -1.25417929e+01
 -5.03267770e+01 -1.25417929e+01
 -5.03267770e+01 -1.25417929e+01
 -5.03267770e+01 -1.25417929e+01
 -5.03267770e+01 -1.25417929e+01
 -5.03267770e+01 -1.25417929e+01
 -5.03267770e+01 -1.25417929e+01
 -5.03267770e+01 -1.25417929e+01
 -5.03267770e+01 -1.25417929e+01
 -5.03267770e+01 -1.25417929e+01
 -5.03267770e+01 -1.25417929e+01
 -5.03267770e+01 -1.25417929e+01
 -5.03267770e+01 -1.25417929e+01
 -5.03267770e+01 -1.25417929e+01
 -5.03267770e+01 -1.25417929e+01
 -5.03267770e+01 -1.25417929e+01
 -5.03267770e+01 -1.25417929e+01
 -5.03267770e+01 -1.25417929e+01
 -5.03267770e+01 -1.25417929e+01
 -5.03267770e+01 -1.25417929e+01
 -5.03267770e+01 -1.25417929e+01
 -5.03267770e+01 -1.25417929e+01
 -5.03267770e+01 -1.25417929e+01
 -5.03267770e+01 -1.25417929e+01
 -5.03267770e+01 -1.25417929e+01
 -5.03267770e+01 -1.25417929e+01
 -5.03267770e+01 -1.25417929e+01
 -5.03267770e+01 -1.25417929e+01
 -5.03267770e+01 -1.25417929e+01
 -5.03267770e+01 -1.25417929e+01
 -5.03267770e+01 -1.25417929e+01
 -5.03267770e+01 -1.25417929e+01
 -5.03267770e+01 -1.25417929e+01
 -5.03267770e+01 -1.25417929e+01
