 0.00000000e+00 0.00000000e+00
 0.00000000e+00 0.00000000e+00
 0.00000000e+00 0.00000000e+00
 0.00000000e+00 0.00000000e+00
 0.00000000e+00 0.00000000e+00
 0.00000000e+00 0.00000000e+00
 0.00000000e+00 0.00000000e+00
 0.00000000e+00 0.00000000e+00
 0.00000000e+00 0.00000000e+00
 4.45831107e-02 7.15598464e-02
 9.21124635e-02 1.67711143e-01
 1.31561336e-01 2.84461854e-01
 1.51154659e-01 4.16057459e-01
 1.40522027e-01 5.56810156e-01
 9.14763773e-02 7.01944121e-01
 -2.22103741e-03 8.47684680e-01
 -1.45631560e-01 9.90917164e-01
 -3.43671931e-01 1.12863757e+00
 -6.02041836e-01 1.25739996e+00
 -9.27826465e-01 1.37280238e+00
 -1.32999801e+00 1.46890502e+00
 -1.81989860e+00 1.53756104e+00
 -2.41111898e+00 1.56789619e+00
 -3.11804219e+00 1.54652618e+00
 -3.95304167e+00 1.45908824e+00
 -4.92324517e+00 1.29263597e+00
 -6.02810933e+00 1.03735052e+00
 -7.25848553e+00 6.86748164e-01
 -8.59692330e+00 2.37391059e-01
 -1.00186077e+01 -3.10699322e-01
 -1.14926986e+01 -9.53287150e-01
 -1.29841786e+01 -1.68201634e+00
 -1.44562339e+01 -2.48571303e+00
 -1.58729546e+01 -3.35213796e+00
 -1.72018698e+01 -4.26917828e+00
 -1.84155477e+01 -5.22495713e+00
 -1.94916797e+01 -6.20706220e+00
 -2.04121124e+01 -7.20166496e+00
 -2.11623223e+01 -8.19328770e+00
 -2.17324119e+01 -9.16531113e+00
 -2.21188986e+01 -1.01007128e+01
 -2.23252940e+01 -1.09826054e+01
 -2.23604233e+01 -1.17946107e+01
 -2.22357212e+01 -1.25213437e+01
 -2.19634757e+01 -1.31491350e+01
 -2.15562786e+01 -1.36668215e+01
 -2.10264013e+01 -1.40662915e+01
 -2.03845516e+01 -1.43425435e+01
 -1.96389402e+01 -1.44931917e+01
 -1.87955687e+01 -1.45175462e+01
 -1.78595790e+01 -1.44157496e+01
 -1.68369751e+01 -1.41886711e+01
 -1.57362172e+01 -1.38387700e+01
 -1.45692118e+01 -1.33712289e+01
 -1.33510736e+01 -1.27944656e+01
 -1.20986091e+01 -1.21198163e+01
 -1.08285618e+01 -1.13607525e+01
 -9.55672979e+00 -1.05318741e+01
 -8.29779817e+00 -9.64764220e+00
 -7.06480992e+00 -8.72099215e+00
 -5.86796180e+00 -7.76250291e+00
 -4.71383892e+00 -6.78090461e+00
 -3.60635448e+00 -5.78490769e+00
 -2.54916130e+00 -4.78530368e+00
 -1.54786468e+00 -3.79613331e+00
 -6.10657113e-01 -2.83450998e+00
 2.52498068e-01 -1.91949153e+00
 1.03114340e+00 -1.07053579e+00
 1.71551142e+00 -3.05725829e-01
 2.29782626e+00 3.60270755e-01
 2.77402148e+00 9.18275311e-01
 3.14559316e+00 1.36603241e+00
 3.42072995e+00 1.70835302e+00
 3.61373159e+00 1.95593265e+00
 3.74227046e+00 2.12348640e+00
 3.82355842e+00 2.22791351e+00
 3.87174883e+00 2.28661994e+00
 3.89773024e+00 2.31569339e+00
 3.90997630e+00 2.32803449e+00
 3.91482984e+00 2.33217500e+00
 3.91631919e+00 2.33219633e+00
 3.91624477e+00 2.32816793e+00
 3.91439533e+00 2.31627586e+00
 3.90826932e+00 2.28871565e+00
 3.89240091e+00 2.23423930e+00
 3.85846123e+00 2.13976960e+00
 3.79721509e+00 1.99231011e+00
 3.70157594e+00 1.78015733e+00
 3.56833998e+00 1.49342104e+00
 3.39718439e+00 1.12457439e+00
 3.18824929e+00 6.69297607e-01
 2.94069994e+00 1.27043267e-01
 2.65300586e+00 -4.99396354e-01
 2.32352378e+00 -1.20543568e+00
 1.94984700e+00 -1.98681819e+00
 1.52726320e+00 -2.84156963e+00
 1.04797041e+00 -3.77115781e+00
 5.01700509e-01 -4.78047924e+00
 -1.23288613e-01 -5.87670339e+00
 -8.39868254e-01 -7.06746054e+00
 -1.66197461e+00 -8.35897720e+00
 -2.60385252e+00 -9.75444423e+00
 -3.67856178e+00 -1.12525683e+01
 -4.89672925e+00 -1.28463997e+01
 -6.26619485e+00 -1.45230018e+01
 -7.79216934e+00 -1.62644961e+01
 -9.47747161e+00 -1.80501589e+01
 -1.13231497e+01 -1.98585511e+01
 -1.33296048e+01 -2.16690346e+01
 -1.54971178e+01 -2.34628415e+01
 -1.78244391e+01 -2.52239560e+01
 -2.03058252e+01 -2.69395387e+01
 -2.29285205e+01 -2.85994174e+01
 -2.56719142e+01 -3.01945659e+01
 -2.85075390e+01 -3.17150901e+01
 -3.13985139e+01 -3.31486301e+01
 -3.42984614e+01 -3.44798999e+01
 -3.71514922e+01 -3.56913329e+01
 -3.98949168e+01 -3.67641935e+01
 -4.24648248e+01 -3.76796494e+01
 -4.48028754e+01 -3.84197580e+01
 -4.68618994e+01 -3.89683640e+01
 -4.86084911e+01 -3.93117644e+01
 -5.00224304e+01 -3.94392271e+01
 -5.10948325e+01 -3.93438048e+01
 -5.18275859e+01 -3.90237392e+01
 -5.22349048e+01 -3.84843843e+01
 -5.23456477e+01 -3.77407285e+01
 -5.22049106e+01 -3.68208500e+01
 -5.18739102e+01 -3.57690912e+01
 -5.14255625e+01 -3.46442198e+01
 -5.09323544e+01 -3.35076400e+01
 -5.04490970e+01 -3.24049760e+01
 -5.00015456e+01 -3.13538745e+01
 -4.95896131e+01 -3.03475177e+01
 -4.92010133e+01 -2.93689011e+01
 -4.88236539e+01 -2.84032713e+01
 -4.84504180e+01 -2.74423254e+01
 -4.80783503e+01 -2.64826916e+01
 -4.77065396e+01 -2.55233445e+01
 -4.73347729e+01 -2.45640461e+01
 -4.69630122e+01 -2.36047544e+01
 -4.65912526e+01 -2.26454647e+01
 -4.62194980e+01 -2.16861877e+01
 -4.58477805e+01 -2.07270066e+01
 -4.54762845e+01 -1.97683968e+01
 -4.51058221e+01 -1.88124544e+01
 -4.47391548e+01 -1.78663048e+01
 -4.43834560e+01 -1.69484583e+01
 -4.40527512e+01 -1.60951064e+01
 -4.37670095e+01 -1.53577776e+01
 -4.35451926e+01 -1.47854003e+01
 -4.35451926e+01 -1.47854003e+01
 -4.35451926e+01 -1.47854003e+01
 -4.35451926e+01 -1.47854003e+01
 -4.35451926e+01 -1.47854003e+01
 -4.35451926e+01 -1.47854003e+01
 -4.35451926e+01 -1.47854003e+01
 -4.35451926e+01 -1.47854003e+01
 -4.35451926e+01 -1.47854003e+01
 -4.35451926e+01 -1.47854003e+01
 -4.35451926e+01 -1.47854003e+01
 -4.35451926e+01 -1.47854003e+01
 -4.35451926e+01 -1.47854003e+01
 -4.35451926e+01 -1.47854003e+01
 -4.35451926e+01 -1.47854003e+01
 -4.35451926e+01 -1.47854003e+01
 -4.35451926e+01 -1.47854003e+01
 -4.35451926e+01 -1.47854003e+01
 -4.35451926e+01 -1.47854003e+01
 -4.35451926e+01 -1.47854003e+01
 -4.35451926e+01 -1.47854003e+01
 -4.35451926e+01 -1.47854003e+01
 -4.35451926e+01 -1.47854003e+01
 -4.35451926e+01 -1.47854003e+01
 -4.35451926e+01 -1.47854003e+01
