 0.00000000e+00 0.00000000e+00
 0.00000000e+00 0.00000000e+00
 0.00000000e+00 0.00000000e+00
 0.00000000e+00 0.00000000e+00
 0.00000000e+00 0.00000000e+00
 0.00000000e+00 0.00000000e+00
 0.00000000e+00 0.00000000e+00
 0.00000000e+00 0.00000000e+00
 0.00000000e+00 0.00000000e+00
 -5.80571092e-03 5.53873036e-02
 -2.05976578e-02 1.27468532e-01
 -5.17462570e-02 2.12764833e-01
 -1.07169922e-01 3.07546058e-01
 -1.93015142e-01 4.08486208e-01
 -3.13041027e-01 5.12128948e-01
 -4.70309646e-01 6.14425164e-01
 -6.69320405e-01 7.10929878e-01
 -9.16720410e-01 7.97291121e-01
 -1.22065801e+00 8.69450843e-01
 -1.58998090e+00 9.23005952e-01
 -2.03411556e+00 9.51520965e-01
 -2.56353163e+00 9.44873533e-01
 -3.18989331e+00 8.89585555e-01
 -3.92500095e+00 7.71411854e-01
 -4.77868891e+00 5.77933129e-01
 -5.75679813e+00 2.99268958e-01
 -6.85997646e+00 -7.24588339e-02
 -8.08304668e+00 -5.43363408e-01
 -9.41438857e+00 -1.11725017e+00
 -1.08352638e+01 -1.79466450e+00
 -1.23195423e+01 -2.57188784e+00
 -1.38344887e+01 -3.44011262e+00
 -1.53429042e+01 -4.38514521e+00
 -1.68060684e+01 -5.38801904e+00
 -1.81864162e+01 -6.42640124e+00
 -1.94494002e+01 -7.47608279e+00
 -2.05649281e+01 -8.51216874e+00
 -2.15090900e+01 -9.51047664e+00
 -2.22661839e+01 -1.04495732e+01
 -2.28299602e+01 -1.13127853e+01
 -2.32029273e+01 -1.20890826e+01
 -2.33939638e+01 -1.27725707e+01
 -2.34157058e+01 -1.33612209e+01
 -2.32826750e+01 -1.38554459e+01
 -2.30098480e+01 -1.42566965e+01
 -2.26111744e+01 -1.45661800e+01
 -2.20982520e+01 -1.47840322e+01
 -2.14797021e+01 -1.49091549e+01
 -2.07614845e+01 -1.49395306e+01
 -1.99478807e+01 -1.48728854e+01
 -1.90425908e+01 -1.47077652e+01
 -1.80496129e+01 -1.44445956e+01
 -1.69738939e+01 -1.40859504e+01
 -1.58216859e+01 -1.36360516e+01
 -1.46006961e+01 -1.31002562e+01
 -1.33206588e+01 -1.24848949e+01
 -1.19946353e+01 -1.17973092e+01
 -1.06399572e+01 -1.10460220e+01
 -9.27739431e+00 -1.02410345e+01
 -7.92889507e+00 -9.39398525e+00
 -6.61583282e+00 -8.51789167e+00
 -5.35877917e+00 -7.62653469e+00
 -4.17772833e+00 -6.73384916e+00
 -3.09125446e+00 -5.85366487e+00
 -2.11455924e+00 -4.99976614e+00
 -1.25768824e+00 -4.18581436e+00
 -5.25011690e-01 -3.42478969e+00
 8.41500051e-02 -2.72816901e+00
 5.74693200e-01 -2.10526433e+00
 9.55174965e-01 -1.56280292e+00
 1.23717792e+00 -1.10455463e+00
 1.43442880e+00 -7.30948492e-01
 1.56218071e+00 -4.38895189e-01
 1.63690664e+00 -2.22015741e-01
 1.67531693e+00 -7.11372833e-02
 1.69221412e+00 2.51225828e-02
 1.69836396e+00 7.92201694e-02
 1.69981191e+00 1.02105352e-01
 1.69849012e+00 9.92003907e-02
 1.69280395e+00 6.66363236e-02
 1.67754913e+00 -9.83545393e-03
 1.64401120e+00 -1.52063011e-01
 1.58150685e+00 -3.84070501e-01
 1.48014592e+00 -7.26944527e-01
 1.33297477e+00 -1.19639939e+00
 1.13630481e+00 -1.80285436e+00
 8.89076570e-01 -2.55187870e+00
 5.92494758e-01 -3.44357090e+00
 2.49677386e-01 -4.47182097e+00
 -1.35666192e-01 -5.62531399e+00
 -5.61591551e-01 -6.89044475e+00
 -1.03045012e+00 -8.25429398e+00
 -1.55084630e+00 -9.70582730e+00
 -2.13875134e+00 -1.12351491e+01
 -2.81758956e+00 -1.28320330e+01
 -3.61690761e+00 -1.44850864e+01
 -4.56932665e+00 -1.61821841e+01
 -5.70623944e+00 -1.79118318e+01
 -7.05367779e+00 -1.96644583e+01
 -8.62989173e+00 -2.14329145e+01
 -1.04451329e+01 -2.32123139e+01
 -1.25026803e+01 -2.49996253e+01
 -1.47993041e+01 -2.67929903e+01
 -1.73240220e+01 -2.85905467e+01
 -2.00560520e+01 -3.03888268e+01
 -2.29641109e+01 -3.21809679e+01
 -2.60077915e+01 -3.39549872e+01
 -2.91392626e+01 -3.56924871e+01
 -3.23032052e+01 -3.73681657e+01
 -3.54352375e+01 -3.89503479e+01
 -3.84616870e+01 -4.04026332e+01
 -4.13037087e+01 -4.16865187e+01
 -4.38857271e+01 -4.27643767e+01
 -4.61445471e+01 -4.36020124e+01
 -4.80348992e+01 -4.41706032e+01
 -4.95303014e+01 -4.44487617e+01
 -5.06220121e+01 -4.44259098e+01
 -5.13203885e+01 -4.41076146e+01
 -5.16608030e+01 -4.35222381e+01
 -5.17104487e+01 -4.27258783e+01
 -5.15661117e+01 -4.17990901e+01
 -5.13346626e+01 -4.08294989e+01
 -5.11023590e+01 -3.98853309e+01
 -5.09133218e+01 -3.89973337e+01
 -5.07720041e+01 -3.81621320e+01
 -5.06629938e+01 -3.73607550e+01
 -5.05697829e+01 -3.65754841e+01
 -5.04824146e+01 -3.57960791e+01
 -5.03967092e+01 -3.50183276e+01
 -5.03113707e+01 -3.42409386e+01
 -5.02260952e+01 -3.34636115e+01
 -5.01408282e+01 -3.26862928e+01
 -5.00555622e+01 -3.19089761e+01
 -4.99702973e+01 -3.11316696e+01
 -4.98850410e+01 -3.03544410e+01
 -4.97998355e+01 -2.95776752e+01
 -4.97148671e+01 -2.88030708e+01
 -4.96307691e+01 -2.80364015e+01
 -4.95491868e+01 -2.72926664e+01
 -4.94733371e+01 -2.66011916e+01
 -4.94078000e+01 -2.60037308e+01
 -4.93569245e+01 -2.55399309e+01
 -4.93569245e+01 -2.55399309e+01
 -4.93569245e+01 -2.55399309e+01
 -4.93569245e+01 -2.55399309e+01
 -4.93569245e+01 -2.55399309e+01
 -4.93569245e+01 -2.55399309e+01
 -4.93569245e+01 -2.55399309e+01
 -4.93569245e+01 -2.55399309e+01
 -4.93569245e+01 -2.55399309e+01
 -4.93569245e+01 -2.55399309e+01
 -4.93569245e+01 -2.55399309e+01
 -4.93569245e+01 -2.55399309e+01
 -4.93569245e+01 -2.55399309e+01
 -4.93569245e+01 -2.55399309e+01
 -4.93569245e+01 -2.55399309e+01
 -4.93569245e+01 -2.55399309e+01
 -4.93569245e+01 -2.55399309e+01
 -4.93569245e+01 -2.55399309e+01
 -4.93569245e+01 -2.55399309e+01
 -4.93569245e+01 -2.55399309e+01
 -4.93569245e+01 -2.55399309e+01
 -4.93569245e+01 -2.55399309e+01
 -4.93569245e+01 -2.55399309e+01
 -4.93569245e+01 -2.55399309e+01
 -4.93569245e+01 -2.55399309e+01
 -4.93569245e+01 -2.55399309e+01
 -4.93569245e+01 -2.55399309e+01
 -4.93569245e+01 -2.55399309e+01
 -4.93569245e+01 -2.55399309e+01
 -4.93569245e+01 -2.55399309e+01
 -4.93569245e+01 -2.55399309e+01
 -4.93569245e+01 -2.55399309e+01
 -4.93569245e+01 -2.55399309e+01
 -4.93569245e+01 -2.55399309e+01
 -4.93569245e+01 -2.55399309e+01
