 0.00000000e+00 0.00000000e+00
 0.00000000e+00 0.00000000e+00
 0.00000000e+00 0.00000000e+00
 0.00000000e+00 0.00000000e+00
 0.00000000e+00 0.00000000e+00
 0.00000000e+00 0.00000000e+00
 0.00000000e+00 0.00000000e+00
 0.00000000e+00 0.00000000e+00
 0.00000000e+00 0.00000000e+00
 0.00000000e+00 0.00000000e+00
 0.00000000e+00 0.00000000e+00
 6.21727114e-02 5.57543793e-02
 1.18343261e-01 1.28781259e-01
 1.49415995e-01 2.16255085e-01
 1.38830332e-01 3.15702649e-01
 7.38577857e-02 4.26021819e-01
 -5.57035061e-02 5.46985194e-01
 -2.58535749e-01 6.77987927e-01
 -5.42365084e-01 8.16700978e-01
 -9.14887005e-01 9.58083365e-01
 -1.38453481e+00 1.09418850e+00
 -1.96026444e+00 1.21494274e+00
 -2.65052327e+00 1.30955852e+00
 -3.46211887e+00 1.36771277e+00
 -4.39939495e+00 1.37953049e+00
 -5.46354679e+00 1.33436032e+00
 -6.65161932e+00 1.21972799e+00
 -7.95512090e+00 1.02188197e+00
 -9.35891503e+00 7.27735390e-01
 -1.08411713e+01 3.26844615e-01
 -1.23745232e+01 -1.87427967e-01
 -1.39278749e+01 -8.17340054e-01
 -1.54679511e+01 -1.56021763e+00
 -1.69600691e+01 -2.40786645e+00
 -1.83686161e+01 -3.34641054e+00
 -1.96581125e+01 -4.35679868e+00
 -2.07950602e+01 -5.41575762e+00
 -2.17503299e+01 -6.49716203e+00
 -2.25019139e+01 -7.57402439e+00
 -2.30373218e+01 -8.62067178e+00
 -2.33541638e+01 -9.61411520e+00
 -2.34584088e+01 -1.05343610e+01
 -2.33620040e+01 -1.13645027e+01
 -2.30817497e+01 -1.20912044e+01
 -2.26387030e+01 -1.27050831e+01
 -2.20560673e+01 -1.32002410e+01
 -2.13557823e+01 -1.35730614e+01
 -2.05559656e+01 -1.38211009e+01
 -1.96703019e+01 -1.39426927e+01
 -1.87089654e+01 -1.39371778e+01
 -1.76804147e+01 -1.38052197e+01
 -1.65932665e+01 -1.35487746e+01
 -1.54572944e+01 -1.31707700e+01
 -1.42831939e+01 -1.26748968e+01
 -1.30815361e+01 -1.20657965e+01
 -1.18615821e+01 -1.13495659e+01
 -1.06306493e+01 -1.05343480e+01
 -9.39464962e+00 -9.63083127e+00
 -8.15978785e+00 -8.65249095e+00
 -6.93441282e+00 -7.61543770e+00
 -5.72981950e+00 -6.53795481e+00
 -4.55983149e+00 -5.43994682e+00
 -3.43994477e+00 -4.34243131e+00
 -2.38649735e+00 -3.26704895e+00
 -1.41554032e+00 -2.23542380e+00
 -5.41164786e-01 -1.26813376e+00
 2.26259035e-01 -3.83325053e-01
 8.81244387e-01 4.04564347e-01
 1.42347065e+00 1.08562342e+00
 1.85736486e+00 1.65501046e+00
 2.19143485e+00 2.11337283e+00
 2.43775645e+00 2.46672707e+00
 2.61131029e+00 2.72535556e+00
 2.72825362e+00 2.90197501e+00
 2.80321027e+00 3.00962743e+00
 2.84719518e+00 3.05898275e+00
 2.86701235e+00 3.05471663e+00
 2.86498201e+00 2.99240939e+00
 2.83835132e+00 2.85857064e+00
 2.77971421e+00 2.63435824e+00
 2.67927161e+00 2.30039740e+00
 2.52745770e+00 1.83981938e+00
 2.31616424e+00 1.23926524e+00
 2.03868741e+00 4.89626761e-01
 1.68952596e+00 -4.12358429e-01
 1.26440486e+00 -1.46250745e+00
 7.60150725e-01 -2.64920801e+00
 1.74166715e-01 -3.95547215e+00
 -4.96345295e-01 -5.36172952e+00
 -1.25500684e+00 -6.84770698e+00
 -2.10631094e+00 -8.39302715e+00
 -3.05503964e+00 -9.97743858e+00
 -4.10544595e+00 -1.15814697e+01
 -5.26067723e+00 -1.31874291e+01
 -6.52271890e+00 -1.47804186e+01
 -7.89291699e+00 -1.63493440e+01
 -9.37274703e+00 -1.78878623e+01
 -1.09641169e+01 -1.93946985e+01
 -1.26689014e+01 -2.08727523e+01
 -1.44884712e+01 -2.23272398e+01
 -1.64241478e+01 -2.37638116e+01
 -1.84780962e+01 -2.51872367e+01
 -2.06528156e+01 -2.66004132e+01
 -2.29480840e+01 -2.80031846e+01
 -2.53565235e+01 -2.93908474e+01
 -2.78604220e+01 -3.07528396e+01
 -3.04313234e+01 -3.20723615e+01
 -3.30313681e+01 -3.33272489e+01
 -3.56143888e+01 -3.44916857e+01
 -3.81265758e+01 -3.55380350e+01
 -4.05088484e+01 -3.64383657e+01
 -4.27026748e+01 -3.71657114e+01
 -4.46578442e+01 -3.76952822e+01
 -4.63383041e+01 -3.80057487e+01
 -4.77236315e+01 -3.80807042e+01
 -4.88071894e+01 -3.79104038e+01
 -4.95935547e+01 -3.74935072e+01
 -5.00967073e+01 -3.68383767e+01
 -5.03395519e+01 -3.59643401e+01
 -5.03557465e+01 -3.49041280e+01
 -5.01933574e+01 -3.37067538e+01
 -4.99150476e+01 -3.24355779e+01
 -4.95880929e+01 -3.11558498e+01
 -4.92662494e+01 -2.99152628e+01
 -4.89762993e+01 -2.87313926e+01
 -4.87196452e+01 -2.75959608e+01
 -4.84851782e+01 -2.64902913e+01
 -4.82614926e+01 -2.53984703e+01
 -4.80417829e+01 -2.43116213e+01
 -4.78232033e+01 -2.32261602e+01
 -4.76048730e+01 -2.21410014e+01
 -4.73865854e+01 -2.10558940e+01
 -4.71683036e+01 -1.99707936e+01
 -4.69500228e+01 -1.88856954e+01
 -4.67317448e+01 -1.78006116e+01
 -4.65134887e+01 -1.67156363e+01
 -4.62953626e+01 -1.56313072e+01
 -4.60778434e+01 -1.45499953e+01
 -4.58625525e+01 -1.34797604e+01
 -4.56537018e+01 -1.24415406e+01
 -4.54595265e+01 -1.14762738e+01
 -4.52917516e+01 -1.06422461e+01
 -4.51615104e+01 -9.99480290e+00
 -4.51615104e+01 -9.99480290e+00
 -4.51615104e+01 -9.99480290e+00
 -4.51615104e+01 -9.99480290e+00
 -4.51615104e+01 -9.99480290e+00
 -4.51615104e+01 -9.99480290e+00
 -4.51615104e+01 -9.99480290e+00
 -4.51615104e+01 -9.99480290e+00
 -4.51615104e+01 -9.99480290e+00
 -4.51615104e+01 -9.99480290e+00
 -4.51615104e+01 -9.99480290e+00
 -4.51615104e+01 -9.99480290e+00
 -4.51615104e+01 -9.99480290e+00
 -4.51615104e+01 -9.99480290e+00
 -4.51615104e+01 -9.99480290e+00
 -4.51615104e+01 -9.99480290e+00
 -4.51615104e+01 -9.99480290e+00
 -4.51615104e+01 -9.99480290e+00
 -4.51615104e+01 -9.99480290e+00
 -4.51615104e+01 -9.99480290e+00
 -4.51615104e+01 -9.99480290e+00
 -4.51615104e+01 -9.99480290e+00
 -4.51615104e+01 -9.99480290e+00
 -4.51615104e+01 -9.99480290e+00
 -4.51615104e+01 -9.99480290e+00
 -4.51615104e+01 -9.99480290e+00
 -4.51615104e+01 -9.99480290e+00
 -4.51615104e+01 -9.99480290e+00
 -4.51615104e+01 -9.99480290e+00
 -4.51615104e+01 -9.99480290e+00
 -4.51615104e+01 -9.99480290e+00
 -4.51615104e+01 -9.99480290e+00
 -4.51615104e+01 -9.99480290e+00
 -4.51615104e+01 -9.99480290e+00
