 0.00000000e+00 0.00000000e+00
 0.00000000e+00 0.00000000e+00
 0.00000000e+00 0.00000000e+00
 0.00000000e+00 0.00000000e+00
 0.00000000e+00 0.00000000e+00
 0.00000000e+00 0.00000000e+00
 0.00000000e+00 0.00000000e+00
 0.00000000e+00 0.00000000e+00
 0.00000000e+00 0.00000000e+00
 0.00000000e+00 0.00000000e+00
 0.00000000e+00 0.00000000e+00
 0.00000000e+00 0.00000000e+00
 2.84949277e-02 1.29218943e-01
 4.18755183e-02 2.90764662e-01
 2.53724598e-02 4.71316026e-01
 -3.14357431e-02 6.57855857e-01
 -1.32878057e-01 8.40901730e-01
 -2.79261372e-01 1.01358470e+00
 -4.71038093e-01 1.16928155e+00
 -7.11998725e-01 1.30019379e+00
 -1.00952654e+00 1.39710054e+00
 -1.37287438e+00 1.44940872e+00
 -1.81165018e+00 1.44499101e+00
 -2.33525144e+00 1.37018810e+00
 -2.95248348e+00 1.21064805e+00
 -3.67065441e+00 9.52959751e-01
 -4.49424117e+00 5.86317688e-01
 -5.42363973e+00 1.03750891e-01
 -6.45430660e+00 -4.96942935e-01
 -7.57622576e+00 -1.21247687e+00
 -8.77357475e+00 -2.03377386e+00
 -1.00246694e+01 -2.94616919e+00
 -1.13023978e+01 -3.92999639e+00
 -1.25752812e+01 -4.96152098e+00
 -1.38091736e+01 -6.01426321e+00
 -1.49695746e+01 -7.06055632e+00
 -1.60244492e+01 -8.07304389e+00
 -1.69471737e+01 -9.02609046e+00
 -1.77189024e+01 -9.89742268e+00
 -1.83296561e+01 -1.06700367e+01
 -1.87778644e+01 -1.13336720e+01
 -1.90686566e+01 -1.18850121e+01
 -1.92114751e+01 -1.23265237e+01
 -1.92175056e+01 -1.26644788e+01
 -1.90971581e+01 -1.29065776e+01
 -1.88577938e+01 -1.30594111e+01
 -1.85023054e+01 -1.31263161e+01
 -1.80293905e+01 -1.31064010e+01
 -1.74356069e+01 -1.29950772e+01
 -1.67182243e+01 -1.27857464e+01
 -1.58777116e+01 -1.24719193e+01
 -1.49193283e+01 -1.20491019e+01
 -1.38537743e+01 -1.15161235e+01
 -1.26969382e+01 -1.08759546e+01
 -1.14688607e+01 -1.01361337e+01
 -1.01922560e+01 -9.30873970e+00
 -8.89108560e+00 -8.40979475e+00
 -7.58954436e+00 -7.45814445e+00
 -6.31142366e+00 -6.47403393e+00
 -5.07951638e+00 -5.47771270e+00
 -3.91491405e+00 -4.48840543e+00
 -2.83637673e+00 -3.52384392e+00
 -1.85980623e+00 -2.60040101e+00
 -9.97504116e-01 -1.73360604e+00
 -2.57090865e-01 -9.38337792e-01
 3.59402923e-01 -2.27940467e-01
 8.55538267e-01 3.87562800e-01
 1.23944209e+00 9.03013774e-01
 1.52244905e+00 1.31849138e+00
 1.71814712e+00 1.63860849e+00
 1.84171345e+00 1.87137556e+00
 1.90854446e+00 2.02694321e+00
 1.93148069e+00 2.11600614e+00
 1.91774786e+00 2.14770664e+00
 1.86811388e+00 2.12755856e+00
 1.77931516e+00 2.05636226e+00
 1.64784942e+00 1.93059273e+00
 1.47249297e+00 1.74386721e+00
 1.25489016e+00 1.48878463e+00
 9.99243672e-01 1.15862510e+00
 7.11816529e-01 7.48565728e-01
 4.00020089e-01 2.56206377e-01
 7.09621341e-02 -3.18549699e-01
 -2.69885446e-01 -9.74036620e-01
 -6.19220484e-01 -1.70756356e+00
 -9.75850296e-01 -2.51617284e+00
 -1.34064885e+00 -3.39728654e+00
 -1.71655711e+00 -4.34910012e+00
 -2.10820471e+00 -5.37052717e+00
 -2.52116461e+00 -6.46066134e+00
 -2.96142280e+00 -7.61809913e+00
 -3.43555419e+00 -8.84061347e+00
 -3.95163546e+00 -1.01254006e+01
 -4.52063166e+00 -1.14697139e+01
 -5.15777589e+00 -1.28713452e+01
 -5.88319804e+00 -1.43283019e+01
 -6.72110750e+00 -1.58376054e+01
 -7.69746193e+00 -1.73942341e+01
 -8.83682023e+00 -1.89914124e+01
 -1.01592019e+01 -2.06220005e+01
 -1.16773166e+01 -2.22794143e+01
 -1.33944119e+01 -2.39570775e+01
 -1.53033649e+01 -2.56471018e+01
 -1.73876698e+01 -2.73396777e+01
 -1.96242532e+01 -2.90237462e+01
 -2.19869089e+01 -3.06879377e+01
 -2.44484254e+01 -3.23202852e+01
 -2.69803489e+01 -3.39064987e+01
 -2.95514771e+01 -3.54282399e+01
 -3.21272055e+01 -3.68630280e+01
 -3.46704764e+01 -3.81860780e+01
 -3.71433023e+01 -3.93729103e+01
 -3.95078796e+01 -4.04012651e+01
 -4.17276312e+01 -4.12517855e+01
 -4.37690871e+01 -4.19080746e+01
 -4.56045085e+01 -4.23569116e+01
 -4.72138577e+01 -4.25887131e+01
 -4.85851492e+01 -4.25982020e+01
 -4.97147265e+01 -4.23865575e+01
 -5.06108098e+01 -4.19672610e+01
 -5.13008372e+01 -4.13747183e+01
 -5.18360619e+01 -4.06677591e+01
 -5.22838026e+01 -3.99183029e+01
 -5.27069207e+01 -3.91871937e+01
 -5.31443347e+01 -3.85044427e+01
 -5.36071187e+01 -3.78690632e+01
 -5.40894768e+01 -3.72647149e+01
 -5.45820473e+01 -3.66753564e+01
 -5.50785448e+01 -3.60915124e+01
 -5.55761893e+01 -3.55092341e+01
 -5.60740916e+01 -3.49273009e+01
 -5.65720387e+01 -3.43454270e+01
 -5.70699919e+01 -3.37635611e+01
 -5.75679450e+01 -3.31816968e+01
 -5.80658915e+01 -3.25998402e+01
 -5.85637883e+01 -3.20180419e+01
 -5.90613886e+01 -3.14365900e+01
 -5.95576042e+01 -3.08567561e+01
 -6.00487365e+01 -3.02828621e+01
 -6.05251772e+01 -2.97261355e+01
 -6.09681395e+01 -2.92085287e+01
 -6.13508761e+01 -2.87612964e+01
 -6.16479887e+01 -2.84141167e+01
 -6.16479887e+01 -2.84141167e+01
 -6.16479887e+01 -2.84141167e+01
 -6.16479887e+01 -2.84141167e+01
 -6.16479887e+01 -2.84141167e+01
 -6.16479887e+01 -2.84141167e+01
 -6.16479887e+01 -2.84141167e+01
 -6.16479887e+01 -2.84141167e+01
 -6.16479887e+01 -2.84141167e+01
 -6.16479887e+01 -2.84141167e+01
 -6.16479887e+01 -2.84141167e+01
 -6.16479887e+01 -2.84141167e+01
 -6.16479887e+01 -2.84141167e+01
 -6.16479887e+01 -2.84141167e+01
 -6.16479887e+01 -2.84141167e+01
 -6.16479887e+01 -2.84141167e+01
 -6.16479887e+01 -2.84141167e+01
 -6.16479887e+01 -2.84141167e+01
 -6.16479887e+01 -2.84141167e+01
 -6.16479887e+01 -2.84141167e+01
 -6.16479887e+01 -2.84141167e+01
 -6.16479887e+01 -2.84141167e+01
 -6.16479887e+01 -2.84141167e+01
 -6.16479887e+01 -2.84141167e+01
 -6.16479887e+01 -2.84141167e+01
 -6.16479887e+01 -2.84141167e+01
 -6.16479887e+01 -2.84141167e+01
 -6.16479887e+01 -2.84141167e+01
 -6.16479887e+01 -2.84141167e+01
 -6.16479887e+01 -2.84141167e+01
 -6.16479887e+01 -2.84141167e+01
 -6.16479887e+01 -2.84141167e+01
 -6.16479887e+01 -2.84141167e+01
 -6.16479887e+01 -2.84141167e+01
