 0.00000000e+00 0.00000000e+00
 0.00000000e+00 0.00000000e+00
 0.00000000e+00 0.00000000e+00
 0.00000000e+00 0.00000000e+00
 0.00000000e+00 0.00000000e+00
 0.00000000e+00 0.00000000e+00
 0.00000000e+00 0.00000000e+00
 0.00000000e+00 0.00000000e+00
 0.00000000e+00 0.00000000e+00
 0.00000000e+00 0.00000000e+00
 0.00000000e+00 0.00000000e+00
 0.00000000e+00 0.00000000e+00
 0.00000000e+00 0.00000000e+00
 0.00000000e+00 0.00000000e+00
 -4.66714657e-02 2.09325957e-01
 -1.32466985e-01 4.69369372e-01
 -2.69730518e-01 7.55280566e-01
 -4.66781517e-01 1.04102343e+00
 -7.28504925e-01 1.30603562e+00
 -1.05843355e+00 1.53574375e+00
 -1.45998132e+00 1.71890573e+00
 -1.93627161e+00 1.84505486e+00
 -2.48948624e+00 1.90336871e+00
 -3.12061478e+00 1.88296762e+00
 -3.82972784e+00 1.77401526e+00
 -4.61616168e+00 1.56880675e+00
 -5.47785900e+00 1.26238426e+00
 -6.40996525e+00 8.52721464e-01
 -7.40383274e+00 3.40685300e-01
 -8.44743884e+00 -2.70182632e-01
 -9.52693753e+00 -9.74199334e-01
 -1.06281785e+01 -1.76438874e+00
 -1.17373705e+01 -2.63321981e+00
 -1.28408381e+01 -3.57260751e+00
 -1.39241670e+01 -4.57296397e+00
 -1.49711803e+01 -5.62175328e+00
 -1.59634168e+01 -6.70232434e+00
 -1.68806588e+01 -7.79367752e+00
 -1.77023992e+01 -8.87143797e+00
 -1.84096060e+01 -9.90978117e+00
 -1.89863180e+01 -1.08836732e+01
 -1.94211047e+01 -1.17708970e+01
 -1.97084160e+01 -1.25537633e+01
 -1.98494179e+01 -1.32204983e+01
 -1.98518776e+01 -1.37658475e+01
 -1.97289407e+01 -1.41901455e+01
 -1.94966992e+01 -1.44967530e+01
 -1.91708760e+01 -1.46889452e+01
 -1.87640105e+01 -1.47678547e+01
 -1.82847102e+01 -1.47324053e+01
 -1.77390418e+01 -1.45808593e+01
 -1.71325985e+01 -1.43126551e+01
 -1.64717708e+01 -1.39294555e+01
 -1.57638856e+01 -1.34354103e+01
 -1.50169128e+01 -1.28372911e+01
 -1.42393592e+01 -1.21447639e+01
 -1.34400830e+01 -1.13703397e+01
 -1.26275723e+01 -1.05284934e+01
 -1.18091371e+01 -9.63416204e+00
 -1.09908978e+01 -8.70141974e+00
 -1.01785778e+01 -7.74293148e+00
 -9.37826401e+00 -6.77021290e+00
 -8.59651834e+00 -5.79433241e+00
 -7.84000173e+00 -4.82660338e+00
 -7.11524420e+00 -3.87900485e+00
 -6.42894244e+00 -2.96437911e+00
 -5.78839312e+00 -2.09653050e+00
 -5.20132991e+00 -1.29011046e+00
 -4.67505040e+00 -5.59914645e-01
 -4.21544093e+00 8.07029132e-02
 -3.82639923e+00 6.21954282e-01
 -3.50960276e+00 1.05910975e+00
 -3.26443613e+00 1.39222239e+00
 -3.08814392e+00 1.62418352e+00
 -2.97640502e+00 1.75839213e+00
 -2.92439543e+00 1.79729794e+00
 -2.92792575e+00 1.74222491e+00
 -2.98371264e+00 1.59400226e+00
 -3.08849287e+00 1.35342215e+00
 -3.23817155e+00 1.02099820e+00
 -3.42804702e+00 5.96731921e-01
 -3.65346450e+00 8.09286428e-02
 -3.90991602e+00 -5.24156183e-01
 -4.19286462e+00 -1.21329991e+00
 -4.49815762e+00 -1.97908454e+00
 -4.82323803e+00 -2.81410734e+00
 -5.16849454e+00 -3.71299852e+00
 -5.53783154e+00 -4.67280803e+00
 -5.93813404e+00 -5.69191800e+00
 -6.37812571e+00 -6.76898458e+00
 -6.86730415e+00 -7.90299696e+00
 -7.41528482e+00 -9.09392319e+00
 -8.03152119e+00 -1.03426038e+01
 -8.72505726e+00 -1.16494979e+01
 -9.50382777e+00 -1.30133114e+01
 -1.03734451e+01 -1.44306466e+01
 -1.13361709e+01 -1.58965639e+01
 -1.23908905e+01 -1.74049282e+01
 -1.35340456e+01 -1.89477153e+01
 -1.47606598e+01 -2.05136401e+01
 -1.60648294e+01 -2.20872766e+01
 -1.74399951e+01 -2.36495883e+01
 -1.88799031e+01 -2.51798918e+01
 -2.03806740e+01 -2.66584886e+01
 -2.19429790e+01 -2.80688514e+01
 -2.35722763e+01 -2.93984833e+01
 -2.52759733e+01 -3.06384767e+01
 -2.70588453e+01 -3.17827069e+01
 -2.89195171e+01 -3.28275225e+01
 -3.08495928e+01 -3.37718284e+01
 -3.28345716e+01 -3.46167248e+01
 -3.48546942e+01 -3.53641629e+01
 -3.68850342e+01 -3.60151138e+01
 -3.88959302e+01 -3.65683714e+01
 -4.08552064e+01 -3.70205288e+01
 -4.27318045e+01 -3.73665785e+01
 -4.44983076e+01 -3.76001577e+01
 -4.61302260e+01 -3.77129476e+01
 -4.76029355e+01 -3.76937372e+01
 -4.88898609e+01 -3.75288421e+01
 -4.99657792e+01 -3.72061882e+01
 -5.08171168e+01 -3.67241985e+01
 -5.14563188e+01 -3.61026142e+01
 -5.19302246e+01 -3.53868861e+01
 -5.23106694e+01 -3.46375602e+01
 -5.26680571e+01 -3.39073226e+01
 -5.30461671e+01 -3.32220959e+01
 -5.34564956e+01 -3.25803049e+01
 -5.38910580e+01 -3.19668022e+01
 -5.43381284e+01 -3.13669176e+01
 -5.47899792e+01 -3.07720305e+01
 -5.52432208e+01 -3.01785594e+01
 -5.56967741e+01 -2.95854001e+01
 -5.61503815e+01 -2.89922941e+01
 -5.66039961e+01 -2.83991954e+01
 -5.70576109e+01 -2.78060982e+01
 -5.75112198e+01 -2.72130089e+01
 -5.79647833e+01 -2.66199789e+01
 -5.84180766e+01 -2.60273021e+01
 -5.88701087e+01 -2.54362745e+01
 -5.93175101e+01 -2.48513014e+01
 -5.97515279e+01 -2.42838272e+01
 -6.01550484e+01 -2.37562280e+01
 -6.05037057e+01 -2.33003619e+01
 -6.07743631e+01 -2.29464799e+01
 -6.07743631e+01 -2.29464799e+01
 -6.07743631e+01 -2.29464799e+01
 -6.07743631e+01 -2.29464799e+01
 -6.07743631e+01 -2.29464799e+01
 -6.07743631e+01 -2.29464799e+01
 -6.07743631e+01 -2.29464799e+01
 -6.07743631e+01 -2.29464799e+01
 -6.07743631e+01 -2.29464799e+01
 -6.07743631e+01 -2.29464799e+01
 -6.07743631e+01 -2.29464799e+01
 -6.07743631e+01 -2.29464799e+01
 -6.07743631e+01 -2.29464799e+01
 -6.07743631e+01 -2.29464799e+01
 -6.07743631e+01 -2.29464799e+01
 -6.07743631e+01 -2.29464799e+01
 -6.07743631e+01 -2.29464799e+01
 -6.07743631e+01 -2.29464799e+01
 -6.07743631e+01 -2.29464799e+01
 -6.07743631e+01 -2.29464799e+01
 -6.07743631e+01 -2.29464799e+01
 -6.07743631e+01 -2.29464799e+01
 -6.07743631e+01 -2.29464799e+01
 -6.07743631e+01 -2.29464799e+01
 -6.07743631e+01 -2.29464799e+01
 -6.07743631e+01 -2.29464799e+01
 -6.07743631e+01 -2.29464799e+01
 -6.07743631e+01 -2.29464799e+01
 -6.07743631e+01 -2.29464799e+01
 -6.07743631e+01 -2.29464799e+01
 -6.07743631e+01 -2.29464799e+01
 -6.07743631e+01 -2.29464799e+01
