 0.00000000e+00 0.00000000e+00
 0.00000000e+00 0.00000000e+00
 0.00000000e+00 0.00000000e+00
 0.00000000e+00 0.00000000e+00
 0.00000000e+00 0.00000000e+00
 0.00000000e+00 0.00000000e+00
 0.00000000e+00 0.00000000e+00
 0.00000000e+00 0.00000000e+00
 0.00000000e+00 0.00000000e+00
 6.56529399e-02 1.08472494e-01
 1.13041729e-01 2.45835178e-01
 1.16444731e-01 4.01232220e-01
 6.01757698e-02 5.63675824e-01
 -5.71366112e-02 7.25820421e-01
 -2.28031651e-01 8.84571748e-01
 -4.46127113e-01 1.03955077e+00
 -7.12894698e-01 1.19081798e+00
 -1.03817483e+00 1.33681360e+00
 -1.43690905e+00 1.47319240e+00
 -1.92573476e+00 1.59303159e+00
 -2.52071889e+00 1.68841946e+00
 -3.23570658e+00 1.75236371e+00
 -4.08073524e+00 1.77915629e+00
 -5.06058606e+00 1.76252168e+00
 -6.17401315e+00 1.69347945e+00
 -7.41415771e+00 1.56049349e+00
 -8.76996647e+00 1.35189212e+00
 -1.02275681e+01 1.05822031e+00
 -1.17704354e+01 6.73156160e-01
 -1.33780458e+01 1.93851364e-01
 -1.50238992e+01 -3.78207296e-01
 -1.66743128e+01 -1.03613365e+00
 -1.82890549e+01 -1.76753656e+00
 -1.98237521e+01 -2.55598136e+00
 -2.12330052e+01 -3.38337999e+00
 -2.24733355e+01 -4.23194605e+00
 -2.35061108e+01 -5.08493504e+00
 -2.43009530e+01 -5.92666988e+00
 -2.48392910e+01 -6.74284239e+00
 -2.51168905e+01 -7.52127200e+00
 -2.51443275e+01 -8.25225834e+00
 -2.49450171e+01 -8.92771385e+00
 -2.45511375e+01 -9.53952610e+00
 -2.39988278e+01 -1.00787024e+01
 -2.33244744e+01 -1.05363150e+01
 -2.25626526e+01 -1.09054874e+01
 -2.17447960e+01 -1.11826983e+01
 -2.08978750e+01 -1.13675851e+01
 -2.00433247e+01 -1.14618872e+01
 -1.91965365e+01 -1.14685465e+01
 -1.83668738e+01 -1.13913536e+01
 -1.75582656e+01 -1.12349221e+01
 -1.67705474e+01 -1.10046092e+01
 -1.60012848e+01 -1.07062057e+01
 -1.52472915e+01 -1.03455916e+01
 -1.45052643e+01 -9.92870578e+00
 -1.37718587e+01 -9.46181363e+00
 -1.30440233e+01 -8.95155204e+00
 -1.23197637e+01 -8.40435994e+00
 -1.15985992e+01 -7.82559756e+00
 -1.08810918e+01 -7.21888295e+00
 -1.01677593e+01 -6.58570887e+00
 -9.45825154e+00 -5.92529274e+00
 -8.75141409e+00 -5.23506009e+00
 -8.04623950e+00 -4.51207664e+00
 -7.34314025e+00 -3.75494655e+00
 -6.64474453e+00 -2.96537210e+00
 -5.95583804e+00 -2.14914413e+00
 -5.28289495e+00 -1.31676771e+00
 -4.63389193e+00 -4.83605945e-01
 -4.01841830e+00 3.30886156e-01
 -3.44736563e+00 1.10493654e+00
 -2.93167838e+00 1.81689594e+00
 -2.48057521e+00 2.44792869e+00
 -2.10017293e+00 2.98451433e+00
 -1.79295218e+00 3.42016763e+00
 -1.55769928e+00 3.75590304e+00
 -1.38939760e+00 3.99947007e+00
 -1.27907882e+00 4.16381091e+00
 -1.21428755e+00 4.26510798e+00
 -1.18079638e+00 4.32037112e+00
 -1.16513548e+00 4.34451170e+00
 -1.15642739e+00 4.34762006e+00
 -1.14660843e+00 4.33373641e+00
 -1.12987250e+00 4.30158937e+00
 -1.10269398e+00 4.24625424e+00
 -1.06444603e+00 4.16039347e+00
 -1.01760221e+00 4.03484829e+00
 -9.67230518e-01 3.85913136e+00
 -9.20479534e-01 3.62221544e+00
 -8.86434549e-01 3.31370547e+00
 -8.75884002e-01 2.92527495e+00
 -9.00422136e-01 2.45204860e+00
 -9.70784132e-01 1.89352257e+00
 -1.09503360e+00 1.25356602e+00
 -1.27784197e+00 5.39234646e-01
 -1.52150249e+00 -2.41215730e-01
 -1.82778389e+00 -1.08023261e+00
 -2.19941398e+00 -1.97227837e+00
 -2.64105097e+00 -2.91476777e+00
 -3.15994590e+00 -3.90888142e+00
 -3.76586214e+00 -4.95979810e+00
 -4.46984196e+00 -6.07553777e+00
 -5.28236822e+00 -7.26444313e+00
 -6.21201967e+00 -8.53258703e+00
 -7.26516777e+00 -9.88242360e+00
 -8.44634970e+00 -1.13126597e+01
 -9.75854243e+00 -1.28184321e+01
 -1.12027017e+01 -1.43914182e+01
 -1.27765004e+01 -1.60202119e+01
 -1.44730621e+01 -1.76909685e+01
 -1.62806570e+01 -1.93876857e+01
 -1.81832871e+01 -2.10917605e+01
 -2.01613007e+01 -2.27814964e+01
 -2.21917943e+01 -2.44326497e+01
 -2.42492852e+01 -2.60202227e+01
 -2.63069378e+01 -2.75205409e+01
 -2.83382551e+01 -2.89126390e+01
 -3.03190699e+01 -3.01790416e+01
 -3.22294047e+01 -3.13067091e+01
 -3.40543350e+01 -3.22883044e+01
 -3.57831360e+01 -3.31229064e+01
 -3.74070620e+01 -3.38152567e+01
 -3.89172459e+01 -3.43735773e+01
 -4.03040130e+01 -3.48068380e+01
 -4.15574341e+01 -3.51224215e+01
 -4.26681817e+01 -3.53248993e+01
 -4.36289453e+01 -3.54168757e+01
 -4.44382414e+01 -3.54030784e+01
 -4.51071863e+01 -3.52970190e+01
 -4.56648376e+01 -3.51253780e+01
 -4.61546023e+01 -3.49238915e+01
 -4.66201994e+01 -3.47249938e+01
 -4.70907189e+01 -3.45464548e+01
 -4.75761463e+01 -3.43899528e+01
 -4.80740171e+01 -3.42484704e+01
 -4.85785939e+01 -3.41144014e+01
 -4.90857946e+01 -3.39830968e+01
 -4.95937699e+01 -3.38525844e+01
 -5.01019204e+01 -3.37222477e+01
 -5.06101016e+01 -3.35919413e+01
 -5.11182869e+01 -3.34616390e+01
 -5.16264719e+01 -3.33313374e+01
 -5.21346503e+01 -3.32010374e+01
 -5.26427778e+01 -3.30707505e+01
 -5.31506027e+01 -3.29405412e+01
 -5.36570146e+01 -3.28106943e+01
 -5.41582387e+01 -3.26821775e+01
 -5.46444692e+01 -3.25575051e+01
 -5.50965335e+01 -3.24415931e+01
 -5.54871345e+01 -3.23414408e+01
 -5.57903522e+01 -3.22636939e+01
 -5.57903522e+01 -3.22636939e+01
 -5.57903522e+01 -3.22636939e+01
 -5.57903522e+01 -3.22636939e+01
 -5.57903522e+01 -3.22636939e+01
 -5.57903522e+01 -3.22636939e+01
 -5.57903522e+01 -3.22636939e+01
 -5.57903522e+01 -3.22636939e+01
 -5.57903522e+01 -3.22636939e+01
 -5.57903522e+01 -3.22636939e+01
 -5.57903522e+01 -3.22636939e+01
 -5.57903522e+01 -3.22636939e+01
 -5.57903522e+01 -3.22636939e+01
 -5.57903522e+01 -3.22636939e+01
 -5.57903522e+01 -3.22636939e+01
 -5.57903522e+01 -3.22636939e+01
 -5.57903522e+01 -3.22636939e+01
 -5.57903522e+01 -3.22636939e+01
 -5.57903522e+01 -3.22636939e+01
 -5.57903522e+01 -3.22636939e+01
 -5.57903522e+01 -3.22636939e+01
 -5.57903522e+01 -3.22636939e+01
 -5.57903522e+01 -3.22636939e+01
 -5.57903522e+01 -3.22636939e+01
 -5.57903522e+01 -3.22636939e+01
