 0.00000000e+00 0.00000000e+00
 0.00000000e+00 0.00000000e+00
 0.00000000e+00 0.00000000e+00
 0.00000000e+00 0.00000000e+00
 3.45323886e-02 2.18382148e-01
 7.88830428e-02 4.80540586e-01
 1.26653598e-01 7.54775189e-01
 1.71448706e-01 1.01079535e+00
 2.09521311e-01 1.22811115e+00
 2.39049992e-01 1.39595067e+00
 2.57895472e-01 1.50835850e+00
 2.61863730e-01 1.55859586e+00
 2.43067345e-01 1.53486111e+00
 1.88481338e-01 1.41865964e+00
 8.07564029e-02 1.18647308e+00
 -9.82094796e-02 8.13435919e-01
 -3.63761088e-01 2.76770452e-01
 -7.27397745e-01 -4.41880119e-01
 -1.19697230e+00 -1.35458959e+00
 -1.77603341e+00 -2.46540414e+00
 -2.46253576e+00 -3.76940263e+00
 -3.24884875e+00 -5.25362799e+00
 -4.12404795e+00 -6.90033882e+00
 -5.07748011e+00 -8.69169496e+00
 -6.10153274e+00 -1.06138683e+01
 -7.19216023e+00 -1.26586583e+01
 -8.34731878e+00 -1.48218475e+01
 -9.56446584e+00 -1.70989241e+01
 -1.08380583e+01 -1.94799244e+01
 -1.21574787e+01 -2.19455895e+01
 -1.35058495e+01 -2.44663957e+01
 -1.48603954e+01 -2.70045727e+01
 -1.61946317e+01 -2.95178342e+01
 -1.74815890e+01 -3.19630013e+01
 -1.86963366e+01 -3.42983300e+01
 -1.98166429e+01 -3.64848225e+01
 -2.08228017e+01 -3.84878534e+01
 -2.16988426e+01 -4.02799382e+01
 -2.24354499e+01 -4.18437560e+01
 -2.30321265e+01 -4.31734472e+01
 -2.34963194e+01 -4.42732002e+01
 -2.38402814e+01 -4.51543807e+01
 -2.40784832e+01 -4.58334079e+01
 -2.42268998e+01 -4.63311981e+01
 -2.43026702e+01 -4.66728227e+01
 -2.43223301e+01 -4.68852790e+01
 -2.42990150e+01 -4.69928015e+01
 -2.42401703e+01 -4.70117252e+01
 -2.41463928e+01 -4.69478946e+01
 -2.40113035e+01 -4.67976474e+01
 -2.38223737e+01 -4.65506271e+01
 -2.35624769e+01 -4.61923481e+01
 -2.32118553e+01 -4.57064509e+01
 -2.27503418e+01 -4.50777574e+01
 -2.21596209e+01 -4.42961269e+01
 -2.14253666e+01 -4.33596958e+01
 -2.05394162e+01 -4.22763075e+01
 -1.95020395e+01 -4.10632508e+01
 -1.83238055e+01 -3.97461991e+01
 -1.70262744e+01 -3.83579160e+01
 -1.56409881e+01 -3.69365683e+01
 -1.42068622e+01 -3.55232470e+01
 -1.27669257e+01 -3.41587449e+01
 -1.13654371e+01 -3.28802236e+01
 -1.00452083e+01 -3.17185689e+01
 -8.84417453e+00 -3.06968123e+01
 -7.79129764e+00 -2.98294361e+01
 -6.90338994e+00 -2.91224039e+01
 -6.18439479e+00 -2.85742662e+01
 -5.62728719e+00 -2.81786357e+01
 -5.21750023e+00 -2.79273809e+01
 -4.93648692e+00 -2.78131486e+01
 -4.76478922e+00 -2.78302849e+01
 -4.68495895e+00 -2.79745185e+01
 -4.68429012e+00 -2.82425728e+01
 -4.75590164e+00 -2.86322760e+01
 -4.89715368e+00 -2.91425144e+01
 -5.10697051e+00 -2.97721543e+01
 -5.38431134e+00 -3.05181130e+01
 -5.72763353e+00 -3.13736806e+01
 -6.13380588e+00 -3.23279406e+01
 -6.59637496e+00 -3.33661524e+01
 -7.10452309e+00 -3.44703132e+01
 -7.64351140e+00 -3.56193289e+01
 -8.19605717e+00 -3.67889437e+01
 -8.74360590e+00 -3.79521313e+01
 -9.26705195e+00 -3.90805704e+01
 -9.74738182e+00 -4.01471559e+01
 -1.01671027e+01 -4.11287718e+01
 -1.05126686e+01 -4.20083623e+01
 -1.07768103e+01 -4.27758125e+01
 -1.09589060e+01 -4.34278494e+01
 -1.10624523e+01 -4.39673730e+01
 -1.10913008e+01 -4.44021593e+01
 -1.10479827e+01 -4.47425935e+01
 -1.09349555e+01 -4.49987796e+01
 -1.07555952e+01 -4.51782252e+01
 -1.05124417e+01 -4.52848146e+01
 -1.02044857e+01 -4.53183775e+01
 -9.82640450e+00 -4.52740553e+01
 -9.37001262e+00 -4.51422503e+01
 -8.82667302e+00 -4.49106057e+01
 -8.19003251e+00 -4.45677570e+01
 -7.45871546e+00 -4.41068925e+01
 -6.63814065e+00 -4.35277133e+01
 -5.74088131e+00 -4.28369637e+01
 -4.78600345e+00 -4.20481765e+01
 -3.79808655e+00 -4.11807593e+01
 -2.80544974e+00 -4.02582883e+01
 -1.83604490e+00 -3.93061462e+01
 -9.10803457e-01 -3.83487643e+01
 -3.75269583e-02 -3.74064852e+01
 7.90075373e-01 -3.64922770e+01
 1.58679177e+00 -3.56096999e+01
 2.36768564e+00 -3.47540028e+01
 3.14279456e+00 -3.39162972e+01
 3.91667835e+00 -3.30881692e+01
 4.69062578e+00 -3.22640992e+01
 5.46474189e+00 -3.14413946e+01
 6.23893270e+00 -3.06190539e+01
 7.01314402e+00 -2.97967899e+01
 7.78735933e+00 -2.89745385e+01
 8.56157515e+00 -2.81522889e+01
 9.33578997e+00 -2.73300406e+01
 1.01099946e+01 -2.65078032e+01
 1.08841217e+01 -2.56856480e+01
 1.16577879e+01 -2.48639824e+01
 1.24293012e+01 -2.40446032e+01
 1.31929111e+01 -2.32336178e+01
 1.39336784e+01 -2.24468923e+01
 1.46223938e+01 -2.17154478e+01
 1.52174705e+01 -2.10834517e+01
 1.56794197e+01 -2.05928426e+01
 1.56794197e+01 -2.05928426e+01
 1.56794197e+01 -2.05928426e+01
 1.56794197e+01 -2.05928426e+01
 1.56794197e+01 -2.05928426e+01
 1.56794197e+01 -2.05928426e+01
 1.56794197e+01 -2.05928426e+01
 1.56794197e+01 -2.05928426e+01
 1.56794197e+01 -2.05928426e+01
 1.56794197e+01 -2.05928426e+01
 1.56794197e+01 -2.05928426e+01
 1.56794197e+01 -2.05928426e+01
 1.56794197e+01 -2.05928426e+01
 1.56794197e+01 -2.05928426e+01
 1.56794197e+01 -2.05928426e+01
 1.56794197e+01 -2.05928426e+01
 1.56794197e+01 -2.05928426e+01
 1.56794197e+01 -2.05928426e+01
 1.56794197e+01 -2.05928426e+01
 1.56794197e+01 -2.05928426e+01
 1.56794197e+01 -2.05928426e+01
 1.56794197e+01 -2.05928426e+01
 1.56794197e+01 -2.05928426e+01
 1.56794197e+01 -2.05928426e+01
 1.56794197e+01 -2.05928426e+01
 1.56794197e+01 -2.05928426e+01
 1.56794197e+01 -2.05928426e+01
 1.56794197e+01 -2.05928426e+01
 1.56794197e+01 -2.05928426e+01
 1.56794197e+01 -2.05928426e+01
