 0.00000000e+00 0.00000000e+00
 0.00000000e+00 0.00000000e+00
 0.00000000e+00 0.00000000e+00
 0.00000000e+00 0.00000000e+00
 -4.05853508e-02 9.39979347e-02
 -9.98027086e-02 2.01964687e-01
 -1.77915944e-01 3.03991111e-01
 -2.75815772e-01 3.76210943e-01
 -3.96818822e-01 3.92912562e-01
 -5.46675586e-01 3.26380570e-01
 -7.32831121e-01 1.46926773e-01
 -9.63842875e-01 -1.75364967e-01
 -1.24883280e+00 -6.67852247e-01
 -1.59683006e+00 -1.35296219e+00
 -2.01614549e+00 -2.24691448e+00
 -2.51388326e+00 -3.35916922e+00
 -3.09570550e+00 -4.69202631e+00
 -3.76594304e+00 -6.24047736e+00
 -4.52776577e+00 -7.99288128e+00
 -5.38287154e+00 -9.93263254e+00
 -6.33062975e+00 -1.20403653e+01
 -7.36730961e+00 -1.42960127e+01
 -8.48612478e+00 -1.66800415e+01
 -9.67843349e+00 -1.91734047e+01
 -1.09358784e+01 -2.17564979e+01
 -1.22526192e+01 -2.44082587e+01
 -1.36263766e+01 -2.71063151e+01
 -1.50569668e+01 -2.98274118e+01
 -1.65416741e+01 -3.25461390e+01
 -1.80688437e+01 -3.52316043e+01
 -1.96133765e+01 -3.78448893e+01
 -2.11373895e+01 -4.03406871e+01
 -2.25957220e+01 -4.26730919e+01
 -2.39428206e+01 -4.48019827e+01
 -2.51379274e+01 -4.66967170e+01
 -2.61485347e+01 -4.83371360e+01
 -2.69541935e+01 -4.97142738e+01
 -2.75512219e+01 -5.08321121e+01
 -2.79553468e+01 -5.17086658e+01
 -2.81984976e+01 -5.23735679e+01
 -2.83196142e+01 -5.28618168e+01
 -2.83539601e+01 -5.32065245e+01
 -2.83264818e+01 -5.34338482e+01
 -2.82510201e+01 -5.35610225e+01
 -2.81324796e+01 -5.35963025e+01
 -2.79684565e+01 -5.35394865e+01
 -2.77499843e+01 -5.33828725e+01
 -2.74629673e+01 -5.31131394e+01
 -2.70907318e+01 -5.27141756e+01
 -2.66167172e+01 -5.21704059e+01
 -2.60264358e+01 -5.14701573e+01
 -2.53085779e+01 -5.06085678e+01
 -2.44557254e+01 -4.95893963e+01
 -2.34654264e+01 -4.84252531e+01
 -2.23419259e+01 -4.71364149e+01
 -2.10976500e+01 -4.57490308e+01
 -1.97531031e+01 -4.42934385e+01
 -1.83351600e+01 -4.28027233e+01
 -1.68752162e+01 -4.13114353e+01
 -1.54083259e+01 -3.98545360e+01
 -1.39728473e+01 -3.84664983e+01
 -1.26091027e+01 -3.71800792e+01
 -1.13560061e+01 -3.60242551e+01
 -1.02462070e+01 -3.50214030e+01
 -9.30177969e+00 -3.41846409e+01
 -8.53228957e+00 -3.35165789e+01
 -7.93536536e+00 -3.30101777e+01
 -7.49858833e+00 -3.26514081e+01
 -7.20161371e+00 -3.24227958e+01
 -7.01856933e+00 -3.23069884e+01
 -6.92179585e+00 -3.22897758e+01
 -6.88723956e+00 -3.23621852e+01
 -6.89928759e+00 -3.25214490e+01
 -6.95197206e+00 -3.27707875e+01
 -7.04644139e+00 -3.31179274e+01
 -7.18770938e+00 -3.35723698e+01
 -7.38274046e+00 -3.41419691e+01
 -7.63908222e+00 -3.48300474e+01
 -7.96287533e+00 -3.56342105e+01
 -8.35665752e+00 -3.65469536e+01
 -8.81795541e+00 -3.75569359e+01
 -9.33896877e+00 -3.86497026e+01
 -9.90712298e+00 -3.98076150e+01
 -1.05061757e+01 -4.10096540e+01
 -1.11175338e+01 -4.22318794e+01
 -1.17215784e+01 -4.34487765e+01
 -1.22991272e+01 -4.46350185e+01
 -1.28331621e+01 -4.57669318e+01
 -1.33104316e+01 -4.68234372e+01
 -1.37221555e+01 -4.77868253e+01
 -1.40635088e+01 -4.86437527e+01
 -1.43326504e+01 -4.93863454e+01
 -1.45305476e+01 -5.00127957e+01
 -1.46616264e+01 -5.05268578e+01
 -1.47332697e+01 -5.09362463e+01
 -1.47522673e+01 -5.12504921e+01
 -1.47195882e+01 -5.14787588e+01
 -1.46275109e+01 -5.16276534e+01
 -1.44610549e+01 -5.16988255e+01
 -1.42013237e+01 -5.16867232e+01
 -1.38278348e+01 -5.15779090e+01
 -1.33201266e+01 -5.13532522e+01
 -1.26604603e+01 -5.09925319e+01
 -1.18377366e+01 -5.04796003e+01
 -1.08513275e+01 -4.98068112e+01
 -9.71386943e+00 -4.89783438e+01
 -8.45229732e+00 -4.80118364e+01
 -7.10590231e+00 -4.69374482e+01
 -5.72049631e+00 -4.57940716e+01
 -4.33941165e+00 -4.46231386e+01
 -2.99411759e+00 -4.34608817e+01
 -1.69848610e+00 -4.23310283e+01
 -4.49714230e-01 -4.12413124e+01
 7.64847437e-01 -4.01861669e+01
 1.95942041e+00 -3.91538953e+01
 3.14455643e+00 -3.81335645e+01
 4.32608871e+00 -3.71181873e+01
 5.50651057e+00 -3.61044446e+01
 6.68665740e+00 -3.50911300e+01
 7.86674970e+00 -3.40779043e+01
 9.04683339e+00 -3.30646931e+01
 1.02269159e+01 -3.20514839e+01
 1.14069966e+01 -3.10382763e+01
 1.25870618e+01 -3.00250821e+01
 1.37670089e+01 -2.90119893e+01
 1.49462534e+01 -2.79994997e+01
 1.61222164e+01 -2.69898275e+01
 1.72861329e+01 -2.59904985e+01
 1.84152318e+01 -2.50210635e+01
 1.94649920e+01 -2.41197481e+01
 2.03720251e+01 -2.33409769e+01
 2.10761414e+01 -2.27364285e+01
 2.10761414e+01 -2.27364285e+01
 2.10761414e+01 -2.27364285e+01
 2.10761414e+01 -2.27364285e+01
 2.10761414e+01 -2.27364285e+01
 2.10761414e+01 -2.27364285e+01
 2.10761414e+01 -2.27364285e+01
 2.10761414e+01 -2.27364285e+01
 2.10761414e+01 -2.27364285e+01
 2.10761414e+01 -2.27364285e+01
 2.10761414e+01 -2.27364285e+01
 2.10761414e+01 -2.27364285e+01
 2.10761414e+01 -2.27364285e+01
 2.10761414e+01 -2.27364285e+01
 2.10761414e+01 -2.27364285e+01
 2.10761414e+01 -2.27364285e+01
 2.10761414e+01 -2.27364285e+01
 2.10761414e+01 -2.27364285e+01
 2.10761414e+01 -2.27364285e+01
 2.10761414e+01 -2.27364285e+01
 2.10761414e+01 -2.27364285e+01
 2.10761414e+01 -2.27364285e+01
 2.10761414e+01 -2.27364285e+01
 2.10761414e+01 -2.27364285e+01
 2.10761414e+01 -2.27364285e+01
 2.10761414e+01 -2.27364285e+01
 2.10761414e+01 -2.27364285e+01
 2.10761414e+01 -2.27364285e+01
 2.10761414e+01 -2.27364285e+01
 2.10761414e+01 -2.27364285e+01
 2.10761414e+01 -2.27364285e+01
