 0.00000000e+00 0.00000000e+00
 0.00000000e+00 0.00000000e+00
 0.00000000e+00 0.00000000e+00
 0.00000000e+00 0.00000000e+00
 -3.85202805e-02 2.41517038e-02
 -1.08438081e-01 4.05923748e-02
 -2.19612414e-01 3.08301379e-02
 -3.80436074e-01 -3.02231618e-02
 -5.99829649e-01 -1.71852919e-01
 -8.88837363e-01 -4.24633150e-01
 -1.25950201e+00 -8.17715417e-01
 -1.72210459e+00 -1.37651416e+00
 -2.28313498e+00 -2.12090169e+00
 -2.94462675e+00 -3.06417157e+00
 -3.70414667e+00 -4.21276609e+00
 -4.55507533e+00 -5.56643714e+00
 -5.48730037e+00 -7.11872384e+00
 -6.48844655e+00 -8.85799408e+00
 -7.54568211e+00 -1.07691922e+01
 -8.64769357e+00 -1.28359876e+01
 -9.78577882e+00 -1.50424794e+01
 -1.09533802e+01 -1.73732633e+01
 -1.21448253e+01 -1.98113711e+01
 -1.33547799e+01 -2.23353978e+01
 -1.45789401e+01 -2.49182709e+01
 -1.58151223e+01 -2.75291936e+01
 -1.70636244e+01 -3.01378926e+01
 -1.83261911e+01 -3.27180687e+01
 -1.96031566e+01 -3.52468328e+01
 -2.08889474e+01 -3.77002292e+01
 -2.21678829e+01 -4.00493488e+01
 -2.34135139e+01 -4.22617033e+01
 -2.45929491e+01 -4.43072831e+01
 -2.56736337e+01 -4.61639392e+01
 -2.66283149e+01 -4.78178813e+01
 -2.74366529e+01 -4.92605067e+01
 -2.80858429e+01 -5.04864369e+01
 -2.85729795e+01 -5.14957998e+01
 -2.89083785e+01 -5.22985010e+01
 -2.91160359e+01 -5.29153357e+01
 -2.92284940e+01 -5.33735970e+01
 -2.92775433e+01 -5.36999082e+01
 -2.92854307e+01 -5.39146795e+01
 -2.92609274e+01 -5.40300575e+01
 -2.92013411e+01 -5.40504353e+01
 -2.90979316e+01 -5.39742082e+01
 -2.89407593e+01 -5.37961296e+01
 -2.87206635e+01 -5.35095081e+01
 -2.84290873e+01 -5.31075427e+01
 -2.80577862e+01 -5.25842620e+01
 -2.75992785e+01 -5.19361418e+01
 -2.70473624e+01 -5.11643390e+01
 -2.63971634e+01 -5.02761889e+01
 -2.56452856e+01 -4.92848626e+01
 -2.47907215e+01 -4.82073849e+01
 -2.38360528e+01 -4.70622045e+01
 -2.27879101e+01 -4.58676041e+01
 -2.16565333e+01 -4.46414772e+01
 -2.04553535e+01 -4.34018911e+01
 -1.92014047e+01 -4.21675194e+01
 -1.79161790e+01 -4.09577422e+01
 -1.66256292e+01 -3.97926324e+01
 -1.53585711e+01 -3.86926022e+01
 -1.41442488e+01 -3.76773791e+01
 -1.30103791e+01 -3.67645960e+01
 -1.19819136e+01 -3.59684497e+01
 -1.10796465e+01 -3.52984400e+01
 -1.03181824e+01 -3.47582669e+01
 -9.70403712e+00 -3.43456381e+01
 -9.23500962e+00 -3.40538354e+01
 -8.90091727e+00 -3.38747997e+01
 -8.68511217e+00 -3.38021480e+01
 -8.56731921e+00 -3.38324573e+01
 -8.52880077e+00 -3.39647321e+01
 -8.55791523e+00 -3.41994958e+01
 -8.65155611e+00 -3.45384981e+01
 -8.81120952e+00 -3.49844224e+01
 -9.03793190e+00 -3.55396531e+01
 -9.33047688e+00 -3.62043183e+01
 -9.68598090e+00 -3.69746110e+01
 -1.01004425e+01 -3.78421807e+01
 -1.05682510e+01 -3.87948464e+01
 -1.10817463e+01 -3.98182138e+01
 -1.16312026e+01 -4.08970060e+01
 -1.22047621e+01 -4.20149755e+01
 -1.27881981e+01 -4.31536296e+01
 -1.33651062e+01 -4.42913567e+01
 -1.39179847e+01 -4.54042385e+01
 -1.44298736e+01 -4.64681693e+01
 -1.48857598e+01 -4.74608898e+01
 -1.52733327e+01 -4.83632171e+01
 -1.55835778e+01 -4.91599884e+01
 -1.58119501e+01 -4.98413878e+01
 -1.59595390e+01 -5.04042687e+01
 -1.60321264e+01 -5.08522290e+01
 -1.60362721e+01 -5.11937414e+01
 -1.59749523e+01 -5.14390303e+01
 -1.58460999e+01 -5.15970203e+01
 -1.56441059e+01 -5.16731391e+01
 -1.53615450e+01 -5.16680226e+01
 -1.49894974e+01 -5.15770517e+01
 -1.45174039e+01 -5.13909375e+01
 -1.39341978e+01 -5.10976786e+01
 -1.32314261e+01 -5.06858878e+01
 -1.24075509e+01 -5.01490232e+01
 -1.14717530e+01 -4.94897929e+01
 -1.04457366e+01 -4.87237674e+01
 -9.36239787e+00 -4.78804778e+01
 -8.26024537e+00 -4.69994348e+01
 -7.17376221e+00 -4.61199697e+01
 -6.12360245e+00 -4.52689530e+01
 -5.11292576e+00 -4.44544815e+01
 -4.13240353e+00 -4.36697928e+01
 -3.16932499e+00 -4.29029142e+01
 -2.21406842e+00 -4.21441741e+01
 -1.26155291e+00 -4.13883185e+01
 -3.09790094e-01 -4.06332606e+01
 6.41810678e-01 -3.98783751e+01
 1.59338410e+00 -3.91235188e+01
 2.54495381e+00 -3.83686664e+01
 3.49652185e+00 -3.76138155e+01
 4.44807731e+00 -3.68589746e+01
 5.39953754e+00 -3.61042092e+01
 6.35043119e+00 -3.53498932e+01
 7.29867886e+00 -3.45976763e+01
 8.23721262e+00 -3.38531651e+01
 9.14767104e+00 -3.31309252e+01
 9.99415393e+00 -3.24594353e+01
 1.07255477e+01 -3.18792421e+01
 1.12933178e+01 -3.14288468e+01
 1.12933178e+01 -3.14288468e+01
 1.12933178e+01 -3.14288468e+01
 1.12933178e+01 -3.14288468e+01
 1.12933178e+01 -3.14288468e+01
 1.12933178e+01 -3.14288468e+01
 1.12933178e+01 -3.14288468e+01
 1.12933178e+01 -3.14288468e+01
 1.12933178e+01 -3.14288468e+01
 1.12933178e+01 -3.14288468e+01
 1.12933178e+01 -3.14288468e+01
 1.12933178e+01 -3.14288468e+01
 1.12933178e+01 -3.14288468e+01
 1.12933178e+01 -3.14288468e+01
 1.12933178e+01 -3.14288468e+01
 1.12933178e+01 -3.14288468e+01
 1.12933178e+01 -3.14288468e+01
 1.12933178e+01 -3.14288468e+01
 1.12933178e+01 -3.14288468e+01
 1.12933178e+01 -3.14288468e+01
 1.12933178e+01 -3.14288468e+01
 1.12933178e+01 -3.14288468e+01
 1.12933178e+01 -3.14288468e+01
 1.12933178e+01 -3.14288468e+01
 1.12933178e+01 -3.14288468e+01
 1.12933178e+01 -3.14288468e+01
 1.12933178e+01 -3.14288468e+01
 1.12933178e+01 -3.14288468e+01
 1.12933178e+01 -3.14288468e+01
 1.12933178e+01 -3.14288468e+01
 1.12933178e+01 -3.14288468e+01
 1.12933178e+01 -3.14288468e+01
 1.12933178e+01 -3.14288468e+01
