 0.00000000e+00 0.00000000e+00
 0.00000000e+00 0.00000000e+00
 0.00000000e+00 0.00000000e+00
 0.00000000e+00 0.00000000e+00
 1.70965428e-02 6.03086174e-02
 2.59805501e-02 1.23636696e-01
 1.51419084e-02 1.72631232e-01
 -2.96959134e-02 1.85273520e-01
 -1.25109600e-01 1.33953577e-01
 -2.88286187e-01 -1.48715151e-02
 -5.34731601e-01 -2.96804099e-01
 -8.76668530e-01 -7.42958734e-01
 -1.32198558e+00 -1.37522716e+00
 -1.87297359e+00 -2.20491972e+00
 -2.52508780e+00 -3.23290235e+00
 -3.26670285e+00 -4.44965266e+00
 -4.08050910e+00 -5.83584745e+00
 -4.94642733e+00 -7.36502260e+00
 -5.84516543e+00 -9.00866859e+00
 -6.76118369e+00 -1.07420313e+01
 -7.68422634e+00 -1.25480389e+01
 -8.60944338e+00 -1.44181327e+01
 -9.53660310e+00 -1.63508263e+01
 -1.04687670e+01 -1.83495975e+01
 -1.14109356e+01 -2.04210678e+01
 -1.23697015e+01 -2.25735017e+01
 -1.33544507e+01 -2.48152093e+01
 -1.43786291e+01 -2.71522273e+01
 -1.54580715e+01 -2.95845513e+01
 -1.66048686e+01 -3.21009867e+01
 -1.78193232e+01 -3.46746159e+01
 -1.90852636e+01 -3.72620376e+01
 -2.03718638e+01 -3.98079051e+01
 -2.16400145e+01 -4.22528501e+01
 -2.28486976e+01 -4.45409332e+01
 -2.39590382e+01 -4.66243128e+01
 -2.49374408e+01 -4.84661603e+01
 -2.57600351e+01 -5.00440469e+01
 -2.64178697e+01 -5.13535426e+01
 -2.69192968e+01 -5.24088705e+01
 -2.72865856e+01 -5.32382564e+01
 -2.75480140e+01 -5.38755647e+01
 -2.77302003e+01 -5.43525468e+01
 -2.78542418e+01 -5.46949259e+01
 -2.79349400e+01 -5.49221324e+01
 -2.79803748e+01 -5.50479635e+01
 -2.79910086e+01 -5.50797605e+01
 -2.79596235e+01 -5.50163816e+01
 -2.78730131e+01 -5.48474219e+01
 -2.77146283e+01 -5.45552866e+01
 -2.74665072e+01 -5.41191789e+01
 -2.71098678e+01 -5.35191674e+01
 -2.66257028e+01 -5.27396636e+01
 -2.59971039e+01 -5.17726159e+01
 -2.52133070e+01 -5.06205399e+01
 -2.42737888e+01 -4.92989280e+01
 -2.31906420e+01 -4.78372374e+01
 -2.19883318e+01 -4.62777059e+01
 -2.07010481e+01 -4.46718801e+01
 -1.93688707e+01 -4.30756186e+01
 -1.80341487e+01 -4.15437812e+01
 -1.67385419e+01 -4.01255818e+01
 -1.55201446e+01 -3.88609946e+01
 -1.44102699e+01 -3.77781830e+01
 -1.34305292e+01 -3.68921075e+01
 -1.25915588e+01 -3.62050477e+01
 -1.18943071e+01 -3.57096411e+01
 -1.13332891e+01 -3.53937745e+01
 -1.08998531e+01 -3.52454829e+01
 -1.05839504e+01 -3.52561526e+01
 -1.03751654e+01 -3.54215098e+01
 -1.02650045e+01 -3.57409183e+01
 -1.02500966e+01 -3.62157244e+01
 -1.03328315e+01 -3.68470748e+01
 -1.05176075e+01 -3.76335125e+01
 -1.08057392e+01 -3.85687868e+01
 -1.11929053e+01 -3.96403081e+01
 -1.16692405e+01 -4.08285598e+01
 -1.22200102e+01 -4.21076731e+01
 -1.28260215e+01 -4.34470595e+01
 -1.34642203e+01 -4.48135119e+01
 -1.41089620e+01 -4.61732536e+01
 -1.47341347e+01 -4.74942087e+01
 -1.53159550e+01 -4.87490138e+01
 -1.58356889e+01 -4.99179986e+01
 -1.62811273e+01 -5.09901025e+01
 -1.66461565e+01 -5.19608963e+01
 -1.69292808e+01 -5.28297588e+01
 -1.71327835e+01 -5.35989919e+01
 -1.72627881e+01 -5.42748040e+01
 -1.73284496e+01 -5.48672597e+01
 -1.73391145e+01 -5.53873700e+01
 -1.73011504e+01 -5.58431471e+01
 -1.72170341e+01 -5.62379616e+01
 -1.70866156e+01 -5.65718798e+01
 -1.69079618e+01 -5.68430938e+01
 -1.66760810e+01 -5.70465683e+01
 -1.63806554e+01 -5.71706387e+01
 -1.60053714e+01 -5.71951067e+01
 -1.55303136e+01 -5.70933986e+01
 -1.49366131e+01 -5.68381936e+01
 -1.42113487e+01 -5.64079248e+01
 -1.33513202e+01 -5.57920862e+01
 -1.23654390e+01 -5.49948139e+01
 -1.12756059e+01 -5.40366687e+01
 -1.01151138e+01 -5.29539532e+01
 -8.92336812e+00 -5.17944864e+01
 -7.73729673e+00 -5.06090665e+01
 -6.58245019e+00 -4.94397733e+01
 -5.46822764e+00 -4.83099930e+01
 -4.38991622e+00 -4.72224506e+01
 -3.33583116e+00 -4.61664437e+01
 -2.29459915e+00 -4.51282841e+01
 -1.25877353e+00 -4.40979728e+01
 -2.24752642e-01 -4.30703662e+01
 8.08790876e-01 -4.20434919e+01
 1.84223456e+00 -4.10167734e+01
 2.87566178e+00 -3.99900810e+01
 3.90908674e+00 -3.89633922e+01
 4.94251008e+00 -3.79367051e+01
 5.97591977e+00 -3.69100316e+01
 7.00922604e+00 -3.58834608e+01
 8.04191700e+00 -3.48575013e+01
 9.07173436e+00 -3.38343967e+01
 1.00910022e+01 -3.28217728e+01
 1.10797796e+01 -3.18394406e+01
 1.19990783e+01 -3.09261343e+01
 1.27933876e+01 -3.01370026e+01
 1.34099982e+01 -2.95244113e+01
 1.34099982e+01 -2.95244113e+01
 1.34099982e+01 -2.95244113e+01
 1.34099982e+01 -2.95244113e+01
 1.34099982e+01 -2.95244113e+01
 1.34099982e+01 -2.95244113e+01
 1.34099982e+01 -2.95244113e+01
 1.34099982e+01 -2.95244113e+01
 1.34099982e+01 -2.95244113e+01
 1.34099982e+01 -2.95244113e+01
 1.34099982e+01 -2.95244113e+01
 1.34099982e+01 -2.95244113e+01
 1.34099982e+01 -2.95244113e+01
 1.34099982e+01 -2.95244113e+01
 1.34099982e+01 -2.95244113e+01
 1.34099982e+01 -2.95244113e+01
 1.34099982e+01 -2.95244113e+01
 1.34099982e+01 -2.95244113e+01
 1.34099982e+01 -2.95244113e+01
 1.34099982e+01 -2.95244113e+01
 1.34099982e+01 -2.95244113e+01
 1.34099982e+01 -2.95244113e+01
 1.34099982e+01 -2.95244113e+01
 1.34099982e+01 -2.95244113e+01
 1.34099982e+01 -2.95244113e+01
 1.34099982e+01 -2.95244113e+01
 1.34099982e+01 -2.95244113e+01
 1.34099982e+01 -2.95244113e+01
 1.34099982e+01 -2.95244113e+01
 1.34099982e+01 -2.95244113e+01
 1.34099982e+01 -2.95244113e+01
 1.34099982e+01 -2.95244113e+01
 1.34099982e+01 -2.95244113e+01
 1.34099982e+01 -2.95244113e+01
