 0.00000000e+00 0.00000000e+00
 0.00000000e+00 0.00000000e+00
 0.00000000e+00 0.00000000e+00
 0.00000000e+00 0.00000000e+00
 1.63538222e-01 2.45233572e-01
 3.33754781e-01 5.32618168e-01
 4.68716633e-01 8.20111386e-01
 5.32426839e-01 1.06615663e+00
 5.07148512e-01 1.23957655e+00
 3.95392868e-01 1.31999992e+00
 2.12705311e-01 1.29387352e+00
 -2.32582101e-02 1.15110321e+00
 -3.00767901e-01 8.83392649e-01
 -6.15837182e-01 4.83578434e-01
 -9.69647014e-01 -5.42255844e-02
 -1.36543919e+00 -7.33672824e-01
 -1.80700017e+00 -1.55517025e+00
 -2.29866291e+00 -2.51592867e+00
 -2.84590251e+00 -3.61138460e+00
 -3.45554521e+00 -4.83711036e+00
 -4.13496599e+00 -6.18998624e+00
 -4.89042072e+00 -7.66803344e+00
 -5.72525677e+00 -9.26913013e+00
 -6.63870663e+00 -1.09893547e+01
 -7.62560741e+00 -1.28217676e+01
 -8.67700180e+00 -1.47559900e+01
 -9.78124640e+00 -1.67784393e+01
 -1.09252871e+01 -1.88731449e+01
 -1.20962210e+01 -2.10233510e+01
 -1.32835085e+01 -2.32138522e+01
 -1.44815117e+01 -2.54331945e+01
 -1.56907085e+01 -2.76741421e+01
 -1.69155213e+01 -2.99310046e+01
 -1.81585452e+01 -3.21941757e+01
 -1.94139723e+01 -3.44447121e+01
 -2.06642906e+01 -3.66525730e+01
 -2.18822677e+01 -3.87799264e+01
 -2.30364024e+01 -4.07874042e+01
 -2.40960523e+01 -4.26396646e+01
 -2.50342569e+01 -4.43084539e+01
 -2.58295648e+01 -4.57742224e+01
 -2.64689711e+01 -4.70279289e+01
 -2.69518297e+01 -4.80727071e+01
 -2.72920796e+01 -4.89233832e+01
 -2.75157697e+01 -4.96026234e+01
 -2.76533111e+01 -5.01349935e+01
 -2.77298646e+01 -5.05418360e+01
 -2.77591218e+01 -5.08388670e+01
 -2.77429610e+01 -5.10358237e+01
 -2.76750131e+01 -5.11362136e+01
 -2.75446405e+01 -5.11365339e+01
 -2.73393063e+01 -5.10263156e+01
 -2.70453677e+01 -5.07901627e+01
 -2.66485774e+01 -5.04109197e+01
 -2.61353223e+01 -4.98724402e+01
 -2.54943129e+01 -4.91619587e+01
 -2.47178456e+01 -4.82728219e+01
 -2.38024860e+01 -4.72071818e+01
 -2.27497048e+01 -4.59775428e+01
 -2.15667234e+01 -4.46068888e+01
 -2.02672831e+01 -4.31278254e+01
 -1.88720199e+01 -4.15807985e+01
 -1.74085337e+01 -4.00111617e+01
 -1.59113258e+01 -3.84655145e+01
 -1.44211850e+01 -3.69883776e+01
 -1.29830886e+01 -3.56198554e+01
 -1.16421586e+01 -3.43939684e+01
 -1.04383497e+01 -3.33371107e+01
 -9.40136388e+00 -3.24668129e+01
 -8.54743011e+00 -3.17916742e+01
 -7.87906279e+00 -3.13129962e+01
 -7.38770192e+00 -3.10274526e+01
 -7.05794987e+00 -3.09293393e+01
 -6.87188061e+00 -3.10115523e+01
 -6.81233718e+00 -3.12657767e+01
 -6.86458230e+00 -3.16828215e+01
 -7.01652785e+00 -3.22531685e+01
 -7.25876084e+00 -3.29669322e+01
 -7.58496044e+00 -3.38128813e+01
 -7.99159342e+00 -3.47773395e+01
 -8.47590157e+00 -3.58439795e+01
 -9.03310270e+00 -3.69944949e+01
 -9.65448823e+00 -3.82093290e+01
 -1.03270096e+01 -3.94679032e+01
 -1.10338080e+01 -4.07484654e+01
 -1.17550903e+01 -4.20279777e+01
 -1.24692680e+01 -4.32822918e+01
 -1.31543442e+01 -4.44866067e+01
 -1.37891520e+01 -4.56163252e+01
 -1.43542500e+01 -4.66487784e+01
 -1.48330383e+01 -4.75659636e+01
 -1.52137520e+01 -4.83573315e+01
 -1.54920053e+01 -4.90211675e+01
 -1.56722240e+01 -4.95640615e+01
 -1.57658641e+01 -4.99991759e+01
 -1.57862182e+01 -5.03441615e+01
 -1.57430378e+01 -5.06189474e+01
 -1.56407681e+01 -5.08432431e+01
 -1.54801744e+01 -5.10337518e+01
 -1.52596463e+01 -5.12014967e+01
 -1.49740252e+01 -5.13497883e+01
 -1.46123724e+01 -5.14730281e+01
 -1.41568672e+01 -5.15563261e+01
 -1.35835606e+01 -5.15762553e+01
 -1.28649389e+01 -5.15033179e+01
 -1.19742412e+01 -5.13061114e+01
 -1.08910146e+01 -5.09563311e+01
 -9.60676885e+00 -5.04336320e+01
 -8.12964714e+00 -4.97299043e+01
 -6.48726336e+00 -4.88527971e+01
 -4.72628602e+00 -4.78276867e+01
 -2.90650420e+00 -4.66961654e+01
 -1.08835636e+00 -4.55091734e+01
 6.82582879e-01 -4.43153636e+01
 2.38620928e+00 -4.31490970e+01
 4.02707663e+00 -4.20242687e+01
 5.62356818e+00 -4.09371863e+01
 7.19529792e+00 -3.98756027e+01
 8.75597666e+00 -3.88274285e+01
 1.03126935e+01 -3.77848260e+01
 1.18682684e+01 -3.67440599e+01
 1.34235789e+01 -3.57037739e+01
 1.49788404e+01 -3.46635873e+01
 1.65340946e+01 -3.36234169e+01
 1.80893477e+01 -3.25832487e+01
 1.96445987e+01 -3.15430821e+01
 2.11998291e+01 -3.05029293e+01
 2.27549039e+01 -2.94628805e+01
 2.43090526e+01 -2.84234511e+01
 2.58588768e+01 -2.73869141e+01
 2.73928244e+01 -2.63609953e+01
 2.88808855e+01 -2.53657660e+01
 3.02643844e+01 -2.44404688e+01
 3.14597807e+01 -2.36409765e+01
 3.23877490e+01 -2.30203425e+01
 3.23877490e+01 -2.30203425e+01
 3.23877490e+01 -2.30203425e+01
 3.23877490e+01 -2.30203425e+01
 3.23877490e+01 -2.30203425e+01
 3.23877490e+01 -2.30203425e+01
 3.23877490e+01 -2.30203425e+01
 3.23877490e+01 -2.30203425e+01
 3.23877490e+01 -2.30203425e+01
 3.23877490e+01 -2.30203425e+01
 3.23877490e+01 -2.30203425e+01
 3.23877490e+01 -2.30203425e+01
 3.23877490e+01 -2.30203425e+01
 3.23877490e+01 -2.30203425e+01
 3.23877490e+01 -2.30203425e+01
 3.23877490e+01 -2.30203425e+01
 3.23877490e+01 -2.30203425e+01
 3.23877490e+01 -2.30203425e+01
 3.23877490e+01 -2.30203425e+01
 3.23877490e+01 -2.30203425e+01
 3.23877490e+01 -2.30203425e+01
 3.23877490e+01 -2.30203425e+01
 3.23877490e+01 -2.30203425e+01
 3.23877490e+01 -2.30203425e+01
 3.23877490e+01 -2.30203425e+01
 3.23877490e+01 -2.30203425e+01
 3.23877490e+01 -2.30203425e+01
 3.23877490e+01 -2.30203425e+01
