 0.00000000e+00 0.00000000e+00
 0.00000000e+00 0.00000000e+00
 0.00000000e+00 0.00000000e+00
 0.00000000e+00 0.00000000e+00
 0.00000000e+00 0.00000000e+00
 0.00000000e+00 0.00000000e+00
 0.00000000e+00 0.00000000e+00
 -1.22377465e-01 -1.09399335e-01
 -3.03826736e-01 -3.07334872e-01
 -5.53636525e-01 -6.27945753e-01
 -8.80734686e-01 -1.10278078e+00
 -1.29435722e+00 -1.75794589e+00
 -1.80323439e+00 -2.61275099e+00
 -2.41395686e+00 -3.67853927e+00
 -3.12949603e+00 -4.95704331e+00
 -3.94851723e+00 -6.43904429e+00
 -4.86574423e+00 -8.10510538e+00
 -5.87352678e+00 -9.92967052e+00
 -6.96462333e+00 -1.18876835e+01
 -8.13540603e+00 -1.39606919e+01
 -9.38765662e+00 -1.61392928e+01
 -1.07273181e+01 -1.84210268e+01
 -1.21605318e+01 -2.08056335e+01
 -1.36894043e+01 -2.32906990e+01
 -1.53098930e+01 -2.58692857e+01
 -1.70118615e+01 -2.85286738e+01
 -1.87793899e+01 -3.12486622e+01
 -2.05899962e+01 -3.39997038e+01
 -2.24137120e+01 -3.67429389e+01
 -2.42140919e+01 -3.94333497e+01
 -2.59516177e+01 -4.20246130e+01
 -2.75875843e+01 -4.44730629e+01
 -2.90866243e+01 -4.67398371e+01
 -3.04181080e+01 -4.87924288e+01
 -3.15575004e+01 -5.06068403e+01
 -3.24878002e+01 -5.21698053e+01
 -3.32005752e+01 -5.34795702e+01
 -3.36965394e+01 -5.45446160e+01
 -3.39858112e+01 -5.53812328e+01
 -3.40874597e+01 -5.60112321e+01
 -3.40276397e+01 -5.64600626e+01
 -3.38362415e+01 -5.67545761e+01
 -3.35428869e+01 -5.69197749e+01
 -3.31734096e+01 -5.69749255e+01
 -3.27475931e+01 -5.69305974e+01
 -3.22782913e+01 -5.67883289e+01
 -3.17716375e+01 -5.65431613e+01
 -3.12280072e+01 -5.61874086e+01
 -3.06433633e+01 -5.57136852e+01
 -3.00105894e+01 -5.51165244e+01
 -2.93208423e+01 -5.43932926e+01
 -2.85654257e+01 -5.35453416e+01
 -2.77383060e+01 -5.25795991e+01
 -2.68385175e+01 -5.15099512e+01
 -2.58714929e+01 -5.03575453e+01
 -2.48490423e+01 -4.91496735e+01
 -2.37885074e+01 -4.79177380e+01
 -2.27118035e+01 -4.66951794e+01
 -2.16445153e+01 -4.55157554e+01
 -2.06145572e+01 -4.44117711e+01
 -1.96499286e+01 -4.34117723e+01
 -1.87757415e+01 -4.25378787e+01
 -1.80112419e+01 -4.18037142e+01
 -1.73676520e+01 -4.12141504e+01
 -1.68474676e+01 -4.07673746e+01
 -1.64454842e+01 -4.04583978e+01
 -1.61513289e+01 -4.02823812e+01
 -1.59526754e+01 -4.02366963e+01
 -1.58379989e+01 -4.03214003e+01
 -1.57981873e+01 -4.05383001e+01
 -1.58271681e+01 -4.08894710e+01
 -1.59220096e+01 -4.13762192e+01
 -1.60826154e+01 -4.19983598e+01
 -1.63107699e+01 -4.27531555e+01
 -1.66084409e+01 -4.36343212e+01
 -1.69758016e+01 -4.46321673e+01
 -1.74096931e+01 -4.57348860e+01
 -1.79028037e+01 -4.69296586e+01
 -1.84432024e+01 -4.82022030e+01
 -1.90136094e+01 -4.95344172e+01
 -1.95902551e+01 -5.09012115e+01
 -2.01424023e+01 -5.22687323e+01
 -2.06341077e+01 -5.35958065e+01
 -2.10281879e+01 -5.48381858e+01
 -2.12902553e+01 -5.59530213e+01
 -2.13909462e+01 -5.69013742e+01
 -2.13067567e+01 -5.76490511e+01
 -2.10211987e+01 -5.81677686e+01
 -2.05268562e+01 -5.84377810e+01
 -1.98270292e+01 -5.84508384e+01
 -1.89352820e+01 -5.82113036e+01
 -1.78726541e+01 -5.77345674e+01
 -1.66641145e+01 -5.70439831e+01
 -1.53364136e+01 -5.61681872e+01
 -1.39182467e+01 -5.51396470e+01
 -1.24416667e+01 -5.39939296e+01
 -1.09424914e+01 -5.27685947e+01
 -9.45777131e+00 -5.15009153e+01
 -8.02010208e+00 -5.02245687e+01
 -6.65077521e+00 -4.89663338e+01
 -5.35518518e+00 -4.77437958e+01
 -4.12352095e+00 -4.65643719e+01
 -2.93705003e+00 -4.54258866e+01
 -1.77653441e+00 -4.43192593e+01
 -6.28004145e-01 -4.32329641e+01
 5.16135642e-01 -4.21572185e+01
 1.65902117e+00 -4.10858822e+01
 2.80163412e+00 -4.00160194e+01
 3.94420403e+00 -3.89465478e+01
 5.08676955e+00 -3.78771585e+01
 6.22933492e+00 -3.68077829e+01
 7.37190020e+00 -3.57384091e+01
 8.51446393e+00 -3.46690370e+01
 9.65701260e+00 -3.35996791e+01
 1.07994469e+01 -3.25304281e+01
 1.19412010e+01 -3.14618138e+01
 1.30797779e+01 -3.03961731e+01
 1.42066912e+01 -2.93414489e+01
 1.52998940e+01 -2.83182758e+01
 1.63162802e+01 -2.73669983e+01
 1.71944771e+01 -2.65450580e+01
 1.78762082e+01 -2.59069980e+01
 1.78762082e+01 -2.59069980e+01
 1.78762082e+01 -2.59069980e+01
 1.78762082e+01 -2.59069980e+01
 1.78762082e+01 -2.59069980e+01
 1.78762082e+01 -2.59069980e+01
 1.78762082e+01 -2.59069980e+01
 1.78762082e+01 -2.59069980e+01
 1.78762082e+01 -2.59069980e+01
 1.78762082e+01 -2.59069980e+01
 1.78762082e+01 -2.59069980e+01
 1.78762082e+01 -2.59069980e+01
 1.78762082e+01 -2.59069980e+01
 1.78762082e+01 -2.59069980e+01
 1.78762082e+01 -2.59069980e+01
 1.78762082e+01 -2.59069980e+01
 1.78762082e+01 -2.59069980e+01
 1.78762082e+01 -2.59069980e+01
 1.78762082e+01 -2.59069980e+01
 1.78762082e+01 -2.59069980e+01
 1.78762082e+01 -2.59069980e+01
 1.78762082e+01 -2.59069980e+01
 1.78762082e+01 -2.59069980e+01
 1.78762082e+01 -2.59069980e+01
 1.78762082e+01 -2.59069980e+01
 1.78762082e+01 -2.59069980e+01
 1.78762082e+01 -2.59069980e+01
 1.78762082e+01 -2.59069980e+01
 1.78762082e+01 -2.59069980e+01
 1.78762082e+01 -2.59069980e+01
 1.78762082e+01 -2.59069980e+01
 1.78762082e+01 -2.59069980e+01
 1.78762082e+01 -2.59069980e+01
 1.78762082e+01 -2.59069980e+01
 1.78762082e+01 -2.59069980e+01
 1.78762082e+01 -2.59069980e+01
 1.78762082e+01 -2.59069980e+01
 1.78762082e+01 -2.59069980e+01
 1.78762082e+01 -2.59069980e+01
 1.78762082e+01 -2.59069980e+01
 1.78762082e+01 -2.59069980e+01
