 0.00000000e+00 0.00000000e+00
 0.00000000e+00 0.00000000e+00
 0.00000000e+00 0.00000000e+00
 0.00000000e+00 0.00000000e+00
 3.62262250e-03 7.78172015e-02
 1.18775084e-02 1.70700796e-01
 2.67274386e-02 2.67133024e-01
 4.78373950e-02 3.55671459e-01
 7.15536298e-02 4.27845713e-01
 9.25288746e-02 4.78674164e-01
 1.06690985e-01 5.05120812e-01
 1.12176439e-01 5.02337103e-01
 1.06747451e-01 4.58358465e-01
 8.36668909e-02 3.50207862e-01
 2.92957408e-02 1.44662298e-01
 -7.56883970e-02 -1.96229256e-01
 -2.52249788e-01 -7.08327819e-01
 -5.18951254e-01 -1.42092606e+00
 -8.90078243e-01 -2.35529756e+00
 -1.37569827e+00 -3.52433219e+00
 -1.98227849e+00 -4.93153321e+00
 -2.71308218e+00 -6.56981598e+00
 -3.56821221e+00 -8.42175499e+00
 -4.54442807e+00 -1.04617418e+01
 -5.63504600e+00 -1.26586250e+01
 -6.82999806e+00 -1.49772296e+01
 -8.11564275e+00 -1.73786063e+01
 -9.47402514e+00 -1.98199329e+01
 -1.08819316e+01 -2.22548873e+01
 -1.23104517e+01 -2.46349561e+01
 -1.37256223e+01 -2.69119402e+01
 -1.50904148e+01 -2.90414270e+01
 -1.63679279e+01 -3.09863750e+01
 -1.75252377e+01 -3.27198421e+01
 -1.85371604e+01 -3.42262975e+01
 -1.93891044e+01 -3.55014705e+01
 -2.00781068e+01 -3.65510837e+01
 -2.06115644e+01 -3.73889613e+01
 -2.10043089e+01 -3.80348387e+01
 -2.12755994e+01 -3.85120514e+01
 -2.14469808e+01 -3.88452879e+01
 -2.15401745e+01 -3.90584005e+01
 -2.15737305e+01 -3.91719483e+01
 -2.15594333e+01 -3.92005220e+01
 -2.15013749e+01 -3.91509374e+01
 -2.13985531e+01 -3.90225093e+01
 -2.12481593e+01 -3.88092064e+01
 -2.10466723e+01 -3.85023398e+01
 -2.07891713e+01 -3.80928510e+01
 -2.04689532e+01 -3.75731592e+01
 -2.00781057e+01 -3.69387825e+01
 -1.96081862e+01 -3.61897731e+01
 -1.90505857e+01 -3.53317206e+01
 -1.83973077e+01 -3.43759676e+01
 -1.76429021e+01 -3.33390769e+01
 -1.67871471e+01 -3.22420959e+01
 -1.58371791e+01 -3.11100071e+01
 -1.48081224e+01 -2.99711182e+01
 -1.37223523e+01 -2.88559459e+01
 -1.26081023e+01 -2.77954841e+01
 -1.14976728e+01 -2.68190430e+01
 -1.04247437e+01 -2.59519889e+01
 -9.42044548e+00 -2.52138642e+01
 -8.50912630e+00 -2.46173693e+01
 -7.70579045e+00 -2.41683555e+01
 -7.01647845e+00 -2.38665839e+01
 -6.44091339e+00 -2.37069891e+01
 -5.97552157e+00 -2.36814272e+01
 -5.61536750e+00 -2.37808120e+01
 -5.35469916e+00 -2.39970778e+01
 -5.18686498e+00 -2.43241842e+01
 -5.10511254e+00 -2.47577903e+01
 -5.10496926e+00 -2.52939591e+01
 -5.18616339e+00 -2.59276840e+01
 -5.35097984e+00 -2.66518788e+01
 -5.59931590e+00 -2.74569273e+01
 -5.92436938e+00 -2.83303904e+01
 -6.31184942e+00 -2.92565295e+01
 -6.74194197e+00 -3.02158194e+01
 -7.19176169e+00 -3.11849690e+01
 -7.63713889e+00 -3.21378484e+01
 -8.05401729e+00 -3.30473546e+01
 -8.42012045e+00 -3.38878105e+01
 -8.71679371e+00 -3.46371966e+01
 -8.92995188e+00 -3.52786433e+01
 -9.04934011e+00 -3.58009431e+01
 -9.06696315e+00 -3.61980204e+01
 -8.97650067e+00 -3.64675651e+01
 -8.77412449e+00 -3.66095077e+01
 -8.45904547e+00 -3.66250543e+01
 -8.03262955e+00 -3.65164588e+01
 -7.49745626e+00 -3.62873450e+01
 -6.85804655e+00 -3.59434468e+01
 -6.12244744e+00 -3.54935455e+01
 -5.30245678e+00 -3.49501161e+01
 -4.41195922e+00 -3.43293245e+01
 -3.46497266e+00 -3.36504546e+01
 -2.47491060e+00 -3.29349257e+01
 -1.45489511e+00 -3.22047892e+01
 -4.18038206e-01 -3.14806555e+01
 6.22706236e-01 -3.07796098e+01
 1.65463939e+00 -3.01140686e+01
 2.66524728e+00 -2.94919031e+01
 3.64282186e+00 -2.89169240e+01
 4.57853385e+00 -2.83885504e+01
 5.46923799e+00 -2.79009482e+01
 6.31892612e+00 -2.74435201e+01
 7.13721089e+00 -2.70039056e+01
 7.93548635e+00 -2.65719418e+01
 8.72323870e+00 -2.61417960e+01
 9.50645384e+00 -2.57113625e+01
 1.02880739e+01 -2.52804130e+01
 1.10692389e+01 -2.48491900e+01
 1.18502989e+01 -2.44178738e+01
 1.26313395e+01 -2.39865346e+01
 1.34123771e+01 -2.35551913e+01
 1.41934143e+01 -2.31238474e+01
 1.49744504e+01 -2.26925041e+01
 1.57554762e+01 -2.22611664e+01
 1.65364239e+01 -2.18298719e+01
 1.73169065e+01 -2.13988342e+01
 1.80952173e+01 -2.09689959e+01
 1.88655550e+01 -2.05435610e+01
 1.96128488e+01 -2.01308525e+01
 2.03076323e+01 -1.97471439e+01
 2.09079519e+01 -1.94156050e+01
 2.13739711e+01 -1.91582362e+01
 2.13739711e+01 -1.91582362e+01
 2.13739711e+01 -1.91582362e+01
 2.13739711e+01 -1.91582362e+01
 2.13739711e+01 -1.91582362e+01
 2.13739711e+01 -1.91582362e+01
 2.13739711e+01 -1.91582362e+01
 2.13739711e+01 -1.91582362e+01
 2.13739711e+01 -1.91582362e+01
 2.13739711e+01 -1.91582362e+01
 2.13739711e+01 -1.91582362e+01
 2.13739711e+01 -1.91582362e+01
 2.13739711e+01 -1.91582362e+01
 2.13739711e+01 -1.91582362e+01
 2.13739711e+01 -1.91582362e+01
 2.13739711e+01 -1.91582362e+01
 2.13739711e+01 -1.91582362e+01
 2.13739711e+01 -1.91582362e+01
 2.13739711e+01 -1.91582362e+01
 2.13739711e+01 -1.91582362e+01
 2.13739711e+01 -1.91582362e+01
 2.13739711e+01 -1.91582362e+01
 2.13739711e+01 -1.91582362e+01
 2.13739711e+01 -1.91582362e+01
 2.13739711e+01 -1.91582362e+01
 2.13739711e+01 -1.91582362e+01
 2.13739711e+01 -1.91582362e+01
 2.13739711e+01 -1.91582362e+01
 2.13739711e+01 -1.91582362e+01
 2.13739711e+01 -1.91582362e+01
 2.13739711e+01 -1.91582362e+01
 2.13739711e+01 -1.91582362e+01
 2.13739711e+01 -1.91582362e+01
 2.13739711e+01 -1.91582362e+01
 2.13739711e+01 -1.91582362e+01
 2.13739711e+01 -1.91582362e+01
