 0.00000000e+00 0.00000000e+00
 0.00000000e+00 0.00000000e+00
 0.00000000e+00 0.00000000e+00
 0.00000000e+00 0.00000000e+00
 6.00967398e-03 -6.76169801e-03
 -1.04244311e-02 -4.52440891e-02
 -6.26356231e-02 -1.40113326e-01
 -1.58261072e-01 -3.17222247e-01
 -2.99022897e-01 -5.99857528e-01
 -4.84169292e-01 -1.00739681e+00
 -7.13446623e-01 -1.55584313e+00
 -9.87316838e-01 -2.25828092e+00
 -1.30577218e+00 -3.12409711e+00
 -1.66787205e+00 -4.15770522e+00
 -2.07228784e+00 -5.35826207e+00
 -2.51796323e+00 -6.72081022e+00
 -3.00441033e+00 -8.23782457e+00
 -3.53160806e+00 -9.89989822e+00
 -4.09939295e+00 -1.16952971e+01
 -4.70647164e+00 -1.36090977e+01
 -5.34977040e+00 -1.56227719e+01
 -6.02493996e+00 -1.77146798e+01
 -6.72821108e+00 -1.98615278e+01
 -7.45892512e+00 -2.20405583e+01
 -8.22154869e+00 -2.42319165e+01
 -9.02608809e+00 -2.64202608e+01
 -9.88624460e+00 -2.85947132e+01
 -1.08152303e+01 -3.07470633e+01
 -1.18202586e+01 -3.28691024e+01
 -1.28979997e+01 -3.49503080e+01
 -1.40332930e+01 -3.69768199e+01
 -1.52015125e+01 -3.89319392e+01
 -1.63726992e+01 -4.07974520e+01
 -1.75151246e+01 -4.25547481e+01
 -1.85976241e+01 -4.41854102e+01
 -1.95917296e+01 -4.56717674e+01
 -2.04745108e+01 -4.69980139e+01
 -2.12316477e+01 -4.81521168e+01
 -2.18591850e+01 -4.91280736e+01
 -2.23625206e+01 -4.99272029e+01
 -2.27526082e+01 -5.05571786e+01
 -2.30411590e+01 -5.10291037e+01
 -2.32370463e+01 -5.13544511e+01
 -2.33448969e+01 -5.15432326e+01
 -2.33655876e+01 -5.16031051e+01
 -2.32978054e+01 -5.15385697e+01
 -2.31392893e+01 -5.13501832e+01
 -2.28862227e+01 -5.10341779e+01
 -2.25308199e+01 -5.05828047e+01
 -2.20594085e+01 -4.99858069e+01
 -2.14533558e+01 -4.92332032e+01
 -2.06928807e+01 -4.83186641e+01
 -1.97618760e+01 -4.72423410e+01
 -1.86518528e+01 -4.60126320e+01
 -1.73642459e+01 -4.46471031e+01
 -1.59114149e+01 -4.31727480e+01
 -1.43169659e+01 -4.16253173e+01
 -1.26154522e+01 -4.00474122e+01
 -1.08509791e+01 -3.84854855e+01
 -9.07440013e+00 -3.69862408e+01
 -7.33928547e+00 -3.55928943e+01
 -5.69715309e+00 -3.43415756e+01
 -4.19256868e+00 -3.32580933e+01
 -2.85887715e+00 -3.23556149e+01
 -1.71551664e+00 -3.16341715e+01
 -7.67700495e-01 -3.10825690e+01
 -8.44890638e-03 -3.06822361e+01
 5.77989161e-01 -3.04117653e+01
 1.01248612e+00 -3.02513114e+01
 1.31763490e+00 -3.01868671e+01
 1.51438336e+00 -3.02138583e+01
 1.61876965e+00 -3.03378419e+01
 1.63981077e+00 -3.05709363e+01
 1.57980954e+00 -3.09263387e+01
 1.43696852e+00 -3.14145793e+01
 1.20853823e+00 -3.20419897e+01
 8.92842590e-01 -3.28092970e+01
 4.90273870e-01 -3.37096053e+01
 4.37029963e-03 -3.47272201e+01
 -5.56736087e-01 -3.58386203e+01
 -1.17939133e+00 -3.70151628e+01
 -1.84483970e+00 -3.82260576e+01
 -2.53082978e+00 -3.94405133e+01
 -3.21367354e+00 -4.06289519e+01
 -3.87029654e+00 -4.17638654e+01
 -4.48008927e+00 -4.28209000e+01
 -5.02622438e+00 -4.37802432e+01
 -5.49618629e+00 -4.46278794e+01
 -5.88176189e+00 -4.53562724e+01
 -6.17888751e+00 -4.59642784e+01
 -6.38721163e+00 -4.64561871e+01
 -6.50873544e+00 -4.68399625e+01
 -6.54524381e+00 -4.71250611e+01
 -6.49528154e+00 -4.73201589e+01
 -6.35191969e+00 -4.74307011e+01
 -6.10176314e+00 -4.74561542e+01
 -5.72484712e+00 -4.73877882e+01
 -5.19550967e+00 -4.72088876e+01
 -4.48477364e+00 -4.68984420e+01
 -3.56395042e+00 -4.64366793e+01
 -2.40859337e+00 -4.58095574e+01
 -1.00293001e+00 -4.50113076e+01
 6.54351605e-01 -4.40465817e+01
 2.54364964e+00 -4.29333736e+01
 4.62056355e+00 -4.17050983e+01
 6.81851686e+00 -4.04083700e+01
 9.05982383e+00 -3.90945888e+01
 1.12732815e+01 -3.78075155e+01
 1.34118145e+01 -3.65725039e+01
 1.54612343e+01 -3.53932043e+01
 1.74349731e+01 -3.42574221e+01
 1.93589548e+01 -3.31477943e+01
 2.12570442e+01 -3.20503276e+01
 2.31444088e+01 -3.09571692e+01
 2.50282377e+01 -2.98651295e+01
 2.69111407e+01 -2.87732820e+01
 2.87938517e+01 -2.76814476e+01
 3.06765312e+01 -2.65896098e+01
 3.25592066e+01 -2.54977706e+01
 3.44418814e+01 -2.44059313e+01
 3.63245535e+01 -2.33140934e+01
 3.82072009e+01 -2.22222699e+01
 4.00896598e+01 -2.11305557e+01
 4.19709978e+01 -2.00394915e+01
 4.38471007e+01 -1.89514634e+01
 4.57039847e+01 -1.78745812e+01
 4.75053218e+01 -1.68299128e+01
 4.91800837e+01 -1.58586505e+01
 5.06271423e+01 -1.50194426e+01
 5.17504724e+01 -1.43679779e+01
 5.17504724e+01 -1.43679779e+01
 5.17504724e+01 -1.43679779e+01
 5.17504724e+01 -1.43679779e+01
 5.17504724e+01 -1.43679779e+01
 5.17504724e+01 -1.43679779e+01
 5.17504724e+01 -1.43679779e+01
 5.17504724e+01 -1.43679779e+01
 5.17504724e+01 -1.43679779e+01
 5.17504724e+01 -1.43679779e+01
 5.17504724e+01 -1.43679779e+01
 5.17504724e+01 -1.43679779e+01
 5.17504724e+01 -1.43679779e+01
 5.17504724e+01 -1.43679779e+01
 5.17504724e+01 -1.43679779e+01
 5.17504724e+01 -1.43679779e+01
 5.17504724e+01 -1.43679779e+01
 5.17504724e+01 -1.43679779e+01
 5.17504724e+01 -1.43679779e+01
 5.17504724e+01 -1.43679779e+01
 5.17504724e+01 -1.43679779e+01
 5.17504724e+01 -1.43679779e+01
 5.17504724e+01 -1.43679779e+01
 5.17504724e+01 -1.43679779e+01
 5.17504724e+01 -1.43679779e+01
 5.17504724e+01 -1.43679779e+01
 5.17504724e+01 -1.43679779e+01
 5.17504724e+01 -1.43679779e+01
 5.17504724e+01 -1.43679779e+01
 5.17504724e+01 -1.43679779e+01
 5.17504724e+01 -1.43679779e+01
 5.17504724e+01 -1.43679779e+01
 5.17504724e+01 -1.43679779e+01
