 0.00000000e+00 0.00000000e+00
 0.00000000e+00 0.00000000e+00
 0.00000000e+00 0.00000000e+00
 0.00000000e+00 0.00000000e+00
 0.00000000e+00 0.00000000e+00
 0.00000000e+00 0.00000000e+00
 0.00000000e+00 0.00000000e+00
 0.00000000e+00 0.00000000e+00
 0.00000000e+00 0.00000000e+00
 1.70570291e-02 2.36275677e-02
 1.97196219e-02 2.98995063e-02
 -8.27147646e-03 -6.80546556e-03
 -8.54130742e-02 -1.19301836e-01
 -2.31443491e-01 -3.45833526e-01
 -4.66619643e-01 -7.27891590e-01
 -8.11012651e-01 -1.30735478e+00
 -1.28379525e+00 -2.12333506e+00
 -1.90229046e+00 -3.20903898e+00
 -2.68073941e+00 -4.58863839e+00
 -3.62908281e+00 -6.27416375e+00
 -4.75186088e+00 -8.26270345e+00
 -6.04715507e+00 -1.05348278e+01
 -7.50581679e+00 -1.30556124e+01
 -9.11130147e+00 -1.57786267e+01
 -1.08398925e+01 -1.86511969e+01
 -1.26608932e+01 -2.16184253e+01
 -1.45369224e+01 -2.46249026e+01
 -1.64249536e+01 -2.76152069e+01
 -1.82785220e+01 -3.05350381e+01
 -2.00508080e+01 -3.33336172e+01
 -2.16978422e+01 -3.59662167e+01
 -2.31813197e+01 -3.83954159e+01
 -2.44710386e+01 -4.05911363e+01
 -2.55470699e+01 -4.25307606e+01
 -2.64013636e+01 -4.42001142e+01
 -2.70380641e+01 -4.55946405e+01
 -2.74718326e+01 -4.67195080e+01
 -2.77242770e+01 -4.75879805e+01
 -2.78198164e+01 -4.82183527e+01
 -2.77827951e+01 -4.86304155e+01
 -2.76363787e+01 -4.88425441e+01
 -2.74018074e+01 -4.88700619e+01
 -2.70966646e+01 -4.87247455e+01
 -2.67329616e+01 -4.84147990e+01
 -2.63166973e+01 -4.79448517e+01
 -2.58489486e+01 -4.73162921e+01
 -2.53272033e+01 -4.65286226e+01
 -2.47462582e+01 -4.55819508e+01
 -2.40991440e+01 -4.44798023e+01
 -2.33785771e+01 -4.32312367e+01
 -2.25787066e+01 -4.18518826e+01
 -2.16965516e+01 -4.03640856e+01
 -2.07328636e+01 -3.87963926e+01
 -1.96927120e+01 -3.71824510e+01
 -1.85861216e+01 -3.55594859e+01
 -1.74285100e+01 -3.39666123e+01
 -1.62403674e+01 -3.24430028e+01
 -1.50461988e+01 -3.10255897e+01
 -1.38732976e+01 -2.97462494e+01
 -1.27504160e+01 -2.86292518e+01
 -1.17056918e+01 -2.76901306e+01
 -1.07636647e+01 -2.69364146e+01
 -9.94241533e+00 -2.63695058e+01
 -9.25219118e+00 -2.59864657e+01
 -8.69593276e+00 -2.57809160e+01
 -8.27076775e+00 -2.57432175e+01
 -7.96902131e+00 -2.58606787e+01
 -7.77861007e+00 -2.61183034e+01
 -7.68466511e+00 -2.64999793e+01
 -7.67346359e+00 -2.69897132e+01
 -7.73621204e+00 -2.75725909e+01
 -7.86923419e+00 -2.82353403e+01
 -8.07087024e+00 -2.89665946e+01
 -8.33851708e+00 -2.97569680e+01
 -8.66772096e+00 -3.05988126e+01
 -9.05234714e+00 -3.14854148e+01
 -9.48442084e+00 -3.24096014e+01
 -9.95339050e+00 -3.33619284e+01
 -1.04453140e+01 -3.43288406e+01
 -1.09426532e+01 -3.52916343e+01
 -1.14251909e+01 -3.62270949e+01
 -1.18719733e+01 -3.71098536e+01
 -1.22636690e+01 -3.79156172e+01
 -1.25848971e+01 -3.86243009e+01
 -1.28263547e+01 -3.92224066e+01
 -1.29860687e+01 -3.97042181e+01
 -1.30683687e+01 -4.00716446e+01
 -1.30801758e+01 -4.03328544e+01
 -1.30267866e+01 -4.04998390e+01
 -1.29100092e+01 -4.05850442e+01
 -1.27287622e+01 -4.05979417e+01
 -1.24799350e+01 -4.05431713e+01
 -1.21583714e+01 -4.04210201e+01
 -1.17568027e+01 -4.02292087e+01
 -1.12667496e+01 -3.99645976e+01
 -1.06804238e+01 -3.96244770e+01
 -9.99277163e+00 -3.92076989e+01
 -9.20256311e+00 -3.87156882e+01
 -8.31223473e+00 -3.81530991e+01
 -7.32745460e+00 -3.75278592e+01
 -6.25781528e+00 -3.68507262e+01
 -5.11913114e+00 -3.61350473e+01
 -3.93576757e+00 -3.53970314e+01
 -2.73940387e+00 -3.46551491e+01
 -1.56157556e+00 -3.39267175e+01
 -4.22928165e-01 -3.32225580e+01
 6.72825182e-01 -3.25439620e+01
 1.73533763e+00 -3.18848546e+01
 2.77837117e+00 -3.12370669e+01
 3.81258217e+00 -3.05943773e+01
 4.84367835e+00 -2.99534805e+01
 5.87391453e+00 -2.93130772e+01
 6.90396483e+00 -2.86727803e+01
 7.93398366e+00 -2.80325014e+01
 8.96399821e+00 -2.73922249e+01
 9.99401093e+00 -2.67519496e+01
 1.10240100e+01 -2.61116828e+01
 1.20539060e+01 -2.54714800e+01
 1.30831888e+01 -2.48316584e+01
 1.41096074e+01 -2.41936172e+01
 1.51255113e+01 -2.35621122e+01
 1.61110255e+01 -2.29494980e+01
 1.70272901e+01 -2.23799307e+01
 1.78189780e+01 -2.18878025e+01
 1.84335535e+01 -2.15057708e+01
 1.84335535e+01 -2.15057708e+01
 1.84335535e+01 -2.15057708e+01
 1.84335535e+01 -2.15057708e+01
 1.84335535e+01 -2.15057708e+01
 1.84335535e+01 -2.15057708e+01
 1.84335535e+01 -2.15057708e+01
 1.84335535e+01 -2.15057708e+01
 1.84335535e+01 -2.15057708e+01
 1.84335535e+01 -2.15057708e+01
 1.84335535e+01 -2.15057708e+01
 1.84335535e+01 -2.15057708e+01
 1.84335535e+01 -2.15057708e+01
 1.84335535e+01 -2.15057708e+01
 1.84335535e+01 -2.15057708e+01
 1.84335535e+01 -2.15057708e+01
 1.84335535e+01 -2.15057708e+01
 1.84335535e+01 -2.15057708e+01
 1.84335535e+01 -2.15057708e+01
 1.84335535e+01 -2.15057708e+01
 1.84335535e+01 -2.15057708e+01
 1.84335535e+01 -2.15057708e+01
 1.84335535e+01 -2.15057708e+01
 1.84335535e+01 -2.15057708e+01
 1.84335535e+01 -2.15057708e+01
 1.84335535e+01 -2.15057708e+01
 1.84335535e+01 -2.15057708e+01
 1.84335535e+01 -2.15057708e+01
 1.84335535e+01 -2.15057708e+01
 1.84335535e+01 -2.15057708e+01
 1.84335535e+01 -2.15057708e+01
 1.84335535e+01 -2.15057708e+01
 1.84335535e+01 -2.15057708e+01
 1.84335535e+01 -2.15057708e+01
 1.84335535e+01 -2.15057708e+01
 1.84335535e+01 -2.15057708e+01
 1.84335535e+01 -2.15057708e+01
 1.84335535e+01 -2.15057708e+01
