 0.00000000e+00 0.00000000e+00
 0.00000000e+00 0.00000000e+00
 0.00000000e+00 0.00000000e+00
 0.00000000e+00 0.00000000e+00
 0.00000000e+00 0.00000000e+00
 0.00000000e+00 0.00000000e+00
 -3.90022019e-02 -1.27759078e-01
 -1.37280643e-01 -3.61488657e-01
 -3.19930935e-01 -7.42469671e-01
 -6.03351962e-01 -1.30698856e+00
 -9.94778443e-01 -2.08148739e+00
 -1.49569501e+00 -3.08059509e+00
 -2.10436515e+00 -4.30697564e+00
 -2.81601879e+00 -5.75215008e+00
 -3.62265452e+00 -7.39841398e+00
 -4.51438076e+00 -9.22216472e+00
 -5.48230255e+00 -1.11982519e+01
 -6.52157588e+00 -1.33042208e+01
 -7.63296109e+00 -1.55230822e+01
 -8.82180452e+00 -1.78435391e+01
 -1.00948512e+01 -2.02575109e+01
 -1.14567791e+01 -2.27561383e+01
 -1.29081880e+01 -2.53261875e+01
 -1.44449645e+01 -2.79480743e+01
 -1.60576144e+01 -3.05954582e+01
 -1.77297152e+01 -3.32358928e+01
 -1.94362684e+01 -3.58322578e+01
 -2.11437295e+01 -3.83448743e+01
 -2.28127209e+01 -4.07342137e+01
 -2.44024147e+01 -4.29639769e+01
 -2.58745520e+01 -4.50039690e+01
 -2.71961744e+01 -4.68320861e+01
 -2.83415981e+01 -4.84351236e+01
 -2.92942194e+01 -4.98086224e+01
 -3.00480340e+01 -5.09562187e+01
 -3.06082698e+01 -5.18888471e+01
 -3.09903123e+01 -5.26236952e+01
 -3.12165148e+01 -5.31825038e+01
 -3.13117191e+01 -5.35890483e+01
 -3.12992114e+01 -5.38660343e+01
 -3.11981181e+01 -5.40318518e+01
 -3.10216467e+01 -5.40978754e+01
 -3.07753383e+01 -5.40671625e+01
 -3.04560438e+01 -5.39349567e+01
 -3.00531396e+01 -5.36905866e+01
 -2.95519494e+01 -5.33201148e+01
 -2.89374596e+01 -5.28093673e+01
 -2.81966448e+01 -5.21469442e+01
 -2.73195376e+01 -5.13266697e+01
 -2.63002172e+01 -5.03492794e+01
 -2.51381692e+01 -4.92235080e+01
 -2.38393338e+01 -4.79665205e+01
 -2.24161529e+01 -4.66032968e+01
 -2.08867724e+01 -4.51648560e+01
 -1.92741055e+01 -4.36859654e+01
 -1.76054194e+01 -4.22033622e+01
 -1.59126187e+01 -4.07548604e+01
 -1.42325183e+01 -3.93785302e+01
 -1.26057523e+01 -3.81108578e+01
 -1.10735725e+01 -3.69838850e+01
 -9.67341110e+00 -3.60225643e+01
 -8.43506358e+00 -3.52436334e+01
 -7.37872092e+00 -3.46563227e+01
 -6.51477018e+00 -3.42640750e+01
 -5.84468880e+00 -3.40660619e+01
 -5.36266523e+00 -3.40579040e+01
 -5.05785944e+00 -3.42320299e+01
 -4.91689184e+00 -3.45784159e+01
 -4.92582563e+00 -3.50857135e+01
 -5.07135120e+00 -3.57419034e+01
 -5.34138321e+00 -3.65337618e+01
 -5.72483163e+00 -3.74455614e+01
 -6.21002335e+00 -3.84582304e+01
 -6.78242521e+00 -3.95496535e+01
 -7.42333891e+00 -4.06956502e+01
 -8.11030227e+00 -4.18708116e+01
 -8.81835064e+00 -4.30488958e+01
 -9.52105185e+00 -4.42030955e+01
 -1.01911636e+01 -4.53067613e+01
 -1.08015246e+01 -4.63348824e+01
 -1.13265915e+01 -4.72659728e+01
 -1.17442496e+01 -4.80835796e+01
 -1.20371041e+01 -4.87767708e+01
 -1.21927039e+01 -4.93394384e+01
 -1.22026626e+01 -4.97687954e+01
 -1.20612619e+01 -5.00637979e+01
 -1.17644617e+01 -5.02240049e+01
 -1.13097465e+01 -5.02487602e+01
 -1.06964330e+01 -5.01364665e+01
 -9.92597747e+00 -4.98843565e+01
 -9.00230780e+00 -4.94893382e+01
 -7.93248943e+00 -4.89497360e+01
 -6.72784278e+00 -4.82672157e+01
 -5.40508143e+00 -4.74483877e+01
 -3.98673100e+00 -4.65058627e+01
 -2.50052767e+00 -4.54587314e+01
 -9.77966107e-01 -4.43326991e+01
 5.48305917e-01 -4.31596012e+01
 2.04906925e+00 -4.19745313e+01
 3.50462374e+00 -4.08089003e+01
 4.90925307e+00 -3.96817441e+01
 6.27034694e+00 -3.85956265e+01
 7.60209701e+00 -3.75408604e+01
 8.91811613e+00 -3.65043137e+01
 1.02274259e+01 -3.54759787e+01
 1.15344642e+01 -3.44505344e+01
 1.28408938e+01 -3.34258870e+01
 1.41471946e+01 -3.24014116e+01
 1.54534740e+01 -3.13769653e+01
 1.67597505e+01 -3.03525230e+01
 1.80660249e+01 -2.93280824e+01
 1.93722820e+01 -2.83036554e+01
 2.06784084e+01 -2.72793310e+01
 2.19837571e+01 -2.62556165e+01
 2.32854734e+01 -2.52347506e+01
 2.45738549e+01 -2.42243426e+01
 2.58236956e+01 -2.32441599e+01
 2.69857134e+01 -2.23328521e+01
 2.79897414e+01 -2.15454471e+01
 2.87691534e+01 -2.09341963e+01
 2.87691534e+01 -2.09341963e+01
 2.87691534e+01 -2.09341963e+01
 2.87691534e+01 -2.09341963e+01
 2.87691534e+01 -2.09341963e+01
 2.87691534e+01 -2.09341963e+01
 2.87691534e+01 -2.09341963e+01
 2.87691534e+01 -2.09341963e+01
 2.87691534e+01 -2.09341963e+01
 2.87691534e+01 -2.09341963e+01
 2.87691534e+01 -2.09341963e+01
 2.87691534e+01 -2.09341963e+01
 2.87691534e+01 -2.09341963e+01
 2.87691534e+01 -2.09341963e+01
 2.87691534e+01 -2.09341963e+01
 2.87691534e+01 -2.09341963e+01
 2.87691534e+01 -2.09341963e+01
 2.87691534e+01 -2.09341963e+01
 2.87691534e+01 -2.09341963e+01
 2.87691534e+01 -2.09341963e+01
 2.87691534e+01 -2.09341963e+01
 2.87691534e+01 -2.09341963e+01
 2.87691534e+01 -2.09341963e+01
 2.87691534e+01 -2.09341963e+01
 2.87691534e+01 -2.09341963e+01
 2.87691534e+01 -2.09341963e+01
 2.87691534e+01 -2.09341963e+01
 2.87691534e+01 -2.09341963e+01
 2.87691534e+01 -2.09341963e+01
 2.87691534e+01 -2.09341963e+01
 2.87691534e+01 -2.09341963e+01
 2.87691534e+01 -2.09341963e+01
 2.87691534e+01 -2.09341963e+01
 2.87691534e+01 -2.09341963e+01
 2.87691534e+01 -2.09341963e+01
 2.87691534e+01 -2.09341963e+01
 2.87691534e+01 -2.09341963e+01
 2.87691534e+01 -2.09341963e+01
 2.87691534e+01 -2.09341963e+01
 2.87691534e+01 -2.09341963e+01
 2.87691534e+01 -2.09341963e+01
 2.87691534e+01 -2.09341963e+01
 2.87691534e+01 -2.09341963e+01
