 0.00000000e+00 0.00000000e+00
 0.00000000e+00 0.00000000e+00
 0.00000000e+00 0.00000000e+00
 0.00000000e+00 0.00000000e+00
 -1.62918470e-02 -2.87055308e-02
 -5.26419509e-02 -9.48002398e-02
 -1.21674962e-01 -2.25611136e-01
 -2.36152637e-01 -4.53691215e-01
 -4.06738121e-01 -8.12883332e-01
 -6.41572343e-01 -1.33510874e+00
 -9.46880964e-01 -2.04764539e+00
 -1.32707031e+00 -2.97007041e+00
 -1.78427362e+00 -4.11137794e+00
 -2.31852672e+00 -5.46858072e+00
 -2.92892626e+00 -7.02729060e+00
 -3.61466725e+00 -8.76370532e+00
 -4.37495264e+00 -1.06474163e+01
 -5.20822230e+00 -1.26450948e+01
 -6.11193034e+00 -1.47249864e+01
 -7.08338944e+00 -1.68610756e+01
 -8.12115829e+00 -1.90354103e+01
 -9.22607326e+00 -2.12381623e+01
 -1.04011293e+01 -2.34660063e+01
 -1.16497247e+01 -2.57191685e+01
 -1.29723809e+01 -2.79971394e+01
 -1.43628417e+01 -3.02937670e+01
 -1.58050567e+01 -3.25935088e+01
 -1.72724326e+01 -3.48704257e+01
 -1.87296286e+01 -3.70898469e+01
 -2.01358708e+01 -3.92112832e+01
 -2.14486601e+01 -4.11916700e+01
 -2.26279059e+01 -4.29893668e+01
 -2.36410720e+01 -4.45693776e+01
 -2.44685590e+01 -4.59088074e+01
 -2.51067380e+01 -4.70003357e+01
 -2.55663832e+01 -4.78518333e+01
 -2.58668679e+01 -4.84820286e+01
 -2.60289539e+01 -4.89139218e+01
 -2.60694572e+01 -4.91682943e+01
 -2.59995555e+01 -4.92595005e+01
 -2.58259036e+01 -4.91949532e+01
 -2.55519855e+01 -4.89775676e+01
 -2.51782291e+01 -4.86083159e+01
 -2.47019362e+01 -4.80869748e+01
 -2.41184709e+01 -4.74122220e+01
 -2.34233426e+01 -4.65830918e+01
 -2.26138111e+01 -4.56016411e+01
 -2.16893749e+01 -4.44749097e+01
 -2.06515550e+01 -4.32148965e+01
 -1.95038058e+01 -4.18371441e+01
 -1.82520781e+01 -4.03597039e+01
 -1.69057749e+01 -3.88037866e+01
 -1.54784996e+01 -3.71956484e+01
 -1.39885230e+01 -3.55678641e+01
 -1.24592517e+01 -3.39586271e+01
 -1.09194650e+01 -3.24094022e+01
 -9.40256726e+00 -3.09620774e+01
 -7.94437236e+00 -2.96561148e+01
 -6.57969275e+00 -2.85255512e+01
 -5.33870913e+00 -2.75961182e+01
 -4.24431201e+00 -2.68835334e+01
 -3.31111269e+00 -2.63938326e+01
 -2.54596403e+00 -2.61254532e+01
 -1.94927406e+00 -2.60719010e+01
 -1.51648415e+00 -2.62239070e+01
 -1.23956110e+00 -2.65705473e+01
 -1.10851767e+00 -2.70993833e+01
 -1.11264176e+00 -2.77959747e+01
 -1.24103937e+00 -2.86429290e+01
 -1.48253370e+00 -2.96186501e+01
 -1.82514976e+00 -3.06965847e+01
 -2.25523738e+00 -3.18459584e+01
 -2.75642502e+00 -3.30339580e+01
 -3.30899394e+00 -3.42282427e+01
 -3.89028922e+00 -3.53987955e+01
 -4.47623631e+00 -3.65189415e+01
 -5.04327136e+00 -3.75659137e+01
 -5.56980557e+00 -3.85214127e+01
 -6.03709348e+00 -3.93723543e+01
 -6.43011786e+00 -4.01116436e+01
 -6.73881288e+00 -4.07385715e+01
 -6.95907827e+00 -4.12584029e+01
 -7.09267975e+00 -4.16810402e+01
 -7.14562950e+00 -4.20191809e+01
 -7.12557187e+00 -4.22865261e+01
 -7.03916995e+00 -4.24960703e+01
 -6.88996115e+00 -4.26581015e+01
 -6.67644215e+00 -4.27779360e+01
 -6.39027456e+00 -4.28540143e+01
 -6.01505206e+00 -4.28769980e+01
 -5.52621825e+00 -4.28301531e+01
 -4.89259560e+00 -4.26911294e+01
 -4.07982042e+00 -4.24350745e+01
 -3.05549433e+00 -4.20384957e+01
 -1.79509432e+00 -4.14829145e+01
 -2.87312922e-01 -4.07578469e+01
 1.46211513e+00 -3.98633856e+01
 3.42843066e+00 -3.88124312e+01
 5.56783830e+00 -3.76315934e+01
 7.81974429e+00 -3.63595168e+01
 1.01115516e+01 -3.50425937e+01
 1.23661003e+01 -3.37293405e+01
 1.45118215e+01 -3.24644131e+01
 1.64955765e+01 -3.12819266e+01
 1.82959746e+01 -3.01982238e+01
 1.99302887e+01 -2.92074285e+01
 2.14467441e+01 -2.82849088e+01
 2.29026680e+01 -2.73992231e+01
 2.43417908e+01 -2.65253382e+01
 2.57851026e+01 -2.56505659e+01
 2.72364983e+01 -2.47719650e+01
 2.86931455e+01 -2.38906907e+01
 3.01520211e+01 -2.30082510e+01
 3.16115839e+01 -2.21254467e+01
 3.30713063e+01 -2.12425571e+01
 3.45310572e+01 -2.03596522e+01
 3.59908118e+01 -1.94767453e+01
 3.74505648e+01 -1.85938393e+01
 3.89102987e+01 -1.77109450e+01
 4.03698864e+01 -1.68281391e+01
 4.18286050e+01 -1.59458588e+01
 4.32832645e+01 -1.50660336e+01
 4.47230224e+01 -1.41952214e+01
 4.61197113e+01 -1.33504587e+01
 4.74182585e+01 -1.25650553e+01
 4.85402532e+01 -1.18864365e+01
 4.94112411e+01 -1.13596349e+01
 4.94112411e+01 -1.13596349e+01
 4.94112411e+01 -1.13596349e+01
 4.94112411e+01 -1.13596349e+01
 4.94112411e+01 -1.13596349e+01
 4.94112411e+01 -1.13596349e+01
 4.94112411e+01 -1.13596349e+01
 4.94112411e+01 -1.13596349e+01
 4.94112411e+01 -1.13596349e+01
 4.94112411e+01 -1.13596349e+01
 4.94112411e+01 -1.13596349e+01
 4.94112411e+01 -1.13596349e+01
 4.94112411e+01 -1.13596349e+01
 4.94112411e+01 -1.13596349e+01
 4.94112411e+01 -1.13596349e+01
 4.94112411e+01 -1.13596349e+01
 4.94112411e+01 -1.13596349e+01
 4.94112411e+01 -1.13596349e+01
 4.94112411e+01 -1.13596349e+01
 4.94112411e+01 -1.13596349e+01
 4.94112411e+01 -1.13596349e+01
 4.94112411e+01 -1.13596349e+01
 4.94112411e+01 -1.13596349e+01
 4.94112411e+01 -1.13596349e+01
 4.94112411e+01 -1.13596349e+01
 4.94112411e+01 -1.13596349e+01
 4.94112411e+01 -1.13596349e+01
 4.94112411e+01 -1.13596349e+01
 4.94112411e+01 -1.13596349e+01
 4.94112411e+01 -1.13596349e+01
 4.94112411e+01 -1.13596349e+01
 4.94112411e+01 -1.13596349e+01
 4.94112411e+01 -1.13596349e+01
 4.94112411e+01 -1.13596349e+01
 4.94112411e+01 -1.13596349e+01
 4.94112411e+01 -1.13596349e+01
