 0.00000000e+00 0.00000000e+00
 0.00000000e+00 0.00000000e+00
 0.00000000e+00 0.00000000e+00
 0.00000000e+00 0.00000000e+00
 0.00000000e+00 0.00000000e+00
 -3.02343668e-02 1.58864140e-01
 -8.19459095e-02 3.30943323e-01
 -1.59141176e-01 4.79347923e-01
 -2.63511134e-01 5.67605147e-01
 -3.96249970e-01 5.65059663e-01
 -5.60504995e-01 4.45100620e-01
 -7.63303298e-01 1.81949980e-01
 -1.01637719e+00 -2.49906989e-01
 -1.33568397e+00 -8.74228970e-01
 -1.73994167e+00 -1.71119498e+00
 -2.24879226e+00 -2.77557291e+00
 -2.88101848e+00 -4.07485201e+00
 -3.65308509e+00 -5.60807203e+00
 -4.57826717e+00 -7.36601273e+00
 -5.66634284e+00 -9.33247192e+00
 -6.92328217e+00 -1.14859789e+01
 -8.35030367e+00 -1.38016492e+01
 -9.94244745e+00 -1.62529649e+01
 -1.16875751e+01 -1.88129529e+01
 -1.35664945e+01 -2.14543514e+01
 -1.55539808e+01 -2.41489574e+01
 -1.76197813e+01 -2.68667023e+01
 -1.97287928e+01 -2.95748866e+01
 -2.18404817e+01 -3.22377899e+01
 -2.39087593e+01 -3.48168198e+01
 -2.58838125e+01 -3.72714917e+01
 -2.77161928e+01 -3.95615853e+01
 -2.93617208e+01 -4.16503942e+01
 -3.07851879e+01 -4.35083238e+01
 -3.19620481e+01 -4.51159356e+01
 -3.28790540e+01 -4.64657801e+01
 -3.35350654e+01 -4.75625217e+01
 -3.39415385e+01 -4.84211428e+01
 -3.41208495e+01 -4.90635995e+01
 -3.41018298e+01 -4.95147366e+01
 -3.39142520e+01 -4.97982585e+01
 -3.35844192e+01 -4.99332958e+01
 -3.31324629e+01 -4.99319643e+01
 -3.25709926e+01 -4.97983503e+01
 -3.19051413e+01 -4.95292461e+01
 -3.11340356e+01 -4.91164279e+01
 -3.02528072e+01 -4.85497068e+01
 -2.92540949e+01 -4.78199237e+01
 -2.81290055e+01 -4.69214739e+01
 -2.68683095e+01 -4.58543981e+01
 -2.54646446e+01 -4.46263231e+01
 -2.39160923e+01 -4.32543966e+01
 -2.22305820e+01 -4.17667714e+01
 -2.04294134e+01 -4.02026843e+01
 -1.85481395e+01 -3.86104836e+01
 -1.66345513e+01 -3.70438693e+01
 -1.47448693e+01 -3.55571536e+01
 -1.29390473e+01 -3.42002518e+01
 -1.12751062e+01 -3.30140080e+01
 -9.80240294e+00 -3.20266654e+01
 -8.55509765e+00 -3.12524758e+01
 -7.54834933e+00 -3.06931233e+01
 -6.77913548e+00 -3.03416371e+01
 -6.23115019e+00 -3.01871042e+01
 -5.88117239e+00 -3.02179640e+01
 -5.70437915e+00 -3.04231168e+01
 -5.67770357e+00 -3.07921812e+01
 -5.78172407e+00 -3.13161091e+01
 -6.00170671e+00 -3.19873597e+01
 -6.32761473e+00 -3.27983568e+01
 -6.75249113e+00 -3.37388553e+01
 -7.26948965e+00 -3.47942329e+01
 -7.86899091e+00 -3.59457940e+01
 -8.53712809e+00 -3.71722237e+01
 -9.25573535e+00 -3.84505614e+01
 -1.00027643e+01 -3.97560951e+01
 -1.07526082e+01 -4.10620115e+01
 -1.14767715e+01 -4.23398350e+01
 -1.21454806e+01 -4.35608445e+01
 -1.27300907e+01 -4.46980944e+01
 -1.32056347e+01 -4.57286258e+01
 -1.35528739e+01 -4.66352362e+01
 -1.37591226e+01 -4.74070431e+01
 -1.38173004e+01 -4.80387372e+01
 -1.37237985e+01 -4.85291803e+01
 -1.34765596e+01 -4.88797446e+01
 -1.30737806e+01 -4.90921528e+01
 -1.25125512e+01 -4.91659893e+01
 -1.17874542e+01 -4.90971394e+01
 -1.08901964e+01 -4.88783086e+01
 -9.81101005e+00 -4.85012256e+01
 -8.54172780e+00 -4.79592573e+01
 -7.07999777e+00 -4.72499304e+01
 -5.43370328e+00 -4.63775775e+01
 -3.62427788e+00 -4.53557838e+01
 -1.68773016e+00 -4.42085078e+01
 3.27408885e-01 -4.29688881e+01
 2.36595460e+00 -4.16756699e+01
 4.37608383e+00 -4.03678426e+01
 6.32129725e+00 -3.90782037e+01
 8.18851293e+00 -3.78272811e+01
 9.98672787e+00 -3.66204464e+01
 1.17369331e+01 -3.54505619e+01
 1.34603485e+01 -3.43048924e+01
 1.51717055e+01 -3.31718299e+01
 1.68786806e+01 -3.20439983e+01
 1.85843718e+01 -3.09178948e+01
 2.02897603e+01 -2.97922447e+01
 2.19950917e+01 -2.86666887e+01
 2.37004143e+01 -2.75411483e+01
 2.54057358e+01 -2.64156099e+01
 2.71110548e+01 -2.52900733e+01
 2.88163513e+01 -2.41645515e+01
 3.05214772e+01 -2.30391424e+01
 3.22255877e+01 -2.19144035e+01
 3.39249563e+01 -2.07927943e+01
 3.56069164e+01 -1.96826749e+01
 3.72385623e+01 -1.86057637e+01
 3.87555567e+01 -1.76045242e+01
 4.00662983e+01 -1.67394147e+01
 4.10838074e+01 -1.60678432e+01
 4.10838074e+01 -1.60678432e+01
 4.10838074e+01 -1.60678432e+01
 4.10838074e+01 -1.60678432e+01
 4.10838074e+01 -1.60678432e+01
 4.10838074e+01 -1.60678432e+01
 4.10838074e+01 -1.60678432e+01
 4.10838074e+01 -1.60678432e+01
 4.10838074e+01 -1.60678432e+01
 4.10838074e+01 -1.60678432e+01
 4.10838074e+01 -1.60678432e+01
 4.10838074e+01 -1.60678432e+01
 4.10838074e+01 -1.60678432e+01
 4.10838074e+01 -1.60678432e+01
 4.10838074e+01 -1.60678432e+01
 4.10838074e+01 -1.60678432e+01
 4.10838074e+01 -1.60678432e+01
 4.10838074e+01 -1.60678432e+01
 4.10838074e+01 -1.60678432e+01
 4.10838074e+01 -1.60678432e+01
 4.10838074e+01 -1.60678432e+01
 4.10838074e+01 -1.60678432e+01
 4.10838074e+01 -1.60678432e+01
 4.10838074e+01 -1.60678432e+01
 4.10838074e+01 -1.60678432e+01
 4.10838074e+01 -1.60678432e+01
 4.10838074e+01 -1.60678432e+01
 4.10838074e+01 -1.60678432e+01
 4.10838074e+01 -1.60678432e+01
 4.10838074e+01 -1.60678432e+01
 4.10838074e+01 -1.60678432e+01
 4.10838074e+01 -1.60678432e+01
 4.10838074e+01 -1.60678432e+01
 4.10838074e+01 -1.60678432e+01
 4.10838074e+01 -1.60678432e+01
 4.10838074e+01 -1.60678432e+01
 4.10838074e+01 -1.60678432e+01
 4.10838074e+01 -1.60678432e+01
 4.10838074e+01 -1.60678432e+01
 4.10838074e+01 -1.60678432e+01
 4.10838074e+01 -1.60678432e+01
 4.10838074e+01 -1.60678432e+01
