 0.00000000e+00 0.00000000e+00
 0.00000000e+00 0.00000000e+00
 0.00000000e+00 0.00000000e+00
 0.00000000e+00 0.00000000e+00
 -1.90317012e-04 2.25997656e-02
 -1.13033351e-03 3.42794286e-02
 -4.84858804e-03 1.41779884e-02
 -1.67282608e-02 -6.66941431e-02
 -4.77426750e-02 -2.43838012e-01
 -1.14953723e-01 -5.55321482e-01
 -2.38409015e-01 -1.03679673e+00
 -4.35737471e-01 -1.71779012e+00
 -7.18504418e-01 -2.61951355e+00
 -1.09237015e+00 -3.75284384e+00
 -1.55878664e+00 -5.11620248e+00
 -2.11548103e+00 -6.69466673e+00
 -2.75603808e+00 -8.46171451e+00
 -3.47043269e+00 -1.03837391e+01
 -4.24715089e+00 -1.24259601e+01
 -5.07609538e+00 -1.45576569e+01
 -5.95095336e+00 -1.67550019e+01
 -6.86968664e+00 -1.90006475e+01
 -7.83243944e+00 -2.12803241e+01
 -8.83770248e+00 -2.35779855e+01
 -9.87889295e+00 -2.58718016e+01
 -1.09429916e+01 -2.81327343e+01
 -1.20109764e+01 -3.03257969e+01
 -1.30588963e+01 -3.24128690e+01
 -1.40593815e+01 -3.43561206e+01
 -1.49843069e+01 -3.61218725e+01
 -1.58087202e+01 -3.76846375e+01
 -1.65148558e+01 -3.90303177e+01
 -1.70945986e+01 -4.01574373e+01
 -1.75495992e+01 -4.10761185e+01
 -1.78897134e+01 -4.18053016e+01
 -1.81309823e+01 -4.23689634e+01
 -1.82932065e+01 -4.27921803e+01
 -1.83960851e+01 -4.30980090e+01
 -1.84541740e+01 -4.33057972e+01
 -1.84730344e+01 -4.34303941e+01
 -1.84484903e+01 -4.34807313e+01
 -1.83684522e+01 -4.34572104e+01
 -1.82154609e+01 -4.33498965e+01
 -1.79686426e+01 -4.31401051e+01
 -1.76048851e+01 -4.28050014e+01
 -1.71000102e+01 -4.23222768e+01
 -1.64309467e+01 -4.16732185e+01
 -1.55792586e+01 -4.08450554e+01
 -1.45354509e+01 -3.98337448e+01
 -1.33028026e+01 -3.86468615e+01
 -1.18993309e+01 -3.73053473e+01
 -1.03571558e+01 -3.58432755e+01
 -8.71976843e+00 -3.43056565e+01
 -7.03849144e+00 -3.27448218e+01
 -5.36906175e+00 -3.12159829e+01
 -3.76814682e+00 -2.97724809e+01
 -2.28888207e+00 -2.84612612e+01
 -9.75188206e-01 -2.73191773e+01
 1.43633354e-01 -2.63707821e+01
 1.05552466e+00 -2.56281877e+01
 1.76412658e+00 -2.50931119e+01
 2.28406973e+00 -2.47603293e+01
 2.63557680e+00 -2.46210813e+01
 2.84022376e+00 -2.46653795e+01
 2.91811165e+00 -2.48832323e+01
 2.88607519e+00 -2.52653207e+01
 2.75691204e+00 -2.58030743e+01
 2.53964937e+00 -2.64875626e+01
 2.24064969e+00 -2.73072283e+01
 1.86548360e+00 -2.82456651e+01
 1.42128768e+00 -2.92809128e+01
 9.18683371e-01 -3.03866891e+01
 3.72402966e-01 -3.15345839e+01
 -1.99380375e-01 -3.26957695e+01
 -7.76417151e-01 -3.38416833e+01
 -1.33781001e+00 -3.49445037e+01
 -1.86317754e+00 -3.59784429e+01
 -2.33367286e+00 -3.69217559e+01
 -2.73311199e+00 -3.77584068e+01
 -3.04895152e+00 -3.84785509e+01
 -3.27233166e+00 -3.90777997e+01
 -3.39681489e+00 -3.95557648e+01
 -3.41662934e+00 -3.99143827e+01
 -3.32579762e+00 -4.01562462e+01
 -3.11846320e+00 -4.02829614e+01
 -2.78921021e+00 -4.02937210e+01
 -2.33258508e+00 -4.01847355e+01
 -1.74289329e+00 -3.99502685e+01
 -1.01558288e+00 -3.95852473e+01
 -1.49703910e-01 -3.90883903e+01
 8.50258910e-01 -3.84645048e+01
 1.97422235e+00 -3.77250126e+01
 3.20774502e+00 -3.68864082e+01
 4.53357685e+00 -3.59673665e+01
 5.93232230e+00 -3.49862152e+01
 7.38179985e+00 -3.39603078e+01
 8.85621515e+00 -3.29072548e+01
 1.03273996e+01 -3.18461983e+01
 1.17695032e+01 -3.07967838e+01
 1.31656126e+01 -2.97750238e+01
 1.45121340e+01 -2.87883742e+01
 1.58174524e+01 -2.78341542e+01
 1.70955967e+01 -2.69030445e+01
 1.83594229e+01 -2.59848491e+01
 1.96172260e+01 -2.50723370e+01
 2.08730123e+01 -2.41617954e+01
 2.21282628e+01 -2.32517915e+01
 2.33834008e+01 -2.23419030e+01
 2.46385202e+01 -2.14320339e+01
 2.58936369e+01 -2.05221674e+01
 2.71487517e+01 -1.96123025e+01
 2.84038500e+01 -1.87024496e+01
 2.96588226e+01 -1.77926877e+01
 3.09130479e+01 -1.68834676e+01
 3.21637832e+01 -1.59767775e+01
 3.34017059e+01 -1.50793756e+01
 3.46025973e+01 -1.42088187e+01
 3.57191052e+01 -1.33994334e+01
 3.66838109e+01 -1.27000935e+01
 3.74326977e+01 -1.21572063e+01
 3.74326977e+01 -1.21572063e+01
 3.74326977e+01 -1.21572063e+01
 3.74326977e+01 -1.21572063e+01
 3.74326977e+01 -1.21572063e+01
 3.74326977e+01 -1.21572063e+01
 3.74326977e+01 -1.21572063e+01
 3.74326977e+01 -1.21572063e+01
 3.74326977e+01 -1.21572063e+01
 3.74326977e+01 -1.21572063e+01
 3.74326977e+01 -1.21572063e+01
 3.74326977e+01 -1.21572063e+01
 3.74326977e+01 -1.21572063e+01
 3.74326977e+01 -1.21572063e+01
 3.74326977e+01 -1.21572063e+01
 3.74326977e+01 -1.21572063e+01
 3.74326977e+01 -1.21572063e+01
 3.74326977e+01 -1.21572063e+01
 3.74326977e+01 -1.21572063e+01
 3.74326977e+01 -1.21572063e+01
 3.74326977e+01 -1.21572063e+01
 3.74326977e+01 -1.21572063e+01
 3.74326977e+01 -1.21572063e+01
 3.74326977e+01 -1.21572063e+01
 3.74326977e+01 -1.21572063e+01
 3.74326977e+01 -1.21572063e+01
 3.74326977e+01 -1.21572063e+01
 3.74326977e+01 -1.21572063e+01
 3.74326977e+01 -1.21572063e+01
 3.74326977e+01 -1.21572063e+01
 3.74326977e+01 -1.21572063e+01
 3.74326977e+01 -1.21572063e+01
 3.74326977e+01 -1.21572063e+01
 3.74326977e+01 -1.21572063e+01
 3.74326977e+01 -1.21572063e+01
 3.74326977e+01 -1.21572063e+01
 3.74326977e+01 -1.21572063e+01
 3.74326977e+01 -1.21572063e+01
 3.74326977e+01 -1.21572063e+01
 3.74326977e+01 -1.21572063e+01
 3.74326977e+01 -1.21572063e+01
 3.74326977e+01 -1.21572063e+01
 3.74326977e+01 -1.21572063e+01
