 0.00000000e+00 0.00000000e+00
 0.00000000e+00 0.00000000e+00
 0.00000000e+00 0.00000000e+00
 0.00000000e+00 0.00000000e+00
 0.00000000e+00 0.00000000e+00
 0.00000000e+00 0.00000000e+00
 0.00000000e+00 0.00000000e+00
 0.00000000e+00 0.00000000e+00
 0.00000000e+00 0.00000000e+00
 4.46703461e-02 1.45893828e-01
 9.85696001e-02 3.18447469e-01
 1.55455464e-01 4.92354804e-01
 2.07365540e-01 6.38756791e-01
 2.45089167e-01 7.27963020e-01
 2.58041694e-01 7.27460038e-01
 2.34131227e-01 6.00069655e-01
 1.60526156e-01 3.06232693e-01
 2.58688133e-02 -1.90354984e-01
 -1.77120849e-01 -9.17507299e-01
 -4.50656349e-01 -1.89222323e+00
 -7.92883482e-01 -3.12050200e+00
 -1.19926301e+00 -4.59709763e+00
 -1.66334181e+00 -6.30473437e+00
 -2.17762754e+00 -8.21471554e+00
 -2.73527148e+00 -1.02907799e+01
 -3.33196392e+00 -1.24952558e+01
 -3.96674753e+00 -1.47940002e+01
 -4.64082546e+00 -1.71570837e+01
 -5.35454315e+00 -1.95553492e+01
 -6.10406835e+00 -2.19559765e+01
 -6.87973050e+00 -2.43205374e+01
 -7.66671179e+00 -2.66066134e+01
 -8.44694062e+00 -2.87713155e+01
 -9.20066293e+00 -3.07744952e+01
 -9.90755993e+00 -3.25810786e+01
 -1.05484921e+01 -3.41635561e+01
 -1.11083040e+01 -3.55053086e+01
 -1.15783973e+01 -3.66035471e+01
 -1.19572179e+01 -3.74695922e+01
 -1.22484184e+01 -3.81255925e+01
 -1.24586090e+01 -3.85990665e+01
 -1.25964104e+01 -3.89171980e+01
 -1.26716845e+01 -3.91017718e+01
 -1.26923802e+01 -3.91653616e+01
 -1.26594304e+01 -3.91099188e+01
 -1.25638820e+01 -3.89281202e+01
 -1.23891197e+01 -3.86060377e+01
 -1.21159259e+01 -3.81257223e+01
 -1.17259685e+01 -3.74681622e+01
 -1.12024445e+01 -3.66177270e+01
 -1.05301948e+01 -3.55676611e+01
 -9.69747387e+00 -3.43247021e+01
 -8.69920853e+00 -3.29112346e+01
 -7.54043851e+00 -3.13649238e+01
 -6.23906428e+00 -2.97367261e+01
 -4.82736249e+00 -2.80877063e+01
 -3.35145861e+00 -2.64842827e+01
 -1.86798764e+00 -2.49920011e+01
 -4.38140795e-01 -2.36694300e+01
 8.79298901e-01 -2.25642223e+01
 2.03367626e+00 -2.17118504e+01
 2.98563655e+00 -2.11356794e+01
 3.70831060e+00 -2.08469345e+01
 4.18794966e+00 -2.08445203e+01
 4.42463830e+00 -2.11157422e+01
 4.43245258e+00 -2.16386043e+01
 4.23779830e+00 -2.23849496e+01
 3.87514118e+00 -2.33228315e+01
 3.38137262e+00 -2.44173210e+01
 2.79194158e+00 -2.56305458e+01
 2.14053650e+00 -2.69222365e+01
 1.46053313e+00 -2.82511680e+01
 7.85194079e-01 -2.95769953e+01
 1.45843766e-01 -3.08620269e+01
 -4.30428702e-01 -3.20728728e+01
 -9.21957604e-01 -3.31818131e+01
 -1.31221332e+00 -3.41674301e+01
 -1.58833027e+00 -3.50141645e+01
 -1.73888416e+00 -3.57108213e+01
 -1.75200763e+00 -3.62484865e+01
 -1.61554900e+00 -3.66188207e+01
 -1.31971939e+00 -3.68136231e+01
 -8.60237207e-01 -3.68256233e+01
 -2.39857844e-01 -3.66498016e+01
 5.31322412e-01 -3.62848572e+01
 1.43534730e+00 -3.57348616e+01
 2.44591982e+00 -3.50110443e+01
 3.52933525e+00 -3.41333718e+01
 4.64719576e+00 -3.31311324e+01
 5.76027165e+00 -3.20413705e+01
 6.83318542e+00 -3.09045928e+01
 7.83988479e+00 -2.97587053e+01
 8.76884638e+00 -2.86332381e+01
 9.62530320e+00 -2.75456725e+01
 1.04277597e+01 -2.65007716e+01
 1.11993078e+01 -2.54930729e+01
 1.19586234e+01 -2.45117406e+01
 1.27158996e+01 -2.35457242e+01
 1.34743959e+01 -2.25869783e+01
 1.42341238e+01 -2.16310368e+01
 1.49944459e+01 -2.06759688e+01
 1.57549626e+01 -1.97211193e+01
 1.65155262e+01 -1.87663134e+01
 1.72760983e+01 -1.78115146e+01
 1.80366715e+01 -1.68567167e+01
 1.87972437e+01 -1.59019201e+01
 1.95578060e+01 -1.49471362e+01
 2.03182921e+01 -1.39924479e+01
 2.10783254e+01 -1.30383280e+01
 2.18362438e+01 -1.20868631e+01
 2.25863980e+01 -1.11451450e+01
 2.33141121e+01 -1.02315976e+01
 2.39906916e+01 -9.38224273e+00
 2.45752823e+01 -8.64836747e+00
 2.50290914e+01 -8.07867103e+00
 2.50290914e+01 -8.07867103e+00
 2.50290914e+01 -8.07867103e+00
 2.50290914e+01 -8.07867103e+00
 2.50290914e+01 -8.07867103e+00
 2.50290914e+01 -8.07867103e+00
 2.50290914e+01 -8.07867103e+00
 2.50290914e+01 -8.07867103e+00
 2.50290914e+01 -8.07867103e+00
 2.50290914e+01 -8.07867103e+00
 2.50290914e+01 -8.07867103e+00
 2.50290914e+01 -8.07867103e+00
 2.50290914e+01 -8.07867103e+00
 2.50290914e+01 -8.07867103e+00
 2.50290914e+01 -8.07867103e+00
 2.50290914e+01 -8.07867103e+00
 2.50290914e+01 -8.07867103e+00
 2.50290914e+01 -8.07867103e+00
 2.50290914e+01 -8.07867103e+00
 2.50290914e+01 -8.07867103e+00
 2.50290914e+01 -8.07867103e+00
 2.50290914e+01 -8.07867103e+00
 2.50290914e+01 -8.07867103e+00
 2.50290914e+01 -8.07867103e+00
 2.50290914e+01 -8.07867103e+00
 2.50290914e+01 -8.07867103e+00
 2.50290914e+01 -8.07867103e+00
 2.50290914e+01 -8.07867103e+00
 2.50290914e+01 -8.07867103e+00
 2.50290914e+01 -8.07867103e+00
 2.50290914e+01 -8.07867103e+00
 2.50290914e+01 -8.07867103e+00
 2.50290914e+01 -8.07867103e+00
 2.50290914e+01 -8.07867103e+00
 2.50290914e+01 -8.07867103e+00
 2.50290914e+01 -8.07867103e+00
 2.50290914e+01 -8.07867103e+00
 2.50290914e+01 -8.07867103e+00
 2.50290914e+01 -8.07867103e+00
 2.50290914e+01 -8.07867103e+00
 2.50290914e+01 -8.07867103e+00
 2.50290914e+01 -8.07867103e+00
 2.50290914e+01 -8.07867103e+00
 2.50290914e+01 -8.07867103e+00
 2.50290914e+01 -8.07867103e+00
 2.50290914e+01 -8.07867103e+00
 2.50290914e+01 -8.07867103e+00
 2.50290914e+01 -8.07867103e+00
