 0.00000000e+00 0.00000000e+00
 0.00000000e+00 0.00000000e+00
 0.00000000e+00 0.00000000e+00
 0.00000000e+00 0.00000000e+00
 0.00000000e+00 0.00000000e+00
 0.00000000e+00 0.00000000e+00
 0.00000000e+00 0.00000000e+00
 0.00000000e+00 0.00000000e+00
 0.00000000e+00 0.00000000e+00
 0.00000000e+00 0.00000000e+00
 -1.61610322e-01 -3.12460041e-02
 -3.85876352e-01 -1.02141125e-01
 -6.66314176e-01 -2.39983890e-01
 -9.92830955e-01 -4.75806089e-01
 -1.35884707e+00 -8.41123422e-01
 -1.76519107e+00 -1.36748588e+00
 -2.21994995e+00 -2.08760464e+00
 -2.73629797e+00 -3.03504531e+00
 -3.33049783e+00 -4.24140432e+00
 -4.02074700e+00 -5.73239957e+00
 -4.82605974e+00 -7.52467283e+00
 -5.76415262e+00 -9.62392759e+00
 -6.84830495e+00 -1.20241286e+01
 -8.08416068e+00 -1.47073854e+01
 -9.46744534e+00 -1.76441674e+01
 -1.09829115e+01 -2.07934033e+01
 -1.26043764e+01 -2.41022661e+01
 -1.42957227e+01 -2.75061282e+01
 -1.60127777e+01 -3.09296324e+01
 -1.77058324e+01 -3.42895751e+01
 -1.93226181e+01 -3.74996215e+01
 -2.08120690e+01 -4.04764002e+01
 -2.21293092e+01 -4.31463739e+01
 -2.32409349e+01 -4.54525832e+01
 -2.41278915e+01 -4.73596180e+01
 -2.47838723e+01 -4.88549041e+01
 -2.52106260e+01 -4.99456589e+01
 -2.54141679e+01 -5.06529604e+01
 -2.54043644e+01 -5.10054603e+01
 -2.51962753e+01 -5.10346388e+01
 -2.48097686e+01 -5.07718860e+01
 -2.42665142e+01 -5.02466664e+01
 -2.35870418e+01 -4.94856572e+01
 -2.27903029e+01 -4.85136901e+01
 -2.18948554e+01 -4.73564646e+01
 -2.09193827e+01 -4.60432581e+01
 -1.98820782e+01 -4.46077910e+01
 -1.87999518e+01 -4.30869928e+01
 -1.76885101e+01 -4.15186794e+01
 -1.65615643e+01 -3.99393556e+01
 -1.54314458e+01 -3.83829766e+01
 -1.43102346e+01 -3.68808013e+01
 -1.32117108e+01 -3.54616777e+01
 -1.21526931e+01 -3.41519176e+01
 -1.11526203e+01 -3.29744951e+01
 -1.02314691e+01 -3.19478508e+01
 -9.40698119e+00 -3.10846857e+01
 -8.69199994e+00 -3.03911881e+01
 -8.09238615e+00 -2.98672476e+01
 -7.60621422e+00 -2.95079873e+01
 -7.22489847e+00 -2.93064206e+01
 -6.93580517e+00 -2.92563647e+01
 -6.72492134e+00 -2.93541249e+01
 -6.57894434e+00 -2.95980767e+01
 -6.48775083e+00 -2.99872936e+01
 -6.44756801e+00 -3.05210003e+01
 -6.46256011e+00 -3.11986497e+01
 -6.54247497e+00 -3.20191417e+01
 -6.69771932e+00 -3.29790340e+01
 -6.93559525e+00 -3.40709638e+01
 -7.25908473e+00 -3.52828851e+01
 -7.66625059e+00 -3.65975163e+01
 -8.14850275e+00 -3.79912945e+01
 -8.68856582e+00 -3.94331508e+01
 -9.26022741e+00 -4.08843785e+01
 -9.83075532e+00 -4.23007330e+01
 -1.03650704e+01 -4.36367070e+01
 -1.08300300e+01 -4.48506225e+01
 -1.11974974e+01 -4.59087592e+01
 -1.14456579e+01 -4.67875034e+01
 -1.15590953e+01 -4.74736220e+01
 -1.15287908e+01 -4.79632712e+01
 -1.13524176e+01 -4.82602589e+01
 -1.10339139e+01 -4.83738942e+01
 -1.05813911e+01 -4.83166220e+01
 -1.00039946e+01 -4.81017233e+01
 -9.30937488e+00 -4.77417166e+01
 -8.50306606e+00 -4.72482085e+01
 -7.59002878e+00 -4.66333446e+01
 -6.57747998e+00 -4.59119734e+01
 -5.47724779e+00 -4.51029871e+01
 -4.30601707e+00 -4.42287336e+01
 -3.08338072e+00 -4.33126891e+01
 -1.82941311e+00 -4.23767444e+01
 -5.63620215e-01 -4.14394972e+01
 6.94883535e-01 -4.05158206e+01
 1.92826057e+00 -3.96166601e+01
 3.12351066e+00 -3.87480052e+01
 4.27671919e+00 -3.79096774e+01
 5.39380045e+00 -3.70958835e+01
 6.48630243e+00 -3.62981706e+01
 7.56552382e+00 -3.55089379e+01
 8.63905034e+00 -3.47232812e+01
 9.71064248e+00 -3.39388246e+01
 1.07817153e+01 -3.31546871e+01
 1.18526782e+01 -3.23706168e+01
 1.29236228e+01 -3.15865576e+01
 1.39945648e+01 -3.08025000e+01
 1.50655052e+01 -3.00184435e+01
 1.61364314e+01 -2.92343974e+01
 1.72072505e+01 -2.84504298e+01
 1.82774319e+01 -2.76669290e+01
 1.93446353e+01 -2.68856084e+01
 2.04009063e+01 -2.61122917e+01
 2.14255799e+01 -2.53621081e+01
 2.23782524e+01 -2.46646378e+01
 2.32013981e+01 -2.40619967e+01
 2.38403938e+01 -2.35941754e+01
 2.38403938e+01 -2.35941754e+01
 2.38403938e+01 -2.35941754e+01
 2.38403938e+01 -2.35941754e+01
 2.38403938e+01 -2.35941754e+01
 2.38403938e+01 -2.35941754e+01
 2.38403938e+01 -2.35941754e+01
 2.38403938e+01 -2.35941754e+01
 2.38403938e+01 -2.35941754e+01
 2.38403938e+01 -2.35941754e+01
 2.38403938e+01 -2.35941754e+01
 2.38403938e+01 -2.35941754e+01
 2.38403938e+01 -2.35941754e+01
 2.38403938e+01 -2.35941754e+01
 2.38403938e+01 -2.35941754e+01
 2.38403938e+01 -2.35941754e+01
 2.38403938e+01 -2.35941754e+01
 2.38403938e+01 -2.35941754e+01
 2.38403938e+01 -2.35941754e+01
 2.38403938e+01 -2.35941754e+01
 2.38403938e+01 -2.35941754e+01
 2.38403938e+01 -2.35941754e+01
 2.38403938e+01 -2.35941754e+01
 2.38403938e+01 -2.35941754e+01
 2.38403938e+01 -2.35941754e+01
 2.38403938e+01 -2.35941754e+01
 2.38403938e+01 -2.35941754e+01
 2.38403938e+01 -2.35941754e+01
 2.38403938e+01 -2.35941754e+01
 2.38403938e+01 -2.35941754e+01
 2.38403938e+01 -2.35941754e+01
 2.38403938e+01 -2.35941754e+01
 2.38403938e+01 -2.35941754e+01
 2.38403938e+01 -2.35941754e+01
 2.38403938e+01 -2.35941754e+01
 2.38403938e+01 -2.35941754e+01
 2.38403938e+01 -2.35941754e+01
 2.38403938e+01 -2.35941754e+01
 2.38403938e+01 -2.35941754e+01
 2.38403938e+01 -2.35941754e+01
 2.38403938e+01 -2.35941754e+01
 2.38403938e+01 -2.35941754e+01
 2.38403938e+01 -2.35941754e+01
 2.38403938e+01 -2.35941754e+01
 2.38403938e+01 -2.35941754e+01
