 0.00000000e+00 0.00000000e+00
 0.00000000e+00 0.00000000e+00
 0.00000000e+00 0.00000000e+00
 0.00000000e+00 0.00000000e+00
 0.00000000e+00 0.00000000e+00
 0.00000000e+00 0.00000000e+00
 0.00000000e+00 0.00000000e+00
 8.08470539e-02 1.02722381e-01
 1.76859266e-01 2.20648375e-01
 2.75634900e-01 3.33825373e-01
 3.65452377e-01 4.19854950e-01
 4.37723689e-01 4.55379673e-01
 4.85297355e-01 4.13774082e-01
 4.99105634e-01 2.62903801e-01
 4.66182602e-01 -3.37281072e-02
 3.70086332e-01 -5.12828386e-01
 1.93064641e-01 -1.20679971e+00
 -8.13097636e-02 -2.14034591e+00
 -4.66000328e-01 -3.32770185e+00
 -9.68896915e-01 -4.77001324e+00
 -1.59142938e+00 -6.45372446e+00
 -2.32773646e+00 -8.35138860e+00
 -3.16502911e+00 -1.04254332e+01
 -4.08524939e+00 -1.26340069e+01
 -5.06770367e+00 -1.49371744e+01
 -6.09214238e+00 -1.73013735e+01
 -7.14087115e+00 -1.96999703e+01
 -8.19785888e+00 -2.21090737e+01
 -9.24473953e+00 -2.45009961e+01
 -1.02571001e+01 -2.68401683e+01
 -1.12051533e+01 -2.90846584e+01
 -1.20591793e+01 -3.11917496e+01
 -1.27958111e+01 -3.31230990e+01
 -1.34010133e+01 -3.48468778e+01
 -1.38695619e+01 -3.63385930e+01
 -1.42042186e+01 -3.75837584e+01
 -1.44166487e+01 -3.85823844e+01
 -1.45283558e+01 -3.93514067e+01
 -1.45684332e+01 -3.99215340e+01
 -1.45671804e+01 -4.03292583e+01
 -1.45479975e+01 -4.06081926e+01
 -1.45217163e+01 -4.07831702e+01
 -1.44860568e+01 -4.08672747e+01
 -1.44289678e+01 -4.08603689e+01
 -1.43321811e+01 -4.07490970e+01
 -1.41730685e+01 -4.05097092e+01
 -1.39259020e+01 -4.01137147e+01
 -1.35638912e+01 -3.95341705e+01
 -1.30619763e+01 -3.87506209e+01
 -1.24000917e+01 -3.77528903e+01
 -1.15668074e+01 -3.65449608e+01
 -1.05626052e+01 -3.51487695e+01
 -9.40177802e+00 -3.36058895e+01
 -8.11267170e+00 -3.19751009e+01
 -6.73638108e+00 -3.03258632e+01
 -5.32369317e+00 -2.87296839e+01
 -3.93004713e+00 -2.72518848e+01
 -2.60898459e+00 -2.59456071e+01
 -1.40558285e+00 -2.48489806e+01
 -3.52036348e-01 -2.39853649e+01
 5.33153578e-01 -2.33655174e+01
 1.24309674e+00 -2.29901390e+01
 1.77986405e+00 -2.28519934e+01
 2.15275649e+00 -2.29379403e+01
 2.37675174e+00 -2.32314902e+01
 2.46961632e+00 -2.37155822e+01
 2.44796822e+00 -2.43743291e+01
 2.32462063e+00 -2.51927530e+01
 2.10886827e+00 -2.61550111e+01
 1.80876001e+00 -2.72428128e+01
 1.43324562e+00 -2.84353786e+01
 9.93224683e-01 -2.97107585e+01
 5.01806301e-01 -3.10469999e+01
 -2.56728050e-02 -3.24217525e+01
 -5.71568717e-01 -3.38105021e+01
 -1.11582117e+00 -3.51851962e+01
 -1.63619351e+00 -3.65147870e+01
 -2.10924478e+00 -3.77674728e+01
 -2.51191704e+00 -3.89132498e+01
 -2.82300252e+00 -3.99257755e+01
 -3.02371377e+00 -4.07834303e+01
 -3.09747620e+00 -4.14696892e+01
 -3.02997570e+00 -4.19727012e+01
 -2.80998406e+00 -4.22842050e+01
 -2.43013735e+00 -4.23985255e+01
 -1.88686349e+00 -4.23124432e+01
 -1.18003880e+00 -4.20260048e+01
 -3.13427171e-01 -4.15437680e+01
 7.04045142e-01 -4.08760198e+01
 1.85708546e+00 -4.00396805e+01
 3.12392222e+00 -3.90585110e+01
 4.47779060e+00 -3.79622107e+01
 5.88962604e+00 -3.67842706e+01
 7.33085122e+00 -3.55588980e+01
 8.77533631e+00 -3.43176847e+01
 1.02005413e+01 -3.30868230e+01
 1.15884435e+01 -3.18855051e+01
 1.29266541e+01 -3.07256087e+01
 1.42096489e+01 -2.96121144e+01
 1.54395373e+01 -2.85436162e+01
 1.66253108e+01 -2.75131605e+01
 1.77799029e+01 -2.65102848e+01
 1.89160584e+01 -2.55241903e+01
 2.00432304e+01 -2.45465074e+01
 2.11668373e+01 -2.35722496e+01
 2.22893027e+01 -2.25991135e+01
 2.34114752e+01 -2.16262706e+01
 2.45335879e+01 -2.06534886e+01
 2.56556908e+01 -1.96807166e+01
 2.67777924e+01 -1.87079460e+01
 2.78998923e+01 -1.77351768e+01
 2.90219774e+01 -1.67624205e+01
 3.01439502e+01 -1.57897615e+01
 3.12652549e+01 -1.48176818e+01
 3.23834394e+01 -1.38483069e+01
 3.34901692e+01 -1.28888624e+01
 3.45637922e+01 -1.19581188e+01
 3.55619746e+01 -1.10927761e+01
 3.64244425e+01 -1.03450867e+01
 3.70939635e+01 -9.76466654e+00
 3.70939635e+01 -9.76466654e+00
 3.70939635e+01 -9.76466654e+00
 3.70939635e+01 -9.76466654e+00
 3.70939635e+01 -9.76466654e+00
 3.70939635e+01 -9.76466654e+00
 3.70939635e+01 -9.76466654e+00
 3.70939635e+01 -9.76466654e+00
 3.70939635e+01 -9.76466654e+00
 3.70939635e+01 -9.76466654e+00
 3.70939635e+01 -9.76466654e+00
 3.70939635e+01 -9.76466654e+00
 3.70939635e+01 -9.76466654e+00
 3.70939635e+01 -9.76466654e+00
 3.70939635e+01 -9.76466654e+00
 3.70939635e+01 -9.76466654e+00
 3.70939635e+01 -9.76466654e+00
 3.70939635e+01 -9.76466654e+00
 3.70939635e+01 -9.76466654e+00
 3.70939635e+01 -9.76466654e+00
 3.70939635e+01 -9.76466654e+00
 3.70939635e+01 -9.76466654e+00
 3.70939635e+01 -9.76466654e+00
 3.70939635e+01 -9.76466654e+00
 3.70939635e+01 -9.76466654e+00
 3.70939635e+01 -9.76466654e+00
 3.70939635e+01 -9.76466654e+00
 3.70939635e+01 -9.76466654e+00
 3.70939635e+01 -9.76466654e+00
 3.70939635e+01 -9.76466654e+00
 3.70939635e+01 -9.76466654e+00
 3.70939635e+01 -9.76466654e+00
 3.70939635e+01 -9.76466654e+00
 3.70939635e+01 -9.76466654e+00
 3.70939635e+01 -9.76466654e+00
 3.70939635e+01 -9.76466654e+00
 3.70939635e+01 -9.76466654e+00
 3.70939635e+01 -9.76466654e+00
 3.70939635e+01 -9.76466654e+00
 3.70939635e+01 -9.76466654e+00
 3.70939635e+01 -9.76466654e+00
 3.70939635e+01 -9.76466654e+00
 3.70939635e+01 -9.76466654e+00
