 0.00000000e+00 0.00000000e+00
 0.00000000e+00 0.00000000e+00
 0.00000000e+00 0.00000000e+00
 0.00000000e+00 0.00000000e+00
 0.00000000e+00 0.00000000e+00
 0.00000000e+00 0.00000000e+00
 1.22031877e-02 8.65645967e-03
 2.89310080e-02 -6.75655812e-03
 4.51993898e-02 -7.33103119e-02
 5.11960523e-02 -2.26290856e-01
 3.20019143e-02 -5.06456446e-01
 -3.32275495e-02 -9.55985240e-01
 -1.71436324e-01 -1.61450168e+00
 -4.13602973e-01 -2.51608999e+00
 -7.91338573e-01 -3.68681738e+00
 -1.33405699e+00 -5.14200516e+00
 -2.06667521e+00 -6.88348254e+00
 -3.00676726e+00 -8.89802096e+00
 -4.16143530e+00 -1.11581008e+01
 -5.52526984e+00 -1.36251629e+01
 -7.08040636e+00 -1.62542575e+01
 -8.79869883e+00 -1.89983981e+01
 -1.06450386e+01 -2.18114979e+01
 -1.25805279e+01 -2.46499582e+01
 -1.45649440e+01 -2.74736006e+01
 -1.65585754e+01 -3.02464259e+01
 -1.85233034e+01 -3.29372735e+01
 -2.04228798e+01 -3.55202048e+01
 -2.22232182e+01 -3.79743735e+01
 -2.38936280e+01 -4.02833168e+01
 -2.54086990e+01 -4.24338096e+01
 -2.67496689e+01 -4.44145207e+01
 -2.79046981e+01 -4.62149144e+01
 -2.88686051e+01 -4.78250432e+01
 -2.96429506e+01 -4.92365844e+01
 -3.02364802e+01 -5.04446976e+01
 -3.06647905e+01 -5.14496764e+01
 -3.09481037e+01 -5.22573433e+01
 -3.11073748e+01 -5.28776368e+01
 -3.11602376e+01 -5.33216375e+01
 -3.11184245e+01 -5.35980473e+01
 -3.09871553e+01 -5.37105176e+01
 -3.07655491e+01 -5.36568746e+01
 -3.04469331e+01 -5.34301695e+01
 -3.00192385e+01 -5.30203891e+01
 -2.94664870e+01 -5.24159009e+01
 -2.87715020e+01 -5.16051259e+01
 -2.79188070e+01 -5.05795986e+01
 -2.68967877e+01 -4.93384117e+01
 -2.56991953e+01 -4.78924385e+01
 -2.43267689e+01 -4.62665067e+01
 -2.27895757e+01 -4.44989815e+01
 -2.11097161e+01 -4.26395897e+01
 -1.93230665e+01 -4.07465219e+01
 -1.74787925e+01 -3.88829654e+01
 -1.56363754e+01 -3.71126088e+01
 -1.38606144e+01 -3.54943097e+01
 -1.22151379e+01 -3.40773057e+01
 -1.07553055e+01 -3.28986055e+01
 -9.52226707e+00 -3.19830266e+01
 -8.54025680e+00 -3.13447000e+01
 -7.81797076e+00 -3.09883974e+01
 -7.35266563e+00 -3.09104612e+01
 -7.13420662e+00 -3.11005293e+01
 -7.14722248e+00 -3.15444713e+01
 -7.37213774e+00 -3.22271285e+01
 -7.78700055e+00 -3.31331207e+01
 -8.36990706e+00 -3.42452783e+01
 -9.09958985e+00 -3.55418730e+01
 -9.95311828e+00 -3.69946444e+01
 -1.09026941e+01 -3.85688497e+01
 -1.19140373e+01 -4.02247085e+01
 -1.29470736e+01 -4.19187716e+01
 -1.39584319e+01 -4.36048002e+01
 -1.49051435e+01 -4.52351174e+01
 -1.57485577e+01 -4.67633168e+01
 -1.64568982e+01 -4.81478642e+01
 -1.70054167e+01 -4.93551218e+01
 -1.73748253e+01 -5.03605959e+01
 -1.75498928e+01 -5.11482390e+01
 -1.75193777e+01 -5.17084996e+01
 -1.72765254e+01 -5.20361889e+01
 -1.68185714e+01 -5.21290907e+01
 -1.61452929e+01 -5.19876562e+01
 -1.52586021e+01 -5.16156026e+01
 -1.41646820e+01 -5.10212361e+01
 -1.28778356e+01 -5.02193885e+01
 -1.14238377e+01 -4.92333648e+01
 -9.84107783e+00 -4.80957708e+01
 -8.17898795e+00 -4.68473435e+01
 -6.49398219e+00 -4.55336958e+01
 -4.84286044e+00 -4.42004458e+01
 -3.27326244e+00 -4.28873718e+01
 -1.81255792e+00 -4.16225180e+01
 -4.60532713e-01 -4.04180376e+01
 8.07516630e-01 -3.92702490e+01
 2.02683669e+00 -3.81649175e+01
 3.22718806e+00 -3.70852430e+01
 4.42494645e+00 -3.60180527e+01
 5.62516769e+00 -3.49557216e+01
 6.82762947e+00 -3.38948908e+01
 8.03114611e+00 -3.28344240e+01
 9.23500443e+00 -3.17740256e+01
 1.04389444e+01 -3.07136372e+01
 1.16428991e+01 -2.96532497e+01
 1.28468557e+01 -2.85928625e+01
 1.40508109e+01 -2.75324768e+01
 1.52547502e+01 -2.64721050e+01
 1.64585691e+01 -2.54118393e+01
 1.76616711e+01 -2.43522050e+01
 1.88614253e+01 -2.32955193e+01
 2.00488892e+01 -2.22496583e+01
 2.12008312e+01 -2.12350832e+01
 2.22718293e+01 -2.02917997e+01
 2.31972128e+01 -1.94767665e+01
 2.39155742e+01 -1.88440683e+01
 2.39155742e+01 -1.88440683e+01
 2.39155742e+01 -1.88440683e+01
 2.39155742e+01 -1.88440683e+01
 2.39155742e+01 -1.88440683e+01
 2.39155742e+01 -1.88440683e+01
 2.39155742e+01 -1.88440683e+01
 2.39155742e+01 -1.88440683e+01
 2.39155742e+01 -1.88440683e+01
 2.39155742e+01 -1.88440683e+01
 2.39155742e+01 -1.88440683e+01
 2.39155742e+01 -1.88440683e+01
 2.39155742e+01 -1.88440683e+01
 2.39155742e+01 -1.88440683e+01
 2.39155742e+01 -1.88440683e+01
 2.39155742e+01 -1.88440683e+01
 2.39155742e+01 -1.88440683e+01
 2.39155742e+01 -1.88440683e+01
 2.39155742e+01 -1.88440683e+01
 2.39155742e+01 -1.88440683e+01
 2.39155742e+01 -1.88440683e+01
 2.39155742e+01 -1.88440683e+01
 2.39155742e+01 -1.88440683e+01
 2.39155742e+01 -1.88440683e+01
 2.39155742e+01 -1.88440683e+01
 2.39155742e+01 -1.88440683e+01
 2.39155742e+01 -1.88440683e+01
 2.39155742e+01 -1.88440683e+01
 2.39155742e+01 -1.88440683e+01
 2.39155742e+01 -1.88440683e+01
 2.39155742e+01 -1.88440683e+01
 2.39155742e+01 -1.88440683e+01
 2.39155742e+01 -1.88440683e+01
 2.39155742e+01 -1.88440683e+01
 2.39155742e+01 -1.88440683e+01
 2.39155742e+01 -1.88440683e+01
 2.39155742e+01 -1.88440683e+01
 2.39155742e+01 -1.88440683e+01
 2.39155742e+01 -1.88440683e+01
 2.39155742e+01 -1.88440683e+01
 2.39155742e+01 -1.88440683e+01
 2.39155742e+01 -1.88440683e+01
 2.39155742e+01 -1.88440683e+01
 2.39155742e+01 -1.88440683e+01
 2.39155742e+01 -1.88440683e+01
 2.39155742e+01 -1.88440683e+01
 2.39155742e+01 -1.88440683e+01
