 0.00000000e+00 0.00000000e+00
 0.00000000e+00 0.00000000e+00
 0.00000000e+00 0.00000000e+00
 0.00000000e+00 0.00000000e+00
 0.00000000e+00 0.00000000e+00
 0.00000000e+00 0.00000000e+00
 0.00000000e+00 0.00000000e+00
 0.00000000e+00 0.00000000e+00
 0.00000000e+00 0.00000000e+00
 0.00000000e+00 0.00000000e+00
 0.00000000e+00 0.00000000e+00
 0.00000000e+00 0.00000000e+00
 0.00000000e+00 0.00000000e+00
 -9.79209300e-02 -1.53014827e-01
 -2.57203231e-01 -3.97745414e-01
 -4.85482145e-01 -7.59209253e-01
 -7.81683571e-01 -1.26259610e+00
 -1.13986629e+00 -1.93318754e+00
 -1.55445434e+00 -2.79462037e+00
 -2.02292612e+00 -3.86560541e+00
 -2.54509563e+00 -5.15650716e+00
 -3.12078682e+00 -6.66700965e+00
 -3.74773286e+00 -8.38508552e+00
 -4.42024558e+00 -1.02870137e+01
 -5.12866908e+00 -1.23384774e+01
 -5.85990756e+00 -1.44969450e+01
 -6.59916251e+00 -1.67152825e+01
 -7.33207440e+00 -1.89460790e+01
 -8.04586702e+00 -2.11455594e+01
 -8.72900441e+00 -2.32758181e+01
 -9.37056589e+00 -2.53051121e+01
 -9.96082175e+00 -2.72071742e+01
 -1.04927374e+01 -2.89606080e+01
 -1.09626256e+01 -3.05486521e+01
 -1.13690595e+01 -3.19590564e+01
 -1.17113473e+01 -3.31839390e+01
 -1.19894533e+01 -3.42198955e+01
 -1.22055119e+01 -3.50686405e+01
 -1.23651865e+01 -3.57377953e+01
 -1.24771408e+01 -3.62408016e+01
 -1.25507282e+01 -3.65951172e+01
 -1.25934711e+01 -3.68186896e+01
 -1.26091009e+01 -3.69254886e+01
 -1.25955476e+01 -3.69212982e+01
 -1.25432440e+01 -3.68011424e+01
 -1.24356010e+01 -3.65494928e+01
 -1.22518501e+01 -3.61434525e+01
 -1.19698704e+01 -3.55578847e+01
 -1.15677830e+01 -3.47710625e+01
 -1.10261590e+01 -3.37701046e+01
 -1.03323815e+01 -3.25561511e+01
 -9.48564437e+00 -3.11487840e+01
 -8.50002836e+00 -2.95880785e+01
 -7.40477261e+00 -2.79325630e+01
 -6.24222477e+00 -2.62529831e+01
 -5.06377911e+00 -2.46236846e+01
 -3.92384379e+00 -2.31140334e+01
 -2.87269702e+00 -2.17817016e+01
 -1.95020758e+00 -2.06688387e+01
 -1.18221433e+00 -1.98013097e+01
 -5.79923591e-01 -1.91901526e+01
 -1.41621838e-01 -1.88339117e+01
 1.44138950e-01 -1.87211729e+01
 2.94799625e-01 -1.88336265e+01
 3.30425541e-01 -1.91498903e+01
 2.70995625e-01 -1.96490862e+01
 1.34088944e-01 -2.03124175e+01
 -6.67367246e-02 -2.11221604e+01
 -3.21907851e-01 -2.20595490e+01
 -6.23901005e-01 -2.31035557e+01
 -9.64717996e-01 -2.42312218e+01
 -1.33455050e+00 -2.54188721e+01
 -1.72218505e+00 -2.66432886e+01
 -2.11607590e+00 -2.78822391e+01
 -2.50475247e+00 -2.91142024e+01
 -2.87646453e+00 -3.03176445e+01
 -3.21900065e+00 -3.14705873e+01
 -3.52029149e+00 -3.25511697e+01
 -3.76959835e+00 -3.35392857e+01
 -3.95884700e+00 -3.44185651e+01
 -4.08350277e+00 -3.51777280e+01
 -4.14194532e+00 -3.58108963e+01
 -4.13300675e+00 -3.63170801e+01
 -4.05344958e+00 -3.66991420e+01
 -3.89761603e+00 -3.69622420e+01
 -3.65893629e+00 -3.71116406e+01
 -3.33120680e+00 -3.71502046e+01
 -2.90894641e+00 -3.70768323e+01
 -2.38772955e+00 -3.68870690e+01
 -1.76489221e+00 -3.65756277e+01
 -1.04016068e+00 -3.61390240e+01
 -2.15985272e-01 -3.55770905e+01
 7.02215434e-01 -3.48937107e+01
 1.70570432e+00 -3.40974445e+01
 2.78190759e+00 -3.32019645e+01
 3.91394925e+00 -3.22258555e+01
 5.08087916e+00 -3.11916512e+01
 6.25924029e+00 -3.01242946e+01
 7.42612456e+00 -2.90490276e+01
 8.56327510e+00 -2.79883007e+01
 9.66097833e+00 -2.69577192e+01
 1.07196440e+01 -2.59627746e+01
 1.17475757e+01 -2.49991112e+01
 1.27559897e+01 -2.40568901e+01
 1.37544040e+01 -2.31262894e+01
 1.47487008e+01 -2.22006781e+01
 1.57416415e+01 -2.12767624e+01
 1.67342265e+01 -2.03533019e+01
 1.77267375e+01 -1.94299378e+01
 1.87192364e+01 -1.85065897e+01
 1.97117336e+01 -1.75832438e+01
 2.07042293e+01 -1.66598994e+01
 2.16967118e+01 -1.57365672e+01
 2.26890951e+01 -1.48133274e+01
 2.36808874e+01 -1.38906373e+01
 2.46699199e+01 -1.29705148e+01
 2.56488207e+01 -1.20598181e+01
 2.65984386e+01 -1.11763639e+01
 2.74813294e+01 -1.03549878e+01
 2.82441810e+01 -9.64528728e+00
 2.88363713e+01 -9.09435731e+00
 2.88363713e+01 -9.09435731e+00
 2.88363713e+01 -9.09435731e+00
 2.88363713e+01 -9.09435731e+00
 2.88363713e+01 -9.09435731e+00
 2.88363713e+01 -9.09435731e+00
 2.88363713e+01 -9.09435731e+00
 2.88363713e+01 -9.09435731e+00
 2.88363713e+01 -9.09435731e+00
 2.88363713e+01 -9.09435731e+00
 2.88363713e+01 -9.09435731e+00
 2.88363713e+01 -9.09435731e+00
 2.88363713e+01 -9.09435731e+00
 2.88363713e+01 -9.09435731e+00
 2.88363713e+01 -9.09435731e+00
 2.88363713e+01 -9.09435731e+00
 2.88363713e+01 -9.09435731e+00
 2.88363713e+01 -9.09435731e+00
 2.88363713e+01 -9.09435731e+00
 2.88363713e+01 -9.09435731e+00
 2.88363713e+01 -9.09435731e+00
 2.88363713e+01 -9.09435731e+00
 2.88363713e+01 -9.09435731e+00
 2.88363713e+01 -9.09435731e+00
 2.88363713e+01 -9.09435731e+00
 2.88363713e+01 -9.09435731e+00
 2.88363713e+01 -9.09435731e+00
 2.88363713e+01 -9.09435731e+00
 2.88363713e+01 -9.09435731e+00
 2.88363713e+01 -9.09435731e+00
 2.88363713e+01 -9.09435731e+00
 2.88363713e+01 -9.09435731e+00
 2.88363713e+01 -9.09435731e+00
 2.88363713e+01 -9.09435731e+00
 2.88363713e+01 -9.09435731e+00
 2.88363713e+01 -9.09435731e+00
 2.88363713e+01 -9.09435731e+00
 2.88363713e+01 -9.09435731e+00
 2.88363713e+01 -9.09435731e+00
 2.88363713e+01 -9.09435731e+00
 2.88363713e+01 -9.09435731e+00
 2.88363713e+01 -9.09435731e+00
