 0.00000000e+00 0.00000000e+00
 0.00000000e+00 0.00000000e+00
 0.00000000e+00 0.00000000e+00
 0.00000000e+00 0.00000000e+00
 0.00000000e+00 0.00000000e+00
 0.00000000e+00 0.00000000e+00
 0.00000000e+00 0.00000000e+00
 5.65453263e-02 1.04385396e-02
 1.06118503e-01 1.45680215e-02
 1.27967450e-01 -2.99020300e-03
 1.03906850e-01 -6.53005697e-02
 2.29048236e-02 -2.01162141e-01
 -1.17847537e-01 -4.41666311e-01
 -3.14970425e-01 -8.17205559e-01
 -5.62985672e-01 -1.35666111e+00
 -8.57974159e-01 -2.08771701e+00
 -1.19847335e+00 -3.03537535e+00
 -1.58383402e+00 -4.21769376e+00
 -2.01212476e+00 -5.64108193e+00
 -2.47935489e+00 -7.29815230e+00
 -2.98036191e+00 -9.16878534e+00
 -3.51034626e+00 -1.12226648e+01
 -4.06567311e+00 -1.34214920e+01
 -4.64351228e+00 -1.57209472e+01
 -5.24108095e+00 -1.80737221e+01
 -5.85551344e+00 -2.04340328e+01
 -6.48469395e+00 -2.27621661e+01
 -7.12835022e+00 -2.50271539e+01
 -7.78809833e+00 -2.72069915e+01
 -8.46574530e+00 -2.92871993e+01
 -9.16064436e+00 -3.12586608e+01
 -9.86766149e+00 -3.31150379e+01
 -1.05766437e+01 -3.48498567e+01
 -1.12731722e+01 -3.64539722e+01
 -1.19398906e+01 -3.79146743e+01
 -1.25579533e+01 -3.92171164e+01
 -1.31086657e+01 -4.03472974e+01
 -1.35754390e+01 -4.12949724e+01
 -1.39456552e+01 -4.20552517e+01
 -1.42116370e+01 -4.26285128e+01
 -1.43700100e+01 -4.30188278e+01
 -1.44192926e+01 -4.32312435e+01
 -1.43567050e+01 -4.32683729e+01
 -1.41761193e+01 -4.31273282e+01
 -1.38681877e+01 -4.27984816e+01
 -1.34218340e+01 -4.22668033e+01
 -1.28261100e+01 -4.15152729e+01
 -1.20726444e+01 -4.05296159e+01
 -1.11588819e+01 -3.93039840e+01
 -1.00910191e+01 -3.78468618e+01
 -8.88545449e+00 -3.61856355e+01
 -7.56894679e+00 -3.43679841e+01
 -6.17819368e+00 -3.24590659e+01
 -4.75851292e+00 -3.05350475e+01
 -3.36071782e+00 -2.86747812e+01
 -2.03614970e+00 -2.69514491e+01
 -8.30928939e-01 -2.54253033e+01
 2.19120070e-01 -2.41384328e+01
 1.09148859e+00 -2.31127167e+01
 1.77719733e+00 -2.23516925e+01
 2.27865882e+00 -2.18456195e+01
 2.60642911e+00 -2.15776049e+01
 2.77584607e+00 -2.15286081e+01
 2.80394114e+00 -2.16804582e+01
 2.70673870e+00 -2.20173107e+01
 2.49726814e+00 -2.25260624e+01
 2.18508262e+00 -2.31955099e+01
 1.77791675e+00 -2.40139317e+01
 1.28475638e+00 -2.49659601e+01
 7.18402565e-01 -2.60306734e+01
 9.62344203e-02 -2.71820940e+01
 -5.60604392e-01 -2.83913987e+01
 -1.22885748e+00 -2.96291856e+01
 -1.88514503e+00 -3.08667136e+01
 -2.50769352e+00 -3.20761312e+01
 -3.07727136e+00 -3.32304797e+01
 -3.57751848e+00 -3.43043652e+01
 -3.99526964e+00 -3.52755824e+01
 -4.32100130e+00 -3.61270409e+01
 -4.54892631e+00 -3.68478840e+01
 -4.67624782e+00 -3.74332048e+01
 -4.70185392e+00 -3.78827536e+01
 -4.62563203e+00 -3.81994479e+01
 -4.44902592e+00 -3.83879132e+01
 -4.17562537e+00 -3.84526386e+01
 -3.81032655e+00 -3.83959090e+01
 -3.35759326e+00 -3.82168820e+01
 -2.82042461e+00 -3.79128698e+01
 -2.20049339e+00 -3.74820400e+01
 -1.49880489e+00 -3.69258314e+01
 -7.16331976e-01 -3.62502313e+01
 1.45441857e-01 -3.54660681e+01
 1.08378337e+00 -3.45887630e+01
 2.09339351e+00 -3.36378907e+01
 3.16466204e+00 -3.26365663e+01
 4.28242060e+00 -3.16101968e+01
 5.42627827e+00 -3.05840398e+01
 6.57307420e+00 -2.95795584e+01
 7.70124213e+00 -2.86105121e+01
 8.79594832e+00 -2.76806389e+01
 9.85265452e+00 -2.67846483e+01
 1.08766304e+01 -2.59123629e+01
 1.18783823e+01 -2.50535893e+01
 1.28681378e+01 -2.42010856e+01
 1.38527455e+01 -2.33509427e+01
 1.48356014e+01 -2.25015179e+01
 1.58179858e+01 -2.16522688e+01
 1.68002701e+01 -2.08030541e+01
 1.77825378e+01 -1.99538449e+01
 1.87648031e+01 -1.91046364e+01
 1.97470669e+01 -1.82554292e+01
 2.07293176e+01 -1.74062331e+01
 2.17114701e+01 -1.65571221e+01
 2.26930378e+01 -1.57085166e+01
 2.36718741e+01 -1.48622725e+01
 2.46406831e+01 -1.40246974e+01
 2.55805112e+01 -1.32121776e+01
 2.64543000e+01 -1.24567514e+01
 2.72092871e+01 -1.18040341e+01
 2.77953724e+01 -1.12973394e+01
 2.77953724e+01 -1.12973394e+01
 2.77953724e+01 -1.12973394e+01
 2.77953724e+01 -1.12973394e+01
 2.77953724e+01 -1.12973394e+01
 2.77953724e+01 -1.12973394e+01
 2.77953724e+01 -1.12973394e+01
 2.77953724e+01 -1.12973394e+01
 2.77953724e+01 -1.12973394e+01
 2.77953724e+01 -1.12973394e+01
 2.77953724e+01 -1.12973394e+01
 2.77953724e+01 -1.12973394e+01
 2.77953724e+01 -1.12973394e+01
 2.77953724e+01 -1.12973394e+01
 2.77953724e+01 -1.12973394e+01
 2.77953724e+01 -1.12973394e+01
 2.77953724e+01 -1.12973394e+01
 2.77953724e+01 -1.12973394e+01
 2.77953724e+01 -1.12973394e+01
 2.77953724e+01 -1.12973394e+01
 2.77953724e+01 -1.12973394e+01
 2.77953724e+01 -1.12973394e+01
 2.77953724e+01 -1.12973394e+01
 2.77953724e+01 -1.12973394e+01
 2.77953724e+01 -1.12973394e+01
 2.77953724e+01 -1.12973394e+01
 2.77953724e+01 -1.12973394e+01
 2.77953724e+01 -1.12973394e+01
 2.77953724e+01 -1.12973394e+01
 2.77953724e+01 -1.12973394e+01
 2.77953724e+01 -1.12973394e+01
 2.77953724e+01 -1.12973394e+01
 2.77953724e+01 -1.12973394e+01
 2.77953724e+01 -1.12973394e+01
 2.77953724e+01 -1.12973394e+01
 2.77953724e+01 -1.12973394e+01
 2.77953724e+01 -1.12973394e+01
 2.77953724e+01 -1.12973394e+01
 2.77953724e+01 -1.12973394e+01
 2.77953724e+01 -1.12973394e+01
 2.77953724e+01 -1.12973394e+01
 2.77953724e+01 -1.12973394e+01
 2.77953724e+01 -1.12973394e+01
