 0.00000000e+00 0.00000000e+00
 0.00000000e+00 0.00000000e+00
 0.00000000e+00 0.00000000e+00
 0.00000000e+00 0.00000000e+00
 0.00000000e+00 0.00000000e+00
 0.00000000e+00 0.00000000e+00
 0.00000000e+00 0.00000000e+00
 0.00000000e+00 0.00000000e+00
 0.00000000e+00 0.00000000e+00
 0.00000000e+00 0.00000000e+00
 0.00000000e+00 0.00000000e+00
 0.00000000e+00 0.00000000e+00
 -2.16773397e-02 -2.08987039e-02
 -6.38091747e-02 -8.83271582e-02
 -1.37607107e-01 -2.38567516e-01
 -2.56719487e-01 -5.13789671e-01
 -4.36615197e-01 -9.57556235e-01
 -6.93765699e-01 -1.61146386e+00
 -1.04502638e+00 -2.51291970e+00
 -1.50701715e+00 -3.69343812e+00
 -2.09505117e+00 -5.17666869e+00
 -2.82187554e+00 -6.97530740e+00
 -3.69688739e+00 -9.08714268e+00
 -4.72591110e+00 -1.14923512e+01
 -5.91097986e+00 -1.41543476e+01
 -7.24957143e+00 -1.70240544e+01
 -8.73314801e+00 -2.00448614e+01
 -1.03452503e+01 -2.31557999e+01
 -1.20597544e+01 -2.62931219e+01
 -1.38401481e+01 -2.93921339e+01
 -1.56405557e+01 -3.23901229e+01
 -1.74086764e+01 -3.52294663e+01
 -1.90900696e+01 -3.78598176e+01
 -2.06327968e+01 -4.02394049e+01
 -2.19916692e+01 -4.23362067e+01
 -2.31318818e+01 -4.41291443e+01
 -2.40316886e+01 -4.56084339e+01
 -2.46830370e+01 -4.67742525e+01
 -2.50893733e+01 -4.76339732e+01
 -2.52618897e+01 -4.81993446e+01
 -2.52169555e+01 -4.84851026e+01
 -2.49755713e+01 -4.85091949e+01
 -2.45624893e+01 -4.82930247e+01
 -2.40030861e+01 -4.78599184e+01
 -2.33195601e+01 -4.72321026e+01
 -2.25290843e+01 -4.64284998e+01
 -2.16441206e+01 -4.54649659e+01
 -2.06733378e+01 -4.43560473e+01
 -1.96222357e+01 -4.31162190e+01
 -1.84937505e+01 -4.17600856e+01
 -1.72893465e+01 -4.03029553e+01
 -1.60108769e+01 -3.87631079e+01
 -1.46634553e+01 -3.71652184e+01
 -1.32592124e+01 -3.55429232e+01
 -1.18206532e+01 -3.39388739e+01
 -1.03814563e+01 -3.24021863e+01
 -8.98340709e+00 -3.09843878e+01
 -7.67038735e+00 -2.97350253e+01
 -6.48211925e+00 -2.86976559e+01
 -5.45015433e+00 -2.79066335e+01
 -4.59660949e+00 -2.73849460e+01
 -3.93433490e+00 -2.71432646e+01
 -3.46727839e+00 -2.71804143e+01
 -3.19118225e+00 -2.74853034e+01
 -3.09525138e+00 -2.80396587e+01
 -3.16440116e+00 -2.88203310e+01
 -3.38103872e+00 -2.98003805e+01
 -3.72617962e+00 -3.09493314e+01
 -4.18021771e+00 -3.22336719e+01
 -4.72306053e+00 -3.36182982e+01
 -5.33358059e+00 -3.50686108e+01
 -5.98939370e+00 -3.65522779e+01
 -6.66766873e+00 -3.80399004e+01
 -7.34632243e+00 -3.95045854e+01
 -8.00459410e+00 -4.09209207e+01
 -8.62284734e+00 -4.22639827e+01
 -9.18226348e+00 -4.35091158e+01
 -9.66502098e+00 -4.46329720e+01
 -1.00548634e+01 -4.56154208e+01
 -1.03375547e+01 -4.64411714e+01
 -1.05008562e+01 -4.71000832e+01
 -1.05340523e+01 -4.75859914e+01
 -1.04277374e+01 -4.78948224e+01
 -1.01747704e+01 -4.80234112e+01
 -9.77188920e+00 -4.79700992e+01
 -9.22013848e+00 -4.77365551e+01
 -8.52343373e+00 -4.73288322e+01
 -7.68678297e+00 -4.67566688e+01
 -6.71598819e+00 -4.60326050e+01
 -5.61914075e+00 -4.51729891e+01
 -4.40873283e+00 -4.42003469e+01
 -3.10272519e+00 -4.31442429e+01
 -1.72358620e+00 -4.20386823e+01
 -2.95670527e-01 -4.09171557e+01
 1.15758995e+00 -3.98082111e+01
 2.61512108e+00 -3.87335196e+01
 4.05783553e+00 -3.77083404e+01
 5.46752950e+00 -3.67431380e+01
 6.82646051e+00 -3.58452577e+01
 8.11792764e+00 -3.50202083e+01
 9.32712266e+00 -3.42725262e+01
 1.04415295e+01 -3.36062021e+01
 1.14508636e+01 -3.30245456e+01
 1.23473295e+01 -3.25294325e+01
 1.31272262e+01 -3.21200225e+01
 1.37940535e+01 -3.17910111e+01
 1.43615612e+01 -3.15307719e+01
 1.48538921e+01 -3.13209365e+01
 1.53007171e+01 -3.11394796e+01
 1.57288158e+01 -3.09668880e+01
 1.61552672e+01 -3.07913823e+01
 1.65865283e+01 -3.06094728e+01
 1.70224675e+01 -3.04225223e+01
 1.74610198e+01 -3.02329412e+01
 1.79006048e+01 -3.00423527e+01
 1.83404949e+01 -2.98514716e+01
 1.87804540e+01 -2.96605251e+01
 1.92204252e+01 -2.94695672e+01
 1.96603979e+01 -2.92786078e+01
 2.01003702e+01 -2.90876485e+01
 2.05403367e+01 -2.88966917e+01
 2.09802592e+01 -2.87057541e+01
 2.14199197e+01 -2.85149301e+01
 2.18583568e+01 -2.83246371e+01
 2.22923025e+01 -2.81362935e+01
 2.27132671e+01 -2.79535840e+01
 2.31046517e+01 -2.77837130e+01
 2.34428230e+01 -2.76369380e+01
 2.37053404e+01 -2.75229987e+01
 2.37053404e+01 -2.75229987e+01
 2.37053404e+01 -2.75229987e+01
 2.37053404e+01 -2.75229987e+01
 2.37053404e+01 -2.75229987e+01
 2.37053404e+01 -2.75229987e+01
 2.37053404e+01 -2.75229987e+01
 2.37053404e+01 -2.75229987e+01
 2.37053404e+01 -2.75229987e+01
 2.37053404e+01 -2.75229987e+01
 2.37053404e+01 -2.75229987e+01
 2.37053404e+01 -2.75229987e+01
 2.37053404e+01 -2.75229987e+01
 2.37053404e+01 -2.75229987e+01
 2.37053404e+01 -2.75229987e+01
 2.37053404e+01 -2.75229987e+01
 2.37053404e+01 -2.75229987e+01
 2.37053404e+01 -2.75229987e+01
 2.37053404e+01 -2.75229987e+01
 2.37053404e+01 -2.75229987e+01
 2.37053404e+01 -2.75229987e+01
 2.37053404e+01 -2.75229987e+01
 2.37053404e+01 -2.75229987e+01
 2.37053404e+01 -2.75229987e+01
 2.37053404e+01 -2.75229987e+01
 2.37053404e+01 -2.75229987e+01
 2.37053404e+01 -2.75229987e+01
 2.37053404e+01 -2.75229987e+01
 2.37053404e+01 -2.75229987e+01
 2.37053404e+01 -2.75229987e+01
 2.37053404e+01 -2.75229987e+01
 2.37053404e+01 -2.75229987e+01
 2.37053404e+01 -2.75229987e+01
 2.37053404e+01 -2.75229987e+01
