 0.00000000e+00 0.00000000e+00
 0.00000000e+00 0.00000000e+00
 0.00000000e+00 0.00000000e+00
 0.00000000e+00 0.00000000e+00
 0.00000000e+00 0.00000000e+00
 0.00000000e+00 0.00000000e+00
 0.00000000e+00 0.00000000e+00
 0.00000000e+00 0.00000000e+00
 0.00000000e+00 0.00000000e+00
 0.00000000e+00 0.00000000e+00
 0.00000000e+00 0.00000000e+00
 0.00000000e+00 0.00000000e+00
 0.00000000e+00 0.00000000e+00
 -4.80382640e-02 -2.78042593e-01
 -1.26324515e-01 -7.01549247e-01
 -2.42349656e-01 -1.29319888e+00
 -4.03753755e-01 -2.06882405e+00
 -6.19276200e-01 -3.04009821e+00
 -8.98887540e-01 -4.21599780e+00
 -1.25353954e+00 -5.60253844e+00
 -1.69514797e+00 -7.20166826e+00
 -2.23630949e+00 -9.01024338e+00
 -2.88902459e+00 -1.10197843e+01
 -3.66289935e+00 -1.32173197e+01
 -4.56402267e+00 -1.55867167e+01
 -5.59486333e+00 -1.81092842e+01
 -6.75436926e+00 -2.07631137e+01
 -8.03728348e+00 -2.35218855e+01
 -9.43239733e+00 -2.63541327e+01
 -1.09204081e+01 -2.92230989e+01
 -1.24725159e+01 -3.20866434e+01
 -1.40504827e+01 -3.48969698e+01
 -1.56082453e+01 -3.76007852e+01
 -1.70950886e+01 -4.01410007e+01
 -1.84603434e+01 -4.24607987e+01
 -1.96588258e+01 -4.45096975e+01
 -2.06553578e+01 -4.62496852e+01
 -2.14269599e+01 -4.76588118e+01
 -2.19626297e+01 -4.87306529e+01
 -2.22615037e+01 -4.94702539e+01
 -2.23300163e+01 -4.98889255e+01
 -2.21785688e+01 -5.00001868e+01
 -2.18186549e+01 -4.98175303e+01
 -2.12611846e+01 -4.93534302e+01
 -2.05159409e+01 -4.86193138e+01
 -1.95919961e+01 -4.76270228e+01
 -1.84990658e+01 -4.63919544e+01
 -1.72490843e+01 -4.49366695e+01
 -1.58568443e+01 -4.32930476e+01
 -1.43396437e+01 -4.15021218e+01
 -1.27172027e+01 -3.96123505e+01
 -1.10128543e+01 -3.76773961e+01
 -9.25560820e+00 -3.57536109e+01
 -7.48184559e+00 -3.38970545e+01
 -5.73559628e+00 -3.21604231e+01
 -4.06675420e+00 -3.05906432e+01
 -2.52690306e+00 -2.92275714e+01
 -1.16333085e+00 -2.81037450e+01
 -1.31935697e-02 -2.72446448e+01
 8.99866752e-01 -2.66686029e+01
 1.56578324e+00 -2.63858066e+01
 1.98582208e+00 -2.63968223e+01
 2.16989640e+00 -2.66919835e+01
 2.13481663e+00 -2.72528641e+01
 1.90323163e+00 -2.80554477e+01
 1.50167929e+00 -2.90729569e+01
 9.57360802e-01 -3.02768715e+01
 2.95669500e-01 -3.16368891e+01
 -4.59672785e-01 -3.31215465e+01
 -1.28449906e+00 -3.46997916e+01
 -2.15206539e+00 -3.63421322e+01
 -3.03232994e+00 -3.80202199e+01
 -3.89298325e+00 -3.97051733e+01
 -4.70146316e+00 -4.13657189e+01
 -5.42660179e+00 -4.29671794e+01
 -6.03912292e+00 -4.44720954e+01
 -6.51120855e+00 -4.58424596e+01
 -6.81577386e+00 -4.70422603e+01
 -6.92628317e+00 -4.80388477e+01
 -6.81809987e+00 -4.88031332e+01
 -6.47138165e+00 -4.93101161e+01
 -5.87375632e+00 -4.95408155e+01
 -5.02098558e+00 -4.94847384e+01
 -3.91582694e+00 -4.91409160e+01
 -2.56666837e+00 -4.85169632e+01
 -9.87366945e-01 -4.76280409e+01
 8.00846234e-01 -4.64979457e+01
 2.76581230e+00 -4.51620413e+01
 4.86180395e+00 -4.36689080e+01
 7.03124887e+00 -4.20774164e+01
 9.21241650e+00 -4.04485992e+01
 1.13514114e+01 -3.88347947e+01
 1.34139722e+01 -3.72701632e+01
 1.53912934e+01 -3.57666627e+01
 1.72962315e+01 -3.43175539e+01
 1.91520906e+01 -3.29064691e+01
 2.09810330e+01 -3.15167912e+01
 2.27980065e+01 -3.01368784e+01
 2.46106701e+01 -2.87605741e+01
 2.64220800e+01 -2.73853473e+01
 2.82331962e+01 -2.60103796e+01
 3.00442571e+01 -2.46354619e+01
 3.18553096e+01 -2.32605518e+01
 3.36663610e+01 -2.18856429e+01
 3.54774098e+01 -2.05107359e+01
 3.72884347e+01 -1.91358470e+01
 3.90992783e+01 -1.77610958e+01
 4.09090437e+01 -1.63871632e+01
 4.27137731e+01 -1.50170537e+01
 4.45000148e+01 -1.36609797e+01
 4.62328227e+01 -1.23454714e+01
 4.78438708e+01 -1.11224004e+01
 4.92358783e+01 -1.00656200e+01
 5.03164730e+01 -9.24525716e+00
 5.03164730e+01 -9.24525716e+00
 5.03164730e+01 -9.24525716e+00
 5.03164730e+01 -9.24525716e+00
 5.03164730e+01 -9.24525716e+00
 5.03164730e+01 -9.24525716e+00
 5.03164730e+01 -9.24525716e+00
 5.03164730e+01 -9.24525716e+00
 5.03164730e+01 -9.24525716e+00
 5.03164730e+01 -9.24525716e+00
 5.03164730e+01 -9.24525716e+00
 5.03164730e+01 -9.24525716e+00
 5.03164730e+01 -9.24525716e+00
 5.03164730e+01 -9.24525716e+00
 5.03164730e+01 -9.24525716e+00
 5.03164730e+01 -9.24525716e+00
 5.03164730e+01 -9.24525716e+00
 5.03164730e+01 -9.24525716e+00
 5.03164730e+01 -9.24525716e+00
 5.03164730e+01 -9.24525716e+00
 5.03164730e+01 -9.24525716e+00
 5.03164730e+01 -9.24525716e+00
 5.03164730e+01 -9.24525716e+00
 5.03164730e+01 -9.24525716e+00
 5.03164730e+01 -9.24525716e+00
 5.03164730e+01 -9.24525716e+00
 5.03164730e+01 -9.24525716e+00
 5.03164730e+01 -9.24525716e+00
 5.03164730e+01 -9.24525716e+00
 5.03164730e+01 -9.24525716e+00
 5.03164730e+01 -9.24525716e+00
 5.03164730e+01 -9.24525716e+00
 5.03164730e+01 -9.24525716e+00
 5.03164730e+01 -9.24525716e+00
 5.03164730e+01 -9.24525716e+00
 5.03164730e+01 -9.24525716e+00
 5.03164730e+01 -9.24525716e+00
 5.03164730e+01 -9.24525716e+00
 5.03164730e+01 -9.24525716e+00
 5.03164730e+01 -9.24525716e+00
 5.03164730e+01 -9.24525716e+00
 5.03164730e+01 -9.24525716e+00
 5.03164730e+01 -9.24525716e+00
 5.03164730e+01 -9.24525716e+00
 5.03164730e+01 -9.24525716e+00
 5.03164730e+01 -9.24525716e+00
 5.03164730e+01 -9.24525716e+00
 5.03164730e+01 -9.24525716e+00
 5.03164730e+01 -9.24525716e+00
