 0.00000000e+00 0.00000000e+00
 0.00000000e+00 0.00000000e+00
 0.00000000e+00 0.00000000e+00
 0.00000000e+00 0.00000000e+00
 5.09368999e-02 1.83762378e-01
 1.08995730e-01 3.98974785e-01
 1.65276639e-01 6.15551539e-01
 2.10458520e-01 8.04592286e-01
 2.35554292e-01 9.44846968e-01
 2.30953572e-01 1.02144149e+00
 1.85192329e-01 1.02093312e+00
 8.53980341e-02 9.27585483e-01
 -8.02827322e-02 7.22955502e-01
 -3.20602144e-01 3.87898614e-01
 -6.41386423e-01 -9.51556353e-02
 -1.04680920e+00 -7.40760926e-01
 -1.53971829e+00 -1.55926510e+00
 -2.12092578e+00 -2.55512824e+00
 -2.78864011e+00 -3.72527083e+00
 -3.53867340e+00 -5.05905595e+00
 -4.36520286e+00 -6.54113722e+00
 -5.26161286e+00 -8.15649785e+00
 -6.22116084e+00 -9.89514945e+00
 -7.23742333e+00 -1.17540829e+01
 -8.30437887e+00 -1.37358950e+01
 -9.41583034e+00 -1.58451111e+01
 -1.05641027e+01 -1.80836645e+01
 -1.17384363e+01 -2.04465918e+01
 -1.29236204e+01 -2.29183042e+01
 -1.40990818e+01 -2.54695980e+01
 -1.52384737e+01 -2.80562871e+01
 -1.63100872e+01 -3.06208851e+01
 -1.72785748e+01 -3.30978607e+01
 -1.81080658e+01 -3.54211732e+01
 -1.87660246e+01 -3.75316657e+01
 -1.92266576e+01 -3.93821734e+01
 -1.94726733e+01 -4.09394761e+01
 -1.94949699e+01 -4.21834970e+01
 -1.92910157e+01 -4.31045237e+01
 -1.88631815e+01 -4.36991611e+01
 -1.82175582e+01 -4.39664494e+01
 -1.73631076e+01 -4.39064703e+01
 -1.63115480e+01 -4.35225766e+01
 -1.50790422e+01 -4.28255934e+01
 -1.36896956e+01 -4.18373062e+01
 -1.21788541e+01 -4.05920245e+01
 -1.05937550e+01 -3.91363407e+01
 -8.99086126e+00 -3.75271966e+01
 -7.43101066e+00 -3.58282206e+01
 -5.97334102e+00 -3.41044439e+01
 -4.66751943e+00 -3.24154186e+01
 -3.54352923e+00 -3.08068901e+01
 -2.60112039e+00 -2.93027185e+01
 -1.80601328e+00 -2.79011926e+01
 -1.10054913e+00 -2.65798320e+01
 -4.26683568e-01 -2.53077508e+01
 2.53304294e-01 -2.40585365e+01
 9.51910954e-01 -2.28164812e+01
 1.66586275e+00 -2.15752626e+01
 2.38798704e+00 -2.03335019e+01
 3.11327724e+00 -1.90913388e+01
 3.83949423e+00 -1.78490252e+01
 4.56591953e+00 -1.66066730e+01
 5.29238105e+00 -1.53643136e+01
 6.01884738e+00 -1.41219533e+01
 6.74531323e+00 -1.28795945e+01
 7.47176954e+00 -1.16372522e+01
 8.19815316e+00 -1.03950341e+01
 8.92410423e+00 -9.15355579e+00
 9.64803524e+00 -7.91553205e+00
 1.03645503e+01 -6.69019069e+00
 1.10596314e+01 -5.50150424e+00
 1.17058711e+01 -4.39634369e+00
 1.22642469e+01 -3.44144246e+00
 1.26977058e+01 -2.70016686e+00
 1.26977058e+01 -2.70016686e+00
 1.26977058e+01 -2.70016686e+00
 1.26977058e+01 -2.70016686e+00
 1.26977058e+01 -2.70016686e+00
 1.26977058e+01 -2.70016686e+00
 1.26977058e+01 -2.70016686e+00
 1.26977058e+01 -2.70016686e+00
 1.26977058e+01 -2.70016686e+00
 1.26977058e+01 -2.70016686e+00
 1.26977058e+01 -2.70016686e+00
 1.26977058e+01 -2.70016686e+00
 1.26977058e+01 -2.70016686e+00
 1.26977058e+01 -2.70016686e+00
 1.26977058e+01 -2.70016686e+00
 1.26977058e+01 -2.70016686e+00
 1.26977058e+01 -2.70016686e+00
 1.26977058e+01 -2.70016686e+00
 1.26977058e+01 -2.70016686e+00
 1.26977058e+01 -2.70016686e+00
 1.26977058e+01 -2.70016686e+00
 1.26977058e+01 -2.70016686e+00
 1.26977058e+01 -2.70016686e+00
 1.26977058e+01 -2.70016686e+00
 1.26977058e+01 -2.70016686e+00
 1.26977058e+01 -2.70016686e+00
 1.26977058e+01 -2.70016686e+00
 1.26977058e+01 -2.70016686e+00
 1.26977058e+01 -2.70016686e+00
 1.26977058e+01 -2.70016686e+00
 1.26977058e+01 -2.70016686e+00
 1.26977058e+01 -2.70016686e+00
 1.26977058e+01 -2.70016686e+00
 1.26977058e+01 -2.70016686e+00
 1.26977058e+01 -2.70016686e+00
