 0.00000000e+00 0.00000000e+00
 0.00000000e+00 0.00000000e+00
 0.00000000e+00 0.00000000e+00
 0.00000000e+00 0.00000000e+00
 -8.12578448e-02 7.49827090e-02
 -2.08957980e-01 1.57157128e-01
 -3.89102073e-01 2.28169719e-01
 -6.24998338e-01 2.67095658e-01
 -9.19324913e-01 2.51715185e-01
 -1.27408460e+00 1.56902082e-01
 -1.68867887e+00 -4.66244309e-02
 -2.15821785e+00 -3.90616044e-01
 -2.67336426e+00 -9.05194535e-01
 -3.22159938e+00 -1.61453848e+00
 -3.78932314e+00 -2.53392382e+00
 -4.36423190e+00 -3.66854804e+00
 -4.93735763e+00 -5.01407321e+00
 -5.50428082e+00 -6.55849181e+00
 -6.06551382e+00 -8.28453259e+00
 -6.62626398e+00 -1.01719737e+01
 -7.19558400e+00 -1.21999495e+01
 -7.78508835e+00 -1.43496513e+01
 -8.40793257e+00 -1.66070926e+01
 -9.07855428e+00 -1.89646204e+01
 -9.81261536e+00 -2.14197832e+01
 -1.06256534e+01 -2.39710143e+01
 -1.15289512e+01 -2.66107001e+01
 -1.25226279e+01 -2.93176147e+01
 -1.35887594e+01 -3.20520811e+01
 -1.46890535e+01 -3.47567763e+01
 -1.57694871e+01 -3.73631287e+01
 -1.67696737e+01 -3.98001581e+01
 -1.76321325e+01 -4.20022532e+01
 -1.83084208e+01 -4.39146073e+01
 -1.87628215e+01 -4.54970444e+01
 -1.89758680e+01 -4.67267326e+01
 -1.89479899e+01 -4.75987751e+01
 -1.87004906e+01 -4.81233699e+01
 -1.82707839e+01 -4.83199940e+01
 -1.77023614e+01 -4.82112485e+01
 -1.70341332e+01 -4.78193594e+01
 -1.62944283e+01 -4.71663975e+01
 -1.55014092e+01 -4.62768621e+01
 -1.46673487e+01 -4.51804667e+01
 -1.38027393e+01 -4.39137472e+01
 -1.29180174e+01 -4.25199119e+01
 -1.20234692e+01 -4.10465393e+01
 -1.11290902e+01 -3.95410216e+01
 -1.02450192e+01 -3.80444919e+01
 -9.38122973e+00 -3.65859136e+01
 -8.54517439e+00 -3.51785336e+01
 -7.73866473e+00 -3.38205833e+01
 -6.95711826e+00 -3.25004039e+01
 -6.19233975e+00 -3.12035861e+01
 -5.43651142e+00 -2.99184872e+01
 -4.68447478e+00 -2.86381363e+01
 -3.93371104e+00 -2.73593304e+01
 -3.18328531e+00 -2.60809260e+01
 -2.43293045e+00 -2.48026046e+01
 -1.68258729e+00 -2.35242967e+01
 -9.32245737e-01 -2.22459908e+01
 -1.81905359e-01 -2.09676867e+01
 5.68425111e-01 -1.96893995e+01
 1.31868049e+00 -1.84112403e+01
 2.06848910e+00 -1.71338422e+01
 2.81621128e+00 -1.58599986e+01
 3.55627374e+00 -1.45992043e+01
 4.27419795e+00 -1.33761255e+01
 4.94167549e+00 -1.22389892e+01
 5.51840177e+00 -1.12564597e+01
 5.96610579e+00 -1.04937367e+01
 5.96610579e+00 -1.04937367e+01
 5.96610579e+00 -1.04937367e+01
 5.96610579e+00 -1.04937367e+01
 5.96610579e+00 -1.04937367e+01
 5.96610579e+00 -1.04937367e+01
 5.96610579e+00 -1.04937367e+01
 5.96610579e+00 -1.04937367e+01
 5.96610579e+00 -1.04937367e+01
 5.96610579e+00 -1.04937367e+01
 5.96610579e+00 -1.04937367e+01
 5.96610579e+00 -1.04937367e+01
 5.96610579e+00 -1.04937367e+01
 5.96610579e+00 -1.04937367e+01
 5.96610579e+00 -1.04937367e+01
 5.96610579e+00 -1.04937367e+01
 5.96610579e+00 -1.04937367e+01
 5.96610579e+00 -1.04937367e+01
 5.96610579e+00 -1.04937367e+01
 5.96610579e+00 -1.04937367e+01
 5.96610579e+00 -1.04937367e+01
 5.96610579e+00 -1.04937367e+01
 5.96610579e+00 -1.04937367e+01
 5.96610579e+00 -1.04937367e+01
 5.96610579e+00 -1.04937367e+01
 5.96610579e+00 -1.04937367e+01
 5.96610579e+00 -1.04937367e+01
 5.96610579e+00 -1.04937367e+01
 5.96610579e+00 -1.04937367e+01
 5.96610579e+00 -1.04937367e+01
 5.96610579e+00 -1.04937367e+01
 5.96610579e+00 -1.04937367e+01
 5.96610579e+00 -1.04937367e+01
 5.96610579e+00 -1.04937367e+01
 5.96610579e+00 -1.04937367e+01
 5.96610579e+00 -1.04937367e+01
 5.96610579e+00 -1.04937367e+01
 5.96610579e+00 -1.04937367e+01
 5.96610579e+00 -1.04937367e+01
