 0.00000000e+00 0.00000000e+00
 0.00000000e+00 0.00000000e+00
 0.00000000e+00 0.00000000e+00
 0.00000000e+00 0.00000000e+00
 2.04629773e-02 1.57822660e-01
 3.47016972e-02 3.22341005e-01
 2.37815307e-02 4.47196210e-01
 -3.69528480e-02 4.80789808e-01
 -1.72594670e-01 3.74106097e-01
 -4.03247848e-01 8.44540076e-02
 -7.41247605e-01 -4.22131782e-01
 -1.19233066e+00 -1.16876909e+00
 -1.75870161e+00 -2.16702883e+00
 -2.44058702e+00 -3.41819012e+00
 -3.23523577e+00 -4.91534780e+00
 -4.13508539e+00 -6.64508935e+00
 -5.12716468e+00 -8.58873214e+00
 -6.19445435e+00 -1.07239897e+01
 -7.31846584e+00 -1.30271868e+01
 -8.48146912e+00 -1.54747308e+01
 -9.66688884e+00 -1.80423011e+01
 -1.08573381e+01 -2.07015041e+01
 -1.20312621e+01 -2.34153801e+01
 -1.31605363e+01 -2.61351695e+01
 -1.42112579e+01 -2.88007699e+01
 -1.51477974e+01 -3.13459030e+01
 -1.59377172e+01 -3.37064416e+01
 -1.65549993e+01 -3.58284801e+01
 -1.69812314e+01 -3.76732942e+01
 -1.72063506e+01 -3.92186138e+01
 -1.72300756e+01 -4.04574221e+01
 -1.70630484e+01 -4.13954778e+01
 -1.67256693e+01 -4.20476427e+01
 -1.62440197e+01 -4.24327975e+01
 -1.56445410e+01 -4.25683788e+01
 -1.49497651e+01 -4.24667224e+01
 -1.41761922e+01 -4.21347750e+01
 -1.33340529e+01 -4.15768695e+01
 -1.24281851e+01 -4.07987827e+01
 -1.14594743e+01 -3.98111341e+01
 -1.04268370e+01 -3.86312509e+01
 -9.32992896e+00 -3.72837894e+01
 -8.17226293e+00 -3.58005762e+01
 -6.96377728e+00 -3.42196421e+01
 -5.72191207e+00 -3.25831892e+01
 -4.47059467e+00 -3.09342922e+01
 -3.23659477e+00 -2.93121474e+01
 -2.04322957e+00 -2.77461505e+01
 -9.03438882e-01 -2.62505394e+01
 1.83688861e-01 -2.48227666e+01
 1.23009556e+00 -2.34477293e+01
 2.25146722e+00 -2.21060483e+01
 3.26063434e+00 -2.07815022e+01
 4.26512444e+00 -1.94640724e+01
 5.26822458e+00 -1.81490209e+01
 6.27101113e+00 -1.68346065e+01
 7.27374604e+00 -1.55203285e+01
 8.27647531e+00 -1.42060737e+01
 9.27920431e+00 -1.28918221e+01
 1.02819332e+01 -1.15775709e+01
 1.12846608e+01 -1.02633216e+01
 1.22873752e+01 -8.94908962e+00
 1.32899892e+01 -7.63498916e+00
 1.42920061e+01 -6.32167122e+00
 1.52912349e+01 -5.01200776e+00
 1.62802274e+01 -3.71576058e+00
 1.72396352e+01 -2.45828938e+00
 1.81316280e+01 -1.28917740e+00
 1.89023440e+01 -2.79019682e-01
 1.95006394e+01 5.05150711e-01
 1.95006394e+01 5.05150711e-01
 1.95006394e+01 5.05150711e-01
 1.95006394e+01 5.05150711e-01
 1.95006394e+01 5.05150711e-01
 1.95006394e+01 5.05150711e-01
 1.95006394e+01 5.05150711e-01
 1.95006394e+01 5.05150711e-01
 1.95006394e+01 5.05150711e-01
 1.95006394e+01 5.05150711e-01
 1.95006394e+01 5.05150711e-01
 1.95006394e+01 5.05150711e-01
 1.95006394e+01 5.05150711e-01
 1.95006394e+01 5.05150711e-01
 1.95006394e+01 5.05150711e-01
 1.95006394e+01 5.05150711e-01
 1.95006394e+01 5.05150711e-01
 1.95006394e+01 5.05150711e-01
 1.95006394e+01 5.05150711e-01
 1.95006394e+01 5.05150711e-01
 1.95006394e+01 5.05150711e-01
 1.95006394e+01 5.05150711e-01
 1.95006394e+01 5.05150711e-01
 1.95006394e+01 5.05150711e-01
 1.95006394e+01 5.05150711e-01
 1.95006394e+01 5.05150711e-01
 1.95006394e+01 5.05150711e-01
 1.95006394e+01 5.05150711e-01
 1.95006394e+01 5.05150711e-01
 1.95006394e+01 5.05150711e-01
 1.95006394e+01 5.05150711e-01
 1.95006394e+01 5.05150711e-01
 1.95006394e+01 5.05150711e-01
 1.95006394e+01 5.05150711e-01
 1.95006394e+01 5.05150711e-01
 1.95006394e+01 5.05150711e-01
 1.95006394e+01 5.05150711e-01
 1.95006394e+01 5.05150711e-01
 1.95006394e+01 5.05150711e-01
 1.95006394e+01 5.05150711e-01
