 0.00000000e+00 0.00000000e+00
 0.00000000e+00 0.00000000e+00
 0.00000000e+00 0.00000000e+00
 0.00000000e+00 0.00000000e+00
 1.60499336e-02 3.35143970e-01
 2.39482323e-02 7.44429082e-01
 1.49516766e-02 1.18061408e+00
 -1.92960502e-02 1.59416575e+00
 -8.73531933e-02 1.94533296e+00
 -1.99259435e-01 2.20426470e+00
 -3.66993867e-01 2.34456179e+00
 -6.04117616e-01 2.33779238e+00
 -9.25194271e-01 2.15246886e+00
 -1.34475100e+00 1.75675907e+00
 -1.87546342e+00 1.12236432e+00
 -2.52622717e+00 2.27454668e-01
 -3.30084748e+00 -9.41895237e-01
 -4.19720650e+00 -2.39106948e+00
 -5.20676885e+00 -4.11628086e+00
 -6.31508789e+00 -6.10423130e+00
 -7.50389417e+00 -8.33338302e+00
 -8.75411418e+00 -1.07773866e+01
 -1.00481984e+01 -1.34087541e+01
 -1.13705558e+01 -1.61996472e+01
 -1.27063401e+01 -1.91188241e+01
 -1.40398419e+01 -2.21273906e+01
 -1.53533813e+01 -2.51771030e+01
 -1.66266452e+01 -2.82124456e+01
 -1.78362023e+01 -3.11745207e+01
 -1.89556333e+01 -3.40045444e+01
 -1.99572317e+01 -3.66472477e+01
 -2.08154861e+01 -3.90557127e+01
 -2.15109857e+01 -4.11969401e+01
 -2.20327703e+01 -4.30548473e+01
 -2.23783090e+01 -4.46284360e+01
 -2.25519471e+01 -4.59265118e+01
 -2.25631829e+01 -4.69623027e+01
 -2.24253300e+01 -4.77499479e+01
 -2.21540641e+01 -4.83024343e+01
 -2.17653276e+01 -4.86299729e+01
 -2.12730467e+01 -4.87390279e+01
 -2.06877907e+01 -4.86330652e+01
 -2.00172222e+01 -4.83153128e+01
 -1.92683817e+01 -4.77924320e+01
 -1.84507151e+01 -4.70775157e+01
 -1.75778481e+01 -4.61914325e+01
 -1.66667534e+01 -4.51623807e+01
 -1.57350151e+01 -4.40240482e+01
 -1.47983178e+01 -4.28130108e+01
 -1.38696847e+01 -4.15658771e+01
 -1.29600133e+01 -4.03161323e+01
 -1.20779756e+01 -3.90902785e+01
 -1.12282055e+01 -3.79038242e+01
 -1.04093491e+01 -3.67594273e+01
 -9.61461547e+00 -3.56493838e+01
 -8.83508495e+00 -3.45616011e+01
 -8.06324876e+00 -3.34853531e+01
 -7.29452760e+00 -3.24138839e+01
 -6.52681224e+00 -3.13439933e+01
 -5.75935522e+00 -3.02745172e+01
 -4.99195084e+00 -2.92051274e+01
 -4.22455496e+00 -2.81357517e+01
 -3.45716024e+00 -2.70663779e+01
 -2.68976668e+00 -2.59970058e+01
 -1.92238324e+00 -2.49276478e+01
 -1.15507661e+00 -2.38583968e+01
 -3.88226887e-01 -2.27897826e+01
 3.76488974e-01 -2.17241419e+01
 1.13337104e+00 -2.06694177e+01
 1.86761170e+00 -1.96462445e+01
 2.55025919e+00 -1.86949671e+01
 3.14009288e+00 -1.78730268e+01
 3.59797199e+00 -1.72349668e+01
 3.59797199e+00 -1.72349668e+01
 3.59797199e+00 -1.72349668e+01
 3.59797199e+00 -1.72349668e+01
 3.59797199e+00 -1.72349668e+01
 3.59797199e+00 -1.72349668e+01
 3.59797199e+00 -1.72349668e+01
 3.59797199e+00 -1.72349668e+01
 3.59797199e+00 -1.72349668e+01
 3.59797199e+00 -1.72349668e+01
 3.59797199e+00 -1.72349668e+01
 3.59797199e+00 -1.72349668e+01
 3.59797199e+00 -1.72349668e+01
 3.59797199e+00 -1.72349668e+01
 3.59797199e+00 -1.72349668e+01
 3.59797199e+00 -1.72349668e+01
 3.59797199e+00 -1.72349668e+01
 3.59797199e+00 -1.72349668e+01
 3.59797199e+00 -1.72349668e+01
 3.59797199e+00 -1.72349668e+01
 3.59797199e+00 -1.72349668e+01
 3.59797199e+00 -1.72349668e+01
 3.59797199e+00 -1.72349668e+01
 3.59797199e+00 -1.72349668e+01
 3.59797199e+00 -1.72349668e+01
 3.59797199e+00 -1.72349668e+01
 3.59797199e+00 -1.72349668e+01
 3.59797199e+00 -1.72349668e+01
 3.59797199e+00 -1.72349668e+01
 3.59797199e+00 -1.72349668e+01
 3.59797199e+00 -1.72349668e+01
 3.59797199e+00 -1.72349668e+01
 3.59797199e+00 -1.72349668e+01
 3.59797199e+00 -1.72349668e+01
 3.59797199e+00 -1.72349668e+01
 3.59797199e+00 -1.72349668e+01
 3.59797199e+00 -1.72349668e+01
