 0.00000000e+00 0.00000000e+00
 0.00000000e+00 0.00000000e+00
 0.00000000e+00 0.00000000e+00
 0.00000000e+00 0.00000000e+00
 0.00000000e+00 0.00000000e+00
 0.00000000e+00 0.00000000e+00
 0.00000000e+00 0.00000000e+00
 0.00000000e+00 0.00000000e+00
 -6.04274375e-02 5.53314302e-02
 -1.60642093e-01 1.06778395e-01
 -3.09185931e-01 1.33592884e-01
 -5.11908466e-01 1.12585039e-01
 -7.73792512e-01 1.99667372e-02
 -1.10080213e+00 -1.68751096e-01
 -1.50008146e+00 -4.79211619e-01
 -1.97869282e+00 -9.38344289e-01
 -2.54239588e+00 -1.57419501e+00
 -3.19545355e+00 -2.41513840e+00
 -3.94090903e+00 -3.48793347e+00
 -4.78018826e+00 -4.81451865e+00
 -5.71177166e+00 -6.40839258e+00
 -6.72962893e+00 -8.27222617e+00
 -7.82214118e+00 -1.03978163e+01
 -8.97185677e+00 -1.27675797e+01
 -1.01561710e+01 -1.53555042e+01
 -1.13486845e+01 -1.81264925e+01
 -1.25205645e+01 -2.10352443e+01
 -1.36412942e+01 -2.40266190e+01
 -1.46790697e+01 -2.70379819e+01
 -1.56020484e+01 -3.00023389e+01
 -1.63813422e+01 -3.28512792e+01
 -1.69949522e+01 -3.55182071e+01
 -1.74304517e+01 -3.79426928e+01
 -1.76847770e+01 -4.00754447e+01
 -1.77617111e+01 -4.18821157e+01
 -1.76694832e+01 -4.33443486e+01
 -1.74200406e+01 -4.44578935e+01
 -1.70286568e+01 -4.52290047e+01
 -1.65117749e+01 -4.56705984e+01
 -1.58837597e+01 -4.57990737e+01
 -1.51551637e+01 -4.56321547e+01
 -1.43333672e+01 -4.51878203e+01
 -1.34241031e+01 -4.44841399e+01
 -1.24325775e+01 -4.35398389e+01
 -1.13644876e+01 -4.23756309e+01
 -1.02276698e+01 -4.10161803e+01
 -9.03415489e+00 -3.94919447e+01
 -7.80163070e+00 -3.78399305e+01
 -6.55350391e+00 -3.61028613e+01
 -5.31707443e+00 -3.43266237e+01
 -4.11926459e+00 -3.25557646e+01
 -2.98001919e+00 -3.08271141e+01
 -1.90592429e+00 -2.91631097e+01
 -8.88606933e-01 -2.75682259e+01
 8.98129642e-02 -2.60314981e+01
 1.04771755e+00 -2.45343696e+01
 1.99769286e+00 -2.30591918e+01
 2.94571014e+00 -2.15939115e+01
 3.89361765e+00 -2.01322507e+01
 4.84167226e+00 -1.86716598e+01
 5.78980360e+00 -1.72113235e+01
 6.73795717e+00 -1.57510359e+01
 7.68611519e+00 -1.42907558e+01
 8.63427377e+00 -1.28304767e+01
 9.58243113e+00 -1.13701997e+01
 1.05305760e+01 -9.90994189e+00
 1.14786260e+01 -8.44983027e+00
 1.24261114e+01 -6.99058812e+00
 1.33709603e+01 -5.53540650e+00
 1.43061302e+01 -4.09513185e+00
 1.52133253e+01 -2.69794163e+00
 1.60567742e+01 -1.39892832e+00
 1.67855465e+01 -2.76530856e-01
 1.73512816e+01 5.94769582e-01
 1.73512816e+01 5.94769582e-01
 1.73512816e+01 5.94769582e-01
 1.73512816e+01 5.94769582e-01
 1.73512816e+01 5.94769582e-01
 1.73512816e+01 5.94769582e-01
 1.73512816e+01 5.94769582e-01
 1.73512816e+01 5.94769582e-01
 1.73512816e+01 5.94769582e-01
 1.73512816e+01 5.94769582e-01
 1.73512816e+01 5.94769582e-01
 1.73512816e+01 5.94769582e-01
 1.73512816e+01 5.94769582e-01
 1.73512816e+01 5.94769582e-01
 1.73512816e+01 5.94769582e-01
 1.73512816e+01 5.94769582e-01
 1.73512816e+01 5.94769582e-01
 1.73512816e+01 5.94769582e-01
 1.73512816e+01 5.94769582e-01
 1.73512816e+01 5.94769582e-01
 1.73512816e+01 5.94769582e-01
 1.73512816e+01 5.94769582e-01
 1.73512816e+01 5.94769582e-01
 1.73512816e+01 5.94769582e-01
 1.73512816e+01 5.94769582e-01
 1.73512816e+01 5.94769582e-01
 1.73512816e+01 5.94769582e-01
 1.73512816e+01 5.94769582e-01
 1.73512816e+01 5.94769582e-01
 1.73512816e+01 5.94769582e-01
 1.73512816e+01 5.94769582e-01
 1.73512816e+01 5.94769582e-01
 1.73512816e+01 5.94769582e-01
 1.73512816e+01 5.94769582e-01
 1.73512816e+01 5.94769582e-01
 1.73512816e+01 5.94769582e-01
