 0.00000000e+00 0.00000000e+00
 0.00000000e+00 0.00000000e+00
 0.00000000e+00 0.00000000e+00
 0.00000000e+00 0.00000000e+00
 0.00000000e+00 0.00000000e+00
 0.00000000e+00 0.00000000e+00
 0.00000000e+00 0.00000000e+00
 0.00000000e+00 0.00000000e+00
 -1.00511162e-01 1.98063337e-02
 -2.33865461e-01 2.11353949e-02
 -3.96242451e-01 -2.12680464e-02
 -5.84845370e-01 -1.38150984e-01
 -8.00180447e-01 -3.62402910e-01
 -1.04603304e+00 -7.26449030e-01
 -1.32877509e+00 -1.26098095e+00
 -1.65693526e+00 -1.99485405e+00
 -2.04064850e+00 -2.95506125e+00
 -2.49053288e+00 -4.16546379e+00
 -3.01617648e+00 -5.64392450e+00
 -3.62468023e+00 -7.39901120e+00
 -4.31949067e+00 -9.42813404e+00
 -5.09959203e+00 -1.17179092e+01
 -5.95912633e+00 -1.42454908e+01
 -6.88738857e+00 -1.69788470e+01
 -7.86906122e+00 -1.98756831e+01
 -8.88485145e+00 -2.28830708e+01
 -9.91293471e+00 -2.59398201e+01
 -1.09310296e+01 -2.89811599e+01
 -1.19180032e+01 -3.19434562e+01
 -1.28540127e+01 -3.47675315e+01
 -1.37194321e+01 -3.74010064e+01
 -1.44938264e+01 -3.98004348e+01
 -1.51561599e+01 -4.19331062e+01
 -1.56864553e+01 -4.37779112e+01
 -1.60677915e+01 -4.53248920e+01
 -1.62869959e+01 -4.65734002e+01
 -1.63336809e+01 -4.75291475e+01
 -1.61993942e+01 -4.82009241e+01
 -1.58788057e+01 -4.85980234e+01
 -1.53723175e+01 -4.87291220e+01
 -1.46875937e+01 -4.86026062e+01
 -1.38387332e+01 -4.82276689e+01
 -1.28439930e+01 -4.76155856e+01
 -1.17236664e+01 -4.67810903e+01
 -1.04993008e+01 -4.57438508e+01
 -9.19448875e+00 -4.45296891e+01
 -7.83612358e+00 -4.31709656e+01
 -6.45451217e+00 -4.17055660e+01
 -5.08178707e+00 -4.01743185e+01
 -3.74934027e+00 -3.86174407e+01
 -2.48489553e+00 -3.70710456e+01
 -1.30872918e+00 -3.55641859e+01
 -2.28692259e-01 -3.41162113e+01
 7.63610684e-01 -3.27346349e+01
 1.69093736e+00 -3.14149145e+01
 2.58144010e+00 -3.01435537e+01
 3.45796671e+00 -2.89038362e+01
 4.33286127e+00 -2.76813177e+01
 5.20982535e+00 -2.64665017e+01
 6.08858585e+00 -2.52545065e+01
 6.96818352e+00 -2.40433507e+01
 7.84805146e+00 -2.28323965e+01
 8.72798389e+00 -2.16214812e+01
 9.60792799e+00 -2.04105720e+01
 1.04878736e+01 -1.91996636e+01
 1.13678182e+01 -1.79887570e+01
 1.22477512e+01 -1.67778663e+01
 1.31275961e+01 -1.55670968e+01
 1.40069172e+01 -1.43570483e+01
 1.48837913e+01 -1.31503670e+01
 1.57516828e+01 -1.19560469e+01
 1.65936121e+01 -1.07974538e+01
 1.73763812e+01 -9.72027199e+00
 1.80527238e+01 -8.78954548e+00
 1.85777585e+01 -8.06703634e+00
 1.85777585e+01 -8.06703634e+00
 1.85777585e+01 -8.06703634e+00
 1.85777585e+01 -8.06703634e+00
 1.85777585e+01 -8.06703634e+00
 1.85777585e+01 -8.06703634e+00
 1.85777585e+01 -8.06703634e+00
 1.85777585e+01 -8.06703634e+00
 1.85777585e+01 -8.06703634e+00
 1.85777585e+01 -8.06703634e+00
 1.85777585e+01 -8.06703634e+00
 1.85777585e+01 -8.06703634e+00
 1.85777585e+01 -8.06703634e+00
 1.85777585e+01 -8.06703634e+00
 1.85777585e+01 -8.06703634e+00
 1.85777585e+01 -8.06703634e+00
 1.85777585e+01 -8.06703634e+00
 1.85777585e+01 -8.06703634e+00
 1.85777585e+01 -8.06703634e+00
 1.85777585e+01 -8.06703634e+00
 1.85777585e+01 -8.06703634e+00
 1.85777585e+01 -8.06703634e+00
 1.85777585e+01 -8.06703634e+00
 1.85777585e+01 -8.06703634e+00
 1.85777585e+01 -8.06703634e+00
 1.85777585e+01 -8.06703634e+00
 1.85777585e+01 -8.06703634e+00
 1.85777585e+01 -8.06703634e+00
 1.85777585e+01 -8.06703634e+00
 1.85777585e+01 -8.06703634e+00
 1.85777585e+01 -8.06703634e+00
 1.85777585e+01 -8.06703634e+00
 1.85777585e+01 -8.06703634e+00
 1.85777585e+01 -8.06703634e+00
 1.85777585e+01 -8.06703634e+00
