 0.00000000e+00 0.00000000e+00
 0.00000000e+00 0.00000000e+00
 0.00000000e+00 0.00000000e+00
 0.00000000e+00 0.00000000e+00
 -1.23856005e-02 1.82814802e-01
 -3.00423406e-02 4.06509433e-01
 -5.01235145e-02 6.45021601e-01
 -6.88555586e-02 8.70824962e-01
 -8.47210661e-02 1.06283184e+00
 -1.00393553e-01 1.20813054e+00
 -1.22118751e-01 1.29846673e+00
 -1.58053327e-01 1.32411408e+00
 -2.17863885e-01 1.26841643e+00
 -3.14085873e-01 1.10614657e+00
 -4.63593570e-01 8.06160519e-01
 -6.87437982e-01 3.35437126e-01
 -1.00895400e+00 -3.38338311e-01
 -1.45103685e+00 -1.24527079e+00
 -2.03311636e+00 -2.41063606e+00
 -2.76794727e+00 -3.85057668e+00
 -3.65863144e+00 -5.56814396e+00
 -4.69682267e+00 -7.55217735e+00
 -5.86303384e+00 -9.77948911e+00
 -7.12899631e+00 -1.22184282e+01
 -8.46086724e+00 -1.48311967e+01
 -9.82193268e+00 -1.75736503e+01
 -1.11743578e+01 -2.03936150e+01
 -1.24804213e+01 -2.32302908e+01
 -1.37038422e+01 -2.60168029e+01
 -1.48115384e+01 -2.86857019e+01
 -1.57757918e+01 -3.11751177e+01
 -1.65762943e+01 -3.34332916e+01
 -1.72012680e+01 -3.54211613e+01
 -1.76473774e+01 -3.71141655e+01
 -1.79188833e+01 -3.85037365e+01
 -1.80264518e+01 -3.95972389e+01
 -1.79857326e+01 -4.04148689e+01
 -1.78158715e+01 -4.09836344e+01
 -1.75377971e+01 -4.13302673e+01
 -1.71717307e+01 -4.14755661e+01
 -1.67341319e+01 -4.14320437e+01
 -1.62352763e+01 -4.12048754e+01
 -1.56783485e+01 -4.07941838e+01
 -1.50601137e+01 -4.01969054e+01
 -1.43728706e+01 -3.94085081e+01
 -1.36071130e+01 -3.84256702e+01
 -1.27541006e+01 -3.72497403e+01
 -1.18079282e+01 -3.58895914e+01
 -1.07673477e+01 -3.43628333e+01
 -9.63764292e+00 -3.26954143e+01
 -8.43218913e+00 -3.09202761e+01
 -7.17283004e+00 -2.90757590e+01
 -5.88852675e+00 -2.72038507e+01
 -4.61214441e+00 -2.53472919e+01
 -3.37505364e+00 -2.35442655e+01
 -2.19974860e+00 -2.18211537e+01
 -1.09323702e+00 -2.01865715e+01
 -4.59973128e-02 -1.86308493e+01
 9.61459419e-01 -1.71324538e+01
 1.94863324e+00 -1.56679362e+01
 2.92846688e+00 -1.42195256e+01
 3.90681138e+00 -1.27771947e+01
 4.88528931e+00 -1.13366563e+01
 5.86400637e+00 -9.89652166e+00
 6.84282653e+00 -8.45645392e+00
 7.82167474e+00 -7.01639365e+00
 8.80052840e+00 -5.57633378e+00
 9.77938275e+00 -4.13627404e+00
 1.07582359e+01 -2.69621624e+00
 1.17370761e+01 -1.25617744e+00
 1.27158183e+01 1.83717249e-01
 1.36939777e+01 1.62275451e+00
 1.46694153e+01 3.05778746e+00
 1.56348604e+01 4.47811985e+00
 1.65714252e+01 5.85596436e+00
 1.74421800e+01 7.13699133e+00
 1.81945456e+01 8.24384791e+00
 1.87785958e+01 9.10308418e+00
 1.87785958e+01 9.10308418e+00
 1.87785958e+01 9.10308418e+00
 1.87785958e+01 9.10308418e+00
 1.87785958e+01 9.10308418e+00
 1.87785958e+01 9.10308418e+00
 1.87785958e+01 9.10308418e+00
 1.87785958e+01 9.10308418e+00
 1.87785958e+01 9.10308418e+00
 1.87785958e+01 9.10308418e+00
 1.87785958e+01 9.10308418e+00
 1.87785958e+01 9.10308418e+00
 1.87785958e+01 9.10308418e+00
 1.87785958e+01 9.10308418e+00
 1.87785958e+01 9.10308418e+00
 1.87785958e+01 9.10308418e+00
 1.87785958e+01 9.10308418e+00
 1.87785958e+01 9.10308418e+00
 1.87785958e+01 9.10308418e+00
 1.87785958e+01 9.10308418e+00
 1.87785958e+01 9.10308418e+00
 1.87785958e+01 9.10308418e+00
 1.87785958e+01 9.10308418e+00
 1.87785958e+01 9.10308418e+00
 1.87785958e+01 9.10308418e+00
 1.87785958e+01 9.10308418e+00
 1.87785958e+01 9.10308418e+00
 1.87785958e+01 9.10308418e+00
 1.87785958e+01 9.10308418e+00
 1.87785958e+01 9.10308418e+00
 1.87785958e+01 9.10308418e+00
 1.87785958e+01 9.10308418e+00
