 0.00000000e+00 0.00000000e+00
 0.00000000e+00 0.00000000e+00
 0.00000000e+00 0.00000000e+00
 0.00000000e+00 0.00000000e+00
 5.09600931e-02 1.36066167e-01
 1.09158306e-01 3.01648245e-01
 1.66099476e-01 4.77169792e-01
 2.13755575e-01 6.42058156e-01
 2.46222810e-01 7.79799501e-01
 2.59211200e-01 8.78241044e-01
 2.47439796e-01 9.26680298e-01
 2.01767621e-01 9.12224978e-01
 1.08977237e-01 8.17611675e-01
 -4.52743090e-02 6.21888294e-01
 -2.73268244e-01 3.03364813e-01
 -5.84366196e-01 -1.57489901e-01
 -9.85802656e-01 -7.76726751e-01
 -1.48311743e+00 -1.56647743e+00
 -2.07958279e+00 -2.53406606e+00
 -2.77518558e+00 -3.68069289e+00
 -3.56575936e+00 -5.00094069e+00
 -4.44266696e+00 -6.48405498e+00
 -5.39316495e+00 -8.11657164e+00
 -6.40105955e+00 -9.88471496e+00
 -7.44721127e+00 -1.17751747e+01
 -8.51018540e+00 -1.37742577e+01
 -9.56771368e+00 -1.58666120e+01
 -1.05988581e+01 -1.80348348e+01
 -1.15859927e+01 -2.02605589e+01
 -1.25159933e+01 -2.25265136e+01
 -1.33805682e+01 -2.48180126e+01
 -1.41755681e+01 -2.71222895e+01
 -1.48990325e+01 -2.94256029e+01
 -1.55484138e+01 -3.17099711e+01
 -1.61182948e+01 -3.39517730e+01
 -1.65999141e+01 -3.61228457e+01
 -1.69828553e+01 -3.81928797e+01
 -1.72579396e+01 -4.01315586e+01
 -1.74195887e+01 -4.19100390e+01
 -1.74667124e+01 -4.35026420e+01
 -1.74030690e+01 -4.48895887e+01
 -1.72383747e+01 -4.60601388e+01
 -1.69892075e+01 -4.70141728e+01
 -1.66772375e+01 -4.77607259e+01
 -1.63243005e+01 -4.83138694e+01
 -1.59468072e+01 -4.86877011e+01
 -1.55522311e+01 -4.88920140e+01
 -1.51384495e+01 -4.89296122e+01
 -1.46952294e+01 -4.87963103e+01
 -1.42068739e+01 -4.84840594e+01
 -1.36551561e+01 -4.79855020e+01
 -1.30220461e+01 -4.72972126e+01
 -1.22925215e+01 -4.64209585e+01
 -1.14580634e+01 -4.53647615e+01
 -1.05205720e+01 -4.41454075e+01
 -9.49526808e+00 -4.27920334e+01
 -8.41062351e+00 -4.13480520e+01
 -7.30350365e+00 -3.98670667e+01
 -6.20927263e+00 -3.84005120e+01
 -5.15069383e+00 -3.69820865e+01
 -4.13266578e+00 -3.56198813e+01
 -3.14641678e+00 -3.43021436e+01
 -2.17887985e+00 -3.30106817e+01
 -1.21984364e+00 -3.17311690e+01
 -2.63815857e-01 -3.04558849e+01
 6.91379523e-01 -2.91817699e+01
 1.64639464e+00 -2.79079080e+01
 2.60137920e+00 -2.66340889e+01
 3.55635960e+00 -2.53602757e+01
 4.51133828e+00 -2.40864648e+01
 5.46630434e+00 -2.28126707e+01
 6.42117481e+00 -2.15390041e+01
 7.37547669e+00 -2.02660959e+01
 8.32712309e+00 -1.89967298e+01
 9.26902077e+00 -1.77403672e+01
 1.01827425e+01 -1.65215874e+01
 1.10322594e+01 -1.53884481e+01
 1.17662746e+01 -1.44093721e+01
 1.23360797e+01 -1.36493301e+01
 1.23360797e+01 -1.36493301e+01
 1.23360797e+01 -1.36493301e+01
 1.23360797e+01 -1.36493301e+01
 1.23360797e+01 -1.36493301e+01
 1.23360797e+01 -1.36493301e+01
 1.23360797e+01 -1.36493301e+01
 1.23360797e+01 -1.36493301e+01
 1.23360797e+01 -1.36493301e+01
 1.23360797e+01 -1.36493301e+01
 1.23360797e+01 -1.36493301e+01
 1.23360797e+01 -1.36493301e+01
 1.23360797e+01 -1.36493301e+01
 1.23360797e+01 -1.36493301e+01
 1.23360797e+01 -1.36493301e+01
 1.23360797e+01 -1.36493301e+01
 1.23360797e+01 -1.36493301e+01
 1.23360797e+01 -1.36493301e+01
 1.23360797e+01 -1.36493301e+01
 1.23360797e+01 -1.36493301e+01
 1.23360797e+01 -1.36493301e+01
 1.23360797e+01 -1.36493301e+01
 1.23360797e+01 -1.36493301e+01
 1.23360797e+01 -1.36493301e+01
 1.23360797e+01 -1.36493301e+01
 1.23360797e+01 -1.36493301e+01
 1.23360797e+01 -1.36493301e+01
 1.23360797e+01 -1.36493301e+01
 1.23360797e+01 -1.36493301e+01
 1.23360797e+01 -1.36493301e+01
 1.23360797e+01 -1.36493301e+01
