 0.00000000e+00 0.00000000e+00
 0.00000000e+00 0.00000000e+00
 0.00000000e+00 0.00000000e+00
 0.00000000e+00 0.00000000e+00
 -7.82633901e-02 5.20703842e-02
 -2.02389198e-01 9.17612826e-02
 -3.78489863e-01 8.78200685e-02
 -6.09958321e-01 5.50975645e-03
 -9.00808533e-01 -1.86037788e-01
 -1.25730851e+00 -5.09929703e-01
 -1.68649777e+00 -9.81522965e-01
 -2.19306377e+00 -1.61018343e+00
 -2.77686039e+00 -2.40021147e+00
 -3.43224184e+00 -3.35003262e+00
 -4.14886368e+00 -4.45086662e+00
 -4.91287553e+00 -5.68672770e+00
 -5.70791368e+00 -7.03658538e+00
 -6.51621693e+00 -8.47795556e+00
 -7.32020217e+00 -9.99018649e+00
 -8.10399294e+00 -1.15560553e+01
 -8.85422558e+00 -1.31618187e+01
 -9.56037121e+00 -1.47968443e+01
 -1.02152499e+01 -1.64533016e+01
 -1.08155967e+01 -1.81254447e+01
 -1.13618890e+01 -1.98082353e+01
 -1.18572702e+01 -2.14958762e+01
 -1.23063377e+01 -2.31810616e+01
 -1.27145549e+01 -2.48552694e+01
 -1.30882157e+01 -2.65096981e+01
 -1.34341811e+01 -2.81360143e+01
 -1.37587131e+01 -2.97263978e+01
 -1.40656207e+01 -3.12732075e+01
 -1.43547597e+01 -3.27689583e+01
 -1.46218365e+01 -3.42066652e+01
 -1.48595551e+01 -3.55798015e+01
 -1.50594411e+01 -3.68813638e+01
 -1.52137637e+01 -3.81026757e+01
 -1.53171733e+01 -3.92330992e+01
 -1.53674228e+01 -4.02610699e+01
 -1.53649458e+01 -4.11758971e+01
 -1.53124950e+01 -4.19695641e+01
 -1.52159182e+01 -4.26380510e+01
 -1.50846754e+01 -4.31818935e+01
 -1.49298349e+01 -4.36057014e+01
 -1.47598574e+01 -4.39163032e+01
 -1.45764790e+01 -4.41192631e+01
 -1.43719590e+01 -4.42140783e+01
 -1.41275460e+01 -4.41896965e+01
 -1.38133382e+01 -4.40231849e+01
 -1.33903776e+01 -4.36833189e+01
 -1.28153247e+01 -4.31374613e+01
 -1.20468932e+01 -4.23580101e+01
 -1.10524824e+01 -4.13264297e+01
 -9.81371191e+00 -4.00358595e+01
 -8.33047987e+00 -3.84938485e+01
 -6.62350942e+00 -3.67248671e+01
 -4.73457896e+00 -3.47705340e+01
 -2.72306584e+00 -3.26859715e+01
 -6.58168076e-01 -3.05327902e+01
 1.39261795e+00 -2.83705437e+01
 3.37691677e+00 -2.62481710e+01
 5.26855274e+00 -2.41967422e+01
 7.07013251e+00 -2.22258205e+01
 8.80428884e+00 -2.03259435e+01
 1.04988041e+01 -1.84769090e+01
 1.21750877e+01 -1.66576324e+01
 1.38449204e+01 -1.48525758e+01
 1.55130554e+01 -1.30530392e+01
 1.71808833e+01 -1.12552332e+01
 1.88486831e+01 -9.45786287e+00
 2.05164856e+01 -7.66058020e+00
 2.21842897e+01 -5.86331157e+00
 2.38520939e+01 -4.06604491e+00
 2.55198959e+01 -2.26878088e+00
 2.71876759e+01 -4.71540555e-01
 2.88552890e+01 1.32551990e+00
 3.05219090e+01 3.12151024e+00
 3.21838915e+01 4.91250300e+00
 3.38288485e+01 6.68514873e+00
 3.54245982e+01 8.40476746e+00
 3.69082188e+01 1.00035531e+01
 3.81901240e+01 1.13849653e+01
 3.91852479e+01 1.24573351e+01
 3.91852479e+01 1.24573351e+01
 3.91852479e+01 1.24573351e+01
 3.91852479e+01 1.24573351e+01
 3.91852479e+01 1.24573351e+01
 3.91852479e+01 1.24573351e+01
 3.91852479e+01 1.24573351e+01
 3.91852479e+01 1.24573351e+01
 3.91852479e+01 1.24573351e+01
 3.91852479e+01 1.24573351e+01
 3.91852479e+01 1.24573351e+01
 3.91852479e+01 1.24573351e+01
 3.91852479e+01 1.24573351e+01
 3.91852479e+01 1.24573351e+01
 3.91852479e+01 1.24573351e+01
 3.91852479e+01 1.24573351e+01
 3.91852479e+01 1.24573351e+01
 3.91852479e+01 1.24573351e+01
 3.91852479e+01 1.24573351e+01
 3.91852479e+01 1.24573351e+01
 3.91852479e+01 1.24573351e+01
 3.91852479e+01 1.24573351e+01
 3.91852479e+01 1.24573351e+01
 3.91852479e+01 1.24573351e+01
 3.91852479e+01 1.24573351e+01
 3.91852479e+01 1.24573351e+01
 3.91852479e+01 1.24573351e+01
