 0.00000000e+00 0.00000000e+00
 0.00000000e+00 0.00000000e+00
 0.00000000e+00 0.00000000e+00
 0.00000000e+00 0.00000000e+00
 -9.62303387e-02 1.13200838e-01
 -2.15523867e-01 2.45925484e-01
 -3.50636253e-01 3.76387910e-01
 -4.98505483e-01 4.78804343e-01
 -6.63252382e-01 5.26099236e-01
 -8.55117188e-01 4.89365891e-01
 -1.08730161e+00 3.37350977e-01
 -1.37285926e+00 3.85555308e-02
 -1.72254563e+00 -4.35111552e-01
 -2.14352850e+00 -1.10582410e+00
 -2.63859536e+00 -1.98907237e+00
 -3.20571825e+00 -3.09320209e+00
 -3.83807978e+00 -4.41889267e+00
 -4.52482721e+00 -5.95992789e+00
 -5.25278151e+00 -7.70577148e+00
 -6.00881020e+00 -9.64434140e+00
 -6.78200670e+00 -1.17630107e+01
 -7.56489906e+00 -1.40475086e+01
 -8.35341387e+00 -1.64799728e+01
 -9.14569786e+00 -1.90373583e+01
 -9.94025166e+00 -2.16902821e+01
 -1.07342368e+01 -2.44020892e+01
 -1.15226651e+01 -2.71289856e+01
 -1.22982387e+01 -2.98224912e+01
 -1.30510348e+01 -3.24338888e+01
 -1.37680561e+01 -3.49185799e+01
 -1.44337321e+01 -3.72385484e+01
 -1.50319477e+01 -3.93630658e+01
 -1.55486790e+01 -4.12690151e+01
 -1.59739203e+01 -4.29415240e+01
 -1.63024893e+01 -4.43741878e+01
 -1.65339315e+01 -4.55679039e+01
 -1.66715132e+01 -4.65283688e+01
 -1.67201030e+01 -4.72631253e+01
 -1.66834160e+01 -4.77789232e+01
 -1.65619037e+01 -4.80799028e+01
 -1.63522135e+01 -4.81672654e+01
 -1.60480270e+01 -4.80407544e+01
 -1.56416574e+01 -4.77010042e+01
 -1.51259847e+01 -4.71512025e+01
 -1.44963729e+01 -4.63976599e+01
 -1.37522444e+01 -4.54503668e+01
 -1.28982109e+01 -4.43244883e+01
 -1.19448412e+01 -4.30422418e+01
 -1.09091230e+01 -4.16335935e+01
 -9.81440500e+00 -4.01348482e+01
 -8.68938394e+00 -3.85857622e+01
 -7.56610970e+00 -3.70266487e+01
 -6.47762766e+00 -3.54963773e+01
 -5.45576955e+00 -3.40309716e+01
 -4.52870214e+00 -3.26617762e+01
 -3.71726121e+00 -3.14122776e+01
 -3.02982374e+00 -3.02935200e+01
 -2.45759305e+00 -2.92997154e+01
 -1.97429930e+00 -2.84075497e+01
 -1.54347526e+00 -2.75823369e+01
 -1.13109559e+00 -2.67895880e+01
 -7.15845711e-01 -2.60052399e+01
 -2.90732876e-01 -2.52184375e+01
 1.42558711e-01 -2.44273927e+01
 5.80211585e-01 -2.36336628e+01
 1.01955532e+00 -2.28388102e+01
 1.45939449e+00 -2.20436149e+01
 1.89934512e+00 -2.12483405e+01
 2.33931515e+00 -2.04530522e+01
 2.77928775e+00 -1.96577620e+01
 3.21926003e+00 -1.88624727e+01
 3.65922653e+00 -1.80671938e+01
 4.09914900e+00 -1.72719946e+01
 4.53880951e+00 -1.64772688e+01
 4.97724660e+00 -1.56847545e+01
 5.41119232e+00 -1.49003588e+01
 5.83215697e+00 -1.41394275e+01
 6.22354153e+00 -1.34319649e+01
 6.56171285e+00 -1.28206900e+01
 6.82423020e+00 -1.23461663e+01
 6.82423020e+00 -1.23461663e+01
 6.82423020e+00 -1.23461663e+01
 6.82423020e+00 -1.23461663e+01
 6.82423020e+00 -1.23461663e+01
 6.82423020e+00 -1.23461663e+01
 6.82423020e+00 -1.23461663e+01
 6.82423020e+00 -1.23461663e+01
 6.82423020e+00 -1.23461663e+01
 6.82423020e+00 -1.23461663e+01
 6.82423020e+00 -1.23461663e+01
 6.82423020e+00 -1.23461663e+01
 6.82423020e+00 -1.23461663e+01
 6.82423020e+00 -1.23461663e+01
 6.82423020e+00 -1.23461663e+01
 6.82423020e+00 -1.23461663e+01
 6.82423020e+00 -1.23461663e+01
 6.82423020e+00 -1.23461663e+01
 6.82423020e+00 -1.23461663e+01
 6.82423020e+00 -1.23461663e+01
 6.82423020e+00 -1.23461663e+01
 6.82423020e+00 -1.23461663e+01
 6.82423020e+00 -1.23461663e+01
 6.82423020e+00 -1.23461663e+01
 6.82423020e+00 -1.23461663e+01
 6.82423020e+00 -1.23461663e+01
 6.82423020e+00 -1.23461663e+01
 6.82423020e+00 -1.23461663e+01
 6.82423020e+00 -1.23461663e+01
 6.82423020e+00 -1.23461663e+01
