 0.00000000e+00 0.00000000e+00
 0.00000000e+00 0.00000000e+00
 0.00000000e+00 0.00000000e+00
 0.00000000e+00 0.00000000e+00
 1.15157156e-01 2.19928898e-01
 2.57981531e-01 4.93425956e-01
 4.13112233e-01 7.92031716e-01
 5.63438950e-01 1.08485121e+00
 6.94578814e-01 1.34719595e+00
 7.95916533e-01 1.56203098e+00
 8.58594035e-01 1.71626564e+00
 8.72130649e-01 1.79585011e+00
 8.22198692e-01 1.78223991e+00
 6.91354586e-01 1.65139789e+00
 4.61912143e-01 1.37567234e+00
 1.18599974e-01 9.27542356e-01
 -3.50248982e-01 2.83144196e-01
 -9.52497898e-01 -5.75793960e-01
 -1.69199375e+00 -1.66147813e+00
 -2.56786660e+00 -2.98031708e+00
 -3.57375094e+00 -4.53322261e+00
 -4.69786997e+00 -6.31525337e+00
 -5.92447652e+00 -8.31445383e+00
 -7.23602434e+00 -1.05107157e+01
 -8.61475902e+00 -1.28757607e+01
 -1.00427864e+01 -1.53743306e+01
 -1.15006930e+01 -1.79654201e+01
 -1.29656659e+01 -2.06026315e+01
 -1.44103492e+01 -2.32345469e+01
 -1.58033595e+01 -2.58071180e+01
 -1.71115279e+01 -2.82687811e+01
 -1.83029441e+01 -3.05765856e+01
 -1.93497248e+01 -3.27005115e+01
 -2.02302218e+01 -3.46242007e+01
 -2.09308381e+01 -3.63425206e+01
 -2.14472347e+01 -3.78578497e+01
 -2.17844753e+01 -3.91766914e+01
 -2.19560207e+01 -4.03071758e+01
 -2.19818321e+01 -4.12575382e+01
 -2.18857074e+01 -4.20353591e+01
 -2.16917022e+01 -4.26467214e+01
 -2.14198959e+01 -4.30944949e+01
 -2.10828007e+01 -4.33762107e+01
 -2.06839745e+01 -4.34832397e+01
 -2.02191521e+01 -4.34027584e+01
 -1.96786894e+01 -4.31219958e+01
 -1.90499191e+01 -4.26322583e+01
 -1.83192459e+01 -4.19307784e+01
 -1.74749734e+01 -4.10210436e+01
 -1.65113410e+01 -3.99135475e+01
 -1.54324511e+01 -3.86274692e+01
 -1.42539777e+01 -3.71917312e+01
 -1.30018602e+01 -3.56436191e+01
 -1.17089764e+01 -3.40248528e+01
 -1.04109911e+01 -3.23767694e+01
 -9.14135198e+00 -3.07362118e+01
 -7.92501273e+00 -2.91322288e+01
 -6.77246309e+00 -2.75830599e+01
 -5.67806796e+00 -2.60940645e+01
 -4.62524997e+00 -2.46584982e+01
 -3.59559829e+00 -2.32620331e+01
 -2.57575419e+00 -2.18891258e+01
 -1.55889026e+00 -2.05278245e+01
 -5.42572892e-01 -1.91711624e+01
 4.73743978e-01 -1.78159941e+01
 1.49009811e+00 -1.64612106e+01
 2.50646613e+00 -1.51065062e+01
 3.52283721e+00 -1.37518146e+01
 4.53920867e+00 -1.23971248e+01
 5.55557879e+00 -1.10424371e+01
 6.57193552e+00 -9.68776718e+00
 7.58819053e+00 -8.33323287e+00
 8.60384038e+00 -6.97950515e+00
 9.61666405e+00 -5.62954435e+00
 1.06191123e+01 -4.29341264e+00
 1.15915733e+01 -2.99725002e+00
 1.24957019e+01 -1.79216536e+00
 1.32769039e+01 -7.50925866e-01
 1.38833393e+01 5.73728470e-02
 1.38833393e+01 5.73728470e-02
 1.38833393e+01 5.73728470e-02
 1.38833393e+01 5.73728470e-02
 1.38833393e+01 5.73728470e-02
 1.38833393e+01 5.73728470e-02
 1.38833393e+01 5.73728470e-02
 1.38833393e+01 5.73728470e-02
 1.38833393e+01 5.73728470e-02
 1.38833393e+01 5.73728470e-02
 1.38833393e+01 5.73728470e-02
 1.38833393e+01 5.73728470e-02
 1.38833393e+01 5.73728470e-02
 1.38833393e+01 5.73728470e-02
 1.38833393e+01 5.73728470e-02
 1.38833393e+01 5.73728470e-02
 1.38833393e+01 5.73728470e-02
 1.38833393e+01 5.73728470e-02
 1.38833393e+01 5.73728470e-02
 1.38833393e+01 5.73728470e-02
 1.38833393e+01 5.73728470e-02
 1.38833393e+01 5.73728470e-02
 1.38833393e+01 5.73728470e-02
 1.38833393e+01 5.73728470e-02
 1.38833393e+01 5.73728470e-02
 1.38833393e+01 5.73728470e-02
 1.38833393e+01 5.73728470e-02
 1.38833393e+01 5.73728470e-02
 1.38833393e+01 5.73728470e-02
 1.38833393e+01 5.73728470e-02
 1.38833393e+01 5.73728470e-02
