 0.00000000e+00 0.00000000e+00
 0.00000000e+00 0.00000000e+00
 0.00000000e+00 0.00000000e+00
 0.00000000e+00 0.00000000e+00
 -1.33227884e-01 -9.56784422e-02
 -3.31997429e-01 -2.61536936e-01
 -6.04121329e-01 -5.19995935e-01
 -9.54659490e-01 -8.91227670e-01
 -1.38726974e+00 -1.39291537e+00
 -1.90404116e+00 -2.03986872e+00
 -2.50442164e+00 -2.84245478e+00
 -3.18450259e+00 -3.80462122e+00
 -3.93722274e+00 -4.92323761e+00
 -4.75333541e+00 -6.18996646e+00
 -5.62269073e+00 -7.59526268e+00
 -6.53527646e+00 -9.13240154e+00
 -7.48164069e+00 -1.07991881e+01
 -8.45293942e+00 -1.25967130e+01
 -9.44123218e+00 -1.45265599e+01
 -1.04400789e+01 -1.65881991e+01
 -1.14446962e+01 -1.87768932e+01
 -1.24510899e+01 -2.10812107e+01
 -1.34544079e+01 -2.34798095e+01
 -1.44472074e+01 -2.59389828e+01
 -1.54182597e+01 -2.84133090e+01
 -1.63523228e+01 -3.08502014e+01
 -1.72310076e+01 -3.31964718e+01
 -1.80344741e+01 -3.54039388e+01
 -1.87434336e+01 -3.74326491e+01
 -1.93410436e+01 -3.92524873e+01
 -1.98146610e+01 -4.08444035e+01
 -2.01575405e+01 -4.22011919e+01
 -2.03699334e+01 -4.33266914e+01
 -2.04584550e+01 -4.42328496e+01
 -2.04334503e+01 -4.49355781e+01
 -2.03057586e+01 -4.54509944e+01
 -2.00844359e+01 -4.57929441e+01
 -1.97756016e+01 -4.59717052e+01
 -1.93818968e+01 -4.59934038e+01
 -1.89024687e+01 -4.58599667e+01
 -1.83335247e+01 -4.55699411e+01
 -1.76692898e+01 -4.51204353e+01
 -1.69034195e+01 -4.45096307e+01
 -1.60310900e+01 -4.37389705e+01
 -1.50514175e+01 -4.28148022e+01
 -1.39693311e+01 -4.17497707e+01
 -1.27965415e+01 -4.05638416e+01
 -1.15519855e+01 -3.92842709e+01
 -1.02618315e+01 -3.79439987e+01
 -8.95842090e+00 -3.65787930e+01
 -7.67757903e+00 -3.52241614e+01
 -6.45406585e+00 -3.39124830e+01
 -5.31506496e+00 -3.26693762e+01
 -4.27276107e+00 -3.15085822e+01
 -3.31973120e+00 -3.04277638e+01
 -2.43188328e+00 -2.94097606e+01
 -1.57927523e+00 -2.84305745e+01
 -7.38165454e-01 -2.74692397e+01
 1.03553374e-01 -2.65131726e+01
 9.48780151e-01 -2.55573965e+01
 1.79649635e+00 -2.46009648e+01
 2.64530567e+00 -2.36441169e+01
 3.49445838e+00 -2.26871186e+01
 4.34369180e+00 -2.17300823e+01
 5.19293969e+00 -2.07730389e+01
 6.04218948e+00 -1.98159947e+01
 6.89143833e+00 -1.88589516e+01
 7.74067599e+00 -1.79019211e+01
 8.58982867e+00 -1.69449864e+01
 9.43847569e+00 -1.59886216e+01
 1.02847612e+01 -1.50349179e+01
 1.11223774e+01 -1.40909841e+01
 1.19349371e+01 -1.31752871e+01
 1.26904003e+01 -1.23239338e+01
 1.33431496e+01 -1.15883317e+01
 1.38498691e+01 -1.10172948e+01
 1.38498691e+01 -1.10172948e+01
 1.38498691e+01 -1.10172948e+01
 1.38498691e+01 -1.10172948e+01
 1.38498691e+01 -1.10172948e+01
 1.38498691e+01 -1.10172948e+01
 1.38498691e+01 -1.10172948e+01
 1.38498691e+01 -1.10172948e+01
 1.38498691e+01 -1.10172948e+01
 1.38498691e+01 -1.10172948e+01
 1.38498691e+01 -1.10172948e+01
 1.38498691e+01 -1.10172948e+01
 1.38498691e+01 -1.10172948e+01
 1.38498691e+01 -1.10172948e+01
 1.38498691e+01 -1.10172948e+01
 1.38498691e+01 -1.10172948e+01
 1.38498691e+01 -1.10172948e+01
 1.38498691e+01 -1.10172948e+01
 1.38498691e+01 -1.10172948e+01
 1.38498691e+01 -1.10172948e+01
 1.38498691e+01 -1.10172948e+01
 1.38498691e+01 -1.10172948e+01
 1.38498691e+01 -1.10172948e+01
 1.38498691e+01 -1.10172948e+01
 1.38498691e+01 -1.10172948e+01
 1.38498691e+01 -1.10172948e+01
 1.38498691e+01 -1.10172948e+01
 1.38498691e+01 -1.10172948e+01
 1.38498691e+01 -1.10172948e+01
 1.38498691e+01 -1.10172948e+01
 1.38498691e+01 -1.10172948e+01
 1.38498691e+01 -1.10172948e+01
 1.38498691e+01 -1.10172948e+01
 1.38498691e+01 -1.10172948e+01
