 0.00000000e+00 0.00000000e+00
 0.00000000e+00 0.00000000e+00
 0.00000000e+00 0.00000000e+00
 0.00000000e+00 0.00000000e+00
 -4.30677050e-02 7.83940480e-02
 -1.22919449e-01 1.59087849e-01
 -2.52392535e-01 2.16057065e-01
 -4.42079639e-01 2.18454471e-01
 -7.01190184e-01 1.34885606e-01
 -1.03908780e+00 -6.43839751e-02
 -1.46540356e+00 -4.06701873e-01
 -1.98877068e+00 -9.16871801e-01
 -2.61550735e+00 -1.61685729e+00
 -3.34908385e+00 -2.52491967e+00
 -4.19016150e+00 -3.65427922e+00
 -5.13638181e+00 -5.01193046e+00
 -6.18155172e+00 -6.59838999e+00
 -7.31495269e+00 -8.40848413e+00
 -8.52167174e+00 -1.04321499e+01
 -9.78386125e+00 -1.26539712e+01
 -1.10821223e+01 -1.50513897e+01
 -1.23965106e+01 -1.75930494e+01
 -1.37071969e+01 -2.02390104e+01
 -1.49949273e+01 -2.29432275e+01
 -1.62414590e+01 -2.56569841e+01
 -1.74302799e+01 -2.83318991e+01
 -1.85475984e+01 -3.09227535e+01
 -1.95828868e+01 -3.33910785e+01
 -2.05282366e+01 -3.57087656e+01
 -2.13767741e+01 -3.78594313e+01
 -2.21213035e+01 -3.98365843e+01
 -2.27541479e+01 -4.16401721e+01
 -2.32681507e+01 -4.32735845e+01
 -2.36580673e+01 -4.47416796e+01
 -2.39215637e+01 -4.60492898e+01
 -2.40594551e+01 -4.71999460e+01
 -2.40753110e+01 -4.81951837e+01
 -2.39747927e+01 -4.90346916e+01
 -2.37648510e+01 -4.97169270e+01
 -2.34525089e+01 -5.02396145e+01
 -2.30430517e+01 -5.05999482e+01
 -2.25380637e+01 -5.07945075e+01
 -2.19342024e+01 -5.08188066e+01
 -2.12235302e+01 -5.06669205e+01
 -2.03955945e+01 -5.03323058e+01
 -1.94405195e+01 -4.98101648e+01
 -1.83519205e+01 -4.91000981e+01
 -1.71289197e+01 -4.82076158e+01
 -1.57773462e+01 -4.71444639e+01
 -1.43105924e+01 -4.59286750e+01
 -1.27504630e+01 -4.45847049e+01
 -1.11278041e+01 -4.31429074e+01
 -9.48198329e+00 -4.16375876e+01
 -7.85823913e+00 -4.01041987e+01
 -6.30308605e+00 -3.85771209e+01
 -4.85914235e+00 -3.70884101e+01
 -3.55996996e+00 -3.56661515e+01
 -2.42380471e+00 -3.43308569e+01
 -1.44636519e+00 -3.30904622e+01
 -5.97745888e-01 -3.19372611e+01
 1.69958979e-01 -3.08504845e+01
 9.05113144e-01 -2.98045031e+01
 1.64015624e+00 -2.87778284e+01
 2.38723605e+00 -2.77575599e+01
 3.14527707e+00 -2.67383201e+01
 3.90937502e+00 -2.57187923e+01
 4.67586660e+00 -2.46989881e+01
 5.44306791e+00 -2.36790745e+01
 6.21043016e+00 -2.26591320e+01
 6.97782058e+00 -2.16391841e+01
 7.74521474e+00 -2.06192355e+01
 8.51260826e+00 -1.95992881e+01
 9.27999170e+00 -1.85793542e+01
 1.00472983e+01 -1.75595224e+01
 1.08141481e+01 -1.65402979e+01
 1.15788639e+01 -1.55239095e+01
 1.23357460e+01 -1.45179331e+01
 1.30699866e+01 -1.35420495e+01
 1.37526341e+01 -1.26347386e+01
 1.43424678e+01 -1.18507872e+01
 1.48003469e+01 -1.12422173e+01
 1.48003469e+01 -1.12422173e+01
 1.48003469e+01 -1.12422173e+01
 1.48003469e+01 -1.12422173e+01
 1.48003469e+01 -1.12422173e+01
 1.48003469e+01 -1.12422173e+01
 1.48003469e+01 -1.12422173e+01
 1.48003469e+01 -1.12422173e+01
 1.48003469e+01 -1.12422173e+01
 1.48003469e+01 -1.12422173e+01
 1.48003469e+01 -1.12422173e+01
 1.48003469e+01 -1.12422173e+01
 1.48003469e+01 -1.12422173e+01
 1.48003469e+01 -1.12422173e+01
 1.48003469e+01 -1.12422173e+01
 1.48003469e+01 -1.12422173e+01
 1.48003469e+01 -1.12422173e+01
 1.48003469e+01 -1.12422173e+01
 1.48003469e+01 -1.12422173e+01
 1.48003469e+01 -1.12422173e+01
 1.48003469e+01 -1.12422173e+01
 1.48003469e+01 -1.12422173e+01
 1.48003469e+01 -1.12422173e+01
 1.48003469e+01 -1.12422173e+01
 1.48003469e+01 -1.12422173e+01
 1.48003469e+01 -1.12422173e+01
 1.48003469e+01 -1.12422173e+01
 1.48003469e+01 -1.12422173e+01
 1.48003469e+01 -1.12422173e+01
