 0.00000000e+00 0.00000000e+00
 0.00000000e+00 0.00000000e+00
 0.00000000e+00 0.00000000e+00
 0.00000000e+00 0.00000000e+00
 -1.44174234e-03 1.56218102e-02
 -6.07605612e-03 2.94379178e-02
 -1.83031936e-02 3.87644720e-02
 -4.52796227e-02 4.23644596e-02
 -9.62938830e-02 3.87170121e-02
 -1.81496875e-01 2.31993378e-02
 -3.11144570e-01 -1.37660152e-02
 -4.95552651e-01 -8.64755492e-02
 -7.44743621e-01 -2.12218975e-01
 -1.06732062e+00 -4.09806397e-01
 -1.46930656e+00 -6.99341935e-01
 -1.95351450e+00 -1.10233219e+00
 -2.51929246e+00 -1.64058071e+00
 -3.16266741e+00 -2.33367645e+00
 -3.87721529e+00 -3.19649157e+00
 -4.65545557e+00 -4.23828371e+00
 -5.48996755e+00 -5.46372315e+00
 -6.37363943e+00 -6.87459793e+00
 -7.29920453e+00 -8.47046277e+00
 -8.25866429e+00 -1.02476391e+01
 -9.24295054e+00 -1.21976082e+01
 -1.02416863e+01 -1.43060993e+01
 -1.12428704e+01 -1.65528699e+01
 -1.22326850e+01 -1.89111672e+01
 -1.31956929e+01 -2.13465307e+01
 -1.41153117e+01 -2.38161038e+01
 -1.49743032e+01 -2.62700629e+01
 -1.57553094e+01 -2.86555180e+01
 -1.64416289e+01 -3.09215353e+01
 -1.70182712e+01 -3.30234442e+01
 -1.74731253e+01 -3.49255516e+01
 -1.77978573e+01 -3.66025129e+01
 -1.79880572e+01 -3.80397413e+01
 -1.80426779e+01 -3.92326184e+01
 -1.79635751e+01 -4.01840866e+01
 -1.77555707e+01 -4.09011122e+01
 -1.74260760e+01 -4.13915512e+01
 -1.69834576e+01 -4.16625687e+01
 -1.64352645e+01 -4.17202628e+01
 -1.57878599e+01 -4.15696894e+01
 -1.50472338e+01 -4.12154646e+01
 -1.42199689e+01 -4.06634630e+01
 -1.33141347e+01 -3.99231340e+01
 -1.23400915e+01 -3.90092649e+01
 -1.13107390e+01 -3.79423398e+01
 -1.02410598e+01 -3.67472514e+01
 -9.14749376e+00 -3.54508283e+01
 -8.04752468e+00 -3.40794359e+01
 -6.95908132e+00 -3.26580434e+01
 -5.89894159e+00 -3.12110713e+01
 -4.87985661e+00 -2.97634673e+01
 -3.90740861e+00 -2.83393171e+01
 -2.97866031e+00 -2.69568650e+01
 -2.08402849e+00 -2.56228983e+01
 -1.21155405e+00 -2.43316428e+01
 -3.50991429e-01 -2.30698565e+01
 5.04301447e-01 -2.18241375e+01
 1.35768724e+00 -2.05853520e+01
 2.21051171e+00 -1.93489326e+01
 3.06320253e+00 -1.81131506e+01
 3.91586776e+00 -1.68775039e+01
 4.76852905e+00 -1.56418798e+01
 5.62118976e+00 -1.44062588e+01
 6.47384927e+00 -1.31706397e+01
 7.32649753e+00 -1.19350370e+01
 8.17906046e+00 -1.06995579e+01
 9.03111570e+00 -9.46481458e+00
 9.88080000e+00 -8.23350705e+00
 1.07217801e+01 -7.01481312e+00
 1.15376030e+01 -5.83257524e+00
 1.22961002e+01 -4.73341013e+00
 1.29514710e+01 -3.78368920e+00
 1.34602256e+01 -3.04643498e+00
 1.34602256e+01 -3.04643498e+00
 1.34602256e+01 -3.04643498e+00
 1.34602256e+01 -3.04643498e+00
 1.34602256e+01 -3.04643498e+00
 1.34602256e+01 -3.04643498e+00
 1.34602256e+01 -3.04643498e+00
 1.34602256e+01 -3.04643498e+00
 1.34602256e+01 -3.04643498e+00
 1.34602256e+01 -3.04643498e+00
 1.34602256e+01 -3.04643498e+00
 1.34602256e+01 -3.04643498e+00
 1.34602256e+01 -3.04643498e+00
 1.34602256e+01 -3.04643498e+00
 1.34602256e+01 -3.04643498e+00
 1.34602256e+01 -3.04643498e+00
 1.34602256e+01 -3.04643498e+00
 1.34602256e+01 -3.04643498e+00
 1.34602256e+01 -3.04643498e+00
 1.34602256e+01 -3.04643498e+00
 1.34602256e+01 -3.04643498e+00
 1.34602256e+01 -3.04643498e+00
 1.34602256e+01 -3.04643498e+00
 1.34602256e+01 -3.04643498e+00
 1.34602256e+01 -3.04643498e+00
 1.34602256e+01 -3.04643498e+00
 1.34602256e+01 -3.04643498e+00
 1.34602256e+01 -3.04643498e+00
 1.34602256e+01 -3.04643498e+00
 1.34602256e+01 -3.04643498e+00
 1.34602256e+01 -3.04643498e+00
 1.34602256e+01 -3.04643498e+00
 1.34602256e+01 -3.04643498e+00
