 0.00000000e+00 0.00000000e+00
 0.00000000e+00 0.00000000e+00
 0.00000000e+00 0.00000000e+00
 0.00000000e+00 0.00000000e+00
 1.74412623e-02 1.25083303e-02
 3.64582298e-02 2.19178678e-02
 5.09685270e-02 2.26172290e-02
 5.32350889e-02 6.00612800e-03
 3.28091585e-02 -4.25962133e-02
 -2.59960896e-02 -1.45980655e-01
 -1.44789220e-01 -3.33787374e-01
 -3.48232104e-01 -6.38546760e-01
 -6.59642871e-01 -1.09147787e+00
 -1.09782853e+00 -1.71980319e+00
 -1.67560278e+00 -2.54542315e+00
 -2.39886218e+00 -3.58360571e+00
 -3.26558796e+00 -4.84087916e+00
 -4.26523957e+00 -6.31319767e+00
 -5.37937081e+00 -7.98664852e+00
 -6.58368208e+00 -9.84153500e+00
 -7.85091935e+00 -1.18576364e+01
 -9.15395105e+00 -1.40171882e+01
 -1.04686924e+01 -1.63041756e+01
 -1.17766344e+01 -1.87017559e+01
 -1.30667206e+01 -2.11908190e+01
 -1.43363177e+01 -2.37508781e+01
 -1.55907985e+01 -2.63616979e+01
 -1.68411516e+01 -2.90033402e+01
 -1.80995707e+01 -3.16542694e+01
 -1.93739349e+01 -3.42893164e+01
 -2.06629414e+01 -3.68794463e+01
 -2.19537644e+01 -3.93938054e+01
 -2.32228928e+01 -4.18027927e+01
 -2.44389944e+01 -4.40800579e+01
 -2.55661022e+01 -4.62023654e+01
 -2.65666083e+01 -4.81485629e+01
 -2.74047681e+01 -4.98998377e+01
 -2.80509873e+01 -5.14418187e+01
 -2.84855975e+01 -5.27667639e+01
 -2.87001845e+01 -5.38734884e+01
 -2.86958555e+01 -5.47643113e+01
 -2.84797835e+01 -5.54407327e+01
 -2.80620029e+01 -5.59006076e+01
 -2.74537084e+01 -5.61381818e+01
 -2.66673238e+01 -5.61459577e+01
 -2.57175907e+01 -5.59165376e+01
 -2.46221327e+01 -5.54438791e+01
 -2.34003452e+01 -5.47247050e+01
 -2.20710763e+01 -5.37605527e+01
 -2.06509123e+01 -5.25599796e+01
 -1.91546114e+01 -5.11401353e+01
 -1.75975416e+01 -4.95273917e+01
 -1.59983917e+01 -4.77574006e+01
 -1.43802628e+01 -4.58749976e+01
 -1.27691623e+01 -4.39328602e+01
 -1.11897258e+01 -4.19858849e+01
 -9.65906075e+00 -4.00798134e+01
 -8.18172945e+00 -3.82390580e+01
 -6.74978256e+00 -3.64629732e+01
 -5.34850490e+00 -3.47341813e+01
 -3.96373776e+00 -3.30320490e+01
 -2.58604009e+00 -3.13416623e+01
 -1.21074333e+00 -2.96553388e+01
 1.63908553e-01 -2.79701199e+01
 1.53842380e+00 -2.62851370e+01
 2.91291626e+00 -2.46001938e+01
 4.28740559e+00 -2.29152559e+01
 5.66189274e+00 -2.12303208e+01
 7.03636173e+00 -1.95454080e+01
 8.41069317e+00 -1.78606638e+01
 9.78420623e+00 -1.61769229e+01
 1.11538973e+01 -1.44978672e+01
 1.25095572e+01 -1.28360118e+01
 1.38246638e+01 -1.12238692e+01
 1.50473613e+01 -9.72500773e+00
 1.61038190e+01 -8.42993373e+00
 1.69239313e+01 -7.42458707e+00
 1.69239313e+01 -7.42458707e+00
 1.69239313e+01 -7.42458707e+00
 1.69239313e+01 -7.42458707e+00
 1.69239313e+01 -7.42458707e+00
 1.69239313e+01 -7.42458707e+00
 1.69239313e+01 -7.42458707e+00
 1.69239313e+01 -7.42458707e+00
 1.69239313e+01 -7.42458707e+00
 1.69239313e+01 -7.42458707e+00
 1.69239313e+01 -7.42458707e+00
 1.69239313e+01 -7.42458707e+00
 1.69239313e+01 -7.42458707e+00
 1.69239313e+01 -7.42458707e+00
 1.69239313e+01 -7.42458707e+00
 1.69239313e+01 -7.42458707e+00
 1.69239313e+01 -7.42458707e+00
 1.69239313e+01 -7.42458707e+00
 1.69239313e+01 -7.42458707e+00
 1.69239313e+01 -7.42458707e+00
 1.69239313e+01 -7.42458707e+00
 1.69239313e+01 -7.42458707e+00
 1.69239313e+01 -7.42458707e+00
 1.69239313e+01 -7.42458707e+00
 1.69239313e+01 -7.42458707e+00
 1.69239313e+01 -7.42458707e+00
 1.69239313e+01 -7.42458707e+00
 1.69239313e+01 -7.42458707e+00
 1.69239313e+01 -7.42458707e+00
 1.69239313e+01 -7.42458707e+00
 1.69239313e+01 -7.42458707e+00
 1.69239313e+01 -7.42458707e+00
 1.69239313e+01 -7.42458707e+00
