 0.00000000e+00 0.00000000e+00
 0.00000000e+00 0.00000000e+00
 0.00000000e+00 0.00000000e+00
 0.00000000e+00 0.00000000e+00
 -1.35427678e-04 -3.67557271e-03
 -8.30781855e-04 -1.41768775e-02
 -3.71689001e-03 -3.99569062e-02
 -1.34980374e-02 -9.56888788e-02
 -4.09095609e-02 -2.04205800e-01
 -1.05440041e-01 -3.97832233e-01
 -2.35486708e-01 -7.18054472e-01
 -4.64736746e-01 -1.21261119e+00
 -8.26357013e-01 -1.93018107e+00
 -1.34782869e+00 -2.91379261e+00
 -2.04765366e+00 -4.19415733e+00
 -2.93324738e+00 -5.78401449e+00
 -3.99926359e+00 -7.67480764e+00
 -5.22653500e+00 -9.83691053e+00
 -6.58247695e+00 -1.22234488e+01
 -8.02379652e+00 -1.47762027e+01
 -9.50141992e+00 -1.74316368e+01
 -1.09662438e+01 -2.01260629e+01
 -1.23739586e+01 -2.27999463e+01
 -1.36879720e+01 -2.54013935e+01
 -1.48804642e+01 -2.78883444e+01
 -1.59322836e+01 -3.02289224e+01
 -1.68324079e+01 -3.24000976e+01
 -1.75768813e+01 -3.43856321e+01
 -1.81665060e+01 -3.61743361e+01
 -1.86033668e+01 -3.77590858e+01
 -1.88878869e+01 -3.91365268e+01
 -1.90183824e+01 -4.03069827e+01
 -1.89930463e+01 -4.12737671e+01
 -1.88118134e+01 -4.20414018e+01
 -1.84757874e+01 -4.26133564e+01
 -1.79852114e+01 -4.29907959e+01
 -1.73393656e+01 -4.31733528e+01
 -1.65398406e+01 -4.31613935e+01
 -1.55947217e+01 -4.29581627e+01
 -1.45203300e+01 -4.25706591e+01
 -1.33399361e+01 -4.20095375e+01
 -1.20813717e+01 -4.12891841e+01
 -1.07750915e+01 -4.04288205e+01
 -9.45232403e+00 -3.94546861e+01
 -8.14203794e+00 -3.84019807e+01
 -6.86639211e+00 -3.73132455e+01
 -5.63635396e+00 -3.62301863e+01
 -4.45046362e+00 -3.51815998e+01
 -3.29833509e+00 -3.41761314e+01
 -2.16695888e+00 -3.32058584e+01
 -1.04586200e+00 -3.22567900e+01
 7.11396872e-02 -3.13174943e+01
 1.18683361e+00 -3.03816903e+01
 2.30219400e+00 -2.94468588e+01
 3.41748671e+00 -2.85122388e+01
 4.53276852e+00 -2.75776549e+01
 5.64804882e+00 -2.66430758e+01
 6.76332747e+00 -2.57084984e+01
 7.87859139e+00 -2.47739334e+01
 8.99374370e+00 -2.38394620e+01
 1.01082320e+01 -2.29055470e+01
 1.12196190e+01 -2.19742308e+01
 1.23196209e+01 -2.10524550e+01
 1.33867174e+01 -2.01582533e+01
 1.43788317e+01 -1.93268848e+01
 1.52360567e+01 -1.86085504e+01
 1.59015077e+01 -1.80509181e+01
 1.59015077e+01 -1.80509181e+01
 1.59015077e+01 -1.80509181e+01
 1.59015077e+01 -1.80509181e+01
 1.59015077e+01 -1.80509181e+01
 1.59015077e+01 -1.80509181e+01
 1.59015077e+01 -1.80509181e+01
 1.59015077e+01 -1.80509181e+01
 1.59015077e+01 -1.80509181e+01
 1.59015077e+01 -1.80509181e+01
 1.59015077e+01 -1.80509181e+01
 1.59015077e+01 -1.80509181e+01
 1.59015077e+01 -1.80509181e+01
 1.59015077e+01 -1.80509181e+01
 1.59015077e+01 -1.80509181e+01
 1.59015077e+01 -1.80509181e+01
 1.59015077e+01 -1.80509181e+01
 1.59015077e+01 -1.80509181e+01
 1.59015077e+01 -1.80509181e+01
 1.59015077e+01 -1.80509181e+01
 1.59015077e+01 -1.80509181e+01
 1.59015077e+01 -1.80509181e+01
 1.59015077e+01 -1.80509181e+01
 1.59015077e+01 -1.80509181e+01
 1.59015077e+01 -1.80509181e+01
 1.59015077e+01 -1.80509181e+01
 1.59015077e+01 -1.80509181e+01
 1.59015077e+01 -1.80509181e+01
 1.59015077e+01 -1.80509181e+01
 1.59015077e+01 -1.80509181e+01
 1.59015077e+01 -1.80509181e+01
 1.59015077e+01 -1.80509181e+01
 1.59015077e+01 -1.80509181e+01
 1.59015077e+01 -1.80509181e+01
 1.59015077e+01 -1.80509181e+01
 1.59015077e+01 -1.80509181e+01
 1.59015077e+01 -1.80509181e+01
 1.59015077e+01 -1.80509181e+01
 1.59015077e+01 -1.80509181e+01
 1.59015077e+01 -1.80509181e+01
 1.59015077e+01 -1.80509181e+01
 1.59015077e+01 -1.80509181e+01
 1.59015077e+01 -1.80509181e+01
