 0.00000000e+00 0.00000000e+00
 0.00000000e+00 0.00000000e+00
 0.00000000e+00 0.00000000e+00
 0.00000000e+00 0.00000000e+00
 0.00000000e+00 0.00000000e+00
 0.00000000e+00 0.00000000e+00
 0.00000000e+00 0.00000000e+00
 0.00000000e+00 0.00000000e+00
 0.00000000e+00 0.00000000e+00
 -4.63822423e-02 1.21077872e-01
 -1.33096413e-01 2.50213331e-01
 -2.73684876e-01 3.52572593e-01
 -4.76800605e-01 3.89651965e-01
 -7.45804092e-01 3.26466050e-01
 -1.08086352e+00 1.33757584e-01
 -1.48119801e+00 -2.13314207e-01
 -1.94606495e+00 -7.37055119e-01
 -2.47478575e+00 -1.45766483e+00
 -3.06664714e+00 -2.39172443e+00
 -3.72105626e+00 -3.54938735e+00
 -4.43782571e+00 -4.93161098e+00
 -5.21737708e+00 -6.52933465e+00
 -6.06077218e+00 -8.32605024e+00
 -6.96948409e+00 -1.03026224e+01
 -7.94460266e+00 -1.24403903e+01
 -8.98493453e+00 -1.47192563e+01
 -1.00838071e+01 -1.71119623e+01
 -1.12256264e+01 -1.95796318e+01
 -1.23842716e+01 -2.20725606e+01
 -1.35246695e+01 -2.45351833e+01
 -1.46067235e+01 -2.69107325e+01
 -1.55894527e+01 -2.91431199e+01
 -1.64341687e+01 -3.11781265e+01
 -1.71074316e+01 -3.29672692e+01
 -1.75846799e+01 -3.44741292e+01
 -1.78533519e+01 -3.56789034e+01
 -1.79130505e+01 -3.65774219e+01
 -1.77722575e+01 -3.71755194e+01
 -1.74441111e+01 -3.74831632e+01
 -1.69439943e+01 -3.75116239e+01
 -1.62893323e+01 -3.72735978e+01
 -1.55002592e+01 -3.67845559e+01
 -1.46000315e+01 -3.60642113e+01
 -1.36150127e+01 -3.51380008e+01
 -1.25745715e+01 -3.40385751e+01
 -1.15110288e+01 -3.28065728e+01
 -1.04591531e+01 -3.14894499e+01
 -9.45432671e+00 -3.01378337e+01
 -8.52899705e+00 -2.88003640e+01
 -7.70816929e+00 -2.75188217e+01
 -7.00540237e+00 -2.63245424e+01
 -6.42035019e+00 -2.52354812e+01
 -5.93829019e+00 -2.42532824e+01
 -5.53255914e+00 -2.33623274e+01
 -5.17107831e+00 -2.25343947e+01
 -4.82561942e+00 -2.17390186e+01
 -4.47885261e+00 -2.09536808e+01
 -4.12496289e+00 -2.01674784e+01
 -3.76501306e+00 -1.93780171e+01
 -3.40180941e+00 -1.85863207e+01
 -3.03734140e+00 -1.77936601e+01
 -2.67250269e+00 -1.70007002e+01
 -2.30758057e+00 -1.62076706e+01
 -1.94264395e+00 -1.54146286e+01
 -1.57770541e+00 -1.46215850e+01
 -1.21276716e+00 -1.38285423e+01
 -8.47833708e-01 -1.30355100e+01
 -4.82936775e-01 -1.22425571e+01
 -1.18257130e-01 -1.14500763e+01
 2.45407746e-01 -1.06598008e+01
 6.05347217e-01 -9.87762084e+00
 9.54519444e-01 -9.11883907e+00
 1.27915625e+00 -8.41337492e+00
 1.55965494e+00 -7.80382676e+00
 1.77740189e+00 -7.33064360e+00
 1.77740189e+00 -7.33064360e+00
 1.77740189e+00 -7.33064360e+00
 1.77740189e+00 -7.33064360e+00
 1.77740189e+00 -7.33064360e+00
 1.77740189e+00 -7.33064360e+00
 1.77740189e+00 -7.33064360e+00
 1.77740189e+00 -7.33064360e+00
 1.77740189e+00 -7.33064360e+00
 1.77740189e+00 -7.33064360e+00
 1.77740189e+00 -7.33064360e+00
 1.77740189e+00 -7.33064360e+00
 1.77740189e+00 -7.33064360e+00
 1.77740189e+00 -7.33064360e+00
 1.77740189e+00 -7.33064360e+00
 1.77740189e+00 -7.33064360e+00
 1.77740189e+00 -7.33064360e+00
 1.77740189e+00 -7.33064360e+00
 1.77740189e+00 -7.33064360e+00
 1.77740189e+00 -7.33064360e+00
 1.77740189e+00 -7.33064360e+00
 1.77740189e+00 -7.33064360e+00
 1.77740189e+00 -7.33064360e+00
 1.77740189e+00 -7.33064360e+00
 1.77740189e+00 -7.33064360e+00
 1.77740189e+00 -7.33064360e+00
 1.77740189e+00 -7.33064360e+00
 1.77740189e+00 -7.33064360e+00
 1.77740189e+00 -7.33064360e+00
 1.77740189e+00 -7.33064360e+00
 1.77740189e+00 -7.33064360e+00
 1.77740189e+00 -7.33064360e+00
 1.77740189e+00 -7.33064360e+00
 1.77740189e+00 -7.33064360e+00
 1.77740189e+00 -7.33064360e+00
