 0.00000000e+00 0.00000000e+00
 0.00000000e+00 0.00000000e+00
 0.00000000e+00 0.00000000e+00
 0.00000000e+00 0.00000000e+00
 0.00000000e+00 0.00000000e+00
 0.00000000e+00 0.00000000e+00
 0.00000000e+00 0.00000000e+00
 -1.09295846e-01 4.96882822e-02
 -2.80604226e-01 7.81277084e-02
 -5.17600250e-01 5.14920020e-02
 -8.15968078e-01 -6.49013237e-02
 -1.16862763e+00 -2.99891303e-01
 -1.57054677e+00 -6.73590137e-01
 -2.01998082e+00 -1.19769166e+00
 -2.51671570e+00 -1.87715200e+00
 -3.05996378e+00 -2.71175372e+00
 -3.64781790e+00 -3.69733140e+00
 -4.27820273e+00 -4.82736564e+00
 -4.95019727e+00 -6.09521319e+00
 -5.66491268e+00 -7.49619902e+00
 -6.42583151e+00 -9.02866311e+00
 -7.23880439e+00 -1.06940365e+01
 -8.11161474e+00 -1.24966155e+01
 -9.05270537e+00 -1.44427771e+01
 -1.00690299e+01 -1.65383158e+01
 -1.11637777e+01 -1.87834226e+01
 -1.23348290e+01 -2.11669164e+01
 -1.35739935e+01 -2.36623711e+01
 -1.48664199e+01 -2.62279040e+01
 -1.61899368e+01 -2.88093495e+01
 -1.75149717e+01 -3.13447825e+01
 -1.88058516e+01 -3.37686264e+01
 -2.00234539e+01 -3.60157609e+01
 -2.11284097e+01 -3.80272080e+01
 -2.20840835e+01 -3.97571370e+01
 -2.28588215e+01 -4.11780630e+01
 -2.34271778e+01 -4.22808922e+01
 -2.37703320e+01 -4.30698503e+01
 -2.38763790e+01 -4.35560909e+01
 -2.37408357e+01 -4.37538514e+01
 -2.33669628e+01 -4.36796336e+01
 -2.27654373e+01 -4.33522942e+01
 -2.19535817e+01 -4.27925870e+01
 -2.09547099e+01 -4.20227105e+01
 -1.97977355e+01 -4.10670117e+01
 -1.85166547e+01 -3.99537621e+01
 -1.71494628e+01 -3.87163938e+01
 -1.57363171e+01 -3.73924719e+01
 -1.43169136e+01 -3.60202826e+01
 -1.29270327e+01 -3.46346968e+01
 -1.15943143e+01 -3.32641162e+01
 -1.03340138e+01 -3.19289493e+01
 -9.14666632e+00 -3.06408916e+01
 -8.01989520e+00 -2.94025563e+01
 -6.93458814e+00 -2.82081807e+01
 -5.87240594e+00 -2.70464291e+01
 -4.82055605e+00 -2.59047768e+01
 -3.77232473e+00 -2.47732730e+01
 -2.72505529e+00 -2.36459225e+01
 -1.67796827e+00 -2.25199374e+01
 -6.30901757e-01 -2.13943106e+01
 4.16164917e-01 -2.02687583e+01
 1.46323218e+00 -1.91432182e+01
 2.51029945e+00 -1.80176799e+01
 3.55736532e+00 -1.68921433e+01
 4.60441739e+00 -1.57666216e+01
 5.65136466e+00 -1.46412125e+01
 6.69768850e+00 -1.35164735e+01
 7.74110081e+00 -1.23948643e+01
 8.77382434e+00 -1.12847449e+01
 9.77565493e+00 -1.02078337e+01
 1.07070895e+01 -9.20659420e+00
 1.15118848e+01 -8.34148477e+00
 1.21366354e+01 -7.66991320e+00
 1.21366354e+01 -7.66991320e+00
 1.21366354e+01 -7.66991320e+00
 1.21366354e+01 -7.66991320e+00
 1.21366354e+01 -7.66991320e+00
 1.21366354e+01 -7.66991320e+00
 1.21366354e+01 -7.66991320e+00
 1.21366354e+01 -7.66991320e+00
 1.21366354e+01 -7.66991320e+00
 1.21366354e+01 -7.66991320e+00
 1.21366354e+01 -7.66991320e+00
 1.21366354e+01 -7.66991320e+00
 1.21366354e+01 -7.66991320e+00
 1.21366354e+01 -7.66991320e+00
 1.21366354e+01 -7.66991320e+00
 1.21366354e+01 -7.66991320e+00
 1.21366354e+01 -7.66991320e+00
 1.21366354e+01 -7.66991320e+00
 1.21366354e+01 -7.66991320e+00
 1.21366354e+01 -7.66991320e+00
 1.21366354e+01 -7.66991320e+00
 1.21366354e+01 -7.66991320e+00
 1.21366354e+01 -7.66991320e+00
 1.21366354e+01 -7.66991320e+00
 1.21366354e+01 -7.66991320e+00
 1.21366354e+01 -7.66991320e+00
 1.21366354e+01 -7.66991320e+00
 1.21366354e+01 -7.66991320e+00
 1.21366354e+01 -7.66991320e+00
 1.21366354e+01 -7.66991320e+00
 1.21366354e+01 -7.66991320e+00
 1.21366354e+01 -7.66991320e+00
 1.21366354e+01 -7.66991320e+00
 1.21366354e+01 -7.66991320e+00
 1.21366354e+01 -7.66991320e+00
 1.21366354e+01 -7.66991320e+00
