 0.00000000e+00 0.00000000e+00
 0.00000000e+00 0.00000000e+00
 0.00000000e+00 0.00000000e+00
 0.00000000e+00 0.00000000e+00
 -1.26882301e-01 3.60983914e-02
 -3.00226365e-01 5.97513009e-02
 -5.18858459e-01 4.91838352e-02
 -7.83495087e-01 -2.03326588e-02
 -1.09960782e+00 -1.75261137e-01
 -1.47665779e+00 -4.43728195e-01
 -1.92563013e+00 -8.54479570e-01
 -2.45675219e+00 -1.43409266e+00
 -3.07775240e+00 -2.20338776e+00
 -3.79259606e+00 -3.17457266e+00
 -4.60097282e+00 -4.35017338e+00
 -5.49875584e+00 -5.72378742e+00
 -6.47920572e+00 -7.28194822e+00
 -7.53429334e+00 -9.00637357e+00
 -8.65550627e+00 -1.08762499e+01
 -9.83402736e+00 -1.28705350e+01
 -1.10607156e+01 -1.49703868e+01
 -1.23261542e+01 -1.71613936e+01
 -1.36204923e+01 -1.94343577e+01
 -1.49329137e+01 -2.17832943e+01
 -1.62511959e+01 -2.42009654e+01
 -1.75618448e+01 -2.66742958e+01
 -1.88506916e+01 -2.91822611e+01
 -2.01034774e+01 -3.16969080e+01
 -2.13059739e+01 -3.41857449e+01
 -2.24434823e+01 -3.66132573e+01
 -2.35003195e+01 -3.89413909e+01
 -2.44604278e+01 -4.11309293e+01
 -2.53093844e+01 -4.31450842e+01
 -2.60365243e+01 -4.49542698e+01
 -2.66357169e+01 -4.65397943e+01
 -2.71050423e+01 -4.78950115e+01
 -2.74469935e+01 -4.90240928e+01
 -2.76695532e+01 -4.99395147e+01
 -2.77858578e+01 -5.06591121e+01
 -2.78103844e+01 -5.12028691e+01
 -2.77534613e+01 -5.15893793e+01
 -2.76180726e+01 -5.18321828e+01
 -2.74001021e+01 -5.19366450e+01
 -2.70897840e+01 -5.18984075e+01
 -2.66727025e+01 -5.17042185e+01
 -2.61310434e+01 -5.13349811e+01
 -2.54462808e+01 -5.07699582e+01
 -2.46031866e+01 -4.99910245e+01
 -2.35940190e+01 -4.89864195e+01
 -2.24218395e+01 -4.77540104e+01
 -2.11024865e+01 -4.63042394e+01
 -1.96648725e+01 -4.46624812e+01
 -1.81492268e+01 -4.28697085e+01
 -1.66032767e+01 -4.09800481e+01
 -1.50765440e+01 -3.90544481e+01
 -1.36124385e+01 -3.71508791e+01
 -1.22385633e+01 -3.53130575e+01
 -1.09591591e+01 -3.35616551e+01
 -9.75600172e+00 -3.18928405e+01
 -8.59952028e+00 -3.02859744e+01
 -7.46312064e+00 -2.87161229e+01
 -6.33118044e+00 -2.71638316e+01
 -5.19814548e+00 -2.56180811e+01
 -4.06355304e+00 -2.40742092e+01
 -2.92815884e+00 -2.25307408e+01
 -1.79249461e+00 -2.09873331e+01
 -6.56764463e-01 -1.94439306e+01
 4.78977775e-01 -1.79005280e+01
 1.61472158e+00 -1.63571254e+01
 2.75046403e+00 -1.48137249e+01
 3.88619151e+00 -1.32703448e+01
 5.02180533e+00 -1.17271191e+01
 6.15674291e+00 -1.01848124e+01
 7.28852239e+00 -8.64679739e+00
 8.40870784e+00 -7.12453788e+00
 9.49538403e+00 -5.64781530e+00
 1.05057023e+01 -4.27485815e+00
 1.13786562e+01 -3.08857037e+00
 1.20563173e+01 -2.16767283e+00
 1.20563173e+01 -2.16767283e+00
 1.20563173e+01 -2.16767283e+00
 1.20563173e+01 -2.16767283e+00
 1.20563173e+01 -2.16767283e+00
 1.20563173e+01 -2.16767283e+00
 1.20563173e+01 -2.16767283e+00
 1.20563173e+01 -2.16767283e+00
 1.20563173e+01 -2.16767283e+00
 1.20563173e+01 -2.16767283e+00
 1.20563173e+01 -2.16767283e+00
 1.20563173e+01 -2.16767283e+00
 1.20563173e+01 -2.16767283e+00
 1.20563173e+01 -2.16767283e+00
 1.20563173e+01 -2.16767283e+00
 1.20563173e+01 -2.16767283e+00
 1.20563173e+01 -2.16767283e+00
 1.20563173e+01 -2.16767283e+00
 1.20563173e+01 -2.16767283e+00
 1.20563173e+01 -2.16767283e+00
 1.20563173e+01 -2.16767283e+00
 1.20563173e+01 -2.16767283e+00
 1.20563173e+01 -2.16767283e+00
 1.20563173e+01 -2.16767283e+00
 1.20563173e+01 -2.16767283e+00
 1.20563173e+01 -2.16767283e+00
 1.20563173e+01 -2.16767283e+00
 1.20563173e+01 -2.16767283e+00
 1.20563173e+01 -2.16767283e+00
 1.20563173e+01 -2.16767283e+00
 1.20563173e+01 -2.16767283e+00
