 0.00000000e+00 0.00000000e+00
 0.00000000e+00 0.00000000e+00
 0.00000000e+00 0.00000000e+00
 0.00000000e+00 0.00000000e+00
 6.09555271e-02 1.11721320e-02
 1.27393463e-01 3.00029584e-02
 1.88274346e-01 5.71827365e-02
 2.34357067e-01 9.17926420e-02
 2.59734753e-01 1.32188572e-01
 2.61337561e-01 1.77490934e-01
 2.37698837e-01 2.28623625e-01
 1.87437302e-01 2.88171375e-01
 1.07821505e-01 3.59333432e-01
 -5.91430867e-03 4.44999022e-01
 -1.60304535e-01 5.47498187e-01
 -3.62816133e-01 6.68530565e-01
 -6.20761969e-01 8.08621843e-01
 -9.40228843e-01 9.66196498e-01
 -1.32539542e+00 1.13684160e+00
 -1.77823692e+00 1.31321747e+00
 -2.29826095e+00 1.48573013e+00
 -2.88239795e+00 1.64372496e+00
 -3.52567068e+00 1.77672348e+00
 -4.22276344e+00 1.87522209e+00
 -4.96966678e+00 1.93069495e+00
 -5.76439423e+00 1.93476860e+00
 -6.60654057e+00 1.87823505e+00
 -7.49629334e+00 1.75093366e+00
 -8.43361275e+00 1.54271405e+00
 -9.41767874e+00 1.24462857e+00
 -1.04461285e+01 8.49669602e-01
 -1.15138349e+01 3.53201218e-01
 -1.26117460e+01 -2.46636620e-01
 -1.37265393e+01 -9.48642717e-01
 -1.48411952e+01 -1.74848729e+00
 -1.59359824e+01 -2.63875271e+00
 -1.69894961e+01 -3.60907955e+00
 -1.79798827e+01 -4.64664119e+00
 -1.88864034e+01 -5.73699469e+00
 -1.96911019e+01 -6.86492613e+00
 -2.03801471e+01 -8.01483239e+00
 -2.09445094e+01 -9.17056908e+00
 -2.13798341e+01 -1.03151004e+01
 -2.16856409e+01 -1.14304153e+01
 -2.18640832e+01 -1.24980285e+01
 -2.19184967e+01 -1.35000125e+01
 -2.18521687e+01 -1.44200713e+01
 -2.16677186e+01 -1.52440597e+01
 -2.13667981e+01 -1.59597129e+01
 -2.09495507e+01 -1.65558541e+01
 -2.04140520e+01 -1.70216520e+01
 -1.97565375e+01 -1.73464659e+01
 -1.89728004e+01 -1.75203280e+01
 -1.80604857e+01 -1.75346182e+01
 -1.70216789e+01 -1.73828920e+01
 -1.58651211e+01 -1.70624767e+01
 -1.46074864e+01 -1.65767697e+01
 -1.32733156e+01 -1.59368004e+01
 -1.18934273e+01 -1.51607768e+01
 -1.05022002e+01 -1.42719018e+01
 -9.13465081e+00 -1.32956479e+01
 -7.82391499e+00 -1.22572939e+01
 -6.59891925e+00 -1.11798821e+01
 -5.48195571e+00 -1.00826058e+01
 -4.48672118e+00 -8.97986214e+00
 -3.61789071e+00 -7.88141980e+00
 -2.87256067e+00 -6.79396921e+00
 -2.24261967e+00 -5.72363159e+00
 -1.71675780e+00 -4.67840596e+00
 -1.28174249e+00 -3.66962785e+00
 -9.23595962e-01 -2.71203083e+00
 -6.29241715e-01 -1.82247405e+00
 -3.88207386e-01 -1.01789508e+00
 -1.93278175e-01 -3.13392472e-01
 -3.96439493e-02 2.78889498e-01
 7.62150785e-02 7.49882354e-01
 1.55970709e-01 1.09277758e+00
 1.97335759e-01 1.30170155e+00
 1.93253803e-01 1.37088884e+00
 1.34498871e-01 1.29517337e+00
 1.39273251e-02 1.07139994e+00
 -1.71148274e-01 6.99552147e-01
 -4.19483292e-01 1.83070370e-01
 -7.27325790e-01 -4.70950671e-01
 -1.08874203e+00 -1.25090550e+00
 -1.49482735e+00 -2.13964367e+00
 -1.93310665e+00 -3.11473950e+00
 -2.38818080e+00 -4.15078241e+00
 -2.84351000e+00 -5.22261963e+00
 -3.28327384e+00 -6.30781161e+00
 -3.69333753e+00 -7.38760895e+00
 -4.06128782e+00 -8.44702010e+00
 -4.37636889e+00 -9.47466392e+00
 -4.63018437e+00 -1.04624375e+01
 -4.81811176e+00 -1.14047001e+01
 -4.94017293e+00 -1.22970489e+01
 -4.99981843e+00 -1.31352267e+01
 -5.00059632e+00 -1.39146002e+01
 -4.94301052e+00 -1.46300788e+01
 -4.82411100e+00 -1.52760033e+01
 -4.63958138e+00 -1.58457478e+01
 -4.38577025e+00 -1.63312396e+01
 -4.06009496e+00 -1.67228394e+01
 -3.66054596e+00 -1.70099079e+01
 -3.18568175e+00 -1.71820560e+01
 -2.63566287e+00 -1.72308165e+01
 -2.01405944e+00 -1.71514045e+01
 -1.32984084e+00 -1.69442713e+01
 -5.98761551e-01 -1.66161833e+01
 1.56733921e-01 -1.61805078e+01
 9.09466800e-01 -1.56563818e+01
 1.63069517e+00 -1.50667234e+01
 2.29340171e+00 -1.44355883e+01
 2.87526652e+00 -1.37855997e+01
 3.36162612e+00 -1.31358402e+01
 3.74855273e+00 -1.25003399e+01
 4.04529299e+00 -1.18874412e+01
 4.27400334e+00 -1.13001661e+01
 4.46437894e+00 -1.07372054e+01
 4.64392274e+00 -1.01941636e+01
 4.82952119e+00 -9.66510979e+00
 5.02596138e+00 -9.14432176e+00
 5.23076542e+00 -8.62756962e+00
 5.43992948e+00 -8.11242285e+00
 5.65076870e+00 -7.59779102e+00
 5.86209681e+00 -7.08329141e+00
 6.07353471e+00 -6.56881883e+00
 6.28499170e+00 -6.05435062e+00
 6.49645125e+00 -5.53988304e+00
 6.70791078e+00 -5.02541620e+00
 6.91936755e+00 -4.51095616e+00
 7.13080316e+00 -3.99654761e+00
 7.34211286e+00 -3.48244537e+00
 7.55283456e+00 -2.96977369e+00
 7.76139762e+00 -2.46235386e+00
 7.96372171e+00 -1.97011299e+00
 8.15182902e+00 -1.51246061e+00
 8.31436097e+00 -1.11703135e+00
 8.44053211e+00 -8.10065505e-01
 8.44053211e+00 -8.10065505e-01
 8.44053211e+00 -8.10065505e-01
 8.44053211e+00 -8.10065505e-01
 8.44053211e+00 -8.10065505e-01
 8.44053211e+00 -8.10065505e-01
 8.44053211e+00 -8.10065505e-01
 8.44053211e+00 -8.10065505e-01
 8.44053211e+00 -8.10065505e-01
 8.44053211e+00 -8.10065505e-01
 8.44053211e+00 -8.10065505e-01
 8.44053211e+00 -8.10065505e-01
 8.44053211e+00 -8.10065505e-01
 8.44053211e+00 -8.10065505e-01
 8.44053211e+00 -8.10065505e-01
 8.44053211e+00 -8.10065505e-01
 8.44053211e+00 -8.10065505e-01
 8.44053211e+00 -8.10065505e-01
 8.44053211e+00 -8.10065505e-01
 8.44053211e+00 -8.10065505e-01
 8.44053211e+00 -8.10065505e-01
 8.44053211e+00 -8.10065505e-01
 8.44053211e+00 -8.10065505e-01
 8.44053211e+00 -8.10065505e-01
 8.44053211e+00 -8.10065505e-01
 8.44053211e+00 -8.10065505e-01
 8.44053211e+00 -8.10065505e-01
 8.44053211e+00 -8.10065505e-01
 8.44053211e+00 -8.10065505e-01
 8.44053211e+00 -8.10065505e-01
 8.44053211e+00 -8.10065505e-01
 8.44053211e+00 -8.10065505e-01
 8.44053211e+00 -8.10065505e-01
 8.44053211e+00 -8.10065505e-01
 8.44053211e+00 -8.10065505e-01
 8.44053211e+00 -8.10065505e-01
 8.44053211e+00 -8.10065505e-01
 8.44053211e+00 -8.10065505e-01
 8.44053211e+00 -8.10065505e-01
 8.44053211e+00 -8.10065505e-01
