 0.00000000e+00 0.00000000e+00
 0.00000000e+00 0.00000000e+00
 0.00000000e+00 0.00000000e+00
 0.00000000e+00 0.00000000e+00
 0.00000000e+00 0.00000000e+00
 0.00000000e+00 0.00000000e+00
 0.00000000e+00 0.00000000e+00
 0.00000000e+00 0.00000000e+00
 0.00000000e+00 0.00000000e+00
 0.00000000e+00 0.00000000e+00
 2.44596958e-02 1.47158932e-01
 3.84587125e-02 3.33594322e-01
 2.71049597e-02 5.44093364e-01
 -2.77030638e-02 7.61900565e-01
 -1.46454147e-01 9.72843575e-01
 -3.49264859e-01 1.16586027e+00
 -6.52802447e-01 1.33221718e+00
 -1.07017373e+00 1.46515708e+00
 -1.61366313e+00 1.55970960e+00
 -2.29678416e+00 1.61201170e+00
 -3.13321398e+00 1.61849723e+00
 -4.13357546e+00 1.57585826e+00
 -5.30264457e+00 1.48188428e+00
 -6.63862331e+00 1.33614895e+00
 -8.13434796e+00 1.13962149e+00
 -9.77926387e+00 8.93548198e-01
 -1.15611148e+01 5.98633841e-01
 -1.34671114e+01 2.54857024e-01
 -1.54849380e+01 -1.38657493e-01
 -1.76036242e+01 -5.84192787e-01
 -1.98134082e+01 -1.08602206e+00
 -2.21034474e+01 -1.65010055e+00
 -2.44574289e+01 -2.28247761e+00
 -2.68491402e+01 -2.98710013e+00
 -2.92407922e+01 -3.76418992e+00
 -3.15849888e+01 -4.60984630e+00
 -3.38286410e+01 -5.51648343e+00
 -3.59169150e+01 -6.47329075e+00
 -3.77971028e+01 -7.46661620e+00
 -3.94230627e+01 -8.48098419e+00
 -4.07598053e+01 -9.50101604e+00
 -4.17869245e+01 -1.05133301e+01
 -4.24999151e+01 -1.15073251e+01
 -4.29090249e+01 -1.24748337e+01
 -4.30357249e+01 -1.34094287e+01
 -4.29078338e+01 -1.43058144e+01
 -4.25552860e+01 -1.51590710e+01
 -4.20077350e+01 -1.59635752e+01
 -4.12931999e+01 -1.67121147e+01
 -4.04364759e+01 -1.73960179e+01
 -3.94573936e+01 -1.80063441e+01
 -3.83699107e+01 -1.85350973e+01
 -3.71823920e+01 -1.89755547e+01
 -3.58984149e+01 -1.93220276e+01
 -3.45172577e+01 -1.95699262e+01
 -3.30340936e+01 -1.97161279e+01
 -3.14410403e+01 -1.97589393e+01
 -2.97301496e+01 -1.96976479e+01
 -2.78977381e+01 -1.95325301e+01
 -2.59480308e+01 -1.92656798e+01
 -2.38948096e+01 -1.89020996e+01
 -2.17616709e+01 -1.84505726e+01
 -1.95820273e+01 -1.79241953e+01
 -1.73986278e+01 -1.73402593e+01
 -1.52612860e+01 -1.67191511e+01
 -1.32223891e+01 -1.60825239e+01
 -1.13313556e+01 -1.54513961e+01
 -9.62927072e+00 -1.48444712e+01
 -8.14343874e+00 -1.42763726e+01
 -6.88087293e+00 -1.37555473e+01
 -5.82195383e+00 -1.32824908e+01
 -4.91977969e+00 -1.28497832e+01
 -4.11124893e+00 -1.24449494e+01
 -3.33756247e+00 -1.20551635e+01
 -2.56147504e+00 -1.16711237e+01
 -1.77017594e+00 -1.12881171e+01
 -9.65816154e-01 -1.09046991e+01
 -1.54424277e-01 -1.05208347e+01
 6.59701792e-01 -1.01367571e+01
 1.47462926e+00 -9.75261084e+00
 2.28973691e+00 -9.36844844e+00
 3.10487589e+00 -8.98428313e+00
 3.92001900e+00 -8.60011747e+00
 4.73516145e+00 -8.21595229e+00
 5.55029319e+00 -7.83179217e+00
 6.36534334e+00 -7.44767050e+00
 7.17990816e+00 -7.06377756e+00
 7.99220634e+00 -6.68095286e+00
 8.79618329e+00 -6.30204984e+00
 9.57611004e+00 -5.93448133e+00
 1.03012334e+01 -5.59274091e+00
 1.09277678e+01 -5.29746404e+00
 1.14141372e+01 -5.06824500e+00
 1.14141372e+01 -5.06824500e+00
 1.14141372e+01 -5.06824500e+00
 1.14141372e+01 -5.06824500e+00
 1.14141372e+01 -5.06824500e+00
 1.14141372e+01 -5.06824500e+00
 1.14141372e+01 -5.06824500e+00
 1.14141372e+01 -5.06824500e+00
 1.14141372e+01 -5.06824500e+00
 1.14141372e+01 -5.06824500e+00
 1.14141372e+01 -5.06824500e+00
 1.14141372e+01 -5.06824500e+00
 1.14141372e+01 -5.06824500e+00
 1.14141372e+01 -5.06824500e+00
 1.14141372e+01 -5.06824500e+00
 1.14141372e+01 -5.06824500e+00
 1.14141372e+01 -5.06824500e+00
 1.14141372e+01 -5.06824500e+00
 1.14141372e+01 -5.06824500e+00
 1.14141372e+01 -5.06824500e+00
 1.14141372e+01 -5.06824500e+00
 1.14141372e+01 -5.06824500e+00
 1.14141372e+01 -5.06824500e+00
 1.14141372e+01 -5.06824500e+00
 1.14141372e+01 -5.06824500e+00
 1.14141372e+01 -5.06824500e+00
 1.14141372e+01 -5.06824500e+00
 1.14141372e+01 -5.06824500e+00
 1.14141372e+01 -5.06824500e+00
 1.14141372e+01 -5.06824500e+00
 1.14141372e+01 -5.06824500e+00
 1.14141372e+01 -5.06824500e+00
 1.14141372e+01 -5.06824500e+00
 1.14141372e+01 -5.06824500e+00
 1.14141372e+01 -5.06824500e+00
 1.14141372e+01 -5.06824500e+00
 1.14141372e+01 -5.06824500e+00
 1.14141372e+01 -5.06824500e+00
