 0.00000000e+00 0.00000000e+00
 0.00000000e+00 0.00000000e+00
 0.00000000e+00 0.00000000e+00
 0.00000000e+00 0.00000000e+00
 -1.84833157e-02 1.54232101e-01
 -7.58249528e-02 3.28444794e-01
 -1.88426533e-01 4.91748588e-01
 -3.66762278e-01 6.13892138e-01
 -6.16549772e-01 6.71037555e-01
 -9.41866372e-01 6.44462233e-01
 -1.34649670e+00 5.16755272e-01
 -1.83295473e+00 2.70219857e-01
 -2.40095273e+00 -1.11705199e-01
 -3.04703779e+00 -6.42058511e-01
 -3.76563513e+00 -1.32893173e+00
 -4.55028408e+00 -2.17525453e+00
 -5.39398417e+00 -3.17910563e+00
 -6.28905840e+00 -4.33429301e+00
 -7.22769906e+00 -5.63160258e+00
 -8.20349842e+00 -7.06100551e+00
 -9.21309971e+00 -8.61430082e+00
 -1.02569163e+01 -1.02869518e+01
 -1.13385153e+01 -1.20780918e+01
 -1.24630229e+01 -1.39888202e+01
 -1.36352726e+01 -1.60200224e+01
 -1.48581210e+01 -1.81710579e+01
 -1.61308020e+01 -2.04396075e+01
 -1.74473862e+01 -2.28215628e+01
 -1.87962450e+01 -2.53094991e+01
 -2.01613965e+01 -2.78897303e+01
 -2.15251872e+01 -3.05399336e+01
 -2.28705970e+01 -3.32295073e+01
 -2.41821632e+01 -3.59225455e+01
 -2.54461057e+01 -3.85810161e+01
 -2.66505938e+01 -4.11661929e+01
 -2.77860516e+01 -4.36389544e+01
 -2.88445964e+01 -4.59609049e+01
 -2.98182198e+01 -4.80969732e+01
 -3.06966336e+01 -5.00183079e+01
 -3.14663289e+01 -5.17041319e+01
 -3.21113995e+01 -5.31421310e+01
 -3.26151231e+01 -5.43273786e+01
 -3.29610254e+01 -5.52598252e+01
 -3.31331915e+01 -5.59409239e+01
 -3.31164335e+01 -5.63708722e+01
 -3.28969135e+01 -5.65480070e+01
 -3.24633392e+01 -5.64705024e+01
 -3.18082987e+01 -5.61389004e+01
 -3.09294050e+01 -5.55579867e+01
 -2.98308290e+01 -5.47379775e+01
 -2.85260529e+01 -5.36958823e+01
 -2.70412129e+01 -5.24571600e+01
 -2.54167579e+01 -5.10565341e+01
 -2.37054883e+01 -4.95366869e+01
 -2.19671760e+01 -4.79447078e+01
 -2.02616539e+01 -4.63273305e+01
 -1.86416812e+01 -4.47260400e+01
 -1.71451217e+01 -4.31726566e+01
 -1.57865393e+01 -4.16860532e+01
 -1.45524639e+01 -4.02710017e+01
 -1.34068134e+01 -3.89199401e+01
 -1.23068223e+01 -3.76175229e+01
 -1.12198235e+01 -3.63464821e+01
 -1.01300548e+01 -3.50924610e+01
 -9.03447991e+00 -3.38461207e+01
 -7.93509982e+00 -3.26026340e+01
 -6.83410134e+00 -3.13600121e+01
 -5.73260347e+00 -3.01176023e+01
 -4.63098955e+00 -2.88752342e+01
 -3.52935501e+00 -2.76328727e+01
 -2.42771776e+00 -2.63905122e+01
 -1.32608170e+00 -2.51481534e+01
 -2.24460153e-01 -2.39058111e+01
 8.77051150e-01 -2.26635930e+01
 1.97790653e+00 -2.14221147e+01
 3.07569863e+00 -2.01840909e+01
 4.16224488e+00 -1.89587496e+01
 5.21628815e+00 -1.77700631e+01
 6.19626655e+00 -1.66649026e+01
 7.04300558e+00 -1.57100014e+01
 7.70031647e+00 -1.49687258e+01
 7.70031647e+00 -1.49687258e+01
 7.70031647e+00 -1.49687258e+01
 7.70031647e+00 -1.49687258e+01
 7.70031647e+00 -1.49687258e+01
 7.70031647e+00 -1.49687258e+01
 7.70031647e+00 -1.49687258e+01
 7.70031647e+00 -1.49687258e+01
 7.70031647e+00 -1.49687258e+01
 7.70031647e+00 -1.49687258e+01
 7.70031647e+00 -1.49687258e+01
 7.70031647e+00 -1.49687258e+01
 7.70031647e+00 -1.49687258e+01
 7.70031647e+00 -1.49687258e+01
 7.70031647e+00 -1.49687258e+01
 7.70031647e+00 -1.49687258e+01
 7.70031647e+00 -1.49687258e+01
 7.70031647e+00 -1.49687258e+01
 7.70031647e+00 -1.49687258e+01
 7.70031647e+00 -1.49687258e+01
 7.70031647e+00 -1.49687258e+01
 7.70031647e+00 -1.49687258e+01
 7.70031647e+00 -1.49687258e+01
 7.70031647e+00 -1.49687258e+01
 7.70031647e+00 -1.49687258e+01
 7.70031647e+00 -1.49687258e+01
 7.70031647e+00 -1.49687258e+01
 7.70031647e+00 -1.49687258e+01
 7.70031647e+00 -1.49687258e+01
