 0.00000000e+00 0.00000000e+00
 0.00000000e+00 0.00000000e+00
 0.00000000e+00 0.00000000e+00
 0.00000000e+00 0.00000000e+00
 2.57837121e-02 1.19082881e-01
 4.44009850e-02 2.68219096e-01
 4.63334935e-02 4.32901991e-01
 2.34593897e-02 5.97410513e-01
 -3.01094843e-02 7.48793398e-01
 -1.17568887e-01 8.76829241e-01
 -2.39608246e-01 9.71848862e-01
 -3.95860448e-01 1.02258846e+00
 -5.86620091e-01 1.01452114e+00
 -8.13494442e-01 9.28692708e-01
 -1.07917852e+00 7.41881911e-01
 -1.38714148e+00 4.28621247e-01
 -1.74115158e+00 -3.57844717e-02
 -2.14428597e+00 -6.72506750e-01
 -2.59790436e+00 -1.49709670e+00
 -3.10149547e+00 -2.51795851e+00
 -3.65350873e+00 -3.73569133e+00
 -4.25237027e+00 -5.14370863e+00
 -4.89710859e+00 -6.72990619e+00
 -5.58778759e+00 -8.47860151e+00
 -6.32589984e+00 -1.03722708e+01
 -7.11431783e+00 -1.23932890e+01
 -7.95664213e+00 -1.45258368e+01
 -8.85651683e+00 -1.67572495e+01
 -9.81733880e+00 -1.90775915e+01
 -1.08419385e+01 -2.14770894e+01
 -1.19315780e+01 -2.39425739e+01
 -1.30841936e+01 -2.64547707e+01
 -1.42923689e+01 -2.89875249e+01
 -1.55416364e+01 -3.15084844e+01
 -1.68094003e+01 -3.39799275e+01
 -1.80643694e+01 -3.63593258e+01
 -1.92666243e+01 -3.86008705e+01
 -2.03693154e+01 -4.06592891e+01
 -2.13228599e+01 -4.24952491e+01
 -2.20805774e+01 -4.40797130e+01
 -2.26031779e+01 -4.53950470e+01
 -2.28606603e+01 -4.64330281e+01
 -2.28327293e+01 -4.71916656e+01
 -2.25096577e+01 -4.76725285e+01
 -2.18939561e+01 -4.78790001e+01
 -2.10015064e+01 -4.78153108e+01
 -1.98608999e+01 -4.74866745e+01
 -1.85111685e+01 -4.69011515e+01
 -1.69992999e+01 -4.60729776e+01
 -1.53787554e+01 -4.50257212e+01
 -1.37086435e+01 -4.37933705e+01
 -1.20516883e+01 -4.24186882e+01
 -1.04692873e+01 -4.09495569e+01
 -9.01342031e+00 -3.94343444e+01
 -7.71658446e+00 -3.79168963e+01
 -6.58271332e+00 -3.64315268e+01
 -5.58473301e+00 -3.49988164e+01
 -4.67420239e+00 -3.36238753e+01
 -3.80087549e+00 -3.22987316e+01
 -2.93042027e+00 -3.10085002e+01
 -2.04934033e+00 -2.97382937e+01
 -1.15793054e+00 -2.84774611e+01
 -2.60709000e-01 -2.72201927e+01
 6.38825378e-01 -2.59640192e+01
 1.53904752e+00 -2.47081160e+01
 2.43942582e+00 -2.34522664e+01
 3.33983145e+00 -2.21964251e+01
 4.24024068e+00 -2.09405851e+01
 5.14064909e+00 -1.96847468e+01
 6.04104565e+00 -1.84289252e+01
 6.94135210e+00 -1.71732292e+01
 7.84112244e+00 -1.59182809e+01
 8.73838905e+00 -1.46668247e+01
 9.62646400e+00 -1.34281885e+01
 1.04879731e+01 -1.22266049e+01
 1.12889461e+01 -1.11094535e+01
 1.19810176e+01 -1.01441917e+01
 1.25182625e+01 -9.39487329e+00
 1.25182625e+01 -9.39487329e+00
 1.25182625e+01 -9.39487329e+00
 1.25182625e+01 -9.39487329e+00
 1.25182625e+01 -9.39487329e+00
 1.25182625e+01 -9.39487329e+00
 1.25182625e+01 -9.39487329e+00
 1.25182625e+01 -9.39487329e+00
 1.25182625e+01 -9.39487329e+00
 1.25182625e+01 -9.39487329e+00
 1.25182625e+01 -9.39487329e+00
 1.25182625e+01 -9.39487329e+00
 1.25182625e+01 -9.39487329e+00
 1.25182625e+01 -9.39487329e+00
 1.25182625e+01 -9.39487329e+00
 1.25182625e+01 -9.39487329e+00
 1.25182625e+01 -9.39487329e+00
 1.25182625e+01 -9.39487329e+00
 1.25182625e+01 -9.39487329e+00
 1.25182625e+01 -9.39487329e+00
 1.25182625e+01 -9.39487329e+00
 1.25182625e+01 -9.39487329e+00
 1.25182625e+01 -9.39487329e+00
 1.25182625e+01 -9.39487329e+00
 1.25182625e+01 -9.39487329e+00
 1.25182625e+01 -9.39487329e+00
 1.25182625e+01 -9.39487329e+00
 1.25182625e+01 -9.39487329e+00
 1.25182625e+01 -9.39487329e+00
 1.25182625e+01 -9.39487329e+00
 1.25182625e+01 -9.39487329e+00
 1.25182625e+01 -9.39487329e+00
