 0.00000000e+00 0.00000000e+00
 0.00000000e+00 0.00000000e+00
 0.00000000e+00 0.00000000e+00
 0.00000000e+00 0.00000000e+00
 6.52861820e-02 1.75226582e-01
 1.22019206e-01 3.78654367e-01
 1.46966443e-01 5.76544897e-01
 1.16736513e-01 7.32093566e-01
 8.59985344e-03 8.11359429e-01
 -1.99561162e-01 7.82847611e-01
 -5.26971219e-01 6.15571076e-01
 -9.86654260e-01 2.80357030e-01
 -1.58396507e+00 -2.46112086e-01
 -2.31733731e+00 -9.78252896e-01
 -3.17965839e+00 -1.92124556e+00
 -4.15911997e+00 -3.07186767e+00
 -5.23968381e+00 -4.41876885e+00
 -6.40201016e+00 -5.94257431e+00
 -7.62539652e+00 -7.61763774e+00
 -8.89027203e+00 -9.41651318e+00
 -1.01801308e+01 -1.13158167e+01
 -1.14821413e+01 -1.33003163e+01
 -1.27864889e+01 -1.53628977e+01
 -1.40851127e+01 -1.75009545e+01
 -1.53707050e+01 -1.97120360e+01
 -1.66365050e+01 -2.19912554e+01
 -1.78766745e+01 -2.43304941e+01
 -1.90865547e+01 -2.67175683e+01
 -2.02622679e+01 -2.91344149e+01
 -2.13996135e+01 -3.15557851e+01
 -2.24924940e+01 -3.39504642e+01
 -2.35311959e+01 -3.62846847e+01
 -2.45010852e+01 -3.85251657e+01
 -2.53823788e+01 -4.06399789e+01
 -2.61511196e+01 -4.25980859e+01
 -2.67807907e+01 -4.43695138e+01
 -2.72440612e+01 -4.59266531e+01
 -2.75147555e+01 -4.72452915e+01
 -2.75704800e+01 -4.83041449e+01
 -2.73959466e+01 -4.90836362e+01
 -2.69860519e+01 -4.95660731e+01
 -2.63471919e+01 -4.97384037e+01
 -2.54962903e+01 -4.95963882e+01
 -2.44587983e+01 -4.91479487e+01
 -2.32673126e+01 -4.84145651e+01
 -2.19609246e+01 -4.74311625e+01
 -2.05839159e+01 -4.62450387e+01
 -1.91827720e+01 -4.49133803e+01
 -1.78021468e+01 -4.34986256e+01
 -1.64811697e+01 -4.20618890e+01
 -1.52503036e+01 -4.06556738e+01
 -1.41276747e+01 -3.93173144e+01
 -1.31149458e+01 -3.80645582e+01
 -1.21958443e+01 -3.68950000e+01
 -1.13411809e+01 -3.57908392e+01
 -1.05197360e+01 -3.47280613e+01
 -9.70861078e+00 -3.36857572e+01
 -8.89675854e+00 -3.26509024e+01
 -8.08172483e+00 -3.16177264e+01
 -7.26449550e+00 -3.05845681e+01
 -6.44631807e+00 -2.95512446e+01
 -5.62784637e+00 -2.85178431e+01
 -4.80930611e+00 -2.74844198e+01
 -3.99075365e+00 -2.64509922e+01
 -3.17219960e+00 -2.54175640e+01
 -2.35364650e+00 -2.43841372e+01
 -1.53510417e+00 -2.33507241e+01
 -7.16643755e-01 -2.23174143e+01
 1.01329280e-01 -2.12847198e+01
 9.17026199e-01 -2.02548990e+01
 1.72436707e+00 -1.92356277e+01
 2.50755711e+00 -1.82468469e+01
 3.23571443e+00 -1.73275452e+01
 3.86487037e+00 -1.65332332e+01
 4.35327475e+00 -1.59166205e+01
 4.35327475e+00 -1.59166205e+01
 4.35327475e+00 -1.59166205e+01
 4.35327475e+00 -1.59166205e+01
 4.35327475e+00 -1.59166205e+01
 4.35327475e+00 -1.59166205e+01
 4.35327475e+00 -1.59166205e+01
 4.35327475e+00 -1.59166205e+01
 4.35327475e+00 -1.59166205e+01
 4.35327475e+00 -1.59166205e+01
 4.35327475e+00 -1.59166205e+01
 4.35327475e+00 -1.59166205e+01
 4.35327475e+00 -1.59166205e+01
 4.35327475e+00 -1.59166205e+01
 4.35327475e+00 -1.59166205e+01
 4.35327475e+00 -1.59166205e+01
 4.35327475e+00 -1.59166205e+01
 4.35327475e+00 -1.59166205e+01
 4.35327475e+00 -1.59166205e+01
 4.35327475e+00 -1.59166205e+01
 4.35327475e+00 -1.59166205e+01
 4.35327475e+00 -1.59166205e+01
 4.35327475e+00 -1.59166205e+01
 4.35327475e+00 -1.59166205e+01
 4.35327475e+00 -1.59166205e+01
 4.35327475e+00 -1.59166205e+01
 4.35327475e+00 -1.59166205e+01
 4.35327475e+00 -1.59166205e+01
 4.35327475e+00 -1.59166205e+01
 4.35327475e+00 -1.59166205e+01
 4.35327475e+00 -1.59166205e+01
 4.35327475e+00 -1.59166205e+01
 4.35327475e+00 -1.59166205e+01
 4.35327475e+00 -1.59166205e+01
 4.35327475e+00 -1.59166205e+01
