 0.00000000e+00 0.00000000e+00
 0.00000000e+00 0.00000000e+00
 0.00000000e+00 0.00000000e+00
 0.00000000e+00 0.00000000e+00
 6.97255429e-02 1.78773213e-01
 1.47427730e-01 3.99862277e-01
 2.23035381e-01 6.38635896e-01
 2.88674559e-01 8.68607887e-01
 3.37392882e-01 1.06896853e+00
 3.59405089e-01 1.22592231e+00
 3.40651577e-01 1.32965286e+00
 2.65130994e-01 1.37021227e+00
 1.18065182e-01 1.33430760e+00
 -1.13427485e-01 1.20382232e+00
 -4.41923374e-01 9.56291309e-01
 -8.80712457e-01 5.66851479e-01
 -1.44290549e+00 1.08249241e-02
 -2.13991841e+00 -7.33554561e-01
 -2.98043634e+00 -1.68228371e+00
 -3.96919800e+00 -2.84264556e+00
 -5.10494106e+00 -4.21067946e+00
 -6.37848001e+00 -5.77012793e+00
 -7.77254717e+00 -7.49411931e+00
 -9.26372216e+00 -9.34991950e+00
 -1.08251065e+01 -1.13051310e+01
 -1.24283361e+01 -1.33324694e+01
 -1.40449839e+01 -1.54112786e+01
 -1.56483582e+01 -1.75264605e+01
 -1.72158614e+01 -1.96670374e+01
 -1.87306822e+01 -2.18256316e+01
 -2.01815465e+01 -2.39978242e+01
 -2.15604546e+01 -2.61794624e+01
 -2.28594041e+01 -2.83618589e+01
 -2.40674257e+01 -3.05273311e+01
 -2.51691155e+01 -3.26478495e+01
 -2.61452904e+01 -3.46875982e+01
 -2.69754280e+01 -3.66079380e+01
 -2.76407187e+01 -3.83722838e+01
 -2.81264534e+01 -3.99492256e+01
 -2.84230527e+01 -4.13138172e+01
 -2.85257899e+01 -4.24478049e+01
 -2.84337826e+01 -4.33392424e+01
 -2.81488872e+01 -4.39813927e+01
 -2.76748232e+01 -4.43709961e+01
 -2.70166421e+01 -4.45067525e+01
 -2.61808755e+01 -4.43891708e+01
 -2.51768709e+01 -4.40221815e+01
 -2.40192304e+01 -4.34158628e+01
 -2.27302899e+01 -4.25892258e+01
 -2.13413562e+01 -4.15720775e+01
 -1.98921710e+01 -4.04049959e+01
 -1.84287298e+01 -3.91366826e+01
 -1.69995424e+01 -3.78188303e+01
 -1.56502136e+01 -3.64997249e+01
 -1.44165517e+01 -3.52182297e+01
 -1.33173273e+01 -3.39994479e+01
 -1.23491595e+01 -3.28529557e+01
 -1.14871237e+01 -3.17742692e+01
 -1.06933630e+01 -3.07494303e+01
 -9.93086625e+00 -2.97611458e+01
 -9.17463216e+00 -2.87940513e+01
 -8.41411619e+00 -2.78373848e+01
 -7.64827029e+00 -2.68850391e+01
 -6.87925181e+00 -2.59341866e+01
 -6.10894178e+00 -2.49837602e+01
 -5.33824323e+00 -2.40334333e+01
 -4.56745588e+00 -2.30831253e+01
 -3.79665292e+00 -2.21328202e+01
 -3.02584793e+00 -2.11825155e+01
 -2.25504375e+00 -2.02322121e+01
 -1.48424973e+00 -1.92819213e+01
 -7.13532839e-01 -1.83317256e+01
 5.67251016e-02 -1.73820957e+01
 8.24839701e-01 -1.64351083e+01
 1.58508568e+00 -1.54978218e+01
 2.32258964e+00 -1.45885734e+01
 3.00827112e+00 -1.37432155e+01
 3.60072629e+00 -1.30127938e+01
 4.06064042e+00 -1.24457783e+01
 4.06064042e+00 -1.24457783e+01
 4.06064042e+00 -1.24457783e+01
 4.06064042e+00 -1.24457783e+01
 4.06064042e+00 -1.24457783e+01
 4.06064042e+00 -1.24457783e+01
 4.06064042e+00 -1.24457783e+01
 4.06064042e+00 -1.24457783e+01
 4.06064042e+00 -1.24457783e+01
 4.06064042e+00 -1.24457783e+01
 4.06064042e+00 -1.24457783e+01
 4.06064042e+00 -1.24457783e+01
 4.06064042e+00 -1.24457783e+01
 4.06064042e+00 -1.24457783e+01
 4.06064042e+00 -1.24457783e+01
 4.06064042e+00 -1.24457783e+01
 4.06064042e+00 -1.24457783e+01
 4.06064042e+00 -1.24457783e+01
 4.06064042e+00 -1.24457783e+01
 4.06064042e+00 -1.24457783e+01
 4.06064042e+00 -1.24457783e+01
 4.06064042e+00 -1.24457783e+01
 4.06064042e+00 -1.24457783e+01
 4.06064042e+00 -1.24457783e+01
 4.06064042e+00 -1.24457783e+01
 4.06064042e+00 -1.24457783e+01
 4.06064042e+00 -1.24457783e+01
 4.06064042e+00 -1.24457783e+01
 4.06064042e+00 -1.24457783e+01
 4.06064042e+00 -1.24457783e+01
 4.06064042e+00 -1.24457783e+01
