 0.00000000e+00 0.00000000e+00
 0.00000000e+00 0.00000000e+00
 0.00000000e+00 0.00000000e+00
 0.00000000e+00 0.00000000e+00
 1.54342934e-01 1.77880583e-01
 3.18642723e-01 3.83652495e-01
 4.57638316e-01 5.84316935e-01
 5.41785895e-01 7.45988134e-01
 5.55711404e-01 8.40546205e-01
 4.96456995e-01 8.45032001e-01
 3.65104287e-01 7.37382615e-01
 1.58381101e-01 4.93102211e-01
 -1.34842658e-01 8.48167663e-02
 -5.31516771e-01 -5.15838128e-01
 -1.04970556e+00 -1.33516248e+00
 -1.70440481e+00 -2.39377376e+00
 -2.50519834e+00 -3.70276420e+00
 -3.45554604e+00 -5.26055378e+00
 -4.55303395e+00 -7.05202385e+00
 -5.79000681e+00 -9.05098190e+00
 -7.15434361e+00 -1.12251978e+01
 -8.63043750e+00 -1.35417693e+01
 -1.02005079e+01 -1.59707218e+01
 -1.18462432e+01 -1.84860837e+01
 -1.35502528e+01 -2.10648636e+01
 -1.52960874e+01 -2.36846112e+01
 -1.70658715e+01 -2.63200503e+01
 -1.88363649e+01 -2.89397380e+01
 -2.05759670e+01 -3.15047468e+01
 -2.22448908e+01 -3.39710401e+01
 -2.37986679e+01 -3.62946517e+01
 -2.51932647e+01 -3.84366761e+01
 -2.63897625e+01 -4.03662571e+01
 -2.73576154e+01 -4.20624589e+01
 -2.80768622e+01 -4.35162864e+01
 -2.85399991e+01 -4.47320174e+01
 -2.87530966e+01 -4.57256459e+01
 -2.87346494e+01 -4.65196589e+01
 -2.85114507e+01 -4.71362614e+01
 -2.81128478e+01 -4.75924671e+01
 -2.75657558e+01 -4.78986535e+01
 -2.68920774e+01 -4.80592844e+01
 -2.61087351e+01 -4.80738514e+01
 -2.52293005e+01 -4.79379916e+01
 -2.42658660e+01 -4.76460529e+01
 -2.32305641e+01 -4.71950939e+01
 -2.21369305e+01 -4.65885320e+01
 -2.10011396e+01 -4.58380235e+01
 -1.98426215e+01 -4.49637287e+01
 -1.86835771e+01 -4.39935566e+01
 -1.75474246e+01 -4.29613570e+01
 -1.64568442e+01 -4.19037490e+01
 -1.54321713e+01 -4.08558842e+01
 -1.44901476e+01 -3.98473121e+01
 -1.36424675e+01 -3.88992692e+01
 -1.28940929e+01 -3.80238642e+01
 -1.22421496e+01 -3.72245906e+01
 -1.16762034e+01 -3.64974158e+01
 -1.11800201e+01 -3.58323272e+01
 -1.07343759e+01 -3.52156176e+01
 -1.03203637e+01 -3.46327475e+01
 -9.92250408e+00 -3.40709403e+01
 -9.53063291e+00 -3.35206835e+01
 -9.13977724e+00 -3.29759376e+01
 -8.74842559e+00 -3.24334456e+01
 -8.35655665e+00 -3.18917315e+01
 -7.96443809e+00 -3.13502406e+01
 -7.57223787e+00 -3.08088022e+01
 -7.18001804e+00 -3.02673739e+01
 -6.78779464e+00 -2.97259471e+01
 -6.39557080e+00 -2.91845205e+01
 -6.00334743e+00 -2.86430947e+01
 -5.61112923e+00 -2.81016761e+01
 -5.21895028e+00 -2.75603116e+01
 -4.82700487e+00 -2.70192695e+01
 -4.43615010e+00 -2.64797330e+01
 -4.04929926e+00 -2.59457235e+01
 -3.67402070e+00 -2.54276883e+01
 -3.32511198e+00 -2.49460541e+01
 -3.02364143e+00 -2.45299037e+01
 -2.78961433e+00 -2.42068523e+01
 -2.78961433e+00 -2.42068523e+01
 -2.78961433e+00 -2.42068523e+01
 -2.78961433e+00 -2.42068523e+01
 -2.78961433e+00 -2.42068523e+01
 -2.78961433e+00 -2.42068523e+01
 -2.78961433e+00 -2.42068523e+01
 -2.78961433e+00 -2.42068523e+01
 -2.78961433e+00 -2.42068523e+01
 -2.78961433e+00 -2.42068523e+01
 -2.78961433e+00 -2.42068523e+01
 -2.78961433e+00 -2.42068523e+01
 -2.78961433e+00 -2.42068523e+01
 -2.78961433e+00 -2.42068523e+01
 -2.78961433e+00 -2.42068523e+01
 -2.78961433e+00 -2.42068523e+01
 -2.78961433e+00 -2.42068523e+01
 -2.78961433e+00 -2.42068523e+01
 -2.78961433e+00 -2.42068523e+01
 -2.78961433e+00 -2.42068523e+01
 -2.78961433e+00 -2.42068523e+01
 -2.78961433e+00 -2.42068523e+01
 -2.78961433e+00 -2.42068523e+01
 -2.78961433e+00 -2.42068523e+01
 -2.78961433e+00 -2.42068523e+01
 -2.78961433e+00 -2.42068523e+01
 -2.78961433e+00 -2.42068523e+01
 -2.78961433e+00 -2.42068523e+01
 -2.78961433e+00 -2.42068523e+01
