 0.00000000e+00 0.00000000e+00
 0.00000000e+00 0.00000000e+00
 0.00000000e+00 0.00000000e+00
 0.00000000e+00 0.00000000e+00
 0.00000000e+00 0.00000000e+00
 0.00000000e+00 0.00000000e+00
 0.00000000e+00 0.00000000e+00
 0.00000000e+00 0.00000000e+00
 0.00000000e+00 0.00000000e+00
 -8.87815053e-02 -4.24436716e-02
 -2.19796451e-01 -1.28079595e-01
 -3.98906171e-01 -2.80828860e-01
 -6.31471302e-01 -5.27540626e-01
 -9.22963822e-01 -8.95947209e-01
 -1.27840793e+00 -1.41286124e+00
 -1.70136411e+00 -2.10242763e+00
 -2.19328955e+00 -2.98434266e+00
 -2.75331258e+00 -4.07202431e+00
 -3.37806281e+00 -5.37102484e+00
 -4.06156315e+00 -6.87841222e+00
 -4.79542764e+00 -8.58355149e+00
 -5.56936334e+00 -1.04696860e+01
 -6.37177652e+00 -1.25151527e+01
 -7.19022248e+00 -1.46937972e+01
 -8.01140242e+00 -1.69753193e+01
 -8.82080932e+00 -1.93262554e+01
 -9.60275962e+00 -2.17111436e+01
 -1.03413268e+01 -2.40930033e+01
 -1.10216363e+01 -2.64333475e+01
 -1.16305947e+01 -2.86929772e+01
 -1.21570271e+01 -3.08342219e+01
 -1.25921443e+01 -3.28236340e+01
 -1.29310875e+01 -3.46335373e+01
 -1.31751746e+01 -3.62422617e+01
 -1.33332399e+01 -3.76345118e+01
 -1.34201710e+01 -3.88028371e+01
 -1.34524566e+01 -3.97492656e+01
 -1.34433995e+01 -4.04852017e+01
 -1.34010740e+01 -4.10285043e+01
 -1.33288553e+01 -4.13984110e+01
 -1.32257749e+01 -4.16104238e+01
 -1.30856055e+01 -4.16733323e+01
 -1.28962980e+01 -4.15890904e+01
 -1.26412005e+01 -4.13545586e+01
 -1.23016721e+01 -4.09637734e+01
 -1.18601538e+01 -4.04104647e+01
 -1.13035206e+01 -3.96914770e+01
 -1.06268478e+01 -3.88113112e+01
 -9.83679905e+00 -3.77866061e+01
 -8.95305149e+00 -3.66484777e+01
 -8.00687870e+00 -3.54412008e+01
 -7.03725642e+00 -3.42171707e+01
 -6.08497270e+00 -3.30289177e+01
 -5.18476780e+00 -3.19189022e+01
 -4.35660816e+00 -3.09089437e+01
 -3.60007639e+00 -2.99942505e+01
 -2.89685557e+00 -2.91479010e+01
 -2.22152795e+00 -2.83354470e+01
 -1.55368734e+00 -2.75303807e+01
 -8.83400133e-01 -2.67205021e+01
 -2.08932400e-01 -2.59043146e+01
 4.68211666e-01 -2.50842777e+01
 1.14648529e+00 -2.42626476e+01
 1.82510623e+00 -2.34405327e+01
 2.50380770e+00 -2.26183060e+01
 3.18252348e+00 -2.17960595e+01
 3.86124114e+00 -2.09738104e+01
 4.53995809e+00 -2.01515621e+01
 5.21866611e+00 -1.93293247e+01
 5.89730620e+00 -1.85071695e+01
 6.57554217e+00 -1.76855039e+01
 7.25189087e+00 -1.68661247e+01
 7.92131100e+00 -1.60551393e+01
 8.57070608e+00 -1.52684137e+01
 9.17446986e+00 -1.45369693e+01
 9.69614499e+00 -1.39049732e+01
 1.01011136e+01 -1.34143640e+01
 1.01011136e+01 -1.34143640e+01
 1.01011136e+01 -1.34143640e+01
 1.01011136e+01 -1.34143640e+01
 1.01011136e+01 -1.34143640e+01
 1.01011136e+01 -1.34143640e+01
 1.01011136e+01 -1.34143640e+01
 1.01011136e+01 -1.34143640e+01
 1.01011136e+01 -1.34143640e+01
 1.01011136e+01 -1.34143640e+01
 1.01011136e+01 -1.34143640e+01
 1.01011136e+01 -1.34143640e+01
 1.01011136e+01 -1.34143640e+01
 1.01011136e+01 -1.34143640e+01
 1.01011136e+01 -1.34143640e+01
 1.01011136e+01 -1.34143640e+01
 1.01011136e+01 -1.34143640e+01
 1.01011136e+01 -1.34143640e+01
 1.01011136e+01 -1.34143640e+01
 1.01011136e+01 -1.34143640e+01
 1.01011136e+01 -1.34143640e+01
 1.01011136e+01 -1.34143640e+01
 1.01011136e+01 -1.34143640e+01
 1.01011136e+01 -1.34143640e+01
 1.01011136e+01 -1.34143640e+01
 1.01011136e+01 -1.34143640e+01
 1.01011136e+01 -1.34143640e+01
 1.01011136e+01 -1.34143640e+01
 1.01011136e+01 -1.34143640e+01
 1.01011136e+01 -1.34143640e+01
 1.01011136e+01 -1.34143640e+01
 1.01011136e+01 -1.34143640e+01
 1.01011136e+01 -1.34143640e+01
