 0.00000000e+00 0.00000000e+00
 0.00000000e+00 0.00000000e+00
 0.00000000e+00 0.00000000e+00
 0.00000000e+00 0.00000000e+00
 0.00000000e+00 0.00000000e+00
 0.00000000e+00 0.00000000e+00
 0.00000000e+00 0.00000000e+00
 0.00000000e+00 0.00000000e+00
 0.00000000e+00 0.00000000e+00
 0.00000000e+00 0.00000000e+00
 1.15062883e-02 -2.75129995e-02
 -7.01670322e-04 -1.40804814e-01
 -6.14941041e-02 -4.02379966e-01
 -1.98905488e-01 -8.75435358e-01
 -4.38387845e-01 -1.61297052e+00
 -7.97423063e-01 -2.65126535e+00
 -1.28335739e+00 -4.00678218e+00
 -1.89482453e+00 -5.67471046e+00
 -2.62408432e+00 -7.62864206e+00
 -3.45794025e+00 -9.82203905e+00
 -4.37757524e+00 -1.21921207e+01
 -5.35902648e+00 -1.46658383e+01
 -6.37510354e+00 -1.71668546e+01
 -7.39805522e+00 -1.96223586e+01
 -8.40169475e+00 -2.19686072e+01
 -9.36216790e+00 -2.41541100e+01
 -1.02576182e+01 -2.61400044e+01
 -1.10678139e+01 -2.78986000e+01
 -1.17745470e+01 -2.94119761e+01
 -1.23625931e+01 -3.06716065e+01
 -1.28203323e+01 -3.16780767e+01
 -1.31392559e+01 -3.24392311e+01
 -1.33122606e+01 -3.29663656e+01
 -1.33317943e+01 -3.32700395e+01
 -1.31896777e+01 -3.33576653e+01
 -1.28789969e+01 -3.32336030e+01
 -1.23958323e+01 -3.29005039e+01
 -1.17387765e+01 -3.23602040e+01
 -1.09072572e+01 -3.16140403e+01
 -9.90089290e+00 -3.06639988e+01
 -8.72032896e+00 -2.95154462e+01
 -7.36861786e+00 -2.81802084e+01
 -5.85251838e+00 -2.66782509e+01
 -4.18377706e+00 -2.50377672e+01
 -2.38087289e+00 -2.32948210e+01
 -4.71490192e-01 -2.14932005e+01
 1.50518619e+00 -1.96838133e+01
 3.49820422e+00 -1.79225120e+01
 5.44777772e+00 -1.62661203e+01
 7.29096071e+00 -1.47677304e+01
 8.96856508e+00 -1.34729567e+01
 1.04316527e+01 -1.24181826e+01
 1.16462100e+01 -1.16303467e+01
 1.25952173e+01 -1.11268167e+01
 1.32779871e+01 -1.09145010e+01
 1.37070766e+01 -1.09889695e+01
 1.39036929e+01 -1.13351479e+01
 1.38932393e+01 -1.19300111e+01
 1.37021807e+01 -1.27457331e+01
 1.33559673e+01 -1.37512666e+01
 1.28777231e+01 -1.49121085e+01
 1.22885752e+01 -1.61900563e+01
 1.16098968e+01 -1.75446886e+01
 1.08657447e+01 -1.89363193e+01
 1.00836481e+01 -2.03285371e+01
 9.29379603e+00 -2.16888224e+01
 8.52770679e+00 -2.29875647e+01
 7.81673944e+00 -2.41971582e+01
 7.19008310e+00 -2.52925143e+01
 6.67243427e+00 -2.62527378e+01
 6.28265872e+00 -2.70623703e+01
 6.03464056e+00 -2.77107937e+01
 5.93966893e+00 -2.81899925e+01
 6.00800853e+00 -2.84923006e+01
 6.24828127e+00 -2.86096837e+01
 6.66607255e+00 -2.85347179e+01
 7.26392936e+00 -2.82620107e+01
 8.04263375e+00 -2.77888029e+01
 9.00170050e+00 -2.71149318e+01
 1.01379003e+01 -2.62433660e+01
 1.14427703e+01 -2.51818236e+01
 1.29010335e+01 -2.39446376e+01
 1.44909293e+01 -2.25535977e+01
 1.61857643e+01 -2.10372446e+01
 1.79551780e+01 -1.94293888e+01
 1.97652458e+01 -1.77681914e+01
 2.15777637e+01 -1.60960797e+01
 2.33498989e+01 -1.44592972e+01
 2.50355247e+01 -1.29058951e+01
 2.65888075e+01 -1.14821825e+01
 2.79691681e+01 -1.02286378e+01
 2.91456283e+01 -9.17664357e+00
 3.00988392e+01 -8.34722621e+00
 3.08206787e+01 -7.75190397e+00
 3.13128295e+01 -7.39428231e+00
 3.15857767e+01 -7.27082755e+00
 3.16581365e+01 -7.37086272e+00
 3.15548645e+01 -7.67741328e+00
 3.13035359e+01 -8.16992629e+00
 3.09301372e+01 -8.82764696e+00
 3.04568116e+01 -9.63136936e+00
 2.99022502e+01 -1.05628291e+01
 2.92831241e+01 -1.16034261e+01
 2.86148062e+01 -1.27344881e+01
 2.79112070e+01 -1.39393268e+01
 2.71846522e+01 -1.52051787e+01
 2.64465934e+01 -1.65230556e+01
 2.57092780e+01 -1.78851423e+01
 2.49880417e+01 -1.92808316e+01
 2.43036600e+01 -2.06930458e+01
 2.36838295e+01 -2.20962593e+01
 2.31626233e+01 -2.34568111e+01
 2.27775351e+01 -2.47351254e+01
 2.25654708e+01 -2.58888050e+01
 2.25599089e+01 -2.68755314e+01
 2.27896637e+01 -2.76554287e+01
 2.32771477e+01 -2.81933684e+01
 2.40347353e+01 -2.84616931e+01
 2.50610824e+01 -2.84431049e+01
 2.63401830e+01 -2.81328122e+01
 2.78435510e+01 -2.75390088e+01
 2.95338808e+01 -2.66814889e+01
 3.13687082e+01 -2.55891939e+01
 3.33035744e+01 -2.42977129e+01
 3.52947091e+01 -2.28469903e+01
 3.73012045e+01 -2.12788104e+01
 3.92863652e+01 -1.96339798e+01
 4.12178204e+01 -1.79499739e+01
 4.30665344e+01 -1.62600171e+01
 4.48059089e+01 -1.45936476e+01
 4.64129279e+01 -1.29773660e+01
 4.78728241e+01 -1.14332821e+01
 4.91863419e+01 -9.97494793e+00
 5.03747597e+01 -8.60259463e+00
 5.14763135e+01 -7.30224082e+00
 5.25331397e+01 -6.05120805e+00
 5.35769076e+01 -4.82711819e+00
 5.46229866e+01 -3.61437411e+00
 5.56744964e+01 -2.40510169e+00
 5.67296253e+01 -1.19648624e+00
 5.77863069e+01 1.21167943e-02
 5.88434705e+01 1.22075931e+00
 5.99007467e+01 2.42941711e+00
 6.09580430e+01 3.63807833e+00
 6.20153419e+01 4.84673996e+00
 6.30726396e+01 6.05540001e+00
 6.41299235e+01 7.26404413e+00
 6.51871015e+01 8.47256728e+00
 6.62436500e+01 9.68037079e+00
 6.72972585e+01 1.08848134e+01
 6.83400738e+01 1.20769177e+01
 6.93516943e+01 1.32333613e+01
 7.02922308e+01 1.43085446e+01
 7.11048906e+01 1.52375443e+01
 7.17357462e+01 1.59587130e+01
 7.17357462e+01 1.59587130e+01
 7.17357462e+01 1.59587130e+01
 7.17357462e+01 1.59587130e+01
 7.17357462e+01 1.59587130e+01
 7.17357462e+01 1.59587130e+01
 7.17357462e+01 1.59587130e+01
 7.17357462e+01 1.59587130e+01
 7.17357462e+01 1.59587130e+01
 7.17357462e+01 1.59587130e+01
 7.17357462e+01 1.59587130e+01
 7.17357462e+01 1.59587130e+01
 7.17357462e+01 1.59587130e+01
 7.17357462e+01 1.59587130e+01
 7.17357462e+01 1.59587130e+01
 7.17357462e+01 1.59587130e+01
 7.17357462e+01 1.59587130e+01
 7.17357462e+01 1.59587130e+01
 7.17357462e+01 1.59587130e+01
 7.17357462e+01 1.59587130e+01
 7.17357462e+01 1.59587130e+01
 7.17357462e+01 1.59587130e+01
 7.17357462e+01 1.59587130e+01
 7.17357462e+01 1.59587130e+01
 7.17357462e+01 1.59587130e+01
 7.17357462e+01 1.59587130e+01
 7.17357462e+01 1.59587130e+01
 7.17357462e+01 1.59587130e+01
 7.17357462e+01 1.59587130e+01
 7.17357462e+01 1.59587130e+01
 7.17357462e+01 1.59587130e+01
 7.17357462e+01 1.59587130e+01
 7.17357462e+01 1.59587130e+01
 7.17357462e+01 1.59587130e+01
 7.17357462e+01 1.59587130e+01
 7.17357462e+01 1.59587130e+01
 7.17357462e+01 1.59587130e+01
 7.17357462e+01 1.59587130e+01
 7.17357462e+01 1.59587130e+01
 7.17357462e+01 1.59587130e+01
 7.17357462e+01 1.59587130e+01
 7.17357462e+01 1.59587130e+01
 7.17357462e+01 1.59587130e+01
 7.17357462e+01 1.59587130e+01
