 0.00000000e+00 0.00000000e+00
 0.00000000e+00 0.00000000e+00
 0.00000000e+00 0.00000000e+00
 0.00000000e+00 0.00000000e+00
 0.00000000e+00 0.00000000e+00
 0.00000000e+00 0.00000000e+00
 0.00000000e+00 0.00000000e+00
 0.00000000e+00 0.00000000e+00
 0.00000000e+00 0.00000000e+00
 0.00000000e+00 0.00000000e+00
 0.00000000e+00 0.00000000e+00
 0.00000000e+00 0.00000000e+00
 0.00000000e+00 0.00000000e+00
 1.22774492e-01 5.67019458e-02
 2.16397463e-01 6.51461558e-02
 2.27272695e-01 -3.06311697e-02
 1.10416865e-01 -2.86620954e-01
 -1.61404961e-01 -7.49444291e-01
 -6.00209863e-01 -1.45304533e+00
 -1.20951568e+00 -2.41912622e+00
 -1.98788698e+00 -3.65795873e+00
 -2.92821765e+00 -5.16783792e+00
 -4.01587342e+00 -6.93378487e+00
 -5.22828285e+00 -8.92751665e+00
 -6.53612604e+00 -1.11099250e+01
 -7.90509966e+00 -1.34350585e+01
 -9.29753625e+00 -1.58532831e+01
 -1.06736241e+01 -1.83122817e+01
 -1.19922737e+01 -2.07566957e+01
 -1.32121109e+01 -2.31283497e+01
 -1.42932267e+01 -2.53682619e+01
 -1.51995631e+01 -2.74199322e+01
 -1.59008141e+01 -2.92323594e+01
 -1.63729089e+01 -3.07617420e+01
 -1.65975655e+01 -3.19721408e+01
 -1.65622799e+01 -3.28360764e+01
 -1.62611236e+01 -3.33356703e+01
 -1.56951866e+01 -3.34640885e+01
 -1.48717767e+01 -3.32264896e+01
 -1.38032349e+01 -3.26397731e+01
 -1.25067795e+01 -3.17310338e+01
 -1.10053282e+01 -3.05352978e+01
 -9.32787767e+00 -2.90933907e+01
 -7.50848508e+00 -2.74504595e+01
 -5.58444988e+00 -2.56550039e+01
 -3.59501349e+00 -2.37579186e+01
 -1.58106937e+00 -2.18112503e+01
 4.14804971e-01 -1.98667745e+01
 2.34885672e+00 -1.79746870e+01
 4.17750466e+00 -1.61825987e+01
 5.85951551e+00 -1.45346359e+01
 7.35881417e+00 -1.30701509e+01
 8.64717048e+00 -1.18219831e+01
 9.70577884e+00 -1.08150689e+01
 1.05255201e+01 -1.00661398e+01
 1.11065250e+01 -9.58402544e+00
 1.14574512e+01 -9.36950575e+00
 1.15942668e+01 -9.41479869e+00
 1.15384805e+01 -9.70401487e+00
 1.13151808e+01 -1.02152626e+01
 1.09510528e+01 -1.09231855e+01
 1.04726242e+01 -1.17999365e+01
 9.90570121e+00 -1.28140404e+01
 9.27638651e+00 -1.39288709e+01
 8.61228399e+00 -1.51030918e+01
 7.94230494e+00 -1.62935530e+01
 7.29527864e+00 -1.74589374e+01
 6.69861591e+00 -1.85623806e+01
 6.17744318e+00 -1.95728861e+01
 5.75367934e+00 -2.04662234e+01
 5.44503971e+00 -2.12251667e+01
 5.26513229e+00 -2.18380734e+01
 5.22556563e+00 -2.22956509e+01
 5.33877912e+00 -2.25876709e+01
 5.61874467e+00 -2.27020504e+01
 6.07847023e+00 -2.26270766e+01
 6.72652692e+00 -2.23549324e+01
 7.56538296e+00 -2.18836989e+01
 8.59184045e+00 -2.12170352e+01
 9.79779077e+00 -2.03633892e+01
 1.11697742e+01 -1.93363879e+01
 1.26874334e+01 -1.81558016e+01
 1.43222395e+01 -1.68477367e+01
 1.60378708e+01 -1.54439506e+01
 1.77923498e+01 -1.39809920e+01
 1.95407832e+01 -1.24993453e+01
 2.12375633e+01 -1.10420719e+01
 2.28379902e+01 -9.65252692e+00
 2.43002719e+01 -8.37144929e+00
 2.55887129e+01 -7.23441612e+00
 2.66774360e+01 -6.27072132e+00
 2.75526096e+01 -5.50395479e+00
 2.82116652e+01 -4.95327347e+00
 2.86602016e+01 -4.63357866e+00
 2.89089025e+01 -4.55364176e+00
 2.89720839e+01 -4.71340818e+00
 2.88673400e+01 -5.10311181e+00
 2.86147780e+01 -5.70547764e+00
 2.82354441e+01 -6.49915621e+00
 2.77500460e+01 -7.46001910e+00
 2.71792298e+01 -8.55909243e+00
 2.65453846e+01 -9.75972145e+00
 2.58743939e+01 -1.10177739e+01
 2.51955043e+01 -1.22858168e+01
 2.45390493e+01 -1.35186459e+01
 2.39335909e+01 -1.46771493e+01
 2.34041127e+01 -1.57297661e+01
 2.29714050e+01 -1.66525844e+01
 2.26518139e+01 -1.74289679e+01
 2.24572517e+01 -1.80486613e+01
 2.23963316e+01 -1.85060502e+01
 2.24765295e+01 -1.87978710e+01
 2.27053437e+01 -1.89214803e+01
 2.30889392e+01 -1.88748226e+01
 2.36296802e+01 -1.86579687e+01
 2.43250767e+01 -1.82745802e+01
 2.51685842e+01 -1.77319974e+01
 2.61506872e+01 -1.70407646e+01
 2.72589002e+01 -1.62153990e+01
 2.84765847e+01 -1.52765904e+01
 2.97813748e+01 -1.42529274e+01
 3.11443182e+01 -1.31802040e+01
 3.25304668e+01 -1.20981824e+01
 3.39007246e+01 -1.10463869e+01
 3.52143355e+01 -1.00607155e+01
 3.64318867e+01 -9.17171554e+00
 3.75189384e+01 -8.40436840e+00
 3.84496052e+01 -7.77889532e+00
 3.92088153e+01 -7.31208107e+00
 3.97926703e+01 -7.01820168e+00
 4.02074904e+01 -6.90832141e+00
 4.04681856e+01 -6.98792920e+00
 4.05956100e+01 -7.25496839e+00
 4.06124785e+01 -7.70033858e+00
 4.05391126e+01 -8.31022666e+00
 4.03914943e+01 -9.06748522e+00
 4.01827226e+01 -9.95047356e+00
 3.99265333e+01 -1.09307562e+01
 3.96406654e+01 -1.19723720e+01
 3.93486974e+01 -1.30339319e+01
 3.90800976e+01 -1.40723401e+01
 3.88689609e+01 -1.50457081e+01
 3.87524658e+01 -1.59139044e+01
 3.87700589e+01 -1.66372432e+01
 3.89628344e+01 -1.71754528e+01
 3.93711216e+01 -1.74891442e+01
 4.00297105e+01 -1.75443895e+01
 4.09628569e+01 -1.73186215e+01
 4.21810934e+01 -1.68047891e+01
 4.36796327e+01 -1.60118921e+01
 4.54375239e+01 -1.49625748e+01
 4.74179783e+01 -1.36898885e+01
 4.95708691e+01 -1.22346852e+01
 5.18375072e+01 -1.06436189e+01
 5.41567972e+01 -8.96689157e+00
 5.64720777e+01 -7.25482039e+00
 5.87386352e+01 -5.55243048e+00
 6.09308869e+01 -3.89224501e+00
 6.30456145e+01 -2.28828511e+00
 6.50976030e+01 -7.36153906e-01
 6.71091186e+01 7.79479594e-01
 6.90997193e+01 2.27498778e+00
 7.10816739e+01 3.76174892e+00
 7.30607779e+01 5.24551046e+00
 7.50391350e+01 6.72846111e+00
 7.70173371e+01 8.21123919e+00
 7.89955137e+01 9.69398839e+00
 8.09736868e+01 1.11767337e+01
 8.29518569e+01 1.26594765e+01
 8.49300008e+01 1.41421998e+01
 8.69079468e+01 1.56247746e+01
 8.88847150e+01 1.71064667e+01
 9.08559826e+01 1.85840357e+01
 9.28070563e+01 2.00464684e+01
 9.46997656e+01 2.14651539e+01
 9.64594791e+01 2.27841520e+01
 9.79799393e+01 2.39238171e+01
 9.91602499e+01 2.48085222e+01
 9.91602499e+01 2.48085222e+01
 9.91602499e+01 2.48085222e+01
 9.91602499e+01 2.48085222e+01
 9.91602499e+01 2.48085222e+01
 9.91602499e+01 2.48085222e+01
 9.91602499e+01 2.48085222e+01
 9.91602499e+01 2.48085222e+01
 9.91602499e+01 2.48085222e+01
 9.91602499e+01 2.48085222e+01
 9.91602499e+01 2.48085222e+01
 9.91602499e+01 2.48085222e+01
 9.91602499e+01 2.48085222e+01
 9.91602499e+01 2.48085222e+01
 9.91602499e+01 2.48085222e+01
 9.91602499e+01 2.48085222e+01
 9.91602499e+01 2.48085222e+01
 9.91602499e+01 2.48085222e+01
 9.91602499e+01 2.48085222e+01
 9.91602499e+01 2.48085222e+01
 9.91602499e+01 2.48085222e+01
