 0.00000000e+00 0.00000000e+00
 0.00000000e+00 0.00000000e+00
 0.00000000e+00 0.00000000e+00
 0.00000000e+00 0.00000000e+00
 0.00000000e+00 0.00000000e+00
 0.00000000e+00 0.00000000e+00
 0.00000000e+00 0.00000000e+00
 0.00000000e+00 0.00000000e+00
 0.00000000e+00 0.00000000e+00
 0.00000000e+00 0.00000000e+00
 0.00000000e+00 0.00000000e+00
 0.00000000e+00 0.00000000e+00
 0.00000000e+00 0.00000000e+00
 0.00000000e+00 0.00000000e+00
 0.00000000e+00 0.00000000e+00
 -1.48101353e-01 -3.04465720e-01
 -3.68303540e-01 -7.78778809e-01
 -6.71818782e-01 -1.45962246e+00
 -1.06907514e+00 -2.37767732e+00
 -1.57010948e+00 -3.55569645e+00
 -2.18289465e+00 -5.00508390e+00
 -2.91086665e+00 -6.72257289e+00
 -3.75095728e+00 -8.68880959e+00
 -4.69240742e+00 -1.08688488e+01
 -5.71603590e+00 -1.32135542e+01
 -6.79375361e+00 -1.56617785e+01
 -7.88865908e+00 -1.81440938e+01
 -8.95645156e+00 -2.05880167e+01
 -9.94845032e+00 -2.29233112e+01
 -1.08155170e+01 -2.50860641e+01
 -1.15118570e+01 -2.70214210e+01
 -1.19982158e+01 -2.86853710e+01
 -1.22442814e+01 -3.00454678e+01
 -1.22298565e+01 -3.10801624e+01
 -1.19444570e+01 -3.17771382e+01
 -1.13857625e+01 -3.21318074e+01
 -1.05579300e+01 -3.21467323e+01
 -9.47050803e+00 -3.18313792e+01
 -8.13795603e+00 -3.12011237e+01
 -6.57946690e+00 -3.02757374e+01
 -4.81908104e+00 -2.90788113e+01
 -2.88619923e+00 -2.76386057e+01
 -8.16187643e-01 -2.59889207e+01
 1.34962474e+00 -2.41684638e+01
 3.56512166e+00 -2.22190162e+01
 5.78165863e+00 -2.01841685e+01
 7.95049046e+00 -1.81098184e+01
 1.00243592e+01 -1.60456202e+01
 1.19583935e+01 -1.40452048e+01
 1.37115769e+01 -1.21637820e+01
 1.52494616e+01 -1.04539847e+01
 1.65470574e+01 -8.96223575e+00
 1.75898920e+01 -7.72728128e+00
 1.83722684e+01 -6.78067046e+00
 1.88941118e+01 -6.14731303e+00
 1.91592535e+01 -5.84399846e+00
 1.91765179e+01 -5.87567832e+00
 1.89617416e+01 -6.23240330e+00
 1.85377282e+01 -6.89055988e+00
 1.79317157e+01 -7.81832310e+00
 1.71728369e+01 -8.98084281e+00
 1.62915931e+01 -1.03413110e+01
 1.53206273e+01 -1.18589522e+01
 1.42948072e+01 -1.34880200e+01
 1.32498804e+01 -1.51800229e+01
 1.22206077e+01 -1.68875929e+01
 1.12394549e+01 -1.85670411e+01
 1.03360565e+01 -2.01785866e+01
 9.53709272e+00 -2.16856186e+01
 8.86627379e+00 -2.30545957e+01
 8.34436152e+00 -2.42557188e+01
 7.98925443e+00 -2.52634270e+01
 7.81604731e+00 -2.60561989e+01
 7.83686590e+00 -2.66163461e+01
 8.06035494e+00 -2.69307659e+01
 8.49074926e+00 -2.69925420e+01
 9.12654674e+00 -2.68022334e+01
 9.95929601e+00 -2.63678742e+01
 1.09733628e+01 -2.57037907e+01
 1.21469439e+01 -2.48291769e+01
 1.34537895e+01 -2.37671290e+01
 1.48651725e+01 -2.25438021e+01
 1.63520604e+01 -2.11869523e+01
 1.78872792e+01 -1.97240076e+01
 1.94471015e+01 -1.81807302e+01
 2.10117809e+01 -1.65812908e+01
 2.25648865e+01 -1.49496929e+01
 2.40915105e+01 -1.33119657e+01
 2.55756459e+01 -1.16983299e+01
 2.69975013e+01 -1.01442155e+01
 2.83321489e+01 -8.68893389e+00
 2.95509292e+01 -7.37167446e+00
 3.06256944e+01 -6.22608281e+00
 3.15339504e+01 -5.27581429e+00
 3.22622053e+01 -4.53299778e+00
 3.28062984e+01 -3.99961750e+00
 3.31698051e+01 -3.67010220e+00
 3.33625389e+01 -3.53344891e+00
 3.33998335e+01 -3.57465986e+00
 3.33013336e+01 -3.77637144e+00
 3.30880982e+01 -4.12111370e+00
 3.27792047e+01 -4.59325734e+00
 3.23905028e+01 -5.17913240e+00
 3.19362765e+01 -5.86502321e+00
 3.14316654e+01 -6.63470766e+00
 3.08934983e+01 -7.46882237e+00
 3.03392880e+01 -8.34680151e+00
 2.97855698e+01 -9.24988524e+00
 2.92466136e+01 -1.01629471e+01
 2.87339343e+01 -1.10742702e+01
 2.82565591e+01 -1.19741482e+01
 2.78217314e+01 -1.28535161e+01
 2.74357598e+01 -1.37031238e+01
 2.71048266e+01 -1.45132994e+01
 2.68353007e+01 -1.52742446e+01
 2.66330334e+01 -1.59766719e+01
 2.65021862e+01 -1.66124284e+01
 2.64453773e+01 -1.71747019e+01
 2.64658436e+01 -1.76575376e+01
 2.65694655e+01 -1.80546652e+01
 2.67643094e+01 -1.83580662e+01
 2.70587212e+01 -1.85570136e+01
 2.74607535e+01 -1.86380827e+01
 2.79793079e+01 -1.85861166e+01
 2.86248957e+01 -1.83859251e+01
 2.94083516e+01 -1.80245723e+01
 3.03375726e+01 -1.74940705e+01
 3.14136618e+01 -1.67940320e+01
 3.26283826e+01 -1.59335433e+01
 3.39640276e+01 -1.49316103e+01
 3.53950726e+01 -1.38160294e+01
 3.68902164e+01 -1.26209605e+01
 3.84144351e+01 -1.13836037e+01
 3.99317815e+01 -1.01405647e+01
 4.14091900e+01 -8.92470578e+00
 4.28200476e+01 -7.76309881e+00
 4.41457593e+01 -6.67610170e+00
 4.53750375e+01 -5.67711123e+00
 4.65027387e+01 -4.77244458e+00
 4.75301447e+01 -3.96092645e+00
 4.84663529e+01 -3.23327280e+00
 4.93284417e+01 -2.57244665e+00
 5.01385128e+01 -1.95665818e+00
 5.09182543e+01 -1.36490277e+00
 5.16840144e+01 -7.82075456e-01
 5.24451014e+01 -2.00511569e-01
 5.32053285e+01 3.82059693e-01
 5.39656669e+01 9.65558011e-01
 5.47261571e+01 1.54949009e+00
 5.54867101e+01 2.13356172e+00
 5.62472798e+01 2.71766650e+00
 5.70078527e+01 3.30177724e+00
 5.77684259e+01 3.88588875e+00
 5.85289982e+01 4.46999955e+00
 5.92895604e+01 5.05410265e+00
 6.00500466e+01 5.63814730e+00
 6.08100799e+01 6.22184416e+00
 6.15679982e+01 6.80391681e+00
 6.23181525e+01 7.38002667e+00
 6.30458665e+01 7.93890276e+00
 6.37224461e+01 8.45850808e+00
 6.43070368e+01 8.90746707e+00
 6.47608459e+01 9.25598724e+00
 6.47608459e+01 9.25598724e+00
 6.47608459e+01 9.25598724e+00
 6.47608459e+01 9.25598724e+00
 6.47608459e+01 9.25598724e+00
 6.47608459e+01 9.25598724e+00
 6.47608459e+01 9.25598724e+00
 6.47608459e+01 9.25598724e+00
 6.47608459e+01 9.25598724e+00
 6.47608459e+01 9.25598724e+00
 6.47608459e+01 9.25598724e+00
 6.47608459e+01 9.25598724e+00
 6.47608459e+01 9.25598724e+00
 6.47608459e+01 9.25598724e+00
 6.47608459e+01 9.25598724e+00
 6.47608459e+01 9.25598724e+00
 6.47608459e+01 9.25598724e+00
 6.47608459e+01 9.25598724e+00
 6.47608459e+01 9.25598724e+00
 6.47608459e+01 9.25598724e+00
 6.47608459e+01 9.25598724e+00
 6.47608459e+01 9.25598724e+00
 6.47608459e+01 9.25598724e+00
 6.47608459e+01 9.25598724e+00
 6.47608459e+01 9.25598724e+00
 6.47608459e+01 9.25598724e+00
 6.47608459e+01 9.25598724e+00
 6.47608459e+01 9.25598724e+00
 6.47608459e+01 9.25598724e+00
 6.47608459e+01 9.25598724e+00
 6.47608459e+01 9.25598724e+00
 6.47608459e+01 9.25598724e+00
 6.47608459e+01 9.25598724e+00
 6.47608459e+01 9.25598724e+00
 6.47608459e+01 9.25598724e+00
 6.47608459e+01 9.25598724e+00
