 0.00000000e+00 0.00000000e+00
 0.00000000e+00 0.00000000e+00
 0.00000000e+00 0.00000000e+00
 0.00000000e+00 0.00000000e+00
 0.00000000e+00 0.00000000e+00
 0.00000000e+00 0.00000000e+00
 0.00000000e+00 0.00000000e+00
 0.00000000e+00 0.00000000e+00
 0.00000000e+00 0.00000000e+00
 0.00000000e+00 0.00000000e+00
 0.00000000e+00 0.00000000e+00
 0.00000000e+00 0.00000000e+00
 0.00000000e+00 0.00000000e+00
 0.00000000e+00 0.00000000e+00
 -4.31616458e-01 -5.26421052e-01
 -1.04249186e+00 -1.24221702e+00
 -1.82492610e+00 -2.12874738e+00
 -2.75107510e+00 -3.16064445e+00
 -3.78060957e+00 -4.31810389e+00
 -4.86859823e+00 -5.58880584e+00
 -5.97317578e+00 -6.96354391e+00
 -7.06106991e+00 -8.43139532e+00
 -8.10845447e+00 -9.97718364e+00
 -9.09740321e+00 -1.15814948e+01
 -1.00110487e+01 -1.32222997e+01
 -1.08302730e+01 -1.48765748e+01
 -1.15326161e+01 -1.65203532e+01
 -1.20928785e+01 -1.81268244e+01
 -1.24848798e+01 -1.96638252e+01
 -1.26835830e+01 -2.10926993e+01
 -1.26664097e+01 -2.23693374e+01
 -1.24132661e+01 -2.34465572e+01
 -1.19060116e+01 -2.42766359e+01
 -1.11282364e+01 -2.48138725e+01
 -1.00654591e+01 -2.50179222e+01
 -8.70565599e+00 -2.48580298e+01
 -7.04055412e+00 -2.43170559e+01
 -5.06830751e+00 -2.33939773e+01
 -2.79742411e+00 -2.21044137e+01
 -2.50537518e-01 -2.04796611e+01
 2.53398124e+00 -1.85651892e+01
 5.50357363e+00 -1.64192194e+01
 8.59521669e+00 -1.41106751e+01
 1.17393049e+01 -1.17149563e+01
 1.48627866e+01 -9.30747622e+00
 1.78924623e+01 -6.95742631e+00
 2.07593369e+01 -4.72450052e+00
 2.34032082e+01 -2.65870288e+00
 2.57759868e+01 -8.00769962e-01
 2.78434352e+01 8.19057713e-01
 2.95858623e+01 2.18338872e+00
 3.09976358e+01 3.28837260e+00
 3.20848503e+01 4.14085821e+00
 3.28615653e+01 4.75305134e+00
 3.33463953e+01 5.13744442e+00
 3.35608410e+01 5.30434576e+00
 3.35288994e+01 5.26259645e+00
 3.32764779e+01 5.02186026e+00
 3.28300616e+01 4.59383371e+00
 3.22156156e+01 3.99155727e+00
 3.14590193e+01 3.22882889e+00
 3.05880403e+01 2.32162891e+00
 2.96342804e+01 1.29062382e+00
 2.86333543e+01 1.62206932e-01
 2.76229280e+01 -1.03291824e+00
 2.66396209e+01 -2.26212044e+00
 2.57160426e+01 -3.49234471e+00
 2.48788577e+01 -4.69075694e+00
 2.41483354e+01 -5.82587166e+00
 2.35391939e+01 -6.86967204e+00
 2.30618679e+01 -7.79971324e+00
 2.27235077e+01 -8.59996266e+00
 2.25289908e+01 -9.26023536e+00
 2.24824629e+01 -9.77519655e+00
 2.25887785e+01 -1.01437586e+01
 2.28535907e+01 -1.03684469e+01
 2.32822264e+01 -1.04536291e+01
 2.38788351e+01 -1.04025022e+01
 2.46464145e+01 -1.02143938e+01
 2.55868041e+01 -9.88445182e+00
 2.66998733e+01 -9.40643030e+00
 2.79822913e+01 -8.77693363e+00
 2.94267627e+01 -7.99831969e+00
 3.10220679e+01 -7.07879512e+00
 3.27534821e+01 -6.03067026e+00
 3.46030649e+01 -4.86874440e+00
 3.65498411e+01 -3.60976011e+00
 3.85701000e+01 -2.27237359e+00
 4.06374905e+01 -8.76886433e-01
 4.27221995e+01 5.54834511e-01
 4.47893118e+01 1.99817279e+00
 4.67977980e+01 3.42366297e+00
 4.87017716e+01 4.79621429e+00
 5.04544074e+01 6.07739143e+00
 5.20133182e+01 7.22991991e+00
 5.33452066e+01 8.22190470e+00
 5.44279679e+01 9.02885010e+00
 5.52502182e+01 9.63338398e+00
 5.58099140e+01 1.00240746e+01
 5.61134509e+01 1.01948650e+01
 5.61749428e+01 1.01454209e+01
 5.60147096e+01 9.88141429e+00
 5.56569565e+01 9.41383696e+00
 5.51276456e+01 8.75761169e+00
 5.44534962e+01 7.93064341e+00
 5.36622587e+01 6.95407315e+00
 5.27835328e+01 5.85305996e+00
 5.18489631e+01 4.65634118e+00
 5.08911056e+01 3.39364367e+00
 4.99413689e+01 2.09215411e+00
 4.90282373e+01 7.74303260e-01
 4.81767542e+01 -5.41901173e-01
 4.74092945e+01 -1.84048525e+00
 4.67468298e+01 -3.10460514e+00
 4.62096326e+01 -4.31476285e+00
 4.58169401e+01 -5.44894448e+00
 4.55864372e+01 -6.48403724e+00
 4.55350210e+01 -7.39697934e+00
 4.56804427e+01 -8.16476792e+00
 4.60411340e+01 -8.76395467e+00
 4.66328759e+01 -9.17085072e+00
 4.74646614e+01 -9.36301989e+00
 4.85367861e+01 -9.32191553e+00
 4.98415147e+01 -9.03609197e+00
 5.13647384e+01 -8.50382880e+00
 5.30872737e+01 -7.73385644e+00
 5.49852728e+01 -6.74405351e+00
 5.70298323e+01 -5.55943571e+00
 5.91864927e+01 -4.21073566e+00
 6.14156735e+01 -2.73351520e+00
 6.36748501e+01 -1.16670640e+00
 6.59225666e+01 4.49991696e-01
 6.81236228e+01 2.07914165e+00
 7.02542730e+01 3.68857796e+00
 7.23058871e+01 5.25528368e+00
 7.42851473e+01 6.76964818e+00
 7.62095437e+01 8.23635655e+00
 7.80996455e+01 9.66926189e+00
 7.99722485e+01 1.10832973e+01
 8.18376330e+01 1.24890294e+01
 8.37006299e+01 1.38918832e+01
 8.55629974e+01 1.52939519e+01
 8.74252333e+01 1.66958524e+01
 8.92874475e+01 1.80977245e+01
 9.11496587e+01 1.94995928e+01
 9.30118671e+01 2.09014587e+01
 9.48740509e+01 2.23033062e+01
 9.67360484e+01 2.37050133e+01
 9.85969370e+01 2.51058858e+01
 1.00452648e+02 2.65028602e+01
 1.02289348e+02 2.78855238e+01
 1.04071105e+02 2.92268264e+01
 1.05727663e+02 3.04738792e+01
 1.07158993e+02 3.15513808e+01
 1.08270113e+02 3.23878292e+01
 1.08270113e+02 3.23878292e+01
 1.08270113e+02 3.23878292e+01
 1.08270113e+02 3.23878292e+01
 1.08270113e+02 3.23878292e+01
 1.08270113e+02 3.23878292e+01
 1.08270113e+02 3.23878292e+01
 1.08270113e+02 3.23878292e+01
 1.08270113e+02 3.23878292e+01
 1.08270113e+02 3.23878292e+01
 1.08270113e+02 3.23878292e+01
 1.08270113e+02 3.23878292e+01
 1.08270113e+02 3.23878292e+01
 1.08270113e+02 3.23878292e+01
 1.08270113e+02 3.23878292e+01
 1.08270113e+02 3.23878292e+01
 1.08270113e+02 3.23878292e+01
 1.08270113e+02 3.23878292e+01
 1.08270113e+02 3.23878292e+01
 1.08270113e+02 3.23878292e+01
 1.08270113e+02 3.23878292e+01
 1.08270113e+02 3.23878292e+01
 1.08270113e+02 3.23878292e+01
 1.08270113e+02 3.23878292e+01
 1.08270113e+02 3.23878292e+01
 1.08270113e+02 3.23878292e+01
 1.08270113e+02 3.23878292e+01
 1.08270113e+02 3.23878292e+01
 1.08270113e+02 3.23878292e+01
 1.08270113e+02 3.23878292e+01
 1.08270113e+02 3.23878292e+01
 1.08270113e+02 3.23878292e+01
 1.08270113e+02 3.23878292e+01
 1.08270113e+02 3.23878292e+01
 1.08270113e+02 3.23878292e+01
 1.08270113e+02 3.23878292e+01
 1.08270113e+02 3.23878292e+01
 1.08270113e+02 3.23878292e+01
 1.08270113e+02 3.23878292e+01
 1.08270113e+02 3.23878292e+01
 1.08270113e+02 3.23878292e+01
 1.08270113e+02 3.23878292e+01
 1.08270113e+02 3.23878292e+01
 1.08270113e+02 3.23878292e+01
