 0.00000000e+00 0.00000000e+00
 0.00000000e+00 0.00000000e+00
 0.00000000e+00 0.00000000e+00
 0.00000000e+00 0.00000000e+00
 0.00000000e+00 0.00000000e+00
 0.00000000e+00 0.00000000e+00
 0.00000000e+00 0.00000000e+00
 0.00000000e+00 0.00000000e+00
 0.00000000e+00 0.00000000e+00
 0.00000000e+00 0.00000000e+00
 0.00000000e+00 0.00000000e+00
 0.00000000e+00 0.00000000e+00
 0.00000000e+00 0.00000000e+00
 0.00000000e+00 0.00000000e+00
 0.00000000e+00 0.00000000e+00
 0.00000000e+00 0.00000000e+00
 -3.47982651e-02 -2.72457775e-01
 -9.23526100e-02 -6.89938987e-01
 -1.80441956e-01 -1.27959823e+00
 -3.07432026e-01 -2.06222036e+00
 -4.81003966e-01 -3.05037596e+00
 -7.06331351e-01 -4.24509008e+00
 -9.84561888e-01 -5.63309749e+00
 -1.31190248e+00 -7.18685814e+00
 -1.67910647e+00 -8.86729818e+00
 -2.07124585e+00 -1.06273641e+01
 -2.46785790e+00 -1.24148364e+01
 -2.84353259e+00 -1.41747465e+01
 -3.16895150e+00 -1.58526785e+01
 -3.41220726e+00 -1.73987948e+01
 -3.53961664e+00 -1.87703171e+01
 -3.51530674e+00 -1.99305016e+01
 -3.30063579e+00 -2.08452089e+01
 -2.85555204e+00 -2.14806363e+01
 -2.14195527e+00 -2.18047969e+01
 -1.12715278e+00 -2.17921140e+01
 2.13114443e-01 -2.14284828e+01
 1.89069371e+00 -2.07146811e+01
 3.89976358e+00 -1.96675823e+01
 6.21245213e+00 -1.83197067e+01
 8.77824767e+00 -1.67178773e+01
 1.15284272e+01 -1.49209232e+01
 1.43840102e+01 -1.29952625e+01
 1.72641605e+01 -1.10078646e+01
 2.00927928e+01 -9.01865787e+00
 2.28032955e+01 -7.07593893e+00
 2.53421063e+01 -5.21662780e+00
 2.76706704e+01 -3.46983920e+00
 2.97645917e+01 -1.86033282e+00
 3.16103015e+01 -4.09572499e-01
 3.32014225e+01 8.64986398e-01
 3.45366260e+01 1.95019929e+00
 3.56187948e+01 2.83589040e+00
 3.64542790e+01 3.51253302e+00
 3.70519389e+01 3.96984424e+00
 3.74228882e+01 4.19804270e+00
 3.75814512e+01 4.19156336e+00
 3.75462269e+01 3.95242788e+00
 3.73395962e+01 3.49037613e+00
 3.69854869e+01 2.82017210e+00
 3.65070826e+01 1.95934584e+00
 3.59262913e+01 9.28443893e-01
 3.52650753e+01 -2.47487313e-01
 3.45470424e+01 -1.53860551e+00
 3.37976866e+01 -2.91164878e+00
 3.30431303e+01 -4.33155370e+00
 3.23085059e+01 -5.76241869e+00
 3.16171753e+01 -7.16849069e+00
 3.09910857e+01 -8.51587498e+00
 3.04515885e+01 -9.77438476e+00
 3.00197346e+01 -1.09184929e+01
 2.97155160e+01 -1.19273217e+01
 2.95562829e+01 -1.27846344e+01
 2.95551865e+01 -1.34795089e+01
 2.97206649e+01 -1.40070010e+01
 3.00572425e+01 -1.43673477e+01
 3.05667346e+01 -1.45632031e+01
 3.12487135e+01 -1.45960952e+01
 3.21000725e+01 -1.44641336e+01
 3.31143456e+01 -1.41623582e+01
 3.42812748e+01 -1.36854906e+01
 3.55865682e+01 -1.30316241e+01
 3.70116574e+01 -1.22054290e+01
 3.85335457e+01 -1.12199953e+01
 4.01252481e+01 -1.00967457e+01
 4.17573542e+01 -8.86352555e+00
 4.34003201e+01 -7.55207987e+00
 4.50259250e+01 -6.19650729e+00
 4.66067216e+01 -4.83320828e+00
 4.81142834e+01 -3.50108057e+00
 4.95183516e+01 -2.24009964e+00
 5.07881773e+01 -1.08803927e+00
 5.18952019e+01 -7.74012852e-02
 5.28148280e+01 7.65091323e-01
 5.35261312e+01 1.41636349e+00
 5.40111373e+01 1.85479844e+00
 5.42563898e+01 2.06103814e+00
 5.42572863e+01 2.02234531e+00
 5.40224089e+01 1.73760160e+00
 5.35744571e+01 1.21904565e+00
 5.29472135e+01 4.89899795e-01
 5.21813100e+01 -4.19120974e-01
 5.13217619e+01 -1.47126117e+00
 5.04172780e+01 -2.62334096e+00
 4.95190713e+01 -3.82624396e+00
 4.86777196e+01 -5.02806156e+00
 4.79388587e+01 -6.17915383e+00
 4.73396770e+01 -7.23696737e+00
 4.69080291e+01 -8.16854508e+00
 4.66649719e+01 -8.94963748e+00
 4.66295195e+01 -9.56108770e+00
 4.68223432e+01 -9.98500073e+00
 4.72656603e+01 -1.02034311e+01
 4.79799919e+01 -1.02004491e+01
 4.89804627e+01 -9.96613979e+00
 5.02734773e+01 -9.50011322e+00
 5.18529261e+01 -8.81281284e+00
 5.36966033e+01 -7.92465666e+00
 5.57652273e+01 -6.86439566e+00
 5.80053228e+01 -5.66759568e+00
 6.03548768e+01 -4.37456124e+00
 6.27498411e+01 -3.02653285e+00
 6.51302914e+01 -1.66037641e+00
 6.74458036e+01 -3.03945188e-01
 6.96596419e+01 1.02523591e+00
 7.17512612e+01 2.31741787e+00
 7.37168578e+01 3.56674453e+00
 7.55678176e+01 4.76947684e+00
 7.73267365e+01 5.92532429e+00
 7.90211695e+01 7.03946918e+00
 8.06767902e+01 8.12209703e+00
 8.23126565e+01 9.18500282e+00
 8.39401365e+01 1.02378524e+01
 8.55646806e+01 1.12865668e+01
 8.71883845e+01 1.23339197e+01
 8.88118933e+01 1.33809157e+01
 9.04353656e+01 1.44278375e+01
 9.20588324e+01 1.54747470e+01
 9.36822984e+01 1.65216549e+01
 9.53057621e+01 1.75685612e+01
 9.69292044e+01 1.86154537e+01
 9.85524842e+01 1.96622414e+01
 1.00174797e+02 2.07084058e+01
 1.01792596e+02 2.17516591e+01
 1.03393822e+02 2.27842252e+01
 1.04947149e+02 2.37859031e+01
 1.06391328e+02 2.47171958e+01
 1.07639154e+02 2.55218684e+01
 1.08607823e+02 2.61465238e+01
 1.08607823e+02 2.61465238e+01
 1.08607823e+02 2.61465238e+01
 1.08607823e+02 2.61465238e+01
 1.08607823e+02 2.61465238e+01
 1.08607823e+02 2.61465238e+01
 1.08607823e+02 2.61465238e+01
 1.08607823e+02 2.61465238e+01
 1.08607823e+02 2.61465238e+01
 1.08607823e+02 2.61465238e+01
 1.08607823e+02 2.61465238e+01
 1.08607823e+02 2.61465238e+01
 1.08607823e+02 2.61465238e+01
 1.08607823e+02 2.61465238e+01
 1.08607823e+02 2.61465238e+01
 1.08607823e+02 2.61465238e+01
 1.08607823e+02 2.61465238e+01
 1.08607823e+02 2.61465238e+01
 1.08607823e+02 2.61465238e+01
 1.08607823e+02 2.61465238e+01
 1.08607823e+02 2.61465238e+01
 1.08607823e+02 2.61465238e+01
 1.08607823e+02 2.61465238e+01
 1.08607823e+02 2.61465238e+01
 1.08607823e+02 2.61465238e+01
 1.08607823e+02 2.61465238e+01
 1.08607823e+02 2.61465238e+01
 1.08607823e+02 2.61465238e+01
 1.08607823e+02 2.61465238e+01
 1.08607823e+02 2.61465238e+01
 1.08607823e+02 2.61465238e+01
 1.08607823e+02 2.61465238e+01
 1.08607823e+02 2.61465238e+01
 1.08607823e+02 2.61465238e+01
 1.08607823e+02 2.61465238e+01
 1.08607823e+02 2.61465238e+01
 1.08607823e+02 2.61465238e+01
 1.08607823e+02 2.61465238e+01
 1.08607823e+02 2.61465238e+01
 1.08607823e+02 2.61465238e+01
 1.08607823e+02 2.61465238e+01
 1.08607823e+02 2.61465238e+01
 1.08607823e+02 2.61465238e+01
 1.08607823e+02 2.61465238e+01
 1.08607823e+02 2.61465238e+01
 1.08607823e+02 2.61465238e+01
 1.08607823e+02 2.61465238e+01
 1.08607823e+02 2.61465238e+01
 1.08607823e+02 2.61465238e+01
 1.08607823e+02 2.61465238e+01
