 0.00000000e+00 0.00000000e+00
 0.00000000e+00 0.00000000e+00
 0.00000000e+00 0.00000000e+00
 0.00000000e+00 0.00000000e+00
 0.00000000e+00 0.00000000e+00
 0.00000000e+00 0.00000000e+00
 0.00000000e+00 0.00000000e+00
 0.00000000e+00 0.00000000e+00
 0.00000000e+00 0.00000000e+00
 0.00000000e+00 0.00000000e+00
 0.00000000e+00 0.00000000e+00
 0.00000000e+00 0.00000000e+00
 0.00000000e+00 0.00000000e+00
 0.00000000e+00 0.00000000e+00
 -7.96944941e-02 -2.10981608e-01
 -2.09014418e-01 -5.49643619e-01
 -3.96898294e-01 -1.04518253e+00
 -6.47498691e-01 -1.71883199e+00
 -9.60284193e-01 -2.58186024e+00
 -1.32979956e+00 -3.63331462e+00
 -1.74477135e+00 -4.85774085e+00
 -2.18724115e+00 -6.22454161e+00
 -2.63265902e+00 -7.69030603e+00
 -3.05155515e+00 -9.20379914e+00
 -3.41247757e+00 -1.07117394e+01
 -3.68496079e+00 -1.21634225e+01
 -3.84140930e+00 -1.35136162e+01
 -3.85798892e+00 -1.47242481e+01
 -3.71565085e+00 -1.57652040e+01
 -3.40165861e+00 -1.66139859e+01
 -2.90998736e+00 -1.72541536e+01
 -2.23898123e+00 -1.76732400e+01
 -1.38757324e+00 -1.78613265e+01
 -3.53164164e-01 -1.78111220e+01
 8.67640590e-01 -1.75192046e+01
 2.27688035e+00 -1.69872150e+01
 3.87322774e+00 -1.62225172e+01
 5.65019202e+00 -1.52390575e+01
 7.59423848e+00 -1.40585150e+01
 9.68357703e+00 -1.27101499e+01
 1.18889292e+01 -1.12280554e+01
 1.41765177e+01 -9.64682400e+00
 1.65118989e+01 -7.99799752e+00
 1.88627640e+01 -6.30884094e+00
 2.11996967e+01 -4.60340044e+00
 2.34949435e+01 -2.90480104e+00
 2.57199010e+01 -1.23759966e+00
 2.78425912e+01 3.70536703e-01
 2.98267762e+01 1.88825093e+00
 3.16338318e+01 3.28148486e+00
 3.32269109e+01 4.51596077e+00
 3.45752779e+01 5.55983665e+00
 3.56566145e+01 6.38505163e+00
 3.64571155e+01 6.96756119e+00
 3.69712658e+01 7.28803227e+00
 3.72027196e+01 7.33369122e+00
 3.71653372e+01 7.10037067e+00
 3.68823648e+01 6.59355061e+00
 3.63833986e+01 5.82793194e+00
 3.57010833e+01 4.82593185e+00
 3.48696793e+01 3.61637606e+00
 3.39255145e+01 2.23437861e+00
 3.29075051e+01 7.21396532e-01
 3.18562671e+01 -8.76582037e-01
 3.08118162e+01 -2.51282305e+00
 2.98106978e+01 -4.14338241e+00
 2.88835371e+01 -5.72868428e+00
 2.80539307e+01 -7.23370886e+00
 2.73390191e+01 -8.62814177e+00
 2.67511686e+01 -9.88675460e+00
 2.62998749e+01 -1.09895406e+01
 2.59933415e+01 -1.19215392e+01
 2.58393785e+01 -1.26726874e+01
 2.58454030e+01 -1.32377602e+01
 2.60178548e+01 -1.36159606e+01
 2.63617109e+01 -1.38096085e+01
 2.68803935e+01 -1.38219605e+01
 2.75757108e+01 -1.36551728e+01
 2.84473142e+01 -1.33097767e+01
 2.94915711e+01 -1.27862675e+01
 3.07002670e+01 -1.20880625e+01
 3.20596785e+01 -1.12240877e+01
 3.35504677e+01 -1.02093557e+01
 3.51487944e+01 -9.06328557e+00
 3.68286944e+01 -7.80712915e+00
 3.85648178e+01 -6.46229423e+00
 4.03338425e+01 -5.05048016e+00
 4.21134240e+01 -3.59524132e+00
 4.38792655e+01 -2.12376198e+00
 4.56023392e+01 -6.67767189e-01
 4.72482982e+01 7.36855304e-01
 4.87797039e+01 2.05181241e+00
 5.01599850e+01 3.23934887e+00
 5.13572391e+01 4.26536238e+00
 5.23464682e+01 5.10118997e+00
 5.31102387e+01 5.72365234e+00
 5.36390590e+01 6.11479599e+00
 5.39324453e+01 6.26311111e+00
 5.39997796e+01 6.16603244e+00
 5.38592375e+01 5.83132562e+00
 5.35346475e+01 5.27536710e+00
 5.30521598e+01 4.51937811e+00
 5.24387471e+01 3.58703516e+00
 5.17229844e+01 2.50559929e+00
 5.09368485e+01 1.30888547e+00
 5.01166264e+01 3.82334461e-02
 4.93016954e+01 -1.26041608e+00
 4.85314565e+01 -2.54155291e+00
 4.78420006e+01 -3.76406851e+00
 4.72642335e+01 -4.89261236e+00
 4.68244318e+01 -5.89687972e+00
 4.65470689e+01 -6.75012733e+00
 4.64581202e+01 -7.42799504e+00
 4.65860125e+01 -7.90840834e+00
 4.69590203e+01 -8.17281577e+00
 4.76010391e+01 -8.20807971e+00
 4.85281916e+01 -8.00794313e+00
 4.97463872e+01 -7.57377530e+00
 5.12487692e+01 -6.91505236e+00
 5.30133651e+01 -6.04969023e+00
 5.50025763e+01 -5.00372926e+00
 5.71655876e+01 -3.80988226e+00
 5.94433135e+01 -2.50483528e+00
 6.17746729e+01 -1.12566211e+00
 6.41030823e+01 2.93625087e-01
 6.63823929e+01 1.72403382e+00
 6.85815814e+01 3.14169243e+00
 7.06873688e+01 4.52772374e+00
 7.27037617e+01 5.86996357e+00
 7.46478058e+01 7.16576847e+00
 7.65423205e+01 8.42226271e+00
 7.84084187e+01 9.65210946e+00
 8.02610130e+01 1.08675431e+01
 8.21083519e+01 1.20767803e+01
 8.39540321e+01 1.32839070e+01
 8.57992911e+01 1.44904657e+01
 8.76444647e+01 1.56969040e+01
 8.94896246e+01 1.69033222e+01
 9.13347824e+01 1.81097376e+01
 9.31799376e+01 1.93161511e+01
 9.50250685e+01 2.05225486e+01
 9.68700146e+01 2.17288255e+01
 9.87138622e+01 2.29343840e+01
 1.00552579e+02 2.41365879e+01
 1.02372460e+02 2.53264763e+01
 1.04137901e+02 2.64807704e+01
 1.05779289e+02 2.75539552e+01
 1.07197511e+02 2.84812282e+01
 1.08298456e+02 2.92010564e+01
 1.08298456e+02 2.92010564e+01
 1.08298456e+02 2.92010564e+01
 1.08298456e+02 2.92010564e+01
 1.08298456e+02 2.92010564e+01
 1.08298456e+02 2.92010564e+01
 1.08298456e+02 2.92010564e+01
 1.08298456e+02 2.92010564e+01
 1.08298456e+02 2.92010564e+01
 1.08298456e+02 2.92010564e+01
 1.08298456e+02 2.92010564e+01
 1.08298456e+02 2.92010564e+01
 1.08298456e+02 2.92010564e+01
 1.08298456e+02 2.92010564e+01
 1.08298456e+02 2.92010564e+01
 1.08298456e+02 2.92010564e+01
 1.08298456e+02 2.92010564e+01
 1.08298456e+02 2.92010564e+01
 1.08298456e+02 2.92010564e+01
 1.08298456e+02 2.92010564e+01
 1.08298456e+02 2.92010564e+01
 1.08298456e+02 2.92010564e+01
 1.08298456e+02 2.92010564e+01
 1.08298456e+02 2.92010564e+01
 1.08298456e+02 2.92010564e+01
 1.08298456e+02 2.92010564e+01
 1.08298456e+02 2.92010564e+01
 1.08298456e+02 2.92010564e+01
 1.08298456e+02 2.92010564e+01
 1.08298456e+02 2.92010564e+01
 1.08298456e+02 2.92010564e+01
 1.08298456e+02 2.92010564e+01
 1.08298456e+02 2.92010564e+01
 1.08298456e+02 2.92010564e+01
 1.08298456e+02 2.92010564e+01
 1.08298456e+02 2.92010564e+01
 1.08298456e+02 2.92010564e+01
 1.08298456e+02 2.92010564e+01
 1.08298456e+02 2.92010564e+01
 1.08298456e+02 2.92010564e+01
 1.08298456e+02 2.92010564e+01
 1.08298456e+02 2.92010564e+01
 1.08298456e+02 2.92010564e+01
 1.08298456e+02 2.92010564e+01
 1.08298456e+02 2.92010564e+01
 1.08298456e+02 2.92010564e+01
 1.08298456e+02 2.92010564e+01
 1.08298456e+02 2.92010564e+01
 1.08298456e+02 2.92010564e+01
 1.08298456e+02 2.92010564e+01
