 0.00000000e+00 0.00000000e+00
 0.00000000e+00 0.00000000e+00
 0.00000000e+00 0.00000000e+00
 0.00000000e+00 0.00000000e+00
 0.00000000e+00 0.00000000e+00
 0.00000000e+00 0.00000000e+00
 0.00000000e+00 0.00000000e+00
 0.00000000e+00 0.00000000e+00
 0.00000000e+00 0.00000000e+00
 0.00000000e+00 0.00000000e+00
 0.00000000e+00 0.00000000e+00
 0.00000000e+00 0.00000000e+00
 0.00000000e+00 0.00000000e+00
 0.00000000e+00 0.00000000e+00
 -1.21053961e-02 -1.23704556e-01
 -3.83394890e-02 -3.21799965e-01
 -8.62853220e-02 -6.16686221e-01
 -1.61928912e-01 -1.03052247e+00
 -2.67956706e-01 -1.58237842e+00
 -4.04297432e-01 -2.28519626e+00
 -5.69954139e-01 -3.14363059e+00
 -7.63823775e-01 -4.15263640e+00
 -9.83541748e-01 -5.29645526e+00
 -1.22361556e+00 -6.54876476e+00
 -1.47460588e+00 -7.87517768e+00
 -1.72375498e+00 -9.23771258e+00
 -1.95620072e+00 -1.05987988e+01
 -2.15600812e+00 -1.19226428e+01
 -2.30691085e+00 -1.31746024e+01
 -2.39256213e+00 -1.43210376e+01
 -2.39569931e+00 -1.53304494e+01
 -2.29636316e+00 -1.61742570e+01
 -2.07061507e+00 -1.68259606e+01
 -1.69113061e+00 -1.72599870e+01
 -1.12973410e+00 -1.74527664e+01
 -3.61046741e-01 -1.73868133e+01
 6.33722039e-01 -1.70553424e+01
 1.86370377e+00 -1.64638965e+01
 3.32648417e+00 -1.56282531e+01
 5.00745499e+00 -1.45711503e+01
 6.88059653e+00 -1.33201523e+01
 8.91106095e+00 -1.19065516e+01
 1.10591986e+01 -1.03643508e+01
 1.32843954e+01 -8.72927533e+00
 1.55468503e+01 -7.03817985e+00
 1.78069796e+01 -5.32870318e+00
 2.00240366e+01 -3.63890122e+00
 2.21557273e+01 -2.00697510e+00
 2.41592590e+01 -4.71079509e-01
 2.59933336e+01 9.31469148e-01
 2.76207276e+01 2.16626011e+00
 2.90110702e+01 3.20461087e+00
 3.01429177e+01 4.02533268e+00
 3.10043585e+01 4.61397920e+00
 3.15923705e+01 4.96042110e+00
 3.19117403e+01 5.05744934e+00
 3.19739797e+01 4.90188060e+00
 3.17961312e+01 4.49655945e+00
 3.13993963e+01 3.85084912e+00
 3.08079983e+01 2.97981201e+00
 3.00489492e+01 1.90452874e+00
 2.91528962e+01 6.54395835e-01
 2.81552221e+01 -7.31349331e-01
 2.70960925e+01 -2.20621673e+00
 2.60187647e+01 -3.72284581e+00
 2.49664551e+01 -5.23923837e+00
 2.39787008e+01 -6.72132144e+00
 2.30885094e+01 -8.14177003e+00
 2.23214365e+01 -9.47758198e+00
 2.16965897e+01 -1.07084896e+01
 2.12283342e+01 -1.18162550e+01
 2.09276575e+01 -1.27838134e+01
 2.08032381e+01 -1.35938932e+01
 2.08625347e+01 -1.42278164e+01
 2.11127378e+01 -1.46655166e+01
 2.15611782e+01 -1.48874509e+01
 2.22146510e+01 -1.48780933e+01
 2.30773297e+01 -1.46294799e+01
 2.41479686e+01 -1.41431225e+01
 2.54177110e+01 -1.34298570e+01
 2.68690772e+01 -1.25083566e+01
 2.84760433e+01 -1.14032421e+01
 3.02054413e+01 -1.01435404e+01
 3.20198803e+01 -8.76177697e+00
 3.38813165e+01 -7.29302191e+00
 3.57536699e+01 -5.77299376e+00
 3.76035811e+01 -4.23587895e+00
 3.93997364e+01 -2.71382386e+00
 4.11117857e+01 -1.23872760e+00
 4.27096678e+01 1.55639229e-01
 4.41638689e+01 1.43388496e+00
 4.54467262e+01 2.56225649e+00
 4.65341516e+01 3.51255638e+00
 4.74068504e+01 4.26345545e+00
 4.80508099e+01 4.79862824e+00
 4.84576892e+01 5.10472765e+00
 4.86257079e+01 5.17220042e+00
 4.85607329e+01 4.99819977e+00
 4.82764663e+01 4.58820338e+00
 4.77930679e+01 3.95469156e+00
 4.71350077e+01 3.11496244e+00
 4.63297508e+01 2.09116640e+00
 4.54080578e+01 9.12750172e-01
 4.44051214e+01 -3.81803876e-01
 4.33608413e+01 -1.74686142e+00
 4.23180171e+01 -3.13464890e+00
 4.13188725e+01 -4.50025752e+00
 4.04015269e+01 -5.80429519e+00
 3.95977389e+01 -7.01353889e+00
 3.89323996e+01 -8.10129054e+00
 3.84248454e+01 -9.04796575e+00
 3.80915356e+01 -9.84056290e+00
 3.79487535e+01 -1.04698175e+01
 3.80137904e+01 -1.09262933e+01
 3.83042229e+01 -1.11983047e+01
 3.88363752e+01 -1.12730925e+01
 3.96240560e+01 -1.11398592e+01
 4.06771186e+01 -1.07922444e+01
 4.19986132e+01 -1.02291538e+01
 4.35805863e+01 -9.45487347e+00
 4.54003571e+01 -8.48019498e+00
 4.74194060e+01 -7.32487883e+00
 4.95859093e+01 -6.01939427e+00
 5.18405337e+01 -4.60339816e+00
 5.41240320e+01 -3.12094007e+00
 5.63849479e+01 -1.61479706e+00
 5.85863257e+01 -1.21487733e-01
 6.07104256e+01 1.33348480e+00
 6.27593583e+01 2.73952778e+00
 6.47497617e+01 4.10080846e+00
 6.67032542e+01 5.43045055e+00
 6.86379292e+01 6.74251066e+00
 7.05648879e+01 8.04686122e+00
 7.24893148e+01 9.34854515e+00
 7.44130803e+01 1.06495026e+01
 7.63367087e+01 1.19503044e+01
 7.82603146e+01 1.32510799e+01
 8.01839174e+01 1.45518519e+01
 8.21075172e+01 1.58526218e+01
 8.40310917e+01 1.71533745e+01
 8.59544737e+01 1.84539970e+01
 8.78767103e+01 1.97538450e+01
 8.97935981e+01 2.10500760e+01
 9.16908491e+01 2.23330283e+01
 9.35313457e+01 2.35776024e+01
 9.52425154e+01 2.47347235e+01
 9.67210319e+01 2.57345206e+01
 9.78687822e+01 2.65106482e+01
 9.78687822e+01 2.65106482e+01
 9.78687822e+01 2.65106482e+01
 9.78687822e+01 2.65106482e+01
 9.78687822e+01 2.65106482e+01
 9.78687822e+01 2.65106482e+01
 9.78687822e+01 2.65106482e+01
 9.78687822e+01 2.65106482e+01
 9.78687822e+01 2.65106482e+01
 9.78687822e+01 2.65106482e+01
 9.78687822e+01 2.65106482e+01
 9.78687822e+01 2.65106482e+01
 9.78687822e+01 2.65106482e+01
 9.78687822e+01 2.65106482e+01
 9.78687822e+01 2.65106482e+01
 9.78687822e+01 2.65106482e+01
 9.78687822e+01 2.65106482e+01
 9.78687822e+01 2.65106482e+01
 9.78687822e+01 2.65106482e+01
 9.78687822e+01 2.65106482e+01
 9.78687822e+01 2.65106482e+01
 9.78687822e+01 2.65106482e+01
 9.78687822e+01 2.65106482e+01
 9.78687822e+01 2.65106482e+01
 9.78687822e+01 2.65106482e+01
 9.78687822e+01 2.65106482e+01
 9.78687822e+01 2.65106482e+01
 9.78687822e+01 2.65106482e+01
 9.78687822e+01 2.65106482e+01
 9.78687822e+01 2.65106482e+01
 9.78687822e+01 2.65106482e+01
 9.78687822e+01 2.65106482e+01
 9.78687822e+01 2.65106482e+01
 9.78687822e+01 2.65106482e+01
 9.78687822e+01 2.65106482e+01
 9.78687822e+01 2.65106482e+01
 9.78687822e+01 2.65106482e+01
 9.78687822e+01 2.65106482e+01
 9.78687822e+01 2.65106482e+01
 9.78687822e+01 2.65106482e+01
 9.78687822e+01 2.65106482e+01
 9.78687822e+01 2.65106482e+01
 9.78687822e+01 2.65106482e+01
 9.78687822e+01 2.65106482e+01
 9.78687822e+01 2.65106482e+01
 9.78687822e+01 2.65106482e+01
 9.78687822e+01 2.65106482e+01
 9.78687822e+01 2.65106482e+01
 9.78687822e+01 2.65106482e+01
 9.78687822e+01 2.65106482e+01
 9.78687822e+01 2.65106482e+01
