 0.00000000e+00 0.00000000e+00
 0.00000000e+00 0.00000000e+00
 0.00000000e+00 0.00000000e+00
 0.00000000e+00 0.00000000e+00
 0.00000000e+00 0.00000000e+00
 0.00000000e+00 0.00000000e+00
 0.00000000e+00 0.00000000e+00
 0.00000000e+00 0.00000000e+00
 0.00000000e+00 0.00000000e+00
 3.05536722e-01 4.05850732e-02
 6.39523800e-01 5.06362538e-02
 9.36580843e-01 -1.06008946e-02
 1.13969482e+00 -1.87917271e-01
 1.21515991e+00 -5.22310684e-01
 1.15062620e+00 -1.04577896e+00
 9.45231482e-01 -1.77935062e+00
 6.01790516e-01 -2.73293897e+00
 1.24289087e-01 -3.90498743e+00
 -4.80761281e-01 -5.28145589e+00
 -1.20155572e+00 -6.83553739e+00
 -2.01879544e+00 -8.52930204e+00
 -2.90514167e+00 -1.03168122e+01
 -3.82653258e+00 -1.21474571e+01
 -4.74496471e+00 -1.39690754e+01
 -5.62183742e+00 -1.57312872e+01
 -6.42074969e+00 -1.73890426e+01
 -7.10912934e+00 -1.89054623e+01
 -7.65888586e+00 -2.02528670e+01
 -8.04654238e+00 -2.14116491e+01
 -8.25282980e+00 -2.23677293e+01
 -8.26133272e+00 -2.31099524e+01
 -8.05636839e+00 -2.36283336e+01
 -7.62140708e+00 -2.39131635e+01
 -6.93942485e+00 -2.39548137e+01
 -5.99533651e+00 -2.37445118e+01
 -4.77955193e+00 -2.32762580e+01
 -3.29143325e+00 -2.25493530e+01
 -1.54150960e+00 -2.15706018e+01
 4.48299562e-01 -2.03555971e+01
 2.64632680e+00 -1.89290880e+01
 5.01378811e+00 -1.73245818e+01
 7.50756667e+00 -1.55827621e+01
 1.00828899e+01 -1.37480135e+01
 1.26958324e+01 -1.18636605e+01
 1.53050577e+01 -9.96850657e+00
 1.78718411e+01 -8.09700517e+00
 2.03581039e+01 -6.28243668e+00
 2.27236315e+01 -4.55982255e+00
 2.49247173e+01 -2.96567592e+00
 2.69160383e+01 -1.53469193e+00
 2.86555062e+01 -2.96352965e-01
 3.01096039e+01 7.25661895e-01
 3.12564102e+01 1.51129394e+00
 3.20855759e+01 2.04188630e+00
 3.25969093e+01 2.30076260e+00
 3.27994378e+01 2.27703617e+00
 3.27108578e+01 1.97003714e+00
 3.23559328e+01 1.39080546e+00
 3.17635147e+01 5.59752213e-01
 3.09639309e+01 -4.96653645e-01
 2.99887207e+01 -1.74680849e+00
 2.88725833e+01 -3.15247680e+00
 2.76551200e+01 -4.66808871e+00
 2.63799896e+01 -6.24370988e+00
 2.50915445e+01 -7.83111479e+00
 2.38312514e+01 -9.38930245e+00
 2.26359180e+01 -1.08861308e+01
 2.15376402e+01 -1.22961175e+01
 2.05639376e+01 -1.35973949e+01
 1.97369971e+01 -1.47706690e+01
 1.90725168e+01 -1.58004518e+01
 1.85796730e+01 -1.66764289e+01
 1.82630957e+01 -1.73928075e+01
 1.81259274e+01 -1.79457562e+01
 1.81719591e+01 -1.83310439e+01
 1.84058790e+01 -1.85434658e+01
 1.88326365e+01 -1.85776084e+01
 1.94571898e+01 -1.84286772e+01
 2.02843468e+01 -1.80929738e+01
 2.13176730e+01 -1.75683057e+01
 2.25575045e+01 -1.68545901e+01
 2.39991013e+01 -1.59550767e+01
 2.56316793e+01 -1.48784614e+01
 2.74383882e+01 -1.36407850e+01
 2.93971016e+01 -1.22651340e+01
 3.14815405e+01 -1.07790216e+01
 3.36613955e+01 -9.21225865e+00
 3.59001544e+01 -7.59810360e+00
 3.81514756e+01 -5.97679125e+00
 4.03573624e+01 -4.39715979e+00
 4.24509771e+01 -2.91314925e+00
 4.43635231e+01 -1.57690573e+00
 4.60314997e+01 -4.33861563e-01
 4.74009405e+01 4.77044066e-01
 4.84287588e+01 1.12084250e+00
 4.90843306e+01 1.46726310e+00
 4.93534180e+01 1.49623743e+00
 4.92425046e+01 1.20383021e+00
 4.87794558e+01 6.03389652e-01
 4.80088165e+01 -2.78692346e-01
 4.69845024e+01 -1.40845152e+00
 4.57644588e+01 -2.74657084e+00
 4.44092291e+01 -4.24705909e+00
 4.29822952e+01 -5.85639473e+00
 4.15489856e+01 -7.51668158e+00
 4.01731635e+01 -9.17169187e+00
 3.89132838e+01 -1.07715631e+01
 3.78196728e+01 -1.22737557e+01
 3.69341463e+01 -1.36414788e+01
 3.62920942e+01 -1.48417830e+01
 3.59256226e+01 -1.58441793e+01
 3.58652130e+01 -1.66197823e+01
 3.61381190e+01 -1.71414500e+01
 3.67638903e+01 -1.73858257e+01
 3.77491199e+01 -1.73372770e+01
 3.90836233e+01 -1.69919474e+01
 4.07392785e+01 -1.63597011e+01
 4.26719733e+01 -1.54636022e+01
 4.48265739e+01 -1.43381062e+01
 4.71436251e+01 -1.30262813e+01
 4.95655007e+01 -1.15753631e+01
 5.20406290e+01 -1.00310542e+01
 5.45261697e+01 -8.43251672e+00
 5.69897627e+01 -6.80977964e+00
 5.94098392e+01 -5.18383057e+00
 6.17734573e+01 -3.56873942e+00
 6.40719061e+01 -1.97510142e+00
 6.62968098e+01 -4.13488247e-01
 6.84404031e+01 1.10473013e+00
 7.05004517e+01 2.57094378e+00
 7.24851632e+01 3.98462107e+00
 7.44125449e+01 5.35488438e+00
 7.63039534e+01 6.69623804e+00
 7.81770066e+01 8.02219483e+00
 8.00425130e+01 9.34162222e+00
 8.19055357e+01 1.06588520e+01
 8.37679075e+01 1.19754963e+01
 8.56301440e+01 1.32920175e+01
 8.74923583e+01 1.46085183e+01
 8.93545695e+01 1.59250163e+01
 9.12167779e+01 1.72415122e+01
 9.30789617e+01 1.85579907e+01
 9.49409591e+01 1.98743375e+01
 9.68018478e+01 2.11899004e+01
 9.86575583e+01 2.25018026e+01
 1.00494259e+02 2.38002656e+01
 1.02276016e+02 2.50598864e+01
 1.03932574e+02 2.62309968e+01
 1.05363904e+02 2.72428813e+01
 1.06475024e+02 2.80283922e+01
 1.06475024e+02 2.80283922e+01
 1.06475024e+02 2.80283922e+01
 1.06475024e+02 2.80283922e+01
 1.06475024e+02 2.80283922e+01
 1.06475024e+02 2.80283922e+01
 1.06475024e+02 2.80283922e+01
 1.06475024e+02 2.80283922e+01
 1.06475024e+02 2.80283922e+01
 1.06475024e+02 2.80283922e+01
 1.06475024e+02 2.80283922e+01
 1.06475024e+02 2.80283922e+01
 1.06475024e+02 2.80283922e+01
 1.06475024e+02 2.80283922e+01
 1.06475024e+02 2.80283922e+01
 1.06475024e+02 2.80283922e+01
 1.06475024e+02 2.80283922e+01
 1.06475024e+02 2.80283922e+01
 1.06475024e+02 2.80283922e+01
 1.06475024e+02 2.80283922e+01
 1.06475024e+02 2.80283922e+01
 1.06475024e+02 2.80283922e+01
 1.06475024e+02 2.80283922e+01
 1.06475024e+02 2.80283922e+01
 1.06475024e+02 2.80283922e+01
 1.06475024e+02 2.80283922e+01
 1.06475024e+02 2.80283922e+01
 1.06475024e+02 2.80283922e+01
 1.06475024e+02 2.80283922e+01
 1.06475024e+02 2.80283922e+01
 1.06475024e+02 2.80283922e+01
 1.06475024e+02 2.80283922e+01
 1.06475024e+02 2.80283922e+01
 1.06475024e+02 2.80283922e+01
 1.06475024e+02 2.80283922e+01
 1.06475024e+02 2.80283922e+01
 1.06475024e+02 2.80283922e+01
 1.06475024e+02 2.80283922e+01
 1.06475024e+02 2.80283922e+01
 1.06475024e+02 2.80283922e+01
 1.06475024e+02 2.80283922e+01
 1.06475024e+02 2.80283922e+01
 1.06475024e+02 2.80283922e+01
 1.06475024e+02 2.80283922e+01
 1.06475024e+02 2.80283922e+01
 1.06475024e+02 2.80283922e+01
 1.06475024e+02 2.80283922e+01
 1.06475024e+02 2.80283922e+01
 1.06475024e+02 2.80283922e+01
