 0.00000000e+00 0.00000000e+00
 0.00000000e+00 0.00000000e+00
 0.00000000e+00 0.00000000e+00
 0.00000000e+00 0.00000000e+00
 0.00000000e+00 0.00000000e+00
 0.00000000e+00 0.00000000e+00
 0.00000000e+00 0.00000000e+00
 0.00000000e+00 0.00000000e+00
 0.00000000e+00 0.00000000e+00
 0.00000000e+00 0.00000000e+00
 0.00000000e+00 0.00000000e+00
 0.00000000e+00 0.00000000e+00
 0.00000000e+00 0.00000000e+00
 0.00000000e+00 0.00000000e+00
 0.00000000e+00 0.00000000e+00
 -1.75707591e-01 -5.37817794e-03
 -4.37536247e-01 -7.92693757e-02
 -7.96418067e-01 -2.72854575e-01
 -1.25849782e+00 -6.34793103e-01
 -1.82687235e+00 -1.20284316e+00
 -2.50273500e+00 -2.00038607e+00
 -3.28433309e+00 -3.03574678e+00
 -4.16368655e+00 -4.30224868e+00
 -5.12300426e+00 -5.77855918e+00
 -6.13333199e+00 -7.42951261e+00
 -7.15661965e+00 -9.20754829e+00
 -8.15014677e+00 -1.10551234e+01
 -9.07103735e+00 -1.29086616e+01
 -9.87947306e+00 -1.47041084e+01
 -1.05407108e+01 -1.63829864e+01
 -1.10261552e+01 -1.78967888e+01
 -1.13130040e+01 -1.92079065e+01
 -1.13821757e+01 -2.02873281e+01
 -1.12154702e+01 -2.11113370e+01
 -1.07936567e+01 -2.16595708e+01
 -1.00965554e+01 -2.19155502e+01
 -9.10498920e+00 -2.18692471e+01
 -7.80393710e+00 -2.15198471e+01
 -6.18630819e+00 -2.08766145e+01
 -4.25668239e+00 -1.99576241e+01
 -2.03395811e+00 -1.87880861e+01
 4.48106604e-01 -1.73995127e+01
 3.14253195e+00 -1.58293489e+01
 5.99195726e+00 -1.41203274e+01
 8.93164726e+00 -1.23191418e+01
 1.18924627e+01 -1.04741609e+01
 1.48040745e+01 -8.63264807e+00
 1.75982593e+01 -6.83894485e+00
 2.02118586e+01 -5.13444464e+00
 2.25896040e+01 -3.55817753e+00
 2.46872461e+01 -2.14590374e+00
 2.64743751e+01 -9.27139678e-01
 2.79353486e+01 7.77552612e-02
 2.90673756e+01 8.57420101e-01
 2.98765954e+01 1.40583773e+00
 3.03742539e+01 1.71834020e+00
 3.05746785e+01 1.79076898e+00
 3.04950357e+01 1.62189256e+00
 3.01555270e+01 1.21610645e+00
 2.95792037e+01 5.84069355e-01
 2.87921178e+01 -2.58015997e-01
 2.78247733e+01 -1.28811279e+00
 2.67143504e+01 -2.47621599e+00
 2.55058610e+01 -3.78249360e+00
 2.42506604e+01 -5.15883217e+00
 2.30021504e+01 -6.55442176e+00
 2.18100359e+01 -7.92246316e+00
 2.07152982e+01 -9.22437275e+00
 1.97475989e+01 -1.04304774e+01
 1.89254415e+01 -1.15189634e+01
 1.82582065e+01 -1.24751471e+01
 1.77488411e+01 -1.32913523e+01
 1.73963986e+01 -1.39661608e+01
 1.71983484e+01 -1.45022230e+01
 1.71527110e+01 -1.49033467e+01
 1.72593087e+01 -1.51722098e+01
 1.75194073e+01 -1.53093652e+01
 1.79345847e+01 -1.53133856e+01
 1.85061651e+01 -1.51817686e+01
 1.92348483e+01 -1.49122553e+01
 2.01194178e+01 -1.45040846e+01
 2.11550051e+01 -1.39587079e+01
 2.23322922e+01 -1.32800426e+01
 2.36378701e+01 -1.24749268e+01
 2.50549000e+01 -1.15542737e+01
 2.65634374e+01 -1.05346516e+01
 2.81401986e+01 -9.43933597e+00
 2.97576852e+01 -8.29790632e+00
 3.13830504e+01 -7.14436541e+00
 3.29777602e+01 -6.01475840e+00
 3.44991896e+01 -4.94514512e+00
 3.59044690e+01 -3.96970051e+00
 3.71555409e+01 -3.11829178e+00
 3.82234074e+01 -2.41386012e+00
 3.90899317e+01 -1.87110667e+00
 3.97471981e+01 -1.49771788e+00
 4.01958375e+01 -1.29758796e+00
 4.04436136e+01 -1.27385726e+00
 4.05043403e+01 -1.42974048e+00
 4.03963800e+01 -1.76699573e+00
 4.01403558e+01 -2.28366851e+00
 3.97568349e+01 -2.97250320e+00
 3.92654099e+01 -3.81959135e+00
 3.86858538e+01 -4.80245910e+00
 3.80402967e+01 -5.88903356e+00
 3.73543664e+01 -7.04029087e+00
 3.66559111e+01 -8.21680827e+00
 3.59716397e+01 -9.38548648e+00
 3.53236204e+01 -1.05222658e+01
 3.47278820e+01 -1.16103193e+01
 3.41957840e+01 -1.26367728e+01
 3.37367045e+01 -1.35908629e+01
 3.33602679e+01 -1.44635579e+01
 3.30779389e+01 -1.52467519e+01
 3.29048560e+01 -1.59309669e+01
 3.28617802e+01 -1.65024929e+01
 3.29757377e+01 -1.69418819e+01
 3.32785009e+01 -1.72250587e+01
 3.38037039e+01 -1.73266988e+01
 3.45837196e+01 -1.72242243e+01
 3.56464470e+01 -1.69007978e+01
 3.70118214e+01 -1.63468211e+01
 3.86885073e+01 -1.55605547e+01
 4.06715830e+01 -1.45488851e+01
 4.29417702e+01 -1.33286518e+01
 4.54663914e+01 -1.19273104e+01
 4.82018384e+01 -1.03806974e+01
 5.10969353e+01 -8.72727813e+00
 5.40965455e+01 -7.00142568e+00
 5.71451818e+01 -5.22959063e+00
 6.01906284e+01 -3.43133150e+00
 6.31874505e+01 -1.62393510e+00
 6.61003799e+01 1.73053944e-01
 6.89079500e+01 1.93756182e+00
 7.16058541e+01 3.65063816e+00
 7.42072803e+01 5.30439902e+00
 7.67374856e+01 6.90522345e+00
 7.92241455e+01 8.46890250e+00
 8.16890240e+01 1.00120018e+01
 8.41450784e+01 1.15460957e+01
 8.65982605e+01 1.30770803e+01
 8.90506958e+01 1.46072193e+01
 9.15029770e+01 1.61371774e+01
 9.39552330e+01 1.76671051e+01
 9.64074854e+01 1.91970287e+01
 9.88597342e+01 2.07269497e+01
 1.01311951e+02 2.22568505e+01
 1.03763922e+02 2.37865982e+01
 1.06214432e+02 2.53154350e+01
 1.08658124e+02 2.68400176e+01
 1.11076783e+02 2.83489823e+01
 1.13423090e+02 2.98128077e+01
 1.15604528e+02 3.11737740e+01
 1.17489374e+02 3.23497012e+01
 1.18952552e+02 3.32625559e+01
 1.18952552e+02 3.32625559e+01
 1.18952552e+02 3.32625559e+01
 1.18952552e+02 3.32625559e+01
 1.18952552e+02 3.32625559e+01
 1.18952552e+02 3.32625559e+01
 1.18952552e+02 3.32625559e+01
 1.18952552e+02 3.32625559e+01
 1.18952552e+02 3.32625559e+01
 1.18952552e+02 3.32625559e+01
 1.18952552e+02 3.32625559e+01
 1.18952552e+02 3.32625559e+01
 1.18952552e+02 3.32625559e+01
 1.18952552e+02 3.32625559e+01
 1.18952552e+02 3.32625559e+01
 1.18952552e+02 3.32625559e+01
 1.18952552e+02 3.32625559e+01
 1.18952552e+02 3.32625559e+01
 1.18952552e+02 3.32625559e+01
 1.18952552e+02 3.32625559e+01
 1.18952552e+02 3.32625559e+01
 1.18952552e+02 3.32625559e+01
 1.18952552e+02 3.32625559e+01
 1.18952552e+02 3.32625559e+01
 1.18952552e+02 3.32625559e+01
 1.18952552e+02 3.32625559e+01
 1.18952552e+02 3.32625559e+01
 1.18952552e+02 3.32625559e+01
 1.18952552e+02 3.32625559e+01
 1.18952552e+02 3.32625559e+01
 1.18952552e+02 3.32625559e+01
 1.18952552e+02 3.32625559e+01
 1.18952552e+02 3.32625559e+01
 1.18952552e+02 3.32625559e+01
 1.18952552e+02 3.32625559e+01
 1.18952552e+02 3.32625559e+01
 1.18952552e+02 3.32625559e+01
 1.18952552e+02 3.32625559e+01
 1.18952552e+02 3.32625559e+01
 1.18952552e+02 3.32625559e+01
 1.18952552e+02 3.32625559e+01
 1.18952552e+02 3.32625559e+01
 1.18952552e+02 3.32625559e+01
 1.18952552e+02 3.32625559e+01
