 0.00000000e+00 0.00000000e+00
 0.00000000e+00 0.00000000e+00
 0.00000000e+00 0.00000000e+00
 0.00000000e+00 0.00000000e+00
 0.00000000e+00 0.00000000e+00
 0.00000000e+00 0.00000000e+00
 0.00000000e+00 0.00000000e+00
 0.00000000e+00 0.00000000e+00
 0.00000000e+00 0.00000000e+00
 0.00000000e+00 0.00000000e+00
 0.00000000e+00 0.00000000e+00
 0.00000000e+00 0.00000000e+00
 0.00000000e+00 0.00000000e+00
 0.00000000e+00 0.00000000e+00
 0.00000000e+00 0.00000000e+00
 0.00000000e+00 0.00000000e+00
 0.00000000e+00 0.00000000e+00
 0.00000000e+00 0.00000000e+00
 0.00000000e+00 0.00000000e+00
 0.00000000e+00 0.00000000e+00
 0.00000000e+00 0.00000000e+00
 0.00000000e+00 0.00000000e+00
 0.00000000e+00 0.00000000e+00
 0.00000000e+00 0.00000000e+00
 -2.78020571e-01 -6.45956822e-01
 -6.65888245e-01 -1.50450803e+00
 -1.15835180e+00 -2.53422133e+00
 -1.73881004e+00 -3.68261387e+00
 -2.37974283e+00 -4.90367216e+00
 -3.04248766e+00 -6.16114526e+00
 -3.68083231e+00 -7.42263934e+00
 -4.24839262e+00 -8.65325791e+00
 -4.70454337e+00 -9.81368654e+00
 -5.01486721e+00 -1.08625296e+01
 -5.14747290e+00 -1.17597181e+01
 -5.06951555e+00 -1.24682384e+01
 -4.74668481e+00 -1.29540348e+01
 -4.14552768e+00 -1.31858467e+01
 -3.23732826e+00 -1.31365352e+01
 -2.00250058e+00 -1.27860634e+01
 -4.34494938e-01 -1.21251388e+01
 1.45776175e+00 -1.11581981e+01
 3.64903440e+00 -9.90498719e+00
 6.09774909e+00 -8.40101437e+00
 8.74629035e+00 -6.69728680e+00
 1.15224893e+01 -4.85848147e+00
 1.43436314e+01 -2.95805886e+00
 1.71230149e+01 -1.07067791e+00
 1.97772793e+01 7.35281318e-01
 2.22323502e+01 2.40249281e+00
 2.44274493e+01 3.88662100e+00
 2.63182610e+01 5.15675847e+00
 2.78796108e+01 6.19480145e+00
 2.91058907e+01 6.99279991e+00
 3.00075947e+01 7.54809026e+00
 3.06052903e+01 7.85867592e+00
 3.09243840e+01 7.92213282e+00
 3.09925441e+01 7.73826476e+00
 3.08388207e+01 7.31231665e+00
 3.04927470e+01 6.65619612e+00
 2.99832885e+01 5.78859001e+00
 2.93389664e+01 4.73601291e+00
 2.85898781e+01 3.53436142e+00
 2.77702136e+01 2.22837479e+00
 2.69187811e+01 8.67567667e-01
 2.60765915e+01 -4.99814826e-01
 2.52830349e+01 -1.83183382e+00
 2.45728986e+01 -3.09523059e+00
 2.39752099e+01 -4.26564696e+00
 2.35134882e+01 -5.32668402e+00
 2.32066020e+01 -6.26784303e+00
 2.30697219e+01 -7.08126943e+00
 2.31151615e+01 -7.75830178e+00
 2.33530116e+01 -8.28735428e+00
 2.37914364e+01 -8.65398982e+00
 2.44363739e+01 -8.84302332e+00
 2.52903563e+01 -8.84166044e+00
 2.63506076e+01 -8.64230421e+00
 2.76072583e+01 -8.24407587e+00
 2.90427103e+01 -7.65296443e+00
 3.06324354e+01 -6.88119020e+00
 3.23464574e+01 -5.94652614e+00
 3.41507045e+01 -4.87195922e+00
 3.60083871e+01 -3.68546916e+00
 3.78819871e+01 -2.41925555e+00
 3.97355425e+01 -1.10792028e+00
 4.15359752e+01 2.13852657e-01
 4.32527038e+01 1.51269560e+00
 4.48563394e+01 2.75634555e+00
 4.63183377e+01 3.91297679e+00
 4.76127979e+01 4.95194446e+00
 4.87194996e+01 5.84617612e+00
 4.96258497e+01 6.57401134e+00
 5.03263584e+01 7.11825636e+00
 5.08205076e+01 7.46345108e+00
 5.11109173e+01 7.59499863e+00
 5.12030131e+01 7.50202018e+00
 5.11063860e+01 7.18160996e+00
 5.08370582e+01 6.64091884e+00
 5.04187448e+01 5.89648276e+00
 4.98817801e+01 4.97337664e+00
 4.92609478e+01 3.90614084e+00
 4.85942793e+01 2.73987883e+00
 4.79225261e+01 1.52811993e+00
 4.72872576e+01 3.26507626e-01
 4.67268369e+01 -8.14849796e-01
 4.62718155e+01 -1.85676796e+00
 4.59421004e+01 -2.77284563e+00
 4.57474874e+01 -3.54865793e+00
 4.56914620e+01 -4.17931513e+00
 4.57761250e+01 -4.66585075e+00
 4.60053911e+01 -5.01110526e+00
 4.63854918e+01 -5.21642734e+00
 4.69240688e+01 -5.28040844e+00
 4.76290144e+01 -5.19973599e+00
 4.85069623e+01 -4.97107122e+00
 4.95613447e+01 -4.59269720e+00
 5.07907040e+01 -4.06562235e+00
 5.21881036e+01 -3.39478791e+00
 5.37419307e+01 -2.59075657e+00
 5.54375353e+01 -1.67086144e+00
 5.72586355e+01 -6.58119233e-01
 5.91878558e+01 4.22297715e-01
 6.12066929e+01 1.54688595e+00
 6.32955805e+01 2.69540600e+00
 6.54344155e+01 3.85000044e+00
 6.76034548e+01 4.99398498e+00
 6.97842765e+01 6.11225394e+00
 7.19605454e+01 7.19285350e+00
 7.41184647e+01 8.22768204e+00
 7.62467003e+01 9.21128525e+00
 7.83354817e+01 1.01388600e+01
 8.03750619e+01 1.10051809e+01
 8.23543337e+01 1.18047399e+01
 8.42601660e+01 1.25320407e+01
 8.60773017e+01 1.31813397e+01
 8.77887828e+01 1.37464122e+01
 8.93779919e+01 1.42216163e+01
 9.08337268e+01 1.46052110e+01
 9.21574438e+01 1.49042844e+01
 9.33680079e+01 1.51378523e+01
 9.44985194e+01 1.53336711e+01
 9.55852258e+01 1.55187368e+01
 9.66557640e+01 1.57100566e+01
 9.77244787e+01 1.59125175e+01
 9.87955301e+01 1.61235825e+01
 9.98685796e+01 1.63391364e+01
 1.00942552e+02 1.65564156e+01
 1.02016819e+02 1.67741984e+01
 1.03091157e+02 1.69920944e+01
 1.04165508e+02 1.72100100e+01
 1.05239860e+02 1.74279282e+01
 1.06314211e+02 1.76458465e+01
 1.07388548e+02 1.78637619e+01
 1.08462777e+02 1.80816554e+01
 1.09536367e+02 1.82994193e+01
 1.10606969e+02 1.85165771e+01
 1.11666604e+02 1.87315104e+01
 1.12694541e+02 1.89400142e+01
 1.13650247e+02 1.91338670e+01
 1.14476014e+02 1.93013632e+01
 1.15117045e+02 1.94313880e+01
 1.15117045e+02 1.94313880e+01
 1.15117045e+02 1.94313880e+01
 1.15117045e+02 1.94313880e+01
 1.15117045e+02 1.94313880e+01
 1.15117045e+02 1.94313880e+01
 1.15117045e+02 1.94313880e+01
 1.15117045e+02 1.94313880e+01
 1.15117045e+02 1.94313880e+01
 1.15117045e+02 1.94313880e+01
 1.15117045e+02 1.94313880e+01
 1.15117045e+02 1.94313880e+01
 1.15117045e+02 1.94313880e+01
 1.15117045e+02 1.94313880e+01
 1.15117045e+02 1.94313880e+01
 1.15117045e+02 1.94313880e+01
 1.15117045e+02 1.94313880e+01
 1.15117045e+02 1.94313880e+01
 1.15117045e+02 1.94313880e+01
 1.15117045e+02 1.94313880e+01
 1.15117045e+02 1.94313880e+01
 1.15117045e+02 1.94313880e+01
 1.15117045e+02 1.94313880e+01
 1.15117045e+02 1.94313880e+01
 1.15117045e+02 1.94313880e+01
 1.15117045e+02 1.94313880e+01
 1.15117045e+02 1.94313880e+01
 1.15117045e+02 1.94313880e+01
 1.15117045e+02 1.94313880e+01
 1.15117045e+02 1.94313880e+01
 1.15117045e+02 1.94313880e+01
 1.15117045e+02 1.94313880e+01
 1.15117045e+02 1.94313880e+01
 1.15117045e+02 1.94313880e+01
 1.15117045e+02 1.94313880e+01
 1.15117045e+02 1.94313880e+01
 1.15117045e+02 1.94313880e+01
