 0.00000000e+00 0.00000000e+00
 0.00000000e+00 0.00000000e+00
 0.00000000e+00 0.00000000e+00
 0.00000000e+00 0.00000000e+00
 0.00000000e+00 0.00000000e+00
 0.00000000e+00 0.00000000e+00
 0.00000000e+00 0.00000000e+00
 0.00000000e+00 0.00000000e+00
 0.00000000e+00 0.00000000e+00
 0.00000000e+00 0.00000000e+00
 0.00000000e+00 0.00000000e+00
 1.74144736e-01 1.11301877e-01
 3.70947651e-01 2.21187044e-01
 5.52488458e-01 2.87049978e-01
 6.79851426e-01 2.58028867e-01
 7.22418795e-01 8.31457005e-02
 6.59234741e-01 -2.82548931e-01
 4.75457009e-01 -8.73973539e-01
 1.59026937e-01 -1.71421079e+00
 -3.00221085e-01 -2.81445506e+00
 -9.09741259e-01 -4.17409352e+00
 -1.67282570e+00 -5.77966368e+00
 -2.58686373e+00 -7.60370116e+00
 -3.64164403e+00 -9.60588228e+00
 -4.81838874e+00 -1.17371398e+01
 -6.08998724e+00 -1.39444637e+01
 -7.42215185e+00 -1.61736144e+01
 -8.77473722e+00 -1.83694814e+01
 -1.01027979e+01 -2.04762623e+01
 -1.13576992e+01 -2.24395381e+01
 -1.24887920e+01 -2.42101373e+01
 -1.34454933e+01 -2.57475605e+01
 -1.41789067e+01 -2.70206391e+01
 -1.46425767e+01 -2.80053348e+01
 -1.47933830e+01 -2.86821575e+01
 -1.45938129e+01 -2.90358637e+01
 -1.40148715e+01 -2.90576287e+01
 -1.30373803e+01 -2.87474728e+01
 -1.16511714e+01 -2.81147710e+01
 -9.85480830e+00 -2.71767748e+01
 -7.65864081e+00 -2.59569564e+01
 -5.09047773e+00 -2.44849555e+01
 -2.19966882e+00 -2.27980480e+01
 9.44132395e-01 -2.09422026e+01
 4.25710500e+00 -1.89707084e+01
 7.64850848e+00 -1.69401158e+01
 1.10259216e+01 -1.49053944e+01
 1.42984959e+01 -1.29169777e+01
 1.73803029e+01 -1.10208185e+01
 2.01952708e+01 -9.25989769e+00
 2.26829677e+01 -7.67442309e+00
 2.48026309e+01 -6.29970232e+00
 2.65330362e+01 -5.16381343e+00
 2.78681126e+01 -4.28787860e+00
 2.88111253e+01 -3.68851080e+00
 2.93712759e+01 -3.37887554e+00
 2.95642270e+01 -3.36631301e+00
 2.94142496e+01 -3.64877965e+00
 2.89544603e+01 -4.21382306e+00
 2.82242129e+01 -5.04079640e+00
 2.72659898e+01 -6.10350208e+00
 2.61244062e+01 -7.37043478e+00
 2.48471121e+01 -8.80305726e+00
 2.34850225e+01 -1.03553723e+01
 2.20902949e+01 -1.19771565e+01
 2.07131563e+01 -1.36194482e+01
 1.93995020e+01 -1.52385705e+01
 1.81898642e+01 -1.67967425e+01
 1.71192234e+01 -1.82608551e+01
 1.62170864e+01 -1.96021174e+01
 1.55074161e+01 -2.07971127e+01
 1.50081900e+01 -2.18284650e+01
 1.47310304e+01 -2.26837181e+01
 1.46817646e+01 -2.33532812e+01
 1.48617935e+01 -2.38293220e+01
 1.52689306e+01 -2.41062323e+01
 1.58971724e+01 -2.41816638e+01
 1.67365454e+01 -2.40570296e+01
 1.77739269e+01 -2.37373782e+01
 1.89941988e+01 -2.32311050e+01
 2.03807456e+01 -2.25496415e+01
 2.19151042e+01 -2.17069356e+01
 2.35762431e+01 -2.07187449e+01
 2.53402546e+01 -1.96021233e+01
 2.71811816e+01 -1.83754195e+01
 2.90729459e+01 -1.70586745e+01
 3.09910677e+01 -1.56740492e+01
 3.29122323e+01 -1.42462973e+01
 3.48111800e+01 -1.28037875e+01
 3.66571188e+01 -1.13800262e+01
 3.84128559e+01 -1.00143095e+01
 4.00376806e+01 -8.74985798e+00
 4.14919541e+01 -7.62964918e+00
 4.27404056e+01 -6.69262086e+00
 4.37529660e+01 -5.97279214e+00
 4.45047388e+01 -5.50034254e+00
 4.49776422e+01 -5.30089893e+00
 4.51641772e+01 -5.39140805e+00
 4.50708966e+01 -5.77566377e+00
 4.47187076e+01 -6.44349241e+00
 4.41395751e+01 -7.37345948e+00
 4.33720201e+01 -8.53525860e+00
 4.24584028e+01 -9.88933697e+00
 4.14449561e+01 -1.13856882e+01
 4.03829687e+01 -1.29654874e+01
 3.93286799e+01 -1.45664446e+01
 3.83406143e+01 -1.61290747e+01
 3.74750940e+01 -1.76007455e+01
 3.67822473e+01 -1.89369838e+01
 3.63046612e+01 -2.01013133e+01
 3.60787260e+01 -2.10642209e+01
 3.61365698e+01 -2.18011690e+01
 3.65062722e+01 -2.22907358e+01
 3.72096487e+01 -2.25150377e+01
 3.82586673e+01 -2.24630809e+01
 3.96520894e+01 -2.21346634e+01
 4.13731530e+01 -2.15413994e+01
 4.33885368e+01 -2.07041547e+01
 4.56493637e+01 -1.96497457e+01
 4.80952109e+01 -1.84095498e+01
 5.06607306e+01 -1.70189735e+01
 5.32830189e+01 -1.55146801e+01
 5.59078510e+01 -1.39290561e+01
 5.84937298e+01 -1.22854548e+01
 6.10131796e+01 -1.05985115e+01
 6.34510301e+01 -8.88037835e+00
 6.58005520e+01 -7.14879615e+00
 6.80600847e+01 -5.42995357e+00
 7.02328522e+01 -3.75166620e+00
 7.23292054e+01 -2.13098125e+00
 7.43669252e+01 -5.66941893e-01
 7.63669206e+01 9.55248122e-01
 7.83470687e+01 2.45357562e+00
 8.03188073e+01 3.94128915e+00
 8.22877028e+01 5.42530407e+00
 8.42558361e+01 6.90830781e+00
 8.62238080e+01 8.39109465e+00
 8.81917530e+01 9.87384499e+00
 9.01596942e+01 1.13565904e+01
 9.21276324e+01 1.28393332e+01
 9.40955445e+01 1.43220565e+01
 9.60632598e+01 1.58046314e+01
 9.80298033e+01 1.72863234e+01
 9.99908746e+01 1.87638924e+01
 1.01931857e+02 2.02263252e+01
 1.03814776e+02 2.16450106e+01
 1.05565388e+02 2.29640087e+01
 1.07077983e+02 2.41036739e+01
 1.08252189e+02 2.49883789e+01
 1.08252189e+02 2.49883789e+01
 1.08252189e+02 2.49883789e+01
 1.08252189e+02 2.49883789e+01
 1.08252189e+02 2.49883789e+01
 1.08252189e+02 2.49883789e+01
 1.08252189e+02 2.49883789e+01
 1.08252189e+02 2.49883789e+01
 1.08252189e+02 2.49883789e+01
 1.08252189e+02 2.49883789e+01
 1.08252189e+02 2.49883789e+01
 1.08252189e+02 2.49883789e+01
 1.08252189e+02 2.49883789e+01
 1.08252189e+02 2.49883789e+01
 1.08252189e+02 2.49883789e+01
 1.08252189e+02 2.49883789e+01
 1.08252189e+02 2.49883789e+01
 1.08252189e+02 2.49883789e+01
 1.08252189e+02 2.49883789e+01
 1.08252189e+02 2.49883789e+01
 1.08252189e+02 2.49883789e+01
 1.08252189e+02 2.49883789e+01
 1.08252189e+02 2.49883789e+01
 1.08252189e+02 2.49883789e+01
 1.08252189e+02 2.49883789e+01
 1.08252189e+02 2.49883789e+01
 1.08252189e+02 2.49883789e+01
 1.08252189e+02 2.49883789e+01
 1.08252189e+02 2.49883789e+01
 1.08252189e+02 2.49883789e+01
 1.08252189e+02 2.49883789e+01
 1.08252189e+02 2.49883789e+01
 1.08252189e+02 2.49883789e+01
 1.08252189e+02 2.49883789e+01
 1.08252189e+02 2.49883789e+01
 1.08252189e+02 2.49883789e+01
 1.08252189e+02 2.49883789e+01
 1.08252189e+02 2.49883789e+01
 1.08252189e+02 2.49883789e+01
 1.08252189e+02 2.49883789e+01
 1.08252189e+02 2.49883789e+01
 1.08252189e+02 2.49883789e+01
 1.08252189e+02 2.49883789e+01
 1.08252189e+02 2.49883789e+01
 1.08252189e+02 2.49883789e+01
 1.08252189e+02 2.49883789e+01
 1.08252189e+02 2.49883789e+01
 1.08252189e+02 2.49883789e+01
 1.08252189e+02 2.49883789e+01
 1.08252189e+02 2.49883789e+01
