 0.00000000e+00 0.00000000e+00
 0.00000000e+00 0.00000000e+00
 0.00000000e+00 0.00000000e+00
 0.00000000e+00 0.00000000e+00
 0.00000000e+00 0.00000000e+00
 0.00000000e+00 0.00000000e+00
 0.00000000e+00 0.00000000e+00
 0.00000000e+00 0.00000000e+00
 0.00000000e+00 0.00000000e+00
 0.00000000e+00 0.00000000e+00
 0.00000000e+00 0.00000000e+00
 0.00000000e+00 0.00000000e+00
 -8.27884015e-02 -5.71904419e-02
 -2.21060238e-01 -1.72006283e-01
 -4.26639104e-01 -3.73673901e-01
 -7.06486028e-01 -6.90969192e-01
 -1.06419800e+00 -1.14842988e+00
 -1.50155042e+00 -1.76465406e+00
 -2.01853413e+00 -2.55180291e+00
 -2.61241787e+00 -3.51540516e+00
 -3.27699235e+00 -4.65438271e+00
 -4.00261315e+00 -5.96143177e+00
 -4.77716629e+00 -7.42369537e+00
 -5.58773586e+00 -9.02359946e+00
 -6.42228810e+00 -1.07397260e+01
 -7.27040034e+00 -1.25474182e+01
 -8.12245889e+00 -1.44185517e+01
 -8.96766466e+00 -1.63201730e+01
 -9.79196599e+00 -1.82128559e+01
 -1.05773541e+01 -2.00507404e+01
 -1.13034812e+01 -2.17848018e+01
 -1.19510511e+01 -2.33688443e+01
 -1.25050393e+01 -2.47657052e+01
 -1.29561208e+01 -2.59510796e+01
 -1.33002440e+01 -2.69141689e+01
 -1.35371603e+01 -2.76560693e+01
 -1.36684606e+01 -2.81869198e+01
 -1.36954970e+01 -2.85219435e+01
 -1.36178257e+01 -2.86764195e+01
 -1.34323421e+01 -2.86607763e+01
 -1.31323744e+01 -2.84778013e+01
 -1.27067102e+01 -2.81229342e+01
 -1.21402357e+01 -2.75867908e+01
 -1.14172834e+01 -2.68584849e+01
 -1.05260877e+01 -2.59290739e+01
 -9.46162644e+00 -2.47950757e+01
 -8.22581171e+00 -2.34617744e+01
 -6.82622259e+00 -2.19454720e+01
 -5.27537709e+00 -2.02739036e+01
 -3.59178148e+00 -1.84850837e+01
 -1.80237178e+00 -1.66257384e+01
 5.53231906e-02 -1.47498703e+01
 1.93290202e+00 -1.29166049e+01
 3.77332218e+00 -1.11862520e+01
 5.51553931e+00 -9.61490138e+00
 7.10092432e+00 -8.24930778e+00
 8.48003457e+00 -7.12378680e+00
 9.61802844e+00 -6.25942381e+00
 1.04979015e+01 -5.66458834e+00
 1.11216328e+01 -5.33592035e+00
 1.15089059e+01 -5.26008122e+00
 1.16923612e+01 -5.41676163e+00
 1.17096904e+01 -5.78239729e+00
 1.15956105e+01 -6.33342418e+00
 1.13771079e+01 -7.04830948e+00
 1.10726983e+01 -7.90810286e+00
 1.06943374e+01 -8.89572020e+00
 1.02505074e+01 -9.99484802e+00
 9.74921226e+00 -1.11895090e+01
 9.19975373e+00 -1.24644315e+01
 8.61307823e+00 -1.38052186e+01
 8.00162734e+00 -1.51970828e+01
 7.37971358e+00 -1.66220389e+01
 6.76443034e+00 -1.80561601e+01
 6.17609912e+00 -1.94690868e+01
 5.63727676e+00 -2.08264976e+01
 5.17039826e+00 -2.20941011e+01
 4.79523599e+00 -2.32410461e+01
 4.52763522e+00 -2.42416937e+01
 4.38033989e+00 -2.50759282e+01
 4.36531248e+00 -2.57284334e+01
 4.49556065e+00 -2.61870318e+01
 4.78496155e+00 -2.64403692e+01
 5.24699774e+00 -2.64760079e+01
 5.89437738e+00 -2.62801389e+01
 6.73961306e+00 -2.58391212e+01
 7.79482298e+00 -2.51420467e+01
 9.06960779e+00 -2.41836931e+01
 1.05673133e+01 -2.29679616e+01
 1.22806383e+01 -2.15117246e+01
 1.41877291e+01 -1.98479326e+01
 1.62501104e+01 -1.80263137e+01
 1.84134619e+01 -1.61107599e+01
 2.06111356e+01 -1.41738082e+01
 2.27697012e+01 -1.22894355e+01
 2.48164732e+01 -1.05251580e+01
 2.66896453e+01 -8.93351210e+00
 2.83508715e+01 -7.54273917e+00
 2.97972335e+01 -6.34860490e+00
 3.10651766e+01 -5.31318857e+00
 3.22186852e+01 -4.37670712e+00
 3.33239683e+01 -3.47986180e+00
 3.44261617e+01 -2.58339456e+00
 3.55428406e+01 -1.67273390e+00
 3.66733931e+01 -7.49148202e-01
 3.78117121e+01 1.81563423e-01
 3.89531135e+01 1.11508463e+00
 4.00954297e+01 2.04943721e+00
 4.12379534e+01 2.98397801e+00
 4.23805133e+01 3.91855171e+00
 4.35230780e+01 4.85312976e+00
 4.46656417e+01 5.78770701e+00
 4.58081904e+01 6.72227197e+00
 4.69506247e+01 7.65674341e+00
 4.80923788e+01 8.59065838e+00
 4.92309557e+01 9.52197462e+00
 5.03578690e+01 1.04437504e+01
 5.14510718e+01 1.13379521e+01
 5.24674580e+01 1.21693207e+01
 5.33456549e+01 1.28876550e+01
 5.40273860e+01 1.34452873e+01
 5.40273860e+01 1.34452873e+01
 5.40273860e+01 1.34452873e+01
 5.40273860e+01 1.34452873e+01
 5.40273860e+01 1.34452873e+01
 5.40273860e+01 1.34452873e+01
 5.40273860e+01 1.34452873e+01
 5.40273860e+01 1.34452873e+01
 5.40273860e+01 1.34452873e+01
 5.40273860e+01 1.34452873e+01
 5.40273860e+01 1.34452873e+01
 5.40273860e+01 1.34452873e+01
 5.40273860e+01 1.34452873e+01
 5.40273860e+01 1.34452873e+01
 5.40273860e+01 1.34452873e+01
 5.40273860e+01 1.34452873e+01
 5.40273860e+01 1.34452873e+01
 5.40273860e+01 1.34452873e+01
 5.40273860e+01 1.34452873e+01
 5.40273860e+01 1.34452873e+01
 5.40273860e+01 1.34452873e+01
 5.40273860e+01 1.34452873e+01
 5.40273860e+01 1.34452873e+01
 5.40273860e+01 1.34452873e+01
 5.40273860e+01 1.34452873e+01
 5.40273860e+01 1.34452873e+01
 5.40273860e+01 1.34452873e+01
 5.40273860e+01 1.34452873e+01
 5.40273860e+01 1.34452873e+01
 5.40273860e+01 1.34452873e+01
 5.40273860e+01 1.34452873e+01
 5.40273860e+01 1.34452873e+01
 5.40273860e+01 1.34452873e+01
 5.40273860e+01 1.34452873e+01
 5.40273860e+01 1.34452873e+01
 5.40273860e+01 1.34452873e+01
 5.40273860e+01 1.34452873e+01
 5.40273860e+01 1.34452873e+01
 5.40273860e+01 1.34452873e+01
 5.40273860e+01 1.34452873e+01
 5.40273860e+01 1.34452873e+01
 5.40273860e+01 1.34452873e+01
 5.40273860e+01 1.34452873e+01
 5.40273860e+01 1.34452873e+01
 5.40273860e+01 1.34452873e+01
 5.40273860e+01 1.34452873e+01
 5.40273860e+01 1.34452873e+01
 5.40273860e+01 1.34452873e+01
 5.40273860e+01 1.34452873e+01
 5.40273860e+01 1.34452873e+01
 5.40273860e+01 1.34452873e+01
 5.40273860e+01 1.34452873e+01
 5.40273860e+01 1.34452873e+01
 5.40273860e+01 1.34452873e+01
 5.40273860e+01 1.34452873e+01
 5.40273860e+01 1.34452873e+01
