 0.00000000e+00 0.00000000e+00
 0.00000000e+00 0.00000000e+00
 0.00000000e+00 0.00000000e+00
 0.00000000e+00 0.00000000e+00
 -1.27745637e-04 -7.56512329e-03
 -7.74412945e-04 -2.82413494e-02
 -3.41387155e-03 -7.58614247e-02
 -1.21892647e-02 -1.70498699e-01
 -3.62704583e-02 -3.37289458e-01
 -9.17442795e-02 -6.05339575e-01
 -2.01274132e-01 -1.00759869e+00
 -3.91132266e-01 -1.58051563e+00
 -6.87400236e-01 -2.36184804e+00
 -1.11341877e+00 -3.38689698e+00
 -1.68886288e+00 -4.68500586e+00
 -2.42964553e+00 -6.27733643e+00
 -3.34785598e+00 -8.17480138e+00
 -4.45074828e+00 -1.03742593e+01
 -5.73759508e+00 -1.28528976e+01
 -7.19442457e+00 -1.55634736e+01
 -8.78889494e+00 -1.84337208e+01
 -1.04685913e+01 -2.13709491e+01
 -1.21644927e+01 -2.42702634e+01
 -1.37985053e+01 -2.70243346e+01
 -1.52922640e+01 -2.95334728e+01
 -1.65748079e+01 -3.17148299e+01
 -1.75881121e+01 -3.35088690e+01
 -1.82903977e+01 -3.48813926e+01
 -1.86573418e+01 -3.58210296e+01
 -1.86813028e+01 -3.63337131e+01
 -1.83688935e+01 -3.64361087e+01
 -1.77375135e+01 -3.61497801e+01
 -1.68114973e+01 -3.54976685e+01
 -1.56185313e+01 -3.45034610e+01
 -1.41872954e+01 -3.31930669e+01
 -1.25474867e+01 -3.15971147e+01
 -1.07323863e+01 -2.97536987e+01
 -8.78203520e+00 -2.77103091e+01
 -6.74411627e+00 -2.55236413e+01
 -4.67123586e+00 -2.32567907e+01
 -2.61593047e+00 -2.09746501e+01
 -6.26122371e-01 -1.87392033e+01
 1.25690277e+00 -1.66062786e+01
 2.99819164e+00 -1.46241115e+01
 4.56866875e+00 -1.28326500e+01
 5.94624563e+00 -1.12622913e+01
 7.11807059e+00 -9.93184405e+00
 8.08246650e+00 -8.84672766e+00
 8.84971857e+00 -7.99875863e+00
 9.44149909e+00 -7.36835304e+00
 9.88876801e+00 -6.92893904e+00
 1.02281410e+01 -6.65225843e+00
 1.04972432e+01 -6.51277101e+00
 1.07300654e+01 -6.49000699e+00
 1.09533016e+01 -6.56904909e+00
 1.11840504e+01 -6.74026591e+00
 1.14286858e+01 -6.99910697e+00
 1.16827172e+01 -7.34580687e+00
 1.19318970e+01 -7.78452742e+00
 1.21548629e+01 -8.32185442e+00
 1.23267906e+01 -8.96493440e+00
 1.24228113e+01 -9.71971939e+00
 1.24205595e+01 -1.05896507e+01
 1.23026222e+01 -1.15745208e+01
 1.20597013e+01 -1.26689704e+01
 1.16935072e+01 -1.38607051e+01
 1.12175539e+01 -1.51292557e+01
 1.06556469e+01 -1.64460919e+01
 1.00393937e+01 -1.77762804e+01
 9.40553309e+00 -1.90812656e+01
 8.79286953e+00 -2.03221775e+01
 8.23876533e+00 -2.14633315e+01
 7.77577764e+00 -2.24756061e+01
 7.42915799e+00 -2.33389127e+01
 7.21587792e+00 -2.40427177e+01
 7.14576376e+00 -2.45842178e+01
 7.22439433e+00 -2.49649572e+01
 7.45611051e+00 -2.51873844e+01
 7.84582418e+00 -2.52524564e+01
 8.39988974e+00 -2.51585041e+01
 9.12649266e+00 -2.49011939e+01
 1.00349273e+01 -2.44746433e+01
 1.11330832e+01 -2.38738357e+01
 1.24235641e+01 -2.30979652e+01
 1.38996881e+01 -2.21536254e+01
 1.55427799e+01 -2.10565619e+01
 1.73217923e+01 -1.98312523e+01
 1.91953121e+01 -1.85085087e+01
 2.11150651e+01 -1.71220444e+01
 2.30302512e+01 -1.57050397e+01
 2.48930880e+01 -1.42872583e+01
 2.66660429e+01 -1.28928923e+01
 2.83294401e+01 -1.15391598e+01
 2.98857158e+01 -1.02354454e+01
 3.13563970e+01 -8.98284454e+00
 3.27718283e+01 -7.77475495e+00
 3.41592672e+01 -6.59946690e+00
 3.55361629e+01 -5.44432391e+00
 3.69104892e+01 -4.29933893e+00
 3.82846639e+01 -3.15850870e+00
 3.96590224e+01 -2.01904410e+00
 4.10334772e+01 -8.79937720e-01
 4.24079598e+01 2.59094080e-01
 4.37824481e+01 1.39811360e+00
 4.51569370e+01 2.53713140e+00
 4.65314241e+01 3.67614748e+00
 4.79058931e+01 4.81514854e+00
 4.92802245e+01 5.95403560e+00
 5.06537376e+01 7.09224448e+00
 5.20234286e+01 8.22728614e+00
 5.33790885e+01 9.35070037e+00
 5.46941951e+01 1.04405087e+01
 5.59168926e+01 1.14537391e+01
 5.69733503e+01 1.23292091e+01
 5.77934627e+01 1.30088235e+01
 5.77934627e+01 1.30088235e+01
 5.77934627e+01 1.30088235e+01
 5.77934627e+01 1.30088235e+01
 5.77934627e+01 1.30088235e+01
 5.77934627e+01 1.30088235e+01
 5.77934627e+01 1.30088235e+01
 5.77934627e+01 1.30088235e+01
 5.77934627e+01 1.30088235e+01
 5.77934627e+01 1.30088235e+01
 5.77934627e+01 1.30088235e+01
 5.77934627e+01 1.30088235e+01
 5.77934627e+01 1.30088235e+01
 5.77934627e+01 1.30088235e+01
 5.77934627e+01 1.30088235e+01
 5.77934627e+01 1.30088235e+01
 5.77934627e+01 1.30088235e+01
 5.77934627e+01 1.30088235e+01
 5.77934627e+01 1.30088235e+01
 5.77934627e+01 1.30088235e+01
 5.77934627e+01 1.30088235e+01
 5.77934627e+01 1.30088235e+01
 5.77934627e+01 1.30088235e+01
 5.77934627e+01 1.30088235e+01
 5.77934627e+01 1.30088235e+01
 5.77934627e+01 1.30088235e+01
 5.77934627e+01 1.30088235e+01
 5.77934627e+01 1.30088235e+01
 5.77934627e+01 1.30088235e+01
 5.77934627e+01 1.30088235e+01
 5.77934627e+01 1.30088235e+01
 5.77934627e+01 1.30088235e+01
 5.77934627e+01 1.30088235e+01
 5.77934627e+01 1.30088235e+01
 5.77934627e+01 1.30088235e+01
 5.77934627e+01 1.30088235e+01
 5.77934627e+01 1.30088235e+01
 5.77934627e+01 1.30088235e+01
 5.77934627e+01 1.30088235e+01
 5.77934627e+01 1.30088235e+01
 5.77934627e+01 1.30088235e+01
 5.77934627e+01 1.30088235e+01
 5.77934627e+01 1.30088235e+01
 5.77934627e+01 1.30088235e+01
 5.77934627e+01 1.30088235e+01
 5.77934627e+01 1.30088235e+01
 5.77934627e+01 1.30088235e+01
 5.77934627e+01 1.30088235e+01
 5.77934627e+01 1.30088235e+01
 5.77934627e+01 1.30088235e+01
 5.77934627e+01 1.30088235e+01
 5.77934627e+01 1.30088235e+01
 5.77934627e+01 1.30088235e+01
 5.77934627e+01 1.30088235e+01
 5.77934627e+01 1.30088235e+01
 5.77934627e+01 1.30088235e+01
 5.77934627e+01 1.30088235e+01
 5.77934627e+01 1.30088235e+01
 5.77934627e+01 1.30088235e+01
 5.77934627e+01 1.30088235e+01
 5.77934627e+01 1.30088235e+01
 5.77934627e+01 1.30088235e+01
