 0.00000000e+00 0.00000000e+00
 0.00000000e+00 0.00000000e+00
 0.00000000e+00 0.00000000e+00
 0.00000000e+00 0.00000000e+00
 0.00000000e+00 0.00000000e+00
 0.00000000e+00 0.00000000e+00
 0.00000000e+00 0.00000000e+00
 0.00000000e+00 0.00000000e+00
 0.00000000e+00 0.00000000e+00
 0.00000000e+00 0.00000000e+00
 2.23039795e-01 1.31482263e-01
 4.61712115e-01 2.83999087e-01
 6.62677478e-01 4.27130875e-01
 7.78744967e-01 5.21813628e-01
 7.82674933e-01 5.25757881e-01
 6.66751687e-01 3.98009602e-01
 4.32658015e-01 1.02662315e-01
 8.08078431e-02 -3.89822381e-01
 -3.94494733e-01 -1.10424442e+00
 -1.00361509e+00 -2.06272135e+00
 -1.75743251e+00 -3.28438018e+00
 -2.66396423e+00 -4.78266035e+00
 -3.72710524e+00 -6.56202476e+00
 -4.94710242e+00 -8.61540742e+00
 -6.32147952e+00 -1.09227702e+01
 -7.84486066e+00 -1.34508290e+01
 -9.50679848e+00 -1.61538597e+01
 -1.12880400e+01 -1.89751099e+01
 -1.31568712e+01 -2.18482792e+01
 -1.50676832e+01 -2.46993287e+01
 -1.69631691e+01 -2.74498002e+01
 -1.87797103e+01 -3.00224925e+01
 -2.04540981e+01 -3.23487762e+01
 -2.19299800e+01 -3.43755451e+01
 -2.31633050e+01 -3.60696271e+01
 -2.41260211e+01 -3.74180956e+01
 -2.48067832e+01 -3.84242309e+01
 -2.52079429e+01 -3.91007490e+01
 -2.53397760e+01 -3.94630473e+01
 -2.52142847e+01 -3.95245251e+01
 -2.48406830e+01 -3.92944704e+01
 -2.42233394e+01 -3.87779699e+01
 -2.33620952e+01 -3.79769724e+01
 -2.22547434e+01 -3.68919883e+01
 -2.09009396e+01 -3.55247934e+01
 -1.93059524e+01 -3.38825659e+01
 -1.74828052e+01 -3.19825810e+01
 -1.54528323e+01 -2.98556089e+01
 -1.32458768e+01 -2.75466934e+01
 -1.09008065e+01 -2.51131500e+01
 -8.46541697e+00 -2.26205322e+01
 -5.99441997e+00 -2.01378824e+01
 -3.54578885e+00 -1.77334688e+01
 -1.17710221e+00 -1.54712854e+01
 1.05712906e+00 -1.34076408e+01
 3.10780722e+00 -1.15871889e+01
 4.93436667e+00 -1.00389718e+01
 6.50864196e+00 -8.77448693e+00
 7.81808996e+00 -7.78976412e+00
 8.86649013e+00 -7.07141686e+00
 9.67102872e+00 -6.60404934e+00
 1.02566009e+01 -6.37530459e+00
 1.06498906e+01 -6.37647251e+00
 1.08754017e+01 -6.60005982e+00
 1.09536275e+01 -7.03771500e+00
 1.09005040e+01 -7.68020747e+00
 1.07276493e+01 -8.51808612e+00
 1.04431313e+01 -9.54094696e+00
 1.00526292e+01 -1.07352948e+01
 9.56122369e+00 -1.20830489e+01
 8.97567461e+00 -1.35623585e+01
 8.30625212e+00 -1.51498447e+01
 7.56755664e+00 -1.68216521e+01
 6.77873478e+00 -1.85520045e+01
 5.96356712e+00 -2.03106718e+01
 5.15031201e+00 -2.20616907e+01
 4.37089951e+00 -2.37644411e+01
 3.65920906e+00 -2.53766647e+01
 3.04860577e+00 -2.68582908e+01
 2.56948149e+00 -2.81748578e+01
 2.24764336e+00 -2.92995912e+01
 2.10371850e+00 -3.02137022e+01
 2.15311010e+00 -3.09050859e+01
 2.40639011e+00 -3.13661298e+01
 2.87074934e+00 -3.15914793e+01
 3.55265958e+00 -3.15762755e+01
 4.46034673e+00 -3.13150591e+01
 5.60414176e+00 -3.08017085e+01
 6.99402881e+00 -3.00310695e+01
 8.63505658e+00 -2.90024994e+01
 1.05216225e+01 -2.77243497e+01
 1.26318966e+01 -2.62176352e+01
 1.49244337e+01 -2.45175472e+01
 1.73393920e+01 -2.26723051e+01
 1.98059537e+01 -2.07391370e+01
 2.22555847e+01 -1.87771625e+01
 2.46375425e+01 -1.68376071e+01
 2.69296712e+01 -1.49538439e+01
 2.91380437e+01 -1.31361263e+01
 3.12856833e+01 -1.13749572e+01
 3.33981093e+01 -9.65142639e+00
 3.54940785e+01 -7.94773927e+00
 3.75838422e+01 -6.25237331e+00
 3.96717211e+01 -4.55978080e+00
 4.17591403e+01 -2.86792136e+00
 4.38464697e+01 -1.17621518e+00
 4.59337852e+01 5.15465709e-01
 4.80210987e+01 2.20714313e+00
 5.01084092e+01 3.89881792e+00
 5.21956921e+01 5.59047038e+00
 5.42827662e+01 7.28195353e+00
 5.63685974e+01 8.97242943e+00
 5.84486245e+01 1.06582014e+01
 6.05073437e+01 1.23267042e+01
 6.25044784e+01 1.39452953e+01
 6.43612795e+01 1.54501522e+01
 6.59656272e+01 1.67504065e+01
 6.72110583e+01 1.77597746e+01
 6.72110583e+01 1.77597746e+01
 6.72110583e+01 1.77597746e+01
 6.72110583e+01 1.77597746e+01
 6.72110583e+01 1.77597746e+01
 6.72110583e+01 1.77597746e+01
 6.72110583e+01 1.77597746e+01
 6.72110583e+01 1.77597746e+01
 6.72110583e+01 1.77597746e+01
 6.72110583e+01 1.77597746e+01
 6.72110583e+01 1.77597746e+01
 6.72110583e+01 1.77597746e+01
 6.72110583e+01 1.77597746e+01
 6.72110583e+01 1.77597746e+01
 6.72110583e+01 1.77597746e+01
 6.72110583e+01 1.77597746e+01
 6.72110583e+01 1.77597746e+01
 6.72110583e+01 1.77597746e+01
 6.72110583e+01 1.77597746e+01
 6.72110583e+01 1.77597746e+01
 6.72110583e+01 1.77597746e+01
 6.72110583e+01 1.77597746e+01
 6.72110583e+01 1.77597746e+01
 6.72110583e+01 1.77597746e+01
 6.72110583e+01 1.77597746e+01
 6.72110583e+01 1.77597746e+01
 6.72110583e+01 1.77597746e+01
 6.72110583e+01 1.77597746e+01
 6.72110583e+01 1.77597746e+01
 6.72110583e+01 1.77597746e+01
 6.72110583e+01 1.77597746e+01
 6.72110583e+01 1.77597746e+01
 6.72110583e+01 1.77597746e+01
 6.72110583e+01 1.77597746e+01
 6.72110583e+01 1.77597746e+01
 6.72110583e+01 1.77597746e+01
 6.72110583e+01 1.77597746e+01
 6.72110583e+01 1.77597746e+01
 6.72110583e+01 1.77597746e+01
 6.72110583e+01 1.77597746e+01
 6.72110583e+01 1.77597746e+01
 6.72110583e+01 1.77597746e+01
 6.72110583e+01 1.77597746e+01
 6.72110583e+01 1.77597746e+01
 6.72110583e+01 1.77597746e+01
 6.72110583e+01 1.77597746e+01
 6.72110583e+01 1.77597746e+01
 6.72110583e+01 1.77597746e+01
 6.72110583e+01 1.77597746e+01
 6.72110583e+01 1.77597746e+01
 6.72110583e+01 1.77597746e+01
 6.72110583e+01 1.77597746e+01
 6.72110583e+01 1.77597746e+01
 6.72110583e+01 1.77597746e+01
 6.72110583e+01 1.77597746e+01
 6.72110583e+01 1.77597746e+01
 6.72110583e+01 1.77597746e+01
 6.72110583e+01 1.77597746e+01
 6.72110583e+01 1.77597746e+01
