 0.00000000e+00 0.00000000e+00
 0.00000000e+00 0.00000000e+00
 0.00000000e+00 0.00000000e+00
 0.00000000e+00 0.00000000e+00
 0.00000000e+00 0.00000000e+00
 0.00000000e+00 0.00000000e+00
 0.00000000e+00 0.00000000e+00
 0.00000000e+00 0.00000000e+00
 0.00000000e+00 0.00000000e+00
 0.00000000e+00 0.00000000e+00
 0.00000000e+00 0.00000000e+00
 0.00000000e+00 0.00000000e+00
 0.00000000e+00 0.00000000e+00
 0.00000000e+00 0.00000000e+00
 0.00000000e+00 0.00000000e+00
 0.00000000e+00 0.00000000e+00
 0.00000000e+00 0.00000000e+00
 0.00000000e+00 0.00000000e+00
 0.00000000e+00 0.00000000e+00
 0.00000000e+00 0.00000000e+00
 -9.78192833e-02 2.60091506e-02
 -2.32322469e-01 5.53554433e-03
 -4.03959687e-01 -1.09729396e-01
 -6.14673867e-01 -3.70059349e-01
 -8.69154068e-01 -8.18415499e-01
 -1.17321845e+00 -1.48531588e+00
 -1.53108199e+00 -2.38755781e+00
 -1.94343953e+00 -3.52888562e+00
 -2.40709632e+00 -4.90071937e+00
 -2.91572998e+00 -6.48205665e+00
 -3.46073241e+00 -8.23917374e+00
 -4.03122124e+00 -1.01266899e+01
 -4.61333701e+00 -1.20909960e+01
 -5.18990389e+00 -1.40753784e+01
 -5.74121671e+00 -1.60248406e+01
 -6.24654622e+00 -1.78889073e+01
 -6.68546424e+00 -1.96224256e+01
 -7.03872161e+00 -2.11858824e+01
 -7.28910262e+00 -2.25465837e+01
 -7.42244319e+00 -2.36803826e+01
 -7.42817826e+00 -2.45720827e+01
 -7.29860285e+00 -2.52129678e+01
 -7.02695754e+00 -2.55962443e+01
 -6.60540984e+00 -2.57131967e+01
 -6.02396423e+00 -2.55523921e+01
 -5.27079031e+00 -2.51021530e+01
 -4.33415642e+00 -2.43549874e+01
 -3.20577151e+00 -2.33122913e+01
 -1.88467067e+00 -2.19877438e+01
 -3.80475572e-01 -2.04084801e+01
 1.28476782e+00 -1.86144526e+01
 3.07636071e+00 -1.66572162e+01
 4.94810082e+00 -1.45986237e+01
 6.84455380e+00 -1.25084506e+01
 8.70450614e+00 -1.04597540e+01
 1.04657798e+01 -8.52245091e+00
 1.20709798e+01 -6.75751117e+00
 1.34727236e+01 -5.21419310e+00
 1.46366115e+01 -3.93080048e+00
 1.55414685e+01 -2.93713244e+00
 1.61781954e+01 -2.25581088e+00
 1.65486656e+01 -1.90081509e+00
 1.66645290e+01 -1.87419255e+00
 1.65453807e+01 -2.16387889e+00
 1.62170578e+01 -2.74486535e+00
 1.57109367e+01 -3.58309290e+00
 1.50637066e+01 -4.63925750e+00
 1.43167969e+01 -5.87036374e+00
 1.35153244e+01 -7.22954058e+00
 1.27062711e+01 -8.66652560e+00
 1.19353977e+01 -1.01305310e+01
 1.12433302e+01 -1.15748072e+01
 1.06622212e+01 -1.29605353e+01
 1.02142004e+01 -1.42581762e+01
 9.91177872e+00 -1.54463801e+01
 9.75941811e+00 -1.65099661e+01
 9.75541586e+00 -1.74381778e+01
 9.89401790e+00 -1.82232779e+01
 1.01680947e+01 -1.88590626e+01
 1.05719470e+01 -1.93392878e+01
 1.11029327e+01 -1.96564971e+01
 1.17612311e+01 -1.98018006e+01
 1.25486404e+01 -1.97658777e+01
 1.34676734e+01 -1.95410618e+01
 1.45209988e+01 -1.91239341e+01
 1.57103347e+01 -1.85176436e+01
 1.70344327e+01 -1.77333157e+01
 1.84868682e+01 -1.67902966e+01
 2.00546908e+01 -1.57154199e+01
 2.17183148e+01 -1.45415850e+01
 2.34521753e+01 -1.33056495e+01
 2.52257725e+01 -1.20454803e+01
 2.70056152e+01 -1.07962213e+01
 2.87588827e+01 -9.58612056e+00
 3.04587787e+01 -8.43261483e+00
 3.20901014e+01 -7.34003688e+00
 3.36522635e+01 -6.30067105e+00
 3.51573206e+01 -5.29960129e+00
 3.66234734e+01 -4.32117723e+00
 3.80678024e+01 -3.35366684e+00
 3.95021007e+01 -2.39040408e+00
 4.09326427e+01 -1.42846464e+00
 4.23620452e+01 -4.66852409e-01
 4.37911689e+01 4.94696155e-01
 4.52202381e+01 1.45623506e+00
 4.66492987e+01 2.41777283e+00
 4.80783581e+01 3.37931040e+00
 4.95074154e+01 4.34084665e+00
 5.09364539e+01 5.30237022e+00
 5.23653494e+01 6.26379757e+00
 5.37933940e+01 7.22465240e+00
 5.52174649e+01 8.18283353e+00
 5.66269475e+01 9.13119899e+00
 5.79942667e+01 1.00511950e+01
 5.92655081e+01 1.09065453e+01
 6.03639095e+01 1.16456009e+01
 6.12165821e+01 1.22193187e+01
 6.12165821e+01 1.22193187e+01
 6.12165821e+01 1.22193187e+01
 6.12165821e+01 1.22193187e+01
 6.12165821e+01 1.22193187e+01
 6.12165821e+01 1.22193187e+01
 6.12165821e+01 1.22193187e+01
 6.12165821e+01 1.22193187e+01
 6.12165821e+01 1.22193187e+01
 6.12165821e+01 1.22193187e+01
 6.12165821e+01 1.22193187e+01
 6.12165821e+01 1.22193187e+01
 6.12165821e+01 1.22193187e+01
 6.12165821e+01 1.22193187e+01
 6.12165821e+01 1.22193187e+01
 6.12165821e+01 1.22193187e+01
 6.12165821e+01 1.22193187e+01
 6.12165821e+01 1.22193187e+01
 6.12165821e+01 1.22193187e+01
 6.12165821e+01 1.22193187e+01
 6.12165821e+01 1.22193187e+01
 6.12165821e+01 1.22193187e+01
 6.12165821e+01 1.22193187e+01
 6.12165821e+01 1.22193187e+01
 6.12165821e+01 1.22193187e+01
 6.12165821e+01 1.22193187e+01
 6.12165821e+01 1.22193187e+01
 6.12165821e+01 1.22193187e+01
 6.12165821e+01 1.22193187e+01
 6.12165821e+01 1.22193187e+01
 6.12165821e+01 1.22193187e+01
 6.12165821e+01 1.22193187e+01
 6.12165821e+01 1.22193187e+01
 6.12165821e+01 1.22193187e+01
 6.12165821e+01 1.22193187e+01
 6.12165821e+01 1.22193187e+01
 6.12165821e+01 1.22193187e+01
 6.12165821e+01 1.22193187e+01
 6.12165821e+01 1.22193187e+01
 6.12165821e+01 1.22193187e+01
 6.12165821e+01 1.22193187e+01
 6.12165821e+01 1.22193187e+01
 6.12165821e+01 1.22193187e+01
 6.12165821e+01 1.22193187e+01
 6.12165821e+01 1.22193187e+01
 6.12165821e+01 1.22193187e+01
 6.12165821e+01 1.22193187e+01
 6.12165821e+01 1.22193187e+01
 6.12165821e+01 1.22193187e+01
 6.12165821e+01 1.22193187e+01
 6.12165821e+01 1.22193187e+01
 6.12165821e+01 1.22193187e+01
 6.12165821e+01 1.22193187e+01
 6.12165821e+01 1.22193187e+01
 6.12165821e+01 1.22193187e+01
 6.12165821e+01 1.22193187e+01
 6.12165821e+01 1.22193187e+01
 6.12165821e+01 1.22193187e+01
 6.12165821e+01 1.22193187e+01
 6.12165821e+01 1.22193187e+01
