 0.00000000e+00 0.00000000e+00
 0.00000000e+00 0.00000000e+00
 0.00000000e+00 0.00000000e+00
 0.00000000e+00 0.00000000e+00
 0.00000000e+00 0.00000000e+00
 0.00000000e+00 0.00000000e+00
 0.00000000e+00 0.00000000e+00
 0.00000000e+00 0.00000000e+00
 0.00000000e+00 0.00000000e+00
 0.00000000e+00 0.00000000e+00
 0.00000000e+00 0.00000000e+00
 0.00000000e+00 0.00000000e+00
 0.00000000e+00 0.00000000e+00
 0.00000000e+00 0.00000000e+00
 0.00000000e+00 0.00000000e+00
 -6.49368965e-02 -8.15747303e-02
 -1.91559796e-01 -2.72119842e-01
 -4.05534405e-01 -6.22364114e-01
 -7.26030704e-01 -1.17099481e+00
 -1.16156564e+00 -1.93906513e+00
 -1.71034717e+00 -2.93148963e+00
 -2.36300792e+00 -4.14010519e+00
 -3.10505822e+00 -5.54494594e+00
 -3.91829141e+00 -7.11485720e+00
 -4.78185755e+00 -8.80993149e+00
 -5.67369059e+00 -1.05862102e+01
 -6.57218186e+00 -1.24005771e+01
 -7.45736649e+00 -1.42133872e+01
 -8.31098646e+00 -1.59883634e+01
 -9.11567133e+00 -1.76915457e+01
 -9.85439356e+00 -1.92912815e+01
 -1.05112173e+01 -2.07595058e+01
 -1.10730807e+01 -2.20732158e+01
 -1.15312845e+01 -2.32153575e+01
 -1.18816321e+01 -2.41751389e+01
 -1.21232448e+01 -2.49478696e+01
 -1.22567725e+01 -2.55341683e+01
 -1.22828436e+01 -2.59382799e+01
 -1.22014169e+01 -2.61653449e+01
 -1.20118255e+01 -2.62180410e+01
 -1.17123187e+01 -2.60940675e+01
 -1.12986869e+01 -2.57859386e+01
 -1.07633569e+01 -2.52827624e+01
 -1.00960571e+01 -2.45724968e+01
 -9.28523483e+00 -2.36442125e+01
 -8.31913371e+00 -2.24909012e+01
 -7.18681008e+00 -2.11126597e+01
 -5.87994554e+00 -1.95192905e+01
 -4.39563947e+00 -1.77316694e+01
 -2.73969046e+00 -1.57818709e+01
 -9.29714989e-01 -1.37124458e+01
 1.00252885e+00 -1.15754582e+01
 3.01030964e+00 -9.43144017e+00
 5.03336174e+00 -7.34729887e+00
 7.00218370e+00 -5.39180250e+00
 8.84504079e+00 -3.62877723e+00
 1.04963387e+01 -2.11049094e+00
 1.19041147e+01 -8.74296223e-01
 1.30345543e+01 5.67854152e-02
 1.38727874e+01 6.72017364e-01
 1.44208393e+01 9.72234171e-01
 1.46944158e+01 9.70388542e-01
 1.47197254e+01 6.90813187e-01
 1.45300659e+01 1.65505616e-01
 1.41612152e+01 -5.71104408e-01
 1.36464888e+01 -1.48564041e+00
 1.30143737e+01 -2.54600660e+00
 1.22899981e+01 -3.72017119e+00
 1.14979422e+01 -4.97625059e+00
 1.06632325e+01 -6.28440210e+00
 9.81024368e+00 -7.61879175e+00
 8.96142624e+00 -8.95800611e+00
 8.13717286e+00 -1.02837098e+01
 7.35661920e+00 -1.15783695e+01
 6.63871386e+00 -1.28231693e+01
 6.00316170e+00 -1.39970745e+01
 5.47098812e+00 -1.50773933e+01
 5.06468405e+00 -1.60413274e+01
 4.80828850e+00 -1.68673218e+01
 4.72755632e+00 -1.75350877e+01
 4.84955818e+00 -1.80243815e+01
 5.20115893e+00 -1.83140952e+01
 5.80694200e+00 -1.83832112e+01
 6.68732039e+00 -1.82135212e+01
 7.85661461e+00 -1.77926650e+01
 9.32073389e+00 -1.71163794e+01
 1.10747284e+01 -1.61900148e+01
 1.31004333e+01 -1.50299378e+01
 1.53642245e+01 -1.36649956e+01
 1.78156208e+01 -1.21372541e+01
 2.03883509e+01 -1.05005059e+01
 2.30054035e+01 -8.81541372e+00
 2.55885529e+01 -7.14153319e+00
 2.80714429e+01 -5.52772868e+00
 3.04133777e+01 -4.00330660e+00
 3.26082092e+01 -2.57327072e+00
 3.46817207e+01 -1.22126002e+00
 3.66763525e+01 7.98412761e-02
 3.86318628e+01 1.35537841e+00
 4.05737229e+01 2.62165708e+00
 4.25131037e+01 3.88597281e+00
 4.44529360e+01 5.15037945e+00
 4.63933010e+01 6.41504917e+00
 4.83338851e+01 7.67983603e+00
 5.02745279e+01 8.94465511e+00
 5.22151819e+01 1.02094805e+01
 5.41558374e+01 1.14743067e+01
 5.60964904e+01 1.27391312e+01
 5.80371179e+01 1.40039391e+01
 5.99775511e+01 1.52686204e+01
 6.19168288e+01 1.65325486e+01
 6.38507103e+01 1.77929597e+01
 6.57647809e+01 1.90404592e+01
 6.76215940e+01 2.02506408e+01
 6.93479336e+01 2.13757862e+01
 7.08395575e+01 2.23479551e+01
 7.19974829e+01 2.31026353e+01
 7.19974829e+01 2.31026353e+01
 7.19974829e+01 2.31026353e+01
 7.19974829e+01 2.31026353e+01
 7.19974829e+01 2.31026353e+01
 7.19974829e+01 2.31026353e+01
 7.19974829e+01 2.31026353e+01
 7.19974829e+01 2.31026353e+01
 7.19974829e+01 2.31026353e+01
 7.19974829e+01 2.31026353e+01
 7.19974829e+01 2.31026353e+01
 7.19974829e+01 2.31026353e+01
 7.19974829e+01 2.31026353e+01
 7.19974829e+01 2.31026353e+01
 7.19974829e+01 2.31026353e+01
 7.19974829e+01 2.31026353e+01
 7.19974829e+01 2.31026353e+01
 7.19974829e+01 2.31026353e+01
 7.19974829e+01 2.31026353e+01
 7.19974829e+01 2.31026353e+01
 7.19974829e+01 2.31026353e+01
 7.19974829e+01 2.31026353e+01
 7.19974829e+01 2.31026353e+01
 7.19974829e+01 2.31026353e+01
 7.19974829e+01 2.31026353e+01
 7.19974829e+01 2.31026353e+01
 7.19974829e+01 2.31026353e+01
 7.19974829e+01 2.31026353e+01
 7.19974829e+01 2.31026353e+01
 7.19974829e+01 2.31026353e+01
 7.19974829e+01 2.31026353e+01
 7.19974829e+01 2.31026353e+01
 7.19974829e+01 2.31026353e+01
 7.19974829e+01 2.31026353e+01
 7.19974829e+01 2.31026353e+01
 7.19974829e+01 2.31026353e+01
 7.19974829e+01 2.31026353e+01
 7.19974829e+01 2.31026353e+01
 7.19974829e+01 2.31026353e+01
 7.19974829e+01 2.31026353e+01
 7.19974829e+01 2.31026353e+01
 7.19974829e+01 2.31026353e+01
 7.19974829e+01 2.31026353e+01
 7.19974829e+01 2.31026353e+01
 7.19974829e+01 2.31026353e+01
 7.19974829e+01 2.31026353e+01
 7.19974829e+01 2.31026353e+01
 7.19974829e+01 2.31026353e+01
 7.19974829e+01 2.31026353e+01
 7.19974829e+01 2.31026353e+01
 7.19974829e+01 2.31026353e+01
 7.19974829e+01 2.31026353e+01
 7.19974829e+01 2.31026353e+01
 7.19974829e+01 2.31026353e+01
 7.19974829e+01 2.31026353e+01
 7.19974829e+01 2.31026353e+01
 7.19974829e+01 2.31026353e+01
 7.19974829e+01 2.31026353e+01
 7.19974829e+01 2.31026353e+01
 7.19974829e+01 2.31026353e+01
