 0.00000000e+00 0.00000000e+00
 0.00000000e+00 0.00000000e+00
 0.00000000e+00 0.00000000e+00
 0.00000000e+00 0.00000000e+00
 0.00000000e+00 0.00000000e+00
 0.00000000e+00 0.00000000e+00
 0.00000000e+00 0.00000000e+00
 0.00000000e+00 0.00000000e+00
 0.00000000e+00 0.00000000e+00
 0.00000000e+00 0.00000000e+00
 0.00000000e+00 0.00000000e+00
 0.00000000e+00 0.00000000e+00
 0.00000000e+00 0.00000000e+00
 -9.20143847e-02 1.28862966e-01
 -2.54933044e-01 2.39325493e-01
 -5.14751103e-01 2.74784009e-01
 -8.96549860e-01 1.77478055e-01
 -1.42320161e+00 -1.00246960e-01
 -2.11407614e+00 -5.92681415e-01
 -2.98303904e+00 -1.32256242e+00
 -4.03640610e+00 -2.30339263e+00
 -5.27204256e+00 -3.54017835e+00
 -6.67982913e+00 -5.02915132e+00
 -8.24271037e+00 -6.75789747e+00
 -9.93788060e+00 -8.70637743e+00
 -1.17384756e+01 -1.08480471e+01
 -1.36158161e+01 -1.31502984e+01
 -1.55412180e+01 -1.55745114e+01
 -1.74863182e+01 -1.80765249e+01
 -1.94220101e+01 -2.06077445e+01
 -2.13171720e+01 -2.31164578e+01
 -2.31384069e+01 -2.55492083e+01
 -2.48510185e+01 -2.78528330e+01
 -2.64205615e+01 -2.99777106e+01
 -2.78145624e+01 -3.18817169e+01
 -2.90047345e+01 -3.35336097e+01
 -2.99696038e+01 -3.49147484e+01
 -3.06962875e+01 -3.60185651e+01
 -3.11801400e+01 -3.68477356e+01
 -3.14225350e+01 -3.74098980e+01
 -3.14282960e+01 -3.77134698e+01
 -3.12037733e+01 -3.77647111e+01
 -3.07553145e+01 -3.75662111e+01
 -3.00878181e+01 -3.71165740e+01
 -2.92039402e+01 -3.64111181e+01
 -2.81046072e+01 -3.54435592e+01
 -2.67905082e+01 -3.42090101e+01
 -2.52636614e+01 -3.27085143e+01
 -2.35288707e+01 -3.09541838e+01
 -2.15960114e+01 -2.89731225e+01
 -1.94839840e+01 -2.68089663e+01
 -1.72254922e+01 -2.45211158e+01
 -1.48700954e+01 -2.21821293e+01
 -1.24832695e+01 -1.98734027e+01
 -1.01415004e+01 -1.76791120e+01
 -7.92529307e+00 -1.56787813e+01
 -5.91164306e+00 -1.39397037e+01
 -4.16647581e+00 -1.25112666e+01
 -2.73787432e+00 -1.14227943e+01
 -1.65175318e+00 -1.06845584e+01
 -9.11058299e-01 -1.02900711e+01
 -4.98133571e-01 -1.02185460e+01
 -3.79402033e-01 -1.04382526e+01
 -5.11803358e-01 -1.09115506e+01
 -8.50011090e-01 -1.16003197e+01
 -1.35230879e+00 -1.24691698e+01
 -1.98295290e+00 -1.34854419e+01
 -2.71093169e+00 -1.46179539e+01
 -3.50747059e+00 -1.58370151e+01
 -4.34474990e+00 -1.71157150e+01
 -5.19618550e+00 -1.84304158e+01
 -6.03697043e+00 -1.97593816e+01
 -6.84391648e+00 -2.10806504e+01
 -7.59481598e+00 -2.23706691e+01
 -8.26794859e+00 -2.36041470e+01
 -8.84200640e+00 -2.47548510e+01
 -9.29646818e+00 -2.57969308e+01
 -9.61227365e+00 -2.67062452e+01
 -9.77218002e+00 -2.74611239e+01
 -9.76024560e+00 -2.80422895e+01
 -9.56108769e+00 -2.84322397e+01
 -9.16032651e+00 -2.86149165e+01
 -8.54642683e+00 -2.85763736e+01
 -7.71249225e+00 -2.83062619e+01
 -6.65679734e+00 -2.77992598e+01
 -5.38249171e+00 -2.70560246e+01
 -3.89773134e+00 -2.60841281e+01
 -2.21666364e+00 -2.48993714e+01
 -3.60515632e-01 -2.35269283e+01
 1.64198995e+00 -2.20012953e+01
 3.75486600e+00 -2.03647171e+01
 5.93546748e+00 -1.86648346e+01
 8.13554832e+00 -1.69524928e+01
 1.03028285e+01 -1.52797293e+01
 1.23829154e+01 -1.36972085e+01
 1.43218186e+01 -1.22508917e+01
 1.60697889e+01 -1.09790130e+01
 1.75864407e+01 -9.91075809e+00
 1.88453882e+01 -9.06669473e+00
 1.98362195e+01 -8.45925349e+00
 2.05636665e+01 -8.09130390e+00
 2.10462316e+01 -7.95254691e+00
 2.13163982e+01 -8.01558660e+00
 2.14213617e+01 -8.23475730e+00
 2.14197653e+01 -8.55104464e+00
 2.13709077e+01 -8.90459859e+00
 2.13199881e+01 -9.25050675e+00
 2.12891819e+01 -9.56809789e+00
 2.12806200e+01 -9.85765013e+00
 2.12869407e+01 -1.01289983e+01
 2.13004417e+01 -1.03916491e+01
 2.13165645e+01 -1.06511319e+01
 2.13334249e+01 -1.09097226e+01
 2.13504466e+01 -1.11681180e+01
 2.13674958e+01 -1.14264800e+01
 2.13845486e+01 -1.16848376e+01
 2.14016017e+01 -1.19431943e+01
 2.14186547e+01 -1.22015476e+01
 2.14357059e+01 -1.24598750e+01
 2.14527471e+01 -1.27180487e+01
 2.14697407e+01 -1.29755039e+01
 2.14865603e+01 -1.32303217e+01
 2.15028768e+01 -1.34775169e+01
 2.15180467e+01 -1.37073423e+01
 2.15311542e+01 -1.39059203e+01
 2.15413292e+01 -1.40600735e+01
 2.15413292e+01 -1.40600735e+01
 2.15413292e+01 -1.40600735e+01
 2.15413292e+01 -1.40600735e+01
 2.15413292e+01 -1.40600735e+01
 2.15413292e+01 -1.40600735e+01
 2.15413292e+01 -1.40600735e+01
 2.15413292e+01 -1.40600735e+01
 2.15413292e+01 -1.40600735e+01
 2.15413292e+01 -1.40600735e+01
 2.15413292e+01 -1.40600735e+01
 2.15413292e+01 -1.40600735e+01
 2.15413292e+01 -1.40600735e+01
 2.15413292e+01 -1.40600735e+01
 2.15413292e+01 -1.40600735e+01
 2.15413292e+01 -1.40600735e+01
 2.15413292e+01 -1.40600735e+01
 2.15413292e+01 -1.40600735e+01
 2.15413292e+01 -1.40600735e+01
 2.15413292e+01 -1.40600735e+01
 2.15413292e+01 -1.40600735e+01
 2.15413292e+01 -1.40600735e+01
 2.15413292e+01 -1.40600735e+01
 2.15413292e+01 -1.40600735e+01
 2.15413292e+01 -1.40600735e+01
 2.15413292e+01 -1.40600735e+01
 2.15413292e+01 -1.40600735e+01
 2.15413292e+01 -1.40600735e+01
 2.15413292e+01 -1.40600735e+01
 2.15413292e+01 -1.40600735e+01
 2.15413292e+01 -1.40600735e+01
 2.15413292e+01 -1.40600735e+01
 2.15413292e+01 -1.40600735e+01
 2.15413292e+01 -1.40600735e+01
 2.15413292e+01 -1.40600735e+01
 2.15413292e+01 -1.40600735e+01
 2.15413292e+01 -1.40600735e+01
 2.15413292e+01 -1.40600735e+01
 2.15413292e+01 -1.40600735e+01
 2.15413292e+01 -1.40600735e+01
 2.15413292e+01 -1.40600735e+01
 2.15413292e+01 -1.40600735e+01
 2.15413292e+01 -1.40600735e+01
 2.15413292e+01 -1.40600735e+01
 2.15413292e+01 -1.40600735e+01
 2.15413292e+01 -1.40600735e+01
 2.15413292e+01 -1.40600735e+01
 2.15413292e+01 -1.40600735e+01
 2.15413292e+01 -1.40600735e+01
 2.15413292e+01 -1.40600735e+01
 2.15413292e+01 -1.40600735e+01
