 0.00000000e+00 0.00000000e+00
 0.00000000e+00 0.00000000e+00
 0.00000000e+00 0.00000000e+00
 0.00000000e+00 0.00000000e+00
 0.00000000e+00 0.00000000e+00
 0.00000000e+00 0.00000000e+00
 0.00000000e+00 0.00000000e+00
 0.00000000e+00 0.00000000e+00
 0.00000000e+00 0.00000000e+00
 0.00000000e+00 0.00000000e+00
 -1.52878601e-01 7.48383553e-02
 -3.69915701e-01 1.15734012e-01
 -6.57262579e-01 7.14359291e-02
 -1.02568167e+00 -1.11067433e-01
 -1.49315098e+00 -4.78499199e-01
 -2.08162048e+00 -1.06831653e+00
 -2.81068162e+00 -1.90793842e+00
 -3.69196226e+00 -3.01388804e+00
 -4.72610847e+00 -4.39090743e+00
 -5.90253391e+00 -6.03184944e+00
 -7.20143770e+00 -7.91865344e+00
 -8.59722340e+00 -1.00242982e+01
 -1.00623501e+01 -1.23155389e+01
 -1.15709933e+01 -1.47561783e+01
 -1.31021892e+01 -1.73103093e+01
 -1.46418566e+01 -1.99443758e+01
 -1.61827281e+01 -2.26268230e+01
 -1.77216940e+01 -2.53253904e+01
 -1.92552247e+01 -2.80039072e+01
 -2.07744396e+01 -3.06208014e+01
 -2.22615323e+01 -3.31300815e+01
 -2.36887318e+01 -3.54840365e+01
 -2.50199718e+01 -3.76366677e+01
 -2.62144666e+01 -3.95472608e+01
 -2.72311186e+01 -4.11833851e+01
 -2.80329948e+01 -4.25222249e+01
 -2.85912568e+01 -4.35497102e+01
 -2.88876424e+01 -4.42583923e+01
 -2.89147199e+01 -4.46456116e+01
 -2.86741631e+01 -4.47123215e+01
 -2.81741611e+01 -4.44618033e+01
 -2.74267012e+01 -4.38980882e+01
 -2.64446852e+01 -4.30249917e+01
 -2.52391220e+01 -4.18465860e+01
 -2.38174989e+01 -4.03691117e+01
 -2.21844089e+01 -3.86037359e+01
 -2.03445145e+01 -3.65695380e+01
 -1.83069972e+01 -3.42964499e+01
 -1.60902025e+01 -3.18277792e+01
 -1.37250638e+01 -2.92211730e+01
 -1.12562344e+01 -2.65467948e+01
 -8.74082472e+00 -2.38828628e+01
 -6.24546304e+00 -2.13100178e+01
 -3.84216283e+00 -1.89056693e+01
 -1.60269875e+00 -1.67382044e+01
 4.08797162e-01 -1.48607102e+01
 2.14397188e+00 -1.33054214e+01
 3.57640430e+00 -1.20817322e+01
 4.70292505e+00 -1.11797349e+01
 5.53956841e+00 -1.05778409e+01
 6.11459878e+00 -1.02505911e+01
 6.46169257e+00 -1.01738078e+01
 6.61442398e+00 -1.03269320e+01
 6.60182926e+00 -1.06936410e+01
 6.44563035e+00 -1.12613486e+01
 6.16022353e+00 -1.20194508e+01
 5.75510492e+00 -1.29562238e+01
 5.23817665e+00 -1.40553257e+01
 4.61879884e+00 -1.52938601e+01
 3.90998363e+00 -1.66433237e+01
 3.12905382e+00 -1.80726320e+01
 2.29662940e+00 -1.95508933e+01
 1.43502274e+00 -2.10482997e+01
 5.67376203e-01 -2.25355993e+01
 -2.82377682e-01 -2.39837761e+01
 -1.08982120e+00 -2.53648203e+01
 -1.83134419e+00 -2.66531787e+01
 -2.48587264e+00 -2.78272017e+01
 -3.03594320e+00 -2.88703352e+01
 -3.46775082e+00 -2.97719411e+01
 -3.77071392e+00 -3.05273796e+01
 -3.93699327e+00 -3.11368495e+01
 -3.96043205e+00 -3.16027245e+01
 -3.83416795e+00 -3.19258754e+01
 -3.54756339e+00 -3.21023212e+01
 -3.08449505e+00 -3.21216289e+01
 -2.42447461e+00 -3.19676005e+01
 -1.54613353e+00 -3.16207552e+01
 -4.31411917e-01 -3.10617627e+01
 9.30790399e-01 -3.02752824e+01
 2.54155244e+00 -2.92540011e+01
 4.38887475e+00 -2.80025322e+01
 6.44474798e+00 -2.65402929e+01
 8.66402841e+00 -2.49021112e+01
 1.09874292e+01 -2.31357700e+01
 1.33495067e+01 -2.12966377e+01
 1.56901280e+01 -1.94399665e+01
 1.79660646e+01 -1.76116552e+01
 2.01583716e+01 -1.58397206e+01
 2.22718408e+01 -1.41306596e+01
 2.43264181e+01 -1.24736805e+01
 2.63454274e+01 -1.08505854e+01
 2.83470223e+01 -9.24505491e+00
 3.03417255e+01 -7.64679582e+00
 3.23342347e+01 -6.05093659e+00
 3.43261847e+01 -4.45570696e+00
 3.63180212e+01 -2.86060821e+00
 3.83098393e+01 -1.26553095e+00
 4.03016549e+01 3.29543341e-01
 4.22934675e+01 1.92461518e+00
 4.42852538e+01 3.51966597e+00
 4.62768408e+01 5.11455712e+00
 4.82672419e+01 6.70849855e+00
 5.02521044e+01 8.29800463e+00
 5.22166338e+01 9.87122771e+00
 5.41223963e+01 1.13973893e+01
 5.58942458e+01 1.28163116e+01
 5.74251919e+01 1.40423149e+01
 5.86136425e+01 1.49940431e+01
 5.86136425e+01 1.49940431e+01
 5.86136425e+01 1.49940431e+01
 5.86136425e+01 1.49940431e+01
 5.86136425e+01 1.49940431e+01
 5.86136425e+01 1.49940431e+01
 5.86136425e+01 1.49940431e+01
 5.86136425e+01 1.49940431e+01
 5.86136425e+01 1.49940431e+01
 5.86136425e+01 1.49940431e+01
 5.86136425e+01 1.49940431e+01
 5.86136425e+01 1.49940431e+01
 5.86136425e+01 1.49940431e+01
 5.86136425e+01 1.49940431e+01
 5.86136425e+01 1.49940431e+01
 5.86136425e+01 1.49940431e+01
 5.86136425e+01 1.49940431e+01
 5.86136425e+01 1.49940431e+01
 5.86136425e+01 1.49940431e+01
 5.86136425e+01 1.49940431e+01
 5.86136425e+01 1.49940431e+01
 5.86136425e+01 1.49940431e+01
 5.86136425e+01 1.49940431e+01
 5.86136425e+01 1.49940431e+01
 5.86136425e+01 1.49940431e+01
 5.86136425e+01 1.49940431e+01
 5.86136425e+01 1.49940431e+01
 5.86136425e+01 1.49940431e+01
 5.86136425e+01 1.49940431e+01
 5.86136425e+01 1.49940431e+01
 5.86136425e+01 1.49940431e+01
 5.86136425e+01 1.49940431e+01
 5.86136425e+01 1.49940431e+01
 5.86136425e+01 1.49940431e+01
 5.86136425e+01 1.49940431e+01
 5.86136425e+01 1.49940431e+01
 5.86136425e+01 1.49940431e+01
 5.86136425e+01 1.49940431e+01
 5.86136425e+01 1.49940431e+01
 5.86136425e+01 1.49940431e+01
 5.86136425e+01 1.49940431e+01
 5.86136425e+01 1.49940431e+01
 5.86136425e+01 1.49940431e+01
 5.86136425e+01 1.49940431e+01
 5.86136425e+01 1.49940431e+01
 5.86136425e+01 1.49940431e+01
 5.86136425e+01 1.49940431e+01
 5.86136425e+01 1.49940431e+01
 5.86136425e+01 1.49940431e+01
 5.86136425e+01 1.49940431e+01
 5.86136425e+01 1.49940431e+01
 5.86136425e+01 1.49940431e+01
 5.86136425e+01 1.49940431e+01
 5.86136425e+01 1.49940431e+01
 5.86136425e+01 1.49940431e+01
 5.86136425e+01 1.49940431e+01
 5.86136425e+01 1.49940431e+01
 5.86136425e+01 1.49940431e+01
