 0.00000000e+00 0.00000000e+00
 0.00000000e+00 0.00000000e+00
 0.00000000e+00 0.00000000e+00
 0.00000000e+00 0.00000000e+00
 0.00000000e+00 0.00000000e+00
 0.00000000e+00 0.00000000e+00
 0.00000000e+00 0.00000000e+00
 0.00000000e+00 0.00000000e+00
 0.00000000e+00 0.00000000e+00
 1.34912444e-01 1.35508963e-01
 2.68979816e-01 3.12175055e-01
 3.65999839e-01 5.19286582e-01
 3.96213914e-01 7.44789721e-01
 3.42702919e-01 9.79413144e-01
 1.98435010e-01 1.21707738e+00
 -4.04839089e-02 1.45285389e+00
 -3.79653574e-01 1.68072988e+00
 -8.27243780e-01 1.89252305e+00
 -1.39218137e+00 2.07804918e+00
 -2.08225045e+00 2.22596685e+00
 -2.90333167e+00 2.32477781e+00
 -3.85895758e+00 2.36389562e+00
 -4.94918397e+00 2.33490805e+00
 -6.16914573e+00 2.23275308e+00
 -7.50846789e+00 2.05606744e+00
 -8.95201188e+00 1.80648753e+00
 -1.04811894e+01 1.48770598e+00
 -1.20748451e+01 1.10501820e+00
 -1.37098139e+01 6.65020178e-01
 -1.53621756e+01 1.74707703e-01
 -1.70096727e+01 -3.60018052e-01
 -1.86344426e+01 -9.35624818e-01
 -2.02247001e+01 -1.55128152e+00
 -2.17746158e+01 -2.20833198e+00
 -2.32825887e+01 -2.90954817e+00
 -2.47487345e+01 -3.65848915e+00
 -2.61724855e+01 -4.45866124e+00
 -2.75508540e+01 -5.31212000e+00
 -2.88774468e+01 -6.21763733e+00
 -3.01419436e+01 -7.16898080e+00
 -3.13297688e+01 -8.15402411e+00
 -3.24222589e+01 -9.15527630e+00
 -3.33980873e+01 -1.01518202e+01
 -3.42360758e+01 -1.11219020e+01
 -3.49181618e+01 -1.20451932e+01
 -3.54309095e+01 -1.29041924e+01
 -3.57652273e+01 -1.36848944e+01
 -3.59154663e+01 -1.43772063e+01
 -3.58791175e+01 -1.49752671e+01
 -3.56569292e+01 -1.54771623e+01
 -3.52521251e+01 -1.58836210e+01
 -3.46682348e+01 -1.61963261e+01
 -3.39070540e+01 -1.64170499e+01
 -3.29687095e+01 -1.65480215e+01
 -3.18540577e+01 -1.65928745e+01
 -3.05680589e+01 -1.65575151e+01
 -2.91227882e+01 -1.64507312e+01
 -2.75392800e+01 -1.62843060e+01
 -2.58474499e+01 -1.60723442e+01
 -2.40837030e+01 -1.58300057e+01
 -2.22868955e+01 -1.55720879e+01
 -2.04939233e+01 -1.53115405e+01
 -1.87359431e+01 -1.50579445e+01
 -1.70359979e+01 -1.48164340e+01
 -1.54086190e+01 -1.45876987e+01
 -1.38612240e+01 -1.43691847e+01
 -1.23965356e+01 -1.41569046e+01
 -1.10155036e+01 -1.39470335e+01
 -9.72045027e+00 -1.37369131e+01
 -8.51762832e+00 -1.35256851e+01
 -7.41794344e+00 -1.33148049e+01
 -6.43519575e+00 -1.31082085e+01
 -5.58248925e+00 -1.29117378e+01
 -4.86841750e+00 -1.27318755e+01
 -4.29457292e+00 -1.25742708e+01
 -3.85494224e+00 -1.24423763e+01
 -3.53669351e+00 -1.23361535e+01
 -3.32157665e+00 -1.22510212e+01
 -3.18754028e+00 -1.21778271e+01
 -3.11045454e+00 -1.21044710e+01
 -3.06578177e+00 -1.20187407e+01
 -3.03024152e+00 -1.19112236e+01
 -2.98429764e+00 -1.17775100e+01
 -2.91620734e+00 -1.16194205e+01
 -2.82570551e+00 -1.14446985e+01
 -2.72292428e+00 -1.12642990e+01
 -2.62122936e+00 -1.10878310e+01
 -2.52919038e+00 -1.09199692e+01
 -2.44794251e+00 -1.07603107e+01
 -2.37415507e+00 -1.06059682e+01
 -2.30406663e+00 -1.04541779e+01
 -2.23535629e+00 -1.03033225e+01
 -2.16703941e+00 -1.01527318e+01
 -2.09880942e+00 -1.00021993e+01
 -2.03059434e+00 -9.85167669e+00
 -1.96238126e+00 -9.70115548e+00
 -1.89416848e+00 -9.55063460e+00
 -1.82595662e+00 -9.40011573e+00
 -1.75775159e+00 -9.24961191e+00
 -1.68958717e+00 -9.09919772e+00
 -1.62161242e+00 -8.94920208e+00
 -1.55433402e+00 -8.80074300e+00
 -1.48906818e+00 -8.65672493e+00
 -1.42838841e+00 -8.52282663e+00
 -1.37595874e+00 -8.40713336e+00
 -1.33525838e+00 -8.31732239e+00
 -1.33525838e+00 -8.31732239e+00
 -1.33525838e+00 -8.31732239e+00
 -1.33525838e+00 -8.31732239e+00
 -1.33525838e+00 -8.31732239e+00
 -1.33525838e+00 -8.31732239e+00
 -1.33525838e+00 -8.31732239e+00
 -1.33525838e+00 -8.31732239e+00
 -1.33525838e+00 -8.31732239e+00
 -1.33525838e+00 -8.31732239e+00
 -1.33525838e+00 -8.31732239e+00
 -1.33525838e+00 -8.31732239e+00
 -1.33525838e+00 -8.31732239e+00
 -1.33525838e+00 -8.31732239e+00
 -1.33525838e+00 -8.31732239e+00
 -1.33525838e+00 -8.31732239e+00
 -1.33525838e+00 -8.31732239e+00
 -1.33525838e+00 -8.31732239e+00
 -1.33525838e+00 -8.31732239e+00
 -1.33525838e+00 -8.31732239e+00
 -1.33525838e+00 -8.31732239e+00
 -1.33525838e+00 -8.31732239e+00
 -1.33525838e+00 -8.31732239e+00
 -1.33525838e+00 -8.31732239e+00
 -1.33525838e+00 -8.31732239e+00
