 0.00000000e+00 0.00000000e+00
 0.00000000e+00 0.00000000e+00
 0.00000000e+00 0.00000000e+00
 0.00000000e+00 0.00000000e+00
 0.00000000e+00 0.00000000e+00
 0.00000000e+00 0.00000000e+00
 0.00000000e+00 0.00000000e+00
 0.00000000e+00 0.00000000e+00
 0.00000000e+00 0.00000000e+00
 0.00000000e+00 0.00000000e+00
 0.00000000e+00 0.00000000e+00
 0.00000000e+00 0.00000000e+00
 0.00000000e+00 0.00000000e+00
 0.00000000e+00 0.00000000e+00
 0.00000000e+00 0.00000000e+00
 0.00000000e+00 0.00000000e+00
 -1.58767108e-01 -2.31515652e-01
 -3.85290456e-01 -6.00945891e-01
 -6.87782009e-01 -1.14478426e+00
 -1.07668701e+00 -1.89638724e+00
 -1.56478308e+00 -2.88299197e+00
 -2.16403988e+00 -4.12198738e+00
 -2.88219232e+00 -5.61772486e+00
 -3.72096297e+00 -7.35980939e+00
 -4.67576889e+00 -9.32277289e+00
 -5.73608474e+00 -1.14669285e+01
 -6.88598161e+00 -1.37407381e+01
 -8.10448358e+00 -1.60848510e+01
 -9.36541855e+00 -1.84369234e+01
 -1.06371468e+01 -2.07357336e+01
 -1.18832315e+01 -2.29238469e+01
 -1.30645641e+01 -2.49494424e+01
 -1.41423675e+01 -2.67684361e+01
 -1.50812266e+01 -2.83471677e+01
 -1.58515911e+01 -2.96645047e+01
 -1.64312382e+01 -3.07117365e+01
 -1.68053274e+01 -3.14897885e+01
 -1.69655791e+01 -3.20050854e+01
 -1.69098144e+01 -3.22660595e+01
 -1.66420066e+01 -3.22812606e+01
 -1.61712829e+01 -3.20585709e+01
 -1.55091117e+01 -3.16046887e+01
 -1.46665319e+01 -3.09249267e+01
 -1.36536351e+01 -3.00241389e+01
 -1.24811181e+01 -2.89090661e+01
 -1.11620079e+01 -2.75910219e+01
 -9.71216227e+00 -2.60873337e+01
 -8.14950374e+00 -2.44210241e+01
 -6.49289262e+00 -2.26196508e+01
 -4.76172298e+00 -2.07144244e+01
 -2.97666534e+00 -1.87398269e+01
 -1.16102752e+00 -1.67334072e+01
 6.58089448e-01 -1.47356484e+01
 2.44922499e+00 -1.27897600e+01
 4.17669025e+00 -1.09407267e+01
 5.80176117e+00 -9.23299966e+00
 7.28537192e+00 -7.70720312e+00
 8.59206830e+00 -6.39723558e+00
 9.69402545e+00 -5.32937562e+00
 1.05735369e+01 -4.52388323e+00
 1.12229471e+01 -3.99738277e+00
 1.16423791e+01 -3.76326759e+00
 1.18369724e+01 -3.82933754e+00
 1.18154011e+01 -4.19493965e+00
 1.15898294e+01 -4.85040320e+00
 1.11759556e+01 -5.77901465e+00
 1.05923952e+01 -6.95908053e+00
 9.86032238e+00 -8.36363667e+00
 9.00431404e+00 -9.95815057e+00
 8.05374623e+00 -1.16992044e+01
 7.04327634e+00 -1.35364954e+01
 6.01168219e+00 -1.54171651e+01
 4.99943360e+00 -1.72894414e+01
 4.04586774e+00 -1.91039442e+01
 3.18666123e+00 -2.08136363e+01
 2.45190165e+00 -2.23743807e+01
 1.86491593e+00 -2.37468929e+01
 1.44211816e+00 -2.48990493e+01
 1.19426961e+00 -2.58068301e+01
 1.12921872e+00 -2.64532725e+01
 1.25490983e+00 -2.68265912e+01
 1.58045898e+00 -2.69192695e+01
 2.11441320e+00 -2.67287621e+01
 2.86169994e+00 -2.62588845e+01
 3.82124570e+00 -2.55207268e+01
 4.98499713e+00 -2.45328413e+01
 6.33807989e+00 -2.33210942e+01
 7.85942827e+00 -2.19184243e+01
 9.52220379e+00 -2.03643101e+01
 1.12938401e+01 -1.87035169e+01
 1.31362276e+01 -1.69840208e+01
 1.50066911e+01 -1.52546725e+01
 1.68597808e+01 -1.35633186e+01
 1.86491992e+01 -1.19555157e+01
 2.03295204e+01 -1.04734548e+01
 2.18583658e+01 -9.15493591e+00
 2.31995282e+01 -8.03280019e+00
 2.43261048e+01 -7.13511062e+00
 2.52222232e+01 -6.48512455e+00
 2.58832438e+01 -6.09923695e+00
 2.63155522e+01 -5.98260723e+00
 2.65368064e+01 -6.12518266e+00
 2.65761477e+01 -6.50163997e+00
 2.64726921e+01 -7.07566456e+00
 2.62714224e+01 -7.80496162e+00
 2.60185512e+01 -8.64306618e+00
 2.57597928e+01 -9.53799420e+00
 2.55419874e+01 -1.04313972e+01
 2.54146842e+01 -1.12609151e+01
 2.54284752e+01 -1.19646972e+01
 2.56300745e+01 -1.24857786e+01
 2.60557441e+01 -1.27764904e+01
 2.67234441e+01 -1.28055966e+01
 2.76236240e+01 -1.25695846e+01
 2.87122290e+01 -1.21037889e+01
 2.99144328e+01 -1.14824665e+01
 3.11451285e+01 -1.07987249e+01
 3.23385529e+01 -1.01308726e+01
 3.34673543e+01 -9.51767377e+00
 3.45384066e+01 -8.95922751e+00
 3.55732813e+01 -8.43674935e+00
 3.65911482e+01 -7.93161601e+00
 3.76028707e+01 -7.43284561e+00
 3.86128709e+01 -6.93587664e+00
 3.96224948e+01 -6.43930379e+00
 4.06320547e+01 -5.94279878e+00
 4.16416059e+01 -5.44630289e+00
 4.26511548e+01 -4.94980862e+00
 4.36606904e+01 -4.45332098e+00
 4.46701249e+01 -3.95688303e+00
 4.56789583e+01 -3.46074070e+00
 4.66849845e+01 -2.96597895e+00
 4.76807049e+01 -2.47628557e+00
 4.86466393e+01 -2.00124089e+00
 4.95447000e+01 -1.55957637e+00
 5.03206589e+01 -1.17796123e+00
 5.09230244e+01 -8.81719080e-01
 5.09230244e+01 -8.81719080e-01
 5.09230244e+01 -8.81719080e-01
 5.09230244e+01 -8.81719080e-01
 5.09230244e+01 -8.81719080e-01
 5.09230244e+01 -8.81719080e-01
 5.09230244e+01 -8.81719080e-01
 5.09230244e+01 -8.81719080e-01
 5.09230244e+01 -8.81719080e-01
 5.09230244e+01 -8.81719080e-01
 5.09230244e+01 -8.81719080e-01
 5.09230244e+01 -8.81719080e-01
 5.09230244e+01 -8.81719080e-01
 5.09230244e+01 -8.81719080e-01
 5.09230244e+01 -8.81719080e-01
 5.09230244e+01 -8.81719080e-01
 5.09230244e+01 -8.81719080e-01
 5.09230244e+01 -8.81719080e-01
 5.09230244e+01 -8.81719080e-01
 5.09230244e+01 -8.81719080e-01
 5.09230244e+01 -8.81719080e-01
 5.09230244e+01 -8.81719080e-01
 5.09230244e+01 -8.81719080e-01
 5.09230244e+01 -8.81719080e-01
 5.09230244e+01 -8.81719080e-01
 5.09230244e+01 -8.81719080e-01
 5.09230244e+01 -8.81719080e-01
 5.09230244e+01 -8.81719080e-01
 5.09230244e+01 -8.81719080e-01
 5.09230244e+01 -8.81719080e-01
 5.09230244e+01 -8.81719080e-01
 5.09230244e+01 -8.81719080e-01
 5.09230244e+01 -8.81719080e-01
 5.09230244e+01 -8.81719080e-01
 5.09230244e+01 -8.81719080e-01
 5.09230244e+01 -8.81719080e-01
 5.09230244e+01 -8.81719080e-01
 5.09230244e+01 -8.81719080e-01
 5.09230244e+01 -8.81719080e-01
 5.09230244e+01 -8.81719080e-01
