 0.00000000e+00 0.00000000e+00
 0.00000000e+00 0.00000000e+00
 0.00000000e+00 0.00000000e+00
 0.00000000e+00 0.00000000e+00
 0.00000000e+00 0.00000000e+00
 0.00000000e+00 0.00000000e+00
 0.00000000e+00 0.00000000e+00
 0.00000000e+00 0.00000000e+00
 0.00000000e+00 0.00000000e+00
 0.00000000e+00 0.00000000e+00
 0.00000000e+00 0.00000000e+00
 0.00000000e+00 0.00000000e+00
 0.00000000e+00 0.00000000e+00
 0.00000000e+00 0.00000000e+00
 -5.35830010e-02 -8.90126715e-02
 -1.59096335e-01 -2.76884212e-01
 -3.41815504e-01 -6.14037890e-01
 -6.27528427e-01 -1.15096442e+00
 -1.04094839e+00 -1.93325446e+00
 -1.60523018e+00 -2.99834397e+00
 -2.34083613e+00 -4.37222680e+00
 -3.26319130e+00 -6.06606355e+00
 -4.38029637e+00 -8.07446411e+00
 -5.69150516e+00 -1.03766951e+01
 -7.18762175e+00 -1.29398537e+01
 -8.85192269e+00 -1.57218862e+01
 -1.06615743e+01 -1.86734929e+01
 -1.25887071e+01 -2.17396504e+01
 -1.46007486e+01 -2.48615293e+01
 -1.66604317e+01 -2.79784691e+01
 -1.87260624e+01 -3.10292628e+01
 -2.07522429e+01 -3.39528589e+01
 -2.26911791e+01 -3.66896618e+01
 -2.44946594e+01 -3.91845015e+01
 -2.61163217e+01 -4.13908851e+01
 -2.75136211e+01 -4.32746878e+01
 -2.86493965e+01 -4.48153236e+01
 -2.94933868e+01 -4.60036949e+01
 -3.00237463e+01 -4.68380075e+01
 -3.02279113e+01 -4.73196536e+01
 -3.01020312e+01 -4.74509735e+01
 -2.96489225e+01 -4.72351588e+01
 -2.88754560e+01 -4.66771601e+01
 -2.77907080e+01 -4.57843037e+01
 -2.64058829e+01 -4.45664603e+01
 -2.47360139e+01 -4.30368200e+01
 -2.28023737e+01 -4.12141896e+01
 -2.06343487e+01 -3.91263164e+01
 -1.82701747e+01 -3.68125131e+01
 -1.57563323e+01 -3.43239612e+01
 -1.31455877e+01 -3.17214062e+01
 -1.04943853e+01 -2.90715328e+01
 -7.86083314e+00 -2.64437990e+01
 -5.30367960e+00 -2.39082481e+01
 -2.88113256e+00 -2.15329673e+01
 -6.47988665e-01 -1.93796744e+01
 1.34903362e+00 -1.74980303e+01
 3.07587002e+00 -1.59215730e+01
 4.51313777e+00 -1.46680162e+01
 5.65474253e+00 -1.37437806e+01
 6.50448586e+00 -1.31494570e+01
 7.07303935e+00 -1.28825211e+01
 7.37666688e+00 -1.29366126e+01
 7.43719673e+00 -1.32998981e+01
 7.28157821e+00 -1.39550087e+01
 6.93996891e+00 -1.48802841e+01
 6.44314007e+00 -1.60500680e+01
 5.82104768e+00 -1.74328109e+01
 5.10341747e+00 -1.89885428e+01
 4.32125713e+00 -2.06687079e+01
 3.50747228e+00 -2.24196371e+01
 2.69580817e+00 -2.41878669e+01
 1.91879849e+00 -2.59243544e+01
 1.20582668e+00 -2.75861715e+01
 5.81889480e-01 -2.91364373e+01
 6.72148346e-02 -3.05440415e+01
 -3.22146749e-01 -3.17838876e+01
 -5.72781314e-01 -3.28371092e+01
 -6.72021356e-01 -3.36902545e+01
 -6.06706145e-01 -3.43331028e+01
 -3.62887339e-01 -3.47558728e+01
 7.43612129e-02 -3.49473030e+01
 7.21453540e-01 -3.48948717e+01
 1.59585856e+00 -3.45871619e+01
 2.71332796e+00 -3.40170753e+01
 4.08344539e+00 -3.31845544e+01
 5.70563404e+00 -3.20983713e+01
 7.56695185e+00 -3.07771293e+01
 9.64147162e+00 -2.92495842e+01
 1.18906958e+01 -2.75541401e+01
 1.42651086e+01 -2.57371808e+01
 1.67075616e+01 -2.38499217e+01
 1.91594174e+01 -2.19435044e+01
 2.15698455e+01 -2.00620938e+01
 2.39062559e+01 -1.82349800e+01
 2.61605033e+01 -1.64714423e+01
 2.83457868e+01 -1.47627385e+01
 3.04854242e+01 -1.30909554e+01
 3.26009960e+01 -1.14388656e+01
 3.47064536e+01 -9.79512024e+00
 3.68085298e+01 -8.15418056e+00
 3.89097094e+01 -6.51398785e+00
 4.10107011e+01 -4.87395221e+00
 4.31116617e+01 -3.23394261e+00
 4.52126181e+01 -1.59393659e+00
 4.73135711e+01 4.60668616e-02
 4.94144964e+01 1.68604866e+00
 5.15152115e+01 3.32586632e+00
 5.36146756e+01 4.96470750e+00
 5.57082977e+01 6.59898840e+00
 5.77804726e+01 8.21652762e+00
 5.97906604e+01 9.78567972e+00
 6.16595975e+01 1.12445716e+01
 6.32744311e+01 1.25051103e+01
 6.45280023e+01 1.34836477e+01
 6.45280023e+01 1.34836477e+01
 6.45280023e+01 1.34836477e+01
 6.45280023e+01 1.34836477e+01
 6.45280023e+01 1.34836477e+01
 6.45280023e+01 1.34836477e+01
 6.45280023e+01 1.34836477e+01
 6.45280023e+01 1.34836477e+01
 6.45280023e+01 1.34836477e+01
 6.45280023e+01 1.34836477e+01
 6.45280023e+01 1.34836477e+01
 6.45280023e+01 1.34836477e+01
 6.45280023e+01 1.34836477e+01
 6.45280023e+01 1.34836477e+01
 6.45280023e+01 1.34836477e+01
 6.45280023e+01 1.34836477e+01
 6.45280023e+01 1.34836477e+01
 6.45280023e+01 1.34836477e+01
 6.45280023e+01 1.34836477e+01
 6.45280023e+01 1.34836477e+01
 6.45280023e+01 1.34836477e+01
 6.45280023e+01 1.34836477e+01
 6.45280023e+01 1.34836477e+01
 6.45280023e+01 1.34836477e+01
 6.45280023e+01 1.34836477e+01
 6.45280023e+01 1.34836477e+01
 6.45280023e+01 1.34836477e+01
 6.45280023e+01 1.34836477e+01
 6.45280023e+01 1.34836477e+01
 6.45280023e+01 1.34836477e+01
 6.45280023e+01 1.34836477e+01
 6.45280023e+01 1.34836477e+01
 6.45280023e+01 1.34836477e+01
 6.45280023e+01 1.34836477e+01
 6.45280023e+01 1.34836477e+01
 6.45280023e+01 1.34836477e+01
 6.45280023e+01 1.34836477e+01
 6.45280023e+01 1.34836477e+01
 6.45280023e+01 1.34836477e+01
 6.45280023e+01 1.34836477e+01
 6.45280023e+01 1.34836477e+01
 6.45280023e+01 1.34836477e+01
 6.45280023e+01 1.34836477e+01
 6.45280023e+01 1.34836477e+01
 6.45280023e+01 1.34836477e+01
 6.45280023e+01 1.34836477e+01
 6.45280023e+01 1.34836477e+01
 6.45280023e+01 1.34836477e+01
 6.45280023e+01 1.34836477e+01
 6.45280023e+01 1.34836477e+01
 6.45280023e+01 1.34836477e+01
 6.45280023e+01 1.34836477e+01
 6.45280023e+01 1.34836477e+01
 6.45280023e+01 1.34836477e+01
 6.45280023e+01 1.34836477e+01
 6.45280023e+01 1.34836477e+01
 6.45280023e+01 1.34836477e+01
 6.45280023e+01 1.34836477e+01
 6.45280023e+01 1.34836477e+01
 6.45280023e+01 1.34836477e+01
 6.45280023e+01 1.34836477e+01
 6.45280023e+01 1.34836477e+01
