 0.00000000e+00 0.00000000e+00
 0.00000000e+00 0.00000000e+00
 0.00000000e+00 0.00000000e+00
 0.00000000e+00 0.00000000e+00
 0.00000000e+00 0.00000000e+00
 0.00000000e+00 0.00000000e+00
 0.00000000e+00 0.00000000e+00
 0.00000000e+00 0.00000000e+00
 0.00000000e+00 0.00000000e+00
 0.00000000e+00 0.00000000e+00
 0.00000000e+00 0.00000000e+00
 0.00000000e+00 0.00000000e+00
 4.40896410e-01 3.01507308e-01
 9.23271599e-01 6.13463026e-01
 1.34963673e+00 8.47576519e-01
 1.63584372e+00 9.14997116e-01
 1.73857994e+00 7.48207611e-01
 1.65504305e+00 3.08321189e-01
 1.40409771e+00 -4.19016900e-01
 1.00684728e+00 -1.43192670e+00
 4.77468491e-01 -2.71927949e+00
 -1.76241625e-01 -4.26401573e+00
 -9.48899916e-01 -6.04355985e+00
 -1.83494060e+00 -8.02991705e+00
 -2.82816012e+00 -1.01916194e+01
 -3.92198586e+00 -1.24975635e+01
 -5.10929927e+00 -1.49206641e+01
 -6.38168291e+00 -1.74388694e+01
 -7.72849543e+00 -2.00327111e+01
 -9.13615017e+00 -2.26807271e+01
 -1.05876076e+01 -2.53551254e+01
 -1.20615395e+01 -2.80194201e+01
 -1.35306775e+01 -3.06282813e+01
 -1.49601258e+01 -3.31290185e+01
 -1.63075926e+01 -3.54645157e+01
 -1.75266342e+01 -3.75778484e+01
 -1.85715990e+01 -3.94179211e+01
 -1.94017350e+01 -4.09441002e+01
 -1.99831478e+01 -4.21279441e+01
 -2.02892019e+01 -4.29520118e+01
 -2.03005068e+01 -4.34075772e+01
 -2.00050551e+01 -4.34930662e+01
 -1.93985305e+01 -4.32133551e+01
 -1.84845167e+01 -4.25788845e+01
 -1.72742688e+01 -4.16044227e+01
 -1.57860980e+01 -4.03087357e+01
 -1.40447952e+01 -3.87159251e+01
 -1.20813684e+01 -3.68573295e+01
 -9.93298280e+00 -3.47722191e+01
 -7.64274034e+00 -3.25067577e+01
 -5.25884965e+00 -3.01121413e+01
 -2.83298251e+00 -2.76430512e+01
 -4.18230212e-01 -2.51567593e+01
 1.93255097e+00 -2.27124249e+01
 4.16778924e+00 -2.03699975e+01
 6.23850307e+00 -1.81883514e+01
 8.10084403e+00 -1.62224079e+01
 9.71951731e+00 -1.45195836e+01
 1.10703573e+01 -1.31170284e+01
 1.21406172e+01 -1.20409956e+01
 1.29272674e+01 -1.13075364e+01
 1.34350596e+01 -1.09221816e+01
 1.36760188e+01 -1.08779875e+01
 1.36703417e+01 -1.11544581e+01
 1.34465426e+01 -1.17201941e+01
 1.30385726e+01 -1.25386684e+01
 1.24808005e+01 -1.35730102e+01
 1.18046113e+01 -1.47864356e+01
 1.10387768e+01 -1.61395743e+01
 1.02118372e+01 -1.75890715e+01
 9.35349959e+00 -1.90898201e+01
 8.49386394e+00 -2.05990355e+01
 7.66122321e+00 -2.20792385e+01
 6.87983295e+00 -2.34993880e+01
 6.16856695e+00 -2.48353934e+01
 5.54039946e+00 -2.60711099e+01
 5.00216083e+00 -2.71997165e+01
 4.55435846e+00 -2.82246710e+01
 4.19125759e+00 -2.91595174e+01
 3.90141909e+00 -3.00261914e+01
 3.66888379e+00 -3.08519144e+01
 3.47513833e+00 -3.16651939e+01
 3.30155688e+00 -3.24915648e+01
 3.13176054e+00 -3.33495605e+01
 2.95387497e+00 -3.42473173e+01
 2.76315575e+00 -3.51801755e+01
 2.56484408e+00 -3.61295204e+01
 2.37610223e+00 -3.70630664e+01
 2.22607253e+00 -3.79365391e+01
 2.15460519e+00 -3.86961056e+01
 2.21086928e+00 -3.92809961e+01
 2.45127439e+00 -3.96270774e+01
 2.93425856e+00 -3.96729338e+01
 3.71116014e+00 -3.93685721e+01
 4.81597500e+00 -3.86844208e+01
 6.25758634e+00 -3.76174599e+01
 8.01592901e+00 -3.61927520e+01
 1.00421038e+01 -3.44607714e+01
 1.22628962e+01 -3.24919910e+01
 1.45908490e+01 -3.03694998e+01
 1.69400382e+01 -2.81788945e+01
 1.92440925e+01 -2.59948750e+01
 2.14689048e+01 -2.38675344e+01
 2.36130179e+01 -2.18152665e+01
 2.56958731e+01 -1.98295129e+01
 2.77420768e+01 -1.78885723e+01
 2.97707066e+01 -1.59713520e+01
 3.17925561e+01 -1.40640861e+01
 3.38123024e+01 -1.21601366e+01
 3.58315258e+01 -1.02570630e+01
 3.78506452e+01 -8.35417243e+00
 3.98697481e+01 -6.45131201e+00
 4.18888488e+01 -4.54845570e+00
 4.39079465e+01 -2.64560239e+00
 4.59270176e+01 -7.42774196e-01
 4.79458866e+01 1.15986356e+00
 4.99635534e+01 3.06136833e+00
 5.19756058e+01 4.95758192e+00
 5.39670466e+01 6.83437058e+00
 5.58989154e+01 8.65501691e+00
 5.76950368e+01 1.03477312e+01
 5.92469548e+01 1.18103014e+01
 6.04516856e+01 1.29456729e+01
 6.04516856e+01 1.29456729e+01
 6.04516856e+01 1.29456729e+01
 6.04516856e+01 1.29456729e+01
 6.04516856e+01 1.29456729e+01
 6.04516856e+01 1.29456729e+01
 6.04516856e+01 1.29456729e+01
 6.04516856e+01 1.29456729e+01
 6.04516856e+01 1.29456729e+01
 6.04516856e+01 1.29456729e+01
 6.04516856e+01 1.29456729e+01
 6.04516856e+01 1.29456729e+01
 6.04516856e+01 1.29456729e+01
 6.04516856e+01 1.29456729e+01
 6.04516856e+01 1.29456729e+01
 6.04516856e+01 1.29456729e+01
 6.04516856e+01 1.29456729e+01
 6.04516856e+01 1.29456729e+01
 6.04516856e+01 1.29456729e+01
 6.04516856e+01 1.29456729e+01
 6.04516856e+01 1.29456729e+01
 6.04516856e+01 1.29456729e+01
 6.04516856e+01 1.29456729e+01
 6.04516856e+01 1.29456729e+01
 6.04516856e+01 1.29456729e+01
 6.04516856e+01 1.29456729e+01
 6.04516856e+01 1.29456729e+01
 6.04516856e+01 1.29456729e+01
 6.04516856e+01 1.29456729e+01
 6.04516856e+01 1.29456729e+01
 6.04516856e+01 1.29456729e+01
 6.04516856e+01 1.29456729e+01
 6.04516856e+01 1.29456729e+01
 6.04516856e+01 1.29456729e+01
 6.04516856e+01 1.29456729e+01
 6.04516856e+01 1.29456729e+01
 6.04516856e+01 1.29456729e+01
 6.04516856e+01 1.29456729e+01
 6.04516856e+01 1.29456729e+01
 6.04516856e+01 1.29456729e+01
 6.04516856e+01 1.29456729e+01
 6.04516856e+01 1.29456729e+01
 6.04516856e+01 1.29456729e+01
 6.04516856e+01 1.29456729e+01
 6.04516856e+01 1.29456729e+01
 6.04516856e+01 1.29456729e+01
 6.04516856e+01 1.29456729e+01
 6.04516856e+01 1.29456729e+01
 6.04516856e+01 1.29456729e+01
 6.04516856e+01 1.29456729e+01
 6.04516856e+01 1.29456729e+01
 6.04516856e+01 1.29456729e+01
 6.04516856e+01 1.29456729e+01
 6.04516856e+01 1.29456729e+01
