 0.00000000e+00 0.00000000e+00
 0.00000000e+00 0.00000000e+00
 0.00000000e+00 0.00000000e+00
 0.00000000e+00 0.00000000e+00
 0.00000000e+00 0.00000000e+00
 0.00000000e+00 0.00000000e+00
 0.00000000e+00 0.00000000e+00
 0.00000000e+00 0.00000000e+00
 0.00000000e+00 0.00000000e+00
 0.00000000e+00 0.00000000e+00
 1.47433739e-01 1.76549966e-01
 2.93991398e-01 3.59022922e-01
 4.03035334e-01 4.98947914e-01
 4.46267367e-01 5.48801192e-01
 4.08863413e-01 4.71035669e-01
 2.85074489e-01 2.38065415e-01
 7.14755696e-02 -1.72495504e-01
 -2.36769981e-01 -7.82145778e-01
 -6.45985768e-01 -1.61240911e+00
 -1.16204621e+00 -2.68192951e+00
 -1.78823349e+00 -4.00166931e+00
 -2.52400611e+00 -5.57112398e+00
 -3.36481772e+00 -7.37740693e+00
 -4.30241826e+00 -9.39686844e+00
 -5.32497768e+00 -1.15972256e+01
 -6.41669141e+00 -1.39383720e+01
 -7.55697487e+00 -1.63719528e+01
 -8.71974802e+00 -1.88413866e+01
 -9.87344766e+00 -2.12837100e+01
 -1.09823623e+01 -2.36332278e+01
 -1.20096421e+01 -2.58261410e+01
 -1.29214393e+01 -2.78054802e+01
 -1.36906282e+01 -2.95259063e+01
 -1.42990075e+01 -3.09576570e+01
 -1.47383152e+01 -3.20884644e+01
 -1.50102996e+01 -3.29224294e+01
 -1.51246993e+01 -3.34759226e+01
 -1.50945648e+01 -3.37717745e+01
 -1.49310054e+01 -3.38333162e+01
 -1.46401570e+01 -3.36795510e+01
 -1.42229070e+01 -3.33225053e+01
 -1.36761113e+01 -3.27672938e+01
 -1.29942502e+01 -3.20145046e+01
 -1.21711157e+01 -3.10638089e+01
 -1.12013101e+01 -2.99175206e+01
 -1.00813906e+01 -2.85830218e+01
 -8.81063902e+00 -2.70735379e+01
 -7.39170065e+00 -2.54076303e+01
 -5.83147891e+00 -2.36084563e+01
 -4.14235788e+00 -2.17037606e+01
 -2.34340015e+00 -1.97267019e+01
 -4.61144763e-01 -1.77167379e+01
 1.47003036e+00 -1.57195756e+01
 3.40783803e+00 -1.37856294e+01
 5.30269559e+00 -1.19670676e+01
 7.10028741e+00 -1.03139478e+01
 8.74693343e+00 -8.87026025e+00
 1.01964915e+01 -7.67103514e+00
 1.14159008e+01 -6.74135925e+00
 1.23872452e+01 -6.09673329e+00
 1.31064617e+01 -5.74320783e+00
 1.35805571e+01 -5.67681066e+00
 1.38253390e+01 -5.88352318e+00
 1.38641352e+01 -6.34088816e+00
 1.37261517e+01 -7.02056754e+00
 1.34431730e+01 -7.89020080e+00
 1.30456028e+01 -8.91378501e+00
 1.25604222e+01 -1.00516213e+01
 1.20120403e+01 -1.12618234e+01
 1.14241926e+01 -1.25040562e+01
 1.08205838e+01 -1.37436188e+01
 1.02238475e+01 -1.49532165e+01
 9.65389119e+00 -1.61117773e+01
 9.12669146e+00 -1.72020253e+01
 8.65409183e+00 -1.82088103e+01
 8.24469280e+00 -1.91188609e+01
 7.90529579e+00 -1.99213868e+01
 7.64207560e+00 -2.06085636e+01
 7.46138778e+00 -2.11751968e+01
 7.37092832e+00 -2.16173987e+01
 7.38133949e+00 -2.19306504e+01
 7.50706280e+00 -2.21080385e+01
 7.76560263e+00 -2.21395465e+01
 8.17597346e+00 -2.20128328e+01
 8.75711172e+00 -2.17151399e+01
 9.52569834e+00 -2.12354601e+01
 1.04930443e+01 -2.05662561e+01
 1.16621067e+01 -1.97047257e+01
 1.30257977e+01 -1.86542070e+01
 1.45666550e+01 -1.74260865e+01
 1.62573612e+01 -1.60415194e+01
 1.80618065e+01 -1.45314866e+01
 1.99368288e+01 -1.29344093e+01
 2.18349740e+01 -1.12923314e+01
 2.37081975e+01 -9.64758198e+00
 2.55118701e+01 -8.04064623e+00
 2.72089472e+01 -6.50790957e+00
 2.87751276e+01 -5.07717164e+00
 3.02048300e+01 -3.76075960e+00
 3.15144387e+01 -2.55019125e+00
 3.27377740e+01 -1.41849615e+00
 3.39134806e+01 -3.31600005e-01
 3.50716335e+01 7.38262124e-01
 3.62280154e+01 1.80609000e+00
 3.73871867e+01 2.87638554e+00
 3.85486948e+01 3.94883285e+00
 3.97112794e+01 5.02228293e+00
 4.08742094e+01 6.09605652e+00
 4.20372216e+01 7.16990725e+00
 4.32002485e+01 8.24377192e+00
 4.43632775e+01 9.31763841e+00
 4.55263050e+01 1.03915036e+01
 4.66893172e+01 1.14653547e+01
 4.78522131e+01 1.25390984e+01
 4.90144164e+01 1.36122026e+01
 5.01733858e+01 1.46823208e+01
 5.13204826e+01 1.57414766e+01
 5.24332651e+01 1.67689488e+01
 5.34678553e+01 1.77242232e+01
 5.43617810e+01 1.85496170e+01
 5.50557223e+01 1.91903579e+01
 5.50557223e+01 1.91903579e+01
 5.50557223e+01 1.91903579e+01
 5.50557223e+01 1.91903579e+01
 5.50557223e+01 1.91903579e+01
 5.50557223e+01 1.91903579e+01
 5.50557223e+01 1.91903579e+01
 5.50557223e+01 1.91903579e+01
 5.50557223e+01 1.91903579e+01
 5.50557223e+01 1.91903579e+01
 5.50557223e+01 1.91903579e+01
 5.50557223e+01 1.91903579e+01
 5.50557223e+01 1.91903579e+01
 5.50557223e+01 1.91903579e+01
 5.50557223e+01 1.91903579e+01
 5.50557223e+01 1.91903579e+01
 5.50557223e+01 1.91903579e+01
 5.50557223e+01 1.91903579e+01
 5.50557223e+01 1.91903579e+01
 5.50557223e+01 1.91903579e+01
 5.50557223e+01 1.91903579e+01
 5.50557223e+01 1.91903579e+01
 5.50557223e+01 1.91903579e+01
 5.50557223e+01 1.91903579e+01
 5.50557223e+01 1.91903579e+01
 5.50557223e+01 1.91903579e+01
 5.50557223e+01 1.91903579e+01
 5.50557223e+01 1.91903579e+01
 5.50557223e+01 1.91903579e+01
 5.50557223e+01 1.91903579e+01
 5.50557223e+01 1.91903579e+01
 5.50557223e+01 1.91903579e+01
 5.50557223e+01 1.91903579e+01
 5.50557223e+01 1.91903579e+01
 5.50557223e+01 1.91903579e+01
 5.50557223e+01 1.91903579e+01
 5.50557223e+01 1.91903579e+01
 5.50557223e+01 1.91903579e+01
 5.50557223e+01 1.91903579e+01
 5.50557223e+01 1.91903579e+01
 5.50557223e+01 1.91903579e+01
 5.50557223e+01 1.91903579e+01
 5.50557223e+01 1.91903579e+01
 5.50557223e+01 1.91903579e+01
 5.50557223e+01 1.91903579e+01
 5.50557223e+01 1.91903579e+01
 5.50557223e+01 1.91903579e+01
 5.50557223e+01 1.91903579e+01
 5.50557223e+01 1.91903579e+01
 5.50557223e+01 1.91903579e+01
 5.50557223e+01 1.91903579e+01
 5.50557223e+01 1.91903579e+01
 5.50557223e+01 1.91903579e+01
 5.50557223e+01 1.91903579e+01
 5.50557223e+01 1.91903579e+01
 5.50557223e+01 1.91903579e+01
