 0.00000000e+00 0.00000000e+00
 0.00000000e+00 0.00000000e+00
 0.00000000e+00 0.00000000e+00
 0.00000000e+00 0.00000000e+00
 0.00000000e+00 0.00000000e+00
 0.00000000e+00 0.00000000e+00
 0.00000000e+00 0.00000000e+00
 0.00000000e+00 0.00000000e+00
 0.00000000e+00 0.00000000e+00
 1.63427933e-01 8.78873014e-02
 2.96896595e-01 1.13838499e-01
 3.38343617e-01 7.43603618e-03
 2.39861939e-01 -2.94371052e-01
 -2.13382497e-02 -8.35019874e-01
 -4.48039810e-01 -1.63740553e+00
 -1.03403148e+00 -2.70873805e+00
 -1.77092362e+00 -4.04499453e+00
 -2.64900733e+00 -5.63266522e+00
 -3.65602434e+00 -7.44892453e+00
 -4.77708127e+00 -9.46264117e+00
 -5.99585632e+00 -1.16377420e+01
 -7.29592154e+00 -1.39381218e+01
 -8.66159962e+00 -1.63313399e+01
 -1.00782342e+01 -1.87888180e+01
 -1.15316011e+01 -2.12830279e+01
 -1.30063858e+01 -2.37842642e+01
 -1.44842936e+01 -2.62590354e+01
 -1.59427320e+01 -2.86702212e+01
 -1.73547651e+01 -3.09781485e+01
 -1.86903932e+01 -3.31420747e+01
 -1.99187167e+01 -3.51224572e+01
 -2.10105818e+01 -3.68845391e+01
 -2.19414509e+01 -3.84025690e+01
 -2.26940046e+01 -3.96627152e+01
 -2.32596736e+01 -4.06631354e+01
 -2.36384261e+01 -4.14112722e+01
 -2.38365919e+01 -4.19196287e+01
 -2.38631434e+01 -4.22013562e+01
 -2.37255448e+01 -4.22664409e+01
 -2.34264947e+01 -4.21189883e+01
 -2.29623345e+01 -4.17562621e+01
 -2.23232870e+01 -4.11699044e+01
 -2.14956083e+01 -4.03490600e+01
 -2.04655303e+01 -3.92847717e+01
 -1.92239555e+01 -3.79747569e+01
 -1.77701383e+01 -3.64271291e+01
 -1.61133201e+01 -3.46617980e+01
 -1.42729186e+01 -3.27097105e+01
 -1.22784051e+01 -3.06113055e+01
 -1.01688188e+01 -2.84151333e+01
 -7.99098363e+00 -2.61762076e+01
 -5.79638645e+00 -2.39532404e+01
 -3.63797328e+00 -2.18049976e+01
 -1.56789665e+00 -1.97868694e+01
 3.64182873e-01 -1.79480458e+01
 2.11354977e+00 -1.63287586e+01
 3.64424374e+00 -1.49577452e+01
 4.93309390e+00 -1.38514745e+01
 5.97184595e+00 -1.30163758e+01
 6.76602388e+00 -1.24530258e+01
 7.33093966e+00 -1.21593352e+01
 7.68668691e+00 -1.21306883e+01
 7.85433599e+00 -1.23581206e+01
 7.85454703e+00 -1.28273942e+01
 7.70773165e+00 -1.35201627e+01
 7.43371353e+00 -1.44155617e+01
 7.05035621e+00 -1.54900050e+01
 6.57291696e+00 -1.67153465e+01
 6.01543234e+00 -1.80581083e+01
 5.39292864e+00 -1.94819510e+01
 4.72248657e+00 -2.09523135e+01
 4.02283598e+00 -2.24399364e+01
 3.31347331e+00 -2.39211534e+01
 2.61399841e+00 -2.53755594e+01
 1.94368328e+00 -2.67831314e+01
 1.32117891e+00 -2.81225597e+01
 7.64397367e-01 -2.93714428e+01
 2.90509963e-01 -3.05078686e+01
 -8.41555370e-02 -3.15122699e+01
 -3.44392968e-01 -3.23685173e+01
 -4.76281643e-01 -3.30637300e+01
 -4.66805742e-01 -3.35868797e+01
 -3.02827000e-01 -3.39268254e+01
 3.01145812e-02 -3.40708688e+01
 5.48299730e-01 -3.40048631e+01
 1.26878844e+00 -3.37150514e+01
 2.20653803e+00 -3.31908112e+01
 3.37038682e+00 -3.24273549e+01
 4.75951297e+00 -3.14279897e+01
 6.36179443e+00 -3.02058324e+01
 8.15408233e+00 -2.87847549e+01
 1.01031701e+01 -2.71991869e+01
 1.21667066e+01 -2.54924584e+01
 1.42949304e+01 -2.37136095e+01
 1.64348224e+01 -2.19127556e+01
 1.85372049e+01 -2.01351324e+01
 2.05654091e+01 -1.84144465e+01
 2.25023555e+01 -1.67674759e+01
 2.43521366e+01 -1.51928489e+01
 2.61342261e+01 -1.36756370e+01
 2.78731314e+01 -1.21958184e+01
 2.95894039e+01 -1.07359967e+01
 3.12959600e+01 -9.28492383e+00
 3.29991123e+01 -7.83696799e+00
 3.47012952e+01 -6.38991241e+00
 3.64032546e+01 -4.94306670e+00
 3.81051725e+01 -3.49626034e+00
 3.98070842e+01 -2.04945990e+00
 4.15089950e+01 -6.02660317e-01
 4.32109034e+01 8.44137225e-01
 4.49127893e+01 2.29091568e+00
 4.66145049e+01 3.73754935e+00
 4.83152072e+01 5.18332157e+00
 5.00111770e+01 6.62507075e+00
 5.16897732e+01 8.05205055e+00
 5.33181559e+01 9.43634363e+00
 5.48321163e+01 1.07233661e+01
 5.61402364e+01 1.18354029e+01
 5.71557105e+01 1.26986606e+01
 5.71557105e+01 1.26986606e+01
 5.71557105e+01 1.26986606e+01
 5.71557105e+01 1.26986606e+01
 5.71557105e+01 1.26986606e+01
 5.71557105e+01 1.26986606e+01
 5.71557105e+01 1.26986606e+01
 5.71557105e+01 1.26986606e+01
 5.71557105e+01 1.26986606e+01
 5.71557105e+01 1.26986606e+01
 5.71557105e+01 1.26986606e+01
 5.71557105e+01 1.26986606e+01
 5.71557105e+01 1.26986606e+01
 5.71557105e+01 1.26986606e+01
 5.71557105e+01 1.26986606e+01
 5.71557105e+01 1.26986606e+01
 5.71557105e+01 1.26986606e+01
 5.71557105e+01 1.26986606e+01
 5.71557105e+01 1.26986606e+01
 5.71557105e+01 1.26986606e+01
 5.71557105e+01 1.26986606e+01
 5.71557105e+01 1.26986606e+01
 5.71557105e+01 1.26986606e+01
 5.71557105e+01 1.26986606e+01
 5.71557105e+01 1.26986606e+01
 5.71557105e+01 1.26986606e+01
 5.71557105e+01 1.26986606e+01
 5.71557105e+01 1.26986606e+01
 5.71557105e+01 1.26986606e+01
 5.71557105e+01 1.26986606e+01
 5.71557105e+01 1.26986606e+01
 5.71557105e+01 1.26986606e+01
 5.71557105e+01 1.26986606e+01
 5.71557105e+01 1.26986606e+01
 5.71557105e+01 1.26986606e+01
 5.71557105e+01 1.26986606e+01
 5.71557105e+01 1.26986606e+01
 5.71557105e+01 1.26986606e+01
 5.71557105e+01 1.26986606e+01
 5.71557105e+01 1.26986606e+01
 5.71557105e+01 1.26986606e+01
 5.71557105e+01 1.26986606e+01
 5.71557105e+01 1.26986606e+01
 5.71557105e+01 1.26986606e+01
 5.71557105e+01 1.26986606e+01
 5.71557105e+01 1.26986606e+01
 5.71557105e+01 1.26986606e+01
 5.71557105e+01 1.26986606e+01
 5.71557105e+01 1.26986606e+01
 5.71557105e+01 1.26986606e+01
 5.71557105e+01 1.26986606e+01
 5.71557105e+01 1.26986606e+01
 5.71557105e+01 1.26986606e+01
 5.71557105e+01 1.26986606e+01
 5.71557105e+01 1.26986606e+01
 5.71557105e+01 1.26986606e+01
 5.71557105e+01 1.26986606e+01
 5.71557105e+01 1.26986606e+01
