 0.00000000e+00 0.00000000e+00
 0.00000000e+00 0.00000000e+00
 0.00000000e+00 0.00000000e+00
 0.00000000e+00 0.00000000e+00
 0.00000000e+00 0.00000000e+00
 0.00000000e+00 0.00000000e+00
 -9.30989923e-02 -1.96311984e-01
 -2.32654855e-01 -4.72037127e-01
 -4.23711785e-01 -8.27005610e-01
 -6.64554959e-01 -1.26089378e+00
 -9.45165900e-01 -1.77997998e+00
 -1.24983607e+00 -2.39941786e+00
 -1.56418633e+00 -3.14073493e+00
 -1.88219307e+00 -4.02696234e+00
 -2.20848925e+00 -5.07810579e+00
 -2.55560788e+00 -6.30830972e+00
 -2.93937570e+00 -7.72443838e+00
 -3.37522779e+00 -9.32515155e+00
 -3.87604443e+00 -1.11001056e+01
 -4.45104922e+00 -1.30298369e+01
 -5.10545835e+00 -1.50871439e+01
 -5.84070343e+00 -1.72399579e+01
 -6.65486971e+00 -1.94545020e+01
 -7.54304877e+00 -2.16974177e+01
 -8.49757703e+00 -2.39367054e+01
 -9.50815167e+00 -2.61422305e+01
 -1.05617207e+01 -2.82862002e+01
 -1.16421601e+01 -3.03434170e+01
 -1.27299179e+01 -3.22910720e+01
 -1.38018536e+01 -3.41080248e+01
 -1.48314740e+01 -3.57739071e+01
 -1.57897090e+01 -3.72689588e+01
 -1.66463483e+01 -3.85753121e+01
 -1.73721919e+01 -3.96791396e+01
 -1.79416567e+01 -4.05719923e+01
 -1.83352484e+01 -4.12501300e+01
 -1.85412590e+01 -4.17124215e+01
 -1.85561369e+01 -4.19586713e+01
 -1.83832535e+01 -4.19894640e+01
 -1.80304836e+01 -4.18067178e+01
 -1.75076034e+01 -4.14134368e+01
 -1.68242361e+01 -4.08122662e+01
 -1.59882729e+01 -4.00038520e+01
 -1.50044001e+01 -3.89862988e+01
 -1.38729313e+01 -3.77561026e+01
 -1.25898348e+01 -3.63099228e+01
 -1.11486579e+01 -3.46466705e+01
 -9.54400074e+00 -3.27702860e+01
 -7.77555829e+00 -3.06936334e+01
 -5.85217210e+00 -2.84427268e+01
 -3.79570146e+00 -2.60595360e+01
 -1.64380233e+00 -2.36021344e+01
 5.50066937e-01 -2.11421610e+01
 2.72032558e+00 -1.87599129e+01
 4.79574051e+00 -1.65370035e+01
 6.70702717e+00 -1.45470176e+01
 8.39467155e+00 -1.28463282e+01
 9.81637167e+00 -1.14684720e+01
 1.09523337e+01 -1.04243917e+01
 1.18058638e+01 -9.70772068e+00
 1.23982577e+01 -9.30157487e+00
 1.27602115e+01 -9.18341239e+00
 1.29241605e+01 -9.32725543e+00
 1.29207811e+01 -9.70505286e+00
 1.27788921e+01 -1.02886367e+01
 1.25252903e+01 -1.10514684e+01
 1.21828716e+01 -1.19684390e+01
 1.17689344e+01 -1.30137900e+01
 1.12958765e+01 -1.41595186e+01
 1.07738608e+01 -1.53764421e+01
 1.02132473e+01 -1.66374811e+01
 9.62510532e+00 -1.79206115e+01
 9.01998755e+00 -1.92093389e+01
 8.40691510e+00 -2.04904772e+01
 7.79447616e+00 -2.17505401e+01
 7.19375069e+00 -2.29725656e+01
 6.62077770e+00 -2.41348889e+01
 6.09669760e+00 -2.52123331e+01
 5.64578341e+00 -2.61788879e+01
 5.29304407e+00 -2.70101684e+01
 5.06276461e+00 -2.76843847e+01
 4.97781508e+00 -2.81818269e+01
 5.05858475e+00 -2.84839933e+01
 5.32121739e+00 -2.85736039e+01
 5.77620655e+00 -2.84358574e+01
 6.42821926e+00 -2.80603855e+01
 7.27669155e+00 -2.74431524e+01
 8.31638194e+00 -2.65878303e+01
 9.53780678e+00 -2.55065575e+01
 1.09278034e+01 -2.42202728e+01
 1.24699781e+01 -2.27587622e+01
 1.41443641e+01 -2.11602300e+01
 1.59259546e+01 -1.94701244e+01
 1.77827649e+01 -1.77391892e+01
 1.96748463e+01 -1.60208277e+01
 2.15553478e+01 -1.43678187e+01
 2.33735418e+01 -1.28286740e+01
 2.50789249e+01 -1.14444638e+01
 2.66257289e+01 -1.02470242e+01
 2.79776036e+01 -9.25860690e+00
 2.91119499e+01 -8.49184592e+00
 3.00227875e+01 -7.94883027e+00
 3.07210662e+01 -7.61956028e+00
 3.12321330e+01 -7.48143925e+00
 3.15912153e+01 -7.50077677e+00
 3.18384537e+01 -7.63573754e+00
 3.20142967e+01 -7.84067118e+00
 3.21547014e+01 -8.07305277e+00
 3.22861446e+01 -8.30199991e+00
 3.24227789e+01 -8.51322544e+00
 3.25680927e+01 -8.70646732e+00
 3.27199129e+01 -8.88792425e+00
 3.28750682e+01 -9.06371979e+00
 3.30314916e+01 -9.23744506e+00
 3.31882825e+01 -9.41058557e+00
 3.33451557e+01 -9.58359771e+00
 3.35020432e+01 -9.75658789e+00
 3.36589325e+01 -9.92957512e+00
 3.38158218e+01 -1.01025618e+01
 3.39727091e+01 -1.02755462e+01
 3.41295807e+01 -1.04485133e+01
 3.42863589e+01 -1.06213773e+01
 3.44427008e+01 -1.07937604e+01
 3.45974411e+01 -1.09643775e+01
 3.47475525e+01 -1.11298908e+01
 3.48871160e+01 -1.12837739e+01
 3.50077042e+01 -1.14167349e+01
 3.51013151e+01 -1.15199505e+01
 3.51013151e+01 -1.15199505e+01
 3.51013151e+01 -1.15199505e+01
 3.51013151e+01 -1.15199505e+01
 3.51013151e+01 -1.15199505e+01
 3.51013151e+01 -1.15199505e+01
 3.51013151e+01 -1.15199505e+01
 3.51013151e+01 -1.15199505e+01
 3.51013151e+01 -1.15199505e+01
 3.51013151e+01 -1.15199505e+01
 3.51013151e+01 -1.15199505e+01
 3.51013151e+01 -1.15199505e+01
 3.51013151e+01 -1.15199505e+01
 3.51013151e+01 -1.15199505e+01
 3.51013151e+01 -1.15199505e+01
 3.51013151e+01 -1.15199505e+01
 3.51013151e+01 -1.15199505e+01
 3.51013151e+01 -1.15199505e+01
 3.51013151e+01 -1.15199505e+01
 3.51013151e+01 -1.15199505e+01
 3.51013151e+01 -1.15199505e+01
 3.51013151e+01 -1.15199505e+01
 3.51013151e+01 -1.15199505e+01
 3.51013151e+01 -1.15199505e+01
 3.51013151e+01 -1.15199505e+01
 3.51013151e+01 -1.15199505e+01
 3.51013151e+01 -1.15199505e+01
 3.51013151e+01 -1.15199505e+01
 3.51013151e+01 -1.15199505e+01
 3.51013151e+01 -1.15199505e+01
 3.51013151e+01 -1.15199505e+01
 3.51013151e+01 -1.15199505e+01
 3.51013151e+01 -1.15199505e+01
 3.51013151e+01 -1.15199505e+01
 3.51013151e+01 -1.15199505e+01
 3.51013151e+01 -1.15199505e+01
 3.51013151e+01 -1.15199505e+01
 3.51013151e+01 -1.15199505e+01
 3.51013151e+01 -1.15199505e+01
 3.51013151e+01 -1.15199505e+01
 3.51013151e+01 -1.15199505e+01
 3.51013151e+01 -1.15199505e+01
 3.51013151e+01 -1.15199505e+01
 3.51013151e+01 -1.15199505e+01
 3.51013151e+01 -1.15199505e+01
 3.51013151e+01 -1.15199505e+01
 3.51013151e+01 -1.15199505e+01
 3.51013151e+01 -1.15199505e+01
 3.51013151e+01 -1.15199505e+01
