 0.00000000e+00 0.00000000e+00
 0.00000000e+00 0.00000000e+00
 0.00000000e+00 0.00000000e+00
 0.00000000e+00 0.00000000e+00
 0.00000000e+00 0.00000000e+00
 0.00000000e+00 0.00000000e+00
 0.00000000e+00 0.00000000e+00
 0.00000000e+00 0.00000000e+00
 1.45169440e-02 3.42602627e-01
 1.11551374e-02 7.23887728e-01
 -2.19585318e-02 1.06843144e+00
 -9.19676402e-02 1.30007710e+00
 -2.02308841e-01 1.35861672e+00
 -3.56584564e-01 1.20374725e+00
 -5.60862959e-01 8.12702204e-01
 -8.22580060e-01 1.77096348e-01
 -1.14800026e+00 -7.00179459e-01
 -1.54080655e+00 -1.80789541e+00
 -2.00233963e+00 -3.12803166e+00
 -2.53247869e+00 -4.63582083e+00
 -3.13042750e+00 -6.30037294e+00
 -3.79550273e+00 -8.08790402e+00
 -4.52812716e+00 -9.96688668e+00
 -5.33061805e+00 -1.19120650e+01
 -6.20679226e+00 -1.39048373e+01
 -7.15974062e+00 -1.59303179e+01
 -8.18848065e+00 -1.79734250e+01
 -9.28518733e+00 -2.00159727e+01
 -1.04340952e+01 -2.20352526e+01
 -1.16119467e+01 -2.40037990e+01
 -1.27893848e+01 -2.58901827e+01
 -1.39326910e+01 -2.76608324e+01
 -1.50055437e+01 -2.92825966e+01
 -1.59711864e+01 -3.07255548e+01
 -1.67955358e+01 -3.19655888e+01
 -1.74505821e+01 -3.29859000e+01
 -1.79162680e+01 -3.37764589e+01
 -1.81794253e+01 -3.43314512e+01
 -1.82304180e+01 -3.46464855e+01
 -1.80604479e+01 -3.47174620e+01
 -1.76619962e+01 -3.45411698e+01
 -1.70311879e+01 -3.41161128e+01
 -1.61689945e+01 -3.34425471e+01
 -1.50808709e+01 -3.25224011e+01
 -1.37767723e+01 -3.13604033e+01
 -1.22721145e+01 -2.99665688e+01
 -1.05884271e+01 -2.83588003e+01
 -8.75291294e+00 -2.65643911e+01
 -6.79733501e+00 -2.46200845e+01
 -4.75696404e+00 -2.25708122e+01
 -2.66987153e+00 -2.04675004e+01
 -5.76432180e-01 -1.83647341e+01
 1.48111844e+00 -1.63188900e+01
 3.45917031e+00 -1.43863306e+01
 5.31370109e+00 -1.26206431e+01
 7.00247734e+00 -1.10687658e+01
 8.48872243e+00 -9.76748077e+00
 9.74517838e+00 -8.74221420e+00
 1.07567362e+01 -8.00827959e+00
 1.15205879e+01 -7.57242602e+00
 1.20445252e+01 -7.43282603e+00
 1.23448011e+01 -7.57834281e+00
 1.24440699e+01 -7.98944410e+00
 1.23687808e+01 -8.64139278e+00
 1.21457676e+01 -9.50758634e+00
 1.17990796e+01 -1.05605876e+01
 1.13485696e+01 -1.17709181e+01
 1.08108885e+01 -1.31061381e+01
 1.02019888e+01 -1.45322569e+01
 9.53920228e+00 -1.60167839e+01
 8.84155376e+00 -1.75310550e+01
 8.12875994e+00 -1.90504065e+01
 7.42037093e+00 -2.05525724e+01
 6.73583542e+00 -2.20155019e+01
 6.09507330e+00 -2.34157449e+01
 5.51873368e+00 -2.47282159e+01
 5.02779354e+00 -2.59274670e+01
 4.64284552e+00 -2.69896979e+01
 4.38366386e+00 -2.78941287e+01
 4.26923076e+00 -2.86226141e+01
 4.31797723e+00 -2.91576619e+01
 4.54809734e+00 -2.94805115e+01
 4.97775039e+00 -2.95710641e+01
 5.62424815e+00 -2.94099833e+01
 6.50124266e+00 -2.89818370e+01
 7.61439113e+00 -2.82781491e+01
 8.95741180e+00 -2.73000849e+01
 1.05102451e+01 -2.60609154e+01
 1.22396374e+01 -2.45881219e+01
 1.41012001e+01 -2.29245572e+01
 1.60418944e+01 -2.11278451e+01
 1.80028533e+01 -1.92672559e+01
 1.99231251e+01 -1.74178005e+01
 2.17447518e+01 -1.56521218e+01
 2.34195518e+01 -1.40309906e+01
 2.49178944e+01 -1.25927363e+01
 2.62376964e+01 -1.13431831e+01
 2.74078846e+01 -1.02519520e+01
 2.84797644e+01 -9.26258980e+00
 2.95073799e+01 -8.31543991e+00
 3.05286780e+01 -7.36943847e+00
 3.15595412e+01 -6.40872746e+00
 3.26006966e+01 -5.43430779e+00
 3.36478294e+01 -4.45224378e+00
 3.46973807e+01 -3.46714349e+00
 3.57476588e+01 -2.48114008e+00
 3.67981032e+01 -1.49493141e+00
 3.78485768e+01 -5.08686779e-01
 3.88990543e+01 4.77562634e-01
 3.99495308e+01 1.46381122e+00
 4.09999934e+01 2.45004684e+00
 4.20503510e+01 3.43618377e+00
 4.31000830e+01 4.42173347e+00
 4.41468941e+01 5.40454075e+00
 4.51829815e+01 6.37728009e+00
 4.61880754e+01 7.32092086e+00
 4.71225440e+01 8.19825447e+00
 4.79299607e+01 8.95630445e+00
 4.85567464e+01 9.54476736e+00
 4.85567464e+01 9.54476736e+00
 4.85567464e+01 9.54476736e+00
 4.85567464e+01 9.54476736e+00
 4.85567464e+01 9.54476736e+00
 4.85567464e+01 9.54476736e+00
 4.85567464e+01 9.54476736e+00
 4.85567464e+01 9.54476736e+00
 4.85567464e+01 9.54476736e+00
 4.85567464e+01 9.54476736e+00
 4.85567464e+01 9.54476736e+00
 4.85567464e+01 9.54476736e+00
 4.85567464e+01 9.54476736e+00
 4.85567464e+01 9.54476736e+00
 4.85567464e+01 9.54476736e+00
 4.85567464e+01 9.54476736e+00
 4.85567464e+01 9.54476736e+00
 4.85567464e+01 9.54476736e+00
 4.85567464e+01 9.54476736e+00
 4.85567464e+01 9.54476736e+00
 4.85567464e+01 9.54476736e+00
 4.85567464e+01 9.54476736e+00
 4.85567464e+01 9.54476736e+00
 4.85567464e+01 9.54476736e+00
 4.85567464e+01 9.54476736e+00
 4.85567464e+01 9.54476736e+00
 4.85567464e+01 9.54476736e+00
 4.85567464e+01 9.54476736e+00
 4.85567464e+01 9.54476736e+00
 4.85567464e+01 9.54476736e+00
 4.85567464e+01 9.54476736e+00
 4.85567464e+01 9.54476736e+00
 4.85567464e+01 9.54476736e+00
 4.85567464e+01 9.54476736e+00
 4.85567464e+01 9.54476736e+00
 4.85567464e+01 9.54476736e+00
 4.85567464e+01 9.54476736e+00
 4.85567464e+01 9.54476736e+00
 4.85567464e+01 9.54476736e+00
 4.85567464e+01 9.54476736e+00
 4.85567464e+01 9.54476736e+00
 4.85567464e+01 9.54476736e+00
 4.85567464e+01 9.54476736e+00
 4.85567464e+01 9.54476736e+00
 4.85567464e+01 9.54476736e+00
 4.85567464e+01 9.54476736e+00
 4.85567464e+01 9.54476736e+00
 4.85567464e+01 9.54476736e+00
 4.85567464e+01 9.54476736e+00
 4.85567464e+01 9.54476736e+00
 4.85567464e+01 9.54476736e+00
 4.85567464e+01 9.54476736e+00
 4.85567464e+01 9.54476736e+00
 4.85567464e+01 9.54476736e+00
 4.85567464e+01 9.54476736e+00
 4.85567464e+01 9.54476736e+00
 4.85567464e+01 9.54476736e+00
 4.85567464e+01 9.54476736e+00
