 0.00000000e+00 0.00000000e+00
 0.00000000e+00 0.00000000e+00
 0.00000000e+00 0.00000000e+00
 0.00000000e+00 0.00000000e+00
 0.00000000e+00 0.00000000e+00
 0.00000000e+00 0.00000000e+00
 0.00000000e+00 0.00000000e+00
 0.00000000e+00 0.00000000e+00
 0.00000000e+00 0.00000000e+00
 0.00000000e+00 0.00000000e+00
 -2.29817892e-05 -9.38818798e-03
 -1.64644424e-04 -4.58192987e-02
 -8.58339412e-04 -1.34673313e-01
 -3.57345896e-03 -3.06072429e-01
 -1.21393944e-02 -5.90216215e-01
 -3.41808373e-02 -1.01381564e+00
 -8.12122957e-02 -1.59783470e+00
 -1.66364133e-01 -2.35590911e+00
 -3.01152344e-01 -3.29312536e+00
 -4.94220478e-01 -4.40515923e+00
 -7.52654474e-01 -5.67816381e+00
 -1.08315779e+00 -7.09011217e+00
 -1.49087733e+00 -8.61372212e+00
 -1.97684259e+00 -1.02199301e+01
 -2.53626181e+00 -1.18804189e+01
 -3.15857736e+00 -1.35684326e+01
 -3.82867086e+00 -1.52583337e+01
 -4.52824188e+00 -1.69249204e+01
 -5.23685645e+00 -1.85430557e+01
 -5.93282757e+00 -2.00875897e+01
 -6.59438109e+00 -2.15336523e+01
 -7.20136081e+00 -2.28576026e+01
 -7.73730297e+00 -2.40387307e+01
 -8.19114868e+00 -2.50614516e+01
 -8.55751994e+00 -2.59172822e+01
 -8.83515036e+00 -2.66055375e+01
 -9.02435932e+00 -2.71320273e+01
 -9.12493213e+00 -2.75060554e+01
 -9.13526564e+00 -2.77369603e+01
 -9.05291058e+00 -2.78316913e+01
 -8.87554955e+00 -2.77941561e+01
 -8.60072670e+00 -2.76255715e+01
 -8.22409776e+00 -2.73243249e+01
 -7.73819103e+00 -2.68851319e+01
 -7.13319532e+00 -2.62990576e+01
 -6.39896319e+00 -2.55557103e+01
 -5.52685559e+00 -2.46470662e+01
 -4.51126973e+00 -2.35713885e+01
 -3.35126100e+00 -2.23361047e+01
 -2.05227148e+00 -2.09591369e+01
 -6.27708805e-01 -1.94686625e+01
 8.99817496e-01 -1.79018353e+01
 2.49776767e+00 -1.63031870e+01
 4.12385199e+00 -1.47227747e+01
 5.72790100e+00 -1.32132773e+01
 7.25613305e+00 -1.18254224e+01
 8.65755505e+00 -1.06026462e+01
 9.89079193e+00 -9.57739968e+00
 1.09288578e+01 -8.77116232e+00
 1.17602064e+01 -8.19767080e+00
 1.23864261e+01 -7.86625691e+00
 1.28184345e+01 -7.78232668e+00
 1.30728888e+01 -7.94510216e+00
 1.31695621e+01 -8.34555767e+00
 1.31297571e+01 -8.96691839e+00
 1.29752746e+01 -9.78699118e+00
 1.27271109e+01 -1.07796589e+01
 1.24040455e+01 -1.19142060e+01
 1.20227389e+01 -1.31540866e+01
 1.16000640e+01 -1.44579062e+01
 1.11556348e+01 -1.57834153e+01
 1.07118891e+01 -1.70923028e+01
 1.02916898e+01 -1.83527926e+01
 9.91570298e+00 -1.95391970e+01
 9.60104548e+00 -2.06301355e+01
 9.36070301e+00 -2.16075283e+01
 9.20326488e+00 -2.24569460e+01
 9.13412965e+00 -2.31683427e+01
 9.15871891e+00 -2.37358917e+01
 9.28517710e+00 -2.41565275e+01
 9.52375056e+00 -2.44278909e+01
 9.88406835e+00 -2.45468335e+01
 1.03736836e+01 -2.45092796e+01
 1.09983920e+01 -2.43112918e+01
 1.17623900e+01 -2.39504137e+01
 1.26676986e+01 -2.34265760e+01
 1.37138717e+01 -2.27425552e+01
 1.48980832e+01 -2.19043087e+01
 1.62143993e+01 -2.09216033e+01
 1.76517947e+01 -1.98090743e+01
 1.91923290e+01 -1.85869222e+01
 2.08112635e+01 -1.72800848e+01
 2.24792079e+01 -1.59159255e+01
 2.41648282e+01 -1.45218084e+01
 2.58372952e+01 -1.31235627e+01
 2.74695088e+01 -1.17442634e+01
 2.90430066e+01 -1.04019865e+01
 3.05525170e+01 -9.10647097e+00
 3.20061913e+01 -7.85696276e+00
 3.34202292e+01 -6.64390826e+00
 3.48113228e+01 -5.45420477e+00
 3.61916065e+01 -4.27655463e+00
 3.75677598e+01 -3.10389464e+00
 3.89426389e+01 -1.93288404e+00
 4.03172021e+01 -7.62306902e-01
 4.16917025e+01 4.08179993e-01
 4.30661930e+01 1.57865204e+00
 4.44406822e+01 2.74912204e+00
 4.58151693e+01 3.91959025e+00
 4.71896383e+01 5.09004301e+00
 4.85639697e+01 6.26037863e+00
 4.99374828e+01 7.43001734e+00
 5.13071739e+01 8.59640138e+00
 5.26628337e+01 9.75083690e+00
 5.39779403e+01 1.08707386e+01
 5.52006379e+01 1.19119477e+01
 5.62570955e+01 1.28115925e+01
 5.70772079e+01 1.35099733e+01
 5.70772079e+01 1.35099733e+01
 5.70772079e+01 1.35099733e+01
 5.70772079e+01 1.35099733e+01
 5.70772079e+01 1.35099733e+01
 5.70772079e+01 1.35099733e+01
 5.70772079e+01 1.35099733e+01
 5.70772079e+01 1.35099733e+01
 5.70772079e+01 1.35099733e+01
 5.70772079e+01 1.35099733e+01
 5.70772079e+01 1.35099733e+01
 5.70772079e+01 1.35099733e+01
 5.70772079e+01 1.35099733e+01
 5.70772079e+01 1.35099733e+01
 5.70772079e+01 1.35099733e+01
 5.70772079e+01 1.35099733e+01
 5.70772079e+01 1.35099733e+01
 5.70772079e+01 1.35099733e+01
 5.70772079e+01 1.35099733e+01
 5.70772079e+01 1.35099733e+01
 5.70772079e+01 1.35099733e+01
 5.70772079e+01 1.35099733e+01
 5.70772079e+01 1.35099733e+01
 5.70772079e+01 1.35099733e+01
 5.70772079e+01 1.35099733e+01
 5.70772079e+01 1.35099733e+01
 5.70772079e+01 1.35099733e+01
 5.70772079e+01 1.35099733e+01
 5.70772079e+01 1.35099733e+01
 5.70772079e+01 1.35099733e+01
 5.70772079e+01 1.35099733e+01
 5.70772079e+01 1.35099733e+01
 5.70772079e+01 1.35099733e+01
 5.70772079e+01 1.35099733e+01
 5.70772079e+01 1.35099733e+01
 5.70772079e+01 1.35099733e+01
 5.70772079e+01 1.35099733e+01
 5.70772079e+01 1.35099733e+01
 5.70772079e+01 1.35099733e+01
 5.70772079e+01 1.35099733e+01
 5.70772079e+01 1.35099733e+01
 5.70772079e+01 1.35099733e+01
 5.70772079e+01 1.35099733e+01
 5.70772079e+01 1.35099733e+01
 5.70772079e+01 1.35099733e+01
 5.70772079e+01 1.35099733e+01
 5.70772079e+01 1.35099733e+01
 5.70772079e+01 1.35099733e+01
 5.70772079e+01 1.35099733e+01
 5.70772079e+01 1.35099733e+01
 5.70772079e+01 1.35099733e+01
 5.70772079e+01 1.35099733e+01
 5.70772079e+01 1.35099733e+01
 5.70772079e+01 1.35099733e+01
 5.70772079e+01 1.35099733e+01
 5.70772079e+01 1.35099733e+01
 5.70772079e+01 1.35099733e+01
 5.70772079e+01 1.35099733e+01
 5.70772079e+01 1.35099733e+01
