 0.00000000e+00 0.00000000e+00
 0.00000000e+00 0.00000000e+00
 0.00000000e+00 0.00000000e+00
 0.00000000e+00 0.00000000e+00
 0.00000000e+00 0.00000000e+00
 0.00000000e+00 0.00000000e+00
 0.00000000e+00 0.00000000e+00
 0.00000000e+00 0.00000000e+00
 0.00000000e+00 0.00000000e+00
 0.00000000e+00 0.00000000e+00
 0.00000000e+00 0.00000000e+00
 0.00000000e+00 0.00000000e+00
 0.00000000e+00 0.00000000e+00
 0.00000000e+00 0.00000000e+00
 0.00000000e+00 0.00000000e+00
 0.00000000e+00 0.00000000e+00
 -2.60014223e-02 -4.81736790e-01
 -8.26914421e-02 -1.17848373e+00
 -1.86653247e-01 -2.09541746e+00
 -3.50536142e-01 -3.21915229e+00
 -5.78505158e-01 -4.52427588e+00
 -8.66494968e-01 -5.97711335e+00
 -1.20601376e+00 -7.53817713e+00
 -1.58764884e+00 -9.16579898e+00
 -2.00232356e+00 -1.08206891e+01
 -2.44114046e+00 -1.24693040e+01
 -2.89529675e+00 -1.40847160e+01
 -3.35665317e+00 -1.56455158e+01
 -3.81844752e+00 -1.71340243e+01
 -4.27520932e+00 -1.85346155e+01
 -4.72157686e+00 -1.98324755e+01
 -5.15073815e+00 -2.10130981e+01
 -5.55349064e+00 -2.20627976e+01
 -5.91846563e+00 -2.29701555e+01
 -6.23341765e+00 -2.37276949e+01
 -6.48673355e+00 -2.43326695e+01
 -6.66797012e+00 -2.47861863e+01
 -6.76693681e+00 -2.50908966e+01
 -6.77211683e+00 -2.52484461e+01
 -6.66989707e+00 -2.52578850e+01
 -6.44532957e+00 -2.51152827e+01
 -6.08346768e+00 -2.48139251e+01
 -5.56992769e+00 -2.43445859e+01
 -4.89102765e+00 -2.36962275e+01
 -4.03490798e+00 -2.28580154e+01
 -2.99371284e+00 -2.18228355e+01
 -1.76553738e+00 -2.05911550e+01
 -3.55463774e-01 -1.91736581e+01
 1.22374166e+00 -1.75919849e+01
 2.95076810e+00 -1.58778994e+01
 4.79530141e+00 -1.40715273e+01
 6.71877996e+00 -1.22192815e+01
 8.67609623e+00 -1.03718595e+01
 1.06173468e+01 -8.58209465e+00
 1.24897412e+01 -6.90195833e+00
 1.42408197e+01 -5.37841328e+00
 1.58234838e+01 -4.04900004e+00
 1.72017225e+01 -2.93908404e+00
 1.83549114e+01 -2.06249433e+00
 1.92788187e+01 -1.42537752e+00
 1.99829456e+01 -1.03068392e+00
 2.04856382e+01 -8.80235667e-01
 2.08090822e+01 -9.73657308e-01
 2.09755173e+01 -1.30627350e+00
 2.10049319e+01 -1.86841254e+00
 2.09139490e+01 -2.64630156e+00
 2.07155913e+01 -3.62269980e+00
 2.04199010e+01 -4.77587557e+00
 2.00355088e+01 -6.07782253e+00
 1.95717838e+01 -7.49415080e+00
 1.90406677e+01 -8.98707901e+00
 1.84573536e+01 -1.05201802e+01
 1.78394952e+01 -1.20618194e+01
 1.72053602e+01 -1.35853959e+01
 1.65720300e+01 -1.50671501e+01
 1.59547780e+01 -1.64836417e+01
 1.53679558e+01 -1.78104684e+01
 1.48267256e+01 -1.90227444e+01
 1.43483526e+01 -2.00971027e+01
 1.39518911e+01 -2.10142239e+01
 1.36562258e+01 -2.17603507e+01
 1.34779298e+01 -2.23268336e+01
 1.34306547e+01 -2.27083458e+01
 1.35260477e+01 -2.29013030e+01
 1.37744495e+01 -2.29032478e+01
 1.41843311e+01 -2.27127151e+01
 1.47613934e+01 -2.23289803e+01
 1.55082858e+01 -2.17520302e+01
 1.64244058e+01 -2.09837610e+01
 1.75049479e+01 -2.00308343e+01
 1.87393459e+01 -1.89082323e+01
 2.01097291e+01 -1.76417986e+01
 2.15898361e+01 -1.62687048e+01
 2.31447037e+01 -1.48359599e+01
 2.47313949e+01 -1.33974905e+01
 2.63010162e+01 -1.20100768e+01
 2.78023463e+01 -1.07285942e+01
 2.91869738e+01 -9.60174133e+00
 3.04146288e+01 -8.66960234e+00
 3.14564946e+01 -7.96323463e+00
 3.22952855e+01 -7.50489161e+00
 3.29233223e+01 -7.30723539e+00
 3.33411233e+01 -7.37154263e+00
 3.35577340e+01 -7.68668197e+00
 3.35917524e+01 -8.23027591e+00
 3.34710108e+01 -8.97125525e+00
 3.32298548e+01 -9.87172777e+00
 3.29052759e+01 -1.08873587e+01
 3.25346230e+01 -1.19677700e+01
 3.21560403e+01 -1.30590146e+01
 3.18095251e+01 -1.41081340e+01
 3.15357827e+01 -1.50674059e+01
 3.13730878e+01 -1.58959331e+01
 3.13550151e+01 -1.65586735e+01
 3.15102961e+01 -1.70251189e+01
 3.18626131e+01 -1.72696677e+01
 3.24278136e+01 -1.72743515e+01
 3.32082857e+01 -1.70340828e+01
 3.41858234e+01 -1.65643323e+01
 3.53164079e+01 -1.59081224e+01
 3.65336365e+01 -1.51344662e+01
 3.77656217e+01 -1.43217976e+01
 3.89589163e+01 -1.35321484e+01
 4.00931613e+01 -1.27935804e+01
 4.11764021e+01 -1.21030113e+01
 4.22281911e+01 -1.14431626e+01
 4.32653247e+01 -1.07979259e+01
 4.42971928e+01 -1.01580061e+01
 4.53275901e+01 -9.51958388e+00
 4.63576670e+01 -8.88148981e+00
 4.73876892e+01 -8.24345182e+00
 4.84177041e+01 -7.60542138e+00
 4.94477169e+01 -6.96739258e+00
 5.04777160e+01 -6.32937227e+00
 5.15076120e+01 -5.69141580e+00
 5.25368947e+01 -5.05383923e+00
 5.35633134e+01 -4.41803680e+00
 5.45792173e+01 -3.78874757e+00
 5.55647314e+01 -3.17828292e+00
 5.64809961e+01 -2.61071403e+00
 5.72726839e+01 -2.12031267e+00
 5.78872595e+01 -1.73962141e+00
 5.78872595e+01 -1.73962141e+00
 5.78872595e+01 -1.73962141e+00
 5.78872595e+01 -1.73962141e+00
 5.78872595e+01 -1.73962141e+00
 5.78872595e+01 -1.73962141e+00
 5.78872595e+01 -1.73962141e+00
 5.78872595e+01 -1.73962141e+00
 5.78872595e+01 -1.73962141e+00
 5.78872595e+01 -1.73962141e+00
 5.78872595e+01 -1.73962141e+00
 5.78872595e+01 -1.73962141e+00
 5.78872595e+01 -1.73962141e+00
 5.78872595e+01 -1.73962141e+00
 5.78872595e+01 -1.73962141e+00
 5.78872595e+01 -1.73962141e+00
 5.78872595e+01 -1.73962141e+00
 5.78872595e+01 -1.73962141e+00
 5.78872595e+01 -1.73962141e+00
 5.78872595e+01 -1.73962141e+00
 5.78872595e+01 -1.73962141e+00
 5.78872595e+01 -1.73962141e+00
 5.78872595e+01 -1.73962141e+00
 5.78872595e+01 -1.73962141e+00
 5.78872595e+01 -1.73962141e+00
 5.78872595e+01 -1.73962141e+00
 5.78872595e+01 -1.73962141e+00
 5.78872595e+01 -1.73962141e+00
 5.78872595e+01 -1.73962141e+00
 5.78872595e+01 -1.73962141e+00
 5.78872595e+01 -1.73962141e+00
 5.78872595e+01 -1.73962141e+00
 5.78872595e+01 -1.73962141e+00
 5.78872595e+01 -1.73962141e+00
 5.78872595e+01 -1.73962141e+00
