 0.00000000e+00 0.00000000e+00
 0.00000000e+00 0.00000000e+00
 0.00000000e+00 0.00000000e+00
 0.00000000e+00 0.00000000e+00
 5.30459596e-02 4.72108389e-02
 1.05961738e-01 9.67637657e-02
 1.49785486e-01 1.36329149e-01
 1.81978538e-01 1.53331200e-01
 2.05245409e-01 1.34853046e-01
 2.20928009e-01 6.42690829e-02
 2.22926339e-01 -8.14821087e-02
 1.96804029e-01 -3.31047804e-01
 1.23773100e-01 -7.14937597e-01
 -1.42443081e-02 -1.26128526e+00
 -2.31713828e-01 -1.99234663e+00
 -5.39017663e-01 -2.92157897e+00
 -9.42734656e-01 -4.05103220e+00
 -1.44531780e+00 -5.36959561e+00
 -2.04412519e+00 -6.85327941e+00
 -2.73065935e+00 -8.46818497e+00
 -3.49086440e+00 -1.01752593e+01
 -4.30654174e+00 -1.19348511e+01
 -5.15722956e+00 -1.37095806e+01
 -6.02193578e+00 -1.54654375e+01
 -6.88041406e+00 -1.71719936e+01
 -7.71377529e+00 -1.88025757e+01
 -8.50454880e+00 -2.03345212e+01
 -9.23675639e+00 -2.17491203e+01
 -9.89634917e+00 -2.30312033e+01
 -1.04716784e+01 -2.41690460e+01
 -1.09536737e+01 -2.51551605e+01
 -1.13362017e+01 -2.59874856e+01
 -1.16172340e+01 -2.66697973e+01
 -1.18000768e+01 -2.72106327e+01
 -1.18925634e+01 -2.76210700e+01
 -1.19034306e+01 -2.79122886e+01
 -1.18384038e+01 -2.80935888e+01
 -1.16992277e+01 -2.81710086e+01
 -1.14853241e+01 -2.81465023e+01
 -1.11949349e+01 -2.80177282e+01
 -1.08243683e+01 -2.77784396e+01
 -1.03669245e+01 -2.74194182e+01
 -9.81297400e+00 -2.69299295e+01
 -9.15074426e+00 -2.62994381e+01
 -8.36673813e+00 -2.55189577e+01
 -7.44567472e+00 -2.45816237e+01
 -6.37073979e+00 -2.34828170e+01
 -5.12494114e+00 -2.22205387e+01
 -3.69394002e+00 -2.07964291e+01
 -2.07027349e+00 -1.92174568e+01
 -2.58260141e-01 -1.74982119e+01
 1.72166156e+00 -1.56635303e+01
 3.83040569e+00 -1.37506273e+01
 6.01048562e+00 -1.18094476e+01
 8.18972912e+00 -9.90009978e+00
 1.02884071e+01 -8.08713562e+00
 1.22285685e+01 -6.43172074e+00
 1.39437607e+01 -4.98389675e+00
 1.53872216e+01 -3.77756735e+00
 1.65364915e+01 -2.82998655e+00
 1.73930335e+01 -2.14542594e+00
 1.79773408e+01 -1.72048575e+00
 1.83213019e+01 -1.54799097e+00
 1.84594569e+01 -1.61826743e+00
 1.84211829e+01 -1.91908446e+00
 1.82267428e+01 -2.43605889e+00
 1.78885941e+01 -3.15348832e+00
 1.74159588e+01 -4.05391408e+00
 1.68194862e+01 -5.11552158e+00
 1.61143811e+01 -6.30908317e+00
 1.53216703e+01 -7.59753643e+00
 1.44675320e+01 -8.93953160e+00
 1.35810372e+01 -1.02949909e+01
 1.26912829e+01 -1.16293519e+01
 1.18249333e+01 -1.29147806e+01
 1.10046557e+01 -1.41290584e+01
 1.02484855e+01 -1.52539001e+01
 9.56996634e+00 -1.62739745e+01
 8.97879405e+00 -1.71768917e+01
 8.48169297e+00 -1.79537880e+01
 8.08347071e+00 -1.85999958e+01
 7.78832369e+00 -1.91152170e+01
 7.60122090e+00 -1.95025627e+01
 7.52870658e+00 -1.97662434e+01
 7.57840666e+00 -1.99085555e+01
 7.75754467e+00 -1.99275956e+01
 8.07188006e+00 -1.98172851e+01
 8.52575363e+00 -1.95700679e+01
 9.12202887e+00 -1.91805580e+01
 9.86045617e+00 -1.86480270e+01
 1.07347985e+01 -1.79775868e+01
 1.17306074e+01 -1.71811423e+01
 1.28252683e+01 -1.62780798e+01
 1.39904653e+01 -1.52945089e+01
 1.51960316e+01 -1.42604542e+01
 1.64139061e+01 -1.32057855e+01
 1.76211270e+01 -1.21564866e+01
 1.88011773e+01 -1.11325036e+01
 1.99437398e+01 -1.01473644e+01
 2.10435072e+01 -9.20906722e+00
 2.20985162e+01 -8.32167348e+00
 2.31081373e+01 -7.48705031e+00
 2.40711536e+01 -6.70618906e+00
 2.49847761e+01 -5.97979694e+00
 2.58450605e+01 -5.30813723e+00
 2.66483568e+01 -4.69013750e+00
 2.73930776e+01 -4.12214144e+00
 2.80811256e+01 -3.59732859e+00
 2.87182196e+01 -3.10671818e+00
 2.93126348e+01 -2.64154601e+00
 2.98730938e+01 -2.19558672e+00
 3.04073841e+01 -1.76571029e+00
 3.09223144e+01 -1.35026855e+00
 3.14240696e+01 -9.46975593e-01
 3.19179922e+01 -5.52318546e-01
 3.24080067e+01 -1.62601770e-01
 3.28964257e+01 2.24881484e-01
 3.33843197e+01 6.11571777e-01
 3.38720759e+01 9.98041511e-01
 3.43598033e+01 1.38446323e+00
 3.48475259e+01 1.77087678e+00
 3.53352479e+01 2.15728919e+00
 3.58229691e+01 2.54370096e+00
 3.63106839e+01 2.93010763e+00
 3.67983499e+01 3.31647563e+00
 3.72857255e+01 3.70261355e+00
 3.77717449e+01 4.08767700e+00
 3.82527855e+01 4.46879583e+00
 3.87194363e+01 4.83851385e+00
 3.91532967e+01 5.18225276e+00
 3.95281687e+01 5.47925640e+00
 3.98191763e+01 5.70981590e+00
 3.98191763e+01 5.70981590e+00
 3.98191763e+01 5.70981590e+00
 3.98191763e+01 5.70981590e+00
 3.98191763e+01 5.70981590e+00
 3.98191763e+01 5.70981590e+00
 3.98191763e+01 5.70981590e+00
 3.98191763e+01 5.70981590e+00
 3.98191763e+01 5.70981590e+00
 3.98191763e+01 5.70981590e+00
 3.98191763e+01 5.70981590e+00
 3.98191763e+01 5.70981590e+00
 3.98191763e+01 5.70981590e+00
 3.98191763e+01 5.70981590e+00
 3.98191763e+01 5.70981590e+00
 3.98191763e+01 5.70981590e+00
 3.98191763e+01 5.70981590e+00
 3.98191763e+01 5.70981590e+00
 3.98191763e+01 5.70981590e+00
 3.98191763e+01 5.70981590e+00
 3.98191763e+01 5.70981590e+00
 3.98191763e+01 5.70981590e+00
 3.98191763e+01 5.70981590e+00
 3.98191763e+01 5.70981590e+00
 3.98191763e+01 5.70981590e+00
 3.98191763e+01 5.70981590e+00
 3.98191763e+01 5.70981590e+00
 3.98191763e+01 5.70981590e+00
 3.98191763e+01 5.70981590e+00
 3.98191763e+01 5.70981590e+00
 3.98191763e+01 5.70981590e+00
 3.98191763e+01 5.70981590e+00
 3.98191763e+01 5.70981590e+00
 3.98191763e+01 5.70981590e+00
 3.98191763e+01 5.70981590e+00
 3.98191763e+01 5.70981590e+00
 3.98191763e+01 5.70981590e+00
 3.98191763e+01 5.70981590e+00
 3.98191763e+01 5.70981590e+00
 3.98191763e+01 5.70981590e+00
 3.98191763e+01 5.70981590e+00
 3.98191763e+01 5.70981590e+00
 3.98191763e+01 5.70981590e+00
 3.98191763e+01 5.70981590e+00
 3.98191763e+01 5.70981590e+00
