 0.00000000e+00 0.00000000e+00
 0.00000000e+00 0.00000000e+00
 0.00000000e+00 0.00000000e+00
 0.00000000e+00 0.00000000e+00
 0.00000000e+00 0.00000000e+00
 0.00000000e+00 0.00000000e+00
 0.00000000e+00 0.00000000e+00
 0.00000000e+00 0.00000000e+00
 0.00000000e+00 0.00000000e+00
 0.00000000e+00 0.00000000e+00
 0.00000000e+00 0.00000000e+00
 0.00000000e+00 0.00000000e+00
 -1.61105726e-03 -2.64669581e-02
 -6.93229657e-03 -8.88386310e-02
 -2.14043012e-02 -2.14901828e-01
 -5.43281761e-02 -4.38129134e-01
 -1.18216288e-01 -7.92064620e-01
 -2.26407214e-01 -1.30481884e+00
 -3.90308046e-01 -1.99519669e+00
 -6.17783238e-01 -2.87036927e+00
 -9.12707648e-01 -3.92445689e+00
 -1.27456349e+00 -5.13795067e+00
 -1.69753285e+00 -6.47879678e+00
 -2.16984537e+00 -7.90617326e+00
 -2.67454685e+00 -9.37679733e+00
 -3.19193969e+00 -1.08517040e+01
 -3.70270256e+00 -1.23007063e+01
 -4.19037192e+00 -1.37031415e+01
 -4.64256641e+00 -1.50456752e+01
 -5.05111208e+00 -1.63189640e+01
 -5.41146330e+00 -1.75147331e+01
 -5.72170210e+00 -1.86241339e+01
 -5.98137175e+00 -1.96374868e+01
 -6.19061486e+00 -2.05449780e+01
 -6.34993714e+00 -2.13378180e+01
 -6.45977353e+00 -2.20093220e+01
 -6.51836496e+00 -2.25552196e+01
 -6.51840174e+00 -2.29728843e+01
 -6.44535012e+00 -2.32598889e+01
 -6.27897527e+00 -2.34123560e+01
 -5.99590434e+00 -2.34232505e+01
 -5.57093638e+00 -2.32811837e+01
 -4.97793688e+00 -2.29709958e+01
 -4.19220757e+00 -2.24767534e+01
 -3.19428077e+00 -2.17860944e+01
 -1.97361830e+00 -2.08941017e+01
 -5.31114822e-01 -1.98056493e+01
 1.11969693e+00 -1.85361375e+01
 2.95249076e+00 -1.71108831e+01
 4.92919936e+00 -1.55634667e+01
 7.00269563e+00 -1.39333978e+01
 9.12078987e+00 -1.22635438e+01
 1.12301942e+01 -1.05977757e+01
 1.32792634e+01 -8.97911358e+00
 1.52196126e+01 -7.44827137e+00
 1.70076032e+01 -6.04211349e+00
 1.86064878e+01 -4.79171410e+00
 1.99892633e+01 -3.72063766e+00
 2.11413924e+01 -2.84482976e+00
 2.20617346e+01 -2.17487788e+00
 2.27601944e+01 -1.71945945e+00
 2.32523849e+01 -1.48739100e+00
 2.35539313e+01 -1.48666185e+00
 2.36776342e+01 -1.72151732e+00
 2.36343996e+01 -2.19020967e+00
 2.34353187e+01 -2.88484176e+00
 2.30916184e+01 -3.79221105e+00
 2.26129333e+01 -4.89345398e+00
 2.20076528e+01 -6.16191615e+00
 2.12869305e+01 -7.56140099e+00
 2.04692745e+01 -9.04757627e+00
 1.95818415e+01 -1.05728109e+01
 1.86578913e+01 -1.20917194e+01
 1.77327374e+01 -1.35644364e+01
 1.68404401e+01 -1.49570636e+01
 1.60116787e+01 -1.62409411e+01
 1.52720932e+01 -1.73925072e+01
 1.46408594e+01 -1.83942542e+01
 1.41301550e+01 -1.92360619e+01
 1.37460893e+01 -1.99156906e+01
 1.34909611e+01 -2.04375673e+01
 1.33663546e+01 -2.08098671e+01
 1.33764062e+01 -2.10407711e+01
 1.35301584e+01 -2.11353606e+01
 1.38419290e+01 -2.10944429e+01
 1.43296377e+01 -2.09154050e+01
 1.50120201e+01 -2.05939733e+01
 1.59055277e+01 -2.01259160e+01
 1.70211309e+01 -1.95086816e+01
 1.83613280e+01 -1.87432528e+01
 1.99180986e+01 -1.78361245e+01
 2.16723781e+01 -1.68009091e+01
 2.35949801e+01 -1.56587615e+01
 2.56484342e+01 -1.44369691e+01
 2.77892333e+01 -1.31659200e+01
 2.99704971e+01 -1.18755938e+01
 3.21458052e+01 -1.05927631e+01
 3.42750058e+01 -9.33897620e+00
 3.63312928e+01 -8.12841768e+00
 3.83063999e+01 -6.96573526e+00
 4.02099888e+01 -5.84583791e+00
 4.20624171e+01 -4.75720769e+00
 4.38850116e+01 -3.68723733e+00
 4.56934592e+01 -2.62631919e+00
 4.74964750e+01 -1.56895255e+00
 4.92978097e+01 -5.12707201e-01
 5.10987270e+01 5.43254599e-01
 5.28995614e+01 1.59915922e+00
 5.47003827e+01 2.65505467e+00
 5.65012022e+01 3.71094885e+00
 5.83020191e+01 4.76684147e+00
 6.01028122e+01 5.82272016e+00
 6.19034251e+01 6.87849317e+00
 6.37029658e+01 7.93363750e+00
 6.54974990e+01 8.98584575e+00
 6.72736490e+01 1.00272751e+01
 6.89966670e+01 1.10375511e+01
 7.05986132e+01 1.19768377e+01
 7.19827562e+01 1.27884174e+01
 7.30572459e+01 1.34184346e+01
 7.30572459e+01 1.34184346e+01
 7.30572459e+01 1.34184346e+01
 7.30572459e+01 1.34184346e+01
 7.30572459e+01 1.34184346e+01
 7.30572459e+01 1.34184346e+01
 7.30572459e+01 1.34184346e+01
 7.30572459e+01 1.34184346e+01
 7.30572459e+01 1.34184346e+01
 7.30572459e+01 1.34184346e+01
 7.30572459e+01 1.34184346e+01
 7.30572459e+01 1.34184346e+01
 7.30572459e+01 1.34184346e+01
 7.30572459e+01 1.34184346e+01
 7.30572459e+01 1.34184346e+01
 7.30572459e+01 1.34184346e+01
 7.30572459e+01 1.34184346e+01
 7.30572459e+01 1.34184346e+01
 7.30572459e+01 1.34184346e+01
 7.30572459e+01 1.34184346e+01
 7.30572459e+01 1.34184346e+01
 7.30572459e+01 1.34184346e+01
 7.30572459e+01 1.34184346e+01
 7.30572459e+01 1.34184346e+01
 7.30572459e+01 1.34184346e+01
 7.30572459e+01 1.34184346e+01
 7.30572459e+01 1.34184346e+01
 7.30572459e+01 1.34184346e+01
 7.30572459e+01 1.34184346e+01
 7.30572459e+01 1.34184346e+01
 7.30572459e+01 1.34184346e+01
 7.30572459e+01 1.34184346e+01
 7.30572459e+01 1.34184346e+01
 7.30572459e+01 1.34184346e+01
 7.30572459e+01 1.34184346e+01
 7.30572459e+01 1.34184346e+01
 7.30572459e+01 1.34184346e+01
 7.30572459e+01 1.34184346e+01
 7.30572459e+01 1.34184346e+01
 7.30572459e+01 1.34184346e+01
 7.30572459e+01 1.34184346e+01
 7.30572459e+01 1.34184346e+01
 7.30572459e+01 1.34184346e+01
 7.30572459e+01 1.34184346e+01
 7.30572459e+01 1.34184346e+01
 7.30572459e+01 1.34184346e+01
 7.30572459e+01 1.34184346e+01
 7.30572459e+01 1.34184346e+01
 7.30572459e+01 1.34184346e+01
 7.30572459e+01 1.34184346e+01
 7.30572459e+01 1.34184346e+01
 7.30572459e+01 1.34184346e+01
 7.30572459e+01 1.34184346e+01
 7.30572459e+01 1.34184346e+01
 7.30572459e+01 1.34184346e+01
 7.30572459e+01 1.34184346e+01
 7.30572459e+01 1.34184346e+01
