 0.00000000e+00 0.00000000e+00
 0.00000000e+00 0.00000000e+00
 0.00000000e+00 0.00000000e+00
 0.00000000e+00 0.00000000e+00
 0.00000000e+00 0.00000000e+00
 0.00000000e+00 0.00000000e+00
 0.00000000e+00 0.00000000e+00
 0.00000000e+00 0.00000000e+00
 1.18817900e-01 -1.66677298e-01
 2.58006387e-01 -4.51520845e-01
 3.94361288e-01 -8.94592494e-01
 5.02470244e-01 -1.53142806e+00
 5.59156385e-01 -2.38784093e+00
 5.43303095e-01 -3.47634302e+00
 4.35594533e-01 -4.79445205e+00
 2.21609129e-01 -6.32454047e+00
 -1.04352241e-01 -8.03507354e+00
 -5.38785222e-01 -9.88377312e+00
 -1.07166664e+00 -1.18230066e+01
 -1.68945685e+00 -1.38062182e+01
 -2.37698160e+00 -1.57931014e+01
 -3.11841811e+00 -1.77518383e+01
 -3.89767484e+00 -1.96585346e+01
 -4.69822016e+00 -2.14953105e+01
 -5.50266286e+00 -2.32483490e+01
 -6.29261055e+00 -2.49061319e+01
 -7.04899015e+00 -2.64576227e+01
 -7.75253998e+00 -2.78907400e+01
 -8.38437478e+00 -2.91919780e+01
 -8.92704484e+00 -3.03476982e+01
 -9.36649861e+00 -3.13467655e+01
 -9.69476159e+00 -3.21833698e+01
 -9.91212028e+00 -3.28585204e+01
 -1.00267304e+01 -3.33794102e+01
 -1.00507632e+01 -3.37572013e+01
 -9.99553040e+00 -3.40044088e+01
 -9.86923672e+00 -3.41325948e+01
 -9.67772949e+00 -3.41504927e+01
 -9.42541025e+00 -3.40627108e+01
 -9.11455376e+00 -3.38693778e+01
 -8.74399345e+00 -3.35668815e+01
 -8.30855257e+00 -3.31493853e+01
 -7.79940067e+00 -3.26106264e+01
 -7.20500327e+00 -3.19455746e+01
 -6.51248559e+00 -3.11515616e+01
 -5.70902438e+00 -3.02286268e+01
 -4.78279020e+00 -2.91792958e+01
 -3.72374525e+00 -2.80084714e+01
 -2.52513129e+00 -2.67240690e+01
 -1.18560164e+00 -2.53384278e+01
 2.88933616e-01 -2.38699758e+01
 1.88401549e+00 -2.23445254e+01
 3.57530608e+00 -2.07957075e+01
 5.32739041e+00 -1.92641850e+01
 7.09421460e+00 -1.77954422e+01
 8.82248103e+00 -1.64361897e+01
 1.04576465e+01 -1.52300045e+01
 1.19506539e+01 -1.42136277e+01
 1.32632164e+01 -1.34151453e+01
 1.43703167e+01 -1.28536959e+01
 1.52601073e+01 -1.25393144e+01
 1.59325831e+01 -1.24724812e+01
 1.63980548e+01 -1.26442889e+01
 1.66749685e+01 -1.30378922e+01
 1.67862621e+01 -1.36307405e+01
 1.67551496e+01 -1.43965627e+01
 1.66025389e+01 -1.53064117e+01
 1.63470092e+01 -1.63289434e+01
 1.60061442e+01 -1.74309719e+01
 1.55977104e+01 -1.85792360e+01
 1.51401876e+01 -1.97429375e+01
 1.46527811e+01 -2.08952979e+01
 1.41550870e+01 -2.20128376e+01
 1.36664532e+01 -2.30731888e+01
 1.32049949e+01 -2.40538000e+01
 1.27863785e+01 -2.49332094e+01
 1.24228085e+01 -2.56942814e+01
 1.21228604e+01 -2.63269521e+01
 1.18925460e+01 -2.68284363e+01
 1.17371342e+01 -2.72011586e+01
 1.16625593e+01 -2.74503040e+01
 1.16757782e+01 -2.75822342e+01
 1.17846629e+01 -2.76034992e+01
 1.19982940e+01 -2.75197415e+01
 1.23274985e+01 -2.73344704e+01
 1.27845579e+01 -2.70483708e+01
 1.33814849e+01 -2.66597126e+01
 1.41277091e+01 -2.61657227e+01
 1.50286731e+01 -2.55643384e+01
 1.60857398e+01 -2.48558753e+01
 1.72963579e+01 -2.40442310e+01
 1.86536740e+01 -2.31371641e+01
 2.01460923e+01 -2.21455820e+01
 2.17574173e+01 -2.10826370e+01
 2.34671797e+01 -1.99636972e+01
 2.52504203e+01 -1.88072943e+01
 2.70771243e+01 -1.76358380e+01
 2.89127196e+01 -1.64744982e+01
 3.07214907e+01 -1.53474569e+01
 3.24734033e+01 -1.42722665e+01
 3.41517702e+01 -1.32548582e+01
 3.57570207e+01 -1.22885765e+01
 3.73035438e+01 -1.13586231e+01
 3.88114546e+01 -1.04492353e+01
 4.02985524e+01 -9.54895730e+00
 4.17764765e+01 -8.65174123e+00
 4.32511077e+01 -7.75525910e+00
 4.47247805e+01 -6.85888064e+00
 4.61982281e+01 -5.96250064e+00
 4.76716332e+01 -5.06611561e+00
 4.91450319e+01 -4.16972914e+00
 5.06184296e+01 -3.27334252e+00
 5.20918252e+01 -2.37695709e+00
 5.35652014e+01 -1.48058349e+00
 5.50384302e+01 -5.84299585e-01
 5.65107816e+01 3.11450598e-01
 5.79790361e+01 1.20470824e+00
 5.94322496e+01 2.08881529e+00
 6.08419917e+01 2.94647514e+00
 6.21526749e+01 3.74386946e+00
 6.32851556e+01 4.43284883e+00
 6.41642835e+01 4.96769325e+00
 6.41642835e+01 4.96769325e+00
 6.41642835e+01 4.96769325e+00
 6.41642835e+01 4.96769325e+00
 6.41642835e+01 4.96769325e+00
 6.41642835e+01 4.96769325e+00
 6.41642835e+01 4.96769325e+00
 6.41642835e+01 4.96769325e+00
 6.41642835e+01 4.96769325e+00
 6.41642835e+01 4.96769325e+00
 6.41642835e+01 4.96769325e+00
 6.41642835e+01 4.96769325e+00
 6.41642835e+01 4.96769325e+00
 6.41642835e+01 4.96769325e+00
 6.41642835e+01 4.96769325e+00
 6.41642835e+01 4.96769325e+00
 6.41642835e+01 4.96769325e+00
 6.41642835e+01 4.96769325e+00
 6.41642835e+01 4.96769325e+00
 6.41642835e+01 4.96769325e+00
 6.41642835e+01 4.96769325e+00
 6.41642835e+01 4.96769325e+00
 6.41642835e+01 4.96769325e+00
 6.41642835e+01 4.96769325e+00
 6.41642835e+01 4.96769325e+00
 6.41642835e+01 4.96769325e+00
 6.41642835e+01 4.96769325e+00
 6.41642835e+01 4.96769325e+00
 6.41642835e+01 4.96769325e+00
 6.41642835e+01 4.96769325e+00
 6.41642835e+01 4.96769325e+00
 6.41642835e+01 4.96769325e+00
 6.41642835e+01 4.96769325e+00
 6.41642835e+01 4.96769325e+00
 6.41642835e+01 4.96769325e+00
 6.41642835e+01 4.96769325e+00
 6.41642835e+01 4.96769325e+00
 6.41642835e+01 4.96769325e+00
 6.41642835e+01 4.96769325e+00
 6.41642835e+01 4.96769325e+00
 6.41642835e+01 4.96769325e+00
 6.41642835e+01 4.96769325e+00
 6.41642835e+01 4.96769325e+00
 6.41642835e+01 4.96769325e+00
 6.41642835e+01 4.96769325e+00
 6.41642835e+01 4.96769325e+00
 6.41642835e+01 4.96769325e+00
 6.41642835e+01 4.96769325e+00
 6.41642835e+01 4.96769325e+00
 6.41642835e+01 4.96769325e+00
 6.41642835e+01 4.96769325e+00
 6.41642835e+01 4.96769325e+00
 6.41642835e+01 4.96769325e+00
 6.41642835e+01 4.96769325e+00
 6.41642835e+01 4.96769325e+00
