 0.00000000e+00 0.00000000e+00
 0.00000000e+00 0.00000000e+00
 0.00000000e+00 0.00000000e+00
 0.00000000e+00 0.00000000e+00
 8.17367994e-02 8.91893591e-02
 1.78184598e-01 1.94282611e-01
 2.75995264e-01 2.99839178e-01
 3.62771731e-01 3.88858289e-01
 4.29990596e-01 4.45037200e-01
 4.71015440e-01 4.50968447e-01
 4.76862650e-01 3.84106432e-01
 4.33681793e-01 2.14395055e-01
 3.23542230e-01 -9.38563186e-02
 1.27168259e-01 -5.77131534e-01
 -1.73854158e-01 -1.26804891e+00
 -5.96397177e-01 -2.19197489e+00
 -1.15524803e+00 -3.36389066e+00
 -1.86113036e+00 -4.78517288e+00
 -2.71773648e+00 -6.44153403e+00
 -3.71934640e+00 -8.30354145e+00
 -4.84988884e+00 -1.03299134e+01
 -6.08352557e+00 -1.24722786e+01
 -7.38657816e+00 -1.46794696e+01
 -8.72003893e+00 -1.69002325e+01
 -1.00416595e+01 -1.90845152e+01
 -1.13077327e+01 -2.11840977e+01
 -1.24757975e+01 -2.31534079e+01
 -1.35087548e+01 -2.49513240e+01
 -1.43792165e+01 -2.65441871e+01
 -1.50723406e+01 -2.79092396e+01
 -1.55861937e+01 -2.90371214e+01
 -1.59299226e+01 -2.99322507e+01
 -1.61208687e+01 -3.06106802e+01
 -1.61814861e+01 -3.10959570e+01
 -1.61358375e+01 -3.14140532e+01
 -1.60052526e+01 -3.15882906e+01
 -1.58040885e+01 -3.16351659e+01
 -1.55375496e+01 -3.15624751e+01
 -1.52025563e+01 -3.13707259e+01
 -1.47907644e+01 -3.10566904e+01
 -1.42920202e+01 -3.06164283e+01
 -1.36969570e+01 -3.00463772e+01
 -1.29981022e+01 -2.93433590e+01
 -1.21895111e+01 -2.85047474e+01
 -1.12656910e+01 -2.75288985e+01
 -1.02207881e+01 -2.64152883e+01
 -9.04848108e+00 -2.51643187e+01
 -7.74271933e+00 -2.37775999e+01
 -6.29968445e+00 -2.22597275e+01
 -4.72111876e+00 -2.06217466e+01
 -3.01820600e+00 -1.88851577e+01
 -1.21466861e+00 -1.70845122e+01
 6.51941780e-01 -1.52670390e+01
 2.53141853e+00 -1.34890315e+01
 4.36491522e+00 -1.18098934e+01
 6.09151597e+00 -1.02851726e+01
 7.65620845e+00 -8.96008400e+00
 9.01746286e+00 -7.86526301e+00
 1.01523398e+01 -7.01589006e+00
 1.10575186e+01 -6.41366345e+00
 1.17462042e+01 -6.04998637e+00
 1.22427699e+01 -5.90920398e+00
 1.25776157e+01 -5.97173546e+00
 1.27831804e+01 -6.21728009e+00
 1.28897674e+01 -6.62781995e+00
 1.29199343e+01 -7.18935409e+00
 1.28835267e+01 -7.89123317e+00
 1.27777197e+01 -8.72343600e+00
 1.25932798e+01 -9.67385464e+00
 1.23225819e+01 -1.07275047e+01
 1.19638381e+01 -1.18677259e+01
 1.15205073e+01 -1.30779520e+01
 1.09989903e+01 -1.43426307e+01
 1.04075687e+01 -1.56467831e+01
 9.75709652e+00 -1.69745437e+01
 9.06242310e+00 -1.83074933e+01
 8.34348917e+00 -1.96236255e+01
 7.62542270e+00 -2.08974169e+01
 6.93722775e+00 -2.21010893e+01
 6.30914297e+00 -2.32069512e+01
 5.76947747e+00 -2.41902586e+01
 5.34197744e+00 -2.50315416e+01
 5.04430344e+00 -2.57176037e+01
 4.88779425e+00 -2.62412296e+01
 4.87858474e+00 -2.66000945e+01
 5.01973554e+00 -2.67952332e+01
 5.31352731e+00 -2.68291912e+01
 5.76312521e+00 -2.67042293e+01
 6.37318505e+00 -2.64214978e+01
 7.14926798e+00 -2.59817469e+01
 8.09629748e+00 -2.53867940e+01
 9.21654008e+00 -2.46404886e+01
 1.05074477e+01 -2.37489936e+01
 1.19596859e+01 -2.27211761e+01
 1.35559769e+01 -2.15695905e+01
 1.52710946e+01 -2.03116839e+01
 1.70725604e+01 -1.89703919e+01
 1.89219516e+01 -1.75735050e+01
 2.07780977e+01 -1.61516849e+01
 2.26032556e+01 -1.47351453e+01
 2.43708583e+01 -1.33489967e+01
 2.60710091e+01 -1.20082095e+01
 2.77101724e+01 -1.07148508e+01
 2.93048648e+01 -9.46013161e+00
 3.08731430e+01 -8.23053200e+00
 3.24286520e+01 -7.01401562e+00
 3.39791587e+01 -5.80294892e+00
 3.55280860e+01 -4.59369157e+00
 3.70766134e+01 -3.38491135e+00
 3.86250602e+01 -2.17623074e+00
 4.01734939e+01 -9.67566540e-01
 4.17219259e+01 2.41095394e-01
 4.32703556e+01 1.44975547e+00
 4.48187648e+01 2.65839958e+00
 4.63670191e+01 3.86692274e+00
 4.79143514e+01 5.07472624e+00
 4.94573781e+01 6.27916888e+00
 5.09845979e+01 7.47127313e+00
 5.24661324e+01 8.62771672e+00
 5.38435633e+01 9.70290005e+00
 5.50337166e+01 1.06318998e+01
 5.59576149e+01 1.13530685e+01
 5.59576149e+01 1.13530685e+01
 5.59576149e+01 1.13530685e+01
 5.59576149e+01 1.13530685e+01
 5.59576149e+01 1.13530685e+01
 5.59576149e+01 1.13530685e+01
 5.59576149e+01 1.13530685e+01
 5.59576149e+01 1.13530685e+01
 5.59576149e+01 1.13530685e+01
 5.59576149e+01 1.13530685e+01
 5.59576149e+01 1.13530685e+01
 5.59576149e+01 1.13530685e+01
 5.59576149e+01 1.13530685e+01
 5.59576149e+01 1.13530685e+01
 5.59576149e+01 1.13530685e+01
 5.59576149e+01 1.13530685e+01
 5.59576149e+01 1.13530685e+01
 5.59576149e+01 1.13530685e+01
 5.59576149e+01 1.13530685e+01
 5.59576149e+01 1.13530685e+01
 5.59576149e+01 1.13530685e+01
 5.59576149e+01 1.13530685e+01
 5.59576149e+01 1.13530685e+01
 5.59576149e+01 1.13530685e+01
 5.59576149e+01 1.13530685e+01
 5.59576149e+01 1.13530685e+01
 5.59576149e+01 1.13530685e+01
 5.59576149e+01 1.13530685e+01
 5.59576149e+01 1.13530685e+01
 5.59576149e+01 1.13530685e+01
 5.59576149e+01 1.13530685e+01
 5.59576149e+01 1.13530685e+01
 5.59576149e+01 1.13530685e+01
 5.59576149e+01 1.13530685e+01
 5.59576149e+01 1.13530685e+01
 5.59576149e+01 1.13530685e+01
 5.59576149e+01 1.13530685e+01
 5.59576149e+01 1.13530685e+01
 5.59576149e+01 1.13530685e+01
 5.59576149e+01 1.13530685e+01
 5.59576149e+01 1.13530685e+01
 5.59576149e+01 1.13530685e+01
 5.59576149e+01 1.13530685e+01
 5.59576149e+01 1.13530685e+01
 5.59576149e+01 1.13530685e+01
 5.59576149e+01 1.13530685e+01
 5.59576149e+01 1.13530685e+01
 5.59576149e+01 1.13530685e+01
 5.59576149e+01 1.13530685e+01
 5.59576149e+01 1.13530685e+01
 5.59576149e+01 1.13530685e+01
 5.59576149e+01 1.13530685e+01
 5.59576149e+01 1.13530685e+01
 5.59576149e+01 1.13530685e+01
 5.59576149e+01 1.13530685e+01
