 0.00000000e+00 0.00000000e+00
 0.00000000e+00 0.00000000e+00
 0.00000000e+00 0.00000000e+00
 0.00000000e+00 0.00000000e+00
 1.09411801e-01 9.48843264e-02
 2.26814767e-01 2.01301926e-01
 3.28598622e-01 2.98515318e-01
 3.97165111e-01 3.64743770e-01
 4.25378440e-01 3.79473192e-01
 4.12309538e-01 3.20743883e-01
 3.56894465e-01 1.62240110e-01
 2.55542663e-01 -1.25185368e-01
 1.03335660e-01 -5.68484541e-01
 -1.04466157e-01 -1.18817999e+00
 -3.71823026e-01 -1.99675583e+00
 -7.01442521e-01 -2.99789351e+00
 -1.09402082e+00 -4.18486968e+00
 -1.54770563e+00 -5.53905614e+00
 -2.05841279e+00 -7.03082900e+00
 -2.62110829e+00 -8.62380481e+00
 -3.23144413e+00 -1.02807214e+01
 -3.88681220e+00 -1.19681385e+01
 -4.58630923e+00 -1.36584958e+01
 -5.32987245e+00 -1.53302401e+01
 -6.11727425e+00 -1.69673823e+01
 -6.94734286e+00 -1.85587171e+01
 -7.81691357e+00 -2.00959732e+01
 -8.71875379e+00 -2.15708344e+01
 -9.63889712e+00 -2.29721015e+01
 -1.05552657e+01 -2.42844107e+01
 -1.14391587e+01 -2.54889496e+01
 -1.22592177e+01 -2.65658187e+01
 -1.29859136e+01 -2.74973372e+01
 -1.35948002e+01 -2.82712046e+01
 -1.40680653e+01 -2.88821900e+01
 -1.43948149e+01 -2.93315888e+01
 -1.45705837e+01 -2.96249908e+01
 -1.45962375e+01 -2.97698588e+01
 -1.44761427e+01 -2.97739669e+01
 -1.42155852e+01 -2.96443241e+01
 -1.38179858e+01 -2.93856529e+01
 -1.32829386e+01 -2.89987137e+01
 -1.26058931e+01 -2.84799924e+01
 -1.17794084e+01 -2.78235144e+01
 -1.07949459e+01 -2.70236687e+01
 -9.64406482e+00 -2.60772103e+01
 -8.31881026e+00 -2.49836270e+01
 -6.81207200e+00 -2.37446353e+01
 -5.11899521e+00 -2.23643646e+01
 -3.24020947e+00 -2.08512654e+01
 -1.18673075e+00 -1.92213188e+01
 1.01509612e+00 -1.75009273e+01
 3.32112937e+00 -1.57279626e+01
 5.67090498e+00 -1.39505533e+01
 7.99242497e+00 -1.22239866e+01
 1.02088163e+01 -1.06060000e+01
 1.22462226e+01 -9.15078931e+00
 1.40425033e+01 -7.90306212e+00
 1.55548635e+01 -6.89435163e+00
 1.67635615e+01 -6.14285521e+00
 1.76704736e+01 -5.65568692e+00
 1.82940779e+01 -5.43112802e+00
 1.86632252e+01 -5.45976832e+00
 1.88108609e+01 -5.72567349e+00
 1.87683572e+01 -6.20889258e+00
 1.85617218e+01 -6.88846494e+00
 1.82105439e+01 -7.74354275e+00
 1.77292747e+01 -8.75166265e+00
 1.71299773e+01 -9.88626996e+00
 1.64254962e+01 -1.11167163e+01
 1.56315019e+01 -1.24115979e+01
 1.47662927e+01 -1.37431423e+01
 1.38488887e+01 -1.50897556e+01
 1.28972606e+01 -1.64357624e+01
 1.19281816e+01 -1.77692573e+01
 1.09585578e+01 -1.90794019e+01
 1.00069921e+01 -2.03541040e+01
 9.09469398e+00 -2.15787038e+01
 8.24549891e+00 -2.27359828e+01
 7.48488637e+00 -2.38072412e+01
 6.83816052e+00 -2.47737457e+01
 6.32853124e+00 -2.56179116e+01
 5.97584442e+00 -2.63240819e+01
 5.79613435e+00 -2.68792423e+01
 5.80169207e+00 -2.72738092e+01
 6.00117449e+00 -2.75017206e+01
 6.39947055e+00 -2.75590330e+01
 6.99757129e+00 -2.74420487e+01
 7.79288897e+00 -2.71471663e+01
 8.77997275e+00 -2.66727279e+01
 9.95107584e+00 -2.60208243e+01
 1.12959867e+01 -2.51977917e+01
 1.28007733e+01 -2.42142564e+01
 1.44457438e+01 -2.30858022e+01
 1.62037109e+01 -2.18340266e+01
 1.80395793e+01 -2.04869250e+01
 1.99113999e+01 -1.90778704e+01
 2.17724899e+01 -1.76434516e+01
 2.35743607e+01 -1.62210987e+01
 2.52706036e+01 -1.48469370e+01
 2.68223579e+01 -1.35529355e+01
 2.82060204e+01 -1.23619197e+01
 2.94218291e+01 -1.12810101e+01
 3.04977819e+01 -1.02976457e+01
 3.14821970e+01 -9.38333931e+00
 3.24256417e+01 -8.50524055e+00
 3.33634595e+01 -7.63831180e+00
 3.43103356e+01 -6.77023332e+00
 3.52668531e+01 -5.89829978e+00
 3.62289499e+01 -5.02372758e+00
 3.71932997e+01 -4.14801490e+00
 3.81583258e+01 -3.27194734e+00
 3.91235065e+01 -2.39579690e+00
 4.00887144e+01 -1.51963167e+00
 4.10539258e+01 -6.43464502e-01
 4.20191363e+01 2.32701690e-01
 4.29843342e+01 1.10885634e+00
 4.39494354e+01 1.98492332e+00
 4.49139619e+01 2.86046861e+00
 4.58758046e+01 3.73357758e+00
 4.68277940e+01 4.59774237e+00
 4.77513056e+01 5.43605650e+00
 4.86099244e+01 6.21546449e+00
 4.93518041e+01 6.88890297e+00
 4.99277143e+01 7.41168323e+00
 4.99277143e+01 7.41168323e+00
 4.99277143e+01 7.41168323e+00
 4.99277143e+01 7.41168323e+00
 4.99277143e+01 7.41168323e+00
 4.99277143e+01 7.41168323e+00
 4.99277143e+01 7.41168323e+00
 4.99277143e+01 7.41168323e+00
 4.99277143e+01 7.41168323e+00
 4.99277143e+01 7.41168323e+00
 4.99277143e+01 7.41168323e+00
 4.99277143e+01 7.41168323e+00
 4.99277143e+01 7.41168323e+00
 4.99277143e+01 7.41168323e+00
 4.99277143e+01 7.41168323e+00
 4.99277143e+01 7.41168323e+00
 4.99277143e+01 7.41168323e+00
 4.99277143e+01 7.41168323e+00
 4.99277143e+01 7.41168323e+00
 4.99277143e+01 7.41168323e+00
 4.99277143e+01 7.41168323e+00
 4.99277143e+01 7.41168323e+00
 4.99277143e+01 7.41168323e+00
 4.99277143e+01 7.41168323e+00
 4.99277143e+01 7.41168323e+00
 4.99277143e+01 7.41168323e+00
 4.99277143e+01 7.41168323e+00
 4.99277143e+01 7.41168323e+00
 4.99277143e+01 7.41168323e+00
 4.99277143e+01 7.41168323e+00
 4.99277143e+01 7.41168323e+00
 4.99277143e+01 7.41168323e+00
 4.99277143e+01 7.41168323e+00
 4.99277143e+01 7.41168323e+00
 4.99277143e+01 7.41168323e+00
 4.99277143e+01 7.41168323e+00
 4.99277143e+01 7.41168323e+00
 4.99277143e+01 7.41168323e+00
 4.99277143e+01 7.41168323e+00
 4.99277143e+01 7.41168323e+00
 4.99277143e+01 7.41168323e+00
 4.99277143e+01 7.41168323e+00
 4.99277143e+01 7.41168323e+00
 4.99277143e+01 7.41168323e+00
 4.99277143e+01 7.41168323e+00
 4.99277143e+01 7.41168323e+00
 4.99277143e+01 7.41168323e+00
 4.99277143e+01 7.41168323e+00
 4.99277143e+01 7.41168323e+00
 4.99277143e+01 7.41168323e+00
 4.99277143e+01 7.41168323e+00
 4.99277143e+01 7.41168323e+00
