 0.00000000e+00 0.00000000e+00
 0.00000000e+00 0.00000000e+00
 0.00000000e+00 0.00000000e+00
 0.00000000e+00 0.00000000e+00
 0.00000000e+00 0.00000000e+00
 0.00000000e+00 0.00000000e+00
 0.00000000e+00 0.00000000e+00
 0.00000000e+00 0.00000000e+00
 0.00000000e+00 0.00000000e+00
 0.00000000e+00 0.00000000e+00
 -1.09821669e-01 -1.38846442e-01
 -2.54872766e-01 -3.48855311e-01
 -4.28665620e-01 -6.47912867e-01
 -6.26900213e-01 -1.05779307e+00
 -8.53367821e-01 -1.60339729e+00
 -1.12100762e+00 -2.30902490e+00
 -1.44802564e+00 -3.19370278e+00
 -1.85215809e+00 -4.26740364e+00
 -2.34636913e+00 -5.52892253e+00
 -2.93724811e+00 -6.96570790e+00
 -3.62535243e+00 -8.55559880e+00
 -4.40611873e+00 -1.02697047e+01
 -5.27055611e+00 -1.20753121e+01
 -6.20576046e+00 -1.39382114e+01
 -7.19557834e+00 -1.58245204e+01
 -8.22148092e+00 -1.77021866e+01
 -9.26334977e+00 -1.95419300e+01
 -1.02998732e+01 -2.13171221e+01
 -1.13086201e+01 -2.30025875e+01
 -1.22661821e+01 -2.45732651e+01
 -1.31487767e+01 -2.60040447e+01
 -1.39334756e+01 -2.72714670e+01
 -1.45998498e+01 -2.83567118e+01
 -1.51315516e+01 -2.92481831e+01
 -1.55174297e+01 -2.99420238e+01
 -1.57517664e+01 -3.04403962e+01
 -1.58331320e+01 -3.07490201e+01
 -1.57623079e+01 -3.08755949e+01
 -1.55411370e+01 -3.08294070e+01
 -1.51732522e+01 -3.06211342e+01
 -1.46650129e+01 -3.02618129e+01
 -1.40247150e+01 -2.97609912e+01
 -1.32604225e+01 -2.91251400e+01
 -1.23779354e+01 -2.83573457e+01
 -1.13795341e+01 -2.74582608e+01
 -1.02633057e+01 -2.64273559e+01
 -9.02292003e+00 -2.52635576e+01
 -7.64823427e+00 -2.39652243e+01
 -6.12758967e+00 -2.25304710e+01
 -4.45238853e+00 -2.09593152e+01
 -2.62325705e+00 -1.92582863e+01
 -6.55773514e-01 -1.74461023e+01
 1.41645148e+00 -1.55574019e+01
 3.54243943e+00 -1.36421367e+01
 5.65790383e+00 -1.17606772e+01
 7.69173478e+00 -9.97667472e+00
 9.57405084e+00 -8.34985039e+00
 1.12448746e+01 -6.92994055e+00
 1.26618876e+01 -5.75249580e+00
 1.38050980e+01 -4.83740642e+00
 1.46765608e+01 -4.19076769e+00
 1.52951828e+01 -3.80915257e+00
 1.56890664e+01 -3.68386325e+00
 1.58886364e+01 -3.80340704e+00
 1.59223481e+01 -4.15463510e+00
 1.58145990e+01 -4.72376493e+00
 1.55846006e+01 -5.49707674e+00
 1.52460261e+01 -6.45988866e+00
 1.48084454e+01 -7.59353669e+00
 1.42807239e+01 -8.87241200e+00
 1.36745426e+01 -1.02638552e+01
 1.30058115e+01 -1.17316881e+01
 1.22936025e+01 -1.32411419e+01
 1.15581099e+01 -1.47619168e+01
 1.08192625e+01 -1.62681024e+01
 1.00964792e+01 -1.77363609e+01
 9.40902713e+00 -1.91444115e+01
 8.77618850e+00 -2.04706567e+01
 8.21682840e+00 -2.16947161e+01
 7.74850543e+00 -2.27983605e+01
 7.38663688e+00 -2.37664233e+01
 7.14429877e+00 -2.45873831e+01
 7.03274921e+00 -2.52533244e+01
 7.06196642e+00 -2.57589807e+01
 7.24055378e+00 -2.61000201e+01
 7.57542858e+00 -2.62715142e+01
 8.07204977e+00 -2.62676251e+01
 8.73487887e+00 -2.60825982e+01
 9.56707953e+00 -2.57122740e+01
 1.05692325e+01 -2.51554837e+01
 1.17377837e+01 -2.44153259e+01
 1.30639239e+01 -2.35004245e+01
 1.45330912e+01 -2.24257776e+01
 1.61249254e+01 -2.12125751e+01
 1.78134749e+01 -1.98868454e+01
 1.95677933e+01 -1.84775322e+01
 2.13534326e+01 -1.70148137e+01
 2.31353181e+01 -1.55289162e+01
 2.48822130e+01 -1.40486831e+01
 2.65722317e+01 -1.25986582e+01
 2.81973132e+01 -1.11945904e+01
 2.97636004e+01 -9.83986816e+00
 3.12865443e+01 -8.52640665e+00
 3.27833811e+01 -7.24037949e+00
 3.42674147e+01 -5.96890374e+00
 3.57463643e+01 -4.70357552e+00
 3.72236890e+01 -3.44031033e+00
 3.87005979e+01 -2.17759352e+00
 4.01774220e+01 -9.14991867e-01
 4.16542324e+01 3.47590719e-01
 4.31310408e+01 1.61017069e+00
 4.46078471e+01 2.87274868e+00
 4.60846339e+01 4.13531001e+00
 4.75612729e+01 5.39774498e+00
 4.90370326e+01 6.65942819e+00
 5.05086857e+01 7.91760061e+00
 5.19652632e+01 9.16288423e+00
 5.33782686e+01 1.03709164e+01
 5.46919858e+01 1.14940633e+01
 5.58270879e+01 1.24645054e+01
 5.67082508e+01 1.32178452e+01
 5.67082508e+01 1.32178452e+01
 5.67082508e+01 1.32178452e+01
 5.67082508e+01 1.32178452e+01
 5.67082508e+01 1.32178452e+01
 5.67082508e+01 1.32178452e+01
 5.67082508e+01 1.32178452e+01
 5.67082508e+01 1.32178452e+01
 5.67082508e+01 1.32178452e+01
 5.67082508e+01 1.32178452e+01
 5.67082508e+01 1.32178452e+01
 5.67082508e+01 1.32178452e+01
 5.67082508e+01 1.32178452e+01
 5.67082508e+01 1.32178452e+01
 5.67082508e+01 1.32178452e+01
 5.67082508e+01 1.32178452e+01
 5.67082508e+01 1.32178452e+01
 5.67082508e+01 1.32178452e+01
 5.67082508e+01 1.32178452e+01
 5.67082508e+01 1.32178452e+01
 5.67082508e+01 1.32178452e+01
 5.67082508e+01 1.32178452e+01
 5.67082508e+01 1.32178452e+01
 5.67082508e+01 1.32178452e+01
 5.67082508e+01 1.32178452e+01
 5.67082508e+01 1.32178452e+01
 5.67082508e+01 1.32178452e+01
 5.67082508e+01 1.32178452e+01
 5.67082508e+01 1.32178452e+01
 5.67082508e+01 1.32178452e+01
 5.67082508e+01 1.32178452e+01
 5.67082508e+01 1.32178452e+01
 5.67082508e+01 1.32178452e+01
 5.67082508e+01 1.32178452e+01
 5.67082508e+01 1.32178452e+01
 5.67082508e+01 1.32178452e+01
 5.67082508e+01 1.32178452e+01
 5.67082508e+01 1.32178452e+01
 5.67082508e+01 1.32178452e+01
 5.67082508e+01 1.32178452e+01
 5.67082508e+01 1.32178452e+01
 5.67082508e+01 1.32178452e+01
 5.67082508e+01 1.32178452e+01
 5.67082508e+01 1.32178452e+01
 5.67082508e+01 1.32178452e+01
 5.67082508e+01 1.32178452e+01
 5.67082508e+01 1.32178452e+01
 5.67082508e+01 1.32178452e+01
 5.67082508e+01 1.32178452e+01
 5.67082508e+01 1.32178452e+01
 5.67082508e+01 1.32178452e+01
 5.67082508e+01 1.32178452e+01
 5.67082508e+01 1.32178452e+01
 5.67082508e+01 1.32178452e+01
 5.67082508e+01 1.32178452e+01
 5.67082508e+01 1.32178452e+01
