 0.00000000e+00 0.00000000e+00
 0.00000000e+00 0.00000000e+00
 0.00000000e+00 0.00000000e+00
 0.00000000e+00 0.00000000e+00
 0.00000000e+00 0.00000000e+00
 0.00000000e+00 0.00000000e+00
 0.00000000e+00 0.00000000e+00
 0.00000000e+00 0.00000000e+00
 0.00000000e+00 0.00000000e+00
 6.76851117e-02 2.58688207e-02
 1.32204513e-01 3.03799312e-02
 1.77896636e-01 -1.85198122e-02
 1.93751034e-01 -1.61765954e-01
 1.72641339e-01 -4.44619527e-01
 1.07353361e-01 -9.10635355e-01
 -1.11839482e-02 -1.59533258e+00
 -1.92421907e-01 -2.52130203e+00
 -4.43787638e-01 -3.69534916e+00
 -7.68800874e-01 -5.10698451e+00
 -1.16572946e+00 -6.72782255e+00
 -1.62695058e+00 -8.51272904e+00
 -2.13953911e+00 -1.04041386e+01
 -2.68722440e+00 -1.23395758e+01
 -3.25305974e+00 -1.42599187e+01
 -3.82152927e+00 -1.61150550e+01
 -4.37915549e+00 -1.78655051e+01
 -4.91392495e+00 -1.94812860e+01
 -5.41468770e+00 -2.09401788e+01
 -5.87123943e+00 -2.22265731e+01
 -6.27473524e+00 -2.33308689e+01
 -6.61762572e+00 -2.42489855e+01
 -6.89299497e+00 -2.49815947e+01
 -7.09417808e+00 -2.55329651e+01
 -7.21522596e+00 -2.59096370e+01
 -7.25138513e+00 -2.61191705e+01
 -7.19865762e+00 -2.61689586e+01
 -7.05306388e+00 -2.60652347e+01
 -6.81074332e+00 -2.58128280e+01
 -6.46869443e+00 -2.54158047e+01
 -6.02506891e+00 -2.48780854e+01
 -5.47847698e+00 -2.42032385e+01
 -4.82656778e+00 -2.33939012e+01
 -4.06455098e+00 -2.24516718e+01
 -3.18438925e+00 -2.13774020e+01
 -2.17504898e+00 -2.01712729e+01
 -1.02365350e+00 -1.88327330e+01
 2.82763066e-01 -1.73612368e+01
 1.75482526e+00 -1.57585532e+01
 3.39743965e+00 -1.40323823e+01
 5.20572869e+00 -1.22001404e+01
 7.16134006e+00 -1.02916001e+01
 9.23047709e+00 -8.34938999e+00
 1.13644943e+01 -6.42680475e+00
 1.35031464e+01 -4.58292132e+00
 1.55802099e+01 -2.87589076e+00
 1.75309470e+01 -1.35617912e+00
 1.93000457e+01 -6.16357783e-02
 2.08477298e+01 9.84664811e-01
 2.21521747e+01 1.77395668e+00
 2.32082589e+01 2.30936015e+00
 2.40243044e+01 2.60225530e+00
 2.46184153e+01 2.66814326e+00
 2.50147444e+01 2.52277628e+00
 2.52390356e+01 2.17965400e+00
 2.53134283e+01 1.64973130e+00
 2.52523435e+01 9.42952100e-01
 2.50618928e+01 7.02417907e-02
 2.47430995e+01 -9.55136232e-01
 2.42964745e+01 -2.11711131e+00
 2.37252708e+01 -3.39700912e+00
 2.30367071e+01 -4.77417957e+00
 2.22421398e+01 -6.22678965e+00
 2.13573234e+01 -7.73239644e+00
 2.04029220e+01 -9.26797542e+00
 1.94045518e+01 -1.08094400e+01
 1.83918440e+01 -1.23310138e+01
 1.73968753e+01 -1.38049277e+01
 1.64525724e+01 -1.52018763e+01
 1.55912048e+01 -1.64924686e+01
 1.48426961e+01 -1.76495308e+01
 1.42327434e+01 -1.86506206e+01
 1.37813506e+01 -1.94796538e+01
 1.35025554e+01 -2.01267383e+01
 1.34054432e+01 -2.05863983e+01
 1.34957235e+01 -2.08554133e+01
 1.37770739e+01 -2.09314268e+01
 1.42519159e+01 -2.08125858e+01
 1.49215905e+01 -2.04978199e+01
 1.57859586e+01 -1.99874252e+01
 1.68424550e+01 -1.92840595e+01
 1.80847240e+01 -1.83943934e+01
 1.95010713e+01 -1.73311610e+01
 2.10729365e+01 -1.61148589e+01
 2.27736348e+01 -1.47744517e+01
 2.45678976e+01 -1.33468078e+01
 2.64126885e+01 -1.18748108e+01
 2.82592063e+01 -1.04044412e+01
 3.00556794e+01 -8.98154192e+00
 3.17508129e+01 -7.64887655e+00
 3.32979022e+01 -6.44351725e+00
 3.46593192e+01 -5.39434363e+00
 3.58105546e+01 -4.51986493e+00
 3.67426610e+01 -3.82723241e+00
 3.74623919e+01 -3.31326331e+00
 3.79905541e+01 -2.96704611e+00
 3.83596124e+01 -2.77243152e+00
 3.86104127e+01 -2.70930828e+00
 3.87868794e+01 -2.75443051e+00
 3.89292741e+01 -2.88306957e+00
 3.90693835e+01 -3.07125504e+00
 3.92302378e+01 -3.29701466e+00
 3.94289133e+01 -3.53952258e+00
 3.96791426e+01 -3.77681641e+00
 3.99925606e+01 -3.98407048e+00
 4.03793521e+01 -4.13417912e+00
 4.08483837e+01 -4.20076410e+00
 4.14059391e+01 -4.16215235e+00
 4.20530213e+01 -4.00484394e+00
 4.27825706e+01 -3.72618774e+00
 4.35780781e+01 -3.33661943e+00
 4.44146043e+01 -2.86068337e+00
 4.52631240e+01 -2.33414556e+00
 4.60980306e+01 -1.79510742e+00
 4.69045595e+01 -1.27206504e+00
 4.76811908e+01 -7.76611470e-01
 4.84354537e+01 -3.05714931e-01
 4.91769881e+01 1.49834255e-01
 4.99128925e+01 5.98178116e-01
 5.06468465e+01 1.04392085e+00
 5.13802698e+01 1.48893469e+00
 5.21135799e+01 1.93378935e+00
 5.28468709e+01 2.37861687e+00
 5.35801594e+01 2.82344073e+00
 5.43134466e+01 3.26826361e+00
 5.50467241e+01 3.71308059e+00
 5.57799282e+01 4.15785305e+00
 5.65126957e+01 4.60236066e+00
 5.72434242e+01 5.04563137e+00
 5.79666671e+01 5.48436119e+00
 5.86682748e+01 5.90996682e+00
 5.93205824e+01 6.30566626e+00
 5.98842013e+01 6.64756580e+00
 6.03217302e+01 6.91297732e+00
 6.03217302e+01 6.91297732e+00
 6.03217302e+01 6.91297732e+00
 6.03217302e+01 6.91297732e+00
 6.03217302e+01 6.91297732e+00
 6.03217302e+01 6.91297732e+00
 6.03217302e+01 6.91297732e+00
 6.03217302e+01 6.91297732e+00
 6.03217302e+01 6.91297732e+00
 6.03217302e+01 6.91297732e+00
 6.03217302e+01 6.91297732e+00
 6.03217302e+01 6.91297732e+00
 6.03217302e+01 6.91297732e+00
 6.03217302e+01 6.91297732e+00
 6.03217302e+01 6.91297732e+00
 6.03217302e+01 6.91297732e+00
 6.03217302e+01 6.91297732e+00
 6.03217302e+01 6.91297732e+00
 6.03217302e+01 6.91297732e+00
 6.03217302e+01 6.91297732e+00
 6.03217302e+01 6.91297732e+00
 6.03217302e+01 6.91297732e+00
 6.03217302e+01 6.91297732e+00
 6.03217302e+01 6.91297732e+00
 6.03217302e+01 6.91297732e+00
 6.03217302e+01 6.91297732e+00
 6.03217302e+01 6.91297732e+00
 6.03217302e+01 6.91297732e+00
 6.03217302e+01 6.91297732e+00
 6.03217302e+01 6.91297732e+00
 6.03217302e+01 6.91297732e+00
 6.03217302e+01 6.91297732e+00
 6.03217302e+01 6.91297732e+00
 6.03217302e+01 6.91297732e+00
