 0.00000000e+00 0.00000000e+00
 0.00000000e+00 0.00000000e+00
 0.00000000e+00 0.00000000e+00
 0.00000000e+00 0.00000000e+00
 2.07898762e-01 1.55165071e-01
 4.48967912e-01 3.53383043e-01
 6.90465160e-01 5.79237377e-01
 9.05071790e-01 8.16182789e-01
 1.07844799e+00 1.05178323e+00
 1.20686004e+00 1.27849051e+00
 1.29003018e+00 1.49224794e+00
 1.32458284e+00 1.69151216e+00
 1.30124086e+00 1.87693458e+00
 1.20676767e+00 2.05059262e+00
 1.02830408e+00 2.21435362e+00
 7.55958914e-01 2.36822578e+00
 3.82285300e-01 2.50974728e+00
 -9.89304166e-02 2.63452942e+00
 -6.92202320e-01 2.73718558e+00
 -1.39859867e+00 2.81180853e+00
 -2.21448731e+00 2.85175913e+00
 -3.13173147e+00 2.84927014e+00
 -4.13921499e+00 2.79559631e+00
 -5.22512362e+00 2.68184783e+00
 -6.37911214e+00 2.49987621e+00
 -7.59346131e+00 2.24261310e+00
 -8.86304859e+00 1.90396533e+00
 -1.01846667e+01 1.47876483e+00
 -1.15560447e+01 9.63093990e-01
 -1.29745707e+01 3.54926008e-01
 -1.44359035e+01 -3.45406671e-01
 -1.59328112e+01 -1.13547030e+00
 -1.74543695e+01 -2.01158950e+00
 -1.89856370e+01 -2.96947663e+00
 -2.05079838e+01 -4.00402552e+00
 -2.19998800e+01 -5.10854284e+00
 -2.34375756e+01 -6.27419838e+00
 -2.47954948e+01 -7.49012845e+00
 -2.60469397e+01 -8.74386846e+00
 -2.71656789e+01 -1.00215029e+01
 -2.81280644e+01 -1.13074854e+01
 -2.89147231e+01 -1.25848045e+01
 -2.95113501e+01 -1.38360251e+01
 -2.99089871e+01 -1.50448066e+01
 -3.01044526e+01 -1.61969759e+01
 -3.01010857e+01 -1.72807508e+01
 -2.99091173e+01 -1.82864698e+01
 -2.95447564e+01 -1.92062516e+01
 -2.90281151e+01 -2.00335667e+01
 -2.83811188e+01 -2.07625120e+01
 -2.76260161e+01 -2.13868983e+01
 -2.67839954e+01 -2.18996837e+01
 -2.58735625e+01 -2.22932387e+01
 -2.49091835e+01 -2.25602773e+01
 -2.39006611e+01 -2.26947031e+01
 -2.28529847e+01 -2.26918141e+01
 -2.17660926e+01 -2.25480254e+01
 -2.06344321e+01 -2.22606079e+01
 -1.94468896e+01 -2.18277062e+01
 -1.81879804e+01 -2.12486067e+01
 -1.68408119e+01 -2.05242138e+01
 -1.53914760e+01 -1.96577544e+01
 -1.38337383e+01 -1.86556101e+01
 -1.21726632e+01 -1.75279871e+01
 -1.04264131e+01 -1.62892136e+01
 -8.62643146e+00 -1.49577428e+01
 -6.81651394e+00 -1.35559483e+01
 -5.05066189e+00 -1.21093855e+01
 -3.38920596e+00 -1.06450796e+01
 -1.89330861e+00 -9.18916971e+00
 -6.18921464e-01 -7.76515235e+00
 3.88477551e-01 -6.39372462e+00
 1.09742803e+00 -5.09384261e+00
 1.49161870e+00 -3.88364631e+00
 1.56822987e+00 -2.78050050e+00
 1.33438506e+00 -1.80073498e+00
 8.03951698e-01 -9.59982434e-01
 -3.74113463e-03 -2.73943939e-01
 -1.06380175e+00 2.41608270e-01
 -2.34575237e+00 5.72410014e-01
 -3.81441072e+00 7.08333140e-01
 -5.43165258e+00 6.45716498e-01
 -7.15835582e+00 3.88423271e-01
 -8.95558449e+00 -5.24886279e-02
 -1.07848260e+01 -6.60023763e-01
 -1.26081502e+01 -1.41289156e+00
 -1.43891396e+01 -2.28716556e+00
 -1.60943750e+01 -3.25771450e+00
 -1.76944733e+01 -4.29928305e+00
 -1.91639784e+01 -5.38739038e+00
 -2.04803307e+01 -6.49931099e+00
 -2.16227402e+01 -7.61492465e+00
 -2.25718688e+01 -8.71679887e+00
 -2.33113214e+01 -9.78944851e+00
 -2.38320524e+01 -1.08188891e+01
 -2.41399351e+01 -1.17938661e+01
 -2.42637931e+01 -1.27088162e+01
 -2.42570958e+01 -1.35666147e+01
 -2.41866435e+01 -1.43783817e+01
 -2.41109430e+01 -1.51594818e+01
 -2.40624951e+01 -1.59240748e+01
 -2.40464857e+01 -1.66816846e+01
 -2.40531937e+01 -1.74370665e+01
 -2.40712523e+01 -1.81919571e+01
 -2.40935727e+01 -1.89467943e+01
 -2.41171198e+01 -1.97016395e+01
 -2.41409400e+01 -2.04564900e+01
 -2.41648075e+01 -2.12113417e+01
 -2.41886812e+01 -2.19661936e+01
 -2.42125557e+01 -2.27210445e+01
 -2.42364298e+01 -2.34758854e+01
 -2.42603016e+01 -2.42306508e+01
 -2.42841591e+01 -2.49849668e+01
 -2.43079503e+01 -2.57371837e+01
 -2.43314977e+01 -2.64816949e+01
 -2.43543408e+01 -2.72039348e+01
 -2.43755787e+01 -2.78754248e+01
 -2.43939291e+01 -2.84556179e+01
 -2.44081742e+01 -2.89060132e+01
 -2.44081742e+01 -2.89060132e+01
 -2.44081742e+01 -2.89060132e+01
 -2.44081742e+01 -2.89060132e+01
 -2.44081742e+01 -2.89060132e+01
 -2.44081742e+01 -2.89060132e+01
 -2.44081742e+01 -2.89060132e+01
 -2.44081742e+01 -2.89060132e+01
 -2.44081742e+01 -2.89060132e+01
 -2.44081742e+01 -2.89060132e+01
 -2.44081742e+01 -2.89060132e+01
 -2.44081742e+01 -2.89060132e+01
 -2.44081742e+01 -2.89060132e+01
 -2.44081742e+01 -2.89060132e+01
 -2.44081742e+01 -2.89060132e+01
 -2.44081742e+01 -2.89060132e+01
 -2.44081742e+01 -2.89060132e+01
 -2.44081742e+01 -2.89060132e+01
 -2.44081742e+01 -2.89060132e+01
 -2.44081742e+01 -2.89060132e+01
 -2.44081742e+01 -2.89060132e+01
 -2.44081742e+01 -2.89060132e+01
 -2.44081742e+01 -2.89060132e+01
 -2.44081742e+01 -2.89060132e+01
 -2.44081742e+01 -2.89060132e+01
 -2.44081742e+01 -2.89060132e+01
 -2.44081742e+01 -2.89060132e+01
 -2.44081742e+01 -2.89060132e+01
 -2.44081742e+01 -2.89060132e+01
 -2.44081742e+01 -2.89060132e+01
 -2.44081742e+01 -2.89060132e+01
 -2.44081742e+01 -2.89060132e+01
 -2.44081742e+01 -2.89060132e+01
 -2.44081742e+01 -2.89060132e+01
 -2.44081742e+01 -2.89060132e+01
 -2.44081742e+01 -2.89060132e+01
 -2.44081742e+01 -2.89060132e+01
 -2.44081742e+01 -2.89060132e+01
 -2.44081742e+01 -2.89060132e+01
 -2.44081742e+01 -2.89060132e+01
 -2.44081742e+01 -2.89060132e+01
 -2.44081742e+01 -2.89060132e+01
 -2.44081742e+01 -2.89060132e+01
 -2.44081742e+01 -2.89060132e+01
 -2.44081742e+01 -2.89060132e+01
 -2.44081742e+01 -2.89060132e+01
 -2.44081742e+01 -2.89060132e+01
 -2.44081742e+01 -2.89060132e+01
 -2.44081742e+01 -2.89060132e+01
 -2.44081742e+01 -2.89060132e+01
 -2.44081742e+01 -2.89060132e+01
 -2.44081742e+01 -2.89060132e+01
 -2.44081742e+01 -2.89060132e+01
 -2.44081742e+01 -2.89060132e+01
 -2.44081742e+01 -2.89060132e+01
 -2.44081742e+01 -2.89060132e+01
 -2.44081742e+01 -2.89060132e+01
 -2.44081742e+01 -2.89060132e+01
 -2.44081742e+01 -2.89060132e+01
 -2.44081742e+01 -2.89060132e+01
 -2.44081742e+01 -2.89060132e+01
 -2.44081742e+01 -2.89060132e+01
 -2.44081742e+01 -2.89060132e+01
 -2.44081742e+01 -2.89060132e+01
 -2.44081742e+01 -2.89060132e+01
