 0.00000000e+00 0.00000000e+00
 0.00000000e+00 0.00000000e+00
 0.00000000e+00 0.00000000e+00
 0.00000000e+00 0.00000000e+00
 0.00000000e+00 0.00000000e+00
 0.00000000e+00 0.00000000e+00
 0.00000000e+00 0.00000000e+00
 0.00000000e+00 0.00000000e+00
 0.00000000e+00 0.00000000e+00
 0.00000000e+00 0.00000000e+00
 0.00000000e+00 0.00000000e+00
 -1.38251323e-01 7.74153417e-02
 -3.55759061e-01 1.75731597e-01
 -6.61612685e-01 2.85520967e-01
 -1.05888288e+00 3.95230519e-01
 -1.54920653e+00 4.93946018e-01
 -2.13484062e+00 5.72688483e-01
 -2.81712932e+00 6.24702769e-01
 -3.59416877e+00 6.45037766e-01
 -4.46018413e+00 6.29771932e-01
 -5.40658307e+00 5.75981477e-01
 -6.42322567e+00 4.82953248e-01
 -7.49914199e+00 3.53221890e-01
 -8.62311262e+00 1.91803380e-01
 -9.78467739e+00 4.09877106e-03
 -1.09754848e+01 -2.05864077e-01
 -1.21903725e+01 -4.36282013e-01
 -1.34277279e+01 -6.88109529e-01
 -1.46894200e+01 -9.65611497e-01
 -1.59809571e+01 -1.27660790e+00
 -1.73118310e+01 -1.63193286e+00
 -1.86951758e+01 -2.04393596e+00
 -2.01460495e+01 -2.52445661e+00
 -2.16784003e+01 -3.08315161e+00
 -2.33013082e+01 -3.72669086e+00
 -2.50153514e+01 -4.45846888e+00
 -2.68098882e+01 -5.27814510e+00
 -2.86615350e+01 -6.18088664e+00
 -3.05338501e+01 -7.15698174e+00
 -3.23786366e+01 -8.19252175e+00
 -3.41395547e+01 -9.27096860e+00
 -3.57579792e+01 -1.03747337e+01
 -3.71797503e+01 -1.14861242e+01
 -3.83608086e+01 -1.25876044e+01
 -3.92702137e+01 -1.36617227e+01
 -3.98902750e+01 -1.46912438e+01
 -4.02146023e+01 -1.56597940e+01
 -4.02451921e+01 -1.65526541e+01
 -3.99892964e+01 -1.73569714e+01
 -3.94564996e+01 -1.80612072e+01
 -3.86566667e+01 -1.86545265e+01
 -3.75996328e+01 -1.91270017e+01
 -3.62968652e+01 -1.94707387e+01
 -3.47640979e+01 -1.96811466e+01
 -3.30233236e+01 -1.97574939e+01
 -3.11032783e+01 -1.97026519e+01
 -2.90389059e+01 -1.95226607e+01
 -2.68707243e+01 -1.92267104e+01
 -2.46442325e+01 -1.88275484e+01
 -2.24086798e+01 -1.83418259e+01
 -2.02145500e+01 -1.77897118e+01
 -1.81099238e+01 -1.71933579e+01
 -1.61368316e+01 -1.65746392e+01
 -1.43286088e+01 -1.59532703e+01
 -1.27075701e+01 -1.53458552e+01
 -1.12809599e+01 -1.47651552e+01
 -1.00352413e+01 -1.42186335e+01
 -8.93378045e+00 -1.37068244e+01
 -7.92441685e+00 -1.32235160e+01
 -6.95614044e+00 -1.27588168e+01
 -5.99439879e+00 -1.23034478e+01
 -5.02494994e+00 -1.18514231e+01
 -4.04697933e+00 -1.14000779e+01
 -3.06405950e+00 -1.09486786e+01
 -2.07914442e+00 -1.04971752e+01
 -1.09363214e+00 -1.00456269e+01
 -1.07983792e-01 -9.59406636e+00
 8.77688429e-01 -9.14250350e+00
 1.86336379e+00 -8.69094034e+00
 2.84903814e+00 -8.23937776e+00
 3.83469953e+00 -7.78782113e+00
 4.82026228e+00 -7.33630969e+00
 5.80523814e+00 -6.88506711e+00
 6.78747318e+00 -6.43508018e+00
 7.75964614e+00 -5.98970294e+00
 8.70273748e+00 -5.55764874e+00
 9.57956026e+00 -5.15595385e+00
 1.03371689e+01 -4.80887402e+00
 1.09252891e+01 -4.53944112e+00
 1.09252891e+01 -4.53944112e+00
 1.09252891e+01 -4.53944112e+00
 1.09252891e+01 -4.53944112e+00
 1.09252891e+01 -4.53944112e+00
 1.09252891e+01 -4.53944112e+00
 1.09252891e+01 -4.53944112e+00
 1.09252891e+01 -4.53944112e+00
 1.09252891e+01 -4.53944112e+00
 1.09252891e+01 -4.53944112e+00
 1.09252891e+01 -4.53944112e+00
 1.09252891e+01 -4.53944112e+00
 1.09252891e+01 -4.53944112e+00
 1.09252891e+01 -4.53944112e+00
 1.09252891e+01 -4.53944112e+00
 1.09252891e+01 -4.53944112e+00
 1.09252891e+01 -4.53944112e+00
 1.09252891e+01 -4.53944112e+00
 1.09252891e+01 -4.53944112e+00
 1.09252891e+01 -4.53944112e+00
 1.09252891e+01 -4.53944112e+00
 1.09252891e+01 -4.53944112e+00
 1.09252891e+01 -4.53944112e+00
 1.09252891e+01 -4.53944112e+00
 1.09252891e+01 -4.53944112e+00
 1.09252891e+01 -4.53944112e+00
 1.09252891e+01 -4.53944112e+00
 1.09252891e+01 -4.53944112e+00
 1.09252891e+01 -4.53944112e+00
 1.09252891e+01 -4.53944112e+00
 1.09252891e+01 -4.53944112e+00
 1.09252891e+01 -4.53944112e+00
 1.09252891e+01 -4.53944112e+00
 1.09252891e+01 -4.53944112e+00
 1.09252891e+01 -4.53944112e+00
 1.09252891e+01 -4.53944112e+00
 1.09252891e+01 -4.53944112e+00
 1.09252891e+01 -4.53944112e+00
 1.09252891e+01 -4.53944112e+00
 1.09252891e+01 -4.53944112e+00
 1.09252891e+01 -4.53944112e+00
 1.09252891e+01 -4.53944112e+00
