 0.00000000e+00 0.00000000e+00
 0.00000000e+00 0.00000000e+00
 0.00000000e+00 0.00000000e+00
 0.00000000e+00 0.00000000e+00
 0.00000000e+00 0.00000000e+00
 0.00000000e+00 0.00000000e+00
 0.00000000e+00 0.00000000e+00
 0.00000000e+00 0.00000000e+00
 0.00000000e+00 0.00000000e+00
 -5.95902842e-02 2.29106482e-01
 -1.69853286e-01 5.23977581e-01
 -3.45267275e-01 8.64187156e-01
 -5.91727130e-01 1.22808597e+00
 -9.07267991e-01 1.60032201e+00
 -1.28733837e+00 1.97269394e+00
 -1.72966222e+00 2.34098687e+00
 -2.23539890e+00 2.70158765e+00
 -2.80745384e+00 3.04967001e+00
 -3.44855425e+00 3.37897008e+00
 -4.16053996e+00 3.68237648e+00
 -4.94466868e+00 3.95242684e+00
 -5.80211619e+00 4.18119440e+00
 -6.73409285e+00 4.35965521e+00
 -7.74160804e+00 4.47704816e+00
 -8.82547450e+00 4.52078262e+00
 -9.98698365e+00 4.47707941e+00
 -1.12287285e+01 4.33195638e+00
 -1.25544867e+01 4.07198978e+00
 -1.39677270e+01 3.68484346e+00
 -1.54693173e+01 3.16009512e+00
 -1.70553624e+01 2.49052509e+00
 -1.87158071e+01 1.67334096e+00
 -2.04339892e+01 7.10845814e-01
 -2.21870560e+01 -3.89374991e-01
 -2.39471349e+01 -1.61447022e+00
 -2.56829604e+01 -2.94657935e+00
 -2.73612856e+01 -4.36358199e+00
 -2.89477167e+01 -5.84037487e+00
 -3.04075824e+01 -7.35042011e+00
 -3.17076932e+01 -8.86726492e+00
 -3.28188624e+01 -1.03658422e+01
 -3.37180968e+01 -1.18235017e+01
 -3.43894679e+01 -1.32208142e+01
 -3.48237113e+01 -1.45421560e+01
 -3.50177921e+01 -1.57759618e+01
 -3.49757091e+01 -1.69144215e+01
 -3.47098634e+01 -1.79524032e+01
 -3.42403404e+01 -1.88857016e+01
 -3.35907809e+01 -1.97091698e+01
 -3.27831214e+01 -2.04154979e+01
 -3.18345293e+01 -2.09951238e+01
 -3.07572711e+01 -2.14370948e+01
 -2.95599405e+01 -2.17301831e+01
 -2.82488391e+01 -2.18639168e+01
 -2.68296521e+01 -2.18299804e+01
 -2.53097526e+01 -2.16242887e+01
 -2.37005096e+01 -2.12489949e+01
 -2.20182222e+01 -2.07133390e+01
 -2.02828926e+01 -2.00328833e+01
 -1.85157958e+01 -1.92273796e+01
 -1.67378966e+01 -1.83180413e+01
 -1.49701739e+01 -1.73253740e+01
 -1.32349048e+01 -1.62682898e+01
 -1.15561995e+01 -1.51640586e+01
 -9.95926293e+00 -1.40281336e+01
 -8.46945831e+00 -1.28736696e+01
 -7.11233438e+00 -1.17114236e+01
 -5.91430903e+00 -1.05504922e+01
 -4.90258538e+00 -9.39949771e+00
 -4.10334615e+00 -8.26748928e+00
 -3.53865916e+00 -7.16415099e+00
 -3.22360701e+00 -6.09948571e+00
 -3.16512907e+00 -5.08359530e+00
 -3.36270974e+00 -4.12706734e+00
 -3.80949711e+00 -3.24182435e+00
 -4.49256800e+00 -2.44184225e+00
 -5.39277755e+00 -1.74329644e+00
 -6.48565123e+00 -1.16403189e+00
 -7.74383587e+00 -7.22516001e-01
 -9.13995297e+00 -4.36586291e-01
 -1.06482229e+01 -3.22007209e-01
 -1.22444024e+01 -3.90459995e-01
 -1.39048950e+01 -6.47232372e-01
 -1.56058983e+01 -1.08991239e+00
 -1.73227124e+01 -1.70873931e+00
 -1.90290973e+01 -2.48751771e+00
 -2.06968767e+01 -3.40399511e+00
 -2.22961532e+01 -4.43030519e+00
 -2.37963315e+01 -5.53460188e+00
 -2.51677959e+01 -6.68362175e+00
 -2.63838361e+01 -7.84484957e+00
 -2.74224643e+01 -8.98758075e+00
 -2.82681230e+01 -1.00835214e+01
 -2.89140146e+01 -1.11083779e+01
 -2.93663706e+01 -1.20455280e+01
 -2.96502344e+01 -1.28910162e+01
 -2.98116592e+01 -1.36565095e+01
 -2.99093039e+01 -1.43661842e+01
 -2.99960525e+01 -1.50473752e+01
 -3.01027375e+01 -1.57206628e+01
 -3.02359174e+01 -1.63959041e+01
 -3.03882693e+01 -1.70749368e+01
 -3.05503515e+01 -1.77564364e+01
 -3.07161201e+01 -1.84389839e+01
 -3.08829558e+01 -1.91218546e+01
 -3.10500297e+01 -1.98048005e+01
 -3.12171451e+01 -2.04877598e+01
 -3.13842659e+01 -2.11707208e+01
 -3.15513871e+01 -2.18536812e+01
 -3.17185062e+01 -2.25366325e+01
 -3.18856085e+01 -2.32195155e+01
 -3.20526113e+01 -2.39019918e+01
 -3.22191495e+01 -2.45825690e+01
 -3.23839816e+01 -2.52561744e+01
 -3.25438829e+01 -2.59096295e+01
 -3.26925483e+01 -2.65171681e+01
 -3.28210010e+01 -2.70421047e+01
 -3.29207169e+01 -2.74496052e+01
 -3.29207169e+01 -2.74496052e+01
 -3.29207169e+01 -2.74496052e+01
 -3.29207169e+01 -2.74496052e+01
 -3.29207169e+01 -2.74496052e+01
 -3.29207169e+01 -2.74496052e+01
 -3.29207169e+01 -2.74496052e+01
 -3.29207169e+01 -2.74496052e+01
 -3.29207169e+01 -2.74496052e+01
 -3.29207169e+01 -2.74496052e+01
 -3.29207169e+01 -2.74496052e+01
 -3.29207169e+01 -2.74496052e+01
 -3.29207169e+01 -2.74496052e+01
 -3.29207169e+01 -2.74496052e+01
 -3.29207169e+01 -2.74496052e+01
 -3.29207169e+01 -2.74496052e+01
 -3.29207169e+01 -2.74496052e+01
 -3.29207169e+01 -2.74496052e+01
 -3.29207169e+01 -2.74496052e+01
 -3.29207169e+01 -2.74496052e+01
 -3.29207169e+01 -2.74496052e+01
 -3.29207169e+01 -2.74496052e+01
 -3.29207169e+01 -2.74496052e+01
 -3.29207169e+01 -2.74496052e+01
 -3.29207169e+01 -2.74496052e+01
 -3.29207169e+01 -2.74496052e+01
 -3.29207169e+01 -2.74496052e+01
 -3.29207169e+01 -2.74496052e+01
 -3.29207169e+01 -2.74496052e+01
 -3.29207169e+01 -2.74496052e+01
 -3.29207169e+01 -2.74496052e+01
 -3.29207169e+01 -2.74496052e+01
 -3.29207169e+01 -2.74496052e+01
 -3.29207169e+01 -2.74496052e+01
 -3.29207169e+01 -2.74496052e+01
 -3.29207169e+01 -2.74496052e+01
 -3.29207169e+01 -2.74496052e+01
 -3.29207169e+01 -2.74496052e+01
 -3.29207169e+01 -2.74496052e+01
 -3.29207169e+01 -2.74496052e+01
 -3.29207169e+01 -2.74496052e+01
 -3.29207169e+01 -2.74496052e+01
 -3.29207169e+01 -2.74496052e+01
 -3.29207169e+01 -2.74496052e+01
 -3.29207169e+01 -2.74496052e+01
 -3.29207169e+01 -2.74496052e+01
 -3.29207169e+01 -2.74496052e+01
 -3.29207169e+01 -2.74496052e+01
 -3.29207169e+01 -2.74496052e+01
 -3.29207169e+01 -2.74496052e+01
 -3.29207169e+01 -2.74496052e+01
 -3.29207169e+01 -2.74496052e+01
 -3.29207169e+01 -2.74496052e+01
 -3.29207169e+01 -2.74496052e+01
 -3.29207169e+01 -2.74496052e+01
 -3.29207169e+01 -2.74496052e+01
 -3.29207169e+01 -2.74496052e+01
 -3.29207169e+01 -2.74496052e+01
 -3.29207169e+01 -2.74496052e+01
 -3.29207169e+01 -2.74496052e+01
 -3.29207169e+01 -2.74496052e+01
 -3.29207169e+01 -2.74496052e+01
 -3.29207169e+01 -2.74496052e+01
 -3.29207169e+01 -2.74496052e+01
 -3.29207169e+01 -2.74496052e+01
 -3.29207169e+01 -2.74496052e+01
