 0.00000000e+00 0.00000000e+00
 0.00000000e+00 0.00000000e+00
 0.00000000e+00 0.00000000e+00
 0.00000000e+00 0.00000000e+00
 0.00000000e+00 0.00000000e+00
 0.00000000e+00 0.00000000e+00
 0.00000000e+00 0.00000000e+00
 0.00000000e+00 0.00000000e+00
 0.00000000e+00 0.00000000e+00
 0.00000000e+00 0.00000000e+00
 0.00000000e+00 0.00000000e+00
 0.00000000e+00 0.00000000e+00
 0.00000000e+00 0.00000000e+00
 -2.49461973e-01 1.90397497e-01
 -5.89408147e-01 4.32476892e-01
 -1.00854285e+00 7.05926336e-01
 -1.49191757e+00 9.87632831e-01
 -2.02958913e+00 1.25765094e+00
 -2.61934301e+00 1.50028521e+00
 -3.26432086e+00 1.70281923e+00
 -3.96922690e+00 1.85472897e+00
 -4.73772205e+00 1.94767298e+00
 -5.57155245e+00 1.97499110e+00
 -6.47054388e+00 1.93035891e+00
 -7.43235115e+00 1.80701809e+00
 -8.45178872e+00 1.59882929e+00
 -9.52050620e+00 1.30222911e+00
 -1.06276922e+01 9.17090957e-01
 -1.17618205e+01 4.45893011e-01
 -1.29127857e+01 -1.07704593e-01
 -1.40733826e+01 -7.39793317e-01
 -1.52395314e+01 -1.44667124e+00
 -1.64096894e+01 -2.22540686e+00
 -1.75840319e+01 -3.07463676e+00
 -1.87630157e+01 -3.99483728e+00
 -1.99446050e+01 -4.98711225e+00
 -2.11206431e+01 -6.05059602e+00
 -2.22742546e+01 -7.17987748e+00
 -2.33800545e+01 -8.36388445e+00
 -2.44072165e+01 -9.58654943e+00
 -2.53236920e+01 -1.08285629e+01
 -2.60997398e+01 -1.20691737e+01
 -2.67103458e+01 -1.32873988e+01
 -2.71371413e+01 -1.44629766e+01
 -2.73698077e+01 -1.55777623e+01
 -2.74060084e+01 -1.66172834e+01
 -2.72494580e+01 -1.75712020e+01
 -2.69070248e+01 -1.84319581e+01
 -2.63859345e+01 -1.91923502e+01
 -2.56916193e+01 -1.98436945e+01
 -2.48267581e+01 -2.03756615e+01
 -2.37920701e+01 -2.07774587e+01
 -2.25886361e+01 -2.10391047e+01
 -2.12206731e+01 -2.11520010e+01
 -1.96977712e+01 -2.11091170e+01
 -1.80362835e+01 -2.09055010e+01
 -1.62598307e+01 -2.05393214e+01
 -1.43988153e+01 -2.00132235e+01
 -1.24892506e+01 -1.93357319e+01
 -1.05716212e+01 -1.85222206e+01
 -8.68978909e+00 -1.75948564e+01
 -6.88897972e+00 -1.65813421e+01
 -5.21243060e+00 -1.55127420e+01
 -3.69777185e+00 -1.44206606e+01
 -2.37455751e+00 -1.33340474e+01
 -1.26332865e+00 -1.22762051e+01
 -3.75651322e-01 -1.12627241e+01
 2.85384703e-01 -1.03007933e+01
 7.24139049e-01 -9.38999075e+00
 9.50654565e-01 -8.52432358e+00
 9.78506941e-01 -7.69501154e+00
 8.22987523e-01 -6.89350749e+00
 4.99927665e-01 -6.11431556e+00
 2.50159315e-02 -5.35705317e+00
 -5.86572971e-01 -4.62721986e+00
 -1.32043254e+00 -3.93556218e+00
 -2.16326438e+00 -3.29651301e+00
 -3.10321580e+00 -2.72651129e+00
 -4.12991251e+00 -2.24277873e+00
 -5.23410355e+00 -1.86246318e+00
 -6.40704548e+00 -1.60160611e+00
 -7.63961779e+00 -1.47367568e+00
 -8.92111822e+00 -1.48806696e+00
 -1.02380103e+01 -1.64914556e+00
 -1.15731071e+01 -1.95598943e+00
 -1.29054302e+01 -2.40264455e+00
 -1.42107156e+01 -2.97871747e+00
 -1.54625650e+01 -3.67021737e+00
 -1.66341000e+01 -4.46062305e+00
 -1.76995760e+01 -5.33210076e+00
 -1.86354821e+01 -6.26657805e+00
 -1.94212929e+01 -7.24636473e+00
 -2.00403593e+01 -8.25439254e+00
 -2.04811970e+01 -9.27436113e+00
 -2.07395013e+01 -1.02909338e+01
 -2.08219535e+01 -1.12901968e+01
 -2.07521133e+01 -1.22607905e+01
 -2.05738853e+01 -1.31957031e+01
 -2.03443318e+01 -1.40938295e+01
 -2.01149595e+01 -1.49599956e+01
 -1.99143848e+01 -1.58028648e+01
 -1.97461248e+01 -1.66316402e+01
 -1.96000481e+01 -1.74534219e+01
 -1.94649133e+01 -1.82723864e+01
 -1.93338435e+01 -1.90904374e+01
 -1.92039327e+01 -1.99082516e+01
 -1.90742778e+01 -2.07260171e+01
 -1.89446669e+01 -2.15437746e+01
 -1.88150618e+01 -2.23615309e+01
 -1.86854575e+01 -2.31792860e+01
 -1.85558549e+01 -2.39970304e+01
 -1.84262654e+01 -2.48146929e+01
 -1.82967530e+01 -2.56318685e+01
 -1.81676010e+01 -2.64467702e+01
 -1.80397720e+01 -2.72533240e+01
 -1.79157669e+01 -2.80357505e+01
 -1.78004753e+01 -2.87631980e+01
 -1.77008590e+01 -2.93917406e+01
 -1.76235283e+01 -2.98796688e+01
 -1.76235283e+01 -2.98796688e+01
 -1.76235283e+01 -2.98796688e+01
 -1.76235283e+01 -2.98796688e+01
 -1.76235283e+01 -2.98796688e+01
 -1.76235283e+01 -2.98796688e+01
 -1.76235283e+01 -2.98796688e+01
 -1.76235283e+01 -2.98796688e+01
 -1.76235283e+01 -2.98796688e+01
 -1.76235283e+01 -2.98796688e+01
 -1.76235283e+01 -2.98796688e+01
 -1.76235283e+01 -2.98796688e+01
 -1.76235283e+01 -2.98796688e+01
 -1.76235283e+01 -2.98796688e+01
 -1.76235283e+01 -2.98796688e+01
 -1.76235283e+01 -2.98796688e+01
 -1.76235283e+01 -2.98796688e+01
 -1.76235283e+01 -2.98796688e+01
 -1.76235283e+01 -2.98796688e+01
 -1.76235283e+01 -2.98796688e+01
 -1.76235283e+01 -2.98796688e+01
 -1.76235283e+01 -2.98796688e+01
 -1.76235283e+01 -2.98796688e+01
 -1.76235283e+01 -2.98796688e+01
 -1.76235283e+01 -2.98796688e+01
 -1.76235283e+01 -2.98796688e+01
 -1.76235283e+01 -2.98796688e+01
 -1.76235283e+01 -2.98796688e+01
 -1.76235283e+01 -2.98796688e+01
 -1.76235283e+01 -2.98796688e+01
 -1.76235283e+01 -2.98796688e+01
 -1.76235283e+01 -2.98796688e+01
 -1.76235283e+01 -2.98796688e+01
 -1.76235283e+01 -2.98796688e+01
 -1.76235283e+01 -2.98796688e+01
 -1.76235283e+01 -2.98796688e+01
 -1.76235283e+01 -2.98796688e+01
 -1.76235283e+01 -2.98796688e+01
 -1.76235283e+01 -2.98796688e+01
 -1.76235283e+01 -2.98796688e+01
 -1.76235283e+01 -2.98796688e+01
 -1.76235283e+01 -2.98796688e+01
 -1.76235283e+01 -2.98796688e+01
 -1.76235283e+01 -2.98796688e+01
 -1.76235283e+01 -2.98796688e+01
 -1.76235283e+01 -2.98796688e+01
 -1.76235283e+01 -2.98796688e+01
 -1.76235283e+01 -2.98796688e+01
 -1.76235283e+01 -2.98796688e+01
 -1.76235283e+01 -2.98796688e+01
 -1.76235283e+01 -2.98796688e+01
 -1.76235283e+01 -2.98796688e+01
 -1.76235283e+01 -2.98796688e+01
 -1.76235283e+01 -2.98796688e+01
 -1.76235283e+01 -2.98796688e+01
 -1.76235283e+01 -2.98796688e+01
 -1.76235283e+01 -2.98796688e+01
 -1.76235283e+01 -2.98796688e+01
 -1.76235283e+01 -2.98796688e+01
 -1.76235283e+01 -2.98796688e+01
 -1.76235283e+01 -2.98796688e+01
 -1.76235283e+01 -2.98796688e+01
 -1.76235283e+01 -2.98796688e+01
 -1.76235283e+01 -2.98796688e+01
 -1.76235283e+01 -2.98796688e+01
