 0.00000000e+00 0.00000000e+00
 0.00000000e+00 0.00000000e+00
 0.00000000e+00 0.00000000e+00
 0.00000000e+00 0.00000000e+00
 0.00000000e+00 0.00000000e+00
 0.00000000e+00 0.00000000e+00
 0.00000000e+00 0.00000000e+00
 0.00000000e+00 0.00000000e+00
 0.00000000e+00 0.00000000e+00
 0.00000000e+00 0.00000000e+00
 0.00000000e+00 0.00000000e+00
 0.00000000e+00 0.00000000e+00
 0.00000000e+00 0.00000000e+00
 -1.88388596e-01 1.90372009e-01
 -4.62590991e-01 4.42942987e-01
 -8.27024338e-01 7.46458065e-01
 -1.28134107e+00 1.08691663e+00
 -1.82495447e+00 1.45159184e+00
 -2.45921717e+00 1.82904875e+00
 -3.18625672e+00 2.20740198e+00
 -4.00640956e+00 2.57312596e+00
 -4.91663205e+00 2.91109455e+00
 -5.91029771e+00 3.20540202e+00
 -6.97737353e+00 3.44024933e+00
 -8.10457581e+00 3.60063763e+00
 -9.27602262e+00 3.67311301e+00
 -1.04746705e+01 3.64664488e+00
 -1.16841493e+01 3.51328118e+00
 -1.28904011e+01 3.26826718e+00
 -1.40826847e+01 2.90979950e+00
 -1.52537758e+01 2.43883122e+00
 -1.63995148e+01 1.85897938e+00
 -1.75179245e+01 1.17613828e+00
 -1.86078267e+01 3.97600061e-01
 -1.96669119e+01 -4.68845049e-01
 -2.06898629e+01 -1.41512883e+00
 -2.16674233e+01 -2.43237714e+00
 -2.25866486e+01 -3.51028942e+00
 -2.34318701e+01 -4.63693948e+00
 -2.41859298e+01 -5.79876310e+00
 -2.48317217e+01 -6.98025377e+00
 -2.53542463e+01 -8.16351029e+00
 -2.57427634e+01 -9.32836069e+00
 -2.59918213e+01 -1.04534716e+01
 -2.61005092e+01 -1.15181200e+01
 -2.60710604e+01 -1.25040943e+01
 -2.59082565e+01 -1.33973443e+01
 -2.56192775e+01 -1.41889345e+01
 -2.52127518e+01 -1.48748929e+01
 -2.46971407e+01 -1.54550954e+01
 -2.40796349e+01 -1.59317103e+01
 -2.33659026e+01 -1.63074484e+01
 -2.25600794e+01 -1.65836949e+01
 -2.16646843e+01 -1.67589766e+01
 -2.06808596e+01 -1.68284783e+01
 -1.96092807e+01 -1.67849491e+01
 -1.84513841e+01 -1.66206568e+01
 -1.72103585e+01 -1.63295297e+01
 -1.58919997e+01 -1.59087318e+01
 -1.45059509e+01 -1.53595837e+01
 -1.30673121e+01 -1.46882212e+01
 -1.15978744e+01 -1.39061846e+01
 -1.01261040e+01 -1.30306338e+01
 -8.68547862e+00 -1.20836219e+01
 -7.31152333e+00 -1.10900340e+01
 -6.03844761e+00 -1.00744279e+01
 -4.89627549e+00 -9.05777717e+00
 -3.90896132e+00 -8.05528279e+00
 -3.09346666e+00 -7.07571305e+00
 -2.45930241e+00 -6.12188121e+00
 -2.00815573e+00 -5.19169231e+00
 -1.73426620e+00 -4.27962748e+00
 -1.62686991e+00 -3.37881358e+00
 -1.67444525e+00 -2.48349452e+00
 -1.86803714e+00 -1.59130892e+00
 -2.20139261e+00 -7.04832618e-01
 -2.66883609e+00 1.67925811e-01
 -3.26337481e+00 1.01418258e+00
 -3.97615874e+00 1.81787263e+00
 -4.79691592e+00 2.56126103e+00
 -5.71468878e+00 3.22610860e+00
 -6.71830175e+00 3.79447186e+00
 -7.79629736e+00 4.24969520e+00
 -8.93669465e+00 4.57779010e+00
 -1.01272075e+01 4.76841012e+00
 -1.13560326e+01 4.81458914e+00
 -1.26125209e+01 4.71201066e+00
 -1.38869822e+01 4.45948572e+00
 -1.51697329e+01 4.06059285e+00
 -1.64502337e+01 3.52457951e+00
 -1.77168724e+01 2.86549993e+00
 -1.89571547e+01 2.10041502e+00
 -2.01578786e+01 1.24765390e+00
 -2.13052828e+01 3.25304201e-01
 -2.23853493e+01 -6.50156866e-01
 -2.33842046e+01 -1.66492608e+00
 -2.42884724e+01 -2.70833885e+00
 -2.50856202e+01 -3.77246415e+00
 -2.57643817e+01 -4.85070732e+00
 -2.63151883e+01 -5.93583025e+00
 -2.67305052e+01 -7.01836957e+00
 -2.70050810e+01 -8.08615208e+00
 -2.71363604e+01 -9.12466658e+00
 -2.71253377e+01 -1.01176967e+01
 -2.69773903e+01 -1.10481273e+01
 -2.67018884e+01 -1.18991717e+01
 -2.63102654e+01 -1.26558401e+01
 -2.58140148e+01 -1.33059510e+01
 -2.52242221e+01 -1.38401906e+01
 -2.45525476e+01 -1.42514710e+01
 -2.38122973e+01 -1.45342655e+01
 -2.30185583e+01 -1.46842529e+01
 -2.21875471e+01 -1.46980001e+01
 -2.13360923e+01 -1.45724652e+01
 -2.04818284e+01 -1.43048609e+01
 -1.96436376e+01 -1.38936993e+01
 -1.88414065e+01 -1.33408505e+01
 -1.80948020e+01 -1.26532012e+01
 -1.74216958e+01 -1.18425831e+01
 -1.68371253e+01 -1.09240814e+01
 -1.63531208e+01 -9.91410547e+00
 -1.59789990e+01 -8.82948834e+00
 -1.57215023e+01 -7.68770006e+00
 -1.55845667e+01 -6.50726264e+00
 -1.55689135e+01 -5.30750424e+00
 -1.56716400e+01 -4.10779361e+00
 -1.58859165e+01 -2.92729319e+00
 -1.62011458e+01 -1.78577792e+00
 -1.66040786e+01 -7.04573973e-01
 -1.70808267e+01 2.93727717e-01
 -1.76189285e+01 1.18687403e+00
 -1.82084763e+01 1.95491977e+00
 -1.88419225e+01 2.58183303e+00
 -1.95130669e+01 3.05656226e+00
 -2.02161963e+01 3.37363227e+00
 -2.09458608e+01 3.53343125e+00
 -2.16967963e+01 3.54227767e+00
 -2.24632586e+01 3.41204407e+00
 -2.32377514e+01 3.15901227e+00
 -2.40098516e+01 2.80213200e+00
 -2.47659568e+01 2.36147302e+00
 -2.54903373e+01 1.85754187e+00
 -2.61670414e+01 1.31125795e+00
 -2.67815786e+01 7.43668244e-01
 -2.73217158e+01 1.74772442e-01
 -2.77777406e+01 -3.78117556e-01
 -2.81428976e+01 -9.01500633e-01
 -2.84143230e+01 -1.38590388e+00
 -2.85943574e+01 -1.82573834e+00
 -2.86916847e+01 -2.21953164e+00
 -2.87215917e+01 -2.57058185e+00
 -2.87048790e+01 -2.88708218e+00
 -2.86647761e+01 -3.18049265e+00
 -2.86215843e+01 -3.46219490e+00
 -2.85874123e+01 -3.74031628e+00
 -2.85649885e+01 -4.01873429e+00
 -2.85512412e+01 -4.29829701e+00
 -2.85420097e+01 -4.57864564e+00
 -2.85345297e+01 -4.85933354e+00
 -2.85275670e+01 -5.14012683e+00
 -2.85207220e+01 -5.42094469e+00
 -2.85138975e+01 -5.70176694e+00
 -2.85070759e+01 -5.98258975e+00
 -2.85002546e+01 -6.26341225e+00
 -2.84934334e+01 -6.54423105e+00
 -2.84866129e+01 -6.82502175e+00
 -2.84797965e+01 -7.10564524e+00
 -2.84729990e+01 -7.38548786e+00
 -2.84662712e+01 -7.66246375e+00
 -2.84597446e+01 -7.93115418e+00
 -2.84536766e+01 -8.18096443e+00
 -2.84484336e+01 -8.39681009e+00
 -2.84443636e+01 -8.56436787e+00
 -2.84443636e+01 -8.56436787e+00
 -2.84443636e+01 -8.56436787e+00
 -2.84443636e+01 -8.56436787e+00
 -2.84443636e+01 -8.56436787e+00
 -2.84443636e+01 -8.56436787e+00
 -2.84443636e+01 -8.56436787e+00
 -2.84443636e+01 -8.56436787e+00
 -2.84443636e+01 -8.56436787e+00
 -2.84443636e+01 -8.56436787e+00
 -2.84443636e+01 -8.56436787e+00
