 0.00000000e+00 0.00000000e+00
 0.00000000e+00 0.00000000e+00
 0.00000000e+00 0.00000000e+00
 0.00000000e+00 0.00000000e+00
 0.00000000e+00 0.00000000e+00
 0.00000000e+00 0.00000000e+00
 0.00000000e+00 0.00000000e+00
 0.00000000e+00 0.00000000e+00
 0.00000000e+00 0.00000000e+00
 0.00000000e+00 0.00000000e+00
 0.00000000e+00 0.00000000e+00
 -1.88877265e-01 1.71770626e-01
 -4.52363503e-01 4.02245751e-01
 -7.92260920e-01 6.81705598e-01
 -1.21059740e+00 9.96344716e-01
 -1.71153528e+00 1.33211948e+00
 -2.29918019e+00 1.67557848e+00
 -2.97459549e+00 2.01307947e+00
 -3.73483182e+00 2.33024715e+00
 -4.57370029e+00 2.61228494e+00
 -5.48271308e+00 2.84477753e+00
 -6.45179430e+00 3.01434525e+00
 -7.47037330e+00 3.10863824e+00
 -8.52881368e+00 3.11580912e+00
 -9.61929326e+00 3.02459426e+00
 -1.07357024e+01 2.82594845e+00
 -1.18730846e+01 2.51522806e+00
 -1.30273143e+01 2.09281040e+00
 -1.41951880e+01 1.56279086e+00
 -1.53746524e+01 9.31471819e-01
 -1.65648027e+01 2.06717027e-01
 -1.77655291e+01 -6.02662434e-01
 -1.89771806e+01 -1.48849564e+00
 -2.02007446e+01 -2.44537146e+00
 -2.14382122e+01 -3.47195105e+00
 -2.26918292e+01 -4.57056904e+00
 -2.39614230e+01 -5.74512441e+00
 -2.52407513e+01 -6.99795837e+00
 -2.65150714e+01 -8.32686488e+00
 -2.77616306e+01 -9.72336657e+00
 -2.89527643e+01 -1.11727346e+01
 -3.00595311e+01 -1.26554038e+01
 -3.10541830e+01 -1.41489888e+01
 -3.19116708e+01 -1.56302087e+01
 -3.26112333e+01 -1.70765967e+01
 -3.31381913e+01 -1.84683606e+01
 -3.34849895e+01 -1.97904180e+01
 -3.36506660e+01 -2.10336901e+01
 -3.36389682e+01 -2.21944478e+01
 -3.34559166e+01 -2.32716914e+01
 -3.31073098e+01 -2.42642128e+01
 -3.25966586e+01 -2.51691353e+01
 -3.19246024e+01 -2.59820395e+01
 -3.10904119e+01 -2.66973998e+01
 -3.00946639e+01 -2.73085317e+01
 -2.89415860e+01 -2.78074598e+01
 -2.76403023e+01 -2.81852567e+01
 -2.62048150e+01 -2.84327209e+01
 -2.46527962e+01 -2.85411416e+01
 -2.30038547e+01 -2.85033196e+01
 -2.12782842e+01 -2.83149033e+01
 -1.94966105e+01 -2.79755839e+01
 -1.76793324e+01 -2.74897686e+01
 -1.58462995e+01 -2.68667737e+01
 -1.40160700e+01 -2.61205121e+01
 -1.22062184e+01 -2.52685520e+01
 -1.04349153e+01 -2.43308739e+01
 -8.72263136e+00 -2.33288814e+01
 -7.09241438e+00 -2.22846513e+01
 -5.56848166e+00 -2.12198033e+01
 -4.17413869e+00 -2.01535694e+01
 -2.93002481e+00 -1.91004704e+01
 -1.85303080e+00 -1.80686507e+01
 -9.55708722e-01 -1.70597692e+01
 -2.45834157e-01 -1.60704659e+01
 2.73811681e-01 -1.50945549e+01
 6.04899642e-01 -1.41250498e+01
 7.52174752e-01 -1.31558908e+01
 7.22122736e-01 -1.21837678e+01
 5.22325104e-01 -1.12100371e+01
 1.60906613e-01 -1.02420546e+01
 -3.54517606e-01 -9.29319964e+00
 -1.01752643e+00 -8.38142583e+00
 -1.82197258e+00 -7.52681942e+00
 -2.75982798e+00 -6.74900403e+00
 -3.81953012e+00 -6.06509686e+00
 -4.98596626e+00 -5.48839051e+00
 -6.24158127e+00 -5.02760205e+00
 -7.56732938e+00 -4.68671731e+00
 -8.94300784e+00 -4.46555201e+00
 -1.03478179e+01 -4.36073112e+00
 -1.17621416e+01 -4.36651035e+00
 -1.31701461e+01 -4.47537077e+00
 -1.45615597e+01 -4.67903537e+00
 -1.59315611e+01 -4.97038783e+00
 -1.72794901e+01 -5.34575801e+00
 -1.86076310e+01 -5.80635162e+00
 -1.99199895e+01 -6.35787213e+00
 -2.12198776e+01 -7.00826373e+00
 -2.25061338e+01 -7.76451488e+00
 -2.37698351e+01 -8.62997833e+00
 -2.49934847e+01 -9.60302417e+00
 -2.61523319e+01 -1.06764790e+01
 -2.72157560e+01 -1.18368788e+01
 -2.81480043e+01 -1.30638306e+01
 -2.89106065e+01 -1.43309887e+01
 -2.94699893e+01 -1.56093659e+01
 -2.98110025e+01 -1.68719211e+01
 -2.99509420e+01 -1.80978697e+01
 -2.99433037e+01 -1.92757949e+01
 -2.98629244e+01 -2.04047978e+01
 -2.97776588e+01 -2.14928207e+01
 -2.97254538e+01 -2.25523431e+01
 -2.97120898e+01 -2.35954690e+01
 -2.97258051e+01 -2.46308488e+01
 -2.97530139e+01 -2.56632467e+01
 -2.97852795e+01 -2.66947159e+01
 -2.98189986e+01 -2.77259527e+01
 -2.98530408e+01 -2.87571429e+01
 -2.98871389e+01 -2.97883257e+01
 -2.99212445e+01 -3.08195074e+01
 -2.99553508e+01 -3.18506876e+01
 -2.99894567e+01 -3.28818543e+01
 -3.00235592e+01 -3.39129177e+01
 -3.00576414e+01 -3.49433672e+01
 -3.00916288e+01 -3.59709493e+01
 -3.01252680e+01 -3.69880048e+01
 -3.01579009e+01 -3.79746360e+01
 -3.01882408e+01 -3.88919392e+01
 -3.02144556e+01 -3.96845245e+01
 -3.02348058e+01 -4.02997967e+01
 -3.02348058e+01 -4.02997967e+01
 -3.02348058e+01 -4.02997967e+01
 -3.02348058e+01 -4.02997967e+01
 -3.02348058e+01 -4.02997967e+01
 -3.02348058e+01 -4.02997967e+01
 -3.02348058e+01 -4.02997967e+01
 -3.02348058e+01 -4.02997967e+01
 -3.02348058e+01 -4.02997967e+01
 -3.02348058e+01 -4.02997967e+01
 -3.02348058e+01 -4.02997967e+01
 -3.02348058e+01 -4.02997967e+01
 -3.02348058e+01 -4.02997967e+01
 -3.02348058e+01 -4.02997967e+01
 -3.02348058e+01 -4.02997967e+01
 -3.02348058e+01 -4.02997967e+01
 -3.02348058e+01 -4.02997967e+01
 -3.02348058e+01 -4.02997967e+01
 -3.02348058e+01 -4.02997967e+01
 -3.02348058e+01 -4.02997967e+01
 -3.02348058e+01 -4.02997967e+01
 -3.02348058e+01 -4.02997967e+01
 -3.02348058e+01 -4.02997967e+01
 -3.02348058e+01 -4.02997967e+01
 -3.02348058e+01 -4.02997967e+01
 -3.02348058e+01 -4.02997967e+01
 -3.02348058e+01 -4.02997967e+01
 -3.02348058e+01 -4.02997967e+01
 -3.02348058e+01 -4.02997967e+01
 -3.02348058e+01 -4.02997967e+01
 -3.02348058e+01 -4.02997967e+01
 -3.02348058e+01 -4.02997967e+01
 -3.02348058e+01 -4.02997967e+01
 -3.02348058e+01 -4.02997967e+01
 -3.02348058e+01 -4.02997967e+01
 -3.02348058e+01 -4.02997967e+01
 -3.02348058e+01 -4.02997967e+01
 -3.02348058e+01 -4.02997967e+01
 -3.02348058e+01 -4.02997967e+01
 -3.02348058e+01 -4.02997967e+01
 -3.02348058e+01 -4.02997967e+01
 -3.02348058e+01 -4.02997967e+01
 -3.02348058e+01 -4.02997967e+01
 -3.02348058e+01 -4.02997967e+01
 -3.02348058e+01 -4.02997967e+01
 -3.02348058e+01 -4.02997967e+01
 -3.02348058e+01 -4.02997967e+01
 -3.02348058e+01 -4.02997967e+01
 -3.02348058e+01 -4.02997967e+01
 -3.02348058e+01 -4.02997967e+01
 -3.02348058e+01 -4.02997967e+01
 -3.02348058e+01 -4.02997967e+01
 -3.02348058e+01 -4.02997967e+01
