 0.00000000e+00 0.00000000e+00
 0.00000000e+00 0.00000000e+00
 0.00000000e+00 0.00000000e+00
 0.00000000e+00 0.00000000e+00
 0.00000000e+00 0.00000000e+00
 0.00000000e+00 0.00000000e+00
 0.00000000e+00 0.00000000e+00
 0.00000000e+00 0.00000000e+00
 0.00000000e+00 0.00000000e+00
 -1.69849619e-01 1.96267331e-01
 -3.99981258e-01 4.58545582e-01
 -6.85956158e-01 7.75691209e-01
 -1.02298017e+00 1.13364919e+00
 -1.40930627e+00 1.52090872e+00
 -1.84594656e+00 1.92956525e+00
 -2.33498964e+00 2.35338222e+00
 -2.87897056e+00 2.78556574e+00
 -3.48154277e+00 3.21764388e+00
 -4.14817449e+00 3.63929465e+00
 -4.88573846e+00 4.03849315e+00
 -5.70093093e+00 4.40162763e+00
 -6.59854759e+00 4.71358252e+00
 -7.58082819e+00 4.95798564e+00
 -8.64788172e+00 5.11786886e+00
 -9.79788013e+00 5.17690545e+00
 -1.10260662e+01 5.12113364e+00
 -1.23232733e+01 4.94061220e+00
 -1.36754109e+01 4.63022334e+00
 -1.50643860e+01 4.18947351e+00
 -1.64696599e+01 3.62199276e+00
 -1.78695087e+01 2.93523649e+00
 -1.92417254e+01 2.14010790e+00
 -2.05640470e+01 1.25015609e+00
 -2.18147442e+01 2.80472364e-01
 -2.29735583e+01 -7.53459591e-01
 -2.40226178e+01 -1.83679431e+00
 -2.49468005e+01 -2.95599464e+00
 -2.57335709e+01 -4.09890356e+00
 -2.63728194e+01 -5.25430866e+00
 -2.68569652e+01 -6.41138734e+00
 -2.71811066e+01 -7.55932928e+00
 -2.73430762e+01 -8.68712670e+00
 -2.73435724e+01 -9.78333360e+00
 -2.71863517e+01 -1.08356834e+01
 -2.68780821e+01 -1.18307832e+01
 -2.64275862e+01 -1.27543068e+01
 -2.58447524e+01 -1.35918326e+01
 -2.51396771e+01 -1.43299661e+01
 -2.43223782e+01 -1.49571993e+01
 -2.34028731e+01 -1.54642562e+01
 -2.23909801e+01 -1.58439872e+01
 -2.12954562e+01 -1.60909104e+01
 -2.01229634e+01 -1.62006284e+01
 -1.88778547e+01 -1.61696619e+01
 -1.75631790e+01 -1.59959522e+01
 -1.61822622e+01 -1.56794594e+01
 -1.47399862e+01 -1.52222350e+01
 -1.32435543e+01 -1.46281882e+01
 -1.17030826e+01 -1.39031136e+01
 -1.01322356e+01 -1.30551097e+01
 -8.54875065e+00 -1.20951419e+01
 -6.97453999e+00 -1.10373863e+01
 -5.43524853e+00 -9.89889079e+00
 -3.95942163e+00 -8.69836619e+00
 -2.57733921e+00 -7.45451654e+00
 -1.31938972e+00 -6.18446918e+00
 -2.14203918e-01 -4.90255898e+00
 7.12867824e-01 -3.61972305e+00
 1.44081326e+00 -2.34392214e+00
 1.95402589e+00 -1.08150289e+00
 2.24339488e+00 1.61312659e-01
 2.30656530e+00 1.37737108e+00
 2.14691681e+00 2.55765156e+00
 1.77210871e+00 3.69009513e+00
 1.19318070e+00 4.75866235e+00
 4.24044118e-01 5.74350635e+00
 -5.19296169e-01 6.62262763e+00
 -1.61974329e+00 7.37440551e+00
 -2.85977660e+00 7.97981059e+00
 -4.22157146e+00 8.42354179e+00
 -5.68678925e+00 8.69445029e+00
 -7.23629483e+00 8.78607395e+00
 -8.85004563e+00 8.69732429e+00
 -1.05073533e+01 8.43250737e+00
 -1.21872785e+01 8.00019226e+00
 -1.38685673e+01 7.41159415e+00
 -1.55291199e+01 6.67968229e+00
 -1.71458714e+01 5.81934927e+00
 -1.86956642e+01 4.84759217e+00
 -2.01564448e+01 3.78264608e+00
 -2.15076697e+01 2.64257586e+00
 -2.27297405e+01 1.44473597e+00
 -2.38033152e+01 2.06423216e-01
 -2.47094052e+01 -1.05439340e+00
 -2.54304549e+01 -2.31925593e+00
 -2.59517750e+01 -3.57003614e+00
 -2.62624507e+01 -4.78941783e+00
 -2.63556356e+01 -5.96069297e+00
 -2.62293398e+01 -7.06765378e+00
 -2.58893295e+01 -8.09582282e+00
 -2.53548768e+01 -9.03568374e+00
 -2.46650281e+01 -9.88713016e+00
 -2.38786908e+01 -1.06623658e+01
 -2.30622042e+01 -1.13837562e+01
 -2.22681411e+01 -1.20762072e+01
 -2.15201457e+01 -1.27587723e+01
 -2.08150246e+01 -1.34411406e+01
 -2.01372988e+01 -1.41258071e+01
 -1.94726080e+01 -1.48121894e+01
 -1.88126643e+01 -1.54993349e+01
 -1.81540590e+01 -1.61867211e+01
 -1.74957472e+01 -1.68741639e+01
 -1.68374857e+01 -1.75616168e+01
 -1.61792309e+01 -1.82490711e+01
 -1.55209777e+01 -1.89365246e+01
 -1.48627332e+01 -1.96239690e+01
 -1.42045546e+01 -2.03113446e+01
 -1.35467680e+01 -2.09983109e+01
 -1.28908117e+01 -2.16833656e+01
 -1.22415751e+01 -2.23614026e+01
 -1.16117598e+01 -2.30191568e+01
 -1.10261999e+01 -2.36306923e+01
 -1.05202537e+01 -2.41590825e+01
 -1.01274952e+01 -2.45692639e+01
 -1.01274952e+01 -2.45692639e+01
 -1.01274952e+01 -2.45692639e+01
 -1.01274952e+01 -2.45692639e+01
 -1.01274952e+01 -2.45692639e+01
 -1.01274952e+01 -2.45692639e+01
 -1.01274952e+01 -2.45692639e+01
 -1.01274952e+01 -2.45692639e+01
 -1.01274952e+01 -2.45692639e+01
 -1.01274952e+01 -2.45692639e+01
 -1.01274952e+01 -2.45692639e+01
 -1.01274952e+01 -2.45692639e+01
 -1.01274952e+01 -2.45692639e+01
 -1.01274952e+01 -2.45692639e+01
 -1.01274952e+01 -2.45692639e+01
 -1.01274952e+01 -2.45692639e+01
 -1.01274952e+01 -2.45692639e+01
 -1.01274952e+01 -2.45692639e+01
 -1.01274952e+01 -2.45692639e+01
 -1.01274952e+01 -2.45692639e+01
 -1.01274952e+01 -2.45692639e+01
 -1.01274952e+01 -2.45692639e+01
 -1.01274952e+01 -2.45692639e+01
 -1.01274952e+01 -2.45692639e+01
 -1.01274952e+01 -2.45692639e+01
 -1.01274952e+01 -2.45692639e+01
 -1.01274952e+01 -2.45692639e+01
 -1.01274952e+01 -2.45692639e+01
 -1.01274952e+01 -2.45692639e+01
 -1.01274952e+01 -2.45692639e+01
 -1.01274952e+01 -2.45692639e+01
 -1.01274952e+01 -2.45692639e+01
 -1.01274952e+01 -2.45692639e+01
 -1.01274952e+01 -2.45692639e+01
 -1.01274952e+01 -2.45692639e+01
 -1.01274952e+01 -2.45692639e+01
 -1.01274952e+01 -2.45692639e+01
 -1.01274952e+01 -2.45692639e+01
 -1.01274952e+01 -2.45692639e+01
 -1.01274952e+01 -2.45692639e+01
 -1.01274952e+01 -2.45692639e+01
 -1.01274952e+01 -2.45692639e+01
 -1.01274952e+01 -2.45692639e+01
 -1.01274952e+01 -2.45692639e+01
 -1.01274952e+01 -2.45692639e+01
 -1.01274952e+01 -2.45692639e+01
 -1.01274952e+01 -2.45692639e+01
 -1.01274952e+01 -2.45692639e+01
 -1.01274952e+01 -2.45692639e+01
 -1.01274952e+01 -2.45692639e+01
 -1.01274952e+01 -2.45692639e+01
 -1.01274952e+01 -2.45692639e+01
 -1.01274952e+01 -2.45692639e+01
 -1.01274952e+01 -2.45692639e+01
 -1.01274952e+01 -2.45692639e+01
 -1.01274952e+01 -2.45692639e+01
 -1.01274952e+01 -2.45692639e+01
 -1.01274952e+01 -2.45692639e+01
 -1.01274952e+01 -2.45692639e+01
 -1.01274952e+01 -2.45692639e+01
