 0.00000000e+00 0.00000000e+00
 0.00000000e+00 0.00000000e+00
 0.00000000e+00 0.00000000e+00
 0.00000000e+00 0.00000000e+00
 0.00000000e+00 0.00000000e+00
 0.00000000e+00 0.00000000e+00
 2.39814146e-02 1.68668286e-01
 2.09159601e-02 3.90206601e-01
 -3.30471546e-02 6.52586567e-01
 -1.53860452e-01 9.41926837e-01
 -3.45360669e-01 1.24766676e+00
 -6.03473437e-01 1.56370662e+00
 -9.24254495e-01 1.88673218e+00
 -1.30912722e+00 2.21385997e+00
 -1.76481165e+00 2.54089290e+00
 -2.30017230e+00 2.86172822e+00
 -2.92308783e+00 3.16890957e+00
 -3.63849839e+00 3.45462896e+00
 -4.44740983e+00 3.71128618e+00
 -5.34678491e+00 3.93130759e+00
 -6.33041545e+00 4.10649903e+00
 -7.39025850e+00 4.22739946e+00
 -8.51728600e+00 4.28321993e+00
 -9.70152953e+00 4.26267796e+00
 -1.09320875e+01 4.15523260e+00
 -1.21979541e+01 3.95191360e+00
 -1.34893255e+01 3.64559525e+00
 -1.47981059e+01 3.23110389e+00
 -1.61170815e+01 2.70530013e+00
 -1.74387376e+01 2.06701698e+00
 -1.87549423e+01 1.31692823e+00
 -2.00574614e+01 4.57517848e-01
 -2.13381808e+01 -5.06864577e-01
 -2.25883022e+01 -1.56997676e+00
 -2.37970579e+01 -2.72377823e+00
 -2.49511161e+01 -3.95862856e+00
 -2.60351420e+01 -5.26329607e+00
 -2.70329785e+01 -6.62446246e+00
 -2.79287321e+01 -8.02596004e+00
 -2.87075410e+01 -9.44851076e+00
 -2.93561934e+01 -1.08706306e+01
 -2.98638387e+01 -1.22706554e+01
 -3.02227280e+01 -1.36289008e+01
 -3.04284053e+01 -1.49286472e+01
 -3.04790067e+01 -1.61556910e+01
 -3.03745760e+01 -1.72976799e+01
 -3.01174935e+01 -1.83444989e+01
 -2.97132520e+01 -1.92894729e+01
 -2.91698793e+01 -2.01298536e+01
 -2.84961676e+01 -2.08654150e+01
 -2.77004879e+01 -2.14957470e+01
 -2.67909926e+01 -2.20182453e+01
 -2.57764141e+01 -2.24281505e+01
 -2.46665238e+01 -2.27198785e+01
 -2.34720372e+01 -2.28878285e+01
 -2.22041675e+01 -2.29261443e+01
 -2.08740252e+01 -2.28285587e+01
 -1.94919619e+01 -2.25891751e+01
 -1.80670019e+01 -2.22036257e+01
 -1.66066896e+01 -2.16697768e+01
 -1.51177077e+01 -2.09880953e+01
 -1.36072623e+01 -2.01622435e+01
 -1.20848107e+01 -1.91998704e+01
 -1.05636246e+01 -1.81130202e+01
 -9.06189145e+00 -1.69177959e+01
 -7.60323739e+00 -1.56333949e+01
 -6.21648858e+00 -1.42808214e+01
 -4.93429018e+00 -1.28815743e+01
 -3.79036419e+00 -1.14565388e+01
 -2.81590134e+00 -1.00251100e+01
 -2.03623733e+00 -8.60442027e+00
 -1.46883367e+00 -7.20870855e+00
 -1.12285023e+00 -5.84922649e+00
 -9.99924172e-01 -4.53508524e+00
 -1.09544939e+00 -3.27492801e+00
 -1.39982308e+00 -2.07870800e+00
 -1.89969711e+00 -9.58742682e-01
 -2.57948093e+00 7.03467539e-02
 -3.42283979e+00 9.92587982e-01
 -4.41361425e+00 1.79187257e+00
 -5.53600846e+00 2.45289496e+00
 -6.77431552e+00 2.96176804e+00
 -8.11246892e+00 3.30660688e+00
 -9.53378310e+00 3.47833028e+00
 -1.10212147e+01 3.47166817e+00
 -1.25578821e+01 3.28591764e+00
 -1.41270132e+01 2.92484798e+00
 -1.57108611e+01 2.39591858e+00
 -1.72892235e+01 1.70973939e+00
 -1.88388161e+01 8.80220550e-01
 -2.03340005e+01 -7.50997977e-02
 -2.17480179e+01 -1.13513503e+00
 -2.30537357e+01 -2.27586668e+00
 -2.42241772e+01 -3.47141909e+00
 -2.52337293e+01 -4.69538723e+00
 -2.60598862e+01 -5.92212390e+00
 -2.66843099e+01 -7.12784942e+00
 -2.70926141e+01 -8.29150277e+00
 -2.72740330e+01 -9.39514206e+00
 -2.72229363e+01 -1.04240272e+01
 -2.69430343e+01 -1.13672109e+01
 -2.64535066e+01 -1.22195661e+01
 -2.57947199e+01 -1.29849430e+01
 -2.50281154e+01 -1.36780019e+01
 -2.42239187e+01 -1.43215891e+01
 -2.34391268e+01 -1.49395600e+01
 -2.27006843e+01 -1.55494480e+01
 -2.20066827e+01 -1.61598140e+01
 -2.13414512e+01 -1.67726228e+01
 -2.06900032e+01 -1.73871422e+01
 -2.00435942e+01 -1.80024071e+01
 -1.93986087e+01 -1.86179050e+01
 -1.87539357e+01 -1.92334576e+01
 -1.81093162e+01 -1.98490199e+01
 -1.74647039e+01 -2.04645835e+01
 -1.68200933e+01 -2.10801465e+01
 -1.61754912e+01 -2.16957013e+01
 -1.55309536e+01 -2.23111945e+01
 -1.48867999e+01 -2.29263212e+01
 -1.42444385e+01 -2.35397362e+01
 -1.36086576e+01 -2.41468673e+01
 -1.29918954e+01 -2.47358368e+01
 -1.24184716e+01 -2.52834208e+01
 -1.19230113e+01 -2.57565545e+01
 -1.15383928e+01 -2.61238412e+01
 -1.15383928e+01 -2.61238412e+01
 -1.15383928e+01 -2.61238412e+01
 -1.15383928e+01 -2.61238412e+01
 -1.15383928e+01 -2.61238412e+01
 -1.15383928e+01 -2.61238412e+01
 -1.15383928e+01 -2.61238412e+01
 -1.15383928e+01 -2.61238412e+01
 -1.15383928e+01 -2.61238412e+01
 -1.15383928e+01 -2.61238412e+01
 -1.15383928e+01 -2.61238412e+01
 -1.15383928e+01 -2.61238412e+01
 -1.15383928e+01 -2.61238412e+01
 -1.15383928e+01 -2.61238412e+01
 -1.15383928e+01 -2.61238412e+01
 -1.15383928e+01 -2.61238412e+01
 -1.15383928e+01 -2.61238412e+01
 -1.15383928e+01 -2.61238412e+01
 -1.15383928e+01 -2.61238412e+01
 -1.15383928e+01 -2.61238412e+01
 -1.15383928e+01 -2.61238412e+01
 -1.15383928e+01 -2.61238412e+01
 -1.15383928e+01 -2.61238412e+01
 -1.15383928e+01 -2.61238412e+01
 -1.15383928e+01 -2.61238412e+01
 -1.15383928e+01 -2.61238412e+01
 -1.15383928e+01 -2.61238412e+01
 -1.15383928e+01 -2.61238412e+01
 -1.15383928e+01 -2.61238412e+01
 -1.15383928e+01 -2.61238412e+01
 -1.15383928e+01 -2.61238412e+01
 -1.15383928e+01 -2.61238412e+01
 -1.15383928e+01 -2.61238412e+01
 -1.15383928e+01 -2.61238412e+01
 -1.15383928e+01 -2.61238412e+01
 -1.15383928e+01 -2.61238412e+01
 -1.15383928e+01 -2.61238412e+01
 -1.15383928e+01 -2.61238412e+01
 -1.15383928e+01 -2.61238412e+01
 -1.15383928e+01 -2.61238412e+01
 -1.15383928e+01 -2.61238412e+01
 -1.15383928e+01 -2.61238412e+01
 -1.15383928e+01 -2.61238412e+01
 -1.15383928e+01 -2.61238412e+01
 -1.15383928e+01 -2.61238412e+01
 -1.15383928e+01 -2.61238412e+01
 -1.15383928e+01 -2.61238412e+01
 -1.15383928e+01 -2.61238412e+01
 -1.15383928e+01 -2.61238412e+01
 -1.15383928e+01 -2.61238412e+01
 -1.15383928e+01 -2.61238412e+01
 -1.15383928e+01 -2.61238412e+01
 -1.15383928e+01 -2.61238412e+01
 -1.15383928e+01 -2.61238412e+01
 -1.15383928e+01 -2.61238412e+01
 -1.15383928e+01 -2.61238412e+01
 -1.15383928e+01 -2.61238412e+01
 -1.15383928e+01 -2.61238412e+01
 -1.15383928e+01 -2.61238412e+01
