 0.00000000e+00 0.00000000e+00
 0.00000000e+00 0.00000000e+00
 0.00000000e+00 0.00000000e+00
 0.00000000e+00 0.00000000e+00
 3.44399689e-02 2.80040623e-01
 5.37993500e-02 6.30046119e-01
 3.99922069e-02 1.01895450e+00
 -2.05639647e-02 1.41575265e+00
 -1.33962365e-01 1.79914665e+00
 -3.00910000e-01 2.15843213e+00
 -5.21233795e-01 2.48959550e+00
 -7.97075577e-01 2.79145661e+00
 -1.13347797e+00 3.06357227e+00
 -1.53736080e+00 3.30545047e+00
 -2.01604031e+00 3.51621881e+00
 -2.57577739e+00 3.69428371e+00
 -3.22058993e+00 3.83700646e+00
 -3.95150761e+00 3.94058529e+00
 -4.76634515e+00 4.00005496e+00
 -5.65990354e+00 4.00912050e+00
 -6.62434201e+00 3.95999300e+00
 -7.64966147e+00 3.84391386e+00
 -8.72461780e+00 3.65257821e+00
 -9.83813818e+00 3.37968544e+00
 -1.09806118e+01 3.02179556e+00
 -1.21443114e+01 2.57848994e+00
 -1.33228523e+01 2.05227524e+00
 -1.45102481e+01 1.44840691e+00
 -1.57001675e+01 7.74469858e-01
 -1.68855035e+01 3.95441505e-02
 -1.80579670e+01 -7.46977637e-01
 -1.92075890e+01 -1.57661783e+00
 -2.03224012e+01 -2.44271884e+00
 -2.13886895e+01 -3.34078571e+00
 -2.23919686e+01 -4.26820504e+00
 -2.33182796e+01 -5.22339602e+00
 -2.41550507e+01 -6.20461128e+00
 -2.48912199e+01 -7.20883124e+00
 -2.55171217e+01 -8.23114666e+00
 -2.60246114e+01 -9.26463867e+00
 -2.64072101e+01 -1.03005227e+01
 -2.66599660e+01 -1.13284641e+01
 -2.67793640e+01 -1.23371834e+01
 -2.67637344e+01 -1.33153591e+01
 -2.66138225e+01 -1.42524713e+01
 -2.63327305e+01 -1.51390797e+01
 -2.59251022e+01 -1.59664135e+01
 -2.53961589e+01 -1.67256979e+01
 -2.47510018e+01 -1.74077678e+01
 -2.39941538e+01 -1.80031075e+01
 -2.31294204e+01 -1.85019955e+01
 -2.21603195e+01 -1.88944828e+01
 -2.10910047e+01 -1.91703874e+01
 -1.99271170e+01 -1.93196486e+01
 -1.86760723e+01 -1.93330042e+01
 -1.73470120e+01 -1.92027115e+01
 -1.59511524e+01 -1.89233438e+01
 -1.45027249e+01 -1.84927886e+01
 -1.30196918e+01 -1.79131398e+01
 -1.15233210e+01 -1.71911069e+01
 -1.00367720e+01 -1.63380626e+01
 -8.58376306e+00 -1.53699523e+01
 -7.18802599e+00 -1.43067946e+01
 -5.87319295e+00 -1.31713436e+01
 -4.66231552e+00 -1.19870363e+01
 -3.57671683e+00 -1.07759559e+01
 -2.63459968e+00 -9.55743635e+00
 -1.85011157e+00 -8.34733199e+00
 -1.23310293e+00 -7.15769164e+00
 -7.89081402e-01 -5.99678911e+00
 -5.19066647e-01 -4.86969764e+00
 -4.20026612e-01 -3.77953177e+00
 -4.86375393e-01 -2.72913276e+00
 -7.11582880e-01 -1.72259689e+00
 -1.08880729e+00 -7.66176876e-01
 -1.61087640e+00 1.31297477e-01
 -2.27044661e+00 9.58150426e-01
 -3.06031703e+00 1.69997219e+00
 -3.97330955e+00 2.34061333e+00
 -5.00146989e+00 2.86388293e+00
 -6.13516867e+00 3.25503683e+00
 -7.36315891e+00 3.50146725e+00
 -8.67385901e+00 3.59294736e+00
 -1.00566182e+01 3.52203312e+00
 -1.15014225e+01 3.28467910e+00
 -1.29970453e+01 2.88077001e+00
 -1.45291986e+01 2.31439053e+00
 -1.60799666e+01 1.59376129e+00
 -1.76283557e+01 7.30705241e-01
 -1.91511497e+01 -2.60552767e-01
 -2.06239458e+01 -1.36538223e+00
 -2.20228931e+01 -2.57120871e+00
 -2.33269886e+01 -3.86912948e+00
 -2.45193496e+01 -5.25276669e+00
 -2.55856487e+01 -6.71376718e+00
 -2.65100004e+01 -8.23638766e+00
 -2.72713413e+01 -9.79520200e+00
 -2.78435350e+01 -1.13575465e+01
 -2.81992145e+01 -1.28879965e+01
 -2.83140301e+01 -1.43509144e+01
 -2.81684664e+01 -1.57103904e+01
 -2.77481874e+01 -1.69305745e+01
 -2.70461713e+01 -1.79789900e+01
 -2.60677170e+01 -1.88315030e+01
 -2.48351788e+01 -1.94750127e+01
 -2.33879483e+01 -1.99058870e+01
 -2.17766499e+01 -2.01265652e+01
 -2.00552788e+01 -2.01448405e+01
 -1.82756949e+01 -1.99782205e+01
 -1.64848510e+01 -1.96607305e+01
 -1.47215576e+01 -1.92445809e+01
 -1.30110984e+01 -1.87899075e+01
 -1.13608900e+01 -1.83457746e+01
 -9.76213549e+00 -1.79360431e+01
 -8.19784333e+00 -1.75605142e+01
 -6.65186439e+00 -1.72073810e+01
 -5.11362066e+00 -1.68650294e+01
 -3.57797059e+00 -1.65266295e+01
 -2.04300932e+00 -1.61893478e+01
 -5.08192588e-01 -1.58523119e+01
 1.02660023e+00 -1.55153182e+01
 2.56138977e+00 -1.51783301e+01
 4.09617691e+00 -1.48413430e+01
 5.63094378e+00 -1.45043605e+01
 7.16555705e+00 -1.41674116e+01
 8.69925649e+00 -1.38306634e+01
 1.02286882e+01 -1.34948523e+01
 1.17424523e+01 -1.31624812e+01
 1.32109337e+01 -1.28400527e+01
 1.45762287e+01 -1.25402804e+01
 1.57558960e+01 -1.22812656e+01
 1.66716543e+01 -1.20801963e+01
 1.66716543e+01 -1.20801963e+01
 1.66716543e+01 -1.20801963e+01
 1.66716543e+01 -1.20801963e+01
 1.66716543e+01 -1.20801963e+01
 1.66716543e+01 -1.20801963e+01
 1.66716543e+01 -1.20801963e+01
 1.66716543e+01 -1.20801963e+01
 1.66716543e+01 -1.20801963e+01
 1.66716543e+01 -1.20801963e+01
 1.66716543e+01 -1.20801963e+01
 1.66716543e+01 -1.20801963e+01
 1.66716543e+01 -1.20801963e+01
 1.66716543e+01 -1.20801963e+01
 1.66716543e+01 -1.20801963e+01
 1.66716543e+01 -1.20801963e+01
 1.66716543e+01 -1.20801963e+01
 1.66716543e+01 -1.20801963e+01
 1.66716543e+01 -1.20801963e+01
 1.66716543e+01 -1.20801963e+01
 1.66716543e+01 -1.20801963e+01
 1.66716543e+01 -1.20801963e+01
 1.66716543e+01 -1.20801963e+01
 1.66716543e+01 -1.20801963e+01
 1.66716543e+01 -1.20801963e+01
 1.66716543e+01 -1.20801963e+01
 1.66716543e+01 -1.20801963e+01
 1.66716543e+01 -1.20801963e+01
 1.66716543e+01 -1.20801963e+01
 1.66716543e+01 -1.20801963e+01
 1.66716543e+01 -1.20801963e+01
 1.66716543e+01 -1.20801963e+01
 1.66716543e+01 -1.20801963e+01
 1.66716543e+01 -1.20801963e+01
 1.66716543e+01 -1.20801963e+01
 1.66716543e+01 -1.20801963e+01
 1.66716543e+01 -1.20801963e+01
 1.66716543e+01 -1.20801963e+01
 1.66716543e+01 -1.20801963e+01
 1.66716543e+01 -1.20801963e+01
 1.66716543e+01 -1.20801963e+01
 1.66716543e+01 -1.20801963e+01
 1.66716543e+01 -1.20801963e+01
 1.66716543e+01 -1.20801963e+01
 1.66716543e+01 -1.20801963e+01
 1.66716543e+01 -1.20801963e+01
 1.66716543e+01 -1.20801963e+01
 1.66716543e+01 -1.20801963e+01
 1.66716543e+01 -1.20801963e+01
 1.66716543e+01 -1.20801963e+01
 1.66716543e+01 -1.20801963e+01
 1.66716543e+01 -1.20801963e+01
