 0.00000000e+00 0.00000000e+00
 0.00000000e+00 0.00000000e+00
 0.00000000e+00 0.00000000e+00
 0.00000000e+00 0.00000000e+00
 0.00000000e+00 0.00000000e+00
 0.00000000e+00 0.00000000e+00
 0.00000000e+00 0.00000000e+00
 0.00000000e+00 0.00000000e+00
 2.30445686e-02 2.32019670e-01
 3.19684089e-02 5.35230399e-01
 5.09356020e-03 8.91010292e-01
 -7.84866228e-02 1.27717643e+00
 -2.30223968e-01 1.67474932e+00
 -4.49460652e-01 2.06946765e+00
 -7.29339172e-01 2.45031158e+00
 -1.06578889e+00 2.80769439e+00
 -1.46250052e+00 3.13209907e+00
 -1.93024320e+00 3.41296769e+00
 -2.48355562e+00 3.63776299e+00
 -3.13779968e+00 3.79158343e+00
 -3.90731682e+00 3.85791312e+00
 -4.80394830e+00 3.82050615e+00
 -5.83516452e+00 3.66554330e+00
 -7.00180812e+00 3.38318912e+00
 -8.29605666e+00 2.96845459e+00
 -9.70043099e+00 2.42167585e+00
 -1.11886441e+01 1.74859315e+00
 -1.27284649e+01 9.59702490e-01
 -1.42856745e+01 6.87706425e-02
 -1.58277435e+01 -9.09124024e-01
 -1.73265470e+01 -1.95954910e+00
 -1.87602304e+01 -3.07052821e+00
 -2.01142298e+01 -4.23406033e+00
 -2.13809292e+01 -5.44661837e+00
 -2.25576185e+01 -6.70782819e+00
 -2.36432777e+01 -8.01761984e+00
 -2.46353100e+01 -9.37326349e+00
 -2.55272760e+01 -1.07675985e+01
 -2.63082256e+01 -1.21886981e+01
 -2.69636695e+01 -1.36203555e+01
 -2.74777501e+01 -1.50428257e+01
 -2.78358992e+01 -1.64338383e+01
 -2.80271010e+01 -1.77701742e+01
 -2.80449709e+01 -1.90297005e+01
 -2.78875649e+01 -2.01932087e+01
 -2.75567212e+01 -2.12453338e+01
 -2.70576621e+01 -2.21743085e+01
 -2.63985614e+01 -2.29709802e+01
 -2.55893365e+01 -2.36278989e+01
 -2.46398115e+01 -2.41391012e+01
 -2.35583962e+01 -2.45005541e+01
 -2.23521996e+01 -2.47104512e+01
 -2.10284535e+01 -2.47685107e+01
 -1.95964247e+01 -2.46747690e+01
 -1.80688900e+01 -2.44294852e+01
 -1.64625231e+01 -2.40345465e+01
 -1.47972400e+01 -2.34948014e+01
 -1.30951188e+01 -2.28180518e+01
 -1.13793367e+01 -2.20142230e+01
 -9.67322234e+00 -2.10948082e+01
 -7.99964143e+00 -2.00728785e+01
 -6.38093109e+00 -1.89632512e+01
 -4.83921928e+00 -1.77823690e+01
 -3.39681764e+00 -1.65476422e+01
 -2.07644842e+00 -1.52763251e+01
 -9.00957306e-01 -1.39844368e+01
 1.07742372e-01 -1.26862395e+01
 9.30180343e-01 -1.13942340e+01
 1.55067763e+00 -1.01194076e+01
 1.95837845e+00 -8.87175913e+00
 2.14829822e+00 -7.66109203e+00
 2.12238075e+00 -6.49772707e+00
 1.88974601e+00 -5.39292955e+00
 1.46524188e+00 -4.35920816e+00
 8.66615179e-01 -3.41047475e+00
 1.11823062e-01 -2.56164547e+00
 -7.82293016e-01 -1.82738387e+00
 -1.79999752e+00 -1.22038884e+00
 -2.92602758e+00 -7.50115547e-01
 -4.14488277e+00 -4.22371551e-01
 -5.44015882e+00 -2.39425641e-01
 -6.79388998e+00 -2.00148487e-01
 -8.18612503e+00 -3.00019935e-01
 -9.59517781e+00 -5.31007888e-01
 -1.09987310e+01 -8.81684788e-01
 -1.23755015e+01 -1.33822681e+00
 -1.37068908e+01 -1.88625174e+00
 -1.49780996e+01 -2.51259177e+00
 -1.61786654e+01 -3.20651010e+00
 -1.73027619e+01 -3.96080447e+00
 -1.83491669e+01 -4.77305528e+00
 -1.93201796e+01 -5.64628875e+00
 -2.02191979e+01 -6.58801531e+00
 -2.10478235e+01 -7.60738300e+00
 -2.18037497e+01 -8.71129832e+00
 -2.24799021e+01 -9.90089423e+00
 -2.30645051e+01 -1.11693000e+01
 -2.35420319e+01 -1.25008465e+01
 -2.38955000e+01 -1.38714939e+01
 -2.41096355e+01 -1.52504258e+01
 -2.41729968e+01 -1.66027124e+01
 -2.40779640e+01 -1.78925210e+01
 -2.38198819e+01 -1.90860236e+01
 -2.33969171e+01 -2.01532714e+01
 -2.28103517e+01 -2.10687508e+01
 -2.20644937e+01 -2.18108715e+01
 -2.11664361e+01 -2.23609860e+01
 -2.01262456e+01 -2.27026052e+01
 -1.89575467e+01 -2.28213631e+01
 -1.76782049e+01 -2.27060138e+01
 -1.63109912e+01 -2.23502415e+01
 -1.48840334e+01 -2.17545820e+01
 -1.34305373e+01 -2.09277682e+01
 -1.19873524e+01 -1.98872245e+01
 -1.05925823e+01 -1.86586291e+01
 -9.28294857e+00 -1.72743047e+01
 -8.09167474e+00 -1.57704082e+01
 -7.04745827e+00 -1.41836422e+01
 -6.17457422e+00 -1.25486254e+01
 -5.49334860e+00 -1.08965958e+01
 -5.01999070e+00 -9.25532043e+00
 -4.76570246e+00 -7.64967247e+00
 -4.73610172e+00 -6.10243359e+00
 -4.93167816e+00 -4.63513805e+00
 -5.34854322e+00 -3.26891316e+00
 -5.97829970e+00 -2.02517227e+00
 -6.80709025e+00 -9.25648975e-01
 -7.81476365e+00 9.14230924e-03
 -8.97431304e+00 7.64074465e-01
 -1.02509532e+01 1.33666694e+00
 -1.16016118e+01 1.74531452e+00
 -1.29781659e+01 2.03211666e+00
 -1.43369348e+01 2.25359427e+00
 -1.56506979e+01 2.46138074e+00
 -1.69142912e+01 2.68581701e+00
 -1.81390071e+01 2.93385863e+00
 -1.93410173e+01 3.19915169e+00
 -2.05327790e+01 3.47320497e+00
 -2.17209329e+01 3.75057008e+00
 -2.29080928e+01 4.02889110e+00
 -2.40950381e+01 4.30742510e+00
 -2.52819472e+01 4.58599592e+00
 -2.64688514e+01 4.86457166e+00
 -2.76557535e+01 5.14314754e+00
 -2.88426399e+01 5.42171978e+00
 -3.00294075e+01 5.70026415e+00
 -3.12154684e+01 5.97864266e+00
 -3.23982289e+01 6.25624653e+00
 -3.35688732e+01 6.53100662e+00
 -3.47044987e+01 6.79754752e+00
 -3.57603269e+01 7.04535929e+00
 -3.66726030e+01 7.25947820e+00
 -3.73807893e+01 7.42569551e+00
 -3.73807893e+01 7.42569551e+00
 -3.73807893e+01 7.42569551e+00
 -3.73807893e+01 7.42569551e+00
 -3.73807893e+01 7.42569551e+00
 -3.73807893e+01 7.42569551e+00
 -3.73807893e+01 7.42569551e+00
 -3.73807893e+01 7.42569551e+00
 -3.73807893e+01 7.42569551e+00
 -3.73807893e+01 7.42569551e+00
 -3.73807893e+01 7.42569551e+00
 -3.73807893e+01 7.42569551e+00
 -3.73807893e+01 7.42569551e+00
 -3.73807893e+01 7.42569551e+00
 -3.73807893e+01 7.42569551e+00
 -3.73807893e+01 7.42569551e+00
 -3.73807893e+01 7.42569551e+00
 -3.73807893e+01 7.42569551e+00
 -3.73807893e+01 7.42569551e+00
 -3.73807893e+01 7.42569551e+00
 -3.73807893e+01 7.42569551e+00
 -3.73807893e+01 7.42569551e+00
 -3.73807893e+01 7.42569551e+00
 -3.73807893e+01 7.42569551e+00
 -3.73807893e+01 7.42569551e+00
 -3.73807893e+01 7.42569551e+00
 -3.73807893e+01 7.42569551e+00
 -3.73807893e+01 7.42569551e+00
 -3.73807893e+01 7.42569551e+00
 -3.73807893e+01 7.42569551e+00
 -3.73807893e+01 7.42569551e+00
