 0.00000000e+00 0.00000000e+00
 0.00000000e+00 0.00000000e+00
 0.00000000e+00 0.00000000e+00
 0.00000000e+00 0.00000000e+00
 -1.02145686e-01 2.30271402e-01
 -2.53877497e-01 5.43713069e-01
 -4.52132515e-01 9.32498504e-01
 -6.88642097e-01 1.38615402e+00
 -9.56694433e-01 1.89662927e+00
 -1.25509262e+00 2.45822091e+00
 -1.58760961e+00 3.06459001e+00
 -1.96026682e+00 3.70625882e+00
 -2.37907395e+00 4.37021043e+00
 -2.84898059e+00 5.04120601e+00
 -3.37357851e+00 5.70347974e+00
 -3.95528754e+00 6.34180925e+00
 -4.59613709e+00 6.94192215e+00
 -5.29889553e+00 7.49075667e+00
 -6.06779603e+00 7.97689930e+00
 -6.90827156e+00 8.39106002e+00
 -7.82566999e+00 8.72624314e+00
 -8.82342768e+00 8.97734422e+00
 -9.90164754e+00 9.14016821e+00
 -1.10569467e+01 9.21036376e+00
 -1.22834313e+01 9.18301307e+00
 -1.35738627e+01 9.05299759e+00
 -1.49204227e+01 8.81546986e+00
 -1.63151213e+01 8.46604387e+00
 -1.77500970e+01 8.00119372e+00
 -1.92180310e+01 7.41922280e+00
 -2.07125734e+01 6.72114073e+00
 -2.22281851e+01 5.91062863e+00
 -2.37590968e+01 4.99336805e+00
 -2.52981096e+01 3.97667694e+00
 -2.68362605e+01 2.86963745e+00
 -2.83634091e+01 1.68288721e+00
 -2.98688447e+01 4.27448358e-01
 -3.13411667e+01 -8.86858512e-01
 -3.27675232e+01 -2.25213760e+00
 -3.41328780e+01 -3.66157525e+00
 -3.54198987e+01 -5.10770128e+00
 -3.66095133e+01 -6.58113090e+00
 -3.76816938e+01 -8.07040168e+00
 -3.86161766e+01 -9.56230965e+00
 -3.93935112e+01 -1.10419596e+01
 -3.99971124e+01 -1.24926042e+01
 -4.04160864e+01 -1.38961299e+01
 -4.06472131e+01 -1.52347356e+01
 -4.06944789e+01 -1.64931530e+01
 -4.05664794e+01 -1.76601327e+01
 -4.02736788e+01 -1.87286126e+01
 -3.98269748e+01 -1.96949756e+01
 -3.92373639e+01 -2.05580506e+01
 -3.85158843e+01 -2.13181546e+01
 -3.76734129e+01 -2.19760889e+01
 -3.67202224e+01 -2.25319769e+01
 -3.56654069e+01 -2.29840724e+01
 -3.45166402e+01 -2.33278318e+01
 -3.32807161e+01 -2.35555806e+01
 -3.19645151e+01 -2.36570842e+01
 -3.05752572e+01 -2.36209560e+01
 -2.91194534e+01 -2.34362081e+01
 -2.76015474e+01 -2.30931274e+01
 -2.60238873e+01 -2.25834504e+01
 -2.43885664e+01 -2.19007506e+01
 -2.27002020e+01 -2.10419147e+01
 -2.09683213e+01 -2.00093933e+01
 -1.92086909e+01 -1.88128902e+01
 -1.74438673e+01 -1.74695655e+01
 -1.57035148e+01 -1.60030596e+01
 -1.40243113e+01 -1.44421057e+01
 -1.24484946e+01 -1.28189220e+01
 -1.10204598e+01 -1.11670365e+01
 -9.78212082e+00 -9.51847795e+00
 -8.76867833e+00 -7.90112289e+00
 -8.00611515e+00 -6.33738775e+00
 -7.51065145e+00 -4.84474330e+00
 -7.28929798e+00 -3.43739167e+00
 -7.34019484e+00 -2.12808026e+00
 -7.65252007e+00 -9.29454343e-01
 -8.20751391e+00 1.45278607e-01
 -8.98158876e+00 1.08261309e+00
 -9.94984058e+00 1.87010606e+00
 -1.10876982e+01 2.49843385e+00
 -1.23706737e+01 2.96307966e+00
 -1.37736103e+01 3.26476268e+00
 -1.52702648e+01 3.40887916e+00
 -1.68334602e+01 3.40499802e+00
 -1.84358839e+01 3.26663495e+00
 -2.00511189e+01 3.01027155e+00
 -2.16542114e+01 2.65305513e+00
 -2.32217373e+01 2.21036639e+00
 -2.47319886e+01 1.69490721e+00
 -2.61654971e+01 1.11756533e+00
 -2.75053373e+01 4.88935949e-01
 -2.87367921e+01 -1.79741585e-01
 -2.98468004e+01 -8.76634217e-01
 -3.08238134e+01 -1.58979451e+00
 -3.16580276e+01 -2.30734858e+00
 -3.23415549e+01 -3.01742854e+00
 -3.28684034e+01 -3.70844328e+00
 -3.32345769e+01 -4.36989358e+00
 -3.34388495e+01 -4.99331240e+00
 -3.34849266e+01 -5.57295365e+00
 -3.33854505e+01 -6.10638388e+00
 -3.31665744e+01 -6.59526776e+00
 -3.28686984e+01 -7.04594619e+00
 -3.25385980e+01 -7.46864913e+00
 -3.22148689e+01 -7.87478019e+00
 -3.19167775e+01 -8.27359374e+00
 -3.16447927e+01 -8.67045599e+00
 -3.13900829e+01 -9.06739626e+00
 -3.11437419e+01 -9.46472152e+00
 -3.09004813e+01 -9.86226640e+00
 -3.06580950e+01 -1.02598883e+01
 -3.04159014e+01 -1.06575294e+01
 -3.01737408e+01 -1.10551741e+01
 -2.99315847e+01 -1.14528192e+01
 -2.96894293e+01 -1.18504639e+01
 -2.94472772e+01 -1.22481033e+01
 -2.92051494e+01 -1.26457029e+01
 -2.89631657e+01 -1.30430658e+01
 -2.87218553e+01 -1.34393229e+01
 -2.84830170e+01 -1.38315208e+01
 -2.82513233e+01 -1.42119865e+01
 -2.80359101e+01 -1.45657178e+01
 -2.78497848e+01 -1.48713552e+01
 -2.77052985e+01 -1.51086170e+01
 -2.77052985e+01 -1.51086170e+01
 -2.77052985e+01 -1.51086170e+01
 -2.77052985e+01 -1.51086170e+01
 -2.77052985e+01 -1.51086170e+01
 -2.77052985e+01 -1.51086170e+01
 -2.77052985e+01 -1.51086170e+01
 -2.77052985e+01 -1.51086170e+01
 -2.77052985e+01 -1.51086170e+01
 -2.77052985e+01 -1.51086170e+01
 -2.77052985e+01 -1.51086170e+01
 -2.77052985e+01 -1.51086170e+01
 -2.77052985e+01 -1.51086170e+01
 -2.77052985e+01 -1.51086170e+01
 -2.77052985e+01 -1.51086170e+01
 -2.77052985e+01 -1.51086170e+01
 -2.77052985e+01 -1.51086170e+01
 -2.77052985e+01 -1.51086170e+01
 -2.77052985e+01 -1.51086170e+01
 -2.77052985e+01 -1.51086170e+01
 -2.77052985e+01 -1.51086170e+01
 -2.77052985e+01 -1.51086170e+01
 -2.77052985e+01 -1.51086170e+01
 -2.77052985e+01 -1.51086170e+01
 -2.77052985e+01 -1.51086170e+01
 -2.77052985e+01 -1.51086170e+01
 -2.77052985e+01 -1.51086170e+01
 -2.77052985e+01 -1.51086170e+01
 -2.77052985e+01 -1.51086170e+01
 -2.77052985e+01 -1.51086170e+01
 -2.77052985e+01 -1.51086170e+01
 -2.77052985e+01 -1.51086170e+01
 -2.77052985e+01 -1.51086170e+01
 -2.77052985e+01 -1.51086170e+01
 -2.77052985e+01 -1.51086170e+01
 -2.77052985e+01 -1.51086170e+01
 -2.77052985e+01 -1.51086170e+01
 -2.77052985e+01 -1.51086170e+01
 -2.77052985e+01 -1.51086170e+01
 -2.77052985e+01 -1.51086170e+01
 -2.77052985e+01 -1.51086170e+01
 -2.77052985e+01 -1.51086170e+01
 -2.77052985e+01 -1.51086170e+01
 -2.77052985e+01 -1.51086170e+01
 -2.77052985e+01 -1.51086170e+01
 -2.77052985e+01 -1.51086170e+01
 -2.77052985e+01 -1.51086170e+01
 -2.77052985e+01 -1.51086170e+01
 -2.77052985e+01 -1.51086170e+01
 -2.77052985e+01 -1.51086170e+01
 -2.77052985e+01 -1.51086170e+01
 -2.77052985e+01 -1.51086170e+01
 -2.77052985e+01 -1.51086170e+01
 -2.77052985e+01 -1.51086170e+01
 -2.77052985e+01 -1.51086170e+01
 -2.77052985e+01 -1.51086170e+01
