 0.00000000e+00 0.00000000e+00
 0.00000000e+00 0.00000000e+00
 0.00000000e+00 0.00000000e+00
 0.00000000e+00 0.00000000e+00
 0.00000000e+00 0.00000000e+00
 0.00000000e+00 0.00000000e+00
 0.00000000e+00 0.00000000e+00
 0.00000000e+00 0.00000000e+00
 0.00000000e+00 0.00000000e+00
 0.00000000e+00 0.00000000e+00
 0.00000000e+00 0.00000000e+00
 3.86776476e-02 7.89920740e-02
 7.66959229e-02 1.91896540e-01
 9.87047221e-02 3.38049100e-01
 8.60199878e-02 5.13583905e-01
 2.06391573e-02 7.12805840e-01
 -1.11996617e-01 9.28661607e-01
 -3.23427960e-01 1.15233358e+00
 -6.25158742e-01 1.37260281e+00
 -1.03150407e+00 1.57560197e+00
 -1.56024377e+00 1.74515873e+00
 -2.23108074e+00 1.86354330e+00
 -3.06304971e+00 1.91252264e+00
 -4.07188298e+00 1.87487637e+00
 -5.26787223e+00 1.73631263e+00
 -6.65448656e+00 1.48720890e+00
 -8.22777720e+00 1.12349021e+00
 -9.97627396e+00 6.46429010e-01
 -1.18810068e+01 6.17152951e-02
 -1.39158679e+01 -6.21729328e-01
 -1.60491597e+01 -1.39296766e+00
 -1.82467032e+01 -2.24022510e+00
 -2.04754401e+01 -3.15192987e+00
 -2.27056195e+01 -4.11747811e+00
 -2.49105073e+01 -5.12749409e+00
 -2.70643304e+01 -6.17326451e+00
 -2.91401403e+01 -7.24534429e+00
 -3.11086812e+01 -8.33206624e+00
 -3.29382531e+01 -9.41915955e+00
 -3.45953953e+01 -1.04912500e+01
 -3.60466865e+01 -1.15346966e+01
 -3.72616527e+01 -1.25399709e+01
 -3.82157147e+01 -1.35019911e+01
 -3.88918552e+01 -1.44185627e+01
 -3.92807429e+01 -1.52884869e+01
 -3.93800202e+01 -1.61105295e+01
 -3.91931605e+01 -1.68830535e+01
 -3.87275591e+01 -1.76033646e+01
 -3.79918002e+01 -1.82663604e+01
 -3.69932469e+01 -1.88633159e+01
 -3.57376091e+01 -1.93821601e+01
 -3.42310337e+01 -1.98095461e+01
 -3.24835305e+01 -2.01335014e+01
 -3.05119869e+01 -2.03452333e+01
 -2.83418801e+01 -2.04397438e+01
 -2.60076426e+01 -2.04157855e+01
 -2.35516336e+01 -2.02756302e+01
 -2.10215360e+01 -2.00247336e+01
 -1.84664678e+01 -1.96713640e+01
 -1.59329208e+01 -1.92263447e+01
 -1.34619729e+01 -1.87028057e+01
 -1.10885291e+01 -1.81157371e+01
 -8.84206827e+00 -1.74815183e+01
 -6.74755080e+00 -1.68177195e+01
 -4.82523809e+00 -1.61428946e+01
 -3.08866996e+00 -1.54755795e+01
 -1.54044085e+00 -1.48319599e+01
 -1.66663395e-01 -1.42226023e+01
 1.06591376e+00 -1.36498506e+01
 2.20458723e+00 -1.31079883e+01
 3.29687270e+00 -1.25867751e+01
 4.37661548e+00 -1.20762617e+01
 5.45947732e+00 -1.15698371e+01
 6.54825202e+00 -1.10644187e+01
 7.64083364e+00 -1.05590610e+01
 8.73502019e+00 -1.00536312e+01
 9.82969927e+00 -9.54816349e+00
 1.09244924e+01 -9.04268481e+00
 1.20193057e+01 -8.53720393e+00
 1.31141217e+01 -8.03172278e+00
 1.42089365e+01 -7.52624227e+00
 1.53037368e+01 -7.02076843e+00
 1.63984276e+01 -6.51534518e+00
 1.74924666e+01 -6.01022290e+00
 1.85834612e+01 -5.50650618e+00
 1.96632796e+01 -5.00794957e+00
 2.07107963e+01 -4.52430680e+00
 2.16847067e+01 -4.07464835e+00
 2.25262028e+01 -3.68612615e+00
 2.31794436e+01 -3.38452215e+00
 2.31794436e+01 -3.38452215e+00
 2.31794436e+01 -3.38452215e+00
 2.31794436e+01 -3.38452215e+00
 2.31794436e+01 -3.38452215e+00
 2.31794436e+01 -3.38452215e+00
 2.31794436e+01 -3.38452215e+00
 2.31794436e+01 -3.38452215e+00
 2.31794436e+01 -3.38452215e+00
 2.31794436e+01 -3.38452215e+00
 2.31794436e+01 -3.38452215e+00
 2.31794436e+01 -3.38452215e+00
 2.31794436e+01 -3.38452215e+00
 2.31794436e+01 -3.38452215e+00
 2.31794436e+01 -3.38452215e+00
 2.31794436e+01 -3.38452215e+00
 2.31794436e+01 -3.38452215e+00
 2.31794436e+01 -3.38452215e+00
 2.31794436e+01 -3.38452215e+00
 2.31794436e+01 -3.38452215e+00
 2.31794436e+01 -3.38452215e+00
 2.31794436e+01 -3.38452215e+00
 2.31794436e+01 -3.38452215e+00
 2.31794436e+01 -3.38452215e+00
 2.31794436e+01 -3.38452215e+00
 2.31794436e+01 -3.38452215e+00
 2.31794436e+01 -3.38452215e+00
 2.31794436e+01 -3.38452215e+00
 2.31794436e+01 -3.38452215e+00
 2.31794436e+01 -3.38452215e+00
 2.31794436e+01 -3.38452215e+00
 2.31794436e+01 -3.38452215e+00
 2.31794436e+01 -3.38452215e+00
 2.31794436e+01 -3.38452215e+00
 2.31794436e+01 -3.38452215e+00
 2.31794436e+01 -3.38452215e+00
 2.31794436e+01 -3.38452215e+00
 2.31794436e+01 -3.38452215e+00
 2.31794436e+01 -3.38452215e+00
 2.31794436e+01 -3.38452215e+00
 2.31794436e+01 -3.38452215e+00
