 0.00000000e+00 0.00000000e+00
 0.00000000e+00 0.00000000e+00
 0.00000000e+00 0.00000000e+00
 0.00000000e+00 0.00000000e+00
 0.00000000e+00 0.00000000e+00
 0.00000000e+00 0.00000000e+00
 0.00000000e+00 0.00000000e+00
 0.00000000e+00 0.00000000e+00
 0.00000000e+00 0.00000000e+00
 0.00000000e+00 0.00000000e+00
 0.00000000e+00 0.00000000e+00
 0.00000000e+00 0.00000000e+00
 0.00000000e+00 0.00000000e+00
 -2.89726763e-01 1.57052840e-01
 -6.91087005e-01 3.52046075e-01
 -1.19210969e+00 5.68023090e-01
 -1.77218229e+00 7.89184347e-01
 -2.41288777e+00 1.00551032e+00
 -3.10440136e+00 1.21208319e+00
 -3.84593625e+00 1.40617215e+00
 -4.64275905e+00 1.58489136e+00
 -5.50285337e+00 1.74400230e+00
 -6.43468712e+00 1.87751377e+00
 -7.44601298e+00 1.97791263e+00
 -8.54315852e+00 2.03668382e+00
 -9.73040100e+00 2.04434458e+00
 -1.10091767e+01 1.98972530e+00
 -1.23770518e+01 1.85940904e+00
 -1.38267559e+01 1.63830100e+00
 -1.53458900e+01 1.31101358e+00
 -1.69177386e+01 8.62988465e-01
 -1.85228726e+01 2.80926194e-01
 -2.01405393e+01 -4.46955852e-01
 -2.17491244e+01 -1.33015832e+00
 -2.33261009e+01 -2.37445609e+00
 -2.48483532e+01 -3.58007053e+00
 -2.62929795e+01 -4.93993711e+00
 -2.76378995e+01 -6.43869143e+00
 -2.88617945e+01 -8.05294130e+00
 -2.99436096e+01 -9.75282290e+00
 -3.08623846e+01 -1.15042568e+01
 -3.15981537e+01 -1.32713149e+01
 -3.21338311e+01 -1.50183816e+01
 -3.24571138e+01 -1.67119603e+01
 -3.25614924e+01 -1.83220838e+01
 -3.24462261e+01 -1.98232207e+01
 -3.21157610e+01 -2.11944185e+01
 -3.15791087e+01 -2.24185828e+01
 -3.08492076e+01 -2.34812078e+01
 -2.99418999e+01 -2.43691324e+01
 -2.88745462e+01 -2.50698253e+01
 -2.76648332e+01 -2.55713317e+01
 -2.63301672e+01 -2.58626342e+01
 -2.48875254e+01 -2.59341698e+01
 -2.33535019e+01 -2.57784971e+01
 -2.17444570e+01 -2.53912102e+01
 -2.00767821e+01 -2.47720322e+01
 -1.83672349e+01 -2.39258336e+01
 -1.66333044e+01 -2.28633447e+01
 -1.48937374e+01 -2.16015626e+01
 -1.31693178e+01 -2.01640294e+01
 -1.14836560e+01 -1.85809486e+01
 -9.86349706e+00 -1.68886088e+01
 -8.33812666e+00 -1.51274697e+01
 -6.93782622e+00 -1.33389087e+01
 -5.69189230e+00 -1.15615471e+01
 -4.62689690e+00 -9.82837071e+00
 -3.76530095e+00 -8.16532303e+00
 -3.12412093e+00 -6.59132450e+00
 -2.71373991e+00 -5.11928115e+00
 -2.53738221e+00 -3.75760074e+00
 -2.59153574e+00 -2.51191251e+00
 -2.86716466e+00 -1.38687697e+00
 -3.35141289e+00 -3.87926679e-01
 -4.02946453e+00 4.77452408e-01
 -4.88603598e+00 1.19943375e+00
 -5.90591619e+00 1.76696104e+00
 -7.07353564e+00 2.17013734e+00
 -8.37226737e+00 2.40289758e+00
 -9.78399155e+00 2.46446114e+00
 -1.12887249e+01 2.35895625e+00
 -1.28641248e+01 2.09427949e+00
 -1.44852369e+01 1.68146030e+00
 -1.61248259e+01 1.13432748e+00
 -1.77541821e+01 4.68589276e-01
 -1.93442375e+01 -2.99597457e-01
 -2.08669106e+01 -1.15475145e+00
 -2.22964233e+01 -2.08253361e+00
 -2.36102089e+01 -3.06978365e+00
 -2.47891782e+01 -4.10427342e+00
 -2.58174462e+01 -5.17409569e+00
 -2.66819838e+01 -6.26668802e+00
 -2.73724709e+01 -7.36772746e+00
 -2.78807269e+01 -8.46034508e+00
 -2.81989705e+01 -9.52511530e+00
 -2.83177947e+01 -1.05408685e+01
 -2.82262241e+01 -1.14858911e+01
 -2.79151864e+01 -1.23392908e+01
 -2.73836563e+01 -1.30833176e+01
 -2.66464115e+01 -1.37079977e+01
 -2.57416038e+01 -1.42176826e+01
 -2.47318738e+01 -1.46351240e+01
 -2.36910584e+01 -1.49969925e+01
 -2.26793124e+01 -1.53405312e+01
 -2.17239991e+01 -1.56901816e+01
 -2.08209515e+01 -1.60538300e+01
 -1.99513189e+01 -1.64287758e+01
 -1.90976066e+01 -1.68097318e+01
 -1.82496991e+01 -1.71930243e+01
 -1.74034295e+01 -1.75770038e+01
 -1.65575194e+01 -1.79611383e+01
 -1.57116708e+01 -1.83453000e+01
 -1.48658305e+01 -1.87294653e+01
 -1.40199922e+01 -1.91136304e+01
 -1.31741651e+01 -1.94977906e+01
 -1.23284226e+01 -1.98819122e+01
 -1.14831838e+01 -2.02658052e+01
 -1.06402970e+01 -2.06486299e+01
 -9.80604480e+00 -2.10275329e+01
 -8.99674842e+00 -2.13951014e+01
 -8.24431919e+00 -2.17368418e+01
 -7.59419139e+00 -2.20321187e+01
 -7.08950686e+00 -2.22613377e+01
 -7.08950686e+00 -2.22613377e+01
 -7.08950686e+00 -2.22613377e+01
 -7.08950686e+00 -2.22613377e+01
 -7.08950686e+00 -2.22613377e+01
 -7.08950686e+00 -2.22613377e+01
 -7.08950686e+00 -2.22613377e+01
 -7.08950686e+00 -2.22613377e+01
 -7.08950686e+00 -2.22613377e+01
 -7.08950686e+00 -2.22613377e+01
 -7.08950686e+00 -2.22613377e+01
 -7.08950686e+00 -2.22613377e+01
 -7.08950686e+00 -2.22613377e+01
 -7.08950686e+00 -2.22613377e+01
 -7.08950686e+00 -2.22613377e+01
 -7.08950686e+00 -2.22613377e+01
 -7.08950686e+00 -2.22613377e+01
 -7.08950686e+00 -2.22613377e+01
 -7.08950686e+00 -2.22613377e+01
 -7.08950686e+00 -2.22613377e+01
 -7.08950686e+00 -2.22613377e+01
 -7.08950686e+00 -2.22613377e+01
 -7.08950686e+00 -2.22613377e+01
 -7.08950686e+00 -2.22613377e+01
 -7.08950686e+00 -2.22613377e+01
 -7.08950686e+00 -2.22613377e+01
 -7.08950686e+00 -2.22613377e+01
 -7.08950686e+00 -2.22613377e+01
 -7.08950686e+00 -2.22613377e+01
 -7.08950686e+00 -2.22613377e+01
 -7.08950686e+00 -2.22613377e+01
 -7.08950686e+00 -2.22613377e+01
 -7.08950686e+00 -2.22613377e+01
 -7.08950686e+00 -2.22613377e+01
 -7.08950686e+00 -2.22613377e+01
 -7.08950686e+00 -2.22613377e+01
 -7.08950686e+00 -2.22613377e+01
 -7.08950686e+00 -2.22613377e+01
 -7.08950686e+00 -2.22613377e+01
 -7.08950686e+00 -2.22613377e+01
 -7.08950686e+00 -2.22613377e+01
 -7.08950686e+00 -2.22613377e+01
 -7.08950686e+00 -2.22613377e+01
 -7.08950686e+00 -2.22613377e+01
 -7.08950686e+00 -2.22613377e+01
 -7.08950686e+00 -2.22613377e+01
 -7.08950686e+00 -2.22613377e+01
 -7.08950686e+00 -2.22613377e+01
 -7.08950686e+00 -2.22613377e+01
 -7.08950686e+00 -2.22613377e+01
 -7.08950686e+00 -2.22613377e+01
 -7.08950686e+00 -2.22613377e+01
 -7.08950686e+00 -2.22613377e+01
 -7.08950686e+00 -2.22613377e+01
 -7.08950686e+00 -2.22613377e+01
 -7.08950686e+00 -2.22613377e+01
 -7.08950686e+00 -2.22613377e+01
 -7.08950686e+00 -2.22613377e+01
 -7.08950686e+00 -2.22613377e+01
 -7.08950686e+00 -2.22613377e+01
 -7.08950686e+00 -2.22613377e+01
