 0.00000000e+00 0.00000000e+00
 0.00000000e+00 0.00000000e+00
 0.00000000e+00 0.00000000e+00
 0.00000000e+00 0.00000000e+00
 0.00000000e+00 0.00000000e+00
 0.00000000e+00 0.00000000e+00
 0.00000000e+00 0.00000000e+00
 0.00000000e+00 0.00000000e+00
 0.00000000e+00 0.00000000e+00
 0.00000000e+00 0.00000000e+00
 0.00000000e+00 0.00000000e+00
 0.00000000e+00 0.00000000e+00
 0.00000000e+00 0.00000000e+00
 0.00000000e+00 0.00000000e+00
 -1.83866663e-01 9.01254797e-02
 -4.32321662e-01 2.07957198e-01
 -7.35621989e-01 3.46511238e-01
 -1.08182974e+00 4.97333031e-01
 -1.46335795e+00 6.52452569e-01
 -1.87874254e+00 8.03777351e-01
 -2.33092020e+00 9.41528244e-01
 -2.82524931e+00 1.05383729e+00
 -3.36866271e+00 1.12763938e+00
 -3.96910622e+00 1.14902619e+00
 -4.63429561e+00 1.10213208e+00
 -5.37009167e+00 9.68534165e-01
 -6.17929476e+00 7.29478629e-01
 -7.06097682e+00 3.69916672e-01
 -8.00994205e+00 -1.18617373e-01
 -9.01618855e+00 -7.37310297e-01
 -1.00647390e+01 -1.48052704e+00
 -1.11362988e+01 -2.33675319e+00
 -1.22087616e+01 -3.29014004e+00
 -1.32590392e+01 -4.32245827e+00
 -1.42646549e+01 -5.41484959e+00
 -1.52048793e+01 -6.54906367e+00
 -1.60613171e+01 -7.70832431e+00
 -1.68178820e+01 -8.87789027e+00
 -1.74604038e+01 -1.00449399e+01
 -1.79764973e+01 -1.11974618e+01
 -1.83562549e+01 -1.23227098e+01
 -1.85933707e+01 -1.34063947e+01
 -1.86852115e+01 -1.44330837e+01
 -1.86312213e+01 -1.53871414e+01
 -1.84315735e+01 -1.62534262e+01
 -1.80881288e+01 -1.70176431e+01
 -1.76065785e+01 -1.76667065e+01
 -1.69970399e+01 -1.81893443e+01
 -1.62725020e+01 -1.85766164e+01
 -1.54465389e+01 -1.88216998e+01
 -1.45313157e+01 -1.89190536e+01
 -1.35361492e+01 -1.88642107e+01
 -1.24670521e+01 -1.86550066e+01
 -1.13276738e+01 -1.82933376e+01
 -1.01212830e+01 -1.77861042e+01
 -8.85280905e+00 -1.71452340e+01
 -7.53017211e+00 -1.63873924e+01
 -6.16484333e+00 -1.55335350e+01
 -4.77201690e+00 -1.46080953e+01
 -3.37053386e+00 -1.36377474e+01
 -1.98226825e+00 -1.26497411e+01
 -6.30817550e-01 -1.16698358e+01
 6.60173053e-01 -1.07202232e+01
 1.86863357e+00 -9.81815829e+00
 2.97547110e+00 -8.97572970e+00
 3.96562401e+00 -8.20050025e+00
 4.82855494e+00 -7.49630149e+00
 5.55807136e+00 -6.86359825e+00
 6.15154167e+00 -6.29936868e+00
 6.60874778e+00 -5.79693274e+00
 6.93075757e+00 -5.34628518e+00
 7.11900167e+00 -4.93520116e+00
 7.17442311e+00 -4.55084797e+00
 7.09689621e+00 -4.18128722e+00
 6.88554352e+00 -3.81644258e+00
 6.53990923e+00 -3.44860866e+00
 6.06101898e+00 -3.07286126e+00
 5.45169957e+00 -2.68754064e+00
 4.71642015e+00 -2.29449624e+00
 3.86105881e+00 -1.89858273e+00
 2.89274633e+00 -1.50646277e+00
 1.81985785e+00 -1.12559567e+00
 6.52121791e-01 -7.64216899e-01
 -5.99271315e-01 -4.32040526e-01
 -1.92153181e+00 -1.40675630e-01
 -3.30008005e+00 9.67695788e-02
 -4.71863897e+00 2.66468085e-01
 -6.15991371e+00 3.54352221e-01
 -7.60647365e+00 3.46122308e-01
 -9.04127064e+00 2.27238595e-01
 -1.04479966e+01 -1.64654805e-02
 -1.18117715e+01 -3.97401458e-01
 -1.31197593e+01 -9.24704856e-01
 -1.43608123e+01 -1.60326180e+00
 -1.55242130e+01 -2.43324961e+00
 -1.65986057e+01 -3.40987461e+00
 -1.75717883e+01 -4.52337621e+00
 -1.84308921e+01 -5.75931693e+00
 -1.91622920e+01 -7.09872078e+00
 -1.97516051e+01 -8.51790522e+00
 -2.01847403e+01 -9.98866054e+00
 -2.04497030e+01 -1.14794175e+01
 -2.05371688e+01 -1.29570838e+01
 -2.04389733e+01 -1.43885754e+01
 -2.01469671e+01 -1.57415711e+01
 -1.96553364e+01 -1.69853215e+01
 -1.89664881e+01 -1.80934428e+01
 -1.80982897e+01 -1.90503017e+01
 -1.70896106e+01 -1.98596335e+01
 -1.59989565e+01 -2.05492775e+01
 -1.48911824e+01 -2.11648125e+01
 -1.38162626e+01 -2.17526139e+01
 -1.27946673e+01 -2.23435233e+01
 -1.18202268e+01 -2.29484056e+01
 -1.08752771e+01 -2.35652421e+01
 -9.94419954e+00 -2.41885534e+01
 -9.01813915e+00 -2.48143996e+01
 -8.09348674e+00 -2.54409934e+01
 -7.16914216e+00 -2.60677561e+01
 -6.24485011e+00 -2.66945484e+01
 -5.32056516e+00 -2.73213447e+01
 -4.39628219e+00 -2.79481404e+01
 -3.47201147e+00 -2.85749280e+01
 -2.54783326e+00 -2.92016528e+01
 -1.62420537e+00 -2.98280045e+01
 -7.03147603e-01 -3.04526132e+01
 2.08474794e-01 -3.10708234e+01
 1.09282688e+00 -3.16705404e+01
 1.91503786e+00 -3.22281169e+01
 2.62545977e+00 -3.27098844e+01
 3.17694972e+00 -3.30838734e+01
 3.17694972e+00 -3.30838734e+01
 3.17694972e+00 -3.30838734e+01
 3.17694972e+00 -3.30838734e+01
 3.17694972e+00 -3.30838734e+01
 3.17694972e+00 -3.30838734e+01
 3.17694972e+00 -3.30838734e+01
 3.17694972e+00 -3.30838734e+01
 3.17694972e+00 -3.30838734e+01
 3.17694972e+00 -3.30838734e+01
 3.17694972e+00 -3.30838734e+01
 3.17694972e+00 -3.30838734e+01
 3.17694972e+00 -3.30838734e+01
 3.17694972e+00 -3.30838734e+01
 3.17694972e+00 -3.30838734e+01
 3.17694972e+00 -3.30838734e+01
 3.17694972e+00 -3.30838734e+01
 3.17694972e+00 -3.30838734e+01
 3.17694972e+00 -3.30838734e+01
 3.17694972e+00 -3.30838734e+01
 3.17694972e+00 -3.30838734e+01
 3.17694972e+00 -3.30838734e+01
 3.17694972e+00 -3.30838734e+01
 3.17694972e+00 -3.30838734e+01
 3.17694972e+00 -3.30838734e+01
 3.17694972e+00 -3.30838734e+01
 3.17694972e+00 -3.30838734e+01
 3.17694972e+00 -3.30838734e+01
 3.17694972e+00 -3.30838734e+01
 3.17694972e+00 -3.30838734e+01
 3.17694972e+00 -3.30838734e+01
 3.17694972e+00 -3.30838734e+01
 3.17694972e+00 -3.30838734e+01
 3.17694972e+00 -3.30838734e+01
 3.17694972e+00 -3.30838734e+01
 3.17694972e+00 -3.30838734e+01
 3.17694972e+00 -3.30838734e+01
 3.17694972e+00 -3.30838734e+01
 3.17694972e+00 -3.30838734e+01
 3.17694972e+00 -3.30838734e+01
 3.17694972e+00 -3.30838734e+01
 3.17694972e+00 -3.30838734e+01
 3.17694972e+00 -3.30838734e+01
 3.17694972e+00 -3.30838734e+01
 3.17694972e+00 -3.30838734e+01
 3.17694972e+00 -3.30838734e+01
 3.17694972e+00 -3.30838734e+01
 3.17694972e+00 -3.30838734e+01
 3.17694972e+00 -3.30838734e+01
 3.17694972e+00 -3.30838734e+01
 3.17694972e+00 -3.30838734e+01
 3.17694972e+00 -3.30838734e+01
 3.17694972e+00 -3.30838734e+01
