 0.00000000e+00 0.00000000e+00
 0.00000000e+00 0.00000000e+00
 0.00000000e+00 0.00000000e+00
 0.00000000e+00 0.00000000e+00
 1.72654331e-01 1.74759818e-01
 3.36052524e-01 3.85868437e-01
 4.38514352e-01 6.08904578e-01
 4.41915035e-01 8.21902736e-01
 3.34537979e-01 1.01343733e+00
 1.27050626e-01 1.18281000e+00
 -1.61418530e-01 1.33501813e+00
 -5.15499754e-01 1.47538443e+00
 -9.27989110e-01 1.60651895e+00
 -1.39813117e+00 1.72744581e+00
 -1.92855832e+00 1.83389533e+00
 -2.52380499e+00 1.91938976e+00
 -3.19031461e+00 1.97672497e+00
 -3.93639170e+00 1.99860731e+00
 -4.77105478e+00 1.97664737e+00
 -5.70208223e+00 1.90001182e+00
 -6.73406239e+00 1.75585584e+00
 -7.86677098e+00 1.53168613e+00
 -9.09392938e+00 1.21786684e+00
 -1.04027326e+01 8.08960746e-01
 -1.17746139e+01 3.03950497e-01
 -1.31871910e+01 -2.94194003e-01
 -1.46168110e+01 -9.79201053e-01
 -1.60409216e+01 -1.74211508e+00
 -1.74396051e+01 -2.57191665e+00
 -1.87961695e+01 -3.45660395e+00
 -2.00973097e+01 -4.38493503e+00
 -2.13332291e+01 -5.34830985e+00
 -2.24975049e+01 -6.34190811e+00
 -2.35863106e+01 -7.36456378e+00
 -2.45969094e+01 -8.41758001e+00
 -2.55257689e+01 -9.50325803e+00
 -2.63670800e+01 -1.06238941e+01
 -2.71122511e+01 -1.17812197e+01
 -2.77500570e+01 -1.29755332e+01
 -2.82668533e+01 -1.42041678e+01
 -2.86470459e+01 -1.54599826e+01
 -2.88744655e+01 -1.67307692e+01
 -2.89347158e+01 -1.79997338e+01
 -2.88177385e+01 -1.92465778e+01
 -2.85195968e+01 -2.04487015e+01
 -2.80430170e+01 -2.15824363e+01
 -2.73969293e+01 -2.26245107e+01
 -2.65953018e+01 -2.35537439e+01
 -2.56553379e+01 -2.43524401e+01
 -2.45954227e+01 -2.50069210e+01
 -2.34334421e+01 -2.55071761e+01
 -2.21855907e+01 -2.58460362e+01
 -2.08654587e+01 -2.60183867e+01
 -1.94836633e+01 -2.60208330e+01
 -1.80484522e+01 -2.58518103e+01
 -1.65669911e+01 -2.55117379e+01
 -1.50465286e+01 -2.50030632e+01
 -1.34949243e+01 -2.43305216e+01
 -1.19206264e+01 -2.35018109e+01
 -1.03326278e+01 -2.25283883e+01
 -8.74095906e+00 -2.14260767e+01
 -7.15775122e+00 -2.02154175e+01
 -5.59829845e+00 -1.89216260e+01
 -4.08156202e+00 -1.75738355e+01
 -2.62999116e+00 -1.62034940e+01
 -1.26870239e+00 -1.48421409e+01
 -2.39088717e-02 -1.35189610e+01
 1.07936107e+00 -1.22584706e+01
 2.01964973e+00 -1.10786226e+01
 2.78063357e+00 -9.98953910e+00
 3.35134336e+00 -8.99298667e+00
 3.72540466e+00 -8.08280832e+00
 3.90034177e+00 -7.24666981e+00
 3.87767215e+00 -6.46904833e+00
 3.66325385e+00 -5.73466423e+00
 3.26670097e+00 -5.03147551e+00
 2.69980168e+00 -4.35285256e+00
 1.97520723e+00 -3.69881698e+00
 1.10612819e+00 -3.07618476e+00
 1.06336433e-01 -2.49756716e+00
 -1.01032520e+00 -1.97948675e+00
 -2.23070124e+00 -1.54014431e+00
 -3.54267943e+00 -1.19755403e+00
 -4.93489474e+00 -9.68559202e-01
 -6.39597272e+00 -8.68432601e-01
 -7.91356088e+00 -9.10196166e-01
 -9.47334139e+00 -1.10344565e+00
 -1.10583024e+01 -1.45350939e+00
 -1.26485064e+01 -1.96150616e+00
 -1.42212483e+01 -2.62465975e+00
 -1.57514253e+01 -3.43604336e+00
 -1.72123875e+01 -4.38397173e+00
 -1.85775712e+01 -5.45182831e+00
 -1.98224572e+01 -6.61858587e+00
 -2.09259175e+01 -7.85966512e+00
 -2.18704715e+01 -9.14782137e+00
 -2.26417448e+01 -1.04542182e+01
 -2.32278407e+01 -1.17500183e+01
 -2.36192458e+01 -1.30082809e+01
 -2.38096752e+01 -1.42054753e+01
 -2.37986877e+01 -1.53226463e+01
 -2.35973691e+01 -1.63475616e+01
 -2.32359677e+01 -1.72785695e+01
 -2.27667343e+01 -1.81277206e+01
 -2.22537769e+01 -1.89186772e+01
 -2.17517880e+01 -1.96783508e+01
 -2.12886039e+01 -2.04274730e+01
 -2.08647979e+01 -2.11765698e+01
 -2.04671262e+01 -2.19282938e+01
 -2.00821624e+01 -2.26819473e+01
 -1.97018919e+01 -2.34364546e+01
 -1.93229573e+01 -2.41912304e+01
 -1.89443176e+01 -2.49460694e+01
 -1.85657287e+01 -2.57009196e+01
 -1.81871466e+01 -2.64557714e+01
 -1.78085657e+01 -2.72106222e+01
 -1.74299899e+01 -2.79654632e+01
 -1.70514519e+01 -2.87202286e+01
 -1.66731394e+01 -2.94745445e+01
 -1.62958796e+01 -3.02267615e+01
 -1.59224844e+01 -3.09712727e+01
 -1.55602590e+01 -3.16935125e+01
 -1.52234863e+01 -3.23650025e+01
 -1.49325016e+01 -3.29451957e+01
 -1.47066146e+01 -3.33955910e+01
 -1.47066146e+01 -3.33955910e+01
 -1.47066146e+01 -3.33955910e+01
 -1.47066146e+01 -3.33955910e+01
 -1.47066146e+01 -3.33955910e+01
 -1.47066146e+01 -3.33955910e+01
 -1.47066146e+01 -3.33955910e+01
 -1.47066146e+01 -3.33955910e+01
 -1.47066146e+01 -3.33955910e+01
 -1.47066146e+01 -3.33955910e+01
 -1.47066146e+01 -3.33955910e+01
 -1.47066146e+01 -3.33955910e+01
 -1.47066146e+01 -3.33955910e+01
 -1.47066146e+01 -3.33955910e+01
 -1.47066146e+01 -3.33955910e+01
 -1.47066146e+01 -3.33955910e+01
 -1.47066146e+01 -3.33955910e+01
 -1.47066146e+01 -3.33955910e+01
 -1.47066146e+01 -3.33955910e+01
 -1.47066146e+01 -3.33955910e+01
 -1.47066146e+01 -3.33955910e+01
 -1.47066146e+01 -3.33955910e+01
 -1.47066146e+01 -3.33955910e+01
 -1.47066146e+01 -3.33955910e+01
 -1.47066146e+01 -3.33955910e+01
 -1.47066146e+01 -3.33955910e+01
 -1.47066146e+01 -3.33955910e+01
 -1.47066146e+01 -3.33955910e+01
 -1.47066146e+01 -3.33955910e+01
 -1.47066146e+01 -3.33955910e+01
 -1.47066146e+01 -3.33955910e+01
 -1.47066146e+01 -3.33955910e+01
 -1.47066146e+01 -3.33955910e+01
 -1.47066146e+01 -3.33955910e+01
 -1.47066146e+01 -3.33955910e+01
 -1.47066146e+01 -3.33955910e+01
 -1.47066146e+01 -3.33955910e+01
 -1.47066146e+01 -3.33955910e+01
 -1.47066146e+01 -3.33955910e+01
 -1.47066146e+01 -3.33955910e+01
 -1.47066146e+01 -3.33955910e+01
 -1.47066146e+01 -3.33955910e+01
 -1.47066146e+01 -3.33955910e+01
 -1.47066146e+01 -3.33955910e+01
 -1.47066146e+01 -3.33955910e+01
 -1.47066146e+01 -3.33955910e+01
 -1.47066146e+01 -3.33955910e+01
 -1.47066146e+01 -3.33955910e+01
 -1.47066146e+01 -3.33955910e+01
 -1.47066146e+01 -3.33955910e+01
 -1.47066146e+01 -3.33955910e+01
 -1.47066146e+01 -3.33955910e+01
 -1.47066146e+01 -3.33955910e+01
 -1.47066146e+01 -3.33955910e+01
 -1.47066146e+01 -3.33955910e+01
 -1.47066146e+01 -3.33955910e+01
 -1.47066146e+01 -3.33955910e+01
 -1.47066146e+01 -3.33955910e+01
 -1.47066146e+01 -3.33955910e+01
