 0.00000000e+00 0.00000000e+00
 0.00000000e+00 0.00000000e+00
 0.00000000e+00 0.00000000e+00
 0.00000000e+00 0.00000000e+00
 1.05354233e-01 2.23279334e-01
 2.13502789e-01 5.18017920e-01
 3.05431570e-01 8.73045988e-01
 3.70156456e-01 1.27761840e+00
 4.05240614e-01 1.72574003e+00
 4.11126111e-01 2.21423682e+00
 3.85487302e-01 2.73871649e+00
 3.21345315e-01 3.29170387e+00
 2.08543230e-01 3.86373844e+00
 3.59370142e-02 4.44541274e+00
 -2.07651498e-01 5.02822242e+00
 -5.33257717e-01 5.60395846e+00
 -9.50892494e-01 6.16387735e+00
 -1.46790845e+00 6.69869781e+00
 -2.08795225e+00 7.19935717e+00
 -2.81112944e+00 7.65768216e+00
 -3.63449800e+00 8.06620440e+00
 -4.55199868e+00 8.41718025e+00
 -5.55431096e+00 8.70177828e+00
 -6.62979475e+00 8.91032055e+00
 -7.76665505e+00 9.03320208e+00
 -8.95510999e+00 9.06119323e+00
 -1.01883303e+01 8.98477081e+00
 -1.14620799e+01 8.79377867e+00
 -1.27737960e+01 8.47859822e+00
 -1.41215437e+01 8.03229161e+00
 -1.55027177e+01 7.45232862e+00
 -1.69125443e+01 6.74128258e+00
 -1.83429247e+01 5.90680104e+00
 -1.97820105e+01 4.96117776e+00
 -2.12143216e+01 3.92038107e+00
 -2.26210774e+01 2.80231246e+00
 -2.39808185e+01 1.62467206e+00
 -2.52707311e+01 4.03328065e-01
 -2.64688021e+01 -8.48414455e-01
 -2.75561206e+01 -2.12016119e+00
 -2.85181959e+01 -3.40476471e+00
 -2.93447732e+01 -4.69807845e+00
 -3.00286523e+01 -5.99743290e+00
 -3.05644380e+01 -7.29911233e+00
 -3.09478426e+01 -8.59598835e+00
 -3.11754377e+01 -9.87643210e+00
 -3.12442399e+01 -1.11247719e+01
 -3.11512401e+01 -1.23225840e+01
 -3.08941142e+01 -1.34499514e+01
 -3.04733796e+01 -1.44865819e+01
 -2.98941044e+01 -1.54132220e+01
 -2.91656854e+01 -1.62134622e+01
 -2.83006370e+01 -1.68754323e+01
 -2.73138506e+01 -1.73926570e+01
 -2.62222084e+01 -1.77634741e+01
 -2.50437722e+01 -1.79890482e+01
 -2.37965725e+01 -1.80711743e+01
 -2.24974947e+01 -1.80115331e+01
 -2.11614047e+01 -1.78125489e+01
 -1.98004738e+01 -1.74780397e+01
 -1.84239663e+01 -1.70124345e+01
 -1.70388434e+01 -1.64196475e+01
 -1.56510579e+01 -1.57032101e+01
 -1.42668289e+01 -1.48676276e+01
 -1.28932218e+01 -1.39197966e+01
 -1.15382494e+01 -1.28697159e+01
 -1.02115108e+01 -1.17306448e+01
 -8.92578854e+00 -1.05191715e+01
 -7.69851880e+00 -9.25510038e+00
 -6.55172834e+00 -7.96051947e+00
 -5.51042981e+00 -6.65775086e+00
 -4.60063832e+00 -5.36673591e+00
 -3.84782876e+00 -4.10278001e+00
 -3.27574659e+00 -2.87528863e+00
 -2.90503953e+00 -1.68768510e+00
 -2.75113543e+00 -5.38376202e-01
 -2.82132404e+00 5.77506604e-01
 -3.11233915e+00 1.66570838e+00
 -3.61043158e+00 2.72983977e+00
 -4.29428907e+00 3.76830510e+00
 -5.13884951e+00 4.77232511e+00
 -6.11819826e+00 5.72596068e+00
 -7.20763009e+00 6.60797393e+00
 -8.38548113e+00 7.39452348e+00
 -9.63440291e+00 8.06181467e+00
 -1.09414997e+01 8.58850069e+00
 -1.22973921e+01 8.95792163e+00
 -1.36945038e+01 9.15987230e+00
 -1.51247429e+01 9.19123803e+00
 -1.65771321e+01 9.05542753e+00
 -1.80364117e+01 8.76152102e+00
 -1.94832452e+01 8.32384543e+00
 -2.08957148e+01 7.76137581e+00
 -2.22512371e+01 7.09598257e+00
 -2.35281895e+01 6.34981088e+00
 -2.47070685e+01 5.54320870e+00
 -2.57713310e+01 4.69408420e+00
 -2.67079269e+01 3.81816892e+00
 -2.75073213e+01 2.92913920e+00
 -2.81630531e+01 2.03829238e+00
 -2.86712694e+01 1.15439476e+00
 -2.90305152e+01 2.84360305e-01
 -2.92416393e+01 -5.65405973e-01
 -2.93082531e+01 -1.38799194e+00
 -2.92394945e+01 -2.17635897e+00
 -2.90556435e+01 -2.92539787e+00
 -2.87919108e+01 -3.63457686e+00
 -2.84929858e+01 -4.30911984e+00
 -2.81982778e+01 -4.95839394e+00
 -2.79287811e+01 -5.59243124e+00
 -2.76860119e+01 -6.21896783e+00
 -2.74612641e+01 -6.84252036e+00
 -2.72453468e+01 -7.46512176e+00
 -2.70327047e+01 -8.08748214e+00
 -2.68209972e+01 -8.70979430e+00
 -2.66094964e+01 -9.33209890e+00
 -2.63980312e+01 -9.95440258e+00
 -2.61865708e+01 -1.05767061e+01
 -2.59751112e+01 -1.11990088e+01
 -2.57636545e+01 -1.18213032e+01
 -2.55522189e+01 -1.24435354e+01
 -2.53409092e+01 -1.30653971e+01
 -2.51301875e+01 -1.36855283e+01
 -2.49216244e+01 -1.42993069e+01
 -2.47193003e+01 -1.48947249e+01
 -2.45311930e+01 -1.54483044e+01
 -2.43686610e+01 -1.59266184e+01
 -2.42424899e+01 -1.62979264e+01
 -2.42424899e+01 -1.62979264e+01
 -2.42424899e+01 -1.62979264e+01
 -2.42424899e+01 -1.62979264e+01
 -2.42424899e+01 -1.62979264e+01
 -2.42424899e+01 -1.62979264e+01
 -2.42424899e+01 -1.62979264e+01
 -2.42424899e+01 -1.62979264e+01
 -2.42424899e+01 -1.62979264e+01
 -2.42424899e+01 -1.62979264e+01
 -2.42424899e+01 -1.62979264e+01
 -2.42424899e+01 -1.62979264e+01
 -2.42424899e+01 -1.62979264e+01
 -2.42424899e+01 -1.62979264e+01
 -2.42424899e+01 -1.62979264e+01
 -2.42424899e+01 -1.62979264e+01
 -2.42424899e+01 -1.62979264e+01
 -2.42424899e+01 -1.62979264e+01
 -2.42424899e+01 -1.62979264e+01
 -2.42424899e+01 -1.62979264e+01
 -2.42424899e+01 -1.62979264e+01
 -2.42424899e+01 -1.62979264e+01
 -2.42424899e+01 -1.62979264e+01
 -2.42424899e+01 -1.62979264e+01
 -2.42424899e+01 -1.62979264e+01
 -2.42424899e+01 -1.62979264e+01
 -2.42424899e+01 -1.62979264e+01
 -2.42424899e+01 -1.62979264e+01
 -2.42424899e+01 -1.62979264e+01
 -2.42424899e+01 -1.62979264e+01
 -2.42424899e+01 -1.62979264e+01
 -2.42424899e+01 -1.62979264e+01
 -2.42424899e+01 -1.62979264e+01
 -2.42424899e+01 -1.62979264e+01
 -2.42424899e+01 -1.62979264e+01
 -2.42424899e+01 -1.62979264e+01
 -2.42424899e+01 -1.62979264e+01
 -2.42424899e+01 -1.62979264e+01
 -2.42424899e+01 -1.62979264e+01
 -2.42424899e+01 -1.62979264e+01
 -2.42424899e+01 -1.62979264e+01
 -2.42424899e+01 -1.62979264e+01
 -2.42424899e+01 -1.62979264e+01
 -2.42424899e+01 -1.62979264e+01
 -2.42424899e+01 -1.62979264e+01
 -2.42424899e+01 -1.62979264e+01
 -2.42424899e+01 -1.62979264e+01
 -2.42424899e+01 -1.62979264e+01
 -2.42424899e+01 -1.62979264e+01
 -2.42424899e+01 -1.62979264e+01
 -2.42424899e+01 -1.62979264e+01
 -2.42424899e+01 -1.62979264e+01
 -2.42424899e+01 -1.62979264e+01
 -2.42424899e+01 -1.62979264e+01
 -2.42424899e+01 -1.62979264e+01
 -2.42424899e+01 -1.62979264e+01
