 0.00000000e+00 0.00000000e+00
 0.00000000e+00 0.00000000e+00
 0.00000000e+00 0.00000000e+00
 0.00000000e+00 0.00000000e+00
 0.00000000e+00 0.00000000e+00
 0.00000000e+00 0.00000000e+00
 -4.48937290e-02 3.79318990e-02
 -1.27967097e-01 9.60622480e-02
 -2.61313522e-01 1.80143132e-01
 -4.52494311e-01 2.95914724e-01
 -7.04667773e-01 4.48304923e-01
 -1.01827323e+00 6.40805844e-01
 -1.39189006e+00 8.75017480e-01
 -1.82200637e+00 1.15023584e+00
 -2.30320898e+00 1.46324985e+00
 -2.82972129e+00 1.80852254e+00
 -3.39757999e+00 2.17860031e+00
 -4.00600534e+00 2.56449521e+00
 -4.65720576e+00 2.95597175e+00
 -5.35510180e+00 3.34172181e+00
 -6.10408847e+00 3.70936828e+00
 -6.90855618e+00 4.04528953e+00
 -7.77300321e+00 4.33422764e+00
 -8.70208482e+00 4.55863881e+00
 -9.70027877e+00 4.69814748e+00
 -1.07715304e+01 4.72998664e+00
 -1.19192814e+01 4.63108710e+00
 -1.31464908e+01 4.38127896e+00
 -1.44547131e+01 3.96598775e+00
 -1.58418735e+01 3.37733264e+00
 -1.72995410e+01 2.61423522e+00
 -1.88111468e+01 1.68272203e+00
 -2.03521837e+01 5.96341356e-01
 -2.18922250e+01 -6.24446468e-01
 -2.33976374e+01 -1.95439140e+00
 -2.48340483e+01 -3.36625665e+00
 -2.61685005e+01 -4.83316768e+00
 -2.73715020e+01 -6.33011820e+00
 -2.84186468e+01 -7.83485832e+00
 -2.92912660e+01 -9.32827410e+00
 -2.99761713e+01 -1.07940138e+01
 -3.04651179e+01 -1.22172484e+01
 -3.07544550e+01 -1.35831862e+01
 -3.08449167e+01 -1.48764432e+01
 -3.07412456e+01 -1.60816984e+01
 -3.04514746e+01 -1.71848832e+01
 -2.99859966e+01 -1.81739743e+01
 -2.93567161e+01 -1.90392512e+01
 -2.85763976e+01 -1.97733692e+01
 -2.76582007e+01 -2.03713434e+01
 -2.66155985e+01 -2.08302537e+01
 -2.54628599e+01 -2.11486790e+01
 -2.42157083e+01 -2.13261248e+01
 -2.28914410e+01 -2.13625649e+01
 -2.15083511e+01 -2.12581634e+01
 -2.00849714e+01 -2.10135348e+01
 -1.86395866e+01 -2.06307123e+01
 -1.71898934e+01 -2.01142589e+01
 -1.57524403e+01 -1.94719257e+01
 -1.43418184e+01 -1.87149756e+01
 -1.29700768e+01 -1.78583678e+01
 -1.16469326e+01 -1.69204245e+01
 -1.03808870e+01 -1.59217249e+01
 -9.18074771e+00 -1.48838474e+01
 -8.05674509e+00 -1.38287119e+01
 -7.02062585e+00 -1.27783051e+01
 -6.08478432e+00 -1.17539370e+01
 -5.26103257e+00 -1.07747015e+01
 -4.55945641e+00 -9.85562670e+00
 -3.98743894e+00 -9.00615213e+00
 -3.54910082e+00 -8.22923396e+00
 -3.24566460e+00 -7.52128627e+00
 -3.07676629e+00 -6.87332378e+00
 -3.04169452e+00 -6.27330855e+00
 -3.13911562e+00 -5.70887032e+00
 -3.36517869e+00 -5.16946159e+00
 -3.71190579e+00 -4.64780877e+00
 -4.16743317e+00 -4.14095161e+00
 -4.71722939e+00 -3.65081952e+00
 -5.34484482e+00 -3.18401096e+00
 -6.03257743e+00 -2.75059593e+00
 -6.76309010e+00 -2.36217416e+00
 -7.52163649e+00 -2.02990640e+00
 -8.29768231e+00 -1.76337060e+00
 -9.08540236e+00 -1.57058772e+00
 -9.88341147e+00 -1.45879003e+00
 -1.06939869e+01 -1.43508180e+00
 -1.15215412e+01 -1.50632111e+00
 -1.23703305e+01 -1.67823212e+00
 -1.32420672e+01 -1.95441466e+00
 -1.41342038e+01 -2.33573287e+00
 -1.50392171e+01 -2.81978031e+00
 -1.59449381e+01 -3.40013452e+00
 -1.68357288e+01 -4.06589623e+00
 -1.76939191e+01 -4.80199231e+00
 -1.85009506e+01 -5.58993732e+00
 -1.92383621e+01 -6.40865707e+00
 -1.98890617e+01 -7.23558366e+00
 -2.04386248e+01 -8.04838042e+00
 -2.08758889e+01 -8.82713192e+00
 -2.11928182e+01 -9.55624947e+00
 -2.13841335e+01 -1.02251864e+01
 -2.14465726e+01 -1.08275762e+01
 -2.13776358e+01 -1.13593440e+01
 -2.11751585e+01 -1.18170288e+01
 -2.08396592e+01 -1.21977163e+01
 -2.03797455e+01 -1.25014834e+01
 -1.98180667e+01 -1.27355143e+01
 -1.91925774e+01 -1.29165207e+01
 -1.85482837e+01 -1.30677752e+01
 -1.79218399e+01 -1.32112278e+01
 -1.73298633e+01 -1.33603026e+01
 -1.67697617e+01 -1.35185896e+01
 -1.62300251e+01 -1.36838484e+01
 -1.56999888e+01 -1.38527070e+01
 -1.51734894e+01 -1.40229405e+01
 -1.46479882e+01 -1.41935735e+01
 -1.41227061e+01 -1.43642960e+01
 -1.35974615e+01 -1.45350340e+01
 -1.30722220e+01 -1.47057740e+01
 -1.25469837e+01 -1.48765141e+01
 -1.20217524e+01 -1.50472519e+01
 -1.14965736e+01 -1.52179727e+01
 -1.09717076e+01 -1.53885918e+01
 -1.04483021e+01 -1.55587361e+01
 -9.93025833e+00 -1.57271374e+01
 -9.42771139e+00 -1.58905012e+01
 -8.96047710e+00 -1.60423858e+01
 -8.55676871e+00 -1.61736200e+01
 -8.24337590e+00 -1.62754951e+01
 -8.24337590e+00 -1.62754951e+01
 -8.24337590e+00 -1.62754951e+01
 -8.24337590e+00 -1.62754951e+01
 -8.24337590e+00 -1.62754951e+01
 -8.24337590e+00 -1.62754951e+01
 -8.24337590e+00 -1.62754951e+01
 -8.24337590e+00 -1.62754951e+01
 -8.24337590e+00 -1.62754951e+01
 -8.24337590e+00 -1.62754951e+01
 -8.24337590e+00 -1.62754951e+01
 -8.24337590e+00 -1.62754951e+01
 -8.24337590e+00 -1.62754951e+01
 -8.24337590e+00 -1.62754951e+01
 -8.24337590e+00 -1.62754951e+01
 -8.24337590e+00 -1.62754951e+01
 -8.24337590e+00 -1.62754951e+01
 -8.24337590e+00 -1.62754951e+01
 -8.24337590e+00 -1.62754951e+01
 -8.24337590e+00 -1.62754951e+01
 -8.24337590e+00 -1.62754951e+01
 -8.24337590e+00 -1.62754951e+01
 -8.24337590e+00 -1.62754951e+01
 -8.24337590e+00 -1.62754951e+01
 -8.24337590e+00 -1.62754951e+01
 -8.24337590e+00 -1.62754951e+01
 -8.24337590e+00 -1.62754951e+01
 -8.24337590e+00 -1.62754951e+01
 -8.24337590e+00 -1.62754951e+01
 -8.24337590e+00 -1.62754951e+01
 -8.24337590e+00 -1.62754951e+01
 -8.24337590e+00 -1.62754951e+01
 -8.24337590e+00 -1.62754951e+01
 -8.24337590e+00 -1.62754951e+01
 -8.24337590e+00 -1.62754951e+01
 -8.24337590e+00 -1.62754951e+01
 -8.24337590e+00 -1.62754951e+01
 -8.24337590e+00 -1.62754951e+01
 -8.24337590e+00 -1.62754951e+01
 -8.24337590e+00 -1.62754951e+01
 -8.24337590e+00 -1.62754951e+01
 -8.24337590e+00 -1.62754951e+01
 -8.24337590e+00 -1.62754951e+01
 -8.24337590e+00 -1.62754951e+01
 -8.24337590e+00 -1.62754951e+01
 -8.24337590e+00 -1.62754951e+01
 -8.24337590e+00 -1.62754951e+01
 -8.24337590e+00 -1.62754951e+01
 -8.24337590e+00 -1.62754951e+01
 -8.24337590e+00 -1.62754951e+01
 -8.24337590e+00 -1.62754951e+01
 -8.24337590e+00 -1.62754951e+01
 -8.24337590e+00 -1.62754951e+01
 -8.24337590e+00 -1.62754951e+01
