 0.00000000e+00 0.00000000e+00
 0.00000000e+00 0.00000000e+00
 0.00000000e+00 0.00000000e+00
 0.00000000e+00 0.00000000e+00
 0.00000000e+00 0.00000000e+00
 0.00000000e+00 0.00000000e+00
 0.00000000e+00 0.00000000e+00
 0.00000000e+00 0.00000000e+00
 0.00000000e+00 0.00000000e+00
 -2.64102911e-03 8.43315859e-02
 -1.09096619e-02 2.00750036e-01
 -3.19801974e-02 3.47899390e-01
 -7.63936132e-02 5.23170758e-01
 -1.55608149e-01 7.24049439e-01
 -2.78821449e-01 9.48103739e-01
 -4.52038791e-01 1.19231803e+00
 -6.79935208e-01 1.45242070e+00
 -9.67903604e-01 1.72230176e+00
 -1.32237620e+00 1.99347658e+00
 -1.75031973e+00 2.25482331e+00
 -2.25916823e+00 2.49298811e+00
 -2.85676809e+00 2.69339495e+00
 -3.55055043e+00 2.84106025e+00
 -4.34630875e+00 2.92043868e+00
 -5.24743682e+00 2.91458028e+00
 -6.25479882e+00 2.80494259e+00
 -7.36668381e+00 2.57291774e+00
 -8.57818934e+00 2.20246196e+00
 -9.88000928e+00 1.68211872e+00
 -1.12575800e+01 1.00562545e+00
 -1.26916789e+01 1.71789539e-01
 -1.41603597e+01 -8.15443333e-01
 -1.56408988e+01 -1.94656283e+00
 -1.71107223e+01 -3.20618263e+00
 -1.85475152e+01 -4.57348311e+00
 -1.99292566e+01 -6.02371202e+00
 -2.12344558e+01 -7.53026057e+00
 -2.24423541e+01 -9.06632383e+00
 -2.35328529e+01 -1.06056878e+01
 -2.44862800e+01 -1.21231268e+01
 -2.52834638e+01 -1.35950030e+01
 -2.59065773e+01 -1.50000302e+01
 -2.63407807e+01 -1.63198542e+01
 -2.65761000e+01 -1.75393499e+01
 -2.66086445e+01 -1.86467454e+01
 -2.64406829e+01 -1.96335435e+01
 -2.60799939e+01 -2.04941321e+01
 -2.55391410e+01 -2.12252129e+01
 -2.48347086e+01 -2.18253729e+01
 -2.39861692e+01 -2.22949057e+01
 -2.30142506e+01 -2.26356564e+01
 -2.19390728e+01 -2.28507389e+01
 -2.07788209e+01 -2.29443894e+01
 -1.95497744e+01 -2.29223140e+01
 -1.82675156e+01 -2.27921936e+01
 -1.69480223e+01 -2.25633825e+01
 -1.56076607e+01 -2.22455914e+01
 -1.42624309e+01 -2.18477045e+01
 -1.29274870e+01 -2.13777019e+01
 -1.16174083e+01 -2.08432245e+01
 -1.03468464e+01 -2.02518494e+01
 -9.13082460e+00 -1.96108877e+01
 -7.98419443e+00 -1.89270395e+01
 -6.92038798e+00 -1.82061904e+01
 -5.95022683e+00 -1.74534538e+01
 -5.08159983e+00 -1.66732699e+01
 -4.32016358e+00 -1.58691513e+01
 -3.67042700e+00 -1.50429613e+01
 -3.13636579e+00 -1.41942761e+01
 -2.72124341e+00 -1.33206496e+01
 -2.42713441e+00 -1.24190659e+01
 -2.25511377e+00 -1.14879599e+01
 -2.20661203e+00 -1.05287334e+01
 -2.28496261e+00 -9.54616843e+00
 -2.49517841e+00 -8.54817941e+00
 -2.84133935e+00 -7.54579476e+00
 -3.32349696e+00 -6.55354236e+00
 -3.93650173e+00 -5.58941859e+00
 -4.67115205e+00 -4.67368385e+00
 -5.51614188e+00 -3.82684088e+00
 -6.45926821e+00 -3.06794221e+00
 -7.48770455e+00 -2.41387217e+00
 -8.58828795e+00 -1.87929868e+00
 -9.74866582e+00 -1.47690126e+00
 -1.09588935e+01 -1.21780272e+00
 -1.22119020e+01 -1.11165967e+00
 -1.35017466e+01 -1.16544531e+00
 -1.48205795e+01 -1.38127509e+00
 -1.61565318e+01 -1.75528902e+00
 -1.74936453e+01 -2.27866841e+00
 -1.88130533e+01 -2.93941982e+00
 -2.00940014e+01 -3.72335148e+00
 -2.13143243e+01 -4.61456300e+00
 -2.24511440e+01 -5.59644173e+00
 -2.34823362e+01 -6.65301138e+00
 -2.43881153e+01 -7.76974480e+00
 -2.51516387e+01 -8.93344061e+00
 -2.57584687e+01 -1.01313475e+01
 -2.61957409e+01 -1.13498711e+01
 -2.64522477e+01 -1.25733556e+01
 -2.65211122e+01 -1.37837640e+01
 -2.64066525e+01 -1.49622985e+01
 -2.61336467e+01 -1.60934242e+01
 -2.57511449e+01 -1.71698999e+01
 -2.53221998e+01 -1.81954558e+01
 -2.49017950e+01 -1.91824852e+01
 -2.45185576e+01 -2.01459790e+01
 -2.41738057e+01 -2.10979678e+01
 -2.38547871e+01 -2.20455033e+01
 -2.35483276e+01 -2.29916908e+01
 -2.32465158e+01 -2.39375645e+01
 -2.29460287e+01 -2.48833834e+01
 -2.26458342e+01 -2.58291955e+01
 -2.23456901e+01 -2.67750071e+01
 -2.20455528e+01 -2.77208185e+01
 -2.17454166e+01 -2.86666287e+01
 -2.14452844e+01 -2.96124264e+01
 -2.11451823e+01 -3.05581295e+01
 -2.08452588e+01 -3.15032694e+01
 -2.05461699e+01 -3.24457794e+01
 -2.02501450e+01 -3.33786342e+01
 -1.99629753e+01 -3.42835835e+01
 -1.96959843e+01 -3.51249445e+01
 -1.94652937e+01 -3.58519127e+01
 -1.92862121e+01 -3.64162473e+01
 -1.92862121e+01 -3.64162473e+01
 -1.92862121e+01 -3.64162473e+01
 -1.92862121e+01 -3.64162473e+01
 -1.92862121e+01 -3.64162473e+01
 -1.92862121e+01 -3.64162473e+01
 -1.92862121e+01 -3.64162473e+01
 -1.92862121e+01 -3.64162473e+01
 -1.92862121e+01 -3.64162473e+01
 -1.92862121e+01 -3.64162473e+01
 -1.92862121e+01 -3.64162473e+01
 -1.92862121e+01 -3.64162473e+01
 -1.92862121e+01 -3.64162473e+01
 -1.92862121e+01 -3.64162473e+01
 -1.92862121e+01 -3.64162473e+01
 -1.92862121e+01 -3.64162473e+01
 -1.92862121e+01 -3.64162473e+01
 -1.92862121e+01 -3.64162473e+01
 -1.92862121e+01 -3.64162473e+01
 -1.92862121e+01 -3.64162473e+01
 -1.92862121e+01 -3.64162473e+01
 -1.92862121e+01 -3.64162473e+01
 -1.92862121e+01 -3.64162473e+01
 -1.92862121e+01 -3.64162473e+01
 -1.92862121e+01 -3.64162473e+01
 -1.92862121e+01 -3.64162473e+01
 -1.92862121e+01 -3.64162473e+01
 -1.92862121e+01 -3.64162473e+01
 -1.92862121e+01 -3.64162473e+01
 -1.92862121e+01 -3.64162473e+01
 -1.92862121e+01 -3.64162473e+01
 -1.92862121e+01 -3.64162473e+01
 -1.92862121e+01 -3.64162473e+01
 -1.92862121e+01 -3.64162473e+01
 -1.92862121e+01 -3.64162473e+01
 -1.92862121e+01 -3.64162473e+01
 -1.92862121e+01 -3.64162473e+01
 -1.92862121e+01 -3.64162473e+01
 -1.92862121e+01 -3.64162473e+01
 -1.92862121e+01 -3.64162473e+01
 -1.92862121e+01 -3.64162473e+01
 -1.92862121e+01 -3.64162473e+01
 -1.92862121e+01 -3.64162473e+01
 -1.92862121e+01 -3.64162473e+01
 -1.92862121e+01 -3.64162473e+01
 -1.92862121e+01 -3.64162473e+01
 -1.92862121e+01 -3.64162473e+01
 -1.92862121e+01 -3.64162473e+01
 -1.92862121e+01 -3.64162473e+01
 -1.92862121e+01 -3.64162473e+01
 -1.92862121e+01 -3.64162473e+01
 -1.92862121e+01 -3.64162473e+01
 -1.92862121e+01 -3.64162473e+01
 -1.92862121e+01 -3.64162473e+01
 -1.92862121e+01 -3.64162473e+01
 -1.92862121e+01 -3.64162473e+01
 -1.92862121e+01 -3.64162473e+01
 -1.92862121e+01 -3.64162473e+01
 -1.92862121e+01 -3.64162473e+01
