 0.00000000e+00 0.00000000e+00
 0.00000000e+00 0.00000000e+00
 0.00000000e+00 0.00000000e+00
 0.00000000e+00 0.00000000e+00
 0.00000000e+00 0.00000000e+00
 0.00000000e+00 0.00000000e+00
 0.00000000e+00 0.00000000e+00
 -1.08005254e-01 2.66648631e-01
 -2.62268159e-01 6.10800848e-01
 -4.69011288e-01 1.00946424e+00
 -7.35541513e-01 1.43717457e+00
 -1.06984597e+00 1.87404806e+00
 -1.47884139e+00 2.30728779e+00
 -1.96694144e+00 2.72898715e+00
 -2.53551911e+00 3.13351017e+00
 -3.18295157e+00 3.51560810e+00
 -3.90500096e+00 3.86932925e+00
 -4.69555172e+00 4.18765021e+00
 -5.54760440e+00 4.46273035e+00
 -6.45408665e+00 4.68667358e+00
 -7.40817128e+00 4.85257114e+00
 -8.40345410e+00 4.95519961e+00
 -9.43450137e+00 4.99054616e+00
 -1.04974774e+01 4.95416492e+00
 -1.15900492e+01 4.83972404e+00
 -1.27104627e+01 4.63907490e+00
 -1.38565277e+01 4.34348497e+00
 -1.50250705e+01 3.94467315e+00
 -1.62117763e+01 3.43522206e+00
 -1.74110963e+01 2.80912946e+00
 -1.86159943e+01 2.06308661e+00
 -1.98175611e+01 1.19807031e+00
 -2.10049120e+01 2.20321716e-01
 -2.21658027e+01 -8.58818299e-01
 -2.32876841e+01 -2.02398795e+00
 -2.43583253e+01 -3.25710130e+00
 -2.53655825e+01 -4.53828952e+00
 -2.62966928e+01 -5.84654587e+00
 -2.71375565e+01 -7.16061768e+00
 -2.78722759e+01 -8.46036090e+00
 -2.84834845e+01 -9.72806925e+00
 -2.89539385e+01 -1.09491559e+01
 -2.92688331e+01 -1.21120855e+01
 -2.94175837e+01 -1.32079766e+01
 -2.93944289e+01 -1.42303387e+01
 -2.91982054e+01 -1.51750027e+01
 -2.88318782e+01 -1.60398773e+01
 -2.83020799e+01 -1.68241269e+01
 -2.76185494e+01 -1.75268105e+01
 -2.67932172e+01 -1.81455888e+01
 -2.58390323e+01 -1.86762501e+01
 -2.47692638e+01 -1.91132645e+01
 -2.35979594e+01 -1.94508545e+01
 -2.23412451e+01 -1.96839082e+01
 -2.10183439e+01 -1.98084295e+01
 -1.96516381e+01 -1.98215557e+01
 -1.82660924e+01 -1.97214005e+01
 -1.68883613e+01 -1.95071825e+01
 -1.55450591e+01 -1.91798350e+01
 -1.42598017e+01 -1.87425779e+01
 -1.30500730e+01 -1.82006650e+01
 -1.19257468e+01 -1.75602253e+01
 -1.08900707e+01 -1.68270109e+01
 -9.94227551e+00 -1.60059976e+01
 -9.08021371e+00 -1.51020428e+01
 -8.30203351e+00 -1.41208643e+01
 -7.60725209e+00 -1.30693647e+01
 -6.99809251e+00 -1.19552585e+01
 -6.48087283e+00 -1.07870463e+01
 -6.06612773e+00 -9.57500528e+00
 -5.76676122e+00 -8.33242202e+00
 -5.59525700e+00 -7.07584544e+00
 -5.56148265e+00 -5.82409784e+00
 -5.67122455e+00 -4.59675036e+00
 -5.92478921e+00 -3.41294097e+00
 -6.31636592e+00 -2.29092190e+00
 -6.83556972e+00 -1.24795716e+00
 -7.47063370e+00 -2.99913903e-01
 -8.21099246e+00 5.39533802e-01
 -9.04800782e+00 1.25957071e+00
 -9.97448728e+00 1.85237538e+00
 -1.09840412e+01 2.31278320e+00
 -1.20704956e+01 2.63772166e+00
 -1.32270400e+01 2.82554735e+00
 -1.44450299e+01 2.87547550e+00
 -1.57126867e+01 2.78770730e+00
 -1.70139723e+01 2.56467267e+00
 -1.83279988e+01 2.21251834e+00
 -1.96294355e+01 1.74136771e+00
 -2.08900047e+01 1.16422427e+00
 -2.20804442e+01 4.95843181e-01
 -2.31720663e+01 -2.47419905e-01
 -2.41376808e+01 -1.04713273e+00
 -2.49523670e+01 -1.88283546e+00
 -2.55945804e+01 -2.73334661e+00
 -2.60479212e+01 -3.57893687e+00
 -2.63044153e+01 -4.40335772e+00
 -2.63702395e+01 -5.19515410e+00
 -2.62723749e+01 -5.94841052e+00
 -2.60602583e+01 -6.66305665e+00
 -2.57956930e+01 -7.34428969e+00
 -2.55327133e+01 -8.00066601e+00
 -2.53006460e+01 -8.64132676e+00
 -2.51027673e+01 -9.27364489e+00
 -2.49283433e+01 -9.90228539e+00
 -2.47655351e+01 -1.05295925e+01
 -2.46070680e+01 -1.11565051e+01
 -2.44498467e+01 -1.17833233e+01
 -2.42929022e+01 -1.24101233e+01
 -2.41360054e+01 -1.30369204e+01
 -2.39791151e+01 -1.36637171e+01
 -2.38222257e+01 -1.42905129e+01
 -2.36653384e+01 -1.49173005e+01
 -2.35084669e+01 -1.55440253e+01
 -2.33516887e+01 -1.61703770e+01
 -2.31953468e+01 -1.67949857e+01
 -2.30406065e+01 -1.74131959e+01
 -2.28904950e+01 -1.80129129e+01
 -2.27509315e+01 -1.85704894e+01
 -2.26303433e+01 -1.90522569e+01
 -2.25367325e+01 -1.94262459e+01
 -2.25367325e+01 -1.94262459e+01
 -2.25367325e+01 -1.94262459e+01
 -2.25367325e+01 -1.94262459e+01
 -2.25367325e+01 -1.94262459e+01
 -2.25367325e+01 -1.94262459e+01
 -2.25367325e+01 -1.94262459e+01
 -2.25367325e+01 -1.94262459e+01
 -2.25367325e+01 -1.94262459e+01
 -2.25367325e+01 -1.94262459e+01
 -2.25367325e+01 -1.94262459e+01
 -2.25367325e+01 -1.94262459e+01
 -2.25367325e+01 -1.94262459e+01
 -2.25367325e+01 -1.94262459e+01
 -2.25367325e+01 -1.94262459e+01
 -2.25367325e+01 -1.94262459e+01
 -2.25367325e+01 -1.94262459e+01
 -2.25367325e+01 -1.94262459e+01
 -2.25367325e+01 -1.94262459e+01
 -2.25367325e+01 -1.94262459e+01
 -2.25367325e+01 -1.94262459e+01
 -2.25367325e+01 -1.94262459e+01
 -2.25367325e+01 -1.94262459e+01
 -2.25367325e+01 -1.94262459e+01
 -2.25367325e+01 -1.94262459e+01
 -2.25367325e+01 -1.94262459e+01
 -2.25367325e+01 -1.94262459e+01
 -2.25367325e+01 -1.94262459e+01
 -2.25367325e+01 -1.94262459e+01
 -2.25367325e+01 -1.94262459e+01
 -2.25367325e+01 -1.94262459e+01
 -2.25367325e+01 -1.94262459e+01
 -2.25367325e+01 -1.94262459e+01
 -2.25367325e+01 -1.94262459e+01
 -2.25367325e+01 -1.94262459e+01
 -2.25367325e+01 -1.94262459e+01
 -2.25367325e+01 -1.94262459e+01
 -2.25367325e+01 -1.94262459e+01
 -2.25367325e+01 -1.94262459e+01
 -2.25367325e+01 -1.94262459e+01
 -2.25367325e+01 -1.94262459e+01
 -2.25367325e+01 -1.94262459e+01
 -2.25367325e+01 -1.94262459e+01
 -2.25367325e+01 -1.94262459e+01
 -2.25367325e+01 -1.94262459e+01
 -2.25367325e+01 -1.94262459e+01
 -2.25367325e+01 -1.94262459e+01
 -2.25367325e+01 -1.94262459e+01
 -2.25367325e+01 -1.94262459e+01
 -2.25367325e+01 -1.94262459e+01
 -2.25367325e+01 -1.94262459e+01
 -2.25367325e+01 -1.94262459e+01
 -2.25367325e+01 -1.94262459e+01
 -2.25367325e+01 -1.94262459e+01
 -2.25367325e+01 -1.94262459e+01
 -2.25367325e+01 -1.94262459e+01
 -2.25367325e+01 -1.94262459e+01
 -2.25367325e+01 -1.94262459e+01
 -2.25367325e+01 -1.94262459e+01
 -2.25367325e+01 -1.94262459e+01
 -2.25367325e+01 -1.94262459e+01
 -2.25367325e+01 -1.94262459e+01
 -2.25367325e+01 -1.94262459e+01
