 0.00000000e+00 0.00000000e+00
 0.00000000e+00 0.00000000e+00
 0.00000000e+00 0.00000000e+00
 0.00000000e+00 0.00000000e+00
 0.00000000e+00 0.00000000e+00
 0.00000000e+00 0.00000000e+00
 0.00000000e+00 0.00000000e+00
 0.00000000e+00 0.00000000e+00
 6.84965180e-02 2.17916268e-01
 1.11984668e-01 4.97627582e-01
 9.47497353e-02 8.18812426e-01
 -1.12599953e-02 1.15982367e+00
 -2.18496327e-01 1.50538042e+00
 -5.25336778e-01 1.84774556e+00
 -9.23702524e-01 2.18347458e+00
 -1.40606996e+00 2.50959853e+00
 -1.96781264e+00 2.82142418e+00
 -2.60564286e+00 3.11208909e+00
 -3.31517324e+00 3.37316622e+00
 -4.08982965e+00 3.59557954e+00
 -4.92164028e+00 3.77018057e+00
 -5.80302851e+00 3.88772504e+00
 -6.72827668e+00 3.93864970e+00
 -7.69400168e+00 3.91318700e+00
 -8.69895065e+00 3.80182683e+00
 -9.74377250e+00 3.59572677e+00
 -1.08310419e+01 3.28681670e+00
 -1.19651050e+01 2.86775398e+00
 -1.31510677e+01 2.33208806e+00
 -1.43930084e+01 1.67470813e+00
 -1.56923384e+01 8.92220058e-01
 -1.70468347e+01 -1.69681951e-02
 -1.84498296e+01 -1.05248642e+00
 -1.98890596e+01 -2.21123763e+00
 -2.13457005e+01 -3.48600005e+00
 -2.27945700e+01 -4.86395820e+00
 -2.42056550e+01 -6.32593641e+00
 -2.55460262e+01 -7.84677820e+00
 -2.67812480e+01 -9.39670160e+00
 -2.78765201e+01 -1.09432335e+01
 -2.87984483e+01 -1.24535591e+01
 -2.95177309e+01 -1.38971813e+01
 -3.00120051e+01 -1.52485317e+01
 -3.02676058e+01 -1.64889357e+01
 -3.02793833e+01 -1.76072158e+01
 -3.00489756e+01 -1.85985367e+01
 -2.95830707e+01 -1.94619556e+01
 -2.88927969e+01 -2.01978137e+01
 -2.79937719e+01 -2.08059259e+01
 -2.69055632e+01 -2.12847470e+01
 -2.56502376e+01 -2.16310067e+01
 -2.42509144e+01 -2.18393736e+01
 -2.27311640e+01 -2.19025723e+01
 -2.11149387e+01 -2.18128305e+01
 -1.94261394e+01 -2.15645205e+01
 -1.76877011e+01 -2.11565403e+01
 -1.59209956e+01 -2.05931635e+01
 -1.41461240e+01 -1.98834409e+01
 -1.23828064e+01 -1.90401234e+01
 -1.06513333e+01 -1.80788968e+01
 -8.97338904e+00 -1.70179099e+01
 -7.37262076e+00 -1.58769930e+01
 -5.87454757e+00 -1.46762698e+01
 -4.50556611e+00 -1.34346338e+01
 -3.29145523e+00 -1.21687337e+01
 -2.25592888e+00 -1.08925997e+01
 -1.41933579e+00 -9.61760431e+00
 -7.97600319e-01 -8.35256461e+00
 -4.01889014e-01 -7.10413560e+00
 -2.38989758e-01 -5.87761254e+00
 -3.11322152e-01 -4.67786056e+00
 -6.15946087e-01 -3.51004787e+00
 -1.14377300e+00 -2.38030859e+00
 -1.88042004e+00 -1.29669495e+00
 -2.80820945e+00 -2.70495099e-01
 -3.90787140e+00 6.82469238e-01
 -5.15973485e+00 1.54124857e+00
 -6.54507010e+00 2.28045414e+00
 -8.04742346e+00 2.87232875e+00
 -9.65286222e+00 3.28980864e+00
 -1.13484755e+01 3.50978523e+00
 -1.31197665e+01 3.51556430e+00
 -1.49483707e+01 3.29811237e+00
 -1.68110370e+01 2.85679028e+00
 -1.86796009e+01 2.20028715e+00
 -2.05212241e+01 1.34719589e+00
 -2.22988776e+01 3.25103302e-01
 -2.39727266e+01 -8.31832634e-01
 -2.55027066e+01 -2.08558169e+00
 -2.68515450e+01 -3.39614323e+00
 -2.79871550e+01 -4.72282369e+00
 -2.88846811e+01 -6.02593173e+00
 -2.95304229e+01 -7.26985117e+00
 -2.99295097e+01 -8.42793672e+00
 -3.01147073e+01 -9.48854398e+00
 -3.01479301e+01 -1.04590600e+01
 -3.01065737e+01 -1.13632715e+01
 -3.00582801e+01 -1.22310521e+01
 -3.00406539e+01 -1.30864223e+01
 -3.00598972e+01 -1.39418865e+01
 -3.01050527e+01 -1.48006403e+01
 -3.01631867e+01 -1.56618141e+01
 -3.02262041e+01 -1.65240644e+01
 -3.02906298e+01 -1.73866553e+01
 -3.03553695e+01 -1.82493266e+01
 -3.04201635e+01 -1.91120124e+01
 -3.04849649e+01 -1.99747001e+01
 -3.05497669e+01 -2.08373868e+01
 -3.06145682e+01 -2.17000621e+01
 -3.06793630e+01 -2.25626512e+01
 -3.07441192e+01 -2.34247265e+01
 -3.08086952e+01 -2.42844031e+01
 -3.08726097e+01 -2.51352730e+01
 -3.09346122e+01 -2.59606900e+01
 -3.09922580e+01 -2.67281071e+01
 -3.10420662e+01 -2.73911850e+01
 -3.10807315e+01 -2.79059225e+01
 -3.10807315e+01 -2.79059225e+01
 -3.10807315e+01 -2.79059225e+01
 -3.10807315e+01 -2.79059225e+01
 -3.10807315e+01 -2.79059225e+01
 -3.10807315e+01 -2.79059225e+01
 -3.10807315e+01 -2.79059225e+01
 -3.10807315e+01 -2.79059225e+01
 -3.10807315e+01 -2.79059225e+01
 -3.10807315e+01 -2.79059225e+01
 -3.10807315e+01 -2.79059225e+01
 -3.10807315e+01 -2.79059225e+01
 -3.10807315e+01 -2.79059225e+01
 -3.10807315e+01 -2.79059225e+01
 -3.10807315e+01 -2.79059225e+01
 -3.10807315e+01 -2.79059225e+01
 -3.10807315e+01 -2.79059225e+01
 -3.10807315e+01 -2.79059225e+01
 -3.10807315e+01 -2.79059225e+01
 -3.10807315e+01 -2.79059225e+01
 -3.10807315e+01 -2.79059225e+01
 -3.10807315e+01 -2.79059225e+01
 -3.10807315e+01 -2.79059225e+01
 -3.10807315e+01 -2.79059225e+01
 -3.10807315e+01 -2.79059225e+01
 -3.10807315e+01 -2.79059225e+01
 -3.10807315e+01 -2.79059225e+01
 -3.10807315e+01 -2.79059225e+01
 -3.10807315e+01 -2.79059225e+01
 -3.10807315e+01 -2.79059225e+01
 -3.10807315e+01 -2.79059225e+01
 -3.10807315e+01 -2.79059225e+01
 -3.10807315e+01 -2.79059225e+01
 -3.10807315e+01 -2.79059225e+01
 -3.10807315e+01 -2.79059225e+01
 -3.10807315e+01 -2.79059225e+01
 -3.10807315e+01 -2.79059225e+01
 -3.10807315e+01 -2.79059225e+01
 -3.10807315e+01 -2.79059225e+01
 -3.10807315e+01 -2.79059225e+01
 -3.10807315e+01 -2.79059225e+01
 -3.10807315e+01 -2.79059225e+01
 -3.10807315e+01 -2.79059225e+01
 -3.10807315e+01 -2.79059225e+01
 -3.10807315e+01 -2.79059225e+01
 -3.10807315e+01 -2.79059225e+01
 -3.10807315e+01 -2.79059225e+01
 -3.10807315e+01 -2.79059225e+01
 -3.10807315e+01 -2.79059225e+01
 -3.10807315e+01 -2.79059225e+01
 -3.10807315e+01 -2.79059225e+01
 -3.10807315e+01 -2.79059225e+01
 -3.10807315e+01 -2.79059225e+01
 -3.10807315e+01 -2.79059225e+01
 -3.10807315e+01 -2.79059225e+01
 -3.10807315e+01 -2.79059225e+01
 -3.10807315e+01 -2.79059225e+01
 -3.10807315e+01 -2.79059225e+01
 -3.10807315e+01 -2.79059225e+01
 -3.10807315e+01 -2.79059225e+01
 -3.10807315e+01 -2.79059225e+01
 -3.10807315e+01 -2.79059225e+01
 -3.10807315e+01 -2.79059225e+01
 -3.10807315e+01 -2.79059225e+01
 -3.10807315e+01 -2.79059225e+01
 -3.10807315e+01 -2.79059225e+01
 -3.10807315e+01 -2.79059225e+01
