 0.00000000e+00 0.00000000e+00
 0.00000000e+00 0.00000000e+00
 0.00000000e+00 0.00000000e+00
 0.00000000e+00 0.00000000e+00
 0.00000000e+00 0.00000000e+00
 0.00000000e+00 0.00000000e+00
 0.00000000e+00 0.00000000e+00
 0.00000000e+00 0.00000000e+00
 0.00000000e+00 0.00000000e+00
 0.00000000e+00 0.00000000e+00
 0.00000000e+00 0.00000000e+00
 -1.20767172e-01 1.70018798e-01
 -3.10820958e-01 3.81179574e-01
 -5.74954594e-01 6.13001360e-01
 -9.09288779e-01 8.44391483e-01
 -1.30694485e+00 1.05949627e+00
 -1.76303239e+00 1.24815051e+00
 -2.27585871e+00 1.40361470e+00
 -2.84572364e+00 1.52085422e+00
 -3.47378867e+00 1.59607419e+00
 -4.16153195e+00 1.62612932e+00
 -4.91013391e+00 1.60700665e+00
 -5.71979940e+00 1.53271782e+00
 -6.58942195e+00 1.39605061e+00
 -7.51649855e+00 1.19021461e+00
 -8.49701447e+00 9.09414237e-01
 -9.52536945e+00 5.48276623e-01
 -1.05946382e+01 1.01431965e-01
 -1.16973723e+01 -4.36413007e-01
 -1.28267649e+01 -1.07053371e+00
 -1.39775140e+01 -1.80647852e+00
 -1.51457812e+01 -2.65001247e+00
 -1.63282700e+01 -3.60640392e+00
 -1.75208976e+01 -4.67935040e+00
 -1.87175537e+01 -5.87003686e+00
 -1.99092431e+01 -7.17656416e+00
 -2.10835155e+01 -8.59342147e+00
 -2.22237003e+01 -1.01103030e+01
 -2.33078710e+01 -1.17101734e+01
 -2.43085682e+01 -1.33677805e+01
 -2.51945295e+01 -1.50502300e+01
 -2.59342551e+01 -1.67199772e+01
 -2.64997917e+01 -1.83388817e+01
 -2.68692888e+01 -1.98715690e+01
 -2.70282909e+01 -2.12874679e+01
 -2.69707184e+01 -2.25620679e+01
 -2.66996898e+01 -2.36778768e+01
 -2.62267966e+01 -2.46247807e+01
 -2.55690096e+01 -2.53993134e+01
 -2.47447999e+01 -2.60028907e+01
 -2.37717374e+01 -2.64394100e+01
 -2.26659734e+01 -2.67126284e+01
 -2.14425825e+01 -2.68241828e+01
 -2.01161678e+01 -2.67735284e+01
 -1.87019654e+01 -2.65599194e+01
 -1.72175954e+01 -2.61845903e+01
 -1.56848803e+01 -2.56513397e+01
 -1.41306002e+01 -2.49658876e+01
 -1.25853403e+01 -2.41355440e+01
 -1.10806513e+01 -2.31696187e+01
 -9.64571254e+00 -2.20796731e+01
 -8.30483278e+00 -2.08789201e+01
 -7.07653844e+00 -1.95812085e+01
 -5.97413345e+00 -1.82006243e+01
 -5.00710159e+00 -1.67521644e+01
 -4.18289478e+00 -1.52528109e+01
 -3.50885476e+00 -1.37218976e+01
 -2.99362787e+00 -1.21803644e+01
 -2.64725924e+00 -1.06494933e+01
 -2.47993112e+00 -9.15002475e+00
 -2.50008156e+00 -7.70204987e+00
 -2.71252324e+00 -6.32523353e+00
 -3.11682393e+00 -5.03858922e+00
 -3.70616961e+00 -3.85968255e+00
 -4.46687638e+00 -2.80399690e+00
 -5.37866104e+00 -1.88504503e+00
 -6.41591582e+00 -1.11498189e+00
 -7.55006099e+00 -5.05132520e-01
 -8.75237155e+00 -6.60675743e-02
 -9.99624721e+00 1.92879235e-01
 -1.12581705e+01 2.64465329e-01
 -1.25172955e+01 1.44290131e-01
 -1.37544612e+01 -1.69023426e-01
 -1.49518283e+01 -6.74327056e-01
 -1.60934969e+01 -1.36870925e+00
 -1.71660793e+01 -2.24775226e+00
 -1.81580573e+01 -3.30475037e+00
 -1.90579427e+01 -4.52911800e+00
 -1.98522961e+01 -5.90485788e+00
 -2.05247150e+01 -7.40994223e+00
 -2.10563391e+01 -9.01686877e+00
 -2.14278784e+01 -1.06939826e+01
 -2.16229780e+01 -1.24069479e+01
 -2.16329709e+01 -1.41203854e+01
 -2.14633472e+01 -1.58007499e+01
 -2.11406481e+01 -1.74214592e+01
 -2.07140825e+01 -1.89690102e+01
 -2.02448425e+01 -2.04460818e+01
 -1.97852096e+01 -2.18682491e+01
 -1.93617711e+01 -2.32557041e+01
 -1.89751568e+01 -2.46254046e+01
 -1.86129377e+01 -2.59877940e+01
 -1.82625463e+01 -2.73477706e+01
 -1.79165097e+01 -2.87071120e+01
 -1.75717089e+01 -3.00663202e+01
 -1.72271803e+01 -3.14255064e+01
 -1.68826984e+01 -3.27846896e+01
 -1.65382228e+01 -3.41438724e+01
 -1.61937483e+01 -3.55030533e+01
 -1.58492784e+01 -3.68622163e+01
 -1.55048430e+01 -3.82212433e+01
 -1.51606126e+01 -3.95794610e+01
 -1.48173402e+01 -4.09338993e+01
 -1.44775842e+01 -4.22744626e+01
 -1.41479918e+01 -4.35749242e+01
 -1.38415589e+01 -4.47840059e+01
 -1.35767891e+01 -4.58286989e+01
 -1.33712523e+01 -4.66396785e+01
 -1.33712523e+01 -4.66396785e+01
 -1.33712523e+01 -4.66396785e+01
 -1.33712523e+01 -4.66396785e+01
 -1.33712523e+01 -4.66396785e+01
 -1.33712523e+01 -4.66396785e+01
 -1.33712523e+01 -4.66396785e+01
 -1.33712523e+01 -4.66396785e+01
 -1.33712523e+01 -4.66396785e+01
 -1.33712523e+01 -4.66396785e+01
 -1.33712523e+01 -4.66396785e+01
 -1.33712523e+01 -4.66396785e+01
 -1.33712523e+01 -4.66396785e+01
 -1.33712523e+01 -4.66396785e+01
 -1.33712523e+01 -4.66396785e+01
 -1.33712523e+01 -4.66396785e+01
 -1.33712523e+01 -4.66396785e+01
 -1.33712523e+01 -4.66396785e+01
 -1.33712523e+01 -4.66396785e+01
 -1.33712523e+01 -4.66396785e+01
 -1.33712523e+01 -4.66396785e+01
 -1.33712523e+01 -4.66396785e+01
 -1.33712523e+01 -4.66396785e+01
 -1.33712523e+01 -4.66396785e+01
 -1.33712523e+01 -4.66396785e+01
 -1.33712523e+01 -4.66396785e+01
 -1.33712523e+01 -4.66396785e+01
 -1.33712523e+01 -4.66396785e+01
 -1.33712523e+01 -4.66396785e+01
 -1.33712523e+01 -4.66396785e+01
 -1.33712523e+01 -4.66396785e+01
 -1.33712523e+01 -4.66396785e+01
 -1.33712523e+01 -4.66396785e+01
 -1.33712523e+01 -4.66396785e+01
 -1.33712523e+01 -4.66396785e+01
 -1.33712523e+01 -4.66396785e+01
 -1.33712523e+01 -4.66396785e+01
 -1.33712523e+01 -4.66396785e+01
 -1.33712523e+01 -4.66396785e+01
 -1.33712523e+01 -4.66396785e+01
 -1.33712523e+01 -4.66396785e+01
 -1.33712523e+01 -4.66396785e+01
 -1.33712523e+01 -4.66396785e+01
 -1.33712523e+01 -4.66396785e+01
 -1.33712523e+01 -4.66396785e+01
 -1.33712523e+01 -4.66396785e+01
 -1.33712523e+01 -4.66396785e+01
 -1.33712523e+01 -4.66396785e+01
 -1.33712523e+01 -4.66396785e+01
 -1.33712523e+01 -4.66396785e+01
 -1.33712523e+01 -4.66396785e+01
 -1.33712523e+01 -4.66396785e+01
 -1.33712523e+01 -4.66396785e+01
 -1.33712523e+01 -4.66396785e+01
 -1.33712523e+01 -4.66396785e+01
 -1.33712523e+01 -4.66396785e+01
 -1.33712523e+01 -4.66396785e+01
 -1.33712523e+01 -4.66396785e+01
 -1.33712523e+01 -4.66396785e+01
 -1.33712523e+01 -4.66396785e+01
 -1.33712523e+01 -4.66396785e+01
 -1.33712523e+01 -4.66396785e+01
 -1.33712523e+01 -4.66396785e+01
 -1.33712523e+01 -4.66396785e+01
 -1.33712523e+01 -4.66396785e+01
 -1.33712523e+01 -4.66396785e+01
