 0.00000000e+00 0.00000000e+00
 0.00000000e+00 0.00000000e+00
 0.00000000e+00 0.00000000e+00
 0.00000000e+00 0.00000000e+00
 0.00000000e+00 0.00000000e+00
 0.00000000e+00 0.00000000e+00
 0.00000000e+00 0.00000000e+00
 0.00000000e+00 0.00000000e+00
 0.00000000e+00 0.00000000e+00
 0.00000000e+00 0.00000000e+00
 -2.15844985e-01 2.05115151e-01
 -5.22672136e-01 4.71034240e-01
 -9.14933585e-01 7.79331513e-01
 -1.37726460e+00 1.10874832e+00
 -1.89216165e+00 1.44169902e+00
 -2.44621864e+00 1.76533389e+00
 -3.03210084e+00 2.06958649e+00
 -3.64695139e+00 2.34553824e+00
 -4.29005048e+00 2.58526188e+00
 -4.96179957e+00 2.78267128e+00
 -5.66396940e+00 2.93447562e+00
 -6.40001994e+00 3.04024727e+00
 -7.17475488e+00 3.10090257e+00
 -7.99363045e+00 3.11614803e+00
 -8.86243285e+00 3.08271704e+00
 -9.78730575e+00 2.99445587e+00
 -1.07743712e+01 2.84324896e+00
 -1.18287077e+01 2.61955883e+00
 -1.29533679e+01 2.31291108e+00
 -1.41488112e+01 1.91297165e+00
 -1.54122207e+01 1.41077286e+00
 -1.67363667e+01 7.99456788e-01
 -1.81085648e+01 7.48100317e-02
 -1.95103488e+01 -7.63880306e-01
 -2.09178560e+01 -1.71290729e+00
 -2.23026973e+01 -2.76398476e+00
 -2.36332748e+01 -3.90524430e+00
 -2.48765880e+01 -5.12290435e+00
 -2.60004026e+01 -6.40268734e+00
 -2.69754723e+01 -7.73043154e+00
 -2.77774515e+01 -9.09207766e+00
 -2.83881709e+01 -1.04734770e+01
 -2.87960698e+01 -1.18601095e+01
 -2.89959339e+01 -1.32365307e+01
 -2.89884738e+01 -1.45856964e+01
 -2.87800012e+01 -1.58887783e+01
 -2.83817462e+01 -1.71258900e+01
 -2.78084106e+01 -1.82773695e+01
 -2.70765182e+01 -1.93248243e+01
 -2.62035471e+01 -2.02515766e+01
 -2.52080013e+01 -2.10428966e+01
 -2.41096297e+01 -2.16864858e+01
 -2.29290275e+01 -2.21730018e+01
 -2.16866563e+01 -2.24960350e+01
 -2.04019578e+01 -2.26514821e+01
 -1.90930166e+01 -2.26369368e+01
 -1.77763675e+01 -2.24516007e+01
 -1.64662119e+01 -2.20965217e+01
 -1.51731214e+01 -2.15746238e+01
 -1.39032632e+01 -2.08903115e+01
 -1.26589573e+01 -2.00490739e+01
 -1.14404161e+01 -1.90578963e+01
 -1.02480810e+01 -1.79268027e+01
 -9.08507862e+00 -1.66706261e+01
 -7.95929144e+00 -1.53094863e+01
 -6.88452128e+00 -1.38674624e+01
 -5.88057967e+00 -1.23705774e+01
 -4.97253061e+00 -1.08455615e+01
 -4.18913172e+00 -9.31960968e+00
 -3.56000476e+00 -7.82003589e+00
 -3.11142743e+00 -6.37284969e+00
 -2.86216760e+00 -5.00063709e+00
 -2.82148188e+00 -3.72116121e+00
 -2.98973300e+00 -2.54764937e+00
 -3.36004170e+00 -1.49034978e+00
 -3.91970869e+00 -5.58128215e-01
 -4.65174356e+00 2.40744592e-01
 -5.53692517e+00 8.98592886e-01
 -6.55572623e+00 1.40872225e+00
 -7.68931057e+00 1.76602188e+00
 -8.91966014e+00 1.96761787e+00
 -1.02292992e+01 2.01304147e+00
 -1.16008471e+01 1.90373054e+00
 -1.30164948e+01 1.64263712e+00
 -1.44576289e+01 1.23452917e+00
 -1.59047560e+01 6.86422733e-01
 -1.73375761e+01 7.47863593e-03
 -1.87349414e+01 -7.91367927e-01
 -2.00746435e+01 -1.69746000e+00
 -2.13332567e+01 -2.69601788e+00
 -2.24862862e+01 -3.76951178e+00
 -2.35085203e+01 -4.89721876e+00
 -2.43744208e+01 -6.05548574e+00
 -2.50592064e+01 -7.21900444e+00
 -2.55419217e+01 -8.36293140e+00
 -2.58110314e+01 -9.46545618e+00
 -2.58718097e+01 -1.05106058e+01
 -2.57533040e+01 -1.14910619e+01
 -2.55095140e+01 -1.24098964e+01
 -2.52081274e+01 -1.32793425e+01
 -2.49083817e+01 -1.41160478e+01
 -2.46423924e+01 -1.49351907e+01
 -2.44136927e+01 -1.57469130e+01
 -2.42105140e+01 -1.65562615e+01
 -2.40199399e+01 -1.73650799e+01
 -2.38340634e+01 -1.81738367e+01
 -2.36495316e+01 -1.89826001e+01
 -2.34652979e+01 -1.97913685e+01
 -2.32811155e+01 -2.06001383e+01
 -2.30969400e+01 -2.14089082e+01
 -2.29127655e+01 -2.22176770e+01
 -2.27285935e+01 -2.30264351e+01
 -2.25444399e+01 -2.38351123e+01
 -2.23603959e+01 -2.46433080e+01
 -2.21768641e+01 -2.54492547e+01
 -2.19952124e+01 -2.62469453e+01
 -2.18189947e+01 -2.70207737e+01
 -2.16551593e+01 -2.77402273e+01
 -2.15135992e+01 -2.83618628e+01
 -2.14037082e+01 -2.88444292e+01
 -2.14037082e+01 -2.88444292e+01
 -2.14037082e+01 -2.88444292e+01
 -2.14037082e+01 -2.88444292e+01
 -2.14037082e+01 -2.88444292e+01
 -2.14037082e+01 -2.88444292e+01
 -2.14037082e+01 -2.88444292e+01
 -2.14037082e+01 -2.88444292e+01
 -2.14037082e+01 -2.88444292e+01
 -2.14037082e+01 -2.88444292e+01
 -2.14037082e+01 -2.88444292e+01
 -2.14037082e+01 -2.88444292e+01
 -2.14037082e+01 -2.88444292e+01
 -2.14037082e+01 -2.88444292e+01
 -2.14037082e+01 -2.88444292e+01
 -2.14037082e+01 -2.88444292e+01
 -2.14037082e+01 -2.88444292e+01
 -2.14037082e+01 -2.88444292e+01
 -2.14037082e+01 -2.88444292e+01
 -2.14037082e+01 -2.88444292e+01
 -2.14037082e+01 -2.88444292e+01
 -2.14037082e+01 -2.88444292e+01
 -2.14037082e+01 -2.88444292e+01
 -2.14037082e+01 -2.88444292e+01
 -2.14037082e+01 -2.88444292e+01
 -2.14037082e+01 -2.88444292e+01
 -2.14037082e+01 -2.88444292e+01
 -2.14037082e+01 -2.88444292e+01
 -2.14037082e+01 -2.88444292e+01
 -2.14037082e+01 -2.88444292e+01
 -2.14037082e+01 -2.88444292e+01
 -2.14037082e+01 -2.88444292e+01
 -2.14037082e+01 -2.88444292e+01
 -2.14037082e+01 -2.88444292e+01
 -2.14037082e+01 -2.88444292e+01
 -2.14037082e+01 -2.88444292e+01
 -2.14037082e+01 -2.88444292e+01
 -2.14037082e+01 -2.88444292e+01
 -2.14037082e+01 -2.88444292e+01
 -2.14037082e+01 -2.88444292e+01
 -2.14037082e+01 -2.88444292e+01
 -2.14037082e+01 -2.88444292e+01
 -2.14037082e+01 -2.88444292e+01
 -2.14037082e+01 -2.88444292e+01
 -2.14037082e+01 -2.88444292e+01
 -2.14037082e+01 -2.88444292e+01
 -2.14037082e+01 -2.88444292e+01
 -2.14037082e+01 -2.88444292e+01
 -2.14037082e+01 -2.88444292e+01
 -2.14037082e+01 -2.88444292e+01
 -2.14037082e+01 -2.88444292e+01
 -2.14037082e+01 -2.88444292e+01
 -2.14037082e+01 -2.88444292e+01
 -2.14037082e+01 -2.88444292e+01
 -2.14037082e+01 -2.88444292e+01
 -2.14037082e+01 -2.88444292e+01
 -2.14037082e+01 -2.88444292e+01
 -2.14037082e+01 -2.88444292e+01
 -2.14037082e+01 -2.88444292e+01
 -2.14037082e+01 -2.88444292e+01
 -2.14037082e+01 -2.88444292e+01
 -2.14037082e+01 -2.88444292e+01
 -2.14037082e+01 -2.88444292e+01
 -2.14037082e+01 -2.88444292e+01
