 0.00000000e+00 0.00000000e+00
 0.00000000e+00 0.00000000e+00
 0.00000000e+00 0.00000000e+00
 0.00000000e+00 0.00000000e+00
 -1.23751925e-02 9.57125588e-02
 -2.99693768e-02 2.03672215e-01
 -4.97535615e-02 3.07365551e-01
 -6.73661216e-02 3.93225933e-01
 -7.98565409e-02 4.52964369e-01
 -8.73033359e-02 4.79890409e-01
 -9.25626083e-02 4.63383480e-01
 -1.00756673e-01 3.85971485e-01
 -1.19727890e-01 2.23974104e-01
 -1.60499756e-01 -5.01038012e-02
 -2.36183784e-01 -4.65342776e-01
 -3.59720524e-01 -1.05089698e+00
 -5.42544166e-01 -1.83457464e+00
 -7.95089202e-01 -2.84065495e+00
 -1.12777705e+00 -4.08689113e+00
 -1.55103974e+00 -5.58200250e+00
 -2.07463261e+00 -7.32564424e+00
 -2.70733048e+00 -9.31151114e+00
 -3.45736112e+00 -1.15313498e+01
 -4.33263191e+00 -1.39761260e+01
 -5.33932209e+00 -1.66326508e+01
 -6.47859402e+00 -1.94780041e+01
 -7.74300270e+00 -2.24761153e+01
 -9.11459874e+00 -2.55788235e+01
 -1.05653646e+01 -2.87297985e+01
 -1.20590641e+01 -3.18679219e+01
 -1.35533247e+01 -3.49286841e+01
 -1.50018507e+01 -3.78454434e+01
 -1.63576143e+01 -4.05533439e+01
 -1.75774028e+01 -4.29962272e+01
 -1.86267568e+01 -4.51335109e+01
 -1.94835060e+01 -4.69431615e+01
 -2.01384617e+01 -4.84193083e+01
 -2.05931290e+01 -4.95663424e+01
 -2.08557479e+01 -5.03928899e+01
 -2.09377542e+01 -5.09082225e+01
 -2.08524511e+01 -5.11214839e+01
 -2.06159061e+01 -5.10421642e+01
 -2.02477257e+01 -5.06800005e+01
 -1.97694499e+01 -5.00440137e+01
 -1.92014439e+01 -4.91419586e+01
 -1.85611292e+01 -4.79813230e+01
 -1.78635623e+01 -4.65714764e+01
 -1.71227039e+01 -4.49255091e+01
 -1.63516803e+01 -4.30608181e+01
 -1.55621943e+01 -4.09988077e+01
 -1.47642202e+01 -3.87646835e+01
 -1.39663703e+01 -3.63876731e+01
 -1.31764050e+01 -3.39009980e+01
 -1.24014494e+01 -3.13408399e+01
 -1.16480014e+01 -2.87445142e+01
 -1.09218551e+01 -2.61487881e+01
 -1.02277013e+01 -2.35887760e+01
 -9.56815503e+00 -2.10967249e+01
 -8.94258816e+00 -1.86998664e+01
 -8.34662861e+00 -1.64178035e+01
 -7.77275500e+00 -1.42611555e+01
 -7.21148933e+00 -1.22327340e+01
 -6.65230818e+00 -1.03306717e+01
 -6.08391760e+00 -8.55153252e+00
 -5.49426502e+00 -6.89180364e+00
 -4.87072255e+00 -5.34778115e+00
 -4.20052863e+00 -3.91506856e+00
 -3.47167601e+00 -2.58870702e+00
 -2.67459899e+00 -1.36391025e+00
 -1.80428825e+00 -2.36794492e-01
 -8.61534155e-01 7.95244628e-01
 1.47601664e-01 1.73337834e+00
 1.21342062e+00 2.57715259e+00
 2.32375270e+00 3.32429991e+00
 3.46400070e+00 3.97096564e+00
 4.61710881e+00 4.51261805e+00
 5.76483108e+00 4.94536032e+00
 6.89016769e+00 5.26712145e+00
 7.97934173e+00 5.47842350e+00
 9.02193170e+00 5.58267325e+00
 1.00093507e+01 5.58609514e+00
 1.09330637e+01 5.49745649e+00
 1.17838134e+01 5.32745123e+00
 1.25521204e+01 5.08744075e+00
 1.32293179e+01 4.78770778e+00
 1.38080686e+01 4.43587698e+00
 1.42819191e+01 4.03596222e+00
 1.46442733e+01 3.58802946e+00
 1.48874132e+01 3.08836064e+00
 1.50020291e+01 2.53011882e+00
 1.49775711e+01 1.90455066e+00
 1.48034238e+01 1.20273111e+00
 1.44704747e+01 4.17696493e-01
 1.39726201e+01 -4.53495802e-01
 1.33081658e+01 -1.40836614e+00
 1.24811328e+01 -2.43851344e+00
 1.15019270e+01 -3.52981398e+00
 1.03867290e+01 -4.66314890e+00
 9.15581790e+00 -5.81580185e+00
 7.83179160e+00 -6.96352899e+00
 6.43841523e+00 -8.08278153e+00
 5.00012802e+00 -9.15243210e+00
 3.54168797e+00 -1.01548516e+01
 2.08726954e+00 -1.10766515e+01
 6.58956428e-01 -1.19092232e+01
 -7.24268244e-01 -1.26487154e+01
 -2.04574226e+00 -1.32951097e+01
 -3.28882354e+00 -1.38505772e+01
 -4.43511273e+00 -1.43176232e+01
 -5.46513996e+00 -1.46974507e+01
 -6.36135437e+00 -1.49888170e+01
 -7.11134151e+00 -1.51877426e+01
 -7.71002270e+00 -1.52890655e+01
 -8.16233503e+00 -1.52911909e+01
 -8.48749489e+00 -1.52033198e+01
 -8.72073166e+00 -1.50499859e+01
 -8.90620337e+00 -1.48664323e+01
 -9.08244584e+00 -1.46853271e+01
 -9.27091856e+00 -1.45246661e+01
 -9.47583607e+00 -1.43861423e+01
 -9.69236071e+00 -1.42626680e+01
 -9.91460607e+00 -1.41465959e+01
 -1.01389585e+01 -1.40332736e+01
 -1.03639056e+01 -1.39207365e+01
 -1.05889826e+01 -1.38083730e+01
 -1.08140818e+01 -1.36960394e+01
 -1.10391839e+01 -1.35837098e+01
 -1.12642860e+01 -1.34713807e+01
 -1.14893851e+01 -1.33590532e+01
 -1.17144617e+01 -1.32467369e+01
 -1.19394043e+01 -1.31344875e+01
 -1.21637210e+01 -1.30225505e+01
 -1.23857397e+01 -1.29117601e+01
 -1.26011170e+01 -1.28042840e+01
 -1.28013602e+01 -1.27043599e+01
 -1.29743781e+01 -1.26180216e+01
 -1.31086893e+01 -1.25509985e+01
 -1.31086893e+01 -1.25509985e+01
 -1.31086893e+01 -1.25509985e+01
 -1.31086893e+01 -1.25509985e+01
 -1.31086893e+01 -1.25509985e+01
 -1.31086893e+01 -1.25509985e+01
 -1.31086893e+01 -1.25509985e+01
 -1.31086893e+01 -1.25509985e+01
 -1.31086893e+01 -1.25509985e+01
 -1.31086893e+01 -1.25509985e+01
 -1.31086893e+01 -1.25509985e+01
 -1.31086893e+01 -1.25509985e+01
 -1.31086893e+01 -1.25509985e+01
 -1.31086893e+01 -1.25509985e+01
 -1.31086893e+01 -1.25509985e+01
 -1.31086893e+01 -1.25509985e+01
 -1.31086893e+01 -1.25509985e+01
 -1.31086893e+01 -1.25509985e+01
 -1.31086893e+01 -1.25509985e+01
 -1.31086893e+01 -1.25509985e+01
 -1.31086893e+01 -1.25509985e+01
 -1.31086893e+01 -1.25509985e+01
 -1.31086893e+01 -1.25509985e+01
 -1.31086893e+01 -1.25509985e+01
 -1.31086893e+01 -1.25509985e+01
 -1.31086893e+01 -1.25509985e+01
 -1.31086893e+01 -1.25509985e+01
 -1.31086893e+01 -1.25509985e+01
 -1.31086893e+01 -1.25509985e+01
 -1.31086893e+01 -1.25509985e+01
 -1.31086893e+01 -1.25509985e+01
 -1.31086893e+01 -1.25509985e+01
 -1.31086893e+01 -1.25509985e+01
 -1.31086893e+01 -1.25509985e+01
 -1.31086893e+01 -1.25509985e+01
 -1.31086893e+01 -1.25509985e+01
 -1.31086893e+01 -1.25509985e+01
 -1.31086893e+01 -1.25509985e+01
 -1.31086893e+01 -1.25509985e+01
 -1.31086893e+01 -1.25509985e+01
 -1.31086893e+01 -1.25509985e+01
