 0.00000000e+00 0.00000000e+00
 0.00000000e+00 0.00000000e+00
 0.00000000e+00 0.00000000e+00
 0.00000000e+00 0.00000000e+00
 -3.40356823e-02 4.85962838e-02
 -8.01192743e-02 9.74670059e-02
 -1.34811471e-01 1.32207235e-01
 -1.94901466e-01 1.36393754e-01
 -2.60712168e-01 9.23866759e-02
 -3.37641459e-01 -1.86079805e-02
 -4.35138877e-01 -2.16314944e-01
 -5.63890286e-01 -5.21291287e-01
 -7.33182007e-01 -9.54943504e-01
 -9.50045576e-01 -1.53863250e+00
 -1.21976706e+00 -2.29113474e+00
 -1.54617037e+00 -3.22527519e+00
 -1.93117590e+00 -4.34566619e+00
 -2.37452640e+00 -5.64895128e+00
 -2.87441067e+00 -7.12622017e+00
 -3.42883648e+00 -8.76602916e+00
 -4.03734167e+00 -1.05568598e+01
 -4.70274051e+00 -1.24889960e+01
 -5.43223365e+00 -1.45559512e+01
 -6.23666078e+00 -1.67546900e+01
 -7.12720242e+00 -1.90836086e+01
 -8.11065376e+00 -2.15383583e+01
 -9.18571525e+00 -2.41070393e+01
 -1.03418165e+01 -2.67666324e+01
 -1.15597419e+01 -2.94817018e+01
 -1.28124963e+01 -3.22054704e+01
 -1.40662279e+01 -3.48829207e+01
 -1.52824475e+01 -3.74554103e+01
 -1.64222851e+01 -3.98661415e+01
 -1.74517218e+01 -4.20656603e+01
 -1.83456538e+01 -4.40164823e+01
 -1.90894727e+01 -4.56961102e+01
 -1.96786072e+01 -4.70979863e+01
 -2.01172676e+01 -4.82301125e+01
 -2.04170298e+01 -4.91115069e+01
 -2.05950428e+01 -4.97674244e+01
 -2.06716623e+01 -5.02246007e+01
 -2.06681773e+01 -5.05073800e+01
 -2.06056509e+01 -5.06351610e+01
 -2.05047471e+01 -5.06213238e+01
 -2.03852223e+01 -5.04732150e+01
 -2.02643056e+01 -5.01923877e+01
 -2.01546094e+01 -4.97750335e+01
 -2.00628282e+01 -4.92133965e+01
 -1.99899335e+01 -4.84983076e+01
 -1.99321774e+01 -4.76217166e+01
 -1.98815809e+01 -4.65782872e+01
 -1.98262092e+01 -4.53663769e+01
 -1.97520123e+01 -4.39890212e+01
 -1.96460905e+01 -4.24547261e+01
 -1.94986886e+01 -4.07775522e+01
 -1.93025339e+01 -3.89766629e+01
 -1.90512774e+01 -3.70759999e+01
 -1.87392035e+01 -3.51041527e+01
 -1.83623277e+01 -3.30935527e+01
 -1.79194748e+01 -3.10781827e+01
 -1.74120671e+01 -2.90901551e+01
 -1.68426365e+01 -2.71564210e+01
 -1.62132343e+01 -2.52966694e+01
 -1.55248572e+01 -2.35227440e+01
 -1.47780090e+01 -2.18394208e+01
 -1.39736962e+01 -2.02461178e+01
 -1.31140378e+01 -1.87388696e+01
 -1.22022105e+01 -1.73119502e+01
 -1.12422561e+01 -1.59589540e+01
 -1.02394894e+01 -1.46735203e+01
 -9.20136686e+00 -1.34499790e+01
 -8.13781762e+00 -1.22841156e+01
 -7.06058034e+00 -1.11740203e+01
 -5.98234898e+00 -1.01206893e+01
 -4.91667817e+00 -9.12811836e+00
 -3.87841652e+00 -8.20305506e+00
 -2.88352140e+00 -7.35463293e+00
 -1.94764978e+00 -6.59361553e+00
 -1.08421412e+00 -5.93081050e+00
 -3.03004441e-01 -5.37488530e+00
 3.90299588e-01 -4.93055752e+00
 9.94154335e-01 -4.59804371e+00
 1.51110968e+00 -4.37383616e+00
 1.94762639e+00 -4.25218610e+00
 2.31331638e+00 -4.22670772e+00
 2.61926751e+00 -4.29190346e+00
 2.87576270e+00 -4.44435463e+00
 3.09040021e+00 -4.68297950e+00
 3.26769221e+00 -5.00805500e+00
 3.41038495e+00 -5.41958162e+00
 3.52135551e+00 -5.91584631e+00
 3.60435686e+00 -6.49239333e+00
 3.66333299e+00 -7.14119026e+00
 3.70183277e+00 -7.85012226e+00
 3.72328746e+00 -8.60331232e+00
 3.73086848e+00 -9.38255129e+00
 3.72602281e+00 -1.01694273e+01
 3.70686004e+00 -1.09471835e+01
 3.66776576e+00 -1.17017161e+01
 3.60002850e+00 -1.24221301e+01
 3.49262800e+00 -1.31014873e+01
 3.33292416e+00 -1.37375559e+01
 3.10717764e+00 -1.43328356e+01
 2.80078477e+00 -1.48936329e+01
 2.39870352e+00 -1.54286900e+01
 1.88672827e+00 -1.59478851e+01
 1.25326018e+00 -1.64609818e+01
 4.90603459e-01 -1.69761675e+01
 -4.04288762e-01 -1.74985296e+01
 -1.42878551e+00 -1.80290506e+01
 -2.57305410e+00 -1.85644794e+01
 -3.81899657e+00 -1.90978223e+01
 -5.14054182e+00 -1.96189835e+01
 -6.50514923e+00 -2.01154260e+01
 -7.87584570e+00 -2.05730283e+01
 -9.21348581e+00 -2.09771587e+01
 -1.04793593e+01 -2.13135996e+01
 -1.16380866e+01 -2.15688868e+01
 -1.26603616e+01 -2.17304417e+01
 -1.35256862e+01 -2.17882823e+01
 -1.42265510e+01 -2.17401402e+01
 -1.47745083e+01 -2.15983303e+01
 -1.52036467e+01 -2.13919953e+01
 -1.55639961e+01 -2.11592733e+01
 -1.59043281e+01 -2.09326385e+01
 -1.62555372e+01 -2.07281530e+01
 -1.66266775e+01 -2.05458740e+01
 -1.70133155e+01 -2.03781432e+01
 -1.74080701e+01 -2.02174078e+01
 -1.78059532e+01 -2.00592329e+01
 -1.82047513e+01 -1.99017818e+01
 -1.86037553e+01 -1.97444897e+01
 -1.90027951e+01 -1.95872248e+01
 -1.94018397e+01 -1.94299636e+01
 -1.98008843e+01 -1.92727029e+01
 -2.01999237e+01 -1.91154444e+01
 -2.05989232e+01 -1.89582016e+01
 -2.09976850e+01 -1.88010525e+01
 -2.13953373e+01 -1.86443406e+01
 -2.17889159e+01 -1.84892341e+01
 -2.21707211e+01 -1.83387674e+01
 -2.25256978e+01 -1.81988737e+01
 -2.28324113e+01 -1.80780001e+01
 -2.30705084e+01 -1.79841678e+01
 -2.30705084e+01 -1.79841678e+01
 -2.30705084e+01 -1.79841678e+01
 -2.30705084e+01 -1.79841678e+01
 -2.30705084e+01 -1.79841678e+01
 -2.30705084e+01 -1.79841678e+01
 -2.30705084e+01 -1.79841678e+01
 -2.30705084e+01 -1.79841678e+01
 -2.30705084e+01 -1.79841678e+01
 -2.30705084e+01 -1.79841678e+01
 -2.30705084e+01 -1.79841678e+01
 -2.30705084e+01 -1.79841678e+01
 -2.30705084e+01 -1.79841678e+01
 -2.30705084e+01 -1.79841678e+01
 -2.30705084e+01 -1.79841678e+01
 -2.30705084e+01 -1.79841678e+01
 -2.30705084e+01 -1.79841678e+01
 -2.30705084e+01 -1.79841678e+01
 -2.30705084e+01 -1.79841678e+01
 -2.30705084e+01 -1.79841678e+01
 -2.30705084e+01 -1.79841678e+01
 -2.30705084e+01 -1.79841678e+01
 -2.30705084e+01 -1.79841678e+01
 -2.30705084e+01 -1.79841678e+01
 -2.30705084e+01 -1.79841678e+01
 -2.30705084e+01 -1.79841678e+01
 -2.30705084e+01 -1.79841678e+01
 -2.30705084e+01 -1.79841678e+01
 -2.30705084e+01 -1.79841678e+01
 -2.30705084e+01 -1.79841678e+01
 -2.30705084e+01 -1.79841678e+01
 -2.30705084e+01 -1.79841678e+01
 -2.30705084e+01 -1.79841678e+01
 -2.30705084e+01 -1.79841678e+01
