 0.00000000e+00 0.00000000e+00
 0.00000000e+00 0.00000000e+00
 0.00000000e+00 0.00000000e+00
 0.00000000e+00 0.00000000e+00
 0.00000000e+00 0.00000000e+00
 0.00000000e+00 0.00000000e+00
 0.00000000e+00 0.00000000e+00
 0.00000000e+00 0.00000000e+00
 0.00000000e+00 0.00000000e+00
 -5.63671038e-02 7.82541951e-02
 -1.59305894e-01 1.67652541e-01
 -3.20598034e-01 2.54309619e-01
 -5.43313449e-01 3.27037147e-01
 -8.22775516e-01 3.81025993e-01
 -1.15130190e+00 4.16766313e-01
 -1.52212057e+00 4.36815538e-01
 -1.93022305e+00 4.43449533e-01
 -2.37160294e+00 4.38008140e-01
 -2.84294848e+00 4.21293590e-01
 -3.34223854e+00 3.94197421e-01
 -3.86968354e+00 3.57803357e-01
 -4.42866494e+00 3.12608851e-01
 -5.02664688e+00 2.57249712e-01
 -5.67578681e+00 1.87345916e-01
 -6.39252420e+00 9.46165191e-02
 -7.19564113e+00 -3.37950384e-02
 -8.10330186e+00 -2.15378445e-01
 -9.13021897e+00 -4.71130389e-01
 -1.02854820e+01 -8.23376741e-01
 -1.15706469e+01 -1.29329643e+00
 -1.29777421e+01 -1.89872204e+00
 -1.44876059e+01 -2.65228446e+00
 -1.60692611e+01 -3.55966477e+00
 -1.76807279e+01 -4.61778600e+00
 -1.92713785e+01 -5.81338627e+00
 -2.07856591e+01 -7.12305905e+00
 -2.21674743e+01 -8.51537071e+00
 -2.33643061e+01 -9.95419609e+00
 -2.43306335e+01 -1.14016920e+01
 -2.50307078e+01 -1.28201748e+01
 -2.54405674e+01 -1.41733168e+01
 -2.55488302e+01 -1.54272231e+01
 -2.53559076e+01 -1.65512717e+01
 -2.48718704e+01 -1.75180614e+01
 -2.41137865e+01 -1.83021588e+01
 -2.31033367e+01 -1.88784039e+01
 -2.18647782e+01 -1.92210918e+01
 -2.04228058e+01 -1.93045901e+01
 -1.88003701e+01 -1.91048694e+01
 -1.70172574e+01 -1.86013485e+01
 -1.50900176e+01 -1.77791235e+01
 -1.30328189e+01 -1.66316834e+01
 -1.08581867e+01 -1.51630797e+01
 -8.57700878e+00 -1.33876442e+01
 -6.19820771e+00 -1.13266526e+01
 -3.72902302e+00 -9.00410692e+00
 -1.17643319e+00 -6.44487198e+00
 1.45054626e+00 -3.67616848e+00
 4.13827735e+00 -7.30341481e-01
 6.86595242e+00 2.35352437e+00
 9.60319232e+00 5.52910031e+00
 1.23082162e+01 8.74181288e+00
 1.49275011e+01 1.19274000e+01
 1.73978629e+01 1.50124919e+01
 1.96513088e+01 1.79193541e+01
 2.16220496e+01 2.05740610e+01
 2.32539484e+01 2.29148483e+01
 2.45059756e+01 2.48972834e+01
 2.53539294e+01 2.64950064e+01
 2.57889077e+01 2.76972251e+01
 2.58148282e+01 2.85050157e+01
 2.54466846e+01 2.89277487e+01
 2.47091746e+01 2.89799566e+01
 2.36345815e+01 2.86787390e+01
 2.22600010e+01 2.80423217e+01
 2.06252480e+01 2.70906084e+01
 1.87724388e+01 2.58474200e+01
 1.67467357e+01 2.43423935e+01
 1.45965732e+01 2.26103839e+01
 1.23718852e+01 2.06882613e+01
 1.01203316e+01 1.86110456e+01
 7.88304735e+00 1.64093208e+01
 5.69173244e+00 1.41083515e+01
 3.56811746e+00 1.17282929e+01
 1.52595723e+00 9.28524334e+00
 -4.24994823e-01 6.79366517e+00
 -2.27417722e+00 4.27038344e+00
 -4.00587269e+00 1.73889529e+00
 -5.59641214e+00 -7.68372510e-01
 -7.01388352e+00 -3.21162897e+00
 -8.22079863e+00 -5.54878203e+00
 -9.17892995e+00 -7.74147319e+00
 -9.85446290e+00 -9.75907772e+00
 -1.02215739e+01 -1.15795216e+01
 -1.02634743e+01 -1.31881155e+01
 -9.97155750e+00 -1.45761229e+01
 -9.34438863e+00 -1.57395208e+01
 -8.38735203e+00 -1.66773106e+01
 -7.11212104e+00 -1.73891529e+01
 -5.53550356e+00 -1.78733752e+01
 -3.67891670e+00 -1.81266505e+01
 -1.56978772e+00 -1.81453386e+01
 7.55586190e-01 -1.79274497e+01
 3.24952643e+00 -1.74747238e+01
 5.85262395e+00 -1.67952535e+01
 8.49702336e+00 -1.59072191e+01
 1.11146081e+01 -1.48434322e+01
 1.36498222e+01 -1.36540178e+01
 1.60727683e+01 -1.24020265e+01
 1.83846218e+01 -1.11490718e+01
 2.06103117e+01 -9.93710560e+00
 2.27827094e+01 -8.77912525e+00
 2.49287986e+01 -7.66538295e+00
 2.70645721e+01 -6.57812685e+00
 2.91971574e+01 -5.50297372e+00
 3.13289740e+01 -4.43210871e+00
 3.34606480e+01 -3.36242907e+00
 3.55923020e+01 -2.29300566e+00
 3.77239541e+01 -1.22362562e+00
 3.98556057e+01 -1.54251425e-01
 4.19872545e+01 9.15120719e-01
 4.41188752e+01 1.98447871e+00
 4.62502825e+01 3.05372968e+00
 4.83804206e+01 4.12234393e+00
 5.05046313e+01 5.18798463e+00
 5.26070815e+01 6.24270883e+00
 5.46466389e+01 7.26588198e+00
 5.65428819e+01 8.21715942e+00
 5.81813088e+01 9.03909972e+00
 5.94531953e+01 9.67715973e+00
 5.94531953e+01 9.67715973e+00
 5.94531953e+01 9.67715973e+00
 5.94531953e+01 9.67715973e+00
 5.94531953e+01 9.67715973e+00
 5.94531953e+01 9.67715973e+00
 5.94531953e+01 9.67715973e+00
 5.94531953e+01 9.67715973e+00
 5.94531953e+01 9.67715973e+00
 5.94531953e+01 9.67715973e+00
 5.94531953e+01 9.67715973e+00
 5.94531953e+01 9.67715973e+00
 5.94531953e+01 9.67715973e+00
 5.94531953e+01 9.67715973e+00
 5.94531953e+01 9.67715973e+00
 5.94531953e+01 9.67715973e+00
 5.94531953e+01 9.67715973e+00
 5.94531953e+01 9.67715973e+00
 5.94531953e+01 9.67715973e+00
 5.94531953e+01 9.67715973e+00
 5.94531953e+01 9.67715973e+00
 5.94531953e+01 9.67715973e+00
 5.94531953e+01 9.67715973e+00
 5.94531953e+01 9.67715973e+00
 5.94531953e+01 9.67715973e+00
 5.94531953e+01 9.67715973e+00
 5.94531953e+01 9.67715973e+00
 5.94531953e+01 9.67715973e+00
 5.94531953e+01 9.67715973e+00
 5.94531953e+01 9.67715973e+00
 5.94531953e+01 9.67715973e+00
