 0.00000000e+00 0.00000000e+00
 0.00000000e+00 0.00000000e+00
 0.00000000e+00 0.00000000e+00
 0.00000000e+00 0.00000000e+00
 0.00000000e+00 0.00000000e+00
 0.00000000e+00 0.00000000e+00
 0.00000000e+00 0.00000000e+00
 0.00000000e+00 0.00000000e+00
 0.00000000e+00 0.00000000e+00
 -1.34211650e-02 9.81274409e-02
 -4.07953959e-02 2.05375254e-01
 -8.82577738e-02 2.99745460e-01
 -1.60529227e-01 3.59529131e-01
 -2.60622882e-01 3.65603047e-01
 -3.90745472e-01 2.98170805e-01
 -5.53444296e-01 1.32890228e-01
 -7.52552341e-01 -1.58942719e-01
 -9.93754825e-01 -6.06351274e-01
 -1.28437862e+00 -1.23422173e+00
 -1.63242448e+00 -2.06074802e+00
 -2.04567514e+00 -3.09654424e+00
 -2.53176835e+00 -4.34441678e+00
 -3.09916445e+00 -5.79939058e+00
 -3.75786279e+00 -7.44916598e+00
 -4.51872352e+00 -9.27546979e+00
 -5.39143494e+00 -1.12564629e+01
 -6.38224760e+00 -1.33693385e+01
 -7.49249402e+00 -1.55916112e+01
 -8.71795630e+00 -1.79003741e+01
 -1.00483876e+01 -2.02702820e+01
 -1.14666848e+01 -2.26717780e+01
 -1.29482021e+01 -2.50706573e+01
 -1.44612642e+01 -2.74290105e+01
 -1.59691351e+01 -2.97068093e+01
 -1.74325635e+01 -3.18635184e+01
 -1.88121665e+01 -3.38597859e+01
 -2.00709219e+01 -3.56596668e+01
 -2.11772700e+01 -3.72337060e+01
 -2.21085186e+01 -3.85625573e+01
 -2.28534328e+01 -3.96397641e+01
 -2.34128625e+01 -4.04719427e+01
 -2.37981616e+01 -4.10757893e+01
 -2.40283201e+01 -4.14731549e+01
 -2.41271449e+01 -4.16862320e+01
 -2.41212161e+01 -4.17341195e+01
 -2.40382720e+01 -4.16306268e+01
 -2.39050120e+01 -4.13826095e+01
 -2.37440607e+01 -4.09888264e+01
 -2.35713429e+01 -4.04401750e+01
 -2.33950943e+01 -3.97220175e+01
 -2.32161092e+01 -3.88181034e+01
 -2.30280752e+01 -3.77144543e+01
 -2.28178193e+01 -3.64018211e+01
 -2.25663105e+01 -3.48767789e+01
 -2.22511489e+01 -3.31426145e+01
 -2.18504538e+01 -3.12109256e+01
 -2.13473131e+01 -2.91036830e+01
 -2.07335073e+01 -2.68544727e+01
 -2.00112605e+01 -2.45077462e+01
 -1.91926204e+01 -2.21160392e+01
 -1.82971742e+01 -1.97358987e+01
 -1.73490247e+01 -1.74229997e+01
 -1.63733072e+01 -1.52266123e+01
 -1.53921933e+01 -1.31839911e+01
 -1.44208659e+01 -1.13159698e+01
 -1.34646708e+01 -9.62529806e+00
 -1.25186053e+01 -8.09857802e+00
 -1.15693522e+01 -6.71112206e+00
 -1.05988976e+01 -5.43288937e+00
 -9.58834780e+00 -4.23400744e+00
 -8.52125090e+00 -3.08947024e+00
 -7.38672387e+00 -1.98295771e+00
 -6.18262536e+00 -9.09326245e-01
 -4.91783033e+00 1.24959577e-01
 -3.61209208e+00 1.10389538e+00
 -2.29319748e+00 2.00604331e+00
 -9.92786827e-01 2.80918930e+00
 2.57650425e-01 3.49397415e+00
 1.43014231e+00 4.04596355e+00
 2.50304886e+00 4.45655810e+00
 3.46307929e+00 4.72318011e+00
 4.30588571e+00 4.84897393e+00
 5.03481401e+00 4.84227639e+00
 5.65829557e+00 4.71581296e+00
 6.18725039e+00 4.48514025e+00
 6.63349075e+00 4.16638267e+00
 7.00864135e+00 3.77432462e+00
 7.32258232e+00 3.32168494e+00
 7.58180976e+00 2.81920287e+00
 7.78932187e+00 2.27582674e+00
 7.94632525e+00 1.69892909e+00
 8.05354713e+00 1.09480038e+00
 8.11025379e+00 4.69369959e-01
 8.11250771e+00 -1.71230671e-01
 8.05360741e+00 -8.20626167e-01
 7.92662100e+00 -1.47270131e+00
 7.72611696e+00 -2.12227028e+00
 7.44753409e+00 -2.76548029e+00
 7.08546008e+00 -3.39997436e+00
 6.63255360e+00 -4.02520164e+00
 6.07945495e+00 -4.64293929e+00
 5.41522562e+00 -5.25757717e+00
 4.62812164e+00 -5.87579598e+00
 3.70688336e+00 -6.50562385e+00
 2.64274109e+00 -7.15487592e+00
 1.43203100e+00 -7.82904173e+00
 7.87790501e-02 -8.52916743e+00
 -1.40367012e+00 -9.25053017e+00
 -2.99237143e+00 -9.98245100e+00
 -4.65541063e+00 -1.07090589e+01
 -6.35299843e+00 -1.14107139e+01
 -8.03930312e+00 -1.20658564e+01
 -9.66568041e+00 -1.26530053e+01
 -1.11854500e+01 -1.31525782e+01
 -1.25593208e+01 -1.35483750e+01
 -1.37599106e+01 -1.38289757e+01
 -1.47745309e+01 -1.39896163e+01
 -1.56070629e+01 -1.40349697e+01
 -1.62797600e+01 -1.39821951e+01
 -1.68326652e+01 -1.38613487e+01
 -1.73160399e+01 -1.37093305e+01
 -1.77758698e+01 -1.35581008e+01
 -1.82409664e+01 -1.34248520e+01
 -1.87206480e+01 -1.33114258e+01
 -1.92122648e+01 -1.32115281e+01
 -1.97102397e+01 -1.31182933e+01
 -2.02106834e+01 -1.30275352e+01
 -2.07118518e+01 -1.29374844e+01
 -2.12131835e+01 -1.28475902e+01
 -2.17145438e+01 -1.27577228e+01
 -2.22159078e+01 -1.26678591e+01
 -2.27172715e+01 -1.25779958e+01
 -2.32186287e+01 -1.24881338e+01
 -2.37199357e+01 -1.23982808e+01
 -2.42209442e+01 -1.23084813e+01
 -2.47205586e+01 -1.22189316e+01
 -2.52150548e+01 -1.21302994e+01
 -2.56947587e+01 -1.20443184e+01
 -2.61407551e+01 -1.19643791e+01
 -2.65261131e+01 -1.18953085e+01
 -2.68252608e+01 -1.18416900e+01
 -2.68252608e+01 -1.18416900e+01
 -2.68252608e+01 -1.18416900e+01
 -2.68252608e+01 -1.18416900e+01
 -2.68252608e+01 -1.18416900e+01
 -2.68252608e+01 -1.18416900e+01
 -2.68252608e+01 -1.18416900e+01
 -2.68252608e+01 -1.18416900e+01
 -2.68252608e+01 -1.18416900e+01
 -2.68252608e+01 -1.18416900e+01
 -2.68252608e+01 -1.18416900e+01
 -2.68252608e+01 -1.18416900e+01
 -2.68252608e+01 -1.18416900e+01
 -2.68252608e+01 -1.18416900e+01
 -2.68252608e+01 -1.18416900e+01
 -2.68252608e+01 -1.18416900e+01
 -2.68252608e+01 -1.18416900e+01
 -2.68252608e+01 -1.18416900e+01
 -2.68252608e+01 -1.18416900e+01
 -2.68252608e+01 -1.18416900e+01
 -2.68252608e+01 -1.18416900e+01
 -2.68252608e+01 -1.18416900e+01
 -2.68252608e+01 -1.18416900e+01
 -2.68252608e+01 -1.18416900e+01
 -2.68252608e+01 -1.18416900e+01
 -2.68252608e+01 -1.18416900e+01
 -2.68252608e+01 -1.18416900e+01
 -2.68252608e+01 -1.18416900e+01
 -2.68252608e+01 -1.18416900e+01
 -2.68252608e+01 -1.18416900e+01
 -2.68252608e+01 -1.18416900e+01
 -2.68252608e+01 -1.18416900e+01
 -2.68252608e+01 -1.18416900e+01
 -2.68252608e+01 -1.18416900e+01
 -2.68252608e+01 -1.18416900e+01
 -2.68252608e+01 -1.18416900e+01
 -2.68252608e+01 -1.18416900e+01
