 0.00000000e+00 0.00000000e+00
 0.00000000e+00 0.00000000e+00
 0.00000000e+00 0.00000000e+00
 0.00000000e+00 0.00000000e+00
 0.00000000e+00 0.00000000e+00
 0.00000000e+00 0.00000000e+00
 0.00000000e+00 0.00000000e+00
 0.00000000e+00 0.00000000e+00
 -1.28584438e-02 6.87133979e-02
 -3.84522780e-02 1.42898609e-01
 -8.13379301e-02 2.07012063e-01
 -1.43930829e-01 2.45186924e-01
 -2.26915226e-01 2.42028302e-01
 -3.31253559e-01 1.80013762e-01
 -4.60073045e-01 3.67980328e-02
 -6.19440123e-01 -2.14811691e-01
 -8.18002344e-01 -6.04101559e-01
 -1.06553743e+00 -1.15848470e+00
 -1.37064200e+00 -1.89968603e+00
 -1.73843474e+00 -2.84065929e+00
 -2.16937481e+00 -3.98365714e+00
 -2.65968326e+00 -5.32006149e+00
 -3.20287100e+00 -6.83220649e+00
 -3.79140657e+00 -8.49653280e+00
 -4.41803295e+00 -1.02870248e+01
 -5.07706187e+00 -1.21784877e+01
 -5.76610576e+00 -1.41498695e+01
 -6.48780338e+00 -1.61871672e+01
 -7.24998949e+00 -1.82838810e+01
 -8.06289527e+00 -2.04369726e+01
 -8.93376791e+00 -2.26392085e+01
 -9.86133349e+00 -2.48720986e+01
 -1.08329072e+01 -2.71035820e+01
 -1.18252507e+01 -2.92909767e+01
 -1.28079148e+01 -3.13861963e+01
 -1.37468798e+01 -3.33401543e+01
 -1.46076436e+01 -3.51061836e+01
 -1.53588722e+01 -3.66445328e+01
 -1.59776469e+01 -3.79286371e+01
 -1.64549039e+01 -3.89504165e+01
 -1.67978362e+01 -3.97206675e+01
 -1.70270997e+01 -4.02633132e+01
 -1.71695926e+01 -4.06061363e+01
 -1.72501813e+01 -4.07722706e+01
 -1.72865291e+01 -4.07754209e+01
 -1.72890172e+01 -4.06192348e+01
 -1.72638640e+01 -4.02993802e+01
 -1.72156271e+01 -3.98064304e+01
 -1.71471131e+01 -3.91284456e+01
 -1.70577970e+01 -3.82533732e+01
 -1.69428315e+01 -3.71718957e+01
 -1.67935005e+01 -3.58806177e+01
 -1.65988200e+01 -3.43844078e+01
 -1.63477027e+01 -3.26967715e+01
 -1.60310843e+01 -3.08384822e+01
 -1.56435957e+01 -2.88357767e+01
 -1.51845897e+01 -2.67189941e+01
 -1.46582098e+01 -2.45213820e+01
 -1.40722361e+01 -2.22774259e+01
 -1.34360831e+01 -2.00207356e+01
 -1.27588343e+01 -1.77822701e+01
 -1.20479138e+01 -1.55895873e+01
 -1.13083071e+01 -1.34668626e+01
 -1.05420408e+01 -1.14347639e+01
 -9.74801872e+00 -9.50990259e+00
 -8.92255247e+00 -7.70455162e+00
 -8.06059692e+00 -6.02711992e+00
 -7.15723719e+00 -4.48292698e+00
 -6.20884977e+00 -3.07450250e+00
 -5.21359479e+00 -1.80112339e+00
 -4.17141807e+00 -6.58153726e-01
 -3.08427610e+00 3.62622053e-01
 -1.95725457e+00 1.27101156e+00
 -8.00431648e-01 2.07557280e+00
 3.69600214e-01 2.78140937e+00
 1.52987704e+00 3.38939224e+00
 2.65345820e+00 3.89670566e+00
 3.71330152e+00 4.29833018e+00
 4.68584201e+00 4.58898759e+00
 5.55287848e+00 4.76486492e+00
 6.30183338e+00 4.82453124e+00
 6.92546111e+00 4.76921587e+00
 7.42185324e+00 4.60318382e+00
 7.79474611e+00 4.33420594e+00
 8.05342726e+00 3.97313437e+00
 8.21120046e+00 3.53223726e+00
 8.28186536e+00 3.02329953e+00
 8.27553319e+00 2.45646461e+00
 8.19684515e+00 1.83981467e+00
 8.04717493e+00 1.17932099e+00
 7.82832460e+00 4.79058665e-01
 7.54385062e+00 -2.58247831e-01
 7.19739226e+00 -1.03034506e+00
 6.79061010e+00 -1.83438676e+00
 6.32294259e+00 -2.66593773e+00
 5.79306201e+00 -3.51827441e+00
 5.20061531e+00 -4.38216434e+00
 4.54717194e+00 -5.24625062e+00
 3.83623937e+00 -6.09797099e+00
 3.07278878e+00 -6.92473607e+00
 2.26279258e+00 -7.71506176e+00
 1.41308747e+00 -8.45936041e+00
 5.31589994e-01 -9.15016663e+00
 -3.72369002e-01 -9.78190137e+00
 -1.28794668e+00 -1.03505521e+01
 -2.20326303e+00 -1.08534647e+01
 -3.10635546e+00 -1.12891053e+01
 -3.98578998e+00 -1.16566768e+01
 -4.83026514e+00 -1.19558052e+01
 -5.62786899e+00 -1.21865950e+01
 -6.36628880e+00 -1.23499608e+01
 -7.03427521e+00 -1.24478131e+01
 -7.62371168e+00 -1.24831153e+01
 -8.13198781e+00 -1.24606855e+01
 -8.56463303e+00 -1.23893193e+01
 -8.93678928e+00 -1.22835903e+01
 -9.27076615e+00 -1.21621029e+01
 -9.58909997e+00 -1.20416351e+01
 -9.90726921e+00 -1.19314660e+01
 -1.02313018e+01 -1.18325824e+01
 -1.05607894e+01 -1.17414322e+01
 -1.08933389e+01 -1.16541113e+01
 -1.12271140e+01 -1.15682212e+01
 -1.15612560e+01 -1.14827418e+01
 -1.18954820e+01 -1.13973535e+01
 -1.22297228e+01 -1.13119810e+01
 -1.25639655e+01 -1.12266106e+01
 -1.28982080e+01 -1.11412405e+01
 -1.32324461e+01 -1.10558716e+01
 -1.35666508e+01 -1.09705112e+01
 -1.39006565e+01 -1.08852017e+01
 -1.42337327e+01 -1.08001295e+01
 -1.45633969e+01 -1.07159289e+01
 -1.48831995e+01 -1.06342470e+01
 -1.51805304e+01 -1.05583047e+01
 -1.54374357e+01 -1.04926876e+01
 -1.56368675e+01 -1.04417500e+01
 -1.56368675e+01 -1.04417500e+01
 -1.56368675e+01 -1.04417500e+01
 -1.56368675e+01 -1.04417500e+01
 -1.56368675e+01 -1.04417500e+01
 -1.56368675e+01 -1.04417500e+01
 -1.56368675e+01 -1.04417500e+01
 -1.56368675e+01 -1.04417500e+01
 -1.56368675e+01 -1.04417500e+01
 -1.56368675e+01 -1.04417500e+01
 -1.56368675e+01 -1.04417500e+01
 -1.56368675e+01 -1.04417500e+01
 -1.56368675e+01 -1.04417500e+01
 -1.56368675e+01 -1.04417500e+01
 -1.56368675e+01 -1.04417500e+01
 -1.56368675e+01 -1.04417500e+01
 -1.56368675e+01 -1.04417500e+01
 -1.56368675e+01 -1.04417500e+01
 -1.56368675e+01 -1.04417500e+01
 -1.56368675e+01 -1.04417500e+01
 -1.56368675e+01 -1.04417500e+01
 -1.56368675e+01 -1.04417500e+01
 -1.56368675e+01 -1.04417500e+01
 -1.56368675e+01 -1.04417500e+01
 -1.56368675e+01 -1.04417500e+01
 -1.56368675e+01 -1.04417500e+01
 -1.56368675e+01 -1.04417500e+01
 -1.56368675e+01 -1.04417500e+01
 -1.56368675e+01 -1.04417500e+01
 -1.56368675e+01 -1.04417500e+01
 -1.56368675e+01 -1.04417500e+01
 -1.56368675e+01 -1.04417500e+01
 -1.56368675e+01 -1.04417500e+01
 -1.56368675e+01 -1.04417500e+01
 -1.56368675e+01 -1.04417500e+01
 -1.56368675e+01 -1.04417500e+01
 -1.56368675e+01 -1.04417500e+01
 -1.56368675e+01 -1.04417500e+01
 -1.56368675e+01 -1.04417500e+01
 -1.56368675e+01 -1.04417500e+01
 -1.56368675e+01 -1.04417500e+01
