 0.00000000e+00 0.00000000e+00
 0.00000000e+00 0.00000000e+00
 0.00000000e+00 0.00000000e+00
 0.00000000e+00 0.00000000e+00
 -1.48017371e-01 9.60980274e-02
 -3.41690106e-01 2.05111551e-01
 -5.65878870e-01 3.09067737e-01
 -8.01598712e-01 3.90810561e-01
 -1.03301483e+00 4.36064125e-01
 -1.25113978e+00 4.30441723e-01
 -1.45422106e+00 3.56070391e-01
 -1.64649681e+00 1.91779084e-01
 -1.83660612e+00 -8.40400436e-02
 -2.03608836e+00 -4.91156413e-01
 -2.25789620e+00 -1.04703037e+00
 -2.51492147e+00 -1.76675636e+00
 -2.81898465e+00 -2.66199205e+00
 -3.18080822e+00 -3.73919424e+00
 -3.61083118e+00 -4.99862145e+00
 -4.11997810e+00 -6.43501336e+00
 -4.71958159e+00 -8.03951648e+00
 -5.42052285e+00 -9.80163213e+00
 -6.23219742e+00 -1.17101613e+01
 -7.16163830e+00 -1.37529989e+01
 -8.21280470e+00 -1.59164387e+01
 -9.38604518e+00 -1.81846703e+01
 -1.06776381e+01 -2.05395503e+01
 -1.20792316e+01 -2.29603779e+01
 -1.35772849e+01 -2.54236320e+01
 -1.51528010e+01 -2.79029594e+01
 -1.67814074e+01 -3.03695624e+01
 -1.84336196e+01 -3.27926623e+01
 -2.00752744e+01 -3.51396709e+01
 -2.16684629e+01 -3.73763344e+01
 -2.31734933e+01 -3.94675664e+01
 -2.45520694e+01 -4.13793287e+01
 -2.57709631e+01 -4.30812617e+01
 -2.68050251e+01 -4.45494840e+01
 -2.76391670e+01 -4.57689606e+01
 -2.82696902e+01 -4.67347920e+01
 -2.87047096e+01 -4.74518922e+01
 -2.89626871e+01 -4.79330745e+01
 -2.90691114e+01 -4.81962271e+01
 -2.90530184e+01 -4.82613582e+01
 -2.89445930e+01 -4.81478366e+01
 -2.87729311e+01 -4.78717619e+01
 -2.85626944e+01 -4.74435994e+01
 -2.83305913e+01 -4.68669242e+01
 -2.80838571e+01 -4.61392175e+01
 -2.78213676e+01 -4.52544392e+01
 -2.75359966e+01 -4.42059756e+01
 -2.72167247e+01 -4.29890618e+01
 -2.68503678e+01 -4.16027981e+01
 -2.64236846e+01 -4.00518258e+01
 -2.59260412e+01 -3.83471470e+01
 -2.53517312e+01 -3.65057337e+01
 -2.47009189e+01 -3.45493371e+01
 -2.39790764e+01 -3.25032561e+01
 -2.31955935e+01 -3.03953821e+01
 -2.23622708e+01 -2.82551586e+01
 -2.14919381e+01 -2.61119751e+01
 -2.05970251e+01 -2.39931573e+01
 -1.96879343e+01 -2.19223885e+01
 -1.87715396e+01 -1.99191612e+01
 -1.78504637e+01 -1.79989732e+01
 -1.69233591e+01 -1.61734955e+01
 -1.59858020e+01 -1.44501990e+01
 -1.50314668e+01 -1.28316574e+01
 -1.40536051e+01 -1.13154305e+01
 -1.30468252e+01 -9.89538359e+00
 -1.20089703e+01 -8.56435102e+00
 -1.09427779e+01 -7.31710706e+00
 -9.85684021e+00 -6.15249978e+00
 -8.76537839e+00 -5.07413365e+00
 -7.68666452e+00 -4.08956874e+00
 -6.64040670e+00 -3.20845848e+00
 -5.64478993e+00 -2.44035461e+00
 -4.71390607e+00 -1.79288928e+00
 -3.85606391e+00 -1.27061647e+00
 -3.07330350e+00 -8.74309503e-01
 -2.36222145e+00 -6.00595843e-01
 -1.71568106e+00 -4.42325716e-01
 -1.12472346e+00 -3.89820898e-01
 -5.80404975e-01 -4.32064196e-01
 -7.55583779e-02 -5.56944749e-01
 3.93871958e-01 -7.51328019e-01
 8.28456054e-01 -1.00224924e+00
 1.22582591e+00 -1.29877927e+00
 1.58143503e+00 -1.63288295e+00
 1.88908896e+00 -1.99874310e+00
 2.14176922e+00 -2.39168717e+00
 2.33340067e+00 -2.80792559e+00
 2.46082719e+00 -3.24509224e+00
 2.52395362e+00 -3.70261718e+00
 2.52309387e+00 -4.18119144e+00
 2.45565371e+00 -4.68158355e+00
 2.31539747e+00 -5.20374136e+00
 2.09450314e+00 -5.74687424e+00
 1.78543446e+00 -6.31034016e+00
 1.38076153e+00 -6.89451584e+00
 8.72163941e-01 -7.50106875e+00
 2.50318201e-01 -8.13271038e+00
 -4.94470414e-01 -8.79269283e+00
 -1.37170993e+00 -9.48413502e+00
 -2.38979981e+00 -1.02092679e+01
 -3.55356695e+00 -1.09686610e+01
 -4.86043544e+00 -1.17602720e+01
 -6.29714839e+00 -1.25782320e+01
 -7.83867906e+00 -1.34117278e+01
 -9.44916878e+00 -1.42446321e+01
 -1.10837901e+01 -1.50563811e+01
 -1.26911061e+01 -1.58240034e+01
 -1.42164771e+01 -1.65244418e+01
 -1.56069568e+01 -1.71361995e+01
 -1.68168493e+01 -1.76402217e+01
 -1.78122951e+01 -1.80209159e+01
 -1.85746181e+01 -1.82685856e+01
 -1.91044982e+01 -1.83840693e+01
 -1.94279731e+01 -1.83841611e+01
 -1.95990083e+01 -1.83029088e+01
 -1.96894440e+01 -1.81837613e+01
 -1.97658002e+01 -1.80645821e+01
 -1.98677122e+01 -1.79657051e+01
 -2.00039731e+01 -1.78894236e+01
 -2.01652826e+01 -1.78285690e+01
 -2.03393822e+01 -1.77753060e+01
 -2.05183511e+01 -1.77248629e+01
 -2.06987347e+01 -1.76752248e+01
 -2.08794354e+01 -1.76257648e+01
 -2.10601912e+01 -1.75763354e+01
 -2.12409544e+01 -1.75269101e+01
 -2.14217181e+01 -1.74774853e+01
 -2.16024796e+01 -1.74280612e+01
 -2.17832229e+01 -1.73786420e+01
 -2.19638586e+01 -1.73292523e+01
 -2.21439917e+01 -1.72800000e+01
 -2.23222794e+01 -1.72312522e+01
 -2.24952339e+01 -1.71839627e+01
 -2.26560353e+01 -1.71399961e+01
 -2.27949739e+01 -1.71020073e+01
 -2.29028299e+01 -1.70725171e+01
 -2.29028299e+01 -1.70725171e+01
 -2.29028299e+01 -1.70725171e+01
 -2.29028299e+01 -1.70725171e+01
 -2.29028299e+01 -1.70725171e+01
 -2.29028299e+01 -1.70725171e+01
 -2.29028299e+01 -1.70725171e+01
 -2.29028299e+01 -1.70725171e+01
 -2.29028299e+01 -1.70725171e+01
 -2.29028299e+01 -1.70725171e+01
 -2.29028299e+01 -1.70725171e+01
 -2.29028299e+01 -1.70725171e+01
 -2.29028299e+01 -1.70725171e+01
 -2.29028299e+01 -1.70725171e+01
 -2.29028299e+01 -1.70725171e+01
 -2.29028299e+01 -1.70725171e+01
 -2.29028299e+01 -1.70725171e+01
 -2.29028299e+01 -1.70725171e+01
 -2.29028299e+01 -1.70725171e+01
 -2.29028299e+01 -1.70725171e+01
 -2.29028299e+01 -1.70725171e+01
 -2.29028299e+01 -1.70725171e+01
 -2.29028299e+01 -1.70725171e+01
 -2.29028299e+01 -1.70725171e+01
 -2.29028299e+01 -1.70725171e+01
 -2.29028299e+01 -1.70725171e+01
 -2.29028299e+01 -1.70725171e+01
 -2.29028299e+01 -1.70725171e+01
 -2.29028299e+01 -1.70725171e+01
 -2.29028299e+01 -1.70725171e+01
 -2.29028299e+01 -1.70725171e+01
 -2.29028299e+01 -1.70725171e+01
 -2.29028299e+01 -1.70725171e+01
 -2.29028299e+01 -1.70725171e+01
 -2.29028299e+01 -1.70725171e+01
 -2.29028299e+01 -1.70725171e+01
 -2.29028299e+01 -1.70725171e+01
