 0.00000000e+00 0.00000000e+00
 0.00000000e+00 0.00000000e+00
 0.00000000e+00 0.00000000e+00
 0.00000000e+00 0.00000000e+00
 -6.21520025e-02 4.31324743e-02
 -1.65544428e-01 9.31478217e-02
 -3.08612845e-01 1.43707757e-01
 -4.76096746e-01 1.89861610e-01
 -6.45632018e-01 2.29040706e-01
 -7.98465314e-01 2.59341426e-01
 -9.26533289e-01 2.75736213e-01
 -1.03278357e+00 2.65533385e-01
 -1.12727328e+00 2.05620598e-01
 -1.22327099e+00 6.38964827e-02
 -1.33549701e+00 -1.95765599e-01
 -1.47957638e+00 -6.08649403e-01
 -1.67088790e+00 -1.20720848e+00
 -1.92264971e+00 -2.02109872e+00
 -2.24433198e+00 -3.07615985e+00
 -2.64084806e+00 -4.39055923e+00
 -3.11235995e+00 -5.96932658e+00
 -3.65487411e+00 -7.80049622e+00
 -4.26181450e+00 -9.85558078e+00
 -4.92619630e+00 -1.20943438e+01
 -5.64262448e+00 -1.44708112e+01
 -6.40809671e+00 -1.69369426e+01
 -7.22069074e+00 -1.94430416e+01
 -8.07632558e+00 -2.19370805e+01
 -8.96531364e+00 -2.43656580e+01
 -9.87076027e+00 -2.66774455e+01
 -1.07695831e+01 -2.88277738e+01
 -1.16352603e+01 -3.07819825e+01
 -1.24407856e+01 -3.25160050e+01
 -1.31611229e+01 -3.40149481e+01
 -1.37757702e+01 -3.52720339e+01
 -1.42720966e+01 -3.62893921e+01
 -1.46485375e+01 -3.70796824e+01
 -1.49155221e+01 -3.76660532e+01
 -1.50927733e+01 -3.80789582e+01
 -1.52037006e+01 -3.83506802e+01
 -1.52694472e+01 -3.85095970e+01
 -1.53053235e+01 -3.85754696e+01
 -1.53202344e+01 -3.85562959e+01
 -1.53174975e+01 -3.84477291e+01
 -1.52959069e+01 -3.82356119e+01
 -1.52514882e+01 -3.78999202e+01
 -1.51798460e+01 -3.74177151e+01
 -1.50774126e+01 -3.67651283e+01
 -1.49406991e+01 -3.59202327e+01
 -1.47651131e+01 -3.48672531e+01
 -1.45451982e+01 -3.36002056e+01
 -1.42758528e+01 -3.21237273e+01
 -1.39527633e+01 -3.04508319e+01
 -1.35716780e+01 -2.85996532e+01
 -1.31278625e+01 -2.65917928e+01
 -1.26168407e+01 -2.44532705e+01
 -1.20360798e+01 -2.22167533e+01
 -1.13864855e+01 -1.99226880e+01
 -1.06729156e+01 -1.76178944e+01
 -9.90357860e+00 -1.53519636e+01
 -9.08850485e+00 -1.31728308e+01
 -8.23739166e+00 -1.11227555e+01
 -7.35734835e+00 -9.23513447e+00
 -6.45123325e+00 -7.53175779e+00
 -5.51703213e+00 -6.02019877e+00
 -4.54824422e+00 -4.69222489e+00
 -3.53501068e+00 -3.52488660e+00
 -2.46580147e+00 -2.48482885e+00
 -1.32954895e+00 -1.53442785e+00
 -1.18051451e-01 -6.37669674e-01
 1.17161488e+00 2.35482357e-01
 2.53498606e+00 1.10650299e+00
 3.95878293e+00 1.98737433e+00
 5.42062535e+00 2.88094808e+00
 6.89021318e+00 3.78199523e+00
 8.33181229e+00 4.67848209e+00
 9.70737437e+00 5.55306529e+00
 1.09797003e+01 6.38503484e+00
 1.21157188e+01 7.15282874e+00
 1.30901481e+01 7.83694456e+00
 1.38888798e+01 8.42268203e+00
 1.45106340e+01 8.90185236e+00
 1.49662659e+01 9.27255822e+00
 1.52765987e+01 9.53662490e+00
 1.54696811e+01 9.69553755e+00
 1.55771912e+01 9.74723197e+00
 1.56296747e+01 9.68608436e+00
 1.56519747e+01 9.50610785e+00
 1.56612452e+01 9.20474757e+00
 1.56685323e+01 8.78481230e+00
 1.56823299e+01 8.25468254e+00
 1.57111278e+01 7.62853587e+00
 1.57627360e+01 6.92717939e+00
 1.58406633e+01 6.17806425e+00
 1.59403005e+01 5.41278617e+00
 1.60477169e+01 4.66212865e+00
 1.61413718e+01 3.95054650e+00
 1.61947430e+01 3.29232883e+00
 1.61780848e+01 2.69071004e+00
 1.60596809e+01 2.13978567e+00
 1.58085164e+01 1.62795179e+00
 1.53990648e+01 1.14134159e+00
 1.48160399e+01 6.66402675e-01
 1.40563858e+01 1.91598795e-01
 1.31282343e+01 -2.91396056e-01
 1.20485102e+01 -7.86779054e-01
 1.08404327e+01 -1.29414686e+00
 9.53119100e+00 -1.80879712e+00
 8.15000663e+00 -2.32269396e+00
 6.72689673e+00 -2.82550803e+00
 5.29204191e+00 -3.30537321e+00
 3.87519534e+00 -3.74964780e+00
 2.50467160e+00 -4.14611856e+00
 1.20608600e+00 -4.48450469e+00
 1.56519510e-03 -4.75748530e+00
 -1.09005063e+00 -4.96061377e+00
 -2.05255275e+00 -5.09147828e+00
 -2.87302449e+00 -5.14951583e+00
 -3.54584574e+00 -5.13785082e+00
 -4.07990171e+00 -5.06662222e+00
 -4.50398765e+00 -4.95448841e+00
 -4.86262773e+00 -4.82484134e+00
 -5.20087015e+00 -4.69775297e+00
 -5.54823578e+00 -4.58354840e+00
 -5.91397487e+00 -4.48273037e+00
 -6.29432266e+00 -4.39083933e+00
 -6.68241384e+00 -4.30329070e+00
 -7.07351301e+00 -4.21734452e+00
 -7.46549694e+00 -4.13185398e+00
 -7.85768071e+00 -4.04646398e+00
 -8.24989939e+00 -3.96109124e+00
 -8.64212275e+00 -3.87572082e+00
 -9.03434608e+00 -3.79035075e+00
 -9.42656428e+00 -3.70498184e+00
 -9.81874322e+00 -3.61962147e+00
 -1.02106886e+01 -3.53431192e+00
 -1.06015434e+01 -3.44923977e+00
 -1.09883942e+01 -3.36503910e+00
 -1.13636728e+01 -3.28335721e+00
 -1.17125815e+01 -3.20741489e+00
 -1.20140521e+01 -3.14179781e+00
 -1.22480792e+01 -3.09086024e+00
 -1.22480792e+01 -3.09086024e+00
 -1.22480792e+01 -3.09086024e+00
 -1.22480792e+01 -3.09086024e+00
 -1.22480792e+01 -3.09086024e+00
 -1.22480792e+01 -3.09086024e+00
 -1.22480792e+01 -3.09086024e+00
 -1.22480792e+01 -3.09086024e+00
 -1.22480792e+01 -3.09086024e+00
 -1.22480792e+01 -3.09086024e+00
 -1.22480792e+01 -3.09086024e+00
 -1.22480792e+01 -3.09086024e+00
 -1.22480792e+01 -3.09086024e+00
 -1.22480792e+01 -3.09086024e+00
 -1.22480792e+01 -3.09086024e+00
 -1.22480792e+01 -3.09086024e+00
 -1.22480792e+01 -3.09086024e+00
 -1.22480792e+01 -3.09086024e+00
 -1.22480792e+01 -3.09086024e+00
 -1.22480792e+01 -3.09086024e+00
 -1.22480792e+01 -3.09086024e+00
 -1.22480792e+01 -3.09086024e+00
 -1.22480792e+01 -3.09086024e+00
 -1.22480792e+01 -3.09086024e+00
 -1.22480792e+01 -3.09086024e+00
 -1.22480792e+01 -3.09086024e+00
 -1.22480792e+01 -3.09086024e+00
 -1.22480792e+01 -3.09086024e+00
 -1.22480792e+01 -3.09086024e+00
 -1.22480792e+01 -3.09086024e+00
 -1.22480792e+01 -3.09086024e+00
 -1.22480792e+01 -3.09086024e+00
 -1.22480792e+01 -3.09086024e+00
 -1.22480792e+01 -3.09086024e+00
 -1.22480792e+01 -3.09086024e+00
 -1.22480792e+01 -3.09086024e+00
