 0.00000000e+00 0.00000000e+00
 0.00000000e+00 0.00000000e+00
 0.00000000e+00 0.00000000e+00
 0.00000000e+00 0.00000000e+00
 0.00000000e+00 0.00000000e+00
 0.00000000e+00 0.00000000e+00
 0.00000000e+00 0.00000000e+00
 0.00000000e+00 0.00000000e+00
 0.00000000e+00 0.00000000e+00
 0.00000000e+00 0.00000000e+00
 2.80473567e-02 5.27232580e-02
 3.98694288e-02 6.56622563e-02
 1.89211219e-02 -5.05451279e-03
 -4.83437939e-02 -1.98640303e-01
 -1.70224849e-01 -5.42782285e-01
 -3.50085484e-01 -1.05428669e+00
 -5.88247226e-01 -1.74302174e+00
 -8.84025439e-01 -2.61453805e+00
 -1.23674484e+00 -3.67022999e+00
 -1.64572076e+00 -4.90692804e+00
 -2.11004915e+00 -6.31785727e+00
 -2.62887396e+00 -7.89488439e+00
 -3.20209361e+00 -9.63075732e+00
 -3.83104087e+00 -1.15205113e+01
 -4.51885239e+00 -1.35617780e+01
 -5.27050531e+00 -1.57535409e+01
 -6.09232060e+00 -1.80928818e+01
 -6.99061834e+00 -2.05703009e+01
 -7.96970566e+00 -2.31657182e+01
 -9.02993056e+00 -2.58476559e+01
 -1.01664020e+01 -2.85761119e+01
 -1.13683896e+01 -3.13067787e+01
 -1.26190786e+01 -3.39937469e+01
 -1.38954869e+01 -3.65902023e+01
 -1.51687463e+01 -3.90489120e+01
 -1.64053448e+01 -4.13242541e+01
 -1.75698940e+01 -4.33758906e+01
 -1.86292092e+01 -4.51727172e+01
 -1.95564769e+01 -4.66953192e+01
 -2.03339191e+01 -4.79358157e+01
 -2.09529759e+01 -4.88952426e+01
 -2.14123372e+01 -4.95798749e+01
 -2.17154683e+01 -4.99982941e+01
 -2.18693646e+01 -5.01601492e+01
 -2.18846134e+01 -5.00759599e+01
 -2.17750463e+01 -4.97563663e+01
 -2.15554990e+01 -4.92100094e+01
 -2.12383608e+01 -4.84412014e+01
 -2.08312323e+01 -4.74496262e+01
 -2.03372854e+01 -4.62330978e+01
 -1.97577218e+01 -4.47920259e+01
 -1.90944031e+01 -4.31331013e+01
 -1.83514311e+01 -4.12706642e+01
 -1.75359917e+01 -3.92260036e+01
 -1.66590481e+01 -3.70259860e+01
 -1.57354665e+01 -3.47022317e+01
 -1.47828357e+01 -3.22908444e+01
 -1.38192205e+01 -2.98316811e+01
 -1.28607899e+01 -2.73662486e+01
 -1.19198893e+01 -2.49342157e+01
 -1.10035087e+01 -2.25694604e+01
 -1.01118639e+01 -2.02969686e+01
 -9.23720575e+00 -1.81315577e+01
 -8.36383455e+00 -1.60786347e+01
 -7.47039981e+00 -1.41365476e+01
 -6.53417189e+00 -1.22997446e+01
 -5.53554890e+00 -1.05618525e+01
 -4.46124722e+00 -8.91801043e+00
 -3.30590987e+00 -7.36621264e+00
 -2.07270900e+00 -5.90761242e+00
 -7.73338072e-01 -4.54577228e+00
 5.72812882e-01 -3.28522621e+00
 1.94060629e+00 -2.13019232e+00
 3.30191613e+00 -1.08399262e+00
 4.62837595e+00 -1.48898591e-01
 5.89363534e+00 6.74158872e-01
 7.07523467e+00 1.38602200e+00
 8.15606447e+00 1.98938091e+00
 9.12492753e+00 2.48814890e+00
 9.97606540e+00 2.88625133e+00
 1.07082617e+01 3.18614919e+00
 1.13240944e+01 3.38746000e+00
 1.18292586e+01 3.48617722e+00
 1.22317406e+01 3.47502172e+00
 1.25411427e+01 3.34507565e+00
 1.27686631e+01 3.08823753e+00
 1.29274088e+01 2.69962671e+00
 1.30318046e+01 2.17918783e+00
 1.30955331e+01 1.53245820e+00
 1.31292226e+01 7.71041932e-01
 1.31395485e+01 -8.71450654e-02
 1.31300612e+01 -1.01877897e+00
 1.31026624e+01 -1.99788820e+00
 1.30580349e+01 -2.99957797e+00
 1.29938544e+01 -4.00283370e+00
 1.29018326e+01 -4.99150813e+00
 1.27665382e+01 -5.95422908e+00
 1.25675542e+01 -6.88415234e+00
 1.22833089e+01 -7.77848985e+00
 1.18940240e+01 -8.63741373e+00
 1.13831471e+01 -9.46265783e+00
 1.07381581e+01 -1.02566176e+01
 9.95135909e+00 -1.10222053e+01
 9.02062828e+00 -1.17627962e+01
 7.95008948e+00 -1.24814685e+01
 6.75066207e+00 -1.31796636e+01
 5.44016094e+00 -1.38562106e+01
 4.04251369e+00 -1.45072785e+01
 2.58616706e+00 -1.51268393e+01
 1.10234495e+00 -1.57070493e+01
 -3.76353711e-01 -1.62385871e+01
 -1.81724653e+00 -1.67113400e+01
 -3.18918360e+00 -1.71154707e+01
 -4.46440571e+00 -1.74423900e+01
 -5.62014413e+00 -1.76851189e+01
 -6.63970962e+00 -1.78381821e+01
 -7.51363868e+00 -1.78982466e+01
 -8.24215985e+00 -1.78670768e+01
 -8.83920612e+00 -1.77563587e+01
 -9.33468704e+00 -1.75901323e+01
 -9.76958728e+00 -1.73998527e+01
 -1.01833113e+01 -1.72131421e+01
 -1.06013358e+01 -1.70444502e+01
 -1.10321836e+01 -1.68945717e+01
 -1.14736519e+01 -1.67572852e+01
 -1.19208108e+01 -1.66261409e+01
 -1.23701868e+01 -1.64972678e+01
 -1.28202149e+01 -1.63690414e+01
 -1.32703902e+01 -1.62409579e+01
 -1.37205912e+01 -1.61128990e+01
 -1.41707957e+01 -1.59848434e+01
 -1.46209999e+01 -1.58567883e+01
 -1.50711981e+01 -1.57287350e+01
 -1.55213514e+01 -1.56006944e+01
 -1.59712365e+01 -1.54727301e+01
 -1.64198698e+01 -1.53451218e+01
 -1.68639073e+01 -1.52188208e+01
 -1.72946618e+01 -1.50962980e+01
 -1.76951484e+01 -1.49823845e+01
 -1.80411841e+01 -1.48839589e+01
 -1.83098065e+01 -1.48075526e+01
 -1.83098065e+01 -1.48075526e+01
 -1.83098065e+01 -1.48075526e+01
 -1.83098065e+01 -1.48075526e+01
 -1.83098065e+01 -1.48075526e+01
 -1.83098065e+01 -1.48075526e+01
 -1.83098065e+01 -1.48075526e+01
 -1.83098065e+01 -1.48075526e+01
 -1.83098065e+01 -1.48075526e+01
 -1.83098065e+01 -1.48075526e+01
 -1.83098065e+01 -1.48075526e+01
 -1.83098065e+01 -1.48075526e+01
 -1.83098065e+01 -1.48075526e+01
 -1.83098065e+01 -1.48075526e+01
 -1.83098065e+01 -1.48075526e+01
 -1.83098065e+01 -1.48075526e+01
 -1.83098065e+01 -1.48075526e+01
 -1.83098065e+01 -1.48075526e+01
 -1.83098065e+01 -1.48075526e+01
 -1.83098065e+01 -1.48075526e+01
 -1.83098065e+01 -1.48075526e+01
 -1.83098065e+01 -1.48075526e+01
 -1.83098065e+01 -1.48075526e+01
 -1.83098065e+01 -1.48075526e+01
 -1.83098065e+01 -1.48075526e+01
 -1.83098065e+01 -1.48075526e+01
 -1.83098065e+01 -1.48075526e+01
 -1.83098065e+01 -1.48075526e+01
 -1.83098065e+01 -1.48075526e+01
 -1.83098065e+01 -1.48075526e+01
 -1.83098065e+01 -1.48075526e+01
 -1.83098065e+01 -1.48075526e+01
 -1.83098065e+01 -1.48075526e+01
 -1.83098065e+01 -1.48075526e+01
 -1.83098065e+01 -1.48075526e+01
 -1.83098065e+01 -1.48075526e+01
 -1.83098065e+01 -1.48075526e+01
