 0.00000000e+00 0.00000000e+00
 0.00000000e+00 0.00000000e+00
 0.00000000e+00 0.00000000e+00
 0.00000000e+00 0.00000000e+00
 2.01640374e-02 2.14786182e-01
 2.50941372e-02 4.52944415e-01
 -2.25835503e-04 6.69201174e-01
 -6.83816370e-02 8.19143941e-01
 -1.86558474e-01 8.66846226e-01
 -3.56007551e-01 7.83692399e-01
 -5.73872315e-01 5.44617069e-01
 -8.35862804e-01 1.26355745e-01
 -1.13790331e+00 -4.92112084e-01
 -1.47634286e+00 -1.32790978e+00
 -1.84768612e+00 -2.39169281e+00
 -2.24863118e+00 -3.68480385e+00
 -2.67646631e+00 -5.19775037e+00
 -3.12963376e+00 -6.91120089e+00
 -3.60816427e+00 -8.79901834e+00
 -4.11351181e+00 -1.08318599e+01
 -4.64771479e+00 -1.29803663e+01
 -5.21265496e+00 -1.52177897e+01
 -5.81028249e+00 -1.75220400e+01
 -6.44371047e+00 -1.98767333e+01
 -7.11808490e+00 -2.22705183e+01
 -7.83992843e+00 -2.46942817e+01
 -8.61443326e+00 -2.71369333e+01
 -9.44184901e+00 -2.95815564e+01
 -1.03153692e+01 -3.20036811e+01
 -1.12219341e+01 -3.43722765e+01
 -1.21448031e+01 -3.66525320e+01
 -1.30655043e+01 -3.88086536e+01
 -1.39640703e+01 -4.08057192e+01
 -1.48187145e+01 -4.26114411e+01
 -1.56069802e+01 -4.41991545e+01
 -1.63090387e+01 -4.55517798e+01
 -1.69115329e+01 -4.66648983e+01
 -1.74095008e+01 -4.75471348e+01
 -1.78053034e+01 -4.82173659e+01
 -1.81058435e+01 -4.86997547e+01
 -1.83205918e+01 -4.90183372e+01
 -1.84616250e+01 -4.91924257e+01
 -1.85440831e+01 -4.92333410e+01
 -1.85843507e+01 -4.91430588e+01
 -1.85955002e+01 -4.89152471e+01
 -1.85826408e+01 -4.85376883e+01
 -1.85414222e+01 -4.79941879e+01
 -1.84606190e+01 -4.72658016e+01
 -1.83267087e+01 -4.63332004e+01
 -1.81273788e+01 -4.51810578e+01
 -1.78529242e+01 -4.38026822e+01
 -1.74969310e+01 -4.22021983e+01
 -1.70573377e+01 -4.03933414e+01
 -1.65370575e+01 -3.83963703e+01
 -1.59431169e+01 -3.62355362e+01
 -1.52847748e+01 -3.39383731e+01
 -1.45718173e+01 -3.15360856e+01
 -1.38133995e+01 -2.90633921e+01
 -1.30170426e+01 -2.65569616e+01
 -1.21878326e+01 -2.40531796e+01
 -1.13285996e+01 -2.15868470e+01
 -1.04415056e+01 -1.91915332e+01
 -9.53021542e+00 -1.69003644e+01
 -8.60114790e+00 -1.47452229e+01
 -7.66299532e+00 -1.27537388e+01
 -6.72495898e+00 -1.09455207e+01
 -5.79463087e+00 -9.32952176e+00
 -4.87593259e+00 -7.90322021e+00
 -3.96720054e+00 -6.65318613e+00
 -3.06010437e+00 -5.55662544e+00
 -2.14046199e+00 -4.58400790e+00
 -1.19115878e+00 -3.70299223e+00
 -1.96244000e-01 -2.88330813e+00
 8.55011208e-01 -2.10149815e+00
 1.96503819e+00 -1.34419836e+00
 3.12651939e+00 -6.09264018e-01
 4.32282867e+00 9.50137708e-02
 5.53013775e+00 7.51976738e-01
 6.72049992e+00 1.33958667e+00
 7.86501631e+00 1.83397619e+00
 8.93647345e+00 2.21272985e+00
 9.91136953e+00 2.45713094e+00
 1.07713591e+01 2.55353798e+00
 1.15038910e+01 2.49450585e+00
 1.21019403e+01 2.27958896e+00
 1.25632086e+01 1.91518143e+00
 1.28891659e+01 1.41310995e+00
 1.30837595e+01 7.88363608e-01
 1.31514977e+01 5.67676155e-02
 1.30954313e+01 -7.66537663e-01
 1.29162771e+01 -1.66751480e+00
 1.26130791e+01 -2.63302461e+00
 1.21842210e+01 -3.65060635e+00
 1.16277117e+01 -4.70840531e+00
 1.09412553e+01 -5.79507794e+00
 1.01230743e+01 -6.89950937e+00
 9.17335212e+00 -8.01036618e+00
 8.09556977e+00 -9.11570007e+00
 6.89766441e+00 -1.02028892e+01
 5.59335285e+00 -1.12590477e+01
 4.20329124e+00 -1.22716474e+01
 2.75504281e+00 -1.32288935e+01
 1.28131914e+00 -1.41197611e+01
 -1.82813047e-01 -1.49340583e+01
 -1.60263752e+00 -1.56627531e+01
 -2.94609427e+00 -1.62984219e+01
 -4.18612826e+00 -1.68356840e+01
 -5.30304788e+00 -1.72716260e+01
 -6.28582763e+00 -1.76060962e+01
 -7.13134757e+00 -1.78416340e+01
 -7.84203739e+00 -1.79829575e+01
 -8.42383751e+00 -1.80363767e+01
 -8.88644867e+00 -1.80102758e+01
 -9.24618418e+00 -1.79175920e+01
 -9.52864176e+00 -1.77783479e+01
 -9.76639259e+00 -1.76177027e+01
 -9.99026920e+00 -1.74583192e+01
 -1.02200170e+01 -1.73127437e+01
 -1.04618075e+01 -1.71823186e+01
 -1.07131977e+01 -1.70622629e+01
 -1.09696834e+01 -1.69473313e+01
 -1.12281506e+01 -1.68343100e+01
 -1.14872011e+01 -1.67218356e+01
 -1.17463835e+01 -1.66094824e+01
 -1.20055889e+01 -1.64971501e+01
 -1.22647973e+01 -1.63848206e+01
 -1.25240058e+01 -1.62724916e+01
 -1.27832109e+01 -1.61601641e+01
 -1.30423900e+01 -1.60478478e+01
 -1.33014148e+01 -1.59355984e+01
 -1.35597188e+01 -1.58236614e+01
 -1.38153768e+01 -1.57128710e+01
 -1.40633869e+01 -1.56053948e+01
 -1.42939701e+01 -1.55054707e+01
 -1.44932028e+01 -1.54191325e+01
 -1.46478642e+01 -1.53521093e+01
 -1.46478642e+01 -1.53521093e+01
 -1.46478642e+01 -1.53521093e+01
 -1.46478642e+01 -1.53521093e+01
 -1.46478642e+01 -1.53521093e+01
 -1.46478642e+01 -1.53521093e+01
 -1.46478642e+01 -1.53521093e+01
 -1.46478642e+01 -1.53521093e+01
 -1.46478642e+01 -1.53521093e+01
 -1.46478642e+01 -1.53521093e+01
 -1.46478642e+01 -1.53521093e+01
 -1.46478642e+01 -1.53521093e+01
 -1.46478642e+01 -1.53521093e+01
 -1.46478642e+01 -1.53521093e+01
 -1.46478642e+01 -1.53521093e+01
 -1.46478642e+01 -1.53521093e+01
 -1.46478642e+01 -1.53521093e+01
 -1.46478642e+01 -1.53521093e+01
 -1.46478642e+01 -1.53521093e+01
 -1.46478642e+01 -1.53521093e+01
 -1.46478642e+01 -1.53521093e+01
 -1.46478642e+01 -1.53521093e+01
 -1.46478642e+01 -1.53521093e+01
 -1.46478642e+01 -1.53521093e+01
 -1.46478642e+01 -1.53521093e+01
 -1.46478642e+01 -1.53521093e+01
 -1.46478642e+01 -1.53521093e+01
 -1.46478642e+01 -1.53521093e+01
 -1.46478642e+01 -1.53521093e+01
 -1.46478642e+01 -1.53521093e+01
 -1.46478642e+01 -1.53521093e+01
 -1.46478642e+01 -1.53521093e+01
 -1.46478642e+01 -1.53521093e+01
 -1.46478642e+01 -1.53521093e+01
 -1.46478642e+01 -1.53521093e+01
 -1.46478642e+01 -1.53521093e+01
 -1.46478642e+01 -1.53521093e+01
 -1.46478642e+01 -1.53521093e+01
 -1.46478642e+01 -1.53521093e+01
 -1.46478642e+01 -1.53521093e+01
 -1.46478642e+01 -1.53521093e+01
 -1.46478642e+01 -1.53521093e+01
