 0.00000000e+00 0.00000000e+00
 0.00000000e+00 0.00000000e+00
 0.00000000e+00 0.00000000e+00
 0.00000000e+00 0.00000000e+00
 0.00000000e+00 0.00000000e+00
 0.00000000e+00 0.00000000e+00
 0.00000000e+00 0.00000000e+00
 0.00000000e+00 0.00000000e+00
 0.00000000e+00 0.00000000e+00
 0.00000000e+00 0.00000000e+00
 -3.71667459e-03 1.62704137e-01
 -1.33355554e-02 3.77749825e-01
 -3.43928511e-02 6.34297766e-01
 -7.44609088e-02 9.18769385e-01
 -1.42555864e-01 1.21877525e+00
 -2.48351198e-01 1.52371371e+00
 -4.01440424e-01 1.82385520e+00
 -6.11074064e-01 2.10977046e+00
 -8.86533885e-01 2.37229348e+00
 -1.23734640e+00 2.60248155e+00
 -1.67239824e+00 2.79154125e+00
 -2.19826422e+00 2.93112581e+00
 -2.81796508e+00 3.01392188e+00
 -3.53081869e+00 3.03384094e+00
 -4.33299283e+00 2.98564140e+00
 -5.21806762e+00 2.86474685e+00
 -6.17744986e+00 2.66770590e+00
 -7.20098387e+00 2.39263006e+00
 -8.27784370e+00 2.03892225e+00
 -9.39713098e+00 1.60652920e+00
 -1.05475687e+01 1.09524466e+00
 -1.17164499e+01 5.04187853e-01
 -1.28886103e+01 -1.68384213e-01
 -1.40459975e+01 -9.24277295e-01
 -1.51678104e+01 -1.76314682e+00
 -1.62308180e+01 -2.67971362e+00
 -1.72095710e+01 -3.66210813e+00
 -1.80767041e+01 -4.69217772e+00
 -1.88039630e+01 -5.74689366e+00
 -1.93642546e+01 -6.79949952e+00
 -1.97340008e+01 -7.82020548e+00
 -1.98947055e+01 -8.77741704e+00
 -1.98335834e+01 -9.64010982e+00
 -1.95439769e+01 -1.03804305e+01
 -1.90258670e+01 -1.09748912e+01
 -1.82859221e+01 -1.14036969e+01
 -1.73365757e+01 -1.16493981e+01
 -1.61943836e+01 -1.16962811e+01
 -1.48784409e+01 -1.15307714e+01
 -1.34094584e+01 -1.11421956e+01
 -1.18094243e+01 -1.05235304e+01
 -1.01011915e+01 -9.67255577e+00
 -8.30740814e+00 -8.59341250e+00
 -6.44897142e+00 -7.29699527e+00
 -4.54372376e+00 -5.79855590e+00
 -2.60567863e+00 -4.11330266e+00
 -6.44383698e-01 -2.25284462e+00
 1.33584147e+00 -2.24616173e-01
 3.33629050e+00 1.96588000e+00
 5.36280607e+00 4.31160451e+00
 7.42245875e+00 6.80061063e+00
 9.51830249e+00 9.41293311e+00
 1.16435753e+01 1.21172374e+01
 1.37768621e+01 1.48675190e+01
 1.58796130e+01 1.76018529e+01
 1.78973535e+01 2.02458258e+01
 1.97650514e+01 2.27212592e+01
 2.14152779e+01 2.49572201e+01
 2.27863635e+01 2.68983673e+01
 2.38280386e+01 2.85074456e+01
 2.45041148e+01 2.97627715e+01
 2.47938367e+01 3.06542126e+01
 2.46933997e+01 3.11803707e+01
 2.42170174e+01 3.13470557e+01
 2.33955713e+01 3.11657999e+01
 2.22720168e+01 3.06519569e+01
 2.08949792e+01 2.98231056e+01
 1.93131041e+01 2.86985428e+01
 1.75720324e+01 2.72998751e+01
 1.57141356e+01 2.56520634e+01
 1.37794033e+01 2.37840501e+01
 1.18052919e+01 2.17282150e+01
 9.82472042e+00 1.95184282e+01
 7.86363767e+00 1.71873180e+01
 5.94043344e+00 1.47640923e+01
 4.06815454e+00 1.22742197e+01
 2.25829667e+00 9.74123247e+00
 5.23827137e-01 7.18951304e+00
 -1.11992985e+00 4.64627244e+00
 -2.65582824e+00 2.14144198e+00
 -4.06520242e+00 -2.94506801e-01
 -5.32741515e+00 -2.63341814e+00
 -6.41972195e+00 -4.85115804e+00
 -7.31849943e+00 -6.92742899e+00
 -8.00137554e+00 -8.84459341e+00
 -8.44900374e+00 -1.05870255e+01
 -8.64637806e+00 -1.21415707e+01
 -8.58480993e+00 -1.34981448e+01
 -8.26450019e+00 -1.46491108e+01
 -7.69550643e+00 -1.55874877e+01
 -6.89557049e+00 -1.63055337e+01
 -5.88621522e+00 -1.67948880e+01
 -4.68964945e+00 -1.70479365e+01
 -3.32756554e+00 -1.70593792e+01
 -1.82153165e+00 -1.68276759e+01
 -1.94410854e-01 -1.63568093e+01
 1.52777042e+00 -1.56583037e+01
 3.31423442e+00 -1.47522853e+01
 5.12899208e+00 -1.36664266e+01
 6.93219499e+00 -1.24332128e+01
 8.68349160e+00 -1.10873437e+01
 1.03471466e+01 -9.66461198e+00
 1.18983969e+01 -8.20159652e+00
 1.33295875e+01 -6.73398910e+00
 1.46528682e+01 -5.29215383e+00
 1.58959762e+01 -3.89527290e+00
 1.70915587e+01 -2.54784698e+00
 1.82660378e+01 -1.24172248e+00
 1.94345549e+01 3.71494990e-02
 2.06028702e+01 1.30168198e+00
 2.17719978e+01 2.56019645e+00
 2.29416196e+01 3.81670138e+00
 2.41114169e+01 5.07267404e+00
 2.52812580e+01 6.32853521e+00
 2.64511073e+01 7.58437795e+00
 2.76209576e+01 8.84021816e+00
 2.87908064e+01 1.00960564e+01
 2.99606398e+01 1.13518781e+01
 3.11303561e+01 1.26075741e+01
 3.22993759e+01 1.38625223e+01
 3.34651428e+01 1.51139785e+01
 3.46189674e+01 1.63526147e+01
 3.57382765e+01 1.75541983e+01
 3.67789347e+01 1.86713498e+01
 3.76781034e+01 1.96366116e+01
 3.83761147e+01 2.03859300e+01
 3.83761147e+01 2.03859300e+01
 3.83761147e+01 2.03859300e+01
 3.83761147e+01 2.03859300e+01
 3.83761147e+01 2.03859300e+01
 3.83761147e+01 2.03859300e+01
 3.83761147e+01 2.03859300e+01
 3.83761147e+01 2.03859300e+01
 3.83761147e+01 2.03859300e+01
 3.83761147e+01 2.03859300e+01
 3.83761147e+01 2.03859300e+01
 3.83761147e+01 2.03859300e+01
 3.83761147e+01 2.03859300e+01
 3.83761147e+01 2.03859300e+01
 3.83761147e+01 2.03859300e+01
 3.83761147e+01 2.03859300e+01
 3.83761147e+01 2.03859300e+01
 3.83761147e+01 2.03859300e+01
 3.83761147e+01 2.03859300e+01
 3.83761147e+01 2.03859300e+01
 3.83761147e+01 2.03859300e+01
 3.83761147e+01 2.03859300e+01
 3.83761147e+01 2.03859300e+01
 3.83761147e+01 2.03859300e+01
 3.83761147e+01 2.03859300e+01
