 0.00000000e+00 0.00000000e+00
 0.00000000e+00 0.00000000e+00
 0.00000000e+00 0.00000000e+00
 0.00000000e+00 0.00000000e+00
 0.00000000e+00 0.00000000e+00
 0.00000000e+00 0.00000000e+00
 0.00000000e+00 0.00000000e+00
 0.00000000e+00 0.00000000e+00
 0.00000000e+00 0.00000000e+00
 4.91970923e-02 1.58541718e-01
 1.03371989e-01 3.31751535e-01
 1.51806985e-01 4.84860164e-01
 1.82469205e-01 5.84888084e-01
 1.83507317e-01 6.05701564e-01
 1.44503225e-01 5.24296240e-01
 5.72999677e-02 3.14793332e-01
 -8.47817264e-02 -5.33604948e-02
 -2.89188155e-01 -6.12296702e-01
 -5.65709833e-01 -1.39104027e+00
 -9.25571140e-01 -2.41178440e+00
 -1.37845894e+00 -3.68722100e+00
 -1.92960614e+00 -5.21838158e+00
 -2.57889801e+00 -6.99358683e+00
 -3.32251679e+00 -8.98986377e+00
 -4.15592211e+00 -1.11771856e+01
 -5.07595391e+00 -1.35237031e+01
 -6.08037895e+00 -1.59988211e+01
 -7.16513678e+00 -1.85723553e+01
 -8.32120916e+00 -2.12112662e+01
 -9.53290844e+00 -2.38771965e+01
 -1.07779077e+01 -2.65264010e+01
 -1.20281535e+01 -2.91110734e+01
 -1.32508890e+01 -3.15806520e+01
 -1.44100490e+01 -3.38832838e+01
 -1.54690490e+01 -3.59688967e+01
 -1.63954143e+01 -3.77946344e+01
 -1.71660583e+01 -3.93312030e+01
 -1.77708311e+01 -4.05670518e+01
 -1.82125752e+01 -4.15080150e+01
 -1.85040601e+01 -4.21726859e+01
 -1.86639478e+01 -4.25861873e+01
 -1.87137369e+01 -4.27751758e+01
 -1.86758893e+01 -4.27649994e+01
 -1.85721588e+01 -4.25780079e+01
 -1.84216494e+01 -4.22318965e+01
 -1.82391904e+01 -4.17382563e+01
 -1.80347467e+01 -4.11024321e+01
 -1.78137873e+01 -4.03253218e+01
 -1.75778369e+01 -3.94064056e+01
 -1.73246003e+01 -3.83464539e+01
 -1.70478943e+01 -3.71487820e+01
 -1.67382152e+01 -3.58189987e+01
 -1.63844330e+01 -3.43640261e+01
 -1.59761966e+01 -3.27915013e+01
 -1.55059950e+01 -3.11103740e+01
 -1.49700162e+01 -2.93324747e+01
 -1.43676877e+01 -2.74738557e+01
 -1.37004013e+01 -2.55548549e+01
 -1.29702348e+01 -2.35988796e+01
 -1.21794670e+01 -2.16306541e+01
 -1.13309909e+01 -1.96745593e+01
 -1.04286758e+01 -1.77531674e+01
 -9.47675694e+00 -1.58858431e+01
 -8.47866417e+00 -1.40875303e+01
 -7.43651060e+00 -1.23681268e+01
 -6.35172829e+00 -1.07327161e+01
 -5.22628467e+00 -9.18247897e+00
 -4.06370249e+00 -7.71585954e+00
 -2.86956450e+00 -6.32980848e+00
 -1.65172293e+00 -5.02120889e+00
 -4.20499823e-01 -3.78832093e+00
 8.11284987e-01 -2.63162642e+00
 2.02877769e+00 -1.55367264e+00
 3.21587026e+00 -5.58281935e-01
 4.35580546e+00 3.50182977e-01
 5.43156287e+00 1.16722617e+00
 6.42658533e+00 1.88852164e+00
 7.32636036e+00 2.51039457e+00
 8.12064738e+00 3.03049346e+00
 8.80541306e+00 3.44841205e+00
 9.38351648e+00 3.76596214e+00
 9.86389763e+00 3.98688175e+00
 1.02597706e+01 4.11587262e+00
 1.05864873e+01 4.15708705e+00
 1.08593685e+01 4.11269911e+00
 1.10915058e+01 3.98247986e+00
 1.12918607e+01 3.76451792e+00
 1.14644008e+01 3.45616532e+00
 1.16086014e+01 3.05456829e+00
 1.17207683e+01 2.55723463e+00
 1.17954009e+01 1.96321409e+00
 1.18261245e+01 1.27470866e+00
 1.18061737e+01 4.98478769e-01
 1.17289822e+01 -3.53583292e-01
 1.15891646e+01 -1.26514271e+00
 1.13830048e+01 -2.21722548e+00
 1.11077514e+01 -3.19031077e+00
 1.07607734e+01 -4.16591108e+00
 1.03398967e+01 -5.12752050e+00
 9.84450084e+00 -6.06122163e+00
 9.27603831e+00 -6.95603246e+00
 8.63760216e+00 -7.80387877e+00
 7.93322143e+00 -8.59924541e+00
 7.16742272e+00 -9.33866245e+00
 6.34492517e+00 -1.00200904e+01
 5.47029596e+00 -1.06423397e+01
 4.54788200e+00 -1.12047445e+01
 3.58233085e+00 -1.17071165e+01
 2.57943526e+00 -1.21498604e+01
 1.54685458e+00 -1.25341497e+01
 4.94695977e-01 -1.28619253e+01
 -5.63923576e-01 -1.31354548e+01
 -1.61269833e+00 -1.33566102e+01
 -2.63296367e+00 -1.35263617e+01
 -3.60552687e+00 -1.36446968e+01
 -4.51257440e+00 -1.37106272e+01
 -5.33884830e+00 -1.37220743e+01
 -6.07270074e+00 -1.36764756e+01
 -6.70865741e+00 -1.35735216e+01
 -7.25167184e+00 -1.34196078e+01
 -7.71984545e+00 -1.32303771e+01
 -8.14110781e+00 -1.30273899e+01
 -8.54368415e+00 -1.28298017e+01
 -8.94661747e+00 -1.26473333e+01
 -9.35703165e+00 -1.24798309e+01
 -9.77419139e+00 -1.23221692e+01
 -1.01950780e+01 -1.21692677e+01
 -1.06174398e+01 -1.20181180e+01
 -1.10402399e+01 -1.18674657e+01
 -1.14631395e+01 -1.17169230e+01
 -1.18860566e+01 -1.15663991e+01
 -1.23089760e+01 -1.14158778e+01
 -1.27318951e+01 -1.12653569e+01
 -1.31548086e+01 -1.11148380e+01
 -1.35776799e+01 -1.09643342e+01
 -1.40002993e+01 -1.08139200e+01
 -1.44217427e+01 -1.06639244e+01
 -1.48388688e+01 -1.05154653e+01
 -1.52435170e+01 -1.03714472e+01
 -1.56197316e+01 -1.02375489e+01
 -1.59447955e+01 -1.01218556e+01
 -1.61971378e+01 -1.00320447e+01
 -1.61971378e+01 -1.00320447e+01
 -1.61971378e+01 -1.00320447e+01
 -1.61971378e+01 -1.00320447e+01
 -1.61971378e+01 -1.00320447e+01
 -1.61971378e+01 -1.00320447e+01
 -1.61971378e+01 -1.00320447e+01
 -1.61971378e+01 -1.00320447e+01
 -1.61971378e+01 -1.00320447e+01
 -1.61971378e+01 -1.00320447e+01
 -1.61971378e+01 -1.00320447e+01
 -1.61971378e+01 -1.00320447e+01
 -1.61971378e+01 -1.00320447e+01
 -1.61971378e+01 -1.00320447e+01
 -1.61971378e+01 -1.00320447e+01
 -1.61971378e+01 -1.00320447e+01
 -1.61971378e+01 -1.00320447e+01
 -1.61971378e+01 -1.00320447e+01
 -1.61971378e+01 -1.00320447e+01
 -1.61971378e+01 -1.00320447e+01
 -1.61971378e+01 -1.00320447e+01
 -1.61971378e+01 -1.00320447e+01
 -1.61971378e+01 -1.00320447e+01
 -1.61971378e+01 -1.00320447e+01
 -1.61971378e+01 -1.00320447e+01
 -1.61971378e+01 -1.00320447e+01
 -1.61971378e+01 -1.00320447e+01
 -1.61971378e+01 -1.00320447e+01
 -1.61971378e+01 -1.00320447e+01
 -1.61971378e+01 -1.00320447e+01
 -1.61971378e+01 -1.00320447e+01
 -1.61971378e+01 -1.00320447e+01
 -1.61971378e+01 -1.00320447e+01
 -1.61971378e+01 -1.00320447e+01
 -1.61971378e+01 -1.00320447e+01
 -1.61971378e+01 -1.00320447e+01
