 0.00000000e+00 0.00000000e+00
 0.00000000e+00 0.00000000e+00
 0.00000000e+00 0.00000000e+00
 0.00000000e+00 0.00000000e+00
 0.00000000e+00 0.00000000e+00
 0.00000000e+00 0.00000000e+00
 0.00000000e+00 0.00000000e+00
 0.00000000e+00 0.00000000e+00
 0.00000000e+00 0.00000000e+00
 0.00000000e+00 0.00000000e+00
 0.00000000e+00 0.00000000e+00
 0.00000000e+00 0.00000000e+00
 0.00000000e+00 0.00000000e+00
 0.00000000e+00 0.00000000e+00
 0.00000000e+00 0.00000000e+00
 -1.13940952e-01 -4.61673312e-01
 -2.68059244e-01 -1.13212058e+00
 -4.61969706e-01 -2.02703115e+00
 -6.96949930e-01 -3.15304069e+00
 -9.77978180e-01 -4.51287815e+00
 -1.31424832e+00 -6.10626434e+00
 -1.71947816e+00 -7.92905997e+00
 -2.21220848e+00 -9.97310728e+00
 -2.81512849e+00 -1.22263971e+01
 -3.55277250e+00 -1.46722436e+01
 -4.44816919e+00 -1.72875667e+01
 -5.51958495e+00 -2.00418550e+01
 -6.77781787e+00 -2.28979216e+01
 -8.22365955e+00 -2.58136017e+01
 -9.84507316e+00 -2.87425189e+01
 -1.16143718e+01 -3.16335598e+01
 -1.34868715e+01 -3.44309805e+01
 -1.54028787e+01 -3.70770773e+01
 -1.72932938e+01 -3.95170907e+01
 -1.90870229e+01 -4.17043507e+01
 -2.07181853e+01 -4.36041358e+01
 -2.21321760e+01 -4.51959072e+01
 -2.32899430e+01 -4.64738432e+01
 -2.41696952e+01 -4.74451806e+01
 -2.47660428e+01 -4.81263065e+01
 -2.50876828e+01 -4.85380277e+01
 -2.51547955e+01 -4.87021100e+01
 -2.49963883e+01 -4.86397808e+01
 -2.46472059e+01 -4.83709854e+01
 -2.41444564e+01 -4.79131421e+01
 -2.35255572e+01 -4.72798667e+01
 -2.28275646e+01 -4.64812586e+01
 -2.20872214e+01 -4.55262841e+01
 -2.13399455e+01 -4.44256633e+01
 -2.06172939e+01 -4.31929558e+01
 -1.99439230e+01 -4.18431353e+01
 -1.93354637e+01 -4.03900666e+01
 -1.87979602e+01 -3.88447740e+01
 -1.83283941e+01 -3.72152648e+01
 -1.79155566e+01 -3.55075092e+01
 -1.75412620e+01 -3.37268910e+01
 -1.71823391e+01 -3.18796652e+01
 -1.68133334e+01 -2.99740648e+01
 -1.64092272e+01 -2.80206459e+01
 -1.59473858e+01 -2.60316729e+01
 -1.54082824e+01 -2.40198920e+01
 -1.47752296e+01 -2.19974111e+01
 -1.40339636e+01 -1.99751901e+01
 -1.31727496e+01 -1.79630845e+01
 -1.21828728e+01 -1.59699911e+01
 -1.10590687e+01 -1.40038432e+01
 -9.79994960e+00 -1.20718732e+01
 -8.40884497e+00 -1.01818238e+01
 -6.89509526e+00 -8.34401025e+00
 -5.27534024e+00 -6.57304061e+00
 -3.57426120e+00 -4.88787733e+00
 -1.82424280e+00 -3.31001450e+00
 -6.34865292e-02 -1.86077013e+00
 1.66726925e+00 -5.58892131e-01
 3.32840513e+00 5.81098197e-01
 4.88437079e+00 1.55004563e+00
 6.30573960e+00 2.34489180e+00
 7.57088314e+00 2.96877507e+00
 8.66734437e+00 3.43038131e+00
 9.59214251e+00 3.74262756e+00
 1.03504795e+01 3.92053884e+00
 1.09534297e+01 3.97830269e+00
 1.14156056e+01 3.92663448e+00
 1.17533020e+01 3.77213736e+00
 1.19831818e+01 3.51880129e+00
 1.21211654e+01 3.17006039e+00
 1.21808832e+01 2.73019092e+00
 1.21720331e+01 2.20507730e+00
 1.21003857e+01 1.60254737e+00
 1.19699314e+01 9.32159759e-01
 1.17847397e+01 2.04609876e-01
 1.15483126e+01 -5.68821209e-01
 1.12614305e+01 -1.37681341e+00
 1.09206918e+01 -2.20897587e+00
 1.05182834e+01 -3.05724777e+00
 1.00424657e+01 -3.91708988e+00
 9.47879575e+00 -4.78764288e+00
 8.81243810e+00 -5.67043591e+00
 8.03123854e+00 -6.56708387e+00
 7.12844679e+00 -7.47712441e+00
 6.10407553e+00 -8.39694992e+00
 4.96479514e+00 -9.31987706e+00
 3.72304676e+00 -1.02367949e+01
 2.39606798e+00 -1.11369364e+01
 1.00496881e+00 -1.20086051e+01
 -4.26352756e-01 -1.28398382e+01
 -1.87228043e+00 -1.36190798e+01
 -3.30598447e+00 -1.43358612e+01
 -4.69949101e+00 -1.49812634e+01
 -6.02431488e+00 -1.55480433e+01
 -7.25311059e+00 -1.60306428e+01
 -8.36155656e+00 -1.64252039e+01
 -9.32969407e+00 -1.67293340e+01
 -1.01431519e+01 -1.69416224e+01
 -1.07955040e+01 -1.70618131e+01
 -1.12923785e+01 -1.70930148e+01
 -1.16556313e+01 -1.70460413e+01
 -1.19231300e+01 -1.69426211e+01
 -1.21403200e+01 -1.68122638e+01
 -1.23461833e+01 -1.66821835e+01
 -1.25627475e+01 -1.65676369e+01
 -1.27950037e+01 -1.64704819e+01
 -1.30386868e+01 -1.63852544e+01
 -1.32881290e+01 -1.63059043e+01
 -1.35397323e+01 -1.62287352e+01
 -1.37919554e+01 -1.61521874e+01
 -1.40443158e+01 -1.60757766e+01
 -1.42966999e+01 -1.59993892e+01
 -1.45490871e+01 -1.59230051e+01
 -1.48014743e+01 -1.58466213e+01
 -1.50538582e+01 -1.57702386e+01
 -1.53062168e+01 -1.56938635e+01
 -1.55584251e+01 -1.56175339e+01
 -1.58099317e+01 -1.55414167e+01
 -1.60588618e+01 -1.54660793e+01
 -1.63003454e+01 -1.53929955e+01
 -1.65248606e+01 -1.53250471e+01
 -1.67188503e+01 -1.52663371e+01
 -1.68694417e+01 -1.52207614e+01
 -1.68694417e+01 -1.52207614e+01
 -1.68694417e+01 -1.52207614e+01
 -1.68694417e+01 -1.52207614e+01
 -1.68694417e+01 -1.52207614e+01
 -1.68694417e+01 -1.52207614e+01
 -1.68694417e+01 -1.52207614e+01
 -1.68694417e+01 -1.52207614e+01
 -1.68694417e+01 -1.52207614e+01
 -1.68694417e+01 -1.52207614e+01
 -1.68694417e+01 -1.52207614e+01
 -1.68694417e+01 -1.52207614e+01
 -1.68694417e+01 -1.52207614e+01
 -1.68694417e+01 -1.52207614e+01
 -1.68694417e+01 -1.52207614e+01
 -1.68694417e+01 -1.52207614e+01
 -1.68694417e+01 -1.52207614e+01
 -1.68694417e+01 -1.52207614e+01
 -1.68694417e+01 -1.52207614e+01
 -1.68694417e+01 -1.52207614e+01
 -1.68694417e+01 -1.52207614e+01
 -1.68694417e+01 -1.52207614e+01
 -1.68694417e+01 -1.52207614e+01
 -1.68694417e+01 -1.52207614e+01
 -1.68694417e+01 -1.52207614e+01
 -1.68694417e+01 -1.52207614e+01
 -1.68694417e+01 -1.52207614e+01
 -1.68694417e+01 -1.52207614e+01
 -1.68694417e+01 -1.52207614e+01
 -1.68694417e+01 -1.52207614e+01
 -1.68694417e+01 -1.52207614e+01
 -1.68694417e+01 -1.52207614e+01
 -1.68694417e+01 -1.52207614e+01
 -1.68694417e+01 -1.52207614e+01
 -1.68694417e+01 -1.52207614e+01
 -1.68694417e+01 -1.52207614e+01
 -1.68694417e+01 -1.52207614e+01
 -1.68694417e+01 -1.52207614e+01
 -1.68694417e+01 -1.52207614e+01
