 0.00000000e+00 0.00000000e+00
 0.00000000e+00 0.00000000e+00
 0.00000000e+00 0.00000000e+00
 0.00000000e+00 0.00000000e+00
 0.00000000e+00 0.00000000e+00
 0.00000000e+00 0.00000000e+00
 0.00000000e+00 0.00000000e+00
 0.00000000e+00 0.00000000e+00
 0.00000000e+00 0.00000000e+00
 0.00000000e+00 0.00000000e+00
 0.00000000e+00 0.00000000e+00
 0.00000000e+00 0.00000000e+00
 -2.22495547e-01 -2.68708608e-01
 -5.04894532e-01 -6.47428159e-01
 -8.23458067e-01 -1.14243276e+00
 -1.15463721e+00 -1.76167807e+00
 -1.48562580e+00 -2.51862493e+00
 -1.81727145e+00 -3.43089210e+00
 -2.16078708e+00 -4.51679921e+00
 -2.53270252e+00 -5.79248707e+00
 -2.95117964e+00 -7.27003591e+00
 -3.43441074e+00 -8.95628325e+00
 -4.00051603e+00 -1.08525664e+01
 -4.66799209e+00 -1.29555230e+01
 -5.45556139e+00 -1.52579687e+01
 -6.38058500e+00 -1.77483055e+01
 -7.45637025e+00 -2.04080729e+01
 -8.68952753e+00 -2.32091105e+01
 -1.00780546e+01 -2.61124775e+01
 -1.16101298e+01 -2.90702560e+01
 -1.32637305e+01 -3.20296115e+01
 -1.50074527e+01 -3.49374178e+01
 -1.68024919e+01 -3.77440202e+01
 -1.86051813e+01 -4.04056482e+01
 -2.03694941e+01 -4.28855863e+01
 -2.20494484e+01 -4.51543807e+01
 -2.36017995e+01 -4.71895228e+01
 -2.49890946e+01 -4.89751508e+01
 -2.61823687e+01 -5.05019386e+01
 -2.71625952e+01 -5.17666314e+01
 -2.79209204e+01 -5.27705259e+01
 -2.84584991e+01 -5.35171035e+01
 -2.87861218e+01 -5.40102424e+01
 -2.89227169e+01 -5.42545471e+01
 -2.88924608e+01 -5.42576526e+01
 -2.87219792e+01 -5.40320559e+01
 -2.84388126e+01 -5.35938428e+01
 -2.80702840e+01 -5.29586617e+01
 -2.76415740e+01 -5.21382319e+01
 -2.71733059e+01 -5.11398414e+01
 -2.66795807e+01 -4.99679553e+01
 -2.61667696e+01 -4.86254896e+01
 -2.56330114e+01 -4.71137917e+01
 -2.50686530e+01 -4.54324515e+01
 -2.44580056e+01 -4.35804920e+01
 -2.37823317e+01 -4.15593627e+01
 -2.30234148e+01 -3.93767781e+01
 -2.21669014e+01 -3.70497406e+01
 -2.12047630e+01 -3.46053687e+01
 -2.01364308e+01 -3.20792303e+01
 -1.89683762e+01 -2.95120857e+01
 -1.77122423e+01 -2.69461816e+01
 -1.63820538e+01 -2.44215102e+01
 -1.49913585e+01 -2.19720823e+01
 -1.35511149e+01 -1.96227981e+01
 -1.20687086e+01 -1.73878346e+01
 -1.05479291e+01 -1.52710155e+01
 -8.98945679e+00 -1.32678882e+01
 -7.39154924e+00 -1.13686963e+01
 -5.75107307e+00 -9.56138277e+00
 -4.06530144e+00 -7.83428263e+00
 -2.33442518e+00 -6.17864524e+00
 -5.63813684e-01 -4.59083943e+00
 1.23514897e+00 -3.07361647e+00
 3.04587842e+00 -1.63611288e+00
 4.84808580e+00 -2.92999093e-01
 6.61879754e+00 9.36723496e-01
 8.33277699e+00 2.03127566e+00
 9.96332162e+00 2.96827044e+00
 1.14842578e+01 3.72736715e+00
 1.28726873e+01 4.29256460e+00
 1.41110393e+01 4.65318317e+00
 1.51873101e+01 4.80353195e+00
 1.60938271e+01 4.74232907e+00
 1.68261641e+01 4.47294135e+00
 1.73836468e+01 4.00459391e+00
 1.77711208e+01 3.35385114e+00
 1.80000223e+01 2.54534477e+00
 1.80873138e+01 1.61093672e+00
 1.80531262e+01 5.87199986e-01
 1.79189028e+01 -4.88130415e-01
 1.77062085e+01 -1.57978348e+00
 1.74349473e+01 -2.65796734e+00
 1.71205738e+01 -3.70058647e+00
 1.67713621e+01 -4.69470788e+00
 1.63871574e+01 -5.63703915e+00
 1.59603455e+01 -6.53283459e+00
 1.54783987e+01 -7.39291024e+00
 1.49262438e+01 -8.22941415e+00
 1.42872709e+01 -9.05199780e+00
 1.35436153e+01 -9.86599981e+00
 1.26771538e+01 -1.06729123e+01
 1.16715731e+01 -1.14719955e+01
 1.05145921e+01 -1.22616740e+01
 9.19960290e+00 -1.30400510e+01
 7.72700967e+00 -1.38046178e+01
 6.10573619e+00 -1.45516588e+01
 4.35465247e+00 -1.52759550e+01
 2.50316638e+00 -1.59710728e+01
 5.90355459e-01 -1.66299075e+01
 -1.33755401e+00 -1.72449288e+01
 -3.23093557e+00 -1.78080557e+01
 -5.04084271e+00 -1.83106246e+01
 -6.72277399e+00 -1.87438858e+01
 -8.24021029e+00 -1.91000890e+01
 -9.56856281e+00 -1.93741299e+01
 -1.07002675e+01 -1.95660524e+01
 -1.16503900e+01 -1.96842837e+01
 -1.24583983e+01 -1.97474413e+01
 -1.31798991e+01 -1.97811737e+01
 -1.38686497e+01 -1.98097211e+01
 -1.45598035e+01 -1.98477283e+01
 -1.52658683e+01 -1.98985075e+01
 -1.59848890e+01 -1.99586293e+01
 -1.67109611e+01 -2.00235317e+01
 -1.74397998e+01 -2.00902565e+01
 -1.81694554e+01 -2.01575113e+01
 -1.88992959e+01 -2.02248851e+01
 -1.96291686e+01 -2.02922795e+01
 -2.03590456e+01 -2.03596766e+01
 -2.10889221e+01 -2.04270740e+01
 -2.18187890e+01 -2.04944705e+01
 -2.25485829e+01 -2.05618603e+01
 -2.32779422e+01 -2.06292099e+01
 -2.40052719e+01 -2.06963721e+01
 -2.47251509e+01 -2.07628464e+01
 -2.54234953e+01 -2.08273321e+01
 -2.60727690e+01 -2.08872865e+01
 -2.66337663e+01 -2.09390895e+01
 -2.70692602e+01 -2.09793034e+01
 -2.70692602e+01 -2.09793034e+01
 -2.70692602e+01 -2.09793034e+01
 -2.70692602e+01 -2.09793034e+01
 -2.70692602e+01 -2.09793034e+01
 -2.70692602e+01 -2.09793034e+01
 -2.70692602e+01 -2.09793034e+01
 -2.70692602e+01 -2.09793034e+01
 -2.70692602e+01 -2.09793034e+01
 -2.70692602e+01 -2.09793034e+01
 -2.70692602e+01 -2.09793034e+01
 -2.70692602e+01 -2.09793034e+01
 -2.70692602e+01 -2.09793034e+01
 -2.70692602e+01 -2.09793034e+01
 -2.70692602e+01 -2.09793034e+01
 -2.70692602e+01 -2.09793034e+01
 -2.70692602e+01 -2.09793034e+01
 -2.70692602e+01 -2.09793034e+01
 -2.70692602e+01 -2.09793034e+01
 -2.70692602e+01 -2.09793034e+01
 -2.70692602e+01 -2.09793034e+01
 -2.70692602e+01 -2.09793034e+01
 -2.70692602e+01 -2.09793034e+01
 -2.70692602e+01 -2.09793034e+01
 -2.70692602e+01 -2.09793034e+01
 -2.70692602e+01 -2.09793034e+01
 -2.70692602e+01 -2.09793034e+01
 -2.70692602e+01 -2.09793034e+01
 -2.70692602e+01 -2.09793034e+01
 -2.70692602e+01 -2.09793034e+01
 -2.70692602e+01 -2.09793034e+01
 -2.70692602e+01 -2.09793034e+01
 -2.70692602e+01 -2.09793034e+01
 -2.70692602e+01 -2.09793034e+01
 -2.70692602e+01 -2.09793034e+01
 -2.70692602e+01 -2.09793034e+01
 -2.70692602e+01 -2.09793034e+01
 -2.70692602e+01 -2.09793034e+01
