 0.00000000e+00 0.00000000e+00
 0.00000000e+00 0.00000000e+00
 0.00000000e+00 0.00000000e+00
 0.00000000e+00 0.00000000e+00
 0.00000000e+00 0.00000000e+00
 0.00000000e+00 0.00000000e+00
 1.61138388e-02 7.36478933e-02
 4.09099027e-02 1.51752631e-01
 7.31853435e-02 2.14008376e-01
 1.10175860e-01 2.36318850e-01
 1.49051609e-01 1.91385270e-01
 1.87393367e-01 4.82645281e-02
 2.22368774e-01 -2.25917614e-01
 2.49076531e-01 -6.62537571e-01
 2.58585932e-01 -1.28914808e+00
 2.37108761e-01 -2.12906468e+00
 1.67491045e-01 -3.20109529e+00
 3.17255167e-02 -4.51799060e+00
 -1.88007691e-01 -6.08445829e+00
 -5.10263243e-01 -7.89685383e+00
 -9.55431363e-01 -9.94544976e+00
 -1.54524663e+00 -1.22175879e+01
 -2.30037217e+00 -1.46987584e+01
 -3.23688091e+00 -1.73703780e+01
 -4.36290451e+00 -2.02062352e+01
 -5.67661459e+00 -2.31708803e+01
 -7.16600623e+00 -2.62212265e+01
 -8.80986157e+00 -2.93095986e+01
 -1.05785986e+01 -3.23859360e+01
 -1.24343948e+01 -3.53990433e+01
 -1.43316987e+01 -3.82984361e+01
 -1.62199587e+01 -4.10374906e+01
 -1.80486591e+01 -4.35768042e+01
 -1.97722992e+01 -4.58861276e+01
 -2.13528651e+01 -4.79443147e+01
 -2.27599640e+01 -4.97382352e+01
 -2.39709946e+01 -5.12620295e+01
 -2.49728488e+01 -5.25172439e+01
 -2.57638654e+01 -5.35131679e+01
 -2.63536795e+01 -5.42659736e+01
 -2.67605046e+01 -5.47955446e+01
 -2.70074228e+01 -5.51204711e+01
 -2.71189369e+01 -5.52536930e+01
 -2.71179443e+01 -5.52014501e+01
 -2.70235552e+01 -5.49654735e+01
 -2.68503995e+01 -5.45454355e+01
 -2.66090347e+01 -5.39393443e+01
 -2.63065742e+01 -5.31429433e+01
 -2.59473850e+01 -5.21506823e+01
 -2.55339187e+01 -5.09588654e+01
 -2.50672406e+01 -4.95689964e+01
 -2.45469723e+01 -4.79888470e+01
 -2.39710596e+01 -4.62305600e+01
 -2.33360298e+01 -4.43075385e+01
 -2.26381506e+01 -4.22328655e+01
 -2.18753233e+01 -4.00206032e+01
 -2.10487630e+01 -3.76888468e+01
 -2.01633066e+01 -3.52620886e+01
 -1.92262182e+01 -3.27712564e+01
 -1.82456050e+01 -3.02517018e+01
 -1.72294581e+01 -2.77406222e+01
 -1.61852144e+01 -2.52750126e+01
 -1.51192117e+01 -2.28900579e+01
 -1.40358849e+01 -2.06172246e+01
 -1.29370972e+01 -1.84817496e+01
 -1.18220753e+01 -1.65001739e+01
 -1.06880499e+01 -1.46790337e+01
 -9.53115650e+00 -1.30153531e+01
 -8.34699658e+00 -1.14986494e+01
 -7.13082235e+00 -1.01135831e+01
 -5.87787019e+00 -8.84249184e+00
 -4.58419206e+00 -7.66764404e+00
 -3.24780072e+00 -6.57352408e+00
 -1.86982718e+00 -5.54925145e+00
 -4.55593675e-01 -4.59055702e+00
 9.84485705e-01 -3.70056586e+00
 2.43455977e+00 -2.88914982e+00
 3.87415742e+00 -2.17103622e+00
 5.28036708e+00 -1.56298902e+00
 6.63060441e+00 -1.08060006e+00
 7.90475609e+00 -7.35400715e-01
 9.08626814e+00 -5.32883349e-01
 1.01627525e+01 -4.71786608e-01
 1.11266209e+01 -5.44573171e-01
 1.19753963e+01 -7.38423280e-01
 1.27110084e+01 -1.03613977e+00
 1.33380465e+01 -1.41721636e+00
 1.38617666e+01 -1.85951793e+00
 1.42866990e+01 -2.34125023e+00
 1.46160782e+01 -2.84268669e+00
 1.48518252e+01 -3.34775111e+00
 1.49946663e+01 -3.84562242e+00
 1.50438039e+01 -4.33183070e+00
 1.49958207e+01 -4.80811060e+00
 1.48435818e+01 -5.28097087e+00
 1.45764317e+01 -5.75966593e+00
 1.41818418e+01 -6.25429402e+00
 1.36474068e+01 -6.77421923e+00
 1.29624499e+01 -7.32657324e+00
 1.21196318e+01 -7.91470262e+00
 1.11170530e+01 -8.53690467e+00
 9.96033576e+00 -9.18608091e+00
 8.66364772e+00 -9.85065092e+00
 7.24935087e+00 -1.05163125e+01
 5.74694242e+00 -1.11676911e+01
 4.19212739e+00 -1.17892791e+01
 2.62604200e+00 -1.23659373e+01
 1.09348741e+00 -1.28835172e+01
 -3.60975593e-01 -1.33297216e+01
 -1.69840275e+00 -1.36949505e+01
 -2.88990595e+00 -1.39728849e+01
 -3.91842395e+00 -1.41607920e+01
 -4.77866610e+00 -1.42600143e+01
 -5.47770116e+00 -1.42773442e+01
 -6.03702857e+00 -1.42270120e+01
 -6.49285923e+00 -1.41309832e+01
 -6.88970955e+00 -1.40148161e+01
 -7.26767020e+00 -1.38998739e+01
 -7.65135639e+00 -1.37972192e+01
 -8.04831792e+00 -1.37077296e+01
 -8.45587744e+00 -1.36270988e+01
 -8.86902135e+00 -1.35507912e+01
 -9.28431990e+00 -1.34760803e+01
 -9.70024842e+00 -1.34018233e+01
 -1.01163185e+01 -1.33276663e+01
 -1.05324133e+01 -1.32535265e+01
 -1.09485113e+01 -1.31793890e+01
 -1.13646091e+01 -1.31052518e+01
 -1.17807015e+01 -1.30311157e+01
 -1.21967522e+01 -1.29569869e+01
 -1.26125551e+01 -1.28829023e+01
 -1.30272011e+01 -1.28090239e+01
 -1.34375993e+01 -1.27359022e+01
 -1.38357209e+01 -1.26649680e+01
 -1.42058676e+01 -1.25990180e+01
 -1.45256885e+01 -1.25420348e+01
 -1.47739607e+01 -1.24977995e+01
 -1.47739607e+01 -1.24977995e+01
 -1.47739607e+01 -1.24977995e+01
 -1.47739607e+01 -1.24977995e+01
 -1.47739607e+01 -1.24977995e+01
 -1.47739607e+01 -1.24977995e+01
 -1.47739607e+01 -1.24977995e+01
 -1.47739607e+01 -1.24977995e+01
 -1.47739607e+01 -1.24977995e+01
 -1.47739607e+01 -1.24977995e+01
 -1.47739607e+01 -1.24977995e+01
 -1.47739607e+01 -1.24977995e+01
 -1.47739607e+01 -1.24977995e+01
 -1.47739607e+01 -1.24977995e+01
 -1.47739607e+01 -1.24977995e+01
 -1.47739607e+01 -1.24977995e+01
 -1.47739607e+01 -1.24977995e+01
 -1.47739607e+01 -1.24977995e+01
 -1.47739607e+01 -1.24977995e+01
 -1.47739607e+01 -1.24977995e+01
 -1.47739607e+01 -1.24977995e+01
 -1.47739607e+01 -1.24977995e+01
 -1.47739607e+01 -1.24977995e+01
 -1.47739607e+01 -1.24977995e+01
 -1.47739607e+01 -1.24977995e+01
 -1.47739607e+01 -1.24977995e+01
 -1.47739607e+01 -1.24977995e+01
 -1.47739607e+01 -1.24977995e+01
 -1.47739607e+01 -1.24977995e+01
 -1.47739607e+01 -1.24977995e+01
 -1.47739607e+01 -1.24977995e+01
 -1.47739607e+01 -1.24977995e+01
 -1.47739607e+01 -1.24977995e+01
 -1.47739607e+01 -1.24977995e+01
 -1.47739607e+01 -1.24977995e+01
 -1.47739607e+01 -1.24977995e+01
 -1.47739607e+01 -1.24977995e+01
 -1.47739607e+01 -1.24977995e+01
 -1.47739607e+01 -1.24977995e+01
 -1.47739607e+01 -1.24977995e+01
 -1.47739607e+01 -1.24977995e+01
