 0.00000000e+00 0.00000000e+00
 0.00000000e+00 0.00000000e+00
 0.00000000e+00 0.00000000e+00
 0.00000000e+00 0.00000000e+00
 0.00000000e+00 0.00000000e+00
 0.00000000e+00 0.00000000e+00
 0.00000000e+00 0.00000000e+00
 0.00000000e+00 0.00000000e+00
 0.00000000e+00 0.00000000e+00
 0.00000000e+00 0.00000000e+00
 0.00000000e+00 0.00000000e+00
 0.00000000e+00 0.00000000e+00
 0.00000000e+00 0.00000000e+00
 -4.87274078e-02 -2.53280852e-01
 -1.23452034e-01 -6.50202720e-01
 -2.26283153e-01 -1.22122384e+00
 -3.58365205e-01 -1.99078133e+00
 -5.22095207e-01 -2.97672263e+00
 -7.21985988e-01 -4.18891757e+00
 -9.64509958e-01 -5.62765643e+00
 -1.25818125e+00 -7.28321097e+00
 -1.61381725e+00 -9.13724682e+00
 -2.04397364e+00 -1.11658915e+01
 -2.56144863e+00 -1.33435145e+01
 -3.17783481e+00 -1.56457978e+01
 -3.90278193e+00 -1.80510776e+01
 -4.74366910e+00 -2.05400548e+01
 -5.70509778e+00 -2.30947192e+01
 -6.78812658e+00 -2.56972463e+01
 -7.98969945e+00 -2.83291106e+01
 -9.30257252e+00 -3.09701458e+01
 -1.07152922e+01 -3.35971647e+01
 -1.22113277e+01 -3.61823533e+01
 -1.37671338e+01 -3.86923338e+01
 -1.53502540e+01 -4.10886345e+01
 -1.69191791e+01 -4.33296522e+01
 -1.84259457e+01 -4.53738408e+01
 -1.98210643e+01 -4.71837280e+01
 -2.10591168e+01 -4.87300396e+01
 -2.21031252e+01 -4.99947838e+01
 -2.29271011e+01 -5.09721677e+01
 -2.35176018e+01 -5.16671388e+01
 -2.38746008e+01 -5.20927142e+01
 -2.40107396e+01 -5.22675892e+01
 -2.39487078e+01 -5.22141837e+01
 -2.37178251e+01 -5.19560268e+01
 -2.33504177e+01 -5.15141843e+01
 -2.28780247e+01 -5.09043901e+01
 -2.23284255e+01 -5.01367976e+01
 -2.17243382e+01 -4.92180763e+01
 -2.10827462e+01 -4.81534870e+01
 -2.04136329e+01 -4.69471360e+01
 -1.97189777e+01 -4.56010148e+01
 -1.89936657e+01 -4.41147675e+01
 -1.82282219e+01 -4.24872909e+01
 -1.74117665e+01 -4.07196549e+01
 -1.65342119e+01 -3.88180071e+01
 -1.55880752e+01 -3.67954475e+01
 -1.45704571e+01 -3.46727553e+01
 -1.34849387e+01 -3.24783195e+01
 -1.23425264e+01 -3.02473287e+01
 -1.11609426e+01 -2.80199624e+01
 -9.96222496e+00 -2.58385489e+01
 -8.76924078e+00 -2.37439039e+01
 -7.60219698e+00 -2.17711660e+01
 -6.47627855e+00 -1.99459331e+01
 -5.40075569e+00 -1.82820751e+01
 -4.37890872e+00 -1.67821118e+01
 -3.40814237e+00 -1.54395759e+01
 -2.48044155e+00 -1.42417438e+01
 -1.58355701e+00 -1.31715318e+01
 -7.02757146e-01 -1.22087984e+01
 1.77404418e-01 -1.13322596e+01
 1.07146106e+00 -1.05225871e+01
 1.99114884e+00 -9.76577913e+00
 2.94331975e+00 -9.05535624e+00
 3.92881923e+00 -8.39272988e+00
 4.94327729e+00 -7.78600861e+00
 5.97892150e+00 -7.24782276e+00
 7.02559808e+00 -6.79288827e+00
 8.07054534e+00 -6.43601208e+00
 9.09819440e+00 -6.19063281e+00
 1.00912947e+01 -6.06730606e+00
 1.10331613e+01 -6.07175105e+00
 1.19094905e+01 -6.20300697e+00
 1.27084960e+01 -6.45274144e+00
 1.34198514e+01 -6.80619084e+00
 1.40340267e+01 -7.24422864e+00
 1.45428339e+01 -7.74562768e+00
 1.49406313e+01 -8.28892217e+00
 1.52252485e+01 -8.85390259e+00
 1.53977385e+01 -9.42309779e+00
 1.54601112e+01 -9.98337249e+00
 1.54115890e+01 -1.05273016e+01
 1.52461340e+01 -1.10537467e+01
 1.49535437e+01 -1.15672390e+01
 1.45228808e+01 -1.20762927e+01
 1.39450314e+01 -1.25912799e+01
 1.32131603e+01 -1.31224712e+01
 1.23225816e+01 -1.36783410e+01
 1.12719190e+01 -1.42639781e+01
 1.00658320e+01 -1.48797147e+01
 8.71802554e+00 -1.55203007e+01
 7.25290194e+00 -1.61748896e+01
 5.70501687e+00 -1.68280764e+01
 4.11665056e+00 -1.74619490e+01
 2.53448323e+00 -1.80584189e+01
 1.00617070e+00 -1.86009970e+01
 -4.23175468e-01 -1.90759479e+01
 -1.71494444e+00 -1.94733093e+01
 -2.84105026e+00 -1.97880474e+01
 -3.78673300e+00 -2.00210482e+01
 -4.55088490e+00 -2.01789336e+01
 -5.14381538e+00 -2.02716723e+01
 -5.58391471e+00 -2.03089474e+01
 -5.89532945e+00 -2.02985684e+01
 -6.10736782e+00 -2.02488222e+01
 -6.25352750e+00 -2.01718717e+01
 -6.36713851e+00 -2.00833198e+01
 -6.47421041e+00 -1.99972036e+01
 -6.58850646e+00 -1.99210060e+01
 -6.71272662e+00 -1.98550940e+01
 -6.84396392e+00 -1.97960849e+01
 -6.97866093e+00 -1.97404571e+01
 -7.11463268e+00 -1.96860848e+01
 -7.25096433e+00 -1.96320715e+01
 -7.38737468e+00 -1.95781378e+01
 -7.52379842e+00 -1.95242177e+01
 -7.66022393e+00 -1.94702995e+01
 -7.79664943e+00 -1.94163816e+01
 -7.93307315e+00 -1.93624644e+01
 -8.06948322e+00 -1.93085526e+01
 -8.20581206e+00 -1.92546729e+01
 -8.34176155e+00 -1.92009431e+01
 -8.47631836e+00 -1.91477637e+01
 -8.60685003e+00 -1.90961751e+01
 -8.72820959e+00 -1.90482116e+01
 -8.83306891e+00 -1.90067692e+01
 -8.91446964e+00 -1.89745981e+01
 -8.91446964e+00 -1.89745981e+01
 -8.91446964e+00 -1.89745981e+01
 -8.91446964e+00 -1.89745981e+01
 -8.91446964e+00 -1.89745981e+01
 -8.91446964e+00 -1.89745981e+01
 -8.91446964e+00 -1.89745981e+01
 -8.91446964e+00 -1.89745981e+01
 -8.91446964e+00 -1.89745981e+01
 -8.91446964e+00 -1.89745981e+01
 -8.91446964e+00 -1.89745981e+01
 -8.91446964e+00 -1.89745981e+01
 -8.91446964e+00 -1.89745981e+01
 -8.91446964e+00 -1.89745981e+01
 -8.91446964e+00 -1.89745981e+01
 -8.91446964e+00 -1.89745981e+01
 -8.91446964e+00 -1.89745981e+01
 -8.91446964e+00 -1.89745981e+01
 -8.91446964e+00 -1.89745981e+01
 -8.91446964e+00 -1.89745981e+01
 -8.91446964e+00 -1.89745981e+01
 -8.91446964e+00 -1.89745981e+01
 -8.91446964e+00 -1.89745981e+01
 -8.91446964e+00 -1.89745981e+01
 -8.91446964e+00 -1.89745981e+01
 -8.91446964e+00 -1.89745981e+01
 -8.91446964e+00 -1.89745981e+01
 -8.91446964e+00 -1.89745981e+01
 -8.91446964e+00 -1.89745981e+01
 -8.91446964e+00 -1.89745981e+01
 -8.91446964e+00 -1.89745981e+01
 -8.91446964e+00 -1.89745981e+01
 -8.91446964e+00 -1.89745981e+01
 -8.91446964e+00 -1.89745981e+01
 -8.91446964e+00 -1.89745981e+01
 -8.91446964e+00 -1.89745981e+01
 -8.91446964e+00 -1.89745981e+01
 -8.91446964e+00 -1.89745981e+01
 -8.91446964e+00 -1.89745981e+01
