 0.00000000e+00 0.00000000e+00
 0.00000000e+00 0.00000000e+00
 0.00000000e+00 0.00000000e+00
 0.00000000e+00 0.00000000e+00
 0.00000000e+00 0.00000000e+00
 0.00000000e+00 0.00000000e+00
 0.00000000e+00 0.00000000e+00
 0.00000000e+00 0.00000000e+00
 0.00000000e+00 0.00000000e+00
 0.00000000e+00 0.00000000e+00
 0.00000000e+00 0.00000000e+00
 0.00000000e+00 0.00000000e+00
 2.80722835e-02 -3.74706540e-01
 5.93315302e-02 -9.37470080e-01
 8.59024871e-02 -1.71187730e+00
 1.00541155e-01 -2.70985906e+00
 9.77211195e-02 -3.93317559e+00
 7.17378092e-02 -5.37309402e+00
 1.51450982e-02 -7.01031565e+00
 -8.02782713e-02 -8.81791376e+00
 -2.21802429e-01 -1.07673913e+01
 -4.15913196e-01 -1.28352914e+01
 -6.70140070e-01 -1.50070398e+01
 -9.94044870e-01 -1.72762916e+01
 -1.39799281e+00 -1.96409163e+01
 -1.89096546e+00 -2.20983658e+01
 -2.47937561e+00 -2.46421407e+01
 -3.16693596e+00 -2.72589970e+01
 -3.95390838e+00 -2.99259944e+01
 -4.83488632e+00 -3.26079116e+01
 -5.79636822e+00 -3.52570167e+01
 -6.81606277e+00 -3.78167492e+01
 -7.86464906e+00 -4.02286042e+01
 -8.90906666e+00 -4.24395013e+01
 -9.91565685e+00 -4.44072094e+01
 -1.08521596e+01 -4.61033474e+01
 -1.16891879e+01 -4.75146443e+01
 -1.24026185e+01 -4.86426992e+01
 -1.29770725e+01 -4.95018228e+01
 -1.34086387e+01 -5.01148846e+01
 -1.37048585e+01 -5.05081382e+01
 -1.38819099e+01 -5.07066957e+01
 -1.39605381e+01 -5.07318493e+01
 -1.39622594e+01 -5.06000712e+01
 -1.39064324e+01 -5.03225846e+01
 -1.38079723e+01 -4.99048850e+01
 -1.36755522e+01 -4.93467548e+01
 -1.35108866e+01 -4.86435724e+01
 -1.33096394e+01 -4.77886558e+01
 -1.30634298e+01 -4.67752453e+01
 -1.27619369e+01 -4.55970403e+01
 -1.23947156e+01 -4.42478313e+01
 -1.19527942e+01 -4.27218122e+01
 -1.14299780e+01 -4.10153953e+01
 -1.08236263e+01 -3.91298867e+01
 -1.01347385e+01 -3.70737821e+01
 -9.36741396e+00 -3.48639294e+01
 -8.52814719e+00 -3.25255691e+01
 -7.62554719e+00 -3.00915851e+01
 -6.67039581e+00 -2.76011214e+01
 -5.67531304e+00 -2.50975008e+01
 -4.65376160e+00 -2.26254309e+01
 -3.61896015e+00 -2.02276969e+01
 -2.58312020e+00 -1.79417983e+01
 -1.55672895e+00 -1.57972391e+01
 -5.47569564e-01 -1.38140862e+01
 4.40316680e-01 -1.20027230e+01
 1.40726097e+00 -1.03642082e+01
 2.35785343e+00 -8.89104442e+00
 3.29998337e+00 -7.56875022e+00
 4.24314308e+00 -6.37847760e+00
 5.19629828e+00 -5.30031942e+00
 6.16580521e+00 -4.31657443e+00
 7.15390099e+00 -3.41419062e+00
 8.15807438e+00 -2.58595841e+00
 9.17132095e+00 -1.83065040e+00
 1.01831312e+01 -1.15252721e+00
 1.11809314e+01 -5.60276603e-01
 1.21515550e+01 -6.53761471e-02
 1.30823540e+01 3.19675683e-01
 1.39617873e+01 5.82702844e-01
 1.47796421e+01 7.12700552e-01
 1.55272732e+01 7.00476200e-01
 1.61980065e+01 5.39354476e-01
 1.67873704e+01 2.26145006e-01
 1.72928656e+01 -2.37671760e-01
 1.77135387e+01 -8.45010162e-01
 1.80499333e+01 -1.58297195e+00
 1.83046424e+01 -2.43340839e+00
 1.84828689e+01 -3.37416771e+00
 1.85917903e+01 -4.38100778e+00
 1.86380322e+01 -5.42981101e+00
 1.86242832e+01 -6.49848026e+00
 1.85474625e+01 -7.56821136e+00
 1.83998550e+01 -8.62413778e+00
 1.81719475e+01 -9.65532483e+00
 1.78546924e+01 -1.06541119e+01
 1.74404759e+01 -1.16149373e+01
 1.69234497e+01 -1.25329641e+01
 1.62997634e+01 -1.34030513e+01
 1.55679348e+01 -1.42195924e+01
 1.47295806e+01 -1.49772422e+01
 1.37902761e+01 -1.56719301e+01
 1.27597285e+01 -1.63014423e+01
 1.16508655e+01 -1.68653035e+01
 1.04786375e+01 -1.73641651e+01
 9.25967032e+00 -1.77991054e+01
 8.01283292e+00 -1.81711745e+01
 6.75970230e+00 -1.84812377e+01
 5.52392859e+00 -1.87299439e+01
 4.32928273e+00 -1.89176548e+01
 3.19709990e+00 -1.90441960e+01
 2.14429513e+00 -1.91084567e+01
 1.18228324e+00 -1.91087336e+01
 3.15620607e-01 -1.90453798e+01
 -4.60500728e-01 -1.89255228e+01
 -1.16194095e+00 -1.87659430e+01
 -1.81287000e+00 -1.85896772e+01
 -2.43819133e+00 -1.84172697e+01
 -3.05589547e+00 -1.82594030e+01
 -3.67450875e+00 -1.81164131e+01
 -4.29579586e+00 -1.79833345e+01
 -4.91887632e+00 -1.78550892e+01
 -5.54272217e+00 -1.77286340e+01
 -6.16680395e+00 -1.76026898e+01
 -6.79094044e+00 -1.74768587e+01
 -7.41508664e+00 -1.73510472e+01
 -8.03923409e+00 -1.72252382e+01
 -8.66338084e+00 -1.70994297e+01
 -9.28751936e+00 -1.69736229e+01
 -9.91159543e+00 -1.68478286e+01
 -1.05352999e+01 -1.67221093e+01
 -1.11572688e+01 -1.65967398e+01
 -1.17728662e+01 -1.64726546e+01
 -1.23700486e+01 -1.63522813e+01
 -1.29252685e+01 -1.62403663e+01
 -1.34049999e+01 -1.61436675e+01
 -1.37774083e+01 -1.60686016e+01
 -1.37774083e+01 -1.60686016e+01
 -1.37774083e+01 -1.60686016e+01
 -1.37774083e+01 -1.60686016e+01
 -1.37774083e+01 -1.60686016e+01
 -1.37774083e+01 -1.60686016e+01
 -1.37774083e+01 -1.60686016e+01
 -1.37774083e+01 -1.60686016e+01
 -1.37774083e+01 -1.60686016e+01
 -1.37774083e+01 -1.60686016e+01
 -1.37774083e+01 -1.60686016e+01
 -1.37774083e+01 -1.60686016e+01
 -1.37774083e+01 -1.60686016e+01
 -1.37774083e+01 -1.60686016e+01
 -1.37774083e+01 -1.60686016e+01
 -1.37774083e+01 -1.60686016e+01
 -1.37774083e+01 -1.60686016e+01
 -1.37774083e+01 -1.60686016e+01
 -1.37774083e+01 -1.60686016e+01
 -1.37774083e+01 -1.60686016e+01
 -1.37774083e+01 -1.60686016e+01
 -1.37774083e+01 -1.60686016e+01
 -1.37774083e+01 -1.60686016e+01
 -1.37774083e+01 -1.60686016e+01
 -1.37774083e+01 -1.60686016e+01
 -1.37774083e+01 -1.60686016e+01
 -1.37774083e+01 -1.60686016e+01
 -1.37774083e+01 -1.60686016e+01
 -1.37774083e+01 -1.60686016e+01
 -1.37774083e+01 -1.60686016e+01
 -1.37774083e+01 -1.60686016e+01
 -1.37774083e+01 -1.60686016e+01
 -1.37774083e+01 -1.60686016e+01
 -1.37774083e+01 -1.60686016e+01
 -1.37774083e+01 -1.60686016e+01
 -1.37774083e+01 -1.60686016e+01
 -1.37774083e+01 -1.60686016e+01
 -1.37774083e+01 -1.60686016e+01
 -1.37774083e+01 -1.60686016e+01
 -1.37774083e+01 -1.60686016e+01
