 0.00000000e+00 0.00000000e+00
 0.00000000e+00 0.00000000e+00
 0.00000000e+00 0.00000000e+00
 0.00000000e+00 0.00000000e+00
 0.00000000e+00 0.00000000e+00
 0.00000000e+00 0.00000000e+00
 0.00000000e+00 0.00000000e+00
 0.00000000e+00 0.00000000e+00
 0.00000000e+00 0.00000000e+00
 0.00000000e+00 0.00000000e+00
 -8.13607486e-02 9.48300306e-03
 -2.08326225e-01 -3.18074814e-02
 -3.83629218e-01 -1.65524239e-01
 -6.04959197e-01 -4.29960414e-01
 -8.68396266e-01 -8.53794038e-01
 -1.17045483e+00 -1.45641833e+00
 -1.50787138e+00 -2.25096761e+00
 -1.87683224e+00 -3.24575713e+00
 -2.27297260e+00 -4.44359977e+00
 -2.69203632e+00 -5.84091594e+00
 -3.13054746e+00 -7.42803758e+00
 -3.58603028e+00 -9.19059951e+00
 -4.05669770e+00 -1.11111518e+01
 -4.54100342e+00 -1.31704026e+01
 -5.03773301e+00 -1.53481588e+01
 -5.54717255e+00 -1.76241310e+01
 -6.07327525e+00 -1.99782739e+01
 -6.62565219e+00 -2.23901298e+01
 -7.21939264e+00 -2.48371769e+01
 -7.87150016e+00 -2.72929401e+01
 -8.59519038e+00 -2.97259068e+01
 -9.39529360e+00 -3.20999549e+01
 -1.02671518e+01 -3.43764428e+01
 -1.11983020e+01 -3.65176007e+01
 -1.21702712e+01 -3.84902386e+01
 -1.31589134e+01 -4.02683930e+01
 -1.41342835e+01 -4.18341261e+01
 -1.50624209e+01 -4.31771294e+01
 -1.59104185e+01 -4.42945612e+01
 -1.66533321e+01 -4.51913820e+01
 -1.72791134e+01 -4.58794569e+01
 -1.77884355e+01 -4.63736893e+01
 -1.81899195e+01 -4.66862785e+01
 -1.84945551e+01 -4.68228656e+01
 -1.87131055e+01 -4.67833454e+01
 -1.88570536e+01 -4.65660055e+01
 -1.89399361e+01 -4.61707613e+01
 -1.89753194e+01 -4.55987821e+01
 -1.89713377e+01 -4.48498706e+01
 -1.89260448e+01 -4.39209716e+01
 -1.88279411e+01 -4.28075265e+01
 -1.86615695e+01 -4.15066707e+01
 -1.84138341e+01 -4.00202582e+01
 -1.80770998e+01 -3.83564225e+01
 -1.76490098e+01 -3.65295461e+01
 -1.71314315e+01 -3.45593628e+01
 -1.65299974e+01 -3.24701821e+01
 -1.58537787e+01 -3.02907156e+01
 -1.51142389e+01 -2.80539635e+01
 -1.43236569e+01 -2.57960253e+01
 -1.34939958e+01 -2.35533439e+01
 -1.26366683e+01 -2.13593687e+01
 -1.17625775e+01 -1.92423774e+01
 -1.08816088e+01 -1.72252697e+01
 -1.00015931e+01 -1.53264351e+01
 -9.12759804e+00 -1.35601045e+01
 -8.26220856e+00 -1.19355737e+01
 -7.40628582e+00 -1.04561210e+01
 -6.55907404e+00 -9.11877034e+00
 -5.71754947e+00 -7.91518855e+00
 -4.87614382e+00 -6.83316540e+00
 -4.02758112e+00 -5.85812988e+00
 -3.16429229e+00 -4.97463089e+00
 -2.27952583e+00 -4.16798094e+00
 -1.36792922e+00 -3.42612605e+00
 -4.26040745e-01 -2.74141357e+00
 5.46738034e-01 -2.11163318e+00
 1.54669255e+00 -1.53990394e+00
 2.56478713e+00 -1.03358779e+00
 3.58712712e+00 -6.02750187e-01
 4.59680358e+00 -2.58419724e-01
 5.57600394e+00 -1.07071575e-02
 6.50751805e+00 1.32747733e-01
 7.37568326e+00 1.67476928e-01
 8.16722965e+00 9.24998177e-02
 8.87220498e+00 -8.88660620e-02
 9.48467404e+00 -3.68214163e-01
 1.00026596e+01 -7.32802987e-01
 1.04270465e+01 -1.16803162e+00
 1.07598375e+01 -1.66009148e+00
 1.10026360e+01 -2.19750724e+00
 1.11556403e+01 -2.77158865e+00
 1.12162569e+01 -3.37636504e+00
 1.11771106e+01 -4.00834719e+00
 1.10257277e+01 -4.66614315e+00
 1.07479107e+01 -5.34974650e+00
 1.03325763e+01 -6.05943113e+00
 9.77397341e+00 -6.79463302e+00
 9.07085869e+00 -7.55327146e+00
 8.22549243e+00 -8.33142484e+00
 7.24397715e+00 -9.12304356e+00
 6.13690103e+00 -9.91985827e+00
 4.91917276e+00 -1.07118698e+01
 3.60938702e+00 -1.14882552e+01
 2.22958105e+00 -1.22380957e+01
 8.05322780e-01 -1.29506770e+01
 -6.34821202e-01 -1.36156323e+01
 -2.06097979e+00 -1.42233157e+01
 -3.44424314e+00 -1.47655953e+01
 -4.75851867e+00 -1.52368363e+01
 -5.98167365e+00 -1.56344786e+01
 -7.09638171e+00 -1.59588629e+01
 -8.09099231e+00 -1.62126997e+01
 -8.96022223e+00 -1.64007960e+01
 -9.70551490e+00 -1.65301136e+01
 -1.03355144e+01 -1.66098636e+01
 -1.08669360e+01 -1.66514653e+01
 -1.13244809e+01 -1.66680042e+01
 -1.17373159e+01 -1.66725368e+01
 -1.21319390e+01 -1.66754011e+01
 -1.25255841e+01 -1.66821784e+01
 -1.29248477e+01 -1.66939066e+01
 -1.33294626e+01 -1.67091678e+01
 -1.37370838e+01 -1.67262146e+01
 -1.41459047e+01 -1.67439382e+01
 -1.45550837e+01 -1.67618581e+01
 -1.49643444e+01 -1.67798219e+01
 -1.53736194e+01 -1.67977935e+01
 -1.57828963e+01 -1.68157660e+01
 -1.61921728e+01 -1.68337386e+01
 -1.66014440e+01 -1.68517110e+01
 -1.70106742e+01 -1.68696816e+01
 -1.74196607e+01 -1.68876415e+01
 -1.78275092e+01 -1.69055515e+01
 -1.82311796e+01 -1.69232779e+01
 -1.86227746e+01 -1.69404741e+01
 -1.89868533e+01 -1.69564620e+01
 -1.93014312e+01 -1.69702761e+01
 -1.95456334e+01 -1.69809998e+01
 -1.95456334e+01 -1.69809998e+01
 -1.95456334e+01 -1.69809998e+01
 -1.95456334e+01 -1.69809998e+01
 -1.95456334e+01 -1.69809998e+01
 -1.95456334e+01 -1.69809998e+01
 -1.95456334e+01 -1.69809998e+01
 -1.95456334e+01 -1.69809998e+01
 -1.95456334e+01 -1.69809998e+01
 -1.95456334e+01 -1.69809998e+01
 -1.95456334e+01 -1.69809998e+01
 -1.95456334e+01 -1.69809998e+01
 -1.95456334e+01 -1.69809998e+01
 -1.95456334e+01 -1.69809998e+01
 -1.95456334e+01 -1.69809998e+01
 -1.95456334e+01 -1.69809998e+01
 -1.95456334e+01 -1.69809998e+01
 -1.95456334e+01 -1.69809998e+01
 -1.95456334e+01 -1.69809998e+01
 -1.95456334e+01 -1.69809998e+01
 -1.95456334e+01 -1.69809998e+01
 -1.95456334e+01 -1.69809998e+01
 -1.95456334e+01 -1.69809998e+01
 -1.95456334e+01 -1.69809998e+01
 -1.95456334e+01 -1.69809998e+01
 -1.95456334e+01 -1.69809998e+01
 -1.95456334e+01 -1.69809998e+01
 -1.95456334e+01 -1.69809998e+01
 -1.95456334e+01 -1.69809998e+01
 -1.95456334e+01 -1.69809998e+01
 -1.95456334e+01 -1.69809998e+01
 -1.95456334e+01 -1.69809998e+01
 -1.95456334e+01 -1.69809998e+01
 -1.95456334e+01 -1.69809998e+01
 -1.95456334e+01 -1.69809998e+01
 -1.95456334e+01 -1.69809998e+01
 -1.95456334e+01 -1.69809998e+01
 -1.95456334e+01 -1.69809998e+01
 -1.95456334e+01 -1.69809998e+01
