 0.00000000e+00 0.00000000e+00
 0.00000000e+00 0.00000000e+00
 0.00000000e+00 0.00000000e+00
 0.00000000e+00 0.00000000e+00
 0.00000000e+00 0.00000000e+00
 0.00000000e+00 0.00000000e+00
 0.00000000e+00 0.00000000e+00
 0.00000000e+00 0.00000000e+00
 0.00000000e+00 0.00000000e+00
 0.00000000e+00 0.00000000e+00
 -1.18080571e-01 -2.32160694e-01
 -2.72329821e-01 -5.76633966e-01
 -4.55744756e-01 -1.04821523e+00
 -6.61778730e-01 -1.65939480e+00
 -8.87790216e-01 -2.42321426e+00
 -1.13576710e+00 -3.35331974e+00
 -1.41132908e+00 -4.46190138e+00
 -1.72208433e+00 -5.75742111e+00
 -2.07593087e+00 -7.24328591e+00
 -2.47971520e+00 -8.91737899e+00
 -2.93834381e+00 -1.07717366e+01
 -3.45413243e+00 -1.27920150e+01
 -4.02646595e+00 -1.49573166e+01
 -4.65232695e+00 -1.72414365e+01
 -5.32798895e+00 -1.96158406e+01
 -6.05117485e+00 -2.20531003e+01
 -6.82219075e+00 -2.45286229e+01
 -7.64279766e+00 -2.70194764e+01
 -8.51293562e+00 -2.95013870e+01
 -9.42698219e+00 -3.19465542e+01
 -1.03717572e+01 -3.43241588e+01
 -1.13274058e+01 -3.66030596e+01
 -1.22702442e+01 -3.87545530e+01
 -1.31753689e+01 -4.07536588e+01
 -1.40178839e+01 -4.25792482e+01
 -1.47740648e+01 -4.42144312e+01
 -1.54243526e+01 -4.56480248e+01
 -1.59576142e+01 -4.68764184e+01
 -1.63738103e+01 -4.79042514e+01
 -1.66831006e+01 -4.87428745e+01
 -1.69021702e+01 -4.94069909e+01
 -1.70498771e+01 -4.99108454e+01
 -1.71435702e+01 -5.02653035e+01
 -1.71968375e+01 -5.04765400e+01
 -1.72196315e+01 -5.05462946e+01
 -1.72204715e+01 -5.04729687e+01
 -1.72079301e+01 -5.02525401e+01
 -1.71889396e+01 -4.98787386e+01
 -1.71653951e+01 -4.93428968e+01
 -1.71328220e+01 -4.86344588e+01
 -1.70822230e+01 -4.77427071e+01
 -1.70025637e+01 -4.66593128e+01
 -1.68816720e+01 -4.53807206e+01
 -1.67062971e+01 -4.39095786e+01
 -1.64629582e+01 -4.22550891e+01
 -1.61395841e+01 -4.04326389e+01
 -1.57270801e+01 -3.84631785e+01
 -1.52205466e+01 -3.63726684e+01
 -1.46200397e+01 -3.41915266e+01
 -1.39304283e+01 -3.19535258e+01
 -1.31602240e+01 -2.96936690e+01
 -1.23200563e+01 -2.74454677e+01
 -1.14216188e+01 -2.52387724e+01
 -1.04771973e+01 -2.30988807e+01
 -9.49926375e+00 -2.10466316e+01
 -8.49982652e+00 -1.90987184e+01
 -7.48971419e+00 -1.72676932e+01
 -6.47791915e+00 -1.55616957e+01
 -5.47087047e+00 -1.39843210e+01
 -4.47169500e+00 -1.25349174e+01
 -3.47990273e+00 -1.12091518e+01
 -2.49189349e+00 -9.99954327e+00
 -1.50224435e+00 -8.89607962e+00
 -5.05329264e-01 -7.88735920e+00
 5.03219688e-01 -6.96232697e+00
 1.52542435e+00 -6.11206364e+00
 2.56025311e+00 -5.33105070e+00
 3.60333142e+00 -4.61775129e+00
 4.64714818e+00 -3.97458195e+00
 5.68175095e+00 -3.40730754e+00
 6.69580537e+00 -2.92395447e+00
 7.67778544e+00 -2.53360154e+00
 8.61696264e+00 -2.24545341e+00
 9.50390000e+00 -2.06817208e+00
 1.03304111e+01 -2.00902304e+00
 1.10892574e+01 -2.07264786e+00
 1.17739526e+01 -2.25993196e+00
 1.23787950e+01 -2.56758063e+00
 1.28989026e+01 -2.98856977e+00
 1.33299539e+01 -3.51326831e+00
 1.36676963e+01 -4.13082133e+00
 1.39076014e+01 -4.83017349e+00
 1.40447274e+01 -5.60035028e+00
 1.40733347e+01 -6.43042530e+00
 1.39862337e+01 -7.31001928e+00
 1.37746522e+01 -8.23042104e+00
 1.34290027e+01 -9.18532845e+00
 1.29400174e+01 -1.01702904e+01
 1.22998938e+01 -1.11811256e+01
 1.15036902e+01 -1.22124008e+01
 1.05510684e+01 -1.32567512e+01
 9.44797141e+00 -1.43049845e+01
 8.20757363e+00 -1.53463807e+01
 6.85007732e+00 -1.63687672e+01
 5.40152906e+00 -1.73585126e+01
 3.89218605e+00 -1.83008580e+01
 2.35482826e+00 -1.91807613e+01
 8.23205599e-01 -1.99840255e+01
 -6.69366709e-01 -2.06984238e+01
 -2.09151959e+00 -2.13147678e+01
 -3.41575134e+00 -2.18278088e+01
 -4.62056329e+00 -2.22365574e+01
 -5.69191404e+00 -2.25437223e+01
 -6.62312532e+00 -2.27544757e+01
 -7.41356523e+00 -2.28751390e+01
 -8.06771282e+00 -2.29126731e+01
 -8.59605188e+00 -2.28759846e+01
 -9.01742519e+00 -2.27788415e+01
 -9.36002623e+00 -2.26415198e+01
 -9.65746413e+00 -2.24876239e+01
 -9.93994464e+00 -2.23367619e+01
 -1.02262171e+01 -2.21987305e+01
 -1.05222405e+01 -2.20737731e+01
 -1.08261747e+01 -2.19574450e+01
 -1.11343090e+01 -2.18452850e+01
 -1.14440712e+01 -2.17346549e+01
 -1.17543107e+01 -2.16244583e+01
 -1.20646576e+01 -2.15143569e+01
 -1.23750233e+01 -2.14042719e+01
 -1.26853915e+01 -2.12941891e+01
 -1.29957596e+01 -2.11841067e+01
 -1.33061235e+01 -2.10740257e+01
 -1.36164564e+01 -2.09639557e+01
 -1.39266045e+01 -2.08539513e+01
 -1.42358896e+01 -2.07442530e+01
 -1.45420064e+01 -2.06356785e+01
 -1.48389659e+01 -2.05303518e+01
 -1.51150589e+01 -2.04324262e+01
 -1.53536139e+01 -2.03478147e+01
 -1.55388005e+01 -2.02821320e+01
 -1.55388005e+01 -2.02821320e+01
 -1.55388005e+01 -2.02821320e+01
 -1.55388005e+01 -2.02821320e+01
 -1.55388005e+01 -2.02821320e+01
 -1.55388005e+01 -2.02821320e+01
 -1.55388005e+01 -2.02821320e+01
 -1.55388005e+01 -2.02821320e+01
 -1.55388005e+01 -2.02821320e+01
 -1.55388005e+01 -2.02821320e+01
 -1.55388005e+01 -2.02821320e+01
 -1.55388005e+01 -2.02821320e+01
 -1.55388005e+01 -2.02821320e+01
 -1.55388005e+01 -2.02821320e+01
 -1.55388005e+01 -2.02821320e+01
 -1.55388005e+01 -2.02821320e+01
 -1.55388005e+01 -2.02821320e+01
 -1.55388005e+01 -2.02821320e+01
 -1.55388005e+01 -2.02821320e+01
 -1.55388005e+01 -2.02821320e+01
 -1.55388005e+01 -2.02821320e+01
 -1.55388005e+01 -2.02821320e+01
 -1.55388005e+01 -2.02821320e+01
 -1.55388005e+01 -2.02821320e+01
 -1.55388005e+01 -2.02821320e+01
 -1.55388005e+01 -2.02821320e+01
 -1.55388005e+01 -2.02821320e+01
 -1.55388005e+01 -2.02821320e+01
 -1.55388005e+01 -2.02821320e+01
 -1.55388005e+01 -2.02821320e+01
 -1.55388005e+01 -2.02821320e+01
 -1.55388005e+01 -2.02821320e+01
 -1.55388005e+01 -2.02821320e+01
 -1.55388005e+01 -2.02821320e+01
 -1.55388005e+01 -2.02821320e+01
 -1.55388005e+01 -2.02821320e+01
 -1.55388005e+01 -2.02821320e+01
 -1.55388005e+01 -2.02821320e+01
