 0.00000000e+00 0.00000000e+00
 0.00000000e+00 0.00000000e+00
 0.00000000e+00 0.00000000e+00
 0.00000000e+00 0.00000000e+00
 0.00000000e+00 0.00000000e+00
 0.00000000e+00 0.00000000e+00
 0.00000000e+00 0.00000000e+00
 0.00000000e+00 0.00000000e+00
 0.00000000e+00 0.00000000e+00
 -1.45418100e-01 6.10707986e-02
 -3.39784015e-01 1.35671459e-01
 -5.76508491e-01 2.16692072e-01
 -8.49081542e-01 2.97894191e-01
 -1.15543010e+00 3.75647273e-01
 -1.49837892e+00 4.48097178e-01
 -1.88369137e+00 5.13202986e-01
 -2.31825158e+00 5.67495196e-01
 -2.80963562e+00 6.06070329e-01
 -3.36672010e+00 6.22467003e-01
 -4.00033150e+00 6.06855313e-01
 -4.72313003e+00 5.43454399e-01
 -5.54839611e+00 4.10379570e-01
 -6.48790177e+00 1.83439782e-01
 -7.54945617e+00 -1.58533380e-01
 -8.73483160e+00 -6.30208668e-01
 -1.00386169e+01 -1.23899445e+00
 -1.14481918e+01 -1.98583766e+00
 -1.29445265e+01 -2.86633707e+00
 -1.45031420e+01 -3.87135133e+00
 -1.60947295e+01 -4.98698084e+00
 -1.76857541e+01 -6.19496147e+00
 -1.92400900e+01 -7.47469188e+00
 -2.07220710e+01 -8.80641045e+00
 -2.20995583e+01 -1.01733387e+01
 -2.33451580e+01 -1.15611995e+01
 -2.44356770e+01 -1.29557876e+01
 -2.53518582e+01 -1.43407565e+01
 -2.60797182e+01 -1.56971953e+01
 -2.66124825e+01 -1.70047624e+01
 -2.69511311e+01 -1.82430456e+01
 -2.71028849e+01 -1.93923476e+01
 -2.70788078e+01 -2.04342342e+01
 -2.68919502e+01 -2.13523586e+01
 -2.65561501e+01 -2.21333079e+01
 -2.60849493e+01 -2.27667600e+01
 -2.54908933e+01 -2.32446942e+01
 -2.47859047e+01 -2.35600710e+01
 -2.39824658e+01 -2.37057563e+01
 -2.30946483e+01 -2.36744834e+01
 -2.21385818e+01 -2.34600659e+01
 -2.11325182e+01 -2.30591112e+01
 -2.00963866e+01 -2.24723075e+01
 -1.90505629e+01 -2.17051292e+01
 -1.80140487e+01 -2.07681724e+01
 -1.70026775e+01 -1.96769007e+01
 -1.60279022e+01 -1.84505083e+01
 -1.50965274e+01 -1.71103237e+01
 -1.42115301e+01 -1.56786938e+01
 -1.33736176e+01 -1.41788182e+01
 -1.25827141e+01 -1.26351462e+01
 -1.18388856e+01 -1.10738937e+01
 -1.11430185e+01 -9.52386146e+00
 -1.04976688e+01 -8.01755021e+00
 -9.90771857e+00 -6.59135340e+00
 -9.38011244e+00 -5.28330889e+00
 -8.92272039e+00 -4.12871067e+00
 -8.54331508e+00 -3.15628028e+00
 -8.24947992e+00 -2.38773560e+00
 -8.04913114e+00 -1.84055369e+00
 -7.95056625e+00 -1.53044644e+00
 -7.96136987e+00 -1.47056654e+00
 -8.08667009e+00 -1.66846416e+00
 -8.32803226e+00 -2.12457510e+00
 -8.68382160e+00 -2.83428114e+00
 -9.15045152e+00 -3.79165967e+00
 -9.72315800e+00 -4.99169461e+00
 -1.03957987e+01 -6.43010015e+00
 -1.11606230e+01 -8.10256991e+00
 -1.20093171e+01 -1.00050536e+01
 -1.29353027e+01 -1.21342909e+01
 -1.39352827e+01 -1.44862940e+01
 -1.50076615e+01 -1.70515351e+01
 -1.61478102e+01 -1.98082315e+01
 -1.73429530e+01 -2.27168459e+01
 -1.85697431e+01 -2.57184929e+01
 -1.97954443e+01 -2.87380625e+01
 -2.09813880e+01 -3.16909454e+01
 -2.20868062e+01 -3.44913972e+01
 -2.30722757e+01 -3.70610042e+01
 -2.39032605e+01 -3.93363199e+01
 -2.45539254e+01 -4.12743758e+01
 -2.50101002e+01 -4.28541836e+01
 -2.52699979e+01 -4.40732708e+01
 -2.53424401e+01 -4.49408150e+01
 -2.52436216e+01 -4.54709353e+01
 -2.49938971e+01 -4.56791073e+01
 -2.46155790e+01 -4.55820332e+01
 -2.41318684e+01 -4.51994299e+01
 -2.35666042e+01 -4.45569575e+01
 -2.29444366e+01 -4.36911128e+01
 -2.22906373e+01 -4.26551755e+01
 -2.16293123e+01 -4.15197343e+01
 -2.09796147e+01 -4.03601350e+01
 -2.03518350e+01 -3.92340731e+01
 -1.97465492e+01 -3.81657022e+01
 -1.91579393e+01 -3.71489759e+01
 -1.85787999e+01 -3.61646811e+01
 -1.80038553e+01 -3.51956623e+01
 -1.74303679e+01 -3.42321693e+01
 -1.68572782e+01 -3.32702265e+01
 -1.62842738e+01 -3.23086225e+01
 -1.57112836e+01 -3.13470763e+01
 -1.51382954e+01 -3.03855379e+01
 -1.45653082e+01 -2.94240016e+01
 -1.39923286e+01 -2.84624780e+01
 -1.34194063e+01 -2.75010506e+01
 -1.28468252e+01 -2.65401958e+01
 -1.22758373e+01 -2.55820147e+01
 -1.17106987e+01 -2.46336492e+01
 -1.11624657e+01 -2.37136532e+01
 -1.06527556e+01 -2.28583029e+01
 -1.02123464e+01 -2.21192473e+01
 -9.87046336e+00 -2.15455295e+01
 -9.87046336e+00 -2.15455295e+01
 -9.87046336e+00 -2.15455295e+01
 -9.87046336e+00 -2.15455295e+01
 -9.87046336e+00 -2.15455295e+01
 -9.87046336e+00 -2.15455295e+01
 -9.87046336e+00 -2.15455295e+01
 -9.87046336e+00 -2.15455295e+01
 -9.87046336e+00 -2.15455295e+01
 -9.87046336e+00 -2.15455295e+01
 -9.87046336e+00 -2.15455295e+01
 -9.87046336e+00 -2.15455295e+01
 -9.87046336e+00 -2.15455295e+01
 -9.87046336e+00 -2.15455295e+01
 -9.87046336e+00 -2.15455295e+01
 -9.87046336e+00 -2.15455295e+01
 -9.87046336e+00 -2.15455295e+01
 -9.87046336e+00 -2.15455295e+01
 -9.87046336e+00 -2.15455295e+01
 -9.87046336e+00 -2.15455295e+01
 -9.87046336e+00 -2.15455295e+01
 -9.87046336e+00 -2.15455295e+01
 -9.87046336e+00 -2.15455295e+01
 -9.87046336e+00 -2.15455295e+01
 -9.87046336e+00 -2.15455295e+01
 -9.87046336e+00 -2.15455295e+01
 -9.87046336e+00 -2.15455295e+01
 -9.87046336e+00 -2.15455295e+01
 -9.87046336e+00 -2.15455295e+01
 -9.87046336e+00 -2.15455295e+01
 -9.87046336e+00 -2.15455295e+01
 -9.87046336e+00 -2.15455295e+01
 -9.87046336e+00 -2.15455295e+01
 -9.87046336e+00 -2.15455295e+01
 -9.87046336e+00 -2.15455295e+01
 -9.87046336e+00 -2.15455295e+01
 -9.87046336e+00 -2.15455295e+01
 -9.87046336e+00 -2.15455295e+01
 -9.87046336e+00 -2.15455295e+01
 -9.87046336e+00 -2.15455295e+01
 -9.87046336e+00 -2.15455295e+01
 -9.87046336e+00 -2.15455295e+01
 -9.87046336e+00 -2.15455295e+01
 -9.87046336e+00 -2.15455295e+01
 -9.87046336e+00 -2.15455295e+01
 -9.87046336e+00 -2.15455295e+01
 -9.87046336e+00 -2.15455295e+01
 -9.87046336e+00 -2.15455295e+01
 -9.87046336e+00 -2.15455295e+01
 -9.87046336e+00 -2.15455295e+01
 -9.87046336e+00 -2.15455295e+01
 -9.87046336e+00 -2.15455295e+01
 -9.87046336e+00 -2.15455295e+01
 -9.87046336e+00 -2.15455295e+01
 -9.87046336e+00 -2.15455295e+01
 -9.87046336e+00 -2.15455295e+01
 -9.87046336e+00 -2.15455295e+01
 -9.87046336e+00 -2.15455295e+01
 -9.87046336e+00 -2.15455295e+01
 -9.87046336e+00 -2.15455295e+01
 -9.87046336e+00 -2.15455295e+01
 -9.87046336e+00 -2.15455295e+01
 -9.87046336e+00 -2.15455295e+01
 -9.87046336e+00 -2.15455295e+01
 -9.87046336e+00 -2.15455295e+01
 -9.87046336e+00 -2.15455295e+01
 -9.87046336e+00 -2.15455295e+01
 -9.87046336e+00 -2.15455295e+01
 -9.87046336e+00 -2.15455295e+01
 -9.87046336e+00 -2.15455295e+01
 -9.87046336e+00 -2.15455295e+01
 -9.87046336e+00 -2.15455295e+01
 -9.87046336e+00 -2.15455295e+01
 -9.87046336e+00 -2.15455295e+01
 -9.87046336e+00 -2.15455295e+01
 -9.87046336e+00 -2.15455295e+01
 -9.87046336e+00 -2.15455295e+01
 -9.87046336e+00 -2.15455295e+01
 -9.87046336e+00 -2.15455295e+01
 -9.87046336e+00 -2.15455295e+01
 -9.87046336e+00 -2.15455295e+01
 -9.87046336e+00 -2.15455295e+01
 -9.87046336e+00 -2.15455295e+01
