 0.00000000e+00 0.00000000e+00
 0.00000000e+00 0.00000000e+00
 0.00000000e+00 0.00000000e+00
 0.00000000e+00 0.00000000e+00
 0.00000000e+00 0.00000000e+00
 0.00000000e+00 0.00000000e+00
 0.00000000e+00 0.00000000e+00
 0.00000000e+00 0.00000000e+00
 0.00000000e+00 0.00000000e+00
 -2.47104985e-02 2.06991261e-01
 -9.86862611e-02 4.66921233e-01
 -2.41046235e-01 7.55570125e-01
 -4.59941108e-01 1.04678795e+00
 -7.53786143e-01 1.31993000e+00
 -1.11801278e+00 1.56061391e+00
 -1.55096632e+00 1.75737036e+00
 -2.05574257e+00 1.89858470e+00
 -2.63924597e+00 1.97180213e+00
 -3.31050615e+00 1.96462259e+00
 -4.07879125e+00 1.86564033e+00
 -4.95159287e+00 1.66487954e+00
 -5.93309301e+00 1.35395913e+00
 -7.02363954e+00 9.26078263e-01
 -8.21996466e+00 3.75772145e-01
 -9.51536658e+00 -3.01441784e-01
 -1.08994233e+01 -1.10942278e+00
 -1.23576631e+01 -2.05173216e+00
 -1.38719013e+01 -3.13168131e+00
 -1.54212205e+01 -4.35169139e+00
 -1.69827696e+01 -5.71171377e+00
 -1.85316724e+01 -7.20687538e+00
 -2.00401428e+01 -8.82495593e+00
 -2.14766802e+01 -1.05444853e+01
 -2.28063502e+01 -1.23341397e+01
 -2.39924606e+01 -1.41538204e+01
 -2.49991950e+01 -1.59573049e+01
 -2.57948287e+01 -1.76959677e+01
 -2.63552812e+01 -1.93230369e+01
 -2.66670532e+01 -2.07977161e+01
 -2.67281804e+01 -2.20881293e+01
 -2.65470593e+01 -2.31723358e+01
 -2.61405065e+01 -2.40376764e+01
 -2.55320961e+01 -2.46791348e+01
 -2.47503185e+01 -2.50970795e+01
 -2.38257734e+01 -2.52949717e+01
 -2.27878616e+01 -2.52781531e+01
 -2.16624242e+01 -2.50541051e+01
 -2.04712445e+01 -2.46331245e+01
 -1.92329903e+01 -2.40282461e+01
 -1.79644471e+01 -2.32544361e+01
 -1.66812149e+01 -2.23277715e+01
 -1.53977417e+01 -2.12649018e+01
 -1.41269927e+01 -2.00824164e+01
 -1.28801802e+01 -1.87956245e+01
 -1.16668066e+01 -1.74169313e+01
 -1.04947269e+01 -1.59549064e+01
 -9.36969199e+00 -1.44151583e+01
 -8.29459735e+00 -1.28030448e+01
 -7.26953922e+00 -1.11272516e+01
 -6.29347343e+00 -9.40315746e+00
 -5.36701280e+00 -7.65528271e+00
 -4.49484996e+00 -5.91834805e+00
 -3.68637009e+00 -4.23640591e+00
 -2.95437377e+00 -2.65954577e+00
 -2.31321879e+00 -1.23868846e+00
 -1.77767427e+00 -2.07649792e-02
 -1.36269417e+00 9.53105584e-01
 -1.08331119e+00 1.64650663e+00
 -9.53409308e-01 2.02695214e+00
 -9.82763317e-01 2.06829440e+00
 -1.17361825e+00 1.75513336e+00
 -1.51941450e+00 1.08514944e+00
 -2.00687121e+00 6.70456224e-02
 -2.61961882e+00 -1.28364131e+00
 -3.34048907e+00 -2.94645633e+00
 -4.15167914e+00 -4.89435215e+00
 -5.03467166e+00 -7.09209040e+00
 -5.97198558e+00 -9.49922029e+00
 -6.95053706e+00 -1.20774084e+01
 -7.96423897e+00 -1.47967524e+01
 -9.01363299e+00 -1.76358936e+01
 -1.01023873e+01 -2.05760366e+01
 -1.12324522e+01 -2.35937728e+01
 -1.24002246e+01 -2.66573745e+01
 -1.35951645e+01 -2.97272605e+01
 -1.48007223e+01 -3.27584112e+01
 -1.59962825e+01 -3.57028489e+01
 -1.71588417e+01 -3.85119954e+01
 -1.82641726e+01 -4.11394809e+01
 -1.92882108e+01 -4.35445940e+01
 -2.02092902e+01 -4.56957510e+01
 -2.10108080e+01 -4.75728940e+01
 -2.16831806e+01 -4.91681075e+01
 -2.22242578e+01 -5.04845254e+01
 -2.26382840e+01 -5.15340418e+01
 -2.29343137e+01 -5.23343497e+01
 -2.31248709e+01 -5.29057644e+01
 -2.32243317e+01 -5.32683585e+01
 -2.32459659e+01 -5.34400362e+01
 -2.31984834e+01 -5.34358234e+01
 -2.30845301e+01 -5.32677462e+01
 -2.29017006e+01 -5.29443023e+01
 -2.26440300e+01 -5.24696158e+01
 -2.23024861e+01 -5.18437099e+01
 -2.18651671e+01 -5.10649643e+01
 -2.13183215e+01 -5.01340584e+01
 -2.06481915e+01 -4.90575145e+01
 -1.98431986e+01 -4.78493978e+01
 -1.88964653e+01 -4.65310900e+01
 -1.78086470e+01 -4.51299291e+01
 -1.65901655e+01 -4.36773720e+01
 -1.52617066e+01 -4.22069590e+01
 -1.38528035e+01 -4.07523279e+01
 -1.23991700e+01 -3.93454699e+01
 -1.09394077e+01 -3.80150253e+01
 -9.51127664e+00 -3.67841432e+01
 -8.14731617e+00 -3.56677428e+01
 -6.86975781e+00 -3.46696416e+01
 -5.68594505e+00 -3.37805793e+01
 -4.58695335e+00 -3.29788346e+01
 -3.55162181e+00 -3.22351327e+01
 -2.55497588e+00 -3.15210529e+01
 -1.57654297e+00 -3.08164964e+01
 -6.04160610e-01 -3.01118030e+01
 3.67229401e-01 -2.94046836e+01
 1.33887491e+00 -2.86958267e+01
 2.31077422e+00 -2.79862103e+01
 3.28277482e+00 -2.72763568e+01
 4.25480215e+00 -2.65664479e+01
 5.22683459e+00 -2.58565291e+01
 6.19886766e+00 -2.51466090e+01
 7.17089949e+00 -2.44366897e+01
 8.14291850e+00 -2.37267798e+01
 9.11484024e+00 -2.30169409e+01
 1.00861832e+01 -2.23075247e+01
 1.10548233e+01 -2.16000826e+01
 1.20135406e+01 -2.08998875e+01
 1.29435788e+01 -2.02206381e+01
 1.38082656e+01 -1.95891178e+01
 1.45553883e+01 -1.90434600e+01
 1.51353685e+01 -1.86198739e+01
 1.51353685e+01 -1.86198739e+01
 1.51353685e+01 -1.86198739e+01
 1.51353685e+01 -1.86198739e+01
 1.51353685e+01 -1.86198739e+01
 1.51353685e+01 -1.86198739e+01
 1.51353685e+01 -1.86198739e+01
 1.51353685e+01 -1.86198739e+01
 1.51353685e+01 -1.86198739e+01
 1.51353685e+01 -1.86198739e+01
 1.51353685e+01 -1.86198739e+01
 1.51353685e+01 -1.86198739e+01
 1.51353685e+01 -1.86198739e+01
 1.51353685e+01 -1.86198739e+01
 1.51353685e+01 -1.86198739e+01
 1.51353685e+01 -1.86198739e+01
 1.51353685e+01 -1.86198739e+01
 1.51353685e+01 -1.86198739e+01
 1.51353685e+01 -1.86198739e+01
 1.51353685e+01 -1.86198739e+01
 1.51353685e+01 -1.86198739e+01
 1.51353685e+01 -1.86198739e+01
 1.51353685e+01 -1.86198739e+01
 1.51353685e+01 -1.86198739e+01
 1.51353685e+01 -1.86198739e+01
 1.51353685e+01 -1.86198739e+01
 1.51353685e+01 -1.86198739e+01
 1.51353685e+01 -1.86198739e+01
 1.51353685e+01 -1.86198739e+01
 1.51353685e+01 -1.86198739e+01
 1.51353685e+01 -1.86198739e+01
 1.51353685e+01 -1.86198739e+01
 1.51353685e+01 -1.86198739e+01
 1.51353685e+01 -1.86198739e+01
 1.51353685e+01 -1.86198739e+01
 1.51353685e+01 -1.86198739e+01
 1.51353685e+01 -1.86198739e+01
 1.51353685e+01 -1.86198739e+01
 1.51353685e+01 -1.86198739e+01
 1.51353685e+01 -1.86198739e+01
 1.51353685e+01 -1.86198739e+01
 1.51353685e+01 -1.86198739e+01
 1.51353685e+01 -1.86198739e+01
 1.51353685e+01 -1.86198739e+01
 1.51353685e+01 -1.86198739e+01
 1.51353685e+01 -1.86198739e+01
 1.51353685e+01 -1.86198739e+01
 1.51353685e+01 -1.86198739e+01
 1.51353685e+01 -1.86198739e+01
 1.51353685e+01 -1.86198739e+01
 1.51353685e+01 -1.86198739e+01
 1.51353685e+01 -1.86198739e+01
 1.51353685e+01 -1.86198739e+01
 1.51353685e+01 -1.86198739e+01
 1.51353685e+01 -1.86198739e+01
 1.51353685e+01 -1.86198739e+01
 1.51353685e+01 -1.86198739e+01
 1.51353685e+01 -1.86198739e+01
 1.51353685e+01 -1.86198739e+01
 1.51353685e+01 -1.86198739e+01
 1.51353685e+01 -1.86198739e+01
 1.51353685e+01 -1.86198739e+01
 1.51353685e+01 -1.86198739e+01
 1.51353685e+01 -1.86198739e+01
 1.51353685e+01 -1.86198739e+01
