 0.00000000e+00 0.00000000e+00
 0.00000000e+00 0.00000000e+00
 0.00000000e+00 0.00000000e+00
 0.00000000e+00 0.00000000e+00
 0.00000000e+00 0.00000000e+00
 0.00000000e+00 0.00000000e+00
 0.00000000e+00 0.00000000e+00
 0.00000000e+00 0.00000000e+00
 -2.72429705e-02 1.64048549e-01
 -9.50237439e-02 3.76349536e-01
 -2.13995034e-01 6.21158734e-01
 -3.86066241e-01 8.79568092e-01
 -6.08935746e-01 1.13457915e+00
 -8.82570029e-01 1.37210825e+00
 -1.21198171e+00 1.57979709e+00
 -1.60599091e+00 1.74585317e+00
 -2.07494316e+00 1.85840544e+00
 -2.62946268e+00 1.90514144e+00
 -3.28026568e+00 1.87326776e+00
 -4.03808591e+00 1.74984813e+00
 -4.91310418e+00 1.52234201e+00
 -5.91412177e+00 1.17920487e+00
 -7.04784761e+00 7.10535113e-01
 -8.31794336e+00 1.08709606e-01
 -9.72329710e+00 -6.31068330e-01
 -1.12559651e+01 -1.51027729e+00
 -1.28999464e+01 -2.52651855e+00
 -1.46313912e+01 -3.67292793e+00
 -1.64198635e+01 -4.93810368e+00
 -1.82301051e+01 -6.30732521e+00
 -2.00242200e+01 -7.76501211e+00
 -2.17643335e+01 -9.29703057e+00
 -2.34153270e+01 -1.08911896e+01
 -2.49469011e+01 -1.25356371e+01
 -2.63344760e+01 -1.42164904e+01
 -2.75589884e+01 -1.59162801e+01
 -2.86060278e+01 -1.76136775e+01
 -2.94649560e+01 -1.92839169e+01
 -3.01286795e+01 -2.08993708e+01
 -3.05940932e+01 -2.24305513e+01
 -3.08620824e+01 -2.38480694e+01
 -3.09361074e+01 -2.51252133e+01
 -3.08204142e+01 -2.62399424e+01
 -3.05198763e+01 -2.71754475e+01
 -3.00412380e+01 -2.79194434e+01
 -2.93934977e+01 -2.84628075e+01
 -2.85866185e+01 -2.87980287e+01
 -2.76300579e+01 -2.89179169e+01
 -2.65325617e+01 -2.88152869e+01
 -2.53034360e+01 -2.84842896e+01
 -2.39548294e+01 -2.79233314e+01
 -2.25041176e+01 -2.71384334e+01
 -2.09750946e+01 -2.61453097e+01
 -1.93969974e+01 -2.49689818e+01
 -1.78014381e+01 -2.36410139e+01
 -1.62183693e+01 -2.21953875e+01
 -1.46726562e+01 -2.06640946e+01
 -1.31823492e+01 -1.90733420e+01
 -1.17586465e+01 -1.74415646e+01
 -1.04068513e+01 -1.57805496e+01
 -9.12795802e+00 -1.40997436e+01
 -7.92104564e+00 -1.24117923e+01
 -6.78634879e+00 -1.07365490e+01
 -5.72800112e+00 -9.10210587e+00
 -4.75518583e+00 -7.54334897e+00
 -3.88116607e+00 -6.09909958e+00
 -3.12070191e+00 -4.80835152e+00
 -2.48707949e+00 -3.70613360e+00
 -1.99010655e+00 -2.82041465e+00
 -1.63578216e+00 -2.17173253e+00
 -1.42741013e+00 -1.77565951e+00
 -1.36738401e+00 -1.64582512e+00
 -1.45847101e+00 -1.79482057e+00
 -1.70330157e+00 -2.23276288e+00
 -2.10199633e+00 -2.96551280e+00
 -2.64952609e+00 -3.99383657e+00
 -3.33424444e+00 -5.31284639e+00
 -4.13771492e+00 -6.91082720e+00
 -5.03566442e+00 -8.76799714e+00
 -6.00022207e+00 -1.08566389e+01
 -7.00319939e+00 -1.31433008e+01
 -8.01962999e+00 -1.55923226e+01
 -9.03095551e+00 -1.81692824e+01
 -1.00275482e+01 -2.08434689e+01
 -1.10101702e+01 -2.35891466e+01
 -1.19897211e+01 -2.63855595e+01
 -1.29845209e+01 -2.92158853e+01
 -1.40150204e+01 -3.20658658e+01
 -1.50975471e+01 -3.49228050e+01
 -1.62397926e+01 -3.77748892e+01
 -1.74394183e+01 -4.06100601e+01
 -1.86846898e+01 -4.34137126e+01
 -1.99552012e+01 -4.61654546e+01
 -2.12220323e+01 -4.88363062e+01
 -2.24486681e+01 -5.13880537e+01
 -2.35947152e+01 -5.37758039e+01
 -2.46225675e+01 -5.59534688e+01
 -2.55041548e+01 -5.78805080e+01
 -2.62243088e+01 -5.95276909e+01
 -2.67800353e+01 -6.08803656e+01
 -2.71777637e+01 -6.19388014e+01
 -2.74303664e+01 -6.27157584e+01
 -2.75535848e+01 -6.32319957e+01
 -2.75613920e+01 -6.35111495e+01
 -2.74622728e+01 -6.35753419e+01
 -2.72586735e+01 -6.34419478e+01
 -2.69483559e+01 -6.31213213e+01
 -2.65246502e+01 -6.26154347e+01
 -2.59754078e+01 -6.19179957e+01
 -2.52829418e+01 -6.10171297e+01
 -2.44263044e+01 -5.99010805e+01
 -2.33854472e+01 -5.85653814e+01
 -2.21461361e+01 -5.70185248e+01
 -2.07042592e+01 -5.52840800e+01
 -1.90682563e+01 -5.33995759e+01
 -1.72594973e+01 -5.14139461e+01
 -1.53116972e+01 -4.93848444e+01
 -1.32701252e+01 -4.73756286e+01
 -1.11897408e+01 -4.54510540e+01
 -9.13076676e+00 -4.36713989e+01
 -7.15162003e+00 -4.20859914e+01
 -5.30126963e+00 -4.07280308e+01
 -3.61394967e+00 -3.96126456e+01
 -2.10779183e+00 -3.87387459e+01
 -7.86530163e-01 -3.80930891e+01
 3.57634691e-01 -3.76541298e+01
 1.34105260e+00 -3.73944855e+01
 2.18549671e+00 -3.72827561e+01
 2.91480923e+00 -3.72859294e+01
 3.55164443e+00 -3.73722475e+01
 4.11484337e+00 -3.75130675e+01
 4.61799164e+00 -3.76827785e+01
 5.06959373e+00 -3.78575735e+01
 5.47488431e+00 -3.80150939e+01
 5.83853238e+00 -3.81368352e+01
 6.16683069e+00 -3.82133312e+01
 6.46814455e+00 -3.82487225e+01
 6.75155783e+00 -3.82594407e+01
 7.02489473e+00 -3.82655802e+01
 7.29350254e+00 -3.82808554e+01
 7.56028521e+00 -3.83087986e+01
 7.82649501e+00 -3.83462071e+01
 8.09255990e+00 -3.83885348e+01
 8.35859545e+00 -3.84327593e+01
 8.62462627e+00 -3.84775401e+01
 8.89065650e+00 -3.85224465e+01
 9.15668666e+00 -3.85673749e+01
 9.42271679e+00 -3.86123062e+01
 9.68874655e+00 -3.86572378e+01
 9.95477281e+00 -3.87021688e+01
 1.02207724e+01 -3.87470953e+01
 1.04866137e+01 -3.87919951e+01
 1.07517152e+01 -3.88367699e+01
 1.10141010e+01 -3.88810860e+01
 1.12686377e+01 -3.89240765e+01
 1.15052889e+01 -3.89640461e+01
 1.17097645e+01 -3.89985814e+01
 1.18684960e+01 -3.90253907e+01
 1.18684960e+01 -3.90253907e+01
 1.18684960e+01 -3.90253907e+01
 1.18684960e+01 -3.90253907e+01
 1.18684960e+01 -3.90253907e+01
 1.18684960e+01 -3.90253907e+01
 1.18684960e+01 -3.90253907e+01
 1.18684960e+01 -3.90253907e+01
 1.18684960e+01 -3.90253907e+01
 1.18684960e+01 -3.90253907e+01
 1.18684960e+01 -3.90253907e+01
 1.18684960e+01 -3.90253907e+01
 1.18684960e+01 -3.90253907e+01
 1.18684960e+01 -3.90253907e+01
 1.18684960e+01 -3.90253907e+01
 1.18684960e+01 -3.90253907e+01
 1.18684960e+01 -3.90253907e+01
 1.18684960e+01 -3.90253907e+01
 1.18684960e+01 -3.90253907e+01
 1.18684960e+01 -3.90253907e+01
 1.18684960e+01 -3.90253907e+01
 1.18684960e+01 -3.90253907e+01
 1.18684960e+01 -3.90253907e+01
 1.18684960e+01 -3.90253907e+01
 1.18684960e+01 -3.90253907e+01
 1.18684960e+01 -3.90253907e+01
 1.18684960e+01 -3.90253907e+01
 1.18684960e+01 -3.90253907e+01
 1.18684960e+01 -3.90253907e+01
 1.18684960e+01 -3.90253907e+01
 1.18684960e+01 -3.90253907e+01
 1.18684960e+01 -3.90253907e+01
 1.18684960e+01 -3.90253907e+01
 1.18684960e+01 -3.90253907e+01
 1.18684960e+01 -3.90253907e+01
 1.18684960e+01 -3.90253907e+01
 1.18684960e+01 -3.90253907e+01
 1.18684960e+01 -3.90253907e+01
 1.18684960e+01 -3.90253907e+01
 1.18684960e+01 -3.90253907e+01
 1.18684960e+01 -3.90253907e+01
 1.18684960e+01 -3.90253907e+01
 1.18684960e+01 -3.90253907e+01
 1.18684960e+01 -3.90253907e+01
 1.18684960e+01 -3.90253907e+01
 1.18684960e+01 -3.90253907e+01
 1.18684960e+01 -3.90253907e+01
 1.18684960e+01 -3.90253907e+01
