 0.00000000e+00 0.00000000e+00
 0.00000000e+00 0.00000000e+00
 0.00000000e+00 0.00000000e+00
 0.00000000e+00 0.00000000e+00
 0.00000000e+00 0.00000000e+00
 0.00000000e+00 0.00000000e+00
 0.00000000e+00 0.00000000e+00
 0.00000000e+00 0.00000000e+00
 0.00000000e+00 0.00000000e+00
 0.00000000e+00 0.00000000e+00
 0.00000000e+00 0.00000000e+00
 -1.00809402e-01 8.40535540e-02
 -2.65013570e-01 1.92921646e-01
 -5.01144919e-01 3.21571643e-01
 -8.09831333e-01 4.66035491e-01
 -1.18790166e+00 6.25241126e-01
 -1.63312831e+00 8.00041212e-01
 -2.14619636e+00 9.90995044e-01
 -2.73009408e+00 1.19637911e+00
 -3.38895184e+00 1.41079320e+00
 -4.12732550e+00 1.62429758e+00
 -4.94955173e+00 1.82216461e+00
 -5.85883882e+00 1.98532296e+00
 -6.85654524e+00 2.09140704e+00
 -7.94229330e+00 2.11642111e+00
 -9.11474051e+00 2.03720180e+00
 -1.03718940e+01 1.83439915e+00
 -1.17101601e+01 1.49485300e+00
 -1.31227098e+01 1.01239210e+00
 -1.45983847e+01 3.87295241e-01
 -1.61215362e+01 -3.74717005e-01
 -1.76722861e+01 -1.26352397e+00
 -1.92268036e+01 -2.26556382e+00
 -2.07577189e+01 -3.36445764e+00
 -2.22349268e+01 -4.54121022e+00
 -2.36268009e+01 -5.77435572e+00
 -2.49016095e+01 -7.04042052e+00
 -2.60289492e+01 -8.31465422e+00
 -2.69812527e+01 -9.57176786e+00
 -2.77355880e+01 -1.07864708e+01
 -2.82755347e+01 -1.19337540e+01
 -2.85918509e+01 -1.29892556e+01
 -2.86806509e+01 -1.39301480e+01
 -2.85402792e+01 -1.47361692e+01
 -2.81700227e+01 -1.53897530e+01
 -2.75715939e+01 -1.58749982e+01
 -2.67508837e+01 -1.61764968e+01
 -2.57179408e+01 -1.62791407e+01
 -2.44859180e+01 -1.61691081e+01
 -2.30703198e+01 -1.58353506e+01
 -2.14883854e+01 -1.52707342e+01
 -1.97577991e+01 -1.44727203e+01
 -1.78949835e+01 -1.34441915e+01
 -1.59141981e+01 -1.21942955e+01
 -1.38279125e+01 -1.07377448e+01
 -1.16473336e+01 -9.09139704e+00
 -9.38163150e+00 -7.26936061e+00
 -7.03598913e+00 -5.27951987e+00
 -4.61055526e+00 -3.12339833e+00
 -2.10248535e+00 -7.98867552e-01
 4.88993383e-01 1.69615554e+00
 3.15685056e+00 4.36001726e+00
 5.88225256e+00 7.18302306e+00
 8.63302518e+00 1.01421058e+01
 1.13639571e+01 1.31960654e+01
 1.40182298e+01 1.62840928e+01
 1.65300622e+01 1.93291154e+01
 1.88293149e+01 2.22454386e+01
 2.08483200e+01 2.49486621e+01
 2.25297454e+01 2.73651524e+01
 2.38331463e+01 2.94385828e+01
 2.47379614e+01 3.11322669e+01
 2.52419163e+01 3.24275701e+01
 2.53557572e+01 3.33199770e+01
 2.50974713e+01 3.38149161e+01
 2.44896804e+01 3.39246994e+01
 2.35608278e+01 3.36664255e+01
 2.23469591e+01 3.30601127e+01
 2.08912125e+01 3.21272946e+01
 1.92415645e+01 3.08912223e+01
 1.74486593e+01 2.93788999e+01
 1.55637652e+01 2.76231048e+01
 1.36355732e+01 2.56618881e+01
 1.17056255e+01 2.35349696e+01
 9.80414049e+00 2.12791082e+01
 7.94862534e+00 1.89252474e+01
 6.14619067e+00 1.64984781e+01
 4.39805903e+00 1.40196043e+01
 2.70353307e+00 1.15065347e+01
 1.06189304e+00 8.97497973e+00
 -5.27053241e-01 6.43934440e+00
 -2.06226433e+00 3.91473379e+00
 -3.54014631e+00 1.41963719e+00
 -4.95328652e+00 -1.02249125e+00
 -6.29000685e+00 -3.38426367e+00
 -7.53489167e+00 -5.63751386e+00
 -8.66987548e+00 -7.75629027e+00
 -9.67554996e+00 -9.71782629e+00
 -1.05328280e+01 -1.15019169e+01
 -1.12250220e+01 -1.30907494e+01
 -1.17396711e+01 -1.44703309e+01
 -1.20692307e+01 -1.56322603e+01
 -1.22105639e+01 -1.65736864e+01
 -1.21639552e+01 -1.72951796e+01
 -1.19318723e+01 -1.77985453e+01
 -1.15168944e+01 -1.80862376e+01
 -1.09190898e+01 -1.81617632e+01
 -1.01347706e+01 -1.80297700e+01
 -9.15806323e+00 -1.76960259e+01
 -7.98447713e+00 -1.71682313e+01
 -6.61474892e+00 -1.64573835e+01
 -5.05830682e+00 -1.55786366e+01
 -3.33645368e+00 -1.45515050e+01
 -1.48462139e+00 -1.34000818e+01
 4.47775506e-01 -1.21534905e+01
 2.40061797e+00 -1.08459539e+01
 4.30847658e+00 -9.51574888e+00
 6.10628491e+00 -8.20310265e+00
 7.73416612e+00 -6.94789168e+00
 9.14129222e+00 -5.78790523e+00
 1.02889095e+01 -4.75765172e+00
 1.11524625e+01 -3.88702293e+00
 1.17229709e+01 -3.19880207e+00
 1.20087713e+01 -2.70414409e+00
 1.20388945e+01 -2.39646331e+00
 1.18662125e+01 -2.24683051e+00
 1.15637485e+01 -2.20614645e+00
 1.12089478e+01 -2.21731133e+00
 1.08615268e+01 -2.23303014e+00
 1.05497077e+01 -2.22819269e+00
 1.02739114e+01 -2.19912297e+00
 1.00216777e+01 -2.15326175e+00
 9.78074523e+00 -2.09908081e+00
 9.54394029e+00 -2.04179551e+00
 9.30830016e+00 -1.98362079e+00
 9.07291559e+00 -1.92524874e+00
 8.83757472e+00 -1.86684266e+00
 8.60223972e+00 -1.80843202e+00
 8.36690564e+00 -1.75002098e+00
 8.13157472e+00 -1.69161068e+00
 7.89626735e+00 -1.63320621e+00
 7.66110011e+00 -1.57483652e+00
 7.42658724e+00 -1.51662926e+00
 7.19447674e+00 -1.45901827e+00
 6.96930960e+00 -1.40313066e+00
 6.75996437e+00 -1.35117013e+00
 6.57908204e+00 -1.30627423e+00
 6.43866578e+00 -1.27142222e+00
 6.43866578e+00 -1.27142222e+00
 6.43866578e+00 -1.27142222e+00
 6.43866578e+00 -1.27142222e+00
 6.43866578e+00 -1.27142222e+00
 6.43866578e+00 -1.27142222e+00
 6.43866578e+00 -1.27142222e+00
 6.43866578e+00 -1.27142222e+00
 6.43866578e+00 -1.27142222e+00
 6.43866578e+00 -1.27142222e+00
 6.43866578e+00 -1.27142222e+00
 6.43866578e+00 -1.27142222e+00
 6.43866578e+00 -1.27142222e+00
