 0.00000000e+00 0.00000000e+00
 0.00000000e+00 0.00000000e+00
 0.00000000e+00 0.00000000e+00
 0.00000000e+00 0.00000000e+00
 0.00000000e+00 0.00000000e+00
 -9.21063310e-02 2.49066866e-01
 -2.50189335e-01 5.57137880e-01
 -4.90981583e-01 8.91133468e-01
 -8.24166539e-01 1.21537169e+00
 -1.25230591e+00 1.50109025e+00
 -1.77277675e+00 1.72861126e+00
 -2.37970805e+00 1.88546923e+00
 -3.06505246e+00 1.96457279e+00
 -3.81912324e+00 1.96350007e+00
 -4.63124983e+00 1.88405879e+00
 -5.49077778e+00 1.73136670e+00
 -6.38800634e+00 1.51261172e+00
 -7.31467603e+00 1.23595173e+00
 -8.26432140e+00 9.09450605e-01
 -9.23304327e+00 5.39529441e-01
 -1.02205480e+01 1.29009564e-01
 -1.12306456e+01 -3.24285044e-01
 -1.22706613e+01 -8.27547785e-01
 -1.33499786e+01 -1.39187762e+00
 -1.44782916e+01 -2.03087400e+00
 -1.56638699e+01 -2.75932366e+00
 -1.69117533e+01 -3.59180564e+00
 -1.82218511e+01 -4.54121076e+00
 -1.95873120e+01 -5.61749835e+00
 -2.09936123e+01 -6.82673807e+00
 -2.24184202e+01 -8.17010344e+00
 -2.38320949e+01 -9.64265208e+00
 -2.51989861e+01 -1.12320439e+01
 -2.64798357e+01 -1.29173452e+01
 -2.76352031e+01 -1.46681143e+01
 -2.86294188e+01 -1.64444181e+01
 -2.94342947e+01 -1.81987626e+01
 -3.00316373e+01 -1.98803468e+01
 -3.04139981e+01 -2.14407487e+01
 -3.05841793e+01 -2.28392206e+01
 -3.05545065e+01 -2.40460275e+01
 -3.03456138e+01 -2.50434236e+01
 -2.99831028e+01 -2.58248417e+01
 -2.94918667e+01 -2.63928799e+01
 -2.88908581e+01 -2.67562630e+01
 -2.81912691e+01 -2.69262595e+01
 -2.73981756e+01 -2.69138005e+01
 -2.65135278e+01 -2.67282667e+01
 -2.55387715e+01 -2.63774298e+01
 -2.44766931e+01 -2.58674811e+01
 -2.33325928e+01 -2.52033725e+01
 -2.21146900e+01 -2.43904853e+01
 -2.08336462e+01 -2.34370743e+01
 -1.95014726e+01 -2.23551967e+01
 -1.81302745e+01 -2.11589431e+01
 -1.67311575e+01 -1.98617121e+01
 -1.53136859e+01 -1.84752304e+01
 -1.38863981e+01 -1.70109937e+01
 -1.24583779e+01 -1.54824533e+01
 -1.10410283e+01 -1.39060713e+01
 -9.64910896e+00 -1.23012204e+01
 -8.30088964e+00 -1.06905149e+01
 -7.01779743e+00 -9.10133409e+00
 -5.82352290e+00 -7.56697181e+00
 -4.74204534e+00 -6.12519002e+00
 -3.79450381e+00 -4.81380880e+00
 -2.99595245e+00 -3.66512771e+00
 -2.35348463e+00 -2.70167870e+00
 -1.86638162e+00 -1.93500033e+00
 -1.52775106e+00 -1.36749826e+00
 -1.32685939e+00 -9.96010630e-01
 -1.25183226e+00 -8.15263271e-01
 -1.29231841e+00 -8.20087678e-01
 -1.44116057e+00 -1.00650677e+00
 -1.69440967e+00 -1.37251252e+00
 -2.05004033e+00 -1.91876505e+00
 -2.50615356e+00 -2.64830986e+00
 -3.05923138e+00 -3.56455425e+00
 -3.70293690e+00 -4.66834692e+00
 -4.42793526e+00 -5.95608666e+00
 -5.22276016e+00 -7.41997772e+00
 -6.07517050e+00 -9.04975608e+00
 -6.97340887e+00 -1.08343002e+01
 -7.90713151e+00 -1.27623038e+01
 -8.86779937e+00 -1.48225316e+01
 -9.84818525e+00 -1.70043833e+01
 -1.08411884e+01 -1.92984244e+01
 -1.18389066e+01 -2.16958380e+01
 -1.28326286e+01 -2.41865090e+01
 -1.38133988e+01 -2.67568157e+01
 -1.47725595e+01 -2.93886726e+01
 -1.57023011e+01 -3.20605308e+01
 -1.65966795e+01 -3.47495702e+01
 -1.74532869e+01 -3.74334997e+01
 -1.82748361e+01 -4.00910918e+01
 -1.90689787e+01 -4.27019210e+01
 -1.98451945e+01 -4.52460489e+01
 -2.06098627e+01 -4.77036787e+01
 -2.13624376e+01 -5.00545355e+01
 -2.20948623e+01 -5.22772085e+01
 -2.27937739e+01 -5.43489876e+01
 -2.34432576e+01 -5.62464081e+01
 -2.40264718e+01 -5.79464007e+01
 -2.45267001e+01 -5.94282185e+01
 -2.49298256e+01 -6.06765515e+01
 -2.52289010e+01 -6.16852689e+01
 -2.54283583e+01 -6.24596465e+01
 -2.55438462e+01 -6.30149788e+01
 -2.55961059e+01 -6.33717376e+01
 -2.56022176e+01 -6.35496363e+01
 -2.55702621e+01 -6.35630883e+01
 -2.55004465e+01 -6.34190731e+01
 -2.53895146e+01 -6.31170615e+01
 -2.52328610e+01 -6.26503731e+01
 -2.50230362e+01 -6.20087512e+01
 -2.47482658e+01 -6.11820376e+01
 -2.43937702e+01 -6.01642516e+01
 -2.39446450e+01 -5.89568577e+01
 -2.33880944e+01 -5.75704115e+01
 -2.27149581e+01 -5.60247850e+01
 -2.19213877e+01 -5.43484859e+01
 -2.10102683e+01 -5.25769881e+01
 -1.99913043e+01 -5.07499187e+01
 -1.88796718e+01 -4.89078014e+01
 -1.76940390e+01 -4.70893676e+01
 -1.64545776e+01 -4.53295499e+01
 -1.51811703e+01 -4.36576371e+01
 -1.38919861e+01 -4.20956514e+01
 -1.26026829e+01 -4.06576976e+01
 -1.13263885e+01 -3.93505696e+01
 -1.00742070e+01 -3.81749875e+01
 -8.85575534e+00 -3.71268402e+01
 -7.67954369e+00 -3.61984976e+01
 -6.55334715e+00 -3.53802909e+01
 -5.48443920e+00 -3.46615894e+01
 -4.47922780e+00 -3.40308298e+01
 -3.54225457e+00 -3.34747368e+01
 -2.67531847e+00 -3.29777048e+01
 -1.87761659e+00 -3.25221663e+01
 -1.14691203e+00 -3.20900400e+01
 -4.80638859e-01 -3.16648750e+01
 1.24336950e-01 -3.12345408e+01
 6.73488707e-01 -3.07942093e+01
 1.17644131e+00 -3.03478585e+01
 1.64662545e+00 -2.99056462e+01
 2.09814129e+00 -2.94774171e+01
 2.54191873e+00 -2.90669908e+01
 2.98397823e+00 -2.86715692e+01
 3.42640396e+00 -2.82854174e+01
 3.86937945e+00 -2.79036144e+01
 4.31263900e+00 -2.75233844e+01
 4.75599426e+00 -2.71435962e+01
 5.19937290e+00 -2.67639047e+01
 5.64275582e+00 -2.63842296e+01
 6.08613930e+00 -2.60045568e+01
 6.52952223e+00 -2.56248848e+01
 6.97289933e+00 -2.52452178e+01
 7.41623205e+00 -2.48655887e+01
 7.85930078e+00 -2.44861858e+01
 8.30113661e+00 -2.41078386e+01
 8.73844625e+00 -2.37333672e+01
 9.16267419e+00 -2.33700977e+01
 9.55709274e+00 -2.30323542e+01
 9.89788554e+00 -2.27405309e+01
 1.01624379e+01 -2.25139928e+01
 1.01624379e+01 -2.25139928e+01
 1.01624379e+01 -2.25139928e+01
 1.01624379e+01 -2.25139928e+01
 1.01624379e+01 -2.25139928e+01
 1.01624379e+01 -2.25139928e+01
 1.01624379e+01 -2.25139928e+01
 1.01624379e+01 -2.25139928e+01
 1.01624379e+01 -2.25139928e+01
 1.01624379e+01 -2.25139928e+01
 1.01624379e+01 -2.25139928e+01
 1.01624379e+01 -2.25139928e+01
 1.01624379e+01 -2.25139928e+01
 1.01624379e+01 -2.25139928e+01
 1.01624379e+01 -2.25139928e+01
 1.01624379e+01 -2.25139928e+01
 1.01624379e+01 -2.25139928e+01
 1.01624379e+01 -2.25139928e+01
 1.01624379e+01 -2.25139928e+01
 1.01624379e+01 -2.25139928e+01
 1.01624379e+01 -2.25139928e+01
 1.01624379e+01 -2.25139928e+01
 1.01624379e+01 -2.25139928e+01
 1.01624379e+01 -2.25139928e+01
 1.01624379e+01 -2.25139928e+01
 1.01624379e+01 -2.25139928e+01
 1.01624379e+01 -2.25139928e+01
 1.01624379e+01 -2.25139928e+01
 1.01624379e+01 -2.25139928e+01
 1.01624379e+01 -2.25139928e+01
 1.01624379e+01 -2.25139928e+01
 1.01624379e+01 -2.25139928e+01
 1.01624379e+01 -2.25139928e+01
 1.01624379e+01 -2.25139928e+01
 1.01624379e+01 -2.25139928e+01
 1.01624379e+01 -2.25139928e+01
 1.01624379e+01 -2.25139928e+01
 1.01624379e+01 -2.25139928e+01
 1.01624379e+01 -2.25139928e+01
 1.01624379e+01 -2.25139928e+01
 1.01624379e+01 -2.25139928e+01
