 0.00000000e+00 0.00000000e+00
 0.00000000e+00 0.00000000e+00
 0.00000000e+00 0.00000000e+00
 0.00000000e+00 0.00000000e+00
 0.00000000e+00 0.00000000e+00
 0.00000000e+00 0.00000000e+00
 0.00000000e+00 0.00000000e+00
 0.00000000e+00 0.00000000e+00
 0.00000000e+00 0.00000000e+00
 0.00000000e+00 0.00000000e+00
 0.00000000e+00 0.00000000e+00
 0.00000000e+00 0.00000000e+00
 0.00000000e+00 0.00000000e+00
 0.00000000e+00 0.00000000e+00
 0.00000000e+00 0.00000000e+00
 -1.53813712e-01 6.45349507e-02
 -3.77006235e-01 1.39791308e-01
 -6.77227511e-01 2.13362384e-01
 -1.06259566e+00 2.70965094e-01
 -1.54384988e+00 2.97581931e-01
 -2.13365156e+00 2.76333461e-01
 -2.84414041e+00 1.87981233e-01
 -3.68435461e+00 1.28551279e-02
 -4.65829304e+00 -2.66582588e-01
 -5.76392971e+00 -6.64972852e-01
 -6.99343760e+00 -1.19490272e+00
 -8.33445941e+00 -1.86767025e+00
 -9.77156399e+00 -2.69321492e+00
 -1.12869200e+01 -3.67934791e+00
 -1.28600017e+01 -4.83029414e+00
 -1.44670804e+01 -6.14454123e+00
 -1.60813929e+01 -7.61253140e+00
 -1.76740760e+01 -9.21506117e+00
 -1.92151618e+01 -1.09228692e+01
 -2.06741472e+01 -1.26973528e+01
 -2.20205245e+01 -1.44923242e+01
 -2.32249791e+01 -1.62570140e+01
 -2.42614048e+01 -1.79405352e+01
 -2.51092474e+01 -1.94974148e+01
 -2.57555345e+01 -2.08927678e+01
 -2.61960568e+01 -2.21050045e+01
 -2.64352499e+01 -2.31246416e+01
 -2.64845719e+01 -2.39500079e+01
 -2.63598366e+01 -2.45827157e+01
 -2.60785446e+01 -2.50253922e+01
 -2.56579486e+01 -2.52814940e+01
 -2.51137217e+01 -2.53550565e+01
 -2.44589955e+01 -2.52493303e+01
 -2.37042775e+01 -2.49659680e+01
 -2.28588491e+01 -2.45069286e+01
 -2.19331282e+01 -2.38785122e+01
 -2.09405054e+01 -2.30943419e+01
 -1.98975169e+01 -2.21747825e+01
 -1.88224779e+01 -2.11431703e+01
 -1.77335673e+01 -2.00213693e+01
 -1.66471823e+01 -1.88271397e+01
 -1.55767241e+01 -1.75742191e+01
 -1.45317967e+01 -1.62743299e+01
 -1.35181569e+01 -1.49396689e+01
 -1.25388774e+01 -1.35849832e+01
 -1.15966737e+01 -1.22291645e+01
 -1.06965940e+01 -1.08963373e+01
 -9.84782834e+00 -9.61582977e+00
 -9.06359621e+00 -8.42028988e+00
 -8.35903065e+00 -7.34203766e+00
 -7.74820013e+00 -6.40890855e+00
 -7.24184823e+00 -5.64153555e+00
 -6.84665296e+00 -5.05363410e+00
 -6.56581420e+00 -4.65522627e+00
 -6.40062445e+00 -4.45686847e+00
 -6.35283642e+00 -4.47250936e+00
 -6.42699069e+00 -4.71992530e+00
 -6.63108379e+00 -5.21938255e+00
 -6.97478899e+00 -5.99186263e+00
 -7.46634514e+00 -7.05741994e+00
 -8.10980070e+00 -8.43293955e+00
 -8.90326267e+00 -1.01285626e+01
 -9.83803511e+00 -1.21437149e+01
 -1.08987178e+01 -1.44650552e+01
 -1.20645546e+01 -1.70679077e+01
 -1.33119888e+01 -1.99202435e+01
 -1.46177473e+01 -2.29863618e+01
 -1.59613613e+01 -2.62280451e+01
 -1.73263575e+01 -2.96035222e+01
 -1.87003562e+01 -3.30666246e+01
 -2.00750819e+01 -3.65683784e+01
 -2.14468634e+01 -4.00612794e+01
 -2.28168088e+01 -4.35043131e+01
 -2.41889658e+01 -4.68660230e+01
 -2.55658400e+01 -5.01241274e+01
 -2.69430591e+01 -5.32625027e+01
 -2.83061574e+01 -5.62678289e+01
 -2.96309511e+01 -5.91273894e+01
 -3.08865136e+01 -6.18275223e+01
 -3.20388583e+01 -6.43516045e+01
 -3.30544597e+01 -6.66778925e+01
 -3.39042181e+01 -6.87792181e+01
 -3.45685808e+01 -7.06264367e+01
 -3.50426777e+01 -7.21951142e+01
 -3.53383230e+01 -7.34719501e+01
 -3.54804765e+01 -7.44570951e+01
 -3.54996162e+01 -7.51616525e+01
 -3.54246642e+01 -7.56030212e+01
 -3.52798200e+01 -7.58010851e+01
 -3.50844388e+01 -7.57760940e+01
 -3.48531112e+01 -7.55471581e+01
 -3.45948805e+01 -7.51303516e+01
 -3.43127274e+01 -7.45369096e+01
 -3.40043717e+01 -7.37730627e+01
 -3.36638882e+01 -7.28423672e+01
 -3.32827465e+01 -7.17494821e+01
 -3.28497460e+01 -7.05032062e+01
 -3.23510086e+01 -6.91174750e+01
 -3.17715304e+01 -6.76108129e+01
 -3.10980709e+01 -6.60053716e+01
 -3.03215706e+01 -6.43260055e+01
 -2.94378796e+01 -6.25993255e+01
 -2.84473909e+01 -6.08529107e+01
 -2.73549764e+01 -5.91148663e+01
 -2.61708334e+01 -5.74133453e+01
 -2.49115009e+01 -5.57754643e+01
 -2.35997122e+01 -5.42256822e+01
 -2.22624854e+01 -5.27843154e+01
 -2.09281529e+01 -5.14667088e+01
 -1.96235257e+01 -5.02829062e+01
 -1.83718320e+01 -4.92373636e+01
 -1.71913862e+01 -4.83286568e+01
 -1.60947574e+01 -4.75495764e+01
 -1.50883129e+01 -4.68879062e+01
 -1.41722090e+01 -4.63278594e+01
 -1.33410861e+01 -4.58518979e+01
 -1.25856051e+01 -4.54424468e+01
 -1.18945228e+01 -4.50830290e+01
 -1.12567181e+01 -4.47588019e+01
 -1.06626028e+01 -4.44571035e+01
 -1.01045638e+01 -4.41685939e+01
 -9.57645842e+00 -4.38884459e+01
 -9.07263162e+00 -4.36160137e+01
 -8.58720189e+00 -4.33524080e+01
 -8.11419082e+00 -4.30977113e+01
 -7.64836107e+00 -4.28500546e+01
 -7.18599074e+00 -4.26066762e+01
 -6.72498314e+00 -4.23653034e+01
 -6.26440917e+00 -4.21246590e+01
 -5.80394577e+00 -4.18842204e+01
 -5.34350483e+00 -4.16438271e+01
 -4.88306751e+00 -4.14034415e+01
 -4.42263070e+00 -4.11630570e+01
 -3.96219456e+00 -4.09226729e+01
 -3.50176450e+00 -4.06822920e+01
 -3.04138052e+00 -4.04419352e+01
 -2.58127069e+00 -4.02017215e+01
 -2.12244117e+00 -3.99621762e+01
 -1.66831193e+00 -3.97250848e+01
 -1.22776753e+00 -3.94950858e+01
 -8.18179039e-01 -3.92812482e+01
 -4.64278825e-01 -3.90964843e+01
 -1.89551360e-01 -3.89530549e+01
 -1.89551360e-01 -3.89530549e+01
 -1.89551360e-01 -3.89530549e+01
 -1.89551360e-01 -3.89530549e+01
 -1.89551360e-01 -3.89530549e+01
 -1.89551360e-01 -3.89530549e+01
 -1.89551360e-01 -3.89530549e+01
 -1.89551360e-01 -3.89530549e+01
 -1.89551360e-01 -3.89530549e+01
 -1.89551360e-01 -3.89530549e+01
 -1.89551360e-01 -3.89530549e+01
 -1.89551360e-01 -3.89530549e+01
 -1.89551360e-01 -3.89530549e+01
 -1.89551360e-01 -3.89530549e+01
 -1.89551360e-01 -3.89530549e+01
 -1.89551360e-01 -3.89530549e+01
 -1.89551360e-01 -3.89530549e+01
 -1.89551360e-01 -3.89530549e+01
 -1.89551360e-01 -3.89530549e+01
 -1.89551360e-01 -3.89530549e+01
 -1.89551360e-01 -3.89530549e+01
 -1.89551360e-01 -3.89530549e+01
 -1.89551360e-01 -3.89530549e+01
 -1.89551360e-01 -3.89530549e+01
 -1.89551360e-01 -3.89530549e+01
 -1.89551360e-01 -3.89530549e+01
 -1.89551360e-01 -3.89530549e+01
 -1.89551360e-01 -3.89530549e+01
 -1.89551360e-01 -3.89530549e+01
 -1.89551360e-01 -3.89530549e+01
 -1.89551360e-01 -3.89530549e+01
 -1.89551360e-01 -3.89530549e+01
 -1.89551360e-01 -3.89530549e+01
 -1.89551360e-01 -3.89530549e+01
 -1.89551360e-01 -3.89530549e+01
 -1.89551360e-01 -3.89530549e+01
 -1.89551360e-01 -3.89530549e+01
 -1.89551360e-01 -3.89530549e+01
 -1.89551360e-01 -3.89530549e+01
 -1.89551360e-01 -3.89530549e+01
 -1.89551360e-01 -3.89530549e+01
 -1.89551360e-01 -3.89530549e+01
 -1.89551360e-01 -3.89530549e+01
 -1.89551360e-01 -3.89530549e+01
 -1.89551360e-01 -3.89530549e+01
 -1.89551360e-01 -3.89530549e+01
 -1.89551360e-01 -3.89530549e+01
 -1.89551360e-01 -3.89530549e+01
