 0.00000000e+00 0.00000000e+00
 0.00000000e+00 0.00000000e+00
 0.00000000e+00 0.00000000e+00
 0.00000000e+00 0.00000000e+00
 0.00000000e+00 0.00000000e+00
 0.00000000e+00 0.00000000e+00
 0.00000000e+00 0.00000000e+00
 0.00000000e+00 0.00000000e+00
 0.00000000e+00 0.00000000e+00
 0.00000000e+00 0.00000000e+00
 0.00000000e+00 0.00000000e+00
 0.00000000e+00 0.00000000e+00
 0.00000000e+00 0.00000000e+00
 0.00000000e+00 0.00000000e+00
 0.00000000e+00 0.00000000e+00
 0.00000000e+00 0.00000000e+00
 -3.13816871e-01 3.97071770e-02
 -7.41288634e-01 8.64708946e-02
 -1.26939706e+00 1.33163609e-01
 -1.87939248e+00 1.71165185e-01
 -2.55549156e+00 1.90492161e-01
 -3.28810764e+00 1.79221894e-01
 -4.07324682e+00 1.23792934e-01
 -4.91103957e+00 1.00690367e-02
 -5.80458661e+00 -1.76374849e-01
 -6.75877708e+00 -4.51230357e-01
 -7.77863899e+00 -8.32383128e-01
 -8.86748576e+00 -1.33947796e+00
 -1.00254119e+01 -1.99221896e+00
 -1.12482505e+01 -2.80814133e+00
 -1.25267825e+01 -3.79997686e+00
 -1.38460681e+01 -4.97231322e+00
 -1.51848446e+01 -6.31788248e+00
 -1.65152224e+01 -7.81478633e+00
 -1.78035155e+01 -9.42612099e+00
 -1.90128911e+01 -1.11025234e+01
 -2.01072948e+01 -1.27869231e+01
 -2.10553235e+01 -1.44202199e+01
 -2.18332445e+01 -1.59469210e+01
 -2.24270624e+01 -1.73203252e+01
 -2.28334387e+01 -1.85068347e+01
 -2.30589591e+01 -1.94883615e+01
 -2.31175321e+01 -2.02616240e+01
 -2.30265137e+01 -2.08342483e+01
 -2.28027917e+01 -2.12192824e+01
 -2.24599915e+01 -2.14302746e+01
 -2.20072615e+01 -2.14780904e+01
 -2.14494543e+01 -2.13696404e+01
 -2.07883901e+01 -2.11084257e+01
 -2.00249570e+01 -2.06963751e+01
 -1.91615650e+01 -2.01359227e+01
 -1.82041941e+01 -1.94316640e+01
 -1.71634256e+01 -1.85915724e+01
 -1.60542276e+01 -1.76275829e+01
 -1.48945445e+01 -1.65551418e+01
 -1.37031857e+01 -1.53918702e+01
 -1.24979004e+01 -1.41560393e+01
 -1.12941583e+01 -1.28654595e+01
 -1.01044415e+01 -1.15370108e+01
 -8.93796291e+00 -1.01868597e+01
 -7.80131483e+00 -8.83136453e+00
 -6.70026042e+00 -7.48837504e+00
 -5.64182476e+00 -6.17809893e+00
 -4.63545363e+00 -4.92275424e+00
 -3.69284087e+00 -3.74519044e+00
 -2.82704590e+00 -2.66732639e+00
 -2.05150104e+00 -1.70873248e+00
 -1.37867277e+00 -8.85080043e-01
 -8.17952019e-01 -2.06661928e-01
 -3.73385575e-01 3.21944012e-01
 -4.28239054e-02 7.00074689e-01
 1.80465180e-01 9.27346120e-01
 3.04327343e-01 1.00006049e+00
 3.34295939e-01 9.09779677e-01
 2.71986522e-01 6.44234063e-01
 1.15584234e-01 1.88484998e-01
 -1.38852639e-01 -4.75147251e-01
 -4.96345571e-01 -1.36712075e+00
 -9.61748308e-01 -2.50864352e+00
 -1.53759304e+00 -3.91782496e+00
 -2.22188138e+00 -5.60619377e+00
 -3.00747028e+00 -7.57709494e+00
 -3.88340226e+00 -9.82548022e+00
 -4.83695626e+00 -1.23376902e+01
 -5.85524375e+00 -1.50908566e+01
 -6.92623234e+00 -1.80531032e+01
 -8.03947317e+00 -2.11856548e+01
 -9.18637112e+00 -2.44461100e+01
 -1.03596993e+01 -2.77908581e+01
 -1.15525644e+01 -3.11758631e+01
 -1.27575252e+01 -3.45573422e+01
 -1.39666852e+01 -3.78941020e+01
 -1.51731549e+01 -4.11510991e+01
 -1.63731411e+01 -4.43019740e+01
 -1.75667709e+01 -4.73287810e+01
 -1.87559041e+01 -5.02188592e+01
 -1.99390489e+01 -5.29602120e+01
 -2.11059868e+01 -5.55374597e+01
 -2.22357382e+01 -5.79302403e+01
 -2.32995615e+01 -6.01146752e+01
 -2.42670730e+01 -6.20668781e+01
 -2.51117264e+01 -6.37666838e+01
 -2.58136262e+01 -6.52004045e+01
 -2.63608268e+01 -6.63627184e+01
 -2.67510741e+01 -6.72580478e+01
 -2.69935534e+01 -6.79006387e+01
 -2.71080807e+01 -6.83119978e+01
 -2.71204226e+01 -6.85157410e+01
 -2.70553374e+01 -6.85317473e+01
 -2.69301315e+01 -6.83717508e+01
 -2.67508083e+01 -6.80374145e+01
 -2.65116324e+01 -6.75210666e+01
 -2.61974919e+01 -6.68089485e+01
 -2.57875060e+01 -6.58863798e+01
 -2.52586897e+01 -6.47437735e+01
 -2.45893228e+01 -6.33822155e+01
 -2.37619075e+01 -6.18171635e+01
 -2.27655831e+01 -6.00789972e+01
 -2.15979353e+01 -5.82103422e+01
 -2.02660485e+01 -5.62616747e+01
 -1.87865506e+01 -5.42870857e+01
 -1.71845792e+01 -5.23409424e+01
 -1.54918978e+01 -5.04749511e+01
 -1.37444478e+01 -4.87348907e+01
 -1.19794406e+01 -4.71569745e+01
 -1.02320052e+01 -4.57648370e+01
 -8.53186509e+00 -4.45685802e+01
 -6.90115686e+00 -4.35663539e+01
 -5.35434292e+00 -4.27473928e+01
 -3.90004660e+00 -4.20949942e+01
 -2.54354406e+00 -4.15886974e+01
 -1.28853917e+00 -4.12056936e+01
 -1.37786573e-01 -4.09218228e+01
 9.06929725e-01 -4.07126641e+01
 1.84524150e+00 -4.05550553e+01
 2.67987033e+00 -4.04288918e+01
 3.41990914e+00 -4.03188421e+01
 4.08350678e+00 -4.02154970e+01
 4.69613753e+00 -4.01151050e+01
 5.28363432e+00 -4.00174702e+01
 5.86456969e+00 -3.99231692e+01
 6.44755360e+00 -3.98319434e+01
 7.03404502e+00 -3.97427761e+01
 7.62277363e+00 -3.96546324e+01
 8.21244452e+00 -3.95668743e+01
 8.80240490e+00 -3.94792277e+01
 9.39243240e+00 -3.93916060e+01
 9.98247182e+00 -3.93039886e+01
 1.05725128e+01 -3.92163718e+01
 1.11625532e+01 -3.91287551e+01
 1.17525858e+01 -3.90411397e+01
 1.23425593e+01 -3.89535330e+01
 1.29321815e+01 -3.88659784e+01
 1.35201631e+01 -3.87786675e+01
 1.41021213e+01 -3.86922511e+01
 1.46666708e+01 -3.86084197e+01
 1.51915508e+01 -3.85304789e+01
 1.56450674e+01 -3.84631350e+01
 1.59971256e+01 -3.84108570e+01
 1.59971256e+01 -3.84108570e+01
 1.59971256e+01 -3.84108570e+01
 1.59971256e+01 -3.84108570e+01
 1.59971256e+01 -3.84108570e+01
 1.59971256e+01 -3.84108570e+01
 1.59971256e+01 -3.84108570e+01
 1.59971256e+01 -3.84108570e+01
 1.59971256e+01 -3.84108570e+01
 1.59971256e+01 -3.84108570e+01
 1.59971256e+01 -3.84108570e+01
 1.59971256e+01 -3.84108570e+01
 1.59971256e+01 -3.84108570e+01
 1.59971256e+01 -3.84108570e+01
 1.59971256e+01 -3.84108570e+01
 1.59971256e+01 -3.84108570e+01
 1.59971256e+01 -3.84108570e+01
 1.59971256e+01 -3.84108570e+01
 1.59971256e+01 -3.84108570e+01
 1.59971256e+01 -3.84108570e+01
 1.59971256e+01 -3.84108570e+01
 1.59971256e+01 -3.84108570e+01
 1.59971256e+01 -3.84108570e+01
 1.59971256e+01 -3.84108570e+01
 1.59971256e+01 -3.84108570e+01
 1.59971256e+01 -3.84108570e+01
 1.59971256e+01 -3.84108570e+01
 1.59971256e+01 -3.84108570e+01
 1.59971256e+01 -3.84108570e+01
 1.59971256e+01 -3.84108570e+01
 1.59971256e+01 -3.84108570e+01
 1.59971256e+01 -3.84108570e+01
 1.59971256e+01 -3.84108570e+01
 1.59971256e+01 -3.84108570e+01
 1.59971256e+01 -3.84108570e+01
 1.59971256e+01 -3.84108570e+01
 1.59971256e+01 -3.84108570e+01
 1.59971256e+01 -3.84108570e+01
 1.59971256e+01 -3.84108570e+01
 1.59971256e+01 -3.84108570e+01
 1.59971256e+01 -3.84108570e+01
 1.59971256e+01 -3.84108570e+01
 1.59971256e+01 -3.84108570e+01
 1.59971256e+01 -3.84108570e+01
 1.59971256e+01 -3.84108570e+01
 1.59971256e+01 -3.84108570e+01
 1.59971256e+01 -3.84108570e+01
