 0.00000000e+00 0.00000000e+00
 0.00000000e+00 0.00000000e+00
 0.00000000e+00 0.00000000e+00
 0.00000000e+00 0.00000000e+00
 0.00000000e+00 0.00000000e+00
 0.00000000e+00 0.00000000e+00
 0.00000000e+00 0.00000000e+00
 0.00000000e+00 0.00000000e+00
 0.00000000e+00 0.00000000e+00
 0.00000000e+00 0.00000000e+00
 0.00000000e+00 0.00000000e+00
 0.00000000e+00 0.00000000e+00
 0.00000000e+00 0.00000000e+00
 0.00000000e+00 0.00000000e+00
 0.00000000e+00 0.00000000e+00
 0.00000000e+00 0.00000000e+00
 -3.50548459e-01 1.88667561e-01
 -8.38257450e-01 4.33490506e-01
 -1.45591568e+00 7.16386540e-01
 -2.18860784e+00 1.01383813e+00
 -3.02196679e+00 1.30149669e+00
 -3.94539716e+00 1.55506801e+00
 -4.95166000e+00 1.74972185e+00
 -6.03589931e+00 1.85993474e+00
 -7.19551900e+00 1.85966620e+00
 -8.43043607e+00 1.72271733e+00
 -9.74271051e+00 1.42406563e+00
 -1.11350689e+01 9.42283730e-01
 -1.26084167e+01 2.61729402e-01
 -1.41587615e+01 -6.26328695e-01
 -1.57741279e+01 -1.72282615e+00
 -1.74319772e+01 -3.01929167e+00
 -1.90976705e+01 -4.49600715e+00
 -2.07248346e+01 -6.12131227e+00
 -2.22584201e+01 -7.85274478e+00
 -2.36402892e+01 -9.63965165e+00
 -2.48160429e+01 -1.14266116e+01
 -2.57414039e+01 -1.31572756e+01
 -2.63869422e+01 -1.47784062e+01
 -2.67407427e+01 -1.62435964e+01
 -2.68089439e+01 -1.75156765e+01
 -2.66138405e+01 -1.85672690e+01
 -2.61894226e+01 -1.93804191e+01
 -2.55752409e+01 -1.99466676e+01
 -2.48102868e+01 -2.02672673e+01
 -2.39283131e+01 -2.03518151e+01
 -2.29552446e+01 -2.02149260e+01
 -2.19087729e+01 -1.98730561e+01
 -2.07998301e+01 -1.93436557e+01
 -1.96352194e+01 -1.86463932e+01
 -1.84205057e+01 -1.78043179e+01
 -1.71624778e+01 -1.68432561e+01
 -1.58707295e+01 -1.57895585e+01
 -1.45580585e+01 -1.46676500e+01
 -1.32397394e+01 -1.34986512e+01
 -1.19322304e+01 -1.23002906e+01
 -1.06519758e+01 -1.10876287e+01
 -9.41457488e+00 -9.87403832e+00
 -8.23414702e+00 -8.67217751e+00
 -7.12271816e+00 -7.49501730e+00
 -6.08989467e+00 -6.35694949e+00
 -5.14328125e+00 -5.27456047e+00
 -4.28941427e+00 -4.26643053e+00
 -3.53422783e+00 -3.35167798e+00
 -2.88244249e+00 -2.54759576e+00
 -2.33639017e+00 -1.86727923e+00
 -1.89527882e+00 -1.31838221e+00
 -1.55522346e+00 -9.03665855e-01
 -1.30941096e+00 -6.23082590e-01
 -1.14804029e+00 -4.76774482e-01
 -1.05930206e+00 -4.68566532e-01
 -1.03302712e+00 -6.09258726e-01
 -1.06575350e+00 -9.18488878e-01
 -1.16310853e+00 -1.42443175e+00
 -1.33745573e+00 -2.16175199e+00
 -1.60362524e+00 -3.16841075e+00
 -1.97641368e+00 -4.48122509e+00
 -2.46984370e+00 -6.13011193e+00
 -3.09593406e+00 -8.13203951e+00
 -3.86231871e+00 -1.04865431e+01
 -4.76999572e+00 -1.31742809e+01
 -5.81239061e+00 -1.61586625e+01
 -6.97581779e+00 -1.93889879e+01
 -8.24065969e+00 -2.28032763e+01
 -9.58256572e+00 -2.63306315e+01
 -1.09735994e+01 -2.98947610e+01
 -1.23837983e+01 -3.34197778e+01
 -1.37833755e+01 -3.68371526e+01
 -1.51451261e+01 -4.00913464e+01
 -1.64462609e+01 -4.31425148e+01
 -1.76689908e+01 -4.59665075e+01
 -1.87997041e+01 -4.85533430e+01
 -1.98275073e+01 -5.09048339e+01
 -2.07433372e+01 -5.30311875e+01
 -2.15399304e+01 -5.49466609e+01
 -2.22119097e+01 -5.66653401e+01
 -2.27557459e+01 -5.81981665e+01
 -2.31702960e+01 -5.95514313e+01
 -2.34580839e+01 -6.07265327e+01
 -2.36261915e+01 -6.17209261e+01
 -2.36856713e+01 -6.25298599e+01
 -2.36499081e+01 -6.31480536e+01
 -2.35331288e+01 -6.35707848e+01
 -2.33492659e+01 -6.37943093e+01
 -2.31105977e+01 -6.38156694e+01
 -2.28262336e+01 -6.36324028e+01
 -2.25010517e+01 -6.32429613e+01
 -2.21353003e+01 -6.26477048e+01
 -2.17246377e+01 -6.18494552e+01
 -2.12602537e+01 -6.08534399e+01
 -2.07288395e+01 -5.96674942e+01
 -2.01127722e+01 -5.83028836e+01
 -1.93912768e+01 -5.67751963e+01
 -1.85427882e+01 -5.51048570e+01
 -1.75480613e+01 -5.33173604e+01
 -1.63937248e+01 -5.14435582e+01
 -1.50762365e+01 -4.95201970e+01
 -1.36056384e+01 -4.75903543e+01
 -1.20076330e+01 -4.57027276e+01
 -1.03224743e+01 -4.39087993e+01
 -8.60036386e+00 -4.22579630e+01
 -6.89472234e+00 -4.07919464e+01
 -5.25542561e+00 -3.95403509e+01
 -3.72330996e+00 -3.85184572e+01
 -2.32617738e+00 -3.77271660e+01
 -1.07646374e+00 -3.71542172e+01
 2.87463301e-02 -3.67761155e+01
 1.00478039e+00 -3.65607239e+01
 1.87410322e+00 -3.64704830e+01
 2.66074400e+00 -3.64660356e+01
 3.38665940e+00 -3.65103367e+01
 4.07055041e+00 -3.65732970e+01
 4.72776340e+00 -3.66356023e+01
 5.37000978e+00 -3.66892825e+01
 6.00508577e+00 -3.67343672e+01
 6.63730088e+00 -3.67740231e+01
 7.26858093e+00 -3.68111648e+01
 7.89961322e+00 -3.68474168e+01
 8.53059262e+00 -3.68834245e+01
 9.16156298e+00 -3.69193799e+01
 9.79253209e+00 -3.69553266e+01
 1.04235010e+01 -3.69912720e+01
 1.10544690e+01 -3.70272173e+01
 1.16854287e+01 -3.70631621e+01
 1.23163253e+01 -3.70991033e+01
 1.29468462e+01 -3.71350231e+01
 1.35756126e+01 -3.71708430e+01
 1.41979378e+01 -3.72062959e+01
 1.48016468e+01 -3.72406883e+01
 1.53629347e+01 -3.72726640e+01
 1.58479091e+01 -3.73002922e+01
 1.62243875e+01 -3.73217396e+01
 1.62243875e+01 -3.73217396e+01
 1.62243875e+01 -3.73217396e+01
 1.62243875e+01 -3.73217396e+01
 1.62243875e+01 -3.73217396e+01
 1.62243875e+01 -3.73217396e+01
 1.62243875e+01 -3.73217396e+01
 1.62243875e+01 -3.73217396e+01
 1.62243875e+01 -3.73217396e+01
 1.62243875e+01 -3.73217396e+01
 1.62243875e+01 -3.73217396e+01
 1.62243875e+01 -3.73217396e+01
 1.62243875e+01 -3.73217396e+01
 1.62243875e+01 -3.73217396e+01
 1.62243875e+01 -3.73217396e+01
 1.62243875e+01 -3.73217396e+01
 1.62243875e+01 -3.73217396e+01
 1.62243875e+01 -3.73217396e+01
 1.62243875e+01 -3.73217396e+01
 1.62243875e+01 -3.73217396e+01
 1.62243875e+01 -3.73217396e+01
 1.62243875e+01 -3.73217396e+01
 1.62243875e+01 -3.73217396e+01
 1.62243875e+01 -3.73217396e+01
 1.62243875e+01 -3.73217396e+01
 1.62243875e+01 -3.73217396e+01
 1.62243875e+01 -3.73217396e+01
 1.62243875e+01 -3.73217396e+01
 1.62243875e+01 -3.73217396e+01
 1.62243875e+01 -3.73217396e+01
 1.62243875e+01 -3.73217396e+01
 1.62243875e+01 -3.73217396e+01
 1.62243875e+01 -3.73217396e+01
 1.62243875e+01 -3.73217396e+01
 1.62243875e+01 -3.73217396e+01
 1.62243875e+01 -3.73217396e+01
 1.62243875e+01 -3.73217396e+01
 1.62243875e+01 -3.73217396e+01
 1.62243875e+01 -3.73217396e+01
 1.62243875e+01 -3.73217396e+01
 1.62243875e+01 -3.73217396e+01
 1.62243875e+01 -3.73217396e+01
 1.62243875e+01 -3.73217396e+01
 1.62243875e+01 -3.73217396e+01
 1.62243875e+01 -3.73217396e+01
 1.62243875e+01 -3.73217396e+01
 1.62243875e+01 -3.73217396e+01
 1.62243875e+01 -3.73217396e+01
 1.62243875e+01 -3.73217396e+01
 1.62243875e+01 -3.73217396e+01
 1.62243875e+01 -3.73217396e+01
 1.62243875e+01 -3.73217396e+01
 1.62243875e+01 -3.73217396e+01
 1.62243875e+01 -3.73217396e+01
