 0.00000000e+00 0.00000000e+00
 0.00000000e+00 0.00000000e+00
 0.00000000e+00 0.00000000e+00
 0.00000000e+00 0.00000000e+00
 0.00000000e+00 0.00000000e+00
 0.00000000e+00 0.00000000e+00
 0.00000000e+00 0.00000000e+00
 -4.33508982e-02 6.56777704e-02
 -1.20131355e-01 1.52937774e-01
 -2.37009051e-01 2.56221042e-01
 -3.94947819e-01 3.67279569e-01
 -5.91571418e-01 4.76928843e-01
 -8.25193032e-01 5.75931251e-01
 -1.09720249e+00 6.55500337e-01
 -1.41227347e+00 7.07819801e-01
 -1.77764709e+00 7.26115611e-01
 -2.20207919e+00 7.04144209e-01
 -2.69430467e+00 6.36241829e-01
 -3.26125658e+00 5.18721188e-01
 -3.90677634e+00 3.51301649e-01
 -4.63137895e+00 1.36772346e-01
 -5.43296645e+00 -1.20939217e-01
 -6.30783533e+00 -4.18736640e-01
 -7.25138462e+00 -7.55447597e-01
 -8.25843109e+00 -1.13219771e+00
 -9.32340011e+00 -1.55251309e+00
 -1.04405272e+01 -2.02229407e+00
 -1.16037463e+01 -2.54944305e+00
 -1.28057774e+01 -3.14298694e+00
 -1.40363799e+01 -3.81192186e+00
 -1.52803993e+01 -4.56404562e+00
 -1.65165405e+01 -5.40463951e+00
 -1.77175472e+01 -6.33477231e+00
 -1.88518752e+01 -7.34949259e+00
 -1.98865218e+01 -8.43656232e+00
 -2.07904747e+01 -9.57619941e+00
 -2.15379243e+01 -1.07418873e+01
 -2.21103863e+01 -1.19020866e+01
 -2.24976633e+01 -1.30226434e+01
 -2.26982416e+01 -1.40696872e+01
 -2.27193549e+01 -1.50126929e+01
 -2.25762619e+01 -1.58270933e+01
 -2.22902344e+01 -1.64957563e+01
 -2.18853389e+01 -1.70091618e+01
 -2.13848516e+01 -1.73646238e+01
 -2.08084589e+01 -1.75646663e+01
 -2.01708920e+01 -1.76144330e+01
 -1.94818302e+01 -1.75188692e+01
 -1.87465492e+01 -1.72813138e+01
 -1.79668938e+01 -1.69042194e+01
 -1.71423667e+01 -1.63908584e+01
 -1.62713725e+01 -1.57465601e+01
 -1.53527578e+01 -1.49792355e+01
 -1.43875155e+01 -1.40996644e+01
 -1.33800868e+01 -1.31216653e+01
 -1.23387121e+01 -1.20617995e+01
 -1.12748819e+01 -1.09384357e+01
 -1.02024378e+01 -9.77064820e+00
 -9.13679020e+00 -8.57766025e+00
 -8.09434288e+00 -7.37893410e+00
 -7.09190523e+00 -6.19438853e+00
 -6.14582469e+00 -5.04436221e+00
 -5.27094542e+00 -3.94937647e+00
 -4.47986028e+00 -2.92977563e+00
 -3.78259018e+00 -2.00498728e+00
 -3.18624863e+00 -1.19211249e+00
 -2.69440309e+00 -5.04267282e-01
 -2.30655031e+00 5.00412604e-02
 -2.01845744e+00 4.65448942e-01
 -1.82374017e+00 7.36722279e-01
 -1.71620840e+00 8.56236883e-01
 -1.69179313e+00 8.13591651e-01
 -1.74900807e+00 5.96909517e-01
 -1.88804262e+00 1.93870380e-01
 -2.10964186e+00 -4.08619439e-01
 -2.41451595e+00 -1.22503968e+00
 -2.80267718e+00 -2.27019562e+00
 -3.27194998e+00 -3.55591422e+00
 -3.81617971e+00 -5.08702961e+00
 -4.42435223e+00 -6.85898725e+00
 -5.08113217e+00 -8.85812999e+00
 -5.76848481e+00 -1.10634790e+01
 -6.46788402e+00 -1.34478544e+01
 -7.16268238e+00 -1.59776502e+01
 -7.84011251e+00 -1.86128323e+01
 -8.49234567e+00 -2.13090229e+01
 -9.11637092e+00 -2.40214613e+01
 -9.71300260e+00 -2.67086985e+01
 -1.02856158e+01 -2.93342336e+01
 -1.08390352e+01 -3.18662497e+01
 -1.13785549e+01 -3.42769559e+01
 -1.19087556e+01 -3.65425779e+01
 -1.24319054e+01 -3.86434336e+01
 -1.29462647e+01 -4.05629073e+01
 -1.34451900e+01 -4.22856495e+01
 -1.39179526e+01 -4.37971003e+01
 -1.43522921e+01 -4.50857535e+01
 -1.47374756e+01 -4.61469018e+01
 -1.50663559e+01 -4.69849585e+01
 -1.53360004e+01 -4.76124268e+01
 -1.55475769e+01 -4.80459485e+01
 -1.57059959e+01 -4.83016687e+01
 -1.58188280e+01 -4.83921738e+01
 -1.58936924e+01 -4.83255324e+01
 -1.59342578e+01 -4.81052927e+01
 -1.59363300e+01 -4.77304401e+01
 -1.58858750e+01 -4.71957553e+01
 -1.57600159e+01 -4.64938221e+01
 -1.55306954e+01 -4.56191515e+01
 -1.51695116e+01 -4.45731230e+01
 -1.46521519e+01 -4.33674148e+01
 -1.39618831e+01 -4.20245609e+01
 -1.30921608e+01 -4.05761718e+01
 -1.20480416e+01 -3.90600697e+01
 -1.08458775e+01 -3.75170058e+01
 -9.51133378e+00 -3.59872260e+01
 -8.07650840e+00 -3.45072864e+01
 -6.57707569e+00 -3.31075300e+01
 -5.04978954e+00 -3.18105238e+01
 -3.52999389e+00 -3.06307576e+01
 -2.04889238e+00 -2.95756684e+01
 -6.31077406e-01 -2.86474188e+01
 7.06810807e-01 -2.78444493e+01
 1.95589354e+00 -2.71622681e+01
 3.11371199e+00 -2.65938193e+01
 4.18250534e+00 -2.61299399e+01
 5.16761057e+00 -2.57597734e+01
 6.07594138e+00 -2.54706827e+01
 6.91438521e+00 -2.52477728e+01
 7.68832385e+00 -2.50738945e+01
 8.40075772e+00 -2.49309383e+01
 9.05257955e+00 -2.48022404e+01
 9.64448044e+00 -2.46751970e+01
 1.01801544e+01 -2.45432171e+01
 1.06688330e+01 -2.44061360e+01
 1.11246551e+01 -2.42682518e+01
 1.15626242e+01 -2.41345410e+01
 1.19940680e+01 -2.40074587e+01
 1.24248347e+01 -2.38863611e+01
 1.28566007e+01 -2.37690730e+01
 1.32892064e+01 -2.36535993e+01
 1.37221986e+01 -2.35387876e+01
 1.41553147e+01 -2.34241627e+01
 1.45884602e+01 -2.33095789e+01
 1.50216111e+01 -2.31950021e+01
 1.54547626e+01 -2.30804263e+01
 1.58879136e+01 -2.29658507e+01
 1.63210589e+01 -2.28512766e+01
 1.67541609e+01 -2.27367140e+01
 1.71870050e+01 -2.26222196e+01
 1.76186446e+01 -2.25080439e+01
 1.80458625e+01 -2.23950377e+01
 1.84603005e+01 -2.22854120e+01
 1.88456171e+01 -2.21834894e+01
 1.91785455e+01 -2.20954244e+01
 1.94369928e+01 -2.20270608e+01
 1.94369928e+01 -2.20270608e+01
 1.94369928e+01 -2.20270608e+01
 1.94369928e+01 -2.20270608e+01
 1.94369928e+01 -2.20270608e+01
 1.94369928e+01 -2.20270608e+01
 1.94369928e+01 -2.20270608e+01
 1.94369928e+01 -2.20270608e+01
 1.94369928e+01 -2.20270608e+01
 1.94369928e+01 -2.20270608e+01
 1.94369928e+01 -2.20270608e+01
 1.94369928e+01 -2.20270608e+01
 1.94369928e+01 -2.20270608e+01
 1.94369928e+01 -2.20270608e+01
 1.94369928e+01 -2.20270608e+01
 1.94369928e+01 -2.20270608e+01
 1.94369928e+01 -2.20270608e+01
 1.94369928e+01 -2.20270608e+01
 1.94369928e+01 -2.20270608e+01
 1.94369928e+01 -2.20270608e+01
 1.94369928e+01 -2.20270608e+01
 1.94369928e+01 -2.20270608e+01
 1.94369928e+01 -2.20270608e+01
 1.94369928e+01 -2.20270608e+01
 1.94369928e+01 -2.20270608e+01
 1.94369928e+01 -2.20270608e+01
 1.94369928e+01 -2.20270608e+01
 1.94369928e+01 -2.20270608e+01
 1.94369928e+01 -2.20270608e+01
 1.94369928e+01 -2.20270608e+01
 1.94369928e+01 -2.20270608e+01
 1.94369928e+01 -2.20270608e+01
 1.94369928e+01 -2.20270608e+01
 1.94369928e+01 -2.20270608e+01
 1.94369928e+01 -2.20270608e+01
 1.94369928e+01 -2.20270608e+01
 1.94369928e+01 -2.20270608e+01
 1.94369928e+01 -2.20270608e+01
 1.94369928e+01 -2.20270608e+01
 1.94369928e+01 -2.20270608e+01
 1.94369928e+01 -2.20270608e+01
 1.94369928e+01 -2.20270608e+01
 1.94369928e+01 -2.20270608e+01
 1.94369928e+01 -2.20270608e+01
 1.94369928e+01 -2.20270608e+01
 1.94369928e+01 -2.20270608e+01
 1.94369928e+01 -2.20270608e+01
 1.94369928e+01 -2.20270608e+01
 1.94369928e+01 -2.20270608e+01
 1.94369928e+01 -2.20270608e+01
