 0.00000000e+00 0.00000000e+00
 0.00000000e+00 0.00000000e+00
 0.00000000e+00 0.00000000e+00
 0.00000000e+00 0.00000000e+00
 0.00000000e+00 0.00000000e+00
 0.00000000e+00 0.00000000e+00
 0.00000000e+00 0.00000000e+00
 0.00000000e+00 0.00000000e+00
 0.00000000e+00 0.00000000e+00
 0.00000000e+00 0.00000000e+00
 0.00000000e+00 0.00000000e+00
 -3.67104519e-02 1.37821050e-01
 -1.14495335e-01 3.21983786e-01
 -2.52752155e-01 5.44359488e-01
 -4.64128635e-01 7.93668156e-01
 -7.51312693e-01 1.05872780e+00
 -1.11141032e+00 1.32908729e+00
 -1.54344502e+00 1.59369377e+00
 -2.05230890e+00 1.83901236e+00
 -2.64761026e+00 2.04776261e+00
 -3.34060502e+00 2.19899346e+00
 -4.14208707e+00 2.26958226e+00
 -5.06138549e+00 2.23656208e+00
 -6.10527293e+00 2.07952718e+00
 -7.27625119e+00 1.78274705e+00
 -8.57076088e+00 1.33685597e+00
 -9.97805570e+00 7.39907174e-01
 -1.14799504e+01 -2.39909489e-03
 -1.30513131e+01 -8.77370804e-01
 -1.46613834e+01 -1.86680430e+00
 -1.62762050e+01 -2.94898539e+00
 -1.78619736e+01 -4.10075457e+00
 -1.93881768e+01 -5.29937920e+00
 -2.08291054e+01 -6.52400766e+00
 -2.21632603e+01 -7.75616879e+00
 -2.33715950e+01 -8.97901989e+00
 -2.44361395e+01 -1.01760055e+01
 -2.53399198e+01 -1.13300559e+01
 -2.60679046e+01 -1.24238315e+01
 -2.66078915e+01 -1.34405767e+01
 -2.69504547e+01 -1.43647350e+01
 -2.70883376e+01 -1.51818190e+01
 -2.70165939e+01 -1.58777291e+01
 -2.67336867e+01 -1.64380008e+01
 -2.62417614e+01 -1.68471711e+01
 -2.55445269e+01 -1.70883016e+01
 -2.46437185e+01 -1.71428989e+01
 -2.35367843e+01 -1.69914425e+01
 -2.22176357e+01 -1.66144416e+01
 -2.06803455e+01 -1.59941224e+01
 -1.89241436e+01 -1.51172323e+01
 -1.69576357e+01 -1.39787734e+01
 -1.48008225e+01 -1.25847165e+01
 -1.24845225e+01 -1.09511597e+01
 -1.00474338e+01 -9.09961929e+00
 -7.53130357e+00 -7.05115707e+00
 -4.97502317e+00 -4.82249916e+00
 -2.40925268e+00 -2.42518906e+00
 1.46207492e-01 1.33184828e-01
 2.68083533e+00 2.84692271e+00
 5.18842659e+00 5.70935604e+00
 7.66141359e+00 8.70813328e+00
 1.00863949e+01 1.18185887e+01
 1.24406847e+01 1.49978835e+01
 1.46896019e+01 1.81836698e+01
 1.67864750e+01 2.12986723e+01
 1.86778718e+01 2.42593319e+01
 2.03131624e+01 2.69854373e+01
 2.16537159e+01 2.94083138e+01
 2.26772992e+01 3.14759969e+01
 2.33770538e+01 3.31545004e+01
 2.37576040e+01 3.44254985e+01
 2.38310510e+01 3.52823211e+01
 2.36142052e+01 3.57266919e+01
 2.31273441e+01 3.57673414e+01
 2.23941960e+01 3.54197633e+01
 2.14424113e+01 3.47058013e+01
 2.03039403e+01 3.36527660e+01
 1.90152308e+01 3.22930166e+01
 1.76170024e+01 3.06646861e+01
 1.61527587e+01 2.88123782e+01
 1.46653292e+01 2.67854245e+01
 1.31917857e+01 2.46327303e+01
 1.17583091e+01 2.23962364e+01
 1.03771260e+01 2.01064869e+01
 9.04685578e+00 1.77823172e+01
 7.75588143e+00 1.54338536e+01
 6.48713351e+00 1.30664427e+01
 5.22277308e+00 1.06837925e+01
 3.94804293e+00 8.29017054e+00
 2.65421815e+00 5.89228599e+00
 1.34081612e+00 3.50128782e+00
 1.71021432e-02 1.13466221e+00
 -1.29732785e+00 -1.18295357e+00
 -2.57336779e+00 -3.42115358e+00
 -3.77510376e+00 -5.54717677e+00
 -4.86415250e+00 -7.52955749e+00
 -5.80434214e+00 -9.34024411e+00
 -6.56530218e+00 -1.09551283e+01
 -7.12439424e+00 -1.23542901e+01
 -7.46712015e+00 -1.35227959e+01
 -7.58637507e+00 -1.44513082e+01
 -7.48107784e+00 -1.51352517e+01
 -7.15454976e+00 -1.55727347e+01
 -6.61263193e+00 -1.57629680e+01
 -5.86180730e+00 -1.57063636e+01
 -4.90821104e+00 -1.54056716e+01
 -3.75817864e+00 -1.48668612e+01
 -2.42009777e+00 -1.40994970e+01
 -9.06796858e-01 -1.31174155e+01
 7.62397149e-01 -1.19400530e+01
 2.56056386e+00 -1.05934511e+01
 4.45290248e+00 -9.10991098e+00
 6.39655456e+00 -7.52689257e+00
 8.34072486e+00 -5.88660590e+00
 1.02285840e+01 -4.23622303e+00
 1.20019502e+01 -2.62665847e+00
 1.36080447e+01 -1.10806986e+00
 1.50073270e+01 2.77683591e-01
 1.61823694e+01 1.50581060e+00
 1.71463867e+01 2.57613299e+00
 1.79453908e+01 3.51539765e+00
 1.86465838e+01 4.36955172e+00
 1.93147449e+01 5.18661857e+00
 1.99911770e+01 6.00007592e+00
 2.06891937e+01 6.82354505e+00
 2.14047697e+01 7.65707585e+00
 2.21296789e+01 8.49635306e+00
 2.28582077e+01 9.33793996e+00
 2.35877981e+01 1.01802188e+01
 2.43176278e+01 1.10226555e+01
 2.50474991e+01 1.18651201e+01
 2.57773760e+01 1.27075883e+01
 2.65072525e+01 1.35500557e+01
 2.72371194e+01 1.43925121e+01
 2.79669133e+01 1.52348842e+01
 2.86962726e+01 1.60767547e+01
 2.94236023e+01 1.69162826e+01
 3.01434813e+01 1.77472102e+01
 3.08418257e+01 1.85532815e+01
 3.14910993e+01 1.93027123e+01
 3.20520967e+01 1.99502493e+01
 3.24875906e+01 2.04529226e+01
 3.24875906e+01 2.04529226e+01
 3.24875906e+01 2.04529226e+01
 3.24875906e+01 2.04529226e+01
 3.24875906e+01 2.04529226e+01
 3.24875906e+01 2.04529226e+01
 3.24875906e+01 2.04529226e+01
 3.24875906e+01 2.04529226e+01
 3.24875906e+01 2.04529226e+01
 3.24875906e+01 2.04529226e+01
 3.24875906e+01 2.04529226e+01
 3.24875906e+01 2.04529226e+01
 3.24875906e+01 2.04529226e+01
 3.24875906e+01 2.04529226e+01
 3.24875906e+01 2.04529226e+01
 3.24875906e+01 2.04529226e+01
 3.24875906e+01 2.04529226e+01
 3.24875906e+01 2.04529226e+01
