 0.00000000e+00 0.00000000e+00
 0.00000000e+00 0.00000000e+00
 0.00000000e+00 0.00000000e+00
 0.00000000e+00 0.00000000e+00
 0.00000000e+00 0.00000000e+00
 0.00000000e+00 0.00000000e+00
 0.00000000e+00 0.00000000e+00
 -4.04747866e-02 1.58100615e-01
 -1.13901882e-01 3.48523501e-01
 -2.29344352e-01 5.48670380e-01
 -3.91751862e-01 7.36547923e-01
 -6.03283103e-01 8.96490701e-01
 -8.66008518e-01 1.01933008e+00
 -1.18327629e+00 1.10004354e+00
 -1.55922033e+00 1.13526343e+00
 -1.99779304e+00 1.12091351e+00
 -2.50237609e+00 1.05074307e+00
 -3.07565783e+00 9.17243812e-01
 -3.71893378e+00 7.14448289e-01
 -4.43090208e+00 4.39952418e-01
 -5.20717269e+00 9.44887340e-02
 -6.04128738e+00 -3.20031417e-01
 -6.92627877e+00 -8.02170013e-01
 -7.85502160e+00 -1.35153765e+00
 -8.81904699e+00 -1.96869706e+00
 -9.80733795e+00 -2.65495986e+00
 -1.08065135e+01 -3.41214051e+00
 -1.18019622e+01 -4.24192975e+00
 -1.27784141e+01 -5.14462809e+00
 -1.37194645e+01 -6.11741771e+00
 -1.46071690e+01 -7.15269099e+00
 -1.54229187e+01 -8.23697420e+00
 -1.61494444e+01 -9.35086225e+00
 -1.67727352e+01 -1.04701575e+01
 -1.72829969e+01 -1.15680194e+01
 -1.76747031e+01 -1.26175475e+01
 -1.79460274e+01 -1.35941375e+01
 -1.80976881e+01 -1.44772783e+01
 -1.81316246e+01 -1.52517760e+01
 -1.80505668e+01 -1.59083290e+01
 -1.78587215e+01 -1.64432835e+01
 -1.75621058e+01 -1.68575687e+01
 -1.71675218e+01 -1.71549436e+01
 -1.66814486e+01 -1.73398353e+01
 -1.61103493e+01 -1.74155042e+01
 -1.54617000e+01 -1.73834415e+01
 -1.47441373e+01 -1.72440390e+01
 -1.39665673e+01 -1.69974829e+01
 -1.31374319e+01 -1.66440714e+01
 -1.22649805e+01 -1.61843766e+01
 -1.13581110e+01 -1.56199004e+01
 -1.04266415e+01 -1.49539763e+01
 -9.48058010e+00 -1.41923446e+01
 -8.52924676e+00 -1.33433677e+01
 -7.58128622e+00 -1.24180861e+01
 -6.64548532e+00 -1.14300441e+01
 -5.73143996e+00 -1.03947193e+01
 -4.84949781e+00 -9.32856569e+00
 -4.01016110e+00 -8.24792274e+00
 -3.22323823e+00 -7.16823685e+00
 -2.49687754e+00 -6.10387187e+00
 -1.83687117e+00 -5.06821622e+00
 -1.24672265e+00 -4.07360389e+00
 -7.28345490e-01 -3.13111878e+00
 -2.82663105e-01 -2.25082647e+00
 9.04089387e-02 -1.44259655e+00
 3.92545189e-01 -7.16765571e-01
 6.27746781e-01 -8.36114076e-02
 8.02612661e-01 4.48258242e-01
 9.25364316e-01 8.72933148e-01
 1.00313384e+00 1.18595639e+00
 1.03834026e+00 1.38104948e+00
 1.02656107e+00 1.44709226e+00
 9.57877047e-01 1.36774288e+00
 8.20829732e-01 1.12391410e+00
 6.06035253e-01 6.96871774e-01
 3.07584272e-01 6.96330382e-02
 -7.71354734e-02 -7.73248261e-01
 -5.47684596e-01 -1.84531009e+00
 -1.10039608e+00 -3.15550062e+00
 -1.72830052e+00 -4.70396668e+00
 -2.42162063e+00 -6.47917547e+00
 -3.16874270e+00 -8.45867579e+00
 -3.95730659e+00 -1.06128664e+01
 -4.77511791e+00 -1.29087911e+01
 -5.61063411e+00 -1.53115898e+01
 -6.45283387e+00 -1.77839430e+01
 -7.29060810e+00 -2.02858752e+01
 -8.11228848e+00 -2.27766995e+01
 -8.90600751e+00 -2.52184623e+01
 -9.66098743e+00 -2.75787572e+01
 -1.03690793e+01 -2.98316914e+01
 -1.10256548e+01 -3.19575077e+01
 -1.16294279e+01 -3.39419282e+01
 -1.21814692e+01 -3.57756202e+01
 -1.26839808e+01 -3.74534978e+01
 -1.31392054e+01 -3.89735662e+01
 -1.35485849e+01 -4.03355291e+01
 -1.39123182e+01 -4.15397860e+01
 -1.42295234e+01 -4.25872810e+01
 -1.44989651e+01 -4.34800956e+01
 -1.47200518e+01 -4.42222748e+01
 -1.48937595e+01 -4.48203515e+01
 -1.50229294e+01 -4.52830923e+01
 -1.51111816e+01 -4.56201228e+01
 -1.51606352e+01 -4.58396767e+01
 -1.51703308e+01 -4.59464718e+01
 -1.51370181e+01 -4.59407193e+01
 -1.50573525e+01 -4.58183680e+01
 -1.49288941e+01 -4.55719261e+01
 -1.47487234e+01 -4.51913901e+01
 -1.45109723e+01 -4.46654675e+01
 -1.42054308e+01 -4.39835207e+01
 -1.38182665e+01 -4.31382408e+01
 -1.33342268e+01 -4.21284061e+01
 -1.27389909e+01 -4.09608028e+01
 -1.20209482e+01 -3.96507351e+01
 -1.11726705e+01 -3.82212042e+01
 -1.01925990e+01 -3.67013177e+01
 -9.08684908e+00 -3.51246213e+01
 -7.87040456e+00 -3.35279178e+01
 -6.56697586e+00 -3.19506171e+01
 -5.20723871e+00 -3.04337271e+01
 -3.82568667e+00 -2.90172601e+01
 -2.45682181e+00 -2.77360683e+01
 -1.13152346e+00 -2.66158477e+01
 1.25857944e-01 -2.56712410e+01
 1.29915345e+00 -2.49063451e+01
 2.38014153e+00 -2.43161877e+01
 3.36650837e+00 -2.38876306e+01
 4.25912249e+00 -2.35997512e+01
 5.05981977e+00 -2.34252637e+01
 5.77019386e+00 -2.33341820e+01
 6.39138547e+00 -2.32987870e+01
 6.92486904e+00 -2.32973195e+01
 7.37447218e+00 -2.33146999e+01
 7.74943916e+00 -2.33410613e+01
 8.06659762e+00 -2.33701286e+01
 8.34851060e+00 -2.33984503e+01
 8.61707009e+00 -2.34249528e+01
 8.88679897e+00 -2.34500712e+01
 9.16295001e+00 -2.34746279e+01
 9.44470268e+00 -2.34991384e+01
 9.72952526e+00 -2.35237439e+01
 1.00155605e+01 -2.35484191e+01
 1.03019561e+01 -2.35731222e+01
 1.05884336e+01 -2.35978328e+01
 1.08749254e+01 -2.36225450e+01
 1.11614192e+01 -2.36472574e+01
 1.14479127e+01 -2.36719698e+01
 1.17344026e+01 -2.36966818e+01
 1.20208637e+01 -2.37213914e+01
 1.23071543e+01 -2.37460863e+01
 1.25926482e+01 -2.37707124e+01
 1.28752175e+01 -2.37950863e+01
 1.31493340e+01 -2.38187311e+01
 1.34041891e+01 -2.38407144e+01
 1.36243936e+01 -2.38597088e+01
 1.37953352e+01 -2.38744539e+01
 1.37953352e+01 -2.38744539e+01
 1.37953352e+01 -2.38744539e+01
 1.37953352e+01 -2.38744539e+01
 1.37953352e+01 -2.38744539e+01
 1.37953352e+01 -2.38744539e+01
 1.37953352e+01 -2.38744539e+01
 1.37953352e+01 -2.38744539e+01
 1.37953352e+01 -2.38744539e+01
 1.37953352e+01 -2.38744539e+01
 1.37953352e+01 -2.38744539e+01
 1.37953352e+01 -2.38744539e+01
 1.37953352e+01 -2.38744539e+01
 1.37953352e+01 -2.38744539e+01
 1.37953352e+01 -2.38744539e+01
 1.37953352e+01 -2.38744539e+01
 1.37953352e+01 -2.38744539e+01
 1.37953352e+01 -2.38744539e+01
 1.37953352e+01 -2.38744539e+01
 1.37953352e+01 -2.38744539e+01
 1.37953352e+01 -2.38744539e+01
 1.37953352e+01 -2.38744539e+01
 1.37953352e+01 -2.38744539e+01
 1.37953352e+01 -2.38744539e+01
 1.37953352e+01 -2.38744539e+01
 1.37953352e+01 -2.38744539e+01
 1.37953352e+01 -2.38744539e+01
 1.37953352e+01 -2.38744539e+01
 1.37953352e+01 -2.38744539e+01
 1.37953352e+01 -2.38744539e+01
 1.37953352e+01 -2.38744539e+01
 1.37953352e+01 -2.38744539e+01
 1.37953352e+01 -2.38744539e+01
 1.37953352e+01 -2.38744539e+01
 1.37953352e+01 -2.38744539e+01
 1.37953352e+01 -2.38744539e+01
 1.37953352e+01 -2.38744539e+01
 1.37953352e+01 -2.38744539e+01
 1.37953352e+01 -2.38744539e+01
 1.37953352e+01 -2.38744539e+01
 1.37953352e+01 -2.38744539e+01
 1.37953352e+01 -2.38744539e+01
 1.37953352e+01 -2.38744539e+01
 1.37953352e+01 -2.38744539e+01
 1.37953352e+01 -2.38744539e+01
 1.37953352e+01 -2.38744539e+01
 1.37953352e+01 -2.38744539e+01
