 0.00000000e+00 0.00000000e+00
 0.00000000e+00 0.00000000e+00
 0.00000000e+00 0.00000000e+00
 0.00000000e+00 0.00000000e+00
 1.97439704e-02 6.68365856e-02
 2.22170032e-02 1.52614671e-01
 -4.71881704e-03 2.52989235e-01
 -6.73477034e-02 3.64686927e-01
 -1.66102919e-01 4.86896642e-01
 -2.99001226e-01 6.20445115e-01
 -4.65066697e-01 7.66289089e-01
 -6.65784757e-01 9.24572262e-01
 -9.05002521e-01 1.09433846e+00
 -1.18835265e+00 1.27350336e+00
 -1.52259437e+00 1.45885751e+00
 -1.91493310e+00 1.64603900e+00
 -2.37259935e+00 1.82932308e+00
 -2.90276849e+00 2.00107766e+00
 -3.51242747e+00 2.15109083e+00
 -4.20792305e+00 2.26623464e+00
 -4.99440442e+00 2.33051791e+00
 -5.87544794e+00 2.32503628e+00
 -6.85287807e+00 2.22787036e+00
 -7.92652625e+00 2.01513562e+00
 -9.09359094e+00 1.66403980e+00
 -1.03475407e+01 1.15695966e+00
 -1.16769246e+01 4.84666822e-01
 -1.30645871e+01 -3.52318857e-01
 -1.44876228e+01 -1.34414148e+00
 -1.59182045e+01 -2.47308384e+00
 -1.73252212e+01 -3.71528626e+00
 -1.86764255e+01 -5.04231390e+00
 -1.99406641e+01 -6.42286043e+00
 -2.10898992e+01 -7.82506585e+00
 -2.21009445e+01 -9.21922795e+00
 -2.29568797e+01 -1.05797737e+01
 -2.36480350e+01 -1.18855104e+01
 -2.41723798e+01 -1.31185767e+01
 -2.45350143e+01 -1.42635665e+01
 -2.47464679e+01 -1.53077085e+01
 -2.48201833e+01 -1.62416050e+01
 -2.47705049e+01 -1.70595305e+01
 -2.46121174e+01 -1.77588697e+01
 -2.43600996e+01 -1.83389869e+01
 -2.40290560e+01 -1.88000192e+01
 -2.36313381e+01 -1.91418383e+01
 -2.31757100e+01 -1.93631082e+01
 -2.26671116e+01 -1.94603347e+01
 -2.21069005e+01 -1.94271360e+01
 -2.14930203e+01 -1.92543226e+01
 -2.08205615e+01 -1.89311310e+01
 -2.00833719e+01 -1.84472872e+01
 -1.92763405e+01 -1.77953924e+01
 -1.83973388e+01 -1.69734021e+01
 -1.74484151e+01 -1.59868469e+01
 -1.64366077e+01 -1.48500010e+01
 -1.53746713e+01 -1.35853412e+01
 -1.42813458e+01 -1.22214471e+01
 -1.31803766e+01 -1.07903030e+01
 -1.20980153e+01 -9.32534028e+00
 -1.10599823e+01 -7.86113689e+00
 -1.00894335e+01 -6.43411892e+00
 -9.20640591e+00 -5.08208100e+00
 -8.42755706e+00 -3.84108123e+00
 -7.76480824e+00 -2.74096849e+00
 -7.22325786e+00 -1.80242594e+00
 -6.80037140e+00 -1.03724599e+00
 -6.48773372e+00 -4.50974290e-01
 -6.27441221e+00 -4.57348908e-02
 -6.15003023e+00 1.77714426e-01
 -6.10670669e+00 2.17753505e-01
 -6.14016604e+00 6.90247887e-02
 -6.25030638e+00 -2.79464900e-01
 -6.44105920e+00 -8.43643608e-01
 -6.71933178e+00 -1.64176492e+00
 -7.09311389e+00 -2.69136078e+00
 -7.56915089e+00 -4.00555661e+00
 -8.15075962e+00 -5.58810592e+00
 -8.83632696e+00 -7.42885470e+00
 -9.61887095e+00 -9.50297886e+00
 -1.04867936e+01 -1.17752486e+01
 -1.14256110e+01 -1.42067604e+01
 -1.24201358e+01 -1.67600544e+01
 -1.34563956e+01 -1.94004679e+01
 -1.45224804e+01 -2.20947329e+01
 -1.56077425e+01 -2.48093755e+01
 -1.67007471e+01 -2.75105784e+01
 -1.77875916e+01 -3.01652600e+01
 -1.88520405e+01 -3.27421464e+01
 -1.98770369e+01 -3.52121073e+01
 -2.08458836e+01 -3.75480654e+01
 -2.17424649e+01 -3.97252689e+01
 -2.25516078e+01 -4.17223635e+01
 -2.32606987e+01 -4.35229909e+01
 -2.38621662e+01 -4.51171122e+01
 -2.43552160e+01 -4.65012870e+01
 -2.47455269e+01 -4.76778621e+01
 -2.50433079e+01 -4.86537361e+01
 -2.52613715e+01 -4.94391734e+01
 -2.54139321e+01 -5.00464043e+01
 -2.55150624e+01 -5.04875386e+01
 -2.55761090e+01 -5.07719573e+01
 -2.56034824e+01 -5.09042262e+01
 -2.55985737e+01 -5.08837698e+01
 -2.55595516e+01 -5.07064714e+01
 -2.54833198e+01 -5.03669341e+01
 -2.53663161e+01 -4.98600709e+01
 -2.52040569e+01 -4.91821402e+01
 -2.49902887e+01 -4.83324117e+01
 -2.47168004e+01 -4.73159062e+01
 -2.43744440e+01 -4.61459742e+01
 -2.39549913e+01 -4.48448844e+01
 -2.34525432e+01 -4.34418517e+01
 -2.28634181e+01 -4.19697035e+01
 -2.21851121e+01 -4.04618935e+01
 -2.14161503e+01 -3.89507056e+01
 -2.05575932e+01 -3.74664936e+01
 -1.96149334e+01 -3.60373982e+01
 -1.85986461e+01 -3.46889536e+01
 -1.75229336e+01 -3.34431383e+01
 -1.64034806e+01 -3.23168309e+01
 -1.52553327e+01 -3.13202295e+01
 -1.40915481e+01 -3.04560642e+01
 -1.29225579e+01 -2.97199302e+01
 -1.17558198e+01 -2.91012520e+01
 -1.05958404e+01 -2.85843042e+01
 -9.44533020e+00 -2.81494533e+01
 -8.30782898e+00 -2.77752003e+01
 -7.19070748e+00 -2.74408724e+01
 -6.10676426e+00 -2.71287637e+01
 -5.07368229e+00 -2.68246575e+01
 -4.11218817e+00 -2.65169507e+01
 -3.24399851e+00 -2.61955892e+01
 -2.48941731e+00 -2.58518600e+01
 -1.86346700e+00 -2.54793902e+01
 -1.37016103e+00 -2.50762083e+01
 -9.96898997e-01 -2.46470587e+01
 -7.13444690e-01 -2.42038635e+01
 -4.79357106e-01 -2.37621423e+01
 -2.57785431e-01 -2.33343924e+01
 -2.68005108e-02 -2.29251647e+01
 2.19213412e-01 -2.25315285e+01
 4.76480848e-01 -2.21474630e+01
 7.39516860e-01 -2.17678616e+01
 1.00474361e+00 -2.13898678e+01
 1.27060422e+00 -2.10123243e+01
 1.53660624e+00 -2.06348790e+01
 1.80263273e+00 -2.02574505e+01
 2.06866249e+00 -1.98800243e+01
 2.33469222e+00 -1.95025989e+01
 2.60071848e+00 -1.91251784e+01
 2.86671811e+00 -1.87477957e+01
 3.13255935e+00 -1.83706377e+01
 3.39766085e+00 -1.79945293e+01
 3.66004663e+00 -1.76222737e+01
 3.91458339e+00 -1.72611537e+01
 4.15123452e+00 -1.69254087e+01
 4.35571020e+00 -1.66353122e+01
 4.51444163e+00 -1.64101145e+01
 4.51444163e+00 -1.64101145e+01
 4.51444163e+00 -1.64101145e+01
 4.51444163e+00 -1.64101145e+01
 4.51444163e+00 -1.64101145e+01
 4.51444163e+00 -1.64101145e+01
 4.51444163e+00 -1.64101145e+01
 4.51444163e+00 -1.64101145e+01
 4.51444163e+00 -1.64101145e+01
 4.51444163e+00 -1.64101145e+01
 4.51444163e+00 -1.64101145e+01
 4.51444163e+00 -1.64101145e+01
 4.51444163e+00 -1.64101145e+01
 4.51444163e+00 -1.64101145e+01
 4.51444163e+00 -1.64101145e+01
 4.51444163e+00 -1.64101145e+01
 4.51444163e+00 -1.64101145e+01
 4.51444163e+00 -1.64101145e+01
 4.51444163e+00 -1.64101145e+01
 4.51444163e+00 -1.64101145e+01
 4.51444163e+00 -1.64101145e+01
 4.51444163e+00 -1.64101145e+01
 4.51444163e+00 -1.64101145e+01
 4.51444163e+00 -1.64101145e+01
 4.51444163e+00 -1.64101145e+01
 4.51444163e+00 -1.64101145e+01
 4.51444163e+00 -1.64101145e+01
 4.51444163e+00 -1.64101145e+01
 4.51444163e+00 -1.64101145e+01
 4.51444163e+00 -1.64101145e+01
 4.51444163e+00 -1.64101145e+01
 4.51444163e+00 -1.64101145e+01
 4.51444163e+00 -1.64101145e+01
 4.51444163e+00 -1.64101145e+01
 4.51444163e+00 -1.64101145e+01
 4.51444163e+00 -1.64101145e+01
 4.51444163e+00 -1.64101145e+01
 4.51444163e+00 -1.64101145e+01
 4.51444163e+00 -1.64101145e+01
 4.51444163e+00 -1.64101145e+01
 4.51444163e+00 -1.64101145e+01
 4.51444163e+00 -1.64101145e+01
 4.51444163e+00 -1.64101145e+01
 4.51444163e+00 -1.64101145e+01
 4.51444163e+00 -1.64101145e+01
 4.51444163e+00 -1.64101145e+01
 4.51444163e+00 -1.64101145e+01
