 0.00000000e+00 0.00000000e+00
 0.00000000e+00 0.00000000e+00
 0.00000000e+00 0.00000000e+00
 0.00000000e+00 0.00000000e+00
 0.00000000e+00 0.00000000e+00
 -8.88565289e-04 1.23446140e-01
 -2.62991951e-02 2.80604789e-01
 -8.90023291e-02 4.60042610e-01
 -1.95074938e-01 6.50787653e-01
 -3.43458273e-01 8.46611067e-01
 -5.29955176e-01 1.04604230e+00
 -7.51484702e-01 1.24975058e+00
 -1.00760376e+00 1.45786966e+00
 -1.29971716e+00 1.66856803e+00
 -1.62979436e+00 1.87781825e+00
 -1.99969229e+00 2.07979135e+00
 -2.41127878e+00 2.26731725e+00
 -2.86711139e+00 2.43201520e+00
 -3.37120474e+00 2.56393442e+00
 -3.92941168e+00 2.65090091e+00
 -4.54920778e+00 2.67815476e+00
 -5.23893260e+00 2.62893200e+00
 -6.00655546e+00 2.48609569e+00
 -6.85801226e+00 2.23413836e+00
 -7.79535913e+00 1.86068911e+00
 -8.81523874e+00 1.35722038e+00
 -9.90817077e+00 7.19278143e-01
 -1.10588998e+01 -5.33112086e-02
 -1.22476269e+01 -9.56173283e-01
 -1.34517317e+01 -1.98049761e+00
 -1.46476580e+01 -3.11401813e+00
 -1.58126482e+01 -4.34251801e+00
 -1.69258985e+01 -5.65057298e+00
 -1.79688525e+01 -7.02058185e+00
 -1.89248080e+01 -8.43072732e+00
 -1.97783483e+01 -9.85365349e+00
 -2.05151847e+01 -1.12571708e+01
 -2.11227797e+01 -1.26068894e+01
 -2.15914830e+01 -1.38695691e+01
 -2.19153650e+01 -1.50157423e+01
 -2.20921821e+01 -1.60209579e+01
 -2.21226136e+01 -1.68661814e+01
 -2.20092818e+01 -1.75380235e+01
 -2.17559059e+01 -1.80284977e+01
 -2.13664982e+01 -1.83336986e+01
 -2.08443445e+01 -1.84518067e+01
 -2.01911549e+01 -1.83815869e+01
 -1.94073330e+01 -1.81221292e+01
 -1.84935662e+01 -1.76737856e+01
 -1.74527332e+01 -1.70397871e+01
 -1.62912017e+01 -1.62277580e+01
 -1.50196150e+01 -1.52503243e+01
 -1.36535703e+01 -1.41244087e+01
 -1.22140071e+01 -1.28694986e+01
 -1.07267140e+01 -1.15059373e+01
 -9.22064065e+00 -1.00544510e+01
 -7.72542144e+00 -8.53681863e+00
 -6.26896976e+00 -6.97600995e+00
 -4.87557622e+00 -5.39479565e+00
 -3.56436111e+00 -3.81428047e+00
 -2.34829712e+00 -2.25456375e+00
 -1.23465581e+00 -7.37520957e-01
 -2.27134608e-01 7.10874566e-01
 6.71536713e-01 2.06130461e+00
 1.45814912e+00 3.28494591e+00
 2.12904989e+00 4.35767315e+00
 2.68040345e+00 5.26149103e+00
 3.10750183e+00 5.98221166e+00
 3.40361038e+00 6.50535109e+00
 3.55996959e+00 6.81371117e+00
 3.56768869e+00 6.88879757e+00
 3.42046555e+00 6.71491728e+00
 3.11649956e+00 6.28244325e+00
 2.65895767e+00 5.58792128e+00
 2.05557450e+00 4.63243915e+00
 1.31843051e+00 3.42180553e+00
 4.64437215e-01 1.96989251e+00
 -4.84067774e-01 3.02196095e-01
 -1.49983484e+00 -1.54476089e+00
 -2.55290872e+00 -3.52916417e+00
 -3.61394965e+00 -5.61126568e+00
 -4.65754742e+00 -7.75806265e+00
 -5.66464170e+00 -9.94400860e+00
 -6.62367430e+00 -1.21495577e+01
 -7.53045999e+00 -1.43598700e+01
 -8.38697193e+00 -1.65643330e+01
 -9.19959469e+00 -1.87558813e+01
 -9.97764279e+00 -2.09292417e+01
 -1.07323722e+01 -2.30786144e+01
 -1.14756825e+01 -2.51958296e+01
 -1.22175318e+01 -2.72693162e+01
 -1.29622974e+01 -2.92837870e+01
 -1.37060070e+01 -3.12207711e+01
 -1.44367389e+01 -3.30600185e+01
 -1.51383622e+01 -3.47812942e+01
 -1.57949007e+01 -3.63659519e+01
 -1.63927026e+01 -3.77980770e+01
 -1.69205634e+01 -3.90655166e+01
 -1.73700913e+01 -4.01612390e+01
 -1.77373930e+01 -4.10848300e+01
 -1.80247392e+01 -4.18431184e+01
 -1.82404004e+01 -4.24491303e+01
 -1.83965003e+01 -4.29197508e+01
 -1.85061443e+01 -4.32731971e+01
 -1.85809132e+01 -4.35269932e+01
 -1.86291641e+01 -4.36962912e+01
 -1.86553188e+01 -4.37917837e+01
 -1.86598699e+01 -4.38166135e+01
 -1.86394611e+01 -4.37632848e+01
 -1.85869702e+01 -4.36133106e+01
 -1.84919350e+01 -4.33409720e+01
 -1.83410214e+01 -4.29187596e+01
 -1.81179964e+01 -4.23211693e+01
 -1.78035711e+01 -4.15268244e+01
 -1.73761619e+01 -4.05212189e+01
 -1.68143546e+01 -3.93009755e+01
 -1.61011097e+01 -3.78781880e+01
 -1.52287085e+01 -3.62826362e+01
 -1.42025108e+01 -3.45603729e+01
 -1.30419056e+01 -3.27688276e+01
 -1.17784934e+01 -3.09702437e+01
 -1.04527304e+01 -2.92255629e+01
 -9.10980966e+00 -2.75896001e+01
 -7.79479504e+00 -2.61069644e+01
 -6.54731421e+00 -2.48082377e+01
 -5.39677305e+00 -2.37072624e+01
 -4.35926050e+00 -2.28011051e+01
 -3.43718089e+00 -2.20732116e+01
 -2.62195762e+00 -2.14985870e+01
 -1.89879081e+00 -2.10491848e+01
 -1.25153469e+00 -2.06982112e+01
 -6.66172629e-01 -2.04227466e+01
 -1.32460135e-01 -2.02044211e+01
 3.56035018e-01 -2.00284143e+01
 8.03267082e-01 -1.98820335e+01
 1.21307775e+00 -1.97543842e+01
 1.59144520e+00 -1.96372722e+01
 1.94694094e+00 -1.95258935e+01
 2.28887834e+00 -1.94181515e+01
 2.62470607e+00 -1.93131413e+01
 2.95872034e+00 -1.92100920e+01
 3.29259368e+00 -1.91082000e+01
 3.62665472e+00 -1.90068436e+01
 3.96083927e+00 -1.89056795e+01
 4.29506858e+00 -1.88045693e+01
 4.62930916e+00 -1.87034708e+01
 4.96355185e+00 -1.86023742e+01
 5.29779479e+00 -1.85012780e+01
 5.63203731e+00 -1.84001819e+01
 5.96627543e+00 -1.82990871e+01
 6.30048010e+00 -1.81980024e+01
 6.63448576e+00 -1.80969780e+01
 6.96756200e+00 -1.79962346e+01
 7.29722619e+00 -1.78965233e+01
 7.61702879e+00 -1.77997948e+01
 7.91435969e+00 -1.77098631e+01
 8.17126503e+00 -1.76321586e+01
 8.37069682e+00 -1.75718378e+01
 8.37069682e+00 -1.75718378e+01
 8.37069682e+00 -1.75718378e+01
 8.37069682e+00 -1.75718378e+01
 8.37069682e+00 -1.75718378e+01
 8.37069682e+00 -1.75718378e+01
 8.37069682e+00 -1.75718378e+01
 8.37069682e+00 -1.75718378e+01
 8.37069682e+00 -1.75718378e+01
 8.37069682e+00 -1.75718378e+01
 8.37069682e+00 -1.75718378e+01
 8.37069682e+00 -1.75718378e+01
 8.37069682e+00 -1.75718378e+01
 8.37069682e+00 -1.75718378e+01
 8.37069682e+00 -1.75718378e+01
 8.37069682e+00 -1.75718378e+01
 8.37069682e+00 -1.75718378e+01
 8.37069682e+00 -1.75718378e+01
 8.37069682e+00 -1.75718378e+01
 8.37069682e+00 -1.75718378e+01
 8.37069682e+00 -1.75718378e+01
 8.37069682e+00 -1.75718378e+01
 8.37069682e+00 -1.75718378e+01
 8.37069682e+00 -1.75718378e+01
 8.37069682e+00 -1.75718378e+01
 8.37069682e+00 -1.75718378e+01
 8.37069682e+00 -1.75718378e+01
 8.37069682e+00 -1.75718378e+01
 8.37069682e+00 -1.75718378e+01
 8.37069682e+00 -1.75718378e+01
 8.37069682e+00 -1.75718378e+01
 8.37069682e+00 -1.75718378e+01
 8.37069682e+00 -1.75718378e+01
 8.37069682e+00 -1.75718378e+01
 8.37069682e+00 -1.75718378e+01
 8.37069682e+00 -1.75718378e+01
 8.37069682e+00 -1.75718378e+01
 8.37069682e+00 -1.75718378e+01
 8.37069682e+00 -1.75718378e+01
 8.37069682e+00 -1.75718378e+01
 8.37069682e+00 -1.75718378e+01
 8.37069682e+00 -1.75718378e+01
 8.37069682e+00 -1.75718378e+01
 8.37069682e+00 -1.75718378e+01
 8.37069682e+00 -1.75718378e+01
 8.37069682e+00 -1.75718378e+01
 8.37069682e+00 -1.75718378e+01
 8.37069682e+00 -1.75718378e+01
