 0.00000000e+00 0.00000000e+00
 0.00000000e+00 0.00000000e+00
 0.00000000e+00 0.00000000e+00
 0.00000000e+00 0.00000000e+00
 5.35588109e-02 1.30394847e-01
 8.26333829e-02 2.94430507e-01
 6.10410974e-02 4.77758522e-01
 -2.69325079e-02 6.65423150e-01
 -1.83244761e-01 8.46635809e-01
 -4.01077251e-01 1.01568538e+00
 -6.71759332e-01 1.17015737e+00
 -9.88534756e-01 1.30851206e+00
 -1.34700737e+00 1.42859156e+00
 -1.74450778e+00 1.52769282e+00
 -2.17969715e+00 1.60374870e+00
 -2.65245276e+00 1.65654620e+00
 -3.16401963e+00 1.68794523e+00
 -3.71741165e+00 1.70045330e+00
 -4.31753469e+00 1.69449791e+00
 -4.97066697e+00 1.66609361e+00
 -5.68379513e+00 1.60665998e+00
 -6.46433235e+00 1.50473999e+00
 -7.31990537e+00 1.34758199e+00
 -8.25764764e+00 1.12146112e+00
 -9.28296722e+00 8.11840745e-01
 -1.03980873e+01 4.04824034e-01
 -1.16006069e+01 -1.10208077e-01
 -1.28823570e+01 -7.38023030e-01
 -1.42289025e+01 -1.47626394e+00
 -1.56199377e+01 -2.31611644e+00
 -1.70305661e+01 -3.24460950e+00
 -1.84331409e+01 -4.24739161e+00
 -1.97991099e+01 -5.31068249e+00
 -2.11005693e+01 -6.42169955e+00
 -2.23117992e+01 -7.56788300e+00
 -2.34110649e+01 -8.73608575e+00
 -2.43822081e+01 -9.91268039e+00
 -2.52150975e+01 -1.10843484e+01
 -2.59046899e+01 -1.22385010e+01
 -2.64495790e+01 -1.33627591e+01
 -2.68510869e+01 -1.44441035e+01
 -2.71129458e+01 -1.54689055e+01
 -2.72408172e+01 -1.64243281e+01
 -2.72412756e+01 -1.73001624e+01
 -2.71205769e+01 -1.80895348e+01
 -2.68835288e+01 -1.87877931e+01
 -2.65325961e+01 -1.93903443e+01
 -2.60675583e+01 -1.98909258e+01
 -2.54860440e+01 -2.02813538e+01
 -2.47847151e+01 -2.05526581e+01
 -2.39605465e+01 -2.06965843e+01
 -2.30120233e+01 -2.07064304e+01
 -2.19404924e+01 -2.05771254e+01
 -2.07517253e+01 -2.03054537e+01
 -1.94572588e+01 -1.98911857e+01
 -1.80749231e+01 -1.93386366e+01
 -1.66283420e+01 -1.86573453e+01
 -1.51456778e+01 -1.78611556e+01
 -1.36579596e+01 -1.69662946e+01
 -1.21971504e+01 -1.59897824e+01
 -1.07941205e+01 -1.49489659e+01
 -9.47668788e+00 -1.38615685e+01
 -8.26770107e+00 -1.27448901e+01
 -7.18327804e+00 -1.16138145e+01
 -6.23181840e+00 -1.04790892e+01
 -5.41444083e+00 -9.34755988e+00
 -4.72671969e+00 -8.22425350e+00
 -4.16078856e+00 -7.11461182e+00
 -3.70692839e+00 -6.02557083e+00
 -3.35450453e+00 -4.96574641e+00
 -3.09260827e+00 -3.94573708e+00
 -2.91056721e+00 -2.97869094e+00
 -2.79830742e+00 -2.08011348e+00
 -2.74674794e+00 -1.26614477e+00
 -2.74809063e+00 -5.50896050e-01
 -2.79519361e+00 5.58429359e-02
 -2.88013159e+00 5.49664784e-01
 -2.99393665e+00 9.31097045e-01
 -3.12885510e+00 1.20346333e+00
 -3.28147540e+00 1.36921941e+00
 -3.45411056e+00 1.42610309e+00
 -3.65388857e+00 1.36517594e+00
 -3.89083661e+00 1.17162465e+00
 -4.17598417e+00 8.27091271e-01
 -4.51949345e+00 3.11879552e-01
 -4.92868895e+00 -3.93161957e-01
 -5.40648023e+00 -1.30420689e+00
 -5.95083425e+00 -2.43105667e+00
 -6.55530665e+00 -3.77356334e+00
 -7.21013529e+00 -5.31960937e+00
 -7.90355576e+00 -7.04622543e+00
 -8.62320259e+00 -8.92364974e+00
 -9.35735748e+00 -1.09201559e+01
 -1.00958801e+01 -1.30053426e+01
 -1.08309785e+01 -1.51511923e+01
 -1.15579143e+01 -1.73318939e+01
 -1.22753011e+01 -1.95239483e+01
 -1.29846487e+01 -2.17071392e+01
 -1.36893771e+01 -2.38655468e+01
 -1.43939128e+01 -2.59875574e+01
 -1.51032295e+01 -2.80649012e+01
 -1.58225983e+01 -3.00915121e+01
 -1.65569304e+01 -3.20626618e+01
 -1.73092882e+01 -3.39741849e+01
 -1.80787108e+01 -3.58212238e+01
 -1.88579469e+01 -3.75959285e+01
 -1.96320567e+01 -3.92844627e+01
 -2.03791585e+01 -4.08651736e+01
 -2.10739503e+01 -4.23100515e+01
 -2.16926963e+01 -4.35896292e+01
 -2.22171072e+01 -4.46788155e+01
 -2.26359247e+01 -4.55603543e+01
 -2.29454857e+01 -4.62245691e+01
 -2.31505029e+01 -4.66670827e+01
 -2.32636862e+01 -4.68873821e+01
 -2.33021484e+01 -4.68891703e+01
 -2.32816915e+01 -4.66805036e+01
 -2.32124995e+01 -4.62713993e+01
 -2.30978407e+01 -4.56698191e+01
 -2.29344535e+01 -4.48798144e+01
 -2.27133511e+01 -4.39042223e+01
 -2.24212849e+01 -4.27500891e+01
 -2.20432220e+01 -4.14328701e+01
 -2.15652807e+01 -3.99771280e+01
 -2.09772498e+01 -3.84142347e+01
 -2.02742974e+01 -3.67788654e+01
 -1.94580313e+01 -3.51058443e+01
 -1.85371344e+01 -3.34281133e+01
 -1.75273798e+01 -3.17757891e+01
 -1.64505847e+01 -3.01758518e+01
 -1.53325133e+01 -2.86520136e+01
 -1.42003498e+01 -2.72244901e+01
 -1.30803814e+01 -2.59096688e+01
 -1.19961834e+01 -2.47198871e+01
 -1.09673621e+01 -2.36634197e+01
 -1.00088082e+01 -2.27444059e+01
 -9.13041891e+00 -2.19624330e+01
 -8.33734673e+00 -2.13120265e+01
 -7.63073274e+00 -2.07826896e+01
 -7.00857514e+00 -2.03597933e+01
 -6.46629060e+00 -2.00260457e+01
 -5.99696329e+00 -1.97631003e+01
 -5.59186345e+00 -1.95529872e+01
 -5.24169499e+00 -1.93791041e+01
 -4.93806752e+00 -1.92266823e+01
 -4.67410450e+00 -1.90831193e+01
 -4.44380467e+00 -1.89388634e+01
 -4.24091374e+00 -1.87889161e+01
 -4.05838284e+00 -1.86337340e+01
 -3.88891281e+00 -1.84779006e+01
 -3.72621241e+00 -1.83266418e+01
 -3.56603517e+00 -1.81825832e+01
 -3.40628895e+00 -1.80450636e+01
 -3.24634136e+00 -1.79117407e+01
 -3.08618370e+00 -1.77804327e+01
 -2.92592548e+00 -1.76498651e+01
 -2.76563466e+00 -1.75195077e+01
 -2.60533606e+00 -1.73891967e+01
 -2.44503605e+00 -1.72588937e+01
 -2.28473587e+00 -1.71285918e+01
 -2.12443588e+00 -1.69982901e+01
 -1.96413801e+00 -1.68679902e+01
 -1.80385618e+00 -1.67377033e+01
 -1.64366979e+00 -1.66074940e+01
 -1.48392915e+00 -1.64776470e+01
 -1.32582489e+00 -1.63491302e+01
 -1.17245018e+00 -1.62244579e+01
 -1.02985270e+00 -1.61085459e+01
 -9.06642996e-01 -1.60083935e+01
 -8.10997138e-01 -1.59306467e+01
 -8.10997138e-01 -1.59306467e+01
 -8.10997138e-01 -1.59306467e+01
 -8.10997138e-01 -1.59306467e+01
 -8.10997138e-01 -1.59306467e+01
 -8.10997138e-01 -1.59306467e+01
 -8.10997138e-01 -1.59306467e+01
 -8.10997138e-01 -1.59306467e+01
 -8.10997138e-01 -1.59306467e+01
 -8.10997138e-01 -1.59306467e+01
 -8.10997138e-01 -1.59306467e+01
 -8.10997138e-01 -1.59306467e+01
 -8.10997138e-01 -1.59306467e+01
 -8.10997138e-01 -1.59306467e+01
 -8.10997138e-01 -1.59306467e+01
 -8.10997138e-01 -1.59306467e+01
 -8.10997138e-01 -1.59306467e+01
 -8.10997138e-01 -1.59306467e+01
 -8.10997138e-01 -1.59306467e+01
 -8.10997138e-01 -1.59306467e+01
 -8.10997138e-01 -1.59306467e+01
 -8.10997138e-01 -1.59306467e+01
 -8.10997138e-01 -1.59306467e+01
 -8.10997138e-01 -1.59306467e+01
 -8.10997138e-01 -1.59306467e+01
 -8.10997138e-01 -1.59306467e+01
 -8.10997138e-01 -1.59306467e+01
 -8.10997138e-01 -1.59306467e+01
 -8.10997138e-01 -1.59306467e+01
 -8.10997138e-01 -1.59306467e+01
 -8.10997138e-01 -1.59306467e+01
 -8.10997138e-01 -1.59306467e+01
 -8.10997138e-01 -1.59306467e+01
 -8.10997138e-01 -1.59306467e+01
 -8.10997138e-01 -1.59306467e+01
 -8.10997138e-01 -1.59306467e+01
