 0.00000000e+00 0.00000000e+00
 0.00000000e+00 0.00000000e+00
 0.00000000e+00 0.00000000e+00
 0.00000000e+00 0.00000000e+00
 1.78654259e-01 2.16716962e-01
 3.65332458e-01 4.88416113e-01
 5.17642541e-01 7.89295146e-01
 6.01221537e-01 1.09157534e+00
 6.01122101e-01 1.37370951e+00
 5.21911773e-01 1.62226932e+00
 3.79309174e-01 1.82978075e+00
 1.89311872e-01 1.99163578e+00
 -3.95691682e-02 2.10344742e+00
 -3.08401644e-01 2.15923084e+00
 -6.25667748e-01 2.15083849e+00
 -1.00393092e+00 2.06906212e+00
 -1.45730167e+00 1.90593470e+00
 -2.00010792e+00 1.65650449e+00
 -2.64640567e+00 1.31856530e+00
 -3.40955116e+00 8.90799703e-01
 -4.30110437e+00 3.71129492e-01
 -5.32919543e+00 -2.43640359e-01
 -6.49717430e+00 -9.57184691e-01
 -7.80288631e+00 -1.77281667e+00
 -9.23801231e+00 -2.69279669e+00
 -1.07868205e+01 -3.71754598e+00
 -1.24244639e+01 -4.84432786e+00
 -1.41158186e+01 -6.06539917e+00
 -1.58160588e+01 -7.36632401e+00
 -1.74735160e+01 -8.72526011e+00
 -1.90343197e+01 -1.01135580e+01
 -2.04477345e+01 -1.14977237e+01
 -2.16713092e+01 -1.28426198e+01
 -2.26751913e+01 -1.41152271e+01
 -2.34448041e+01 -1.52878492e+01
 -2.39810709e+01 -1.63399574e+01
 -2.42978241e+01 -1.72586156e+01
 -2.44169175e+01 -1.80380527e+01
 -2.43628125e+01 -1.86789924e+01
 -2.41586787e+01 -1.91876684e+01
 -2.38243558e+01 -1.95739516e+01
 -2.33751177e+01 -1.98485925e+01
 -2.28210411e+01 -2.00205318e+01
 -2.21677658e+01 -2.00953876e+01
 -2.14186444e+01 -2.00755591e+01
 -2.05771939e+01 -1.99614095e+01
 -1.96487966e+01 -1.97523138e+01
 -1.86411618e+01 -1.94467078e+01
 -1.75635556e+01 -1.90413961e+01
 -1.64252917e+01 -1.85311825e+01
 -1.52343848e+01 -1.79098580e+01
 -1.39971863e+01 -1.71727497e+01
 -1.27190884e+01 -1.63196689e+01
 -1.14056375e+01 -1.53564109e+01
 -1.00634608e+01 -1.42940892e+01
 -8.70100990e+00 -1.31475261e+01
 -7.32934897e+00 -1.19343836e+01
 -5.96288140e+00 -1.06751481e+01
 -4.61955120e+00 -9.39256155e+00
 -3.32007120e+00 -8.10961877e+00
 -2.08613104e+00 -6.84721766e+00
 -9.38128898e-01 -5.62340529e+00
 1.06651788e-01 -4.45465569e+00
 1.03487800e+00 -3.35757439e+00
 1.83746229e+00 -2.34926185e+00
 2.51013727e+00 -1.44601800e+00
 3.05423511e+00 -6.61243151e-01
 3.47670904e+00 -3.56175323e-03
 3.78893874e+00 5.24131225e-01
 4.00502439e+00 9.24392099e-01
 4.14017347e+00 1.20369736e+00
 4.20832488e+00 1.36960834e+00
 4.21806600e+00 1.42651452e+00
 4.16869444e+00 1.37083791e+00
 4.05019958e+00 1.18831766e+00
 3.84781248e+00 8.55587455e-01
 3.54700297e+00 3.44928492e-01
 3.13522300e+00 -3.71099902e-01
 2.60145598e+00 -1.31665080e+00
 1.93677977e+00 -2.50993242e+00
 1.13673878e+00 -3.95977074e+00
 2.03659908e-01 -5.66256649e+00
 -8.52922002e-01 -7.60192516e+00
 -2.01784122e+00 -9.75174857e+00
 -3.27259497e+00 -1.20811035e+01
 -4.59711831e+00 -1.45581598e+01
 -5.97094606e+00 -1.71517876e+01
 -7.37436732e+00 -1.98314955e+01
 -8.78966640e+00 -2.25671654e+01
 -1.02018177e+01 -2.53292531e+01
 -1.15981479e+01 -2.80891496e+01
 -1.29672960e+01 -3.08192665e+01
 -1.42983718e+01 -3.34930142e+01
 -1.55808578e+01 -3.60852696e+01
 -1.68048829e+01 -3.85734540e+01
 -1.79611876e+01 -4.09385517e+01
 -1.90408197e+01 -4.31654006e+01
 -2.00352485e+01 -4.52423643e+01
 -2.09372270e+01 -4.71608439e+01
 -2.17418851e+01 -4.89145828e+01
 -2.24472834e+01 -5.04984150e+01
 -2.30541790e+01 -5.19068185e+01
 -2.35654188e+01 -5.31333398e+01
 -2.39855578e+01 -5.41712808e+01
 -2.43209043e+01 -5.50146015e+01
 -2.45797197e+01 -5.56577385e+01
 -2.47721135e+01 -5.60944414e+01
 -2.49088986e+01 -5.63170379e+01
 -2.49986845e+01 -5.63171956e+01
 -2.50439940e+01 -5.60878389e+01
 -2.50390470e+01 -5.56250752e+01
 -2.49709246e+01 -5.49294419e+01
 -2.48226724e+01 -5.40068955e+01
 -2.45758340e+01 -5.28705230e+01
 -2.42120725e+01 -5.15431049e+01
 -2.37153906e+01 -5.00589910e+01
 -2.30756083e+01 -4.84631552e+01
 -2.22917826e+01 -4.68068268e+01
 -2.13737191e+01 -4.51415024e+01
 -2.03409907e+01 -4.35140403e+01
 -1.92203527e+01 -4.19640736e+01
 -1.80427338e+01 -4.05229478e+01
 -1.68403276e+01 -3.92129790e+01
 -1.56438710e+01 -3.80468224e+01
 -1.44804165e+01 -3.70274734e+01
 -1.33720046e+01 -3.61494050e+01
 -1.23351937e+01 -3.54009227e+01
 -1.13811460e+01 -3.47671341e+01
 -1.05162715e+01 -3.42323890e+01
 -9.74353443e+00 -3.37813455e+01
 -9.06402148e+00 -3.33986973e+01
 -8.47803595e+00 -3.30682294e+01
 -7.98540575e+00 -3.27720090e+01
 -7.58531520e+00 -3.24904212e+01
 -7.27594012e+00 -3.22033826e+01
 -7.05376647e+00 -3.18923145e+01
 -6.91285120e+00 -3.15418920e+01
 -6.84508922e+00 -3.11408068e+01
 -6.84168867e+00 -3.06818177e+01
 -6.89390874e+00 -3.01624179e+01
 -6.99151691e+00 -2.95870661e+01
 -7.12089958e+00 -2.89695740e+01
 -7.26614769e+00 -2.83321268e+01
 -7.41321570e+00 -2.76988449e+01
 -7.55376676e+00 -2.70868046e+01
 -7.68578544e+00 -2.65009192e+01
 -7.81120244e+00 -2.59361466e+01
 -7.93290170e+00 -2.53839684e+01
 -8.05299505e+00 -2.48375441e+01
 -8.17254674e+00 -2.42931602e+01
 -8.29195483e+00 -2.37493410e+01
 -8.41133297e+00 -2.32056441e+01
 -8.53070618e+00 -2.26619679e+01
 -8.65007874e+00 -2.21182945e+01
 -8.76945108e+00 -2.15746221e+01
 -8.88882184e+00 -2.10309569e+01
 -9.00818065e+00 -2.04873461e+01
 -9.12746838e+00 -1.99440590e+01
 -9.24642418e+00 -1.94022837e+01
 -9.36416139e+00 -1.88660584e+01
 -9.47837661e+00 -1.83458737e+01
 -9.58456622e+00 -1.78622411e+01
 -9.67631812e+00 -1.74443639e+01
 -9.74754376e+00 -1.71199720e+01
 -9.74754376e+00 -1.71199720e+01
 -9.74754376e+00 -1.71199720e+01
 -9.74754376e+00 -1.71199720e+01
 -9.74754376e+00 -1.71199720e+01
 -9.74754376e+00 -1.71199720e+01
 -9.74754376e+00 -1.71199720e+01
 -9.74754376e+00 -1.71199720e+01
 -9.74754376e+00 -1.71199720e+01
 -9.74754376e+00 -1.71199720e+01
 -9.74754376e+00 -1.71199720e+01
 -9.74754376e+00 -1.71199720e+01
 -9.74754376e+00 -1.71199720e+01
 -9.74754376e+00 -1.71199720e+01
 -9.74754376e+00 -1.71199720e+01
 -9.74754376e+00 -1.71199720e+01
 -9.74754376e+00 -1.71199720e+01
 -9.74754376e+00 -1.71199720e+01
 -9.74754376e+00 -1.71199720e+01
 -9.74754376e+00 -1.71199720e+01
 -9.74754376e+00 -1.71199720e+01
 -9.74754376e+00 -1.71199720e+01
 -9.74754376e+00 -1.71199720e+01
 -9.74754376e+00 -1.71199720e+01
 -9.74754376e+00 -1.71199720e+01
 -9.74754376e+00 -1.71199720e+01
 -9.74754376e+00 -1.71199720e+01
 -9.74754376e+00 -1.71199720e+01
 -9.74754376e+00 -1.71199720e+01
 -9.74754376e+00 -1.71199720e+01
 -9.74754376e+00 -1.71199720e+01
 -9.74754376e+00 -1.71199720e+01
 -9.74754376e+00 -1.71199720e+01
 -9.74754376e+00 -1.71199720e+01
 -9.74754376e+00 -1.71199720e+01
 -9.74754376e+00 -1.71199720e+01
 -9.74754376e+00 -1.71199720e+01
 -9.74754376e+00 -1.71199720e+01
 -9.74754376e+00 -1.71199720e+01
 -9.74754376e+00 -1.71199720e+01
 -9.74754376e+00 -1.71199720e+01
 -9.74754376e+00 -1.71199720e+01
