 0.00000000e+00 0.00000000e+00
 0.00000000e+00 0.00000000e+00
 0.00000000e+00 0.00000000e+00
 0.00000000e+00 0.00000000e+00
 -7.67103266e-02 1.36681194e-01
 -2.20482970e-01 3.06262165e-01
 -4.52431269e-01 4.92499661e-01
 -7.83010717e-01 6.78968953e-01
 -1.21164382e+00 8.53974148e-01
 -1.73221866e+00 1.01091217e+00
 -2.33879089e+00 1.14567267e+00
 -3.02742974e+00 1.25368755e+00
 -3.79488116e+00 1.32836262e+00
 -4.63683003e+00 1.36136885e+00
 -5.54733316e+00 1.34418177e+00
 -6.51927372e+00 1.26957619e+00
 -7.54521503e+00 1.13200848e+00
 -8.61841354e+00 9.26956050e-01
 -9.73389991e+00 6.50163832e-01
 -1.08891292e+01 2.97397008e-01
 -1.20836257e+01 -1.35558628e-01
 -1.33179230e+01 -6.53017287e-01
 -1.45927302e+01 -1.25949744e+00
 -1.59084693e+01 -1.95953015e+00
 -1.72642856e+01 -2.75716070e+00
 -1.86560696e+01 -3.65519120e+00
 -2.00743578e+01 -4.65414016e+00
 -2.15033875e+01 -5.75104111e+00
 -2.29216211e+01 -6.93834356e+00
 -2.43030803e+01 -8.20318495e+00
 -2.56189592e+01 -9.52739155e+00
 -2.68397624e+01 -1.08885514e+01
 -2.79383061e+01 -1.22619861e+01
 -2.88929991e+01 -1.36228050e+01
 -2.96901111e+01 -1.49473557e+01
 -3.03243198e+01 -1.62142772e+01
 -3.07979225e+01 -1.74057719e+01
 -3.11192523e+01 -1.85090419e+01
 -3.13003597e+01 -1.95170805e+01
 -3.13543483e+01 -2.04281089e+01
 -3.12935239e+01 -2.12437230e+01
 -3.11287908e+01 -2.19666149e+01
 -3.08690685e+01 -2.25989180e+01
 -3.05199131e+01 -2.31414728e+01
 -3.00826764e+01 -2.35933480e+01
 -2.95555872e+01 -2.39509470e+01
 -2.89358699e+01 -2.42068891e+01
 -2.82210613e+01 -2.43495116e+01
 -2.74090791e+01 -2.43636677e+01
 -2.64979206e+01 -2.42326857e+01
 -2.54858029e+01 -2.39406334e+01
 -2.43719692e+01 -2.34743103e+01
 -2.31581617e+01 -2.28253628e+01
 -2.18506542e+01 -2.19930258e+01
 -2.04621980e+01 -2.09866747e+01
 -1.90127048e+01 -1.98262974e+01
 -1.75280899e+01 -1.85400110e+01
 -1.60380018e+01 -1.71600304e+01
 -1.45734328e+01 -1.57193672e+01
 -1.31643131e+01 -1.42500796e+01
 -1.18367906e+01 -1.27820869e+01
 -1.06106375e+01 -1.13416269e+01
 -9.49800740e+00 -9.95021424e+00
 -8.50443027e+00 -8.62581625e+00
 -7.63139662e+00 -7.38601359e+00
 -6.87860336e+00 -6.25032043e+00
 -6.24457286e+00 -5.23933220e+00
 -5.72634391e+00 -4.37166529e+00
 -5.31986483e+00 -3.66185465e+00
 -5.02158772e+00 -3.12117036e+00
 -4.83017424e+00 -2.76027825e+00
 -4.74693887e+00 -2.59096061e+00
 -4.77468270e+00 -2.62527685e+00
 -4.91589093e+00 -2.87320556e+00
 -5.17168185e+00 -3.34110030e+00
 -5.54174619e+00 -4.03194212e+00
 -6.02413823e+00 -4.94612104e+00
 -6.61419435e+00 -6.08091631e+00
 -7.30339052e+00 -7.42847441e+00
 -8.07928576e+00 -8.97399487e+00
 -8.92669593e+00 -1.06959954e+01
 -9.82955758e+00 -1.25689778e+01
 -1.07729864e+01 -1.45672027e+01
 -1.17448833e+01 -1.66677467e+01
 -1.27360889e+01 -1.88514875e+01
 -1.37387344e+01 -2.11016778e+01
 -1.47440364e+01 -2.34009942e+01
 -1.57413066e+01 -2.57289535e+01
 -1.67185027e+01 -2.80615117e+01
 -1.76632321e+01 -3.03730420e+01
 -1.85635028e+01 -3.26391025e+01
 -1.94087093e+01 -3.48384189e+01
 -2.01915172e+01 -3.69540447e+01
 -2.09102416e+01 -3.89742584e+01
 -2.15699677e+01 -4.08925884e+01
 -2.21803632e+01 -4.27057042e+01
 -2.27500542e+01 -4.44095165e+01
 -2.32807042e+01 -4.59959061e+01
 -2.37650847e+01 -4.74523196e+01
 -2.41903291e+01 -4.87640606e+01
 -2.45431499e+01 -4.99170843e+01
 -2.48129331e+01 -5.08995572e+01
 -2.49919720e+01 -5.17025521e+01
 -2.50754559e+01 -5.23212364e+01
 -2.50633084e+01 -5.27565324e+01
 -2.49624773e+01 -5.30154361e+01
 -2.47864029e+01 -5.31085503e+01
 -2.45506956e+01 -5.30456878e+01
 -2.42676625e+01 -5.28321315e+01
 -2.39429976e+01 -5.24676409e+01
 -2.35757208e+01 -5.19484057e+01
 -2.31603220e+01 -5.12706578e+01
 -2.26895508e+01 -5.04343625e+01
 -2.21567915e+01 -4.94458535e+01
 -2.15576093e+01 -4.83188794e+01
 -2.08904536e+01 -4.70741601e+01
 -2.01567282e+01 -4.57379978e+01
 -1.93605426e+01 -4.43403859e+01
 -1.85082965e+01 -4.29126486e+01
 -1.76079359e+01 -4.14846090e+01
 -1.66676864e+01 -4.00817422e+01
 -1.56944633e+01 -3.87230497e+01
 -1.46925517e+01 -3.74201584e+01
 -1.36631410e+01 -3.61777650e+01
 -1.26048864e+01 -3.49952273e+01
 -1.15152086e+01 -3.38688221e+01
 -1.03919237e+01 -3.27941966e+01
 -9.23513202e+00 -3.17687683e+01
 -8.04948225e+00 -3.07937317e+01
 -6.84635661e+00 -2.98750771e+01
 -5.64477643e+00 -2.90232103e+01
 -4.47012071e+00 -2.82511690e+01
 -3.35103092e+00 -2.75717368e+01
 -2.31579461e+00 -2.69943048e+01
 -1.38922281e+00 -2.65227612e+01
 -5.90198446e-01 -2.61551063e+01
 7.02053005e-02 -2.58844004e+01
 5.89729408e-01 -2.57003082e+01
 9.74602560e-01 -2.55908001e+01
 1.23814246e+00 -2.55435933e+01
 1.39932002e+00 -2.55466732e+01
 1.48185959e+00 -2.55876157e+01
 1.51286114e+00 -2.56527881e+01
 1.51923482e+00 -2.57283335e+01
 1.52221363e+00 -2.58031939e+01
 1.53324898e+00 -2.58717333e+01
 1.55447590e+00 -2.59335235e+01
 1.58298339e+00 -2.59907735e+01
 1.61517607e+00 -2.60458064e+01
 1.64876709e+00 -2.61000194e+01
 1.68276421e+00 -2.61539991e+01
 1.71685240e+00 -2.62079273e+01
 1.75095644e+00 -2.62618466e+01
 1.78506263e+00 -2.63157647e+01
 1.81916899e+00 -2.63696826e+01
 1.85327492e+00 -2.64235998e+01
 1.88737743e+00 -2.64775117e+01
 1.92145964e+00 -2.65313914e+01
 1.95544701e+00 -2.65851211e+01
 1.98908622e+00 -2.66383005e+01
 2.02171914e+00 -2.66898891e+01
 2.05205902e+00 -2.67378526e+01
 2.07827385e+00 -2.67792950e+01
 2.09862404e+00 -2.68114661e+01
 2.09862404e+00 -2.68114661e+01
 2.09862404e+00 -2.68114661e+01
 2.09862404e+00 -2.68114661e+01
 2.09862404e+00 -2.68114661e+01
 2.09862404e+00 -2.68114661e+01
 2.09862404e+00 -2.68114661e+01
 2.09862404e+00 -2.68114661e+01
 2.09862404e+00 -2.68114661e+01
 2.09862404e+00 -2.68114661e+01
 2.09862404e+00 -2.68114661e+01
 2.09862404e+00 -2.68114661e+01
 2.09862404e+00 -2.68114661e+01
 2.09862404e+00 -2.68114661e+01
 2.09862404e+00 -2.68114661e+01
 2.09862404e+00 -2.68114661e+01
 2.09862404e+00 -2.68114661e+01
 2.09862404e+00 -2.68114661e+01
 2.09862404e+00 -2.68114661e+01
 2.09862404e+00 -2.68114661e+01
 2.09862404e+00 -2.68114661e+01
 2.09862404e+00 -2.68114661e+01
 2.09862404e+00 -2.68114661e+01
 2.09862404e+00 -2.68114661e+01
 2.09862404e+00 -2.68114661e+01
 2.09862404e+00 -2.68114661e+01
 2.09862404e+00 -2.68114661e+01
 2.09862404e+00 -2.68114661e+01
 2.09862404e+00 -2.68114661e+01
 2.09862404e+00 -2.68114661e+01
 2.09862404e+00 -2.68114661e+01
 2.09862404e+00 -2.68114661e+01
 2.09862404e+00 -2.68114661e+01
 2.09862404e+00 -2.68114661e+01
 2.09862404e+00 -2.68114661e+01
 2.09862404e+00 -2.68114661e+01
 2.09862404e+00 -2.68114661e+01
 2.09862404e+00 -2.68114661e+01
 2.09862404e+00 -2.68114661e+01
 2.09862404e+00 -2.68114661e+01
 2.09862404e+00 -2.68114661e+01
 2.09862404e+00 -2.68114661e+01
