 0.00000000e+00 0.00000000e+00
 0.00000000e+00 0.00000000e+00
 0.00000000e+00 0.00000000e+00
 0.00000000e+00 0.00000000e+00
 0.00000000e+00 0.00000000e+00
 0.00000000e+00 0.00000000e+00
 0.00000000e+00 0.00000000e+00
 0.00000000e+00 0.00000000e+00
 -7.67646877e-03 -2.70552662e-02
 -2.74235924e-02 -8.13272886e-02
 -6.95431286e-02 -1.77773734e-01
 -1.45705960e-01 -3.33496330e-01
 -2.65795422e-01 -5.66847541e-01
 -4.36199957e-01 -8.96370397e-01
 -6.60320328e-01 -1.33917879e+00
 -9.39582853e-01 -1.90894257e+00
 -1.27358263e+00 -2.61404477e+00
 -1.65981023e+00 -3.45655435e+00
 -2.09368882e+00 -4.43251667e+00
 -2.56883113e+00 -5.53349618e+00
 -3.07730168e+00 -6.74851469e+00
 -3.61007925e+00 -8.06527007e+00
 -4.15798809e+00 -9.47013946e+00
 -4.71299867e+00 -1.09474365e+01
 -5.26928456e+00 -1.24788204e+01
 -5.82325369e+00 -1.40433151e+01
 -6.37239049e+00 -1.56176953e+01
 -6.91371178e+00 -1.71768375e+01
 -7.44286235e+00 -1.86940239e+01
 -7.95410125e+00 -2.01415618e+01
 -8.44066134e+00 -2.14921030e+01
 -8.89504160e+00 -2.27207318e+01
 -9.30934958e+00 -2.38074026e+01
 -9.67606636e+00 -2.47390152e+01
 -9.98931503e+00 -2.55105236e+01
 -1.02461591e+01 -2.61247274e+01
 -1.04473284e+01 -2.65906389e+01
 -1.05974379e+01 -2.69206121e+01
 -1.07050990e+01 -2.71268081e+01
 -1.07822470e+01 -2.72180873e+01
 -1.08413619e+01 -2.71985486e+01
 -1.08912860e+01 -2.70678535e+01
 -1.09346726e+01 -2.68219589e+01
 -1.09688456e+01 -2.64531124e+01
 -1.09882795e+01 -2.59499053e+01
 -1.09856578e+01 -2.52991101e+01
 -1.09508689e+01 -2.44895265e+01
 -1.08703178e+01 -2.35159596e+01
 -1.07289069e+01 -2.23811512e+01
 -1.05140633e+01 -2.10951534e+01
 -1.02190752e+01 -1.96734714e+01
 -9.84394367e+00 -1.81356320e+01
 -9.39411970e+00 -1.65047167e+01
 -8.87866517e+00 -1.48073128e+01
 -8.30913698e+00 -1.30732161e+01
 -7.69930460e+00 -1.13346173e+01
 -7.06472504e+00 -9.62465090e+00
 -6.42134497e+00 -7.97520818e+00
 -5.78340338e+00 -6.41433959e+00
 -5.16163195e+00 -4.96404047e+00
 -4.56241529e+00 -3.63898512e+00
 -3.98774031e+00 -2.44610766e+00
 -3.43544934e+00 -1.38466882e+00
 -2.89973402e+00 -4.46784872e-01
 -2.37217384e+00 3.81160089e-01
 -1.84341475e+00 1.11588966e+00
 -1.30510638e+00 1.77383665e+00
 -7.51398101e-01 2.36804060e+00
 -1.79439948e-01 2.90617163e+00
 4.11047863e-01 3.38984451e+00
 1.01862383e+00 3.81511119e+00
 1.64107698e+00 4.17405285e+00
 2.27650543e+00 4.45713697e+00
 2.92438131e+00 4.65560022e+00
 3.58606424e+00 4.76324926e+00
 4.26436811e+00 4.77765697e+00
 4.96252132e+00 4.70104278e+00
 5.68327965e+00 4.54093259e+00
 6.42852482e+00 4.31034746e+00
 7.19912388e+00 4.02721153e+00
 7.99484116e+00 3.71307703e+00
 8.81436585e+00 3.39167870e+00
 9.65557915e+00 3.08765509e+00
 1.05160725e+01 2.82528840e+00
 1.13937630e+01 2.62715409e+00
 1.22872777e+01 2.51301147e+00
 1.31956404e+01 2.49885435e+00
 1.41168292e+01 2.59469521e+00
 1.50454877e+01 2.79980741e+00
 1.59714806e+01 3.09750669e+00
 1.68815504e+01 3.45511543e+00
 1.77643159e+01 3.83304341e+00
 1.86154310e+01 4.19922641e+00
 1.94388237e+01 4.53898709e+00
 2.02432606e+01 4.85384514e+00
 2.10374662e+01 5.15274663e+00
 2.18272993e+01 5.44405495e+00
 2.26156530e+01 5.73259993e+00
 2.34036109e+01 6.02036660e+00
 2.41914854e+01 6.30796273e+00
 2.49793459e+01 6.59552972e+00
 2.57672046e+01 6.88309279e+00
 2.65550620e+01 7.17065507e+00
 2.73429090e+01 7.45821352e+00
 2.81306771e+01 7.74574320e+00
 2.89179762e+01 8.03310165e+00
 2.97030844e+01 8.31966049e+00
 3.04801500e+01 8.60328381e+00
 3.12339704e+01 8.87842281e+00
 3.19348219e+01 9.13422850e+00
 3.25403845e+01 9.35525447e+00
 3.30104737e+01 9.52683363e+00
 3.30104737e+01 9.52683363e+00
 3.30104737e+01 9.52683363e+00
 3.30104737e+01 9.52683363e+00
 3.30104737e+01 9.52683363e+00
 3.30104737e+01 9.52683363e+00
 3.30104737e+01 9.52683363e+00
 3.30104737e+01 9.52683363e+00
 3.30104737e+01 9.52683363e+00
 3.30104737e+01 9.52683363e+00
 3.30104737e+01 9.52683363e+00
 3.30104737e+01 9.52683363e+00
 3.30104737e+01 9.52683363e+00
 3.30104737e+01 9.52683363e+00
 3.30104737e+01 9.52683363e+00
 3.30104737e+01 9.52683363e+00
 3.30104737e+01 9.52683363e+00
 3.30104737e+01 9.52683363e+00
 3.30104737e+01 9.52683363e+00
 3.30104737e+01 9.52683363e+00
 3.30104737e+01 9.52683363e+00
 3.30104737e+01 9.52683363e+00
 3.30104737e+01 9.52683363e+00
 3.30104737e+01 9.52683363e+00
 3.30104737e+01 9.52683363e+00
 3.30104737e+01 9.52683363e+00
 3.30104737e+01 9.52683363e+00
 3.30104737e+01 9.52683363e+00
 3.30104737e+01 9.52683363e+00
 3.30104737e+01 9.52683363e+00
 3.30104737e+01 9.52683363e+00
 3.30104737e+01 9.52683363e+00
 3.30104737e+01 9.52683363e+00
 3.30104737e+01 9.52683363e+00
 3.30104737e+01 9.52683363e+00
 3.30104737e+01 9.52683363e+00
 3.30104737e+01 9.52683363e+00
 3.30104737e+01 9.52683363e+00
 3.30104737e+01 9.52683363e+00
 3.30104737e+01 9.52683363e+00
 3.30104737e+01 9.52683363e+00
 3.30104737e+01 9.52683363e+00
 3.30104737e+01 9.52683363e+00
 3.30104737e+01 9.52683363e+00
 3.30104737e+01 9.52683363e+00
 3.30104737e+01 9.52683363e+00
 3.30104737e+01 9.52683363e+00
 3.30104737e+01 9.52683363e+00
 3.30104737e+01 9.52683363e+00
 3.30104737e+01 9.52683363e+00
 3.30104737e+01 9.52683363e+00
 3.30104737e+01 9.52683363e+00
 3.30104737e+01 9.52683363e+00
 3.30104737e+01 9.52683363e+00
 3.30104737e+01 9.52683363e+00
 3.30104737e+01 9.52683363e+00
 3.30104737e+01 9.52683363e+00
 3.30104737e+01 9.52683363e+00
 3.30104737e+01 9.52683363e+00
 3.30104737e+01 9.52683363e+00
 3.30104737e+01 9.52683363e+00
 3.30104737e+01 9.52683363e+00
 3.30104737e+01 9.52683363e+00
