 0.00000000e+00 0.00000000e+00
 0.00000000e+00 0.00000000e+00
 0.00000000e+00 0.00000000e+00
 0.00000000e+00 0.00000000e+00
 0.00000000e+00 0.00000000e+00
 0.00000000e+00 0.00000000e+00
 -9.90743041e-03 -1.70098367e-02
 -3.52427091e-02 -2.93523660e-02
 -8.82192458e-02 -3.07811509e-02
 -1.80032430e-01 -1.58017670e-02
 -3.14406964e-01 2.01363706e-02
 -4.84928811e-01 8.07487243e-02
 -6.79528357e-01 1.69076018e-01
 -8.88685974e-01 2.87811252e-01
 -1.11089639e+00 4.39402508e-01
 -1.35271367e+00 6.25570798e-01
 -1.62556692e+00 8.46531944e-01
 -1.94248027e+00 1.10038690e+00
 -2.31605992e+00 1.38282760e+00
 -2.75763455e+00 1.68699768e+00
 -3.27700409e+00 2.00317010e+00
 -3.88230599e+00 2.31806278e+00
 -4.57974516e+00 2.61417516e+00
 -5.37318423e+00 2.86990651e+00
 -6.26372570e+00 3.06081752e+00
 -7.24952943e+00 3.16147326e+00
 -8.32612606e+00 3.14687279e+00
 -9.48721228e+00 2.99326827e+00
 -1.07254971e+01 2.67929939e+00
 -1.20328539e+01 2.18808706e+00
 -1.33989982e+01 1.50960903e+00
 -1.48085865e+01 6.42375268e-01
 -1.62379860e+01 -4.05725518e-01
 -1.76537601e+01 -1.61716230e+00
 -1.90140680e+01 -2.96525464e+00
 -2.02724268e+01 -4.41576567e+00
 -2.13822003e+01 -5.92940719e+00
 -2.23004485e+01 -7.46443444e+00
 -2.29909083e+01 -8.97860090e+00
 -2.34266735e+01 -1.04305598e+01
 -2.35925914e+01 -1.17813424e+01
 -2.34862688e+01 -1.29960870e+01
 -2.31166179e+01 -1.40452772e+01
 -2.25001297e+01 -1.49045803e+01
 -2.16562103e+01 -1.55534323e+01
 -2.06033828e+01 -1.59737906e+01
 -1.93578090e+01 -1.61503873e+01
 -1.79341275e+01 -1.60722462e+01
 -1.63469412e+01 -1.57339815e+01
 -1.46113349e+01 -1.51359498e+01
 -1.27425552e+01 -1.42838572e+01
 -1.07561902e+01 -1.31888452e+01
 -8.66934708e+00 -1.18677165e+01
 -6.50154575e+00 -1.03416079e+01
 -4.27350267e+00 -8.63219215e+00
 -2.00354308e+00 -6.75685674e+00
 2.96414431e-01 -4.72566534e+00
 2.62270309e+00 -2.54186522e+00
 4.97845296e+00 -2.05246857e-01
 7.36986178e+00 2.28407283e+00
 9.80210745e+00 4.92303633e+00
 1.22756940e+01 7.70312141e+00
 1.47823494e+01 1.06058513e+01
 1.72998164e+01 1.35967901e+01
 1.97872331e+01 1.66215383e+01
 2.21844942e+01 1.96071799e+01
 2.44176056e+01 2.24695559e+01
 2.64085331e+01 2.51234484e+01
 2.80854732e+01 2.74914904e+01
 2.93899584e+01 2.95089771e+01
 3.02801115e+01 3.11246829e+01
 3.07319247e+01 3.23000808e+01
 3.07403828e+01 3.30093572e+01
 3.03200805e+01 3.32407395e+01
 2.95035968e+01 3.29978040e+01
 2.83372712e+01 3.22991384e+01
 2.68762612e+01 3.11760297e+01
 2.51806289e+01 2.96693268e+01
 2.33121547e+01 2.78268125e+01
 2.13306597e+01 2.57013665e+01
 1.92896087e+01 2.33491676e+01
 1.72319122e+01 2.08270374e+01
 1.51869762e+01 1.81887080e+01
 1.31695041e+01 1.54807932e+01
 1.11802150e+01 1.27398393e+01
 9.20881005e+00 9.99166688e+00
 7.23954398e+00 7.25358186e+00
 5.25896528e+00 4.53909869e+00
 3.26415290e+00 1.86353031e+00
 1.26913447e+00 -7.52064620e-01
 -6.92386108e-01 -3.28024319e+00
 -2.56866138e+00 -5.68931914e+00
 -4.29522286e+00 -7.94629511e+00
 -5.80230752e+00 -1.00190669e+01
 -7.02265020e+00 -1.18777704e+01
 -7.89832520e+00 -1.34959450e+01
 -8.38582328e+00 -1.48519576e+01
 -8.45895291e+00 -1.59304129e+01
 -8.10950835e+00 -1.67229818e+01
 -7.34594054e+00 -1.72285449e+01
 -6.19055574e+00 -1.74528579e+01
 -4.67609675e+00 -1.74075960e+01
 -2.84284640e+00 -1.71086693e+01
 -7.37434124e-01 -1.65746571e+01
 1.58619070e+00 -1.58266074e+01
 4.06489310e+00 -1.48893506e+01
 6.62652324e+00 -1.37931480e+01
 9.19499944e+00 -1.25743722e+01
 1.17011100e+01 -1.12745483e+01
 1.40964030e+01 -9.93731883e+00
 1.63638030e+01 -8.60288205e+00
 1.85176804e+01 -7.30065949e+00
 2.05915806e+01 -6.04361913e+00
 2.26208586e+01 -4.82858872e+00
 2.46307677e+01 -3.64305564e+00
 2.66343646e+01 -2.47367949e+00
 2.86365369e+01 -1.31127245e+00
 3.06385453e+01 -1.51237821e-01
 3.26405739e+01 1.00815969e+00
 3.46426170e+01 2.16742239e+00
 3.66446637e+01 3.32666265e+00
 3.86467109e+01 4.48589984e+00
 4.06487554e+01 5.64513516e+00
 4.26507735e+01 6.80435517e+00
 4.46525913e+01 7.96345916e+00
 4.66532170e+01 9.12187293e+00
 4.86482757e+01 1.02770633e+01
 5.06228969e+01 1.14204198e+01
 5.25384492e+01 1.25295738e+01
 5.43194007e+01 1.35607906e+01
 5.58582112e+01 1.44518015e+01
 5.70527669e+01 1.51434800e+01
 5.70527669e+01 1.51434800e+01
 5.70527669e+01 1.51434800e+01
 5.70527669e+01 1.51434800e+01
 5.70527669e+01 1.51434800e+01
 5.70527669e+01 1.51434800e+01
 5.70527669e+01 1.51434800e+01
 5.70527669e+01 1.51434800e+01
 5.70527669e+01 1.51434800e+01
 5.70527669e+01 1.51434800e+01
 5.70527669e+01 1.51434800e+01
 5.70527669e+01 1.51434800e+01
 5.70527669e+01 1.51434800e+01
 5.70527669e+01 1.51434800e+01
 5.70527669e+01 1.51434800e+01
 5.70527669e+01 1.51434800e+01
 5.70527669e+01 1.51434800e+01
 5.70527669e+01 1.51434800e+01
 5.70527669e+01 1.51434800e+01
 5.70527669e+01 1.51434800e+01
 5.70527669e+01 1.51434800e+01
 5.70527669e+01 1.51434800e+01
 5.70527669e+01 1.51434800e+01
 5.70527669e+01 1.51434800e+01
 5.70527669e+01 1.51434800e+01
 5.70527669e+01 1.51434800e+01
 5.70527669e+01 1.51434800e+01
 5.70527669e+01 1.51434800e+01
 5.70527669e+01 1.51434800e+01
