 0.00000000e+00 0.00000000e+00
 0.00000000e+00 0.00000000e+00
 0.00000000e+00 0.00000000e+00
 0.00000000e+00 0.00000000e+00
 1.74671242e-02 3.02348211e-02
 3.66291452e-02 6.02416842e-02
 5.18041374e-02 7.91632918e-02
 5.65793043e-02 7.31460582e-02
 4.40233250e-02 2.64699728e-02
 5.96655858e-03 -7.70413486e-02
 -6.62446324e-02 -2.52688772e-01
 -1.79190268e-01 -5.14281788e-01
 -3.35569426e-01 -8.73997199e-01
 -5.34729575e-01 -1.34206023e+00
 -7.74285486e-01 -1.92618313e+00
 -1.05126173e+00 -2.63104301e+00
 -1.36267101e+00 -3.45796505e+00
 -1.70589492e+00 -4.40515407e+00
 -2.07889104e+00 -5.46892520e+00
 -2.48024926e+00 -6.64559656e+00
 -2.90922710e+00 -7.93269309e+00
 -3.36582825e+00 -9.32822570e+00
 -3.85074165e+00 -1.08281020e+01
 -4.36465546e+00 -1.24230211e+01
 -4.90680587e+00 -1.40964409e+01
 -5.47356524e+00 -1.58243233e+01
 -6.05799486e+00 -1.75763216e+01
 -6.65026727e+00 -1.93177742e+01
 -7.23824088e+00 -2.10121904e+01
 -7.80798826e+00 -2.26240562e+01
 -8.34466727e+00 -2.41215266e+01
 -8.83389638e+00 -2.54785032e+01
 -9.26333289e+00 -2.66759981e+01
 -9.62421287e+00 -2.77030048e+01
 -9.91279823e+00 -2.85569041e+01
 -1.01313624e+01 -2.92430742e+01
 -1.02878849e+01 -2.97733580e+01
 -1.03938822e+01 -3.01635500e+01
 -1.04611003e+01 -3.04306680e+01
 -1.04989870e+01 -3.05906490e+01
 -1.05142961e+01 -3.06563447e+01
 -1.05124007e+01 -3.06357022e+01
 -1.04989186e+01 -3.05310286e+01
 -1.04801966e+01 -3.03401674e+01
 -1.04617992e+01 -3.00587042e+01
 -1.04458962e+01 -2.96816082e+01
 -1.04298265e+01 -2.92041300e+01
 -1.04069473e+01 -2.86228525e+01
 -1.03685300e+01 -2.79369451e+01
 -1.03048941e+01 -2.71485858e+01
 -1.02054872e+01 -2.62619897e+01
 -1.00590038e+01 -2.52819077e+01
 -9.85426131e+00 -2.42129984e+01
 -9.58137044e+00 -2.30605360e+01
 -9.23266263e+00 -2.18317125e+01
 -8.80358075e+00 -2.05365879e+01
 -8.29382190e+00 -1.91884253e+01
 -7.70832103e+00 -1.78036411e+01
 -7.05721402e+00 -1.64014491e+01
 -6.35437100e+00 -1.50030623e+01
 -5.61511572e+00 -1.36304457e+01
 -4.85428630e+00 -1.23047477e+01
 -4.08518435e+00 -1.10445872e+01
 -3.31893318e+00 -9.86448835e+00
 -2.56364951e+00 -8.77375479e+00
 -1.82372384e+00 -7.77600097e+00
 -1.10008860e+00 -6.86961410e+00
 -3.91811958e-01 -6.04932034e+00
 3.01679014e-01 -5.30848678e+00
 9.78938063e-01 -4.64128806e+00
 1.63606852e+00 -4.04397491e+00
 2.26704247e+00 -3.51509676e+00
 2.86384227e+00 -3.05513030e+00
 3.41650078e+00 -2.66613934e+00
 3.91419438e+00 -2.35180580e+00
 4.34779598e+00 -2.11783101e+00
 4.71236368e+00 -1.97253189e+00
 5.00759129e+00 -1.92706710e+00
 5.23620452e+00 -1.99432406e+00
 5.40229299e+00 -2.18618028e+00
 5.51112265e+00 -2.51028543e+00
 5.56991886e+00 -2.96769664e+00
 5.58834584e+00 -3.55146582e+00
 5.57860233e+00 -4.24571959e+00
 5.55591511e+00 -5.02549051e+00
 5.53928282e+00 -5.85799426e+00
 5.55100975e+00 -6.70550075e+00
 5.61387463e+00 -7.52927724e+00
 5.74689424e+00 -8.29377903e+00
 5.96237116e+00 -8.97008518e+00
 6.26576986e+00 -9.53763204e+00
 6.65711819e+00 -9.98399025e+00
 7.13189317e+00 -1.03034228e+01
 7.68131901e+00 -1.04951807e+01
 8.29338654e+00 -1.05618342e+01
 8.95485201e+00 -1.05077959e+01
 9.65295863e+00 -1.03387745e+01
 1.03759527e+01 -1.00624959e+01
 1.11129045e+01 -9.68971687e+00
 1.18538129e+01 -9.23440957e+00
 1.25902879e+01 -8.71304627e+00
 1.33164264e+01 -8.14351346e+00
 1.40292376e+01 -7.54400218e+00
 1.47281204e+01 -6.93189638e+00
 1.54134705e+01 -6.32263189e+00
 1.60849407e+01 -5.72885972e+00
 1.67397830e+01 -5.16046796e+00
 1.73716486e+01 -4.62545272e+00
 1.79704607e+01 -4.13083845e+00
 1.85238587e+01 -3.68282070e+00
 1.90201292e+01 -3.28586299e+00
 1.94520978e+01 -2.94093122e+00
 1.98210016e+01 -2.64357399e+00
 2.01383049e+01 -2.38336803e+00
 2.04230232e+01 -2.14617543e+00
 2.06947695e+01 -1.91863220e+00
 2.09668939e+01 -1.69199657e+00
 2.12444052e+01 -1.46289542e+00
 2.15267592e+01 -1.23136532e+00
 2.18117904e+01 -9.98468829e-01
 2.20978825e+01 -7.65029369e-01
 2.23842903e+01 -5.31428650e-01
 2.26707698e+01 -2.97791351e-01
 2.29572619e+01 -6.41476527e-02
 2.32437557e+01 1.69496888e-01
 2.35302493e+01 4.03141203e-01
 2.38167391e+01 6.36782444e-01
 2.41032002e+01 8.70400303e-01
 2.43894908e+01 1.10387905e+00
 2.46749847e+01 1.33670811e+00
 2.49575540e+01 1.56715205e+00
 2.52316705e+01 1.79070249e+00
 2.54865256e+01 1.99854462e+00
 2.57067302e+01 2.17812821e+00
 2.58776717e+01 2.31753628e+00
 2.58776717e+01 2.31753628e+00
 2.58776717e+01 2.31753628e+00
 2.58776717e+01 2.31753628e+00
 2.58776717e+01 2.31753628e+00
 2.58776717e+01 2.31753628e+00
 2.58776717e+01 2.31753628e+00
 2.58776717e+01 2.31753628e+00
 2.58776717e+01 2.31753628e+00
 2.58776717e+01 2.31753628e+00
 2.58776717e+01 2.31753628e+00
 2.58776717e+01 2.31753628e+00
 2.58776717e+01 2.31753628e+00
 2.58776717e+01 2.31753628e+00
 2.58776717e+01 2.31753628e+00
 2.58776717e+01 2.31753628e+00
 2.58776717e+01 2.31753628e+00
 2.58776717e+01 2.31753628e+00
 2.58776717e+01 2.31753628e+00
 2.58776717e+01 2.31753628e+00
 2.58776717e+01 2.31753628e+00
 2.58776717e+01 2.31753628e+00
 2.58776717e+01 2.31753628e+00
 2.58776717e+01 2.31753628e+00
 2.58776717e+01 2.31753628e+00
 2.58776717e+01 2.31753628e+00
 2.58776717e+01 2.31753628e+00
 2.58776717e+01 2.31753628e+00
 2.58776717e+01 2.31753628e+00
 2.58776717e+01 2.31753628e+00
 2.58776717e+01 2.31753628e+00
 2.58776717e+01 2.31753628e+00
 2.58776717e+01 2.31753628e+00
 2.58776717e+01 2.31753628e+00
 2.58776717e+01 2.31753628e+00
 2.58776717e+01 2.31753628e+00
 2.58776717e+01 2.31753628e+00
 2.58776717e+01 2.31753628e+00
 2.58776717e+01 2.31753628e+00
 2.58776717e+01 2.31753628e+00
