 0.00000000e+00 0.00000000e+00
 0.00000000e+00 0.00000000e+00
 0.00000000e+00 0.00000000e+00
 0.00000000e+00 0.00000000e+00
 0.00000000e+00 0.00000000e+00
 0.00000000e+00 0.00000000e+00
 0.00000000e+00 0.00000000e+00
 -2.13025206e-02 4.00987870e-02
 -6.79374631e-02 6.91474057e-02
 -1.55124413e-01 6.30778748e-02
 -2.98290651e-01 -8.59724045e-03
 -5.11067058e-01 -1.81064145e-01
 -8.05073395e-01 -4.91504051e-01
 -1.19005093e+00 -9.74975281e-01
 -1.67281930e+00 -1.66003677e+00
 -2.25527215e+00 -2.56543353e+00
 -2.93262461e+00 -3.69824053e+00
 -3.69299484e+00 -5.05324061e+00
 -4.51890688e+00 -6.61337850e+00
 -5.39040743e+00 -8.35139825e+00
 -6.28847627e+00 -1.02327203e+01
 -7.19732537e+00 -1.22190918e+01
 -8.10513172e+00 -1.42719598e+01
 -9.00359420e+00 -1.63545932e+01
 -9.88681289e+00 -1.84327199e+01
 -1.07497975e+01 -2.04741611e+01
 -1.15868658e+01 -2.24482874e+01
 -1.23903018e+01 -2.43260132e+01
 -1.31497506e+01 -2.60804896e+01
 -1.38527097e+01 -2.76881570e+01
 -1.44861007e+01 -2.91299241e+01
 -1.50384770e+01 -3.03925328e+01
 -1.55021153e+01 -3.14699515e+01
 -1.58742140e+01 -3.23641094e+01
 -1.61570250e+01 -3.30842804e+01
 -1.63576017e+01 -3.36451810e+01
 -1.64876866e+01 -3.40647419e+01
 -1.65630410e+01 -3.43625776e+01
 -1.66011503e+01 -3.45590839e+01
 -1.66178247e+01 -3.46739178e+01
 -1.66247781e+01 -3.47229336e+01
 -1.66295317e+01 -3.47144917e+01
 -1.66366877e+01 -3.46474917e+01
 -1.66484037e+01 -3.45125798e+01
 -1.66630468e+01 -3.42953942e+01
 -1.66732457e+01 -3.39794660e+01
 -1.66654061e+01 -3.35478156e+01
 -1.66214520e+01 -3.29841970e+01
 -1.65218940e+01 -3.22750536e+01
 -1.63486751e+01 -3.14119537e+01
 -1.60864969e+01 -3.03933104e+01
 -1.57226937e+01 -2.92244275e+01
 -1.52473461e+01 -2.79159110e+01
 -1.46548034e+01 -2.64814009e+01
 -1.39453916e+01 -2.49358374e+01
 -1.31252137e+01 -2.32948731e+01
 -1.22038655e+01 -2.15750806e+01
 -1.11921111e+01 -1.97942003e+01
 -1.01014546e+01 -1.79710895e+01
 -8.94536004e+00 -1.61257614e+01
 -7.74024020e+00 -1.42801459e+01
 -6.50504134e+00 -1.24595367e+01
 -5.26015056e+00 -1.06936361e+01
 -4.02694553e+00 -9.01583705e+00
 -2.82804665e+00 -7.46024810e+00
 -1.68699640e+00 -6.05725336e+00
 -6.26234569e-01 -4.82921195e+00
 3.36427626e-01 -3.78771824e+00
 1.19138353e+00 -2.93277442e+00
 1.93924199e+00 -2.25328239e+00
 2.59067463e+00 -1.72838335e+00
 3.16466378e+00 -1.32980331e+00
 3.68590238e+00 -1.02534211e+00
 4.18159319e+00 -7.83038563e-01
 4.67769083e+00 -5.75136547e-01
 5.19486204e+00 -3.81011500e-01
 5.74482614e+00 -1.88580233e-01
 6.32826807e+00 5.75121236e-03
 6.93560017e+00 1.98188981e-01
 7.55062061e+00 3.79331846e-01
 8.15534820e+00 5.36447293e-01
 8.73394901e+00 6.55927251e-01
 9.27495277e+00 7.25280590e-01
 9.77216633e+00 7.34294673e-01
 1.02248562e+01 6.75920643e-01
 1.06374365e+01 5.47618879e-01
 1.10185862e+01 3.52684831e-01
 1.13796495e+01 1.00204027e-01
 1.17325934e+01 -1.96698176e-01
 1.20883571e+01 -5.23081247e-01
 1.24562114e+01 -8.63594001e-01
 1.28438112e+01 -1.20298763e+00
 1.32571230e+01 -1.52652976e+00
 1.36999526e+01 -1.82081062e+00
 1.41736427e+01 -2.07464133e+00
 1.46775608e+01 -2.27950705e+00
 1.52101562e+01 -2.42937796e+00
 1.57697123e+01 -2.51991657e+00
 1.63545297e+01 -2.54722407e+00
 1.69634110e+01 -2.50668359e+00
 1.75970864e+01 -2.39279628e+00
 1.82595482e+01 -2.20028974e+00
 1.89573982e+01 -1.92573842e+00
 1.96964471e+01 -1.56916730e+00
 2.04767140e+01 -1.13632373e+00
 2.12884272e+01 -6.41751613e-01
 2.21122680e+01 -1.09815979e-01
 2.29256337e+01 4.30289333e-01
 2.37121362e+01 9.54716307e-01
 2.44676176e+01 1.45303549e+00
 2.51983790e+01 1.92785050e+00
 2.59143959e+01 2.38776175e+00
 2.66236516e+01 2.84058608e+00
 2.73304983e+01 3.29082529e+00
 2.80366753e+01 3.74033411e+00
 2.87427068e+01 4.18968238e+00
 2.94487136e+01 4.63900314e+00
 3.01547170e+01 5.08832017e+00
 3.08607191e+01 5.53763621e+00
 3.15667118e+01 5.98694629e+00
 3.22726340e+01 6.43621141e+00
 3.29781357e+01 6.88520899e+00
 3.36816743e+01 7.33295718e+00
 3.43780058e+01 7.77611861e+00
 3.50535072e+01 8.20602329e+00
 3.56815429e+01 8.60571970e+00
 3.62241899e+01 8.95107276e+00
 3.66454387e+01 9.21916521e+00
 3.66454387e+01 9.21916521e+00
 3.66454387e+01 9.21916521e+00
 3.66454387e+01 9.21916521e+00
 3.66454387e+01 9.21916521e+00
 3.66454387e+01 9.21916521e+00
 3.66454387e+01 9.21916521e+00
 3.66454387e+01 9.21916521e+00
 3.66454387e+01 9.21916521e+00
 3.66454387e+01 9.21916521e+00
 3.66454387e+01 9.21916521e+00
 3.66454387e+01 9.21916521e+00
 3.66454387e+01 9.21916521e+00
 3.66454387e+01 9.21916521e+00
 3.66454387e+01 9.21916521e+00
 3.66454387e+01 9.21916521e+00
 3.66454387e+01 9.21916521e+00
 3.66454387e+01 9.21916521e+00
 3.66454387e+01 9.21916521e+00
 3.66454387e+01 9.21916521e+00
 3.66454387e+01 9.21916521e+00
 3.66454387e+01 9.21916521e+00
 3.66454387e+01 9.21916521e+00
 3.66454387e+01 9.21916521e+00
 3.66454387e+01 9.21916521e+00
 3.66454387e+01 9.21916521e+00
 3.66454387e+01 9.21916521e+00
 3.66454387e+01 9.21916521e+00
 3.66454387e+01 9.21916521e+00
 3.66454387e+01 9.21916521e+00
 3.66454387e+01 9.21916521e+00
 3.66454387e+01 9.21916521e+00
 3.66454387e+01 9.21916521e+00
 3.66454387e+01 9.21916521e+00
 3.66454387e+01 9.21916521e+00
 3.66454387e+01 9.21916521e+00
 3.66454387e+01 9.21916521e+00
 3.66454387e+01 9.21916521e+00
 3.66454387e+01 9.21916521e+00
 3.66454387e+01 9.21916521e+00
 3.66454387e+01 9.21916521e+00
 3.66454387e+01 9.21916521e+00
 3.66454387e+01 9.21916521e+00
 3.66454387e+01 9.21916521e+00
 3.66454387e+01 9.21916521e+00
 3.66454387e+01 9.21916521e+00
 3.66454387e+01 9.21916521e+00
