 0.00000000e+00 0.00000000e+00
 0.00000000e+00 0.00000000e+00
 0.00000000e+00 0.00000000e+00
 0.00000000e+00 0.00000000e+00
 -1.93305878e-02 5.77053540e-02
 -4.47025714e-02 1.26813915e-01
 -7.70664720e-02 1.97523031e-01
 -1.22053115e-01 2.58966287e-01
 -1.90538969e-01 3.01283410e-01
 -2.96013125e-01 3.15205819e-01
 -4.51630724e-01 2.89821569e-01
 -6.68993980e-01 2.10438397e-01
 -9.57664302e-01 5.83827442e-02
 -1.32390824e+00 -1.86956711e-01
 -1.76904215e+00 -5.45058726e-01
 -2.28870983e+00 -1.03141244e+00
 -2.87363964e+00 -1.65537115e+00
 -3.51129600e+00 -2.41896619e+00
 -4.18744195e+00 -3.31688645e+00
 -4.88714465e+00 -4.33744729e+00
 -5.59556113e+00 -5.46415605e+00
 -6.29888730e+00 -6.67776773e+00
 -6.98522769e+00 -7.95874079e+00
 -7.64511310e+00 -9.28936122e+00
 -8.27196390e+00 -1.06545747e+01
 -8.86265087e+00 -1.20414997e+01
 -9.41761321e+00 -1.34386233e+01
 -9.94008922e+00 -1.48354669e+01
 -1.04347461e+01 -1.62224116e+01
 -1.09063156e+01 -1.75899405e+01
 -1.13586441e+01 -1.89273406e+01
 -1.17941514e+01 -2.02217803e+01
 -1.22133596e+01 -2.14584814e+01
 -1.26143963e+01 -2.26217200e+01
 -1.29929541e+01 -2.36958517e+01
 -1.33431141e+01 -2.46661090e+01
 -1.36587078e+01 -2.55197390e+01
 -1.39345352e+01 -2.62478770e+01
 -1.41671585e+01 -2.68475616e+01
 -1.43555283e+01 -2.73227124e+01
 -1.45015963e+01 -2.76834287e+01
 -1.46103356e+01 -2.79440519e+01
 -1.46884527e+01 -2.81210085e+01
 -1.47424753e+01 -2.82309626e+01
 -1.47780577e+01 -2.82887539e+01
 -1.48009334e+01 -2.83042814e+01
 -1.48175841e+01 -2.82788162e+01
 -1.48338503e+01 -2.82029445e+01
 -1.48521996e+01 -2.80578937e+01
 -1.48699836e+01 -2.78195012e+01
 -1.48798099e+01 -2.74625399e+01
 -1.48706257e+01 -2.69640273e+01
 -1.48277913e+01 -2.63056900e+01
 -1.47329596e+01 -2.54760906e+01
 -1.45658247e+01 -2.44723735e+01
 -1.43075729e+01 -2.33011042e+01
 -1.39437555e+01 -2.19776132e+01
 -1.34652681e+01 -2.05237089e+01
 -1.28681033e+01 -1.89644551e+01
 -1.21529620e+01 -1.73252273e+01
 -1.13251719e+01 -1.56300479e+01
 -1.03949567e+01 -1.39015149e+01
 -9.37783623e+00 -1.21618699e+01
 -8.29457472e+00 -1.04343067e+01
 -7.17015371e+00 -8.74383594e+00
 -6.03200702e+00 -7.11746968e+00
 -4.90841372e+00 -5.58351163e+00
 -3.82748794e+00 -4.16966181e+00
 -2.81601141e+00 -2.90019418e+00
 -1.89715388e+00 -1.79311937e+00
 -1.08757951e+00 -8.58128903e-01
 -3.95643263e-01 -9.56490205e-02
 1.78473403e-01 5.02759733e-01
 6.41532689e-01 9.52445740e-01
 1.00600081e+00 1.27235539e+00
 1.28881910e+00 1.48106282e+00
 1.50963687e+00 1.59294800e+00
 1.68839154e+00 1.61525557e+00
 1.84275545e+00 1.54695458e+00
 1.98625695e+00 1.38034639e+00
 2.12765666e+00 1.10538572e+00
 2.27153891e+00 7.15227217e-01
 2.41970279e+00 2.10987031e-01
 2.57306176e+00 -3.95664899e-01
 2.73377857e+00 -1.08242951e+00
 2.90707663e+00 -1.81827950e+00
 3.10216796e+00 -2.56643833e+00
 3.33214766e+00 -3.28785544e+00
 3.61292801e+00 -3.94508160e+00
 3.96118272e+00 -4.50632488e+00
 4.39150512e+00 -4.94874993e+00
 4.91369827e+00 -5.25977547e+00
 5.53138188e+00 -5.43585494e+00
 6.24230441e+00 -5.47945577e+00
 7.03959730e+00 -5.39582796e+00
 7.91290795e+00 -5.19113483e+00
 8.84911340e+00 -4.87246932e+00
 9.83306179e+00 -4.44892372e+00
 1.08485660e+01 -3.93244217e+00
 1.18791017e+01 -3.33787983e+00
 1.29075623e+01 -2.68249638e+00
 1.39154496e+01 -1.98527268e+00
 1.48828080e+01 -1.26617734e+00
 1.57896017e+01 -5.45227601e-01
 1.66179136e+01 1.58927039e-01
 1.73543448e+01 8.30963116e-01
 1.79930599e+01 1.46101455e+00
 1.85395010e+01 2.04626409e+00
 1.90121868e+01 2.59112330e+00
 1.94388375e+01 3.10533829e+00
 1.98469798e+01 3.60037699e+00
 2.02550116e+01 4.08581953e+00
 2.06698359e+01 4.56760118e+00
 2.10908627e+01 5.04841998e+00
 2.15153221e+01 5.52912437e+00
 2.19411396e+01 6.00986170e+00
 2.23673601e+01 6.49062184e+00
 2.27936720e+01 6.97138900e+00
 2.32200000e+01 7.45215759e+00
 2.36463300e+01 7.93292634e+00
 2.40726598e+01 8.41369447e+00
 2.44989839e+01 8.89445625e+00
 2.49252654e+01 9.37516992e+00
 2.53512930e+01 9.85559734e+00
 2.57761351e+01 1.03346879e+01
 2.61966252e+01 1.08088706e+01
 2.66045367e+01 1.12688686e+01
 2.69837853e+01 1.16965438e+01
 2.73114706e+01 1.20660716e+01
 2.75658479e+01 1.23529305e+01
 2.75658479e+01 1.23529305e+01
 2.75658479e+01 1.23529305e+01
 2.75658479e+01 1.23529305e+01
 2.75658479e+01 1.23529305e+01
 2.75658479e+01 1.23529305e+01
 2.75658479e+01 1.23529305e+01
 2.75658479e+01 1.23529305e+01
 2.75658479e+01 1.23529305e+01
 2.75658479e+01 1.23529305e+01
 2.75658479e+01 1.23529305e+01
 2.75658479e+01 1.23529305e+01
 2.75658479e+01 1.23529305e+01
 2.75658479e+01 1.23529305e+01
 2.75658479e+01 1.23529305e+01
 2.75658479e+01 1.23529305e+01
 2.75658479e+01 1.23529305e+01
 2.75658479e+01 1.23529305e+01
 2.75658479e+01 1.23529305e+01
 2.75658479e+01 1.23529305e+01
 2.75658479e+01 1.23529305e+01
 2.75658479e+01 1.23529305e+01
 2.75658479e+01 1.23529305e+01
 2.75658479e+01 1.23529305e+01
 2.75658479e+01 1.23529305e+01
 2.75658479e+01 1.23529305e+01
 2.75658479e+01 1.23529305e+01
 2.75658479e+01 1.23529305e+01
 2.75658479e+01 1.23529305e+01
 2.75658479e+01 1.23529305e+01
 2.75658479e+01 1.23529305e+01
 2.75658479e+01 1.23529305e+01
 2.75658479e+01 1.23529305e+01
 2.75658479e+01 1.23529305e+01
 2.75658479e+01 1.23529305e+01
 2.75658479e+01 1.23529305e+01
 2.75658479e+01 1.23529305e+01
 2.75658479e+01 1.23529305e+01
 2.75658479e+01 1.23529305e+01
 2.75658479e+01 1.23529305e+01
 2.75658479e+01 1.23529305e+01
 2.75658479e+01 1.23529305e+01
 2.75658479e+01 1.23529305e+01
 2.75658479e+01 1.23529305e+01
 2.75658479e+01 1.23529305e+01
