 0.00000000e+00 0.00000000e+00
 0.00000000e+00 0.00000000e+00
 0.00000000e+00 0.00000000e+00
 0.00000000e+00 0.00000000e+00
 -2.40299364e-07 2.74159219e-01
 -2.62361164e-06 5.92202127e-01
 -2.12724965e-05 9.07904259e-01
 -1.36853620e-04 1.18033256e+00
 -7.07269820e-04 1.38665066e+00
 -2.96520018e-03 1.52228223e+00
 -1.02057249e-02 1.59267138e+00
 -2.92756379e-02 1.60228564e+00
 -7.13086623e-02 1.54528133e+00
 -1.50760262e-01 1.40196515e+00
 -2.83348103e-01 1.14266902e+00
 -4.84599707e-01 7.35712413e-01
 -7.69428980e-01 1.54091835e-01
 -1.15136553e+00 -6.21369843e-01
 -1.64059045e+00 -1.60076664e+00
 -2.24172397e+00 -2.78357886e+00
 -2.95272442e+00 -4.15702296e+00
 -3.76534577e+00 -5.69636843e+00
 -4.66674501e+00 -7.36858337e+00
 -5.64144732e+00 -9.13801592e+00
 -6.67293365e+00 -1.09711832e+01
 -7.74448512e+00 -1.28388760e+01
 -8.83928207e+00 -1.47162067e+01
 -9.94004857e+00 -1.65822530e+01
 -1.10287621e+01 -1.84200098e+01
 -1.20868591e+01 -2.02161818e+01
 -1.30959630e+01 -2.19602776e+01
 -1.40388421e+01 -2.36431396e+01
 -1.49003515e+01 -2.52555913e+01
 -1.56684067e+01 -2.67877819e+01
 -1.63351337e+01 -2.82290951e+01
 -1.68978872e+01 -2.95680152e+01
 -1.73593312e+01 -3.07919281e+01
 -1.77262494e+01 -3.18877446e+01
 -1.80079902e+01 -3.28439035e+01
 -1.82157295e+01 -3.36529523e+01
 -1.83623262e+01 -3.43133014e+01
 -1.84613930e+01 -3.48294790e+01
 -1.85253514e+01 -3.52111286e+01
 -1.85640590e+01 -3.54711625e+01
 -1.85849283e+01 -3.56229472e+01
 -1.85932598e+01 -3.56760314e+01
 -1.85913793e+01 -3.56310951e+01
 -1.85771785e+01 -3.54767993e+01
 -1.85437752e+01 -3.51909832e+01
 -1.84809489e+01 -3.47455260e+01
 -1.83770380e+01 -3.41120098e+01
 -1.82194567e+01 -3.32664670e+01
 -1.79939256e+01 -3.21933927e+01
 -1.76845736e+01 -3.08891493e+01
 -1.72764545e+01 -2.93639071e+01
 -1.67595651e+01 -2.76412849e+01
 -1.61320047e+01 -2.57558267e+01
 -1.54006342e+01 -2.37492253e+01
 -1.45795957e+01 -2.16663359e+01
 -1.36883809e+01 -1.95516946e+01
 -1.27503510e+01 -1.74467432e+01
 -1.17908646e+01 -1.53876519e+01
 -1.08340830e+01 -1.34038742e+01
 -9.89931401e+00 -1.15178734e+01
 -8.99895887e+00 -9.74606656e+00
 -8.13916420e+00 -8.10036091e+00
 -7.32215875e+00 -6.58954314e+00
 -6.54815335e+00 -5.22009658e+00
 -5.81578575e+00 -3.99641033e+00
 -5.12203793e+00 -2.92074725e+00
 -4.46292085e+00 -1.99334150e+00
 -3.83483848e+00 -1.21251076e+00
 -3.23541612e+00 -5.74572518e-01
 -2.66294883e+00 -7.39025164e-02
 -2.11492178e+00 2.96416805e-01
 -1.58700166e+00 5.43594732e-01
 -1.07364038e+00 6.74375057e-01
 -5.70160960e-01 6.94683540e-01
 -7.49731224e-02 6.09472339e-01
 4.09534521e-01 4.22709003e-01
 8.77709038e-01 1.37674345e-01
 1.32200828e+00 -2.42239477e-01
 1.73414154e+00 -7.12144938e-01
 2.10608112e+00 -1.26401038e+00
 2.43153695e+00 -1.88559046e+00
 2.70790689e+00 -2.56060897e+00
 2.93788432e+00 -3.26994819e+00
 3.12982006e+00 -3.99306308e+00
 3.29664181e+00 -4.70916661e+00
 3.45379166e+00 -5.39820018e+00
 3.61675930e+00 -6.04180000e+00
 3.79874566e+00 -6.62444234e+00
 4.00911709e+00 -7.13457750e+00
 4.25324367e+00 -7.56516470e+00
 4.53366429e+00 -7.91316929e+00
 4.85169402e+00 -8.17817240e+00
 5.20852009e+00 -8.36070834e+00
 5.60570648e+00 -8.46089012e+00
 6.04569240e+00 -8.47758093e+00
 6.53235953e+00 -8.40840523e+00
 7.07093332e+00 -8.25081859e+00
 7.66677510e+00 -8.00366629e+00
 8.32358304e+00 -7.66825854e+00
 9.04173726e+00 -7.24881253e+00
 9.81703021e+00 -6.75281778e+00
 1.06398838e+01 -6.19147315e+00
 1.14954569e+01 -5.57977606e+00
 1.23650564e+01 -4.93589787e+00
 1.32288116e+01 -4.27965248e+00
 1.40690478e+01 -3.62986319e+00
 1.48735553e+01 -3.00090211e+00
 1.56378852e+01 -2.39977518e+00
 1.63656625e+01 -1.82560543e+00
 1.70661997e+01 -1.27209385e+00
 1.77502502e+01 -7.31422036e-01
 1.84263151e+01 -1.97271443e-01
 1.90993360e+01 3.34168541e-01
 1.97714623e+01 8.64687358e-01
 2.04433920e+01 1.39495083e+00
 2.11152914e+01 1.92515675e+00
 2.17871880e+01 2.45535216e+00
 2.24590846e+01 2.98554603e+00
 2.31309812e+01 3.51573966e+00
 2.38028769e+01 4.04593254e+00
 2.44747637e+01 4.57611844e+00
 2.51465833e+01 5.10625127e+00
 2.58180028e+01 5.63606842e+00
 2.64875540e+01 6.16441129e+00
 2.71502463e+01 6.68734178e+00
 2.77931148e+01 7.19462930e+00
 2.83908106e+01 7.66627106e+00
 2.89072428e+01 8.07378768e+00
 2.93081414e+01 8.39013676e+00
 2.93081414e+01 8.39013676e+00
 2.93081414e+01 8.39013676e+00
 2.93081414e+01 8.39013676e+00
 2.93081414e+01 8.39013676e+00
 2.93081414e+01 8.39013676e+00
 2.93081414e+01 8.39013676e+00
 2.93081414e+01 8.39013676e+00
 2.93081414e+01 8.39013676e+00
 2.93081414e+01 8.39013676e+00
 2.93081414e+01 8.39013676e+00
 2.93081414e+01 8.39013676e+00
 2.93081414e+01 8.39013676e+00
 2.93081414e+01 8.39013676e+00
 2.93081414e+01 8.39013676e+00
 2.93081414e+01 8.39013676e+00
 2.93081414e+01 8.39013676e+00
 2.93081414e+01 8.39013676e+00
 2.93081414e+01 8.39013676e+00
 2.93081414e+01 8.39013676e+00
 2.93081414e+01 8.39013676e+00
 2.93081414e+01 8.39013676e+00
 2.93081414e+01 8.39013676e+00
 2.93081414e+01 8.39013676e+00
 2.93081414e+01 8.39013676e+00
 2.93081414e+01 8.39013676e+00
 2.93081414e+01 8.39013676e+00
 2.93081414e+01 8.39013676e+00
 2.93081414e+01 8.39013676e+00
 2.93081414e+01 8.39013676e+00
 2.93081414e+01 8.39013676e+00
 2.93081414e+01 8.39013676e+00
 2.93081414e+01 8.39013676e+00
 2.93081414e+01 8.39013676e+00
 2.93081414e+01 8.39013676e+00
 2.93081414e+01 8.39013676e+00
 2.93081414e+01 8.39013676e+00
 2.93081414e+01 8.39013676e+00
 2.93081414e+01 8.39013676e+00
 2.93081414e+01 8.39013676e+00
 2.93081414e+01 8.39013676e+00
 2.93081414e+01 8.39013676e+00
