 0.00000000e+00 0.00000000e+00
 0.00000000e+00 0.00000000e+00
 0.00000000e+00 0.00000000e+00
 0.00000000e+00 0.00000000e+00
 0.00000000e+00 0.00000000e+00
 0.00000000e+00 0.00000000e+00
 0.00000000e+00 0.00000000e+00
 0.00000000e+00 0.00000000e+00
 0.00000000e+00 0.00000000e+00
 -4.57414422e-03 2.52222132e-01
 -5.24241418e-02 5.72120386e-01
 -1.72548493e-01 9.33193184e-01
 -3.87453690e-01 1.30707942e+00
 -7.07054952e-01 1.67223106e+00
 -1.12984056e+00 2.01525005e+00
 -1.64987362e+00 2.32791340e+00
 -2.26436672e+00 2.60385721e+00
 -2.97727084e+00 2.83654101e+00
 -3.79810976e+00 3.01847925e+00
 -4.73830950e+00 3.14128976e+00
 -5.80776058e+00 3.19612333e+00
 -7.01317849e+00 3.17420315e+00
 -8.35831981e+00 3.06720576e+00
 -9.84505756e+00 2.86713363e+00
 -1.14739939e+01 2.56576901e+00
 -1.32436860e+01 2.15446947e+00
 -1.51485796e+01 1.62485596e+00
 -1.71768412e+01 9.69987102e-01
 -1.93093485e+01 1.85287535e-01
 -2.15197672e+01 -7.30760182e-01
 -2.37744407e+01 -1.77541423e+00
 -2.60314312e+01 -2.93959386e+00
 -2.82397884e+01 -4.20587182e+00
 -3.03408801e+01 -5.54824994e+00
 -3.22725622e+01 -6.93441167e+00
 -3.39751476e+01 -8.32920091e+00
 -3.53971121e+01 -9.69735068e+00
 -3.64988845e+01 -1.10047497e+01
 -3.72543514e+01 -1.22192320e+01
 -3.76507599e+01 -1.33120148e+01
 -3.76877465e+01 -1.42594144e+01
 -3.73754294e+01 -1.50433102e+01
 -3.67311609e+01 -1.56496503e+01
 -3.57753841e+01 -1.60662169e+01
 -3.45281814e+01 -1.62815417e+01
 -3.30083026e+01 -1.62855850e+01
 -3.12353843e+01 -1.60713785e+01
 -2.92342034e+01 -1.56367054e+01
 -2.70385297e+01 -1.49853448e+01
 -2.46926152e+01 -1.41275251e+01
 -2.22498490e+01 -1.30793550e+01
 -1.97690703e+01 -1.18613389e+01
 -1.73093202e+01 -1.04959791e+01
 -1.49238148e+01 -9.00416077e+00
 -1.26536457e+01 -7.40063387e+00
 -1.05217438e+01 -5.69028131e+00
 -8.52863471e+00 -3.86726084e+00
 -6.65247881e+00 -1.91779153e+00
 -4.85500069e+00 1.74458690e-01
 -3.09210101e+00 2.42220491e+00
 -1.32541155e+00 4.82889421e+00
 4.69003423e-01 7.38412807e+00
 2.29645323e+00 1.00608327e+01
 4.14354006e+00 1.28153035e+01
 5.98121061e+00 1.55906278e+01
 7.76999717e+00 1.83224431e+01
 9.46624566e+00 2.09452112e+01
 1.10281250e+01 2.33977727e+01
 1.24208594e+01 2.56278333e+01
 1.36208177e+01 2.75953312e+01
 1.46172336e+01 2.92743983e+01
 1.54100306e+01 3.06531677e+01
 1.60040337e+01 3.17306220e+01
 1.64024333e+01 3.25109864e+01
 1.66029548e+01 3.29983284e+01
 1.65981835e+01 3.31945389e+01
 1.63789179e+01 3.31012537e+01
 1.59381767e+01 3.27229649e+01
 1.52738215e+01 3.20683002e+01
 1.43893053e+01 3.11493930e+01
 1.32937461e+01 2.99817598e+01
 1.20024678e+01 2.85860989e+01
 1.05372411e+01 2.69900743e+01
 8.92444574e+00 2.52266875e+01
 7.19094938e+00 2.33285534e+01
 5.35971429e+00 2.13214226e+01
 3.44735560e+00 1.92209890e+01
 1.46434250e+00 1.70339627e+01
 -5.82593529e-01 1.47614611e+01
 -2.68627255e+00 1.24027802e+01
 -4.83366584e+00 9.95935688e+00
 -7.00075386e+00 7.43944605e+00
 -9.14966011e+00 4.86285458e+00
 -1.12292907e+01 2.26356104e+00
 -1.31792986e+01 -3.11860217e-01
 -1.49364038e+01 -2.81007967e+00
 -1.64419596e+01 -5.17874491e+00
 -1.76493342e+01 -7.37287930e+00
 -1.85292821e+01 -9.35816704e+00
 -1.90718448e+01 -1.11116500e+01
 -1.92844490e+01 -1.26212818e+01
 -1.91869887e+01 -1.38846831e+01
 -1.88053552e+01 -1.49061680e+01
 -1.81649954e+01 -1.56918197e+01
 -1.72858124e+01 -1.62445188e+01
 -1.61794176e+01 -1.65615929e+01
 -1.48494023e+01 -1.66360400e+01
 -1.32945930e+01 -1.64599830e+01
 -1.15142982e+01 -1.60282550e+01
 -9.51384209e+00 -1.53409071e+01
 -7.30857795e+00 -1.44047508e+01
 -4.92518198e+00 -1.32345558e+01
 -2.40016903e+00 -1.18537514e+01
 2.23280288e-01 -1.02937109e+01
 2.89866886e+00 -8.59170628e+00
 5.57904855e+00 -6.78937420e+00
 8.22053487e+00 -4.93252146e+00
 1.07882928e+01 -3.06912036e+00
 1.32641471e+01 -1.24136726e+00
 1.56507865e+01 5.25870127e-01
 1.79677435e+01 2.23083223e+00
 2.02406934e+01 3.88887468e+00
 2.24912248e+01 5.51983284e+00
 2.47325826e+01 7.13862946e+00
 2.69709386e+01 8.75315466e+00
 2.92085124e+01 1.03665043e+01
 3.14459245e+01 1.19796003e+01
 3.36833101e+01 1.35926534e+01
 3.59206921e+01 1.52057007e+01
 3.81580706e+01 1.68187452e+01
 4.03954197e+01 1.84317684e+01
 4.26325448e+01 2.00446302e+01
 4.48683378e+01 2.16565315e+01
 4.70979093e+01 2.32639475e+01
 4.93046411e+01 2.48548970e+01
 5.14453605e+01 2.63982548e+01
 5.34356572e+01 2.78331649e+01
 5.51553501e+01 2.90729824e+01
 5.64903221e+01 3.00354343e+01
 5.64903221e+01 3.00354343e+01
 5.64903221e+01 3.00354343e+01
 5.64903221e+01 3.00354343e+01
 5.64903221e+01 3.00354343e+01
 5.64903221e+01 3.00354343e+01
 5.64903221e+01 3.00354343e+01
 5.64903221e+01 3.00354343e+01
 5.64903221e+01 3.00354343e+01
 5.64903221e+01 3.00354343e+01
 5.64903221e+01 3.00354343e+01
 5.64903221e+01 3.00354343e+01
 5.64903221e+01 3.00354343e+01
 5.64903221e+01 3.00354343e+01
 5.64903221e+01 3.00354343e+01
 5.64903221e+01 3.00354343e+01
 5.64903221e+01 3.00354343e+01
 5.64903221e+01 3.00354343e+01
 5.64903221e+01 3.00354343e+01
 5.64903221e+01 3.00354343e+01
 5.64903221e+01 3.00354343e+01
 5.64903221e+01 3.00354343e+01
