 0.00000000e+00 0.00000000e+00
 0.00000000e+00 0.00000000e+00
 0.00000000e+00 0.00000000e+00
 0.00000000e+00 0.00000000e+00
 6.38586149e-02 1.16726999e-01
 1.35540734e-01 2.52874481e-01
 2.06348051e-01 3.88708450e-01
 2.68833377e-01 5.05524379e-01
 3.15569242e-01 5.89273243e-01
 3.36123097e-01 6.27467200e-01
 3.15419904e-01 6.02852637e-01
 2.34662708e-01 4.89421943e-01
 7.37477961e-02 2.53338105e-01
 -1.86532636e-01 -1.43093684e-01
 -5.63163234e-01 -7.37331184e-01
 -1.06981133e+00 -1.56301522e+00
 -1.71539705e+00 -2.64604374e+00
 -2.50279689e+00 -4.00027205e+00
 -3.42844493e+00 -5.62405859e+00
 -4.48286095e+00 -7.49909491e+00
 -5.65161150e+00 -9.59219103e+00
 -6.91646156e+00 -1.18595000e+01
 -8.25664440e+00 -1.42517863e+01
 -9.64973458e+00 -1.67192369e+01
 -1.10714740e+01 -1.92148742e+01
 -1.24947985e+01 -2.16963374e+01
 -1.38893298e+01 -2.41262484e+01
 -1.52224855e+01 -2.64717383e+01
 -1.64622820e+01 -2.87040231e+01
 -1.75809043e+01 -3.07986491e+01
 -1.85578434e+01 -3.27361484e+01
 -1.93817479e+01 -3.45023478e+01
 -2.00508219e+01 -3.60880612e+01
 -2.05721705e+01 -3.74886132e+01
 -2.09605593e+01 -3.87036364e+01
 -2.12366424e+01 -3.97370150e+01
 -2.14243004e+01 -4.05966265e+01
 -2.15469865e+01 -4.12938199e+01
 -2.16242401e+01 -4.18427761e+01
 -2.16703387e+01 -4.22596765e+01
 -2.16954690e+01 -4.25613811e+01
 -2.17074417e+01 -4.27636058e+01
 -2.17122385e+01 -4.28788565e+01
 -2.17137968e+01 -4.29141582e+01
 -2.17141071e+01 -4.28688042e+01
 -2.17136656e+01 -4.27333269e+01
 -2.17115523e+01 -4.24908167e+01
 -2.17045905e+01 -4.21199181e+01
 -2.16857780e+01 -4.15978310e+01
 -2.16430111e+01 -4.09027951e+01
 -2.15592200e+01 -4.00166179e+01
 -2.14138673e+01 -3.89271029e+01
 -2.11846911e+01 -3.76292763e+01
 -2.08492263e+01 -3.61249267e+01
 -2.03867354e+01 -3.44213821e+01
 -1.97807355e+01 -3.25307960e+01
 -1.90213426e+01 -3.04702598e+01
 -1.81069396e+01 -2.82622845e+01
 -1.70453069e+01 -2.59354252e+01
 -1.58540462e+01 -2.35251730e+01
 -1.45596885e+01 -2.10747954e+01
 -1.31954028e+01 -1.86350661e+01
 -1.17981147e+01 -1.62618556e+01
 -1.04057873e+01 -1.40116016e+01
 -9.05468632e+00 -1.19358593e+01
 -7.77613672e+00 -1.00763596e+01
 -6.59312170e+00 -8.46133352e+00
 -5.51784848e+00 -7.10334092e+00
 -4.55115065e+00 -5.99888412e+00
 -3.68376066e+00 -5.13006456e+00
 -2.89879818e+00 -4.46807950e+00
 -2.17469525e+00 -3.97785460e+00
 -1.48823840e+00 -3.62293635e+00
 -8.17733027e-01 -3.36977318e+00
 -1.45909169e-01 -3.19058690e+00
 5.38201729e-01 -3.06444721e+00
 1.23885055e+00 -2.97706737e+00
 1.95453101e+00 -2.92050658e+00
 2.67998290e+00 -2.89319904e+00
 3.40853549e+00 -2.89913508e+00
 4.13389900e+00 -2.94515144e+00
 4.85112263e+00 -3.03748973e+00
 5.55712062e+00 -3.17986028e+00
 6.25101190e+00 -3.37347844e+00
 6.93406730e+00 -3.61745995e+00
 7.60911969e+00 -3.90825488e+00
 8.27968944e+00 -4.23859895e+00
 8.94923405e+00 -4.59733929e+00
 9.62060889e+00 -4.97069854e+00
 1.02954245e+01 -5.34417915e+00
 1.09732374e+01 -5.70387756e+00
 1.16512522e+01 -6.03691111e+00
 1.23251558e+01 -6.33176607e+00
 1.29904192e+01 -6.57931647e+00
 1.36425537e+01 -6.77429548e+00
 1.42758848e+01 -6.91635040e+00
 1.48823325e+01 -7.00999090e+00
 1.54521298e+01 -7.06318616e+00
 1.59768348e+01 -7.08473479e+00
 1.64530905e+01 -7.08118591e+00
 1.68852188e+01 -7.05462151e+00
 1.72860712e+01 -7.00198969e+00
 1.76770044e+01 -6.91546112e+00
 1.80878265e+01 -6.78292632e+00
 1.85561724e+01 -6.58841348e+00
 1.91245431e+01 -6.31320637e+00
 1.98335762e+01 -5.93891384e+00
 2.07122398e+01 -5.45272181e+00
 2.17680518e+01 -4.85316597e+00
 2.29812045e+01 -4.15392377e+00
 2.43058233e+01 -3.38356253e+00
 2.56804712e+01 -2.57984751e+00
 2.70465662e+01 -1.77905689e+00
 2.83667332e+01 -1.00482018e+00
 2.96319810e+01 -2.63400842e-01
 3.08540224e+01 4.51875496e-01
 3.20508106e+01 1.15177925e+00
 3.32362424e+01 1.84474995e+00
 3.44176956e+01 2.53528886e+00
 3.55980579e+01 3.22516086e+00
 3.67781856e+01 3.91488960e+00
 3.79582739e+01 4.60459421e+00
 3.91383569e+01 5.29429558e+00
 4.03184377e+01 5.98399567e+00
 4.14985029e+01 6.67368665e+00
 4.26784499e+01 7.36330860e+00
 4.38576944e+01 8.05251989e+00
 4.50336575e+01 8.73981336e+00
 4.61975739e+01 9.42006616e+00
 4.73266729e+01 1.00799698e+01
 4.83764330e+01 1.06935038e+01
 4.92834661e+01 1.12236208e+01
 4.99875825e+01 1.16351427e+01
 4.99875825e+01 1.16351427e+01
 4.99875825e+01 1.16351427e+01
 4.99875825e+01 1.16351427e+01
 4.99875825e+01 1.16351427e+01
 4.99875825e+01 1.16351427e+01
 4.99875825e+01 1.16351427e+01
 4.99875825e+01 1.16351427e+01
 4.99875825e+01 1.16351427e+01
 4.99875825e+01 1.16351427e+01
 4.99875825e+01 1.16351427e+01
 4.99875825e+01 1.16351427e+01
 4.99875825e+01 1.16351427e+01
 4.99875825e+01 1.16351427e+01
 4.99875825e+01 1.16351427e+01
 4.99875825e+01 1.16351427e+01
 4.99875825e+01 1.16351427e+01
 4.99875825e+01 1.16351427e+01
 4.99875825e+01 1.16351427e+01
 4.99875825e+01 1.16351427e+01
 4.99875825e+01 1.16351427e+01
 4.99875825e+01 1.16351427e+01
 4.99875825e+01 1.16351427e+01
 4.99875825e+01 1.16351427e+01
 4.99875825e+01 1.16351427e+01
 4.99875825e+01 1.16351427e+01
 4.99875825e+01 1.16351427e+01
 4.99875825e+01 1.16351427e+01
 4.99875825e+01 1.16351427e+01
 4.99875825e+01 1.16351427e+01
 4.99875825e+01 1.16351427e+01
 4.99875825e+01 1.16351427e+01
 4.99875825e+01 1.16351427e+01
 4.99875825e+01 1.16351427e+01
 4.99875825e+01 1.16351427e+01
 4.99875825e+01 1.16351427e+01
 4.99875825e+01 1.16351427e+01
 4.99875825e+01 1.16351427e+01
 4.99875825e+01 1.16351427e+01
 4.99875825e+01 1.16351427e+01
 4.99875825e+01 1.16351427e+01
 4.99875825e+01 1.16351427e+01
