 0.00000000e+00 0.00000000e+00
 0.00000000e+00 0.00000000e+00
 0.00000000e+00 0.00000000e+00
 0.00000000e+00 0.00000000e+00
 0.00000000e+00 0.00000000e+00
 0.00000000e+00 0.00000000e+00
 0.00000000e+00 0.00000000e+00
 -2.61055586e-02 1.03508159e-01
 -6.34048595e-02 2.40729675e-01
 -1.11782427e-01 4.05110591e-01
 -1.71917840e-01 5.88481518e-01
 -2.46533453e-01 7.83640913e-01
 -3.39997386e-01 9.84784444e-01
 -4.57013801e-01 1.18695809e+00
 -6.01585997e-01 1.38580050e+00
 -7.76517458e-01 1.57766631e+00
 -9.83230097e-01 1.75965406e+00
 -1.22192515e+00 1.92939694e+00
 -1.49205149e+00 2.08483966e+00
 -1.79270416e+00 2.22411183e+00
 -2.12269757e+00 2.34537107e+00
 -2.48053679e+00 2.44659103e+00
 -2.86470150e+00 2.52554221e+00
 -3.27434711e+00 2.58002563e+00
 -3.71007439e+00 2.60766231e+00
 -4.17429585e+00 2.60447127e+00
 -4.67099730e+00 2.56314506e+00
 -5.20500455e+00 2.47332815e+00
 -5.78103433e+00 2.32438724e+00
 -6.40293435e+00 2.10806210e+00
 -7.07348269e+00 1.81870927e+00
 -7.79465342e+00 1.45203385e+00
 -8.56769549e+00 1.00448454e+00
 -9.39247064e+00 4.73892361e-01
 -1.02662183e+01 -1.39562228e-01
 -1.11823409e+01 -8.32922391e-01
 -1.21295323e+01 -1.60066301e+00
 -1.30912277e+01 -2.43495690e+00
 -1.40454424e+01 -3.32535805e+00
 -1.49653433e+01 -4.25800394e+00
 -1.58209036e+01 -5.21529262e+00
 -1.65816391e+01 -6.17688342e+00
 -1.72200272e+01 -7.12175838e+00
 -1.77149293e+01 -8.03019574e+00
 -1.80541673e+01 -8.88484480e+00
 -1.82354605e+01 -9.67111564e+00
 -1.82654599e+01 -1.03775706e+01
 -1.81572756e+01 -1.09965265e+01
 -1.79271695e+01 -1.15242426e+01
 -1.75910993e+01 -1.19598385e+01
 -1.71618157e+01 -1.23029778e+01
 -1.66471466e+01 -1.25515576e+01
 -1.60498497e+01 -1.27007919e+01
 -1.53690303e+01 -1.27440222e+01
 -1.46026429e+01 -1.26744641e+01
 -1.37502744e+01 -1.24868510e+01
 -1.28154854e+01 -1.21786011e+01
 -1.18073065e+01 -1.17508692e+01
 -1.07407776e+01 -1.12097525e+01
 -9.63652319e+00 -1.05671407e+01
 -8.51929799e+00 -9.84028993e+00
 -7.41558906e+00 -9.04980101e+00
 -6.35089267e+00 -8.21677198e+00
 -5.34749781e+00 -7.36032098e+00
 -4.42298320e+00 -6.49604740e+00
 -3.58904894e+00 -5.63514648e+00
 -2.85065681e+00 -4.78386334e+00
 -2.20612034e+00 -3.94369834e+00
 -1.64863685e+00 -3.11310560e+00
 -1.16880687e+00 -2.29061661e+00
 -7.56998342e-01 -1.47815147e+00
 -4.04789997e-01 -6.83021360e-01
 -1.05673932e-01 8.20661602e-02
 1.44600497e-01 8.00627594e-01
 3.48309830e-01 1.45473535e+00
 5.06866568e-01 2.02727180e+00
 6.21627030e-01 2.50362722e+00
 6.92895724e-01 2.87249457e+00
 7.17902150e-01 3.12562192e+00
 6.90660649e-01 3.25683958e+00
 6.04743003e-01 3.26105184e+00
 4.56258528e-01 3.13384511e+00
 2.44402419e-01 2.87184021e+00
 -2.95546291e-02 2.47325218e+00
 -3.62580450e-01 1.93816295e+00
 -7.49352001e-01 1.26886317e+00
 -1.18232439e+00 4.70916202e-01
 -1.65270963e+00 -4.45363844e-01
 -2.15110894e+00 -1.46416519e+00
 -2.66699893e+00 -2.56480154e+00
 -3.18784467e+00 -3.72327193e+00
 -3.69894654e+00 -4.91387516e+00
 -4.18407435e+00 -6.11025340e+00
 -4.62624025e+00 -7.28583288e+00
 -5.00832414e+00 -8.41425254e+00
 -5.31382812e+00 -9.47045842e+00
 -5.52802010e+00 -1.04324351e+01
 -5.63921946e+00 -1.12828187e+01
 -5.63960319e+00 -1.20096608e+01
 -5.52515512e+00 -1.26060483e+01
 -5.29493024e+00 -1.30685890e+01
 -4.95003522e+00 -1.33952226e+01
 -4.49274608e+00 -1.35834993e+01
 -3.92625329e+00 -1.36304929e+01
 -3.25516925e+00 -1.35343805e+01
 -2.48620457e+00 -1.32965357e+01
 -1.62856461e+00 -1.29230369e+01
 -6.94712265e-01 -1.24254893e+01
 2.97887321e-01 -1.18216435e+01
 1.32526596e+00 -1.11358802e+01
 2.35791507e+00 -1.03987341e+01
 3.36470652e+00 -9.64434407e+00
 4.31807631e+00 -8.90559757e+00
 5.19887918e+00 -8.20809380e+00
 6.00045828e+00 -7.56488499e+00
 6.73071544e+00 -6.97434538e+00
 7.40946517e+00 -6.42313640e+00
 8.06041995e+00 -5.89365130e+00
 8.70223128e+00 -5.37169937e+00
 9.34442644e+00 -4.84990948e+00
 9.98932165e+00 -4.32635785e+00
 1.06361487e+01 -3.80148523e+00
 1.12838269e+01 -3.27602369e+00
 1.19317730e+01 -2.75037609e+00
 1.25797821e+01 -2.22468466e+00
 1.32278026e+01 -1.69898538e+00
 1.38758245e+01 -1.17328506e+00
 1.45238457e+01 -6.47585344e-01
 1.51718584e+01 -1.21892551e-01
 1.58198062e+01 4.03747632e-01
 1.64673682e+01 9.29074806e-01
 1.71131283e+01 1.45294019e+00
 1.77522731e+01 1.97143906e+00
 1.83722986e+01 2.47442754e+00
 1.89487564e+01 2.94207233e+00
 1.94468382e+01 3.34613542e+00
 1.98334917e+01 3.65980358e+00
 1.98334917e+01 3.65980358e+00
 1.98334917e+01 3.65980358e+00
 1.98334917e+01 3.65980358e+00
 1.98334917e+01 3.65980358e+00
 1.98334917e+01 3.65980358e+00
 1.98334917e+01 3.65980358e+00
 1.98334917e+01 3.65980358e+00
 1.98334917e+01 3.65980358e+00
 1.98334917e+01 3.65980358e+00
 1.98334917e+01 3.65980358e+00
 1.98334917e+01 3.65980358e+00
 1.98334917e+01 3.65980358e+00
 1.98334917e+01 3.65980358e+00
 1.98334917e+01 3.65980358e+00
 1.98334917e+01 3.65980358e+00
 1.98334917e+01 3.65980358e+00
 1.98334917e+01 3.65980358e+00
 1.98334917e+01 3.65980358e+00
 1.98334917e+01 3.65980358e+00
 1.98334917e+01 3.65980358e+00
 1.98334917e+01 3.65980358e+00
 1.98334917e+01 3.65980358e+00
 1.98334917e+01 3.65980358e+00
 1.98334917e+01 3.65980358e+00
 1.98334917e+01 3.65980358e+00
 1.98334917e+01 3.65980358e+00
 1.98334917e+01 3.65980358e+00
 1.98334917e+01 3.65980358e+00
 1.98334917e+01 3.65980358e+00
 1.98334917e+01 3.65980358e+00
 1.98334917e+01 3.65980358e+00
 1.98334917e+01 3.65980358e+00
 1.98334917e+01 3.65980358e+00
 1.98334917e+01 3.65980358e+00
 1.98334917e+01 3.65980358e+00
 1.98334917e+01 3.65980358e+00
 1.98334917e+01 3.65980358e+00
 1.98334917e+01 3.65980358e+00
 1.98334917e+01 3.65980358e+00
 1.98334917e+01 3.65980358e+00
 1.98334917e+01 3.65980358e+00
