 0.00000000e+00 0.00000000e+00
 0.00000000e+00 0.00000000e+00
 0.00000000e+00 0.00000000e+00
 0.00000000e+00 0.00000000e+00
 0.00000000e+00 0.00000000e+00
 0.00000000e+00 0.00000000e+00
 0.00000000e+00 0.00000000e+00
 0.00000000e+00 0.00000000e+00
 9.02521896e-02 1.48482390e-01
 1.69229704e-01 3.37817769e-01
 2.07718542e-01 5.52847558e-01
 1.82840446e-01 7.76356540e-01
 8.35852378e-02 9.93923552e-01
 -8.91641131e-02 1.19520942e+00
 -3.26529380e-01 1.37297010e+00
 -6.17634230e-01 1.52162134e+00
 -9.54331037e-01 1.63653368e+00
 -1.33207924e+00 1.71434144e+00
 -1.74812467e+00 1.75328578e+00
 -2.19977723e+00 1.75242970e+00
 -2.68395315e+00 1.71037321e+00
 -3.19749209e+00 1.62524585e+00
 -3.73763345e+00 1.49607972e+00
 -4.30247829e+00 1.32374836e+00
 -4.89131261e+00 1.11046516e+00
 -5.50452406e+00 8.58656192e-01
 -6.14317461e+00 5.70090021e-01
 -6.80876822e+00 2.45176056e-01
 -7.50343540e+00 -1.17775474e-01
 -8.22995430e+00 -5.22927509e-01
 -8.99094879e+00 -9.76263478e-01
 -9.78727474e+00 -1.48370812e+00
 -1.06160160e+01 -2.04876698e+00
 -1.14685029e+01 -2.67111927e+00
 -1.23289377e+01 -3.34696373e+00
 -1.31743598e+01 -4.07020975e+00
 -1.39761629e+01 -4.83285003e+00
 -1.47025910e+01 -5.62409739e+00
 -1.53214354e+01 -6.42951907e+00
 -1.58023716e+01 -7.23145645e+00
 -1.61185969e+01 -8.01054400e+00
 -1.62479200e+01 -8.74690313e+00
 -1.61739543e+01 -9.41996772e+00
 -1.58875053e+01 -1.00073841e+01
 -1.53870864e+01 -1.04843812e+01
 -1.46777322e+01 -1.08246283e+01
 -1.37687699e+01 -1.10023145e+01
 -1.26718421e+01 -1.09941226e+01
 -1.13997998e+01 -1.07801705e+01
 -9.96625768e+00 -1.03444329e+01
 -8.38517916e+00 -9.67557695e+00
 -6.67011879e+00 -8.76821130e+00
 -4.83366874e+00 -7.62394908e+00
 -2.88809578e+00 -6.25163607e+00
 -8.46992164e-01 -4.66583516e+00
 1.27389333e+00 -2.88316197e+00
 3.45816263e+00 -9.17943243e-01
 5.69168526e+00 1.22009944e+00
 7.96439179e+00 3.52465554e+00
 1.02695123e+01 5.98908851e+00
 1.26007152e+01 8.60216325e+00
 1.49479456e+01 1.13440297e+01
 1.72923820e+01 1.41819396e+01
 1.96017519e+01 1.70662067e+01
 2.18284673e+01 1.99291168e+01
 2.39123056e+01 2.26893590e+01
 2.57868394e+01 2.52615045e+01
 2.73871444e+01 2.75669817e+01
 2.86568706e+01 2.95424272e+01
 2.95542812e+01 3.11433915e+01
 3.00572625e+01 3.23442174e+01
 3.01661937e+01 3.31360281e+01
 2.99030417e+01 3.35239813e+01
 2.93066180e+01 3.35240521e+01
 2.84259010e+01 3.31592628e+01
 2.73136482e+01 3.24553322e+01
 2.60216716e+01 3.14367345e+01
 2.45981910e+01 3.01251697e+01
 2.30866816e+01 2.85412043e+01
 2.15249152e+01 2.67072197e+01
 1.99432490e+01 2.46491078e+01
 1.83625503e+01 2.23958622e+01
 1.67931985e+01 1.99779832e+01
 1.52362824e+01 1.74260478e+01
 1.36868145e+01 1.47703378e+01
 1.21379747e+01 1.20416804e+01
 1.05854812e+01 9.27294232e+00
 9.03136255e+00 6.50016060e+00
 7.48644291e+00 3.76233979e+00
 5.97128600e+00 1.09974832e+00
 4.51583843e+00 -1.44827865e+00
 3.15779033e+00 -3.84474266e+00
 1.93933406e+00 -6.05546895e+00
 9.02712413e-01 -8.04966080e+00
 8.60640324e-02 -9.80101576e+00
 -4.79086081e-01 -1.12886262e+01
 -7.68748524e-01 -1.24967696e+01
 -7.66857139e-01 -1.34139624e+01
 -4.65812828e-01 -1.40326021e+01
 1.33229541e-01 -1.43498788e+01
 1.02130269e+00 -1.43691373e+01
 2.18402907e+00 -1.41002083e+01
 3.60427477e+00 -1.35580622e+01
 5.26316098e+00 -1.27606578e+01
 7.13836685e+00 -1.17277142e+01
 9.20044006e+00 -1.04816305e+01
 1.14094104e+01 -9.05013236e+00
 1.37143592e+01 -7.46850897e+00
 1.60574376e+01 -5.77922074e+00
 1.83819001e+01 -4.02865143e+00
 2.06420931e+01 -2.26240465e+00
 2.28121700e+01 -5.19764169e-01
 2.48896013e+01 1.17270840e+00
 2.68908517e+01 2.80604677e+00
 2.88409752e+01 4.38786393e+00
 3.07630218e+01 5.93468135e+00
 3.26724860e+01 7.46270943e+00
 3.45773677e+01 8.98274394e+00
 3.64808990e+01 1.05000849e+01
 3.83841095e+01 1.20167082e+01
 4.02872589e+01 1.35331806e+01
 4.21903990e+01 1.50496279e+01
 4.40935377e+01 1.65660719e+01
 4.59966737e+01 1.80825134e+01
 4.78997846e+01 1.95989349e+01
 4.98027051e+01 2.11152047e+01
 5.17044924e+01 2.26305716e+01
 5.36009877e+01 2.41417217e+01
 5.54780553e+01 2.56373915e+01
 5.72989721e+01 2.70883198e+01
 5.89919379e+01 2.84372952e+01
 6.04547254e+01 2.96028618e+01
 6.15902656e+01 3.05076738e+01
 6.15902656e+01 3.05076738e+01
 6.15902656e+01 3.05076738e+01
 6.15902656e+01 3.05076738e+01
 6.15902656e+01 3.05076738e+01
 6.15902656e+01 3.05076738e+01
 6.15902656e+01 3.05076738e+01
 6.15902656e+01 3.05076738e+01
 6.15902656e+01 3.05076738e+01
 6.15902656e+01 3.05076738e+01
 6.15902656e+01 3.05076738e+01
 6.15902656e+01 3.05076738e+01
 6.15902656e+01 3.05076738e+01
 6.15902656e+01 3.05076738e+01
 6.15902656e+01 3.05076738e+01
 6.15902656e+01 3.05076738e+01
 6.15902656e+01 3.05076738e+01
 6.15902656e+01 3.05076738e+01
 6.15902656e+01 3.05076738e+01
 6.15902656e+01 3.05076738e+01
 6.15902656e+01 3.05076738e+01
 6.15902656e+01 3.05076738e+01
 6.15902656e+01 3.05076738e+01
 6.15902656e+01 3.05076738e+01
 6.15902656e+01 3.05076738e+01
 6.15902656e+01 3.05076738e+01
 6.15902656e+01 3.05076738e+01
 6.15902656e+01 3.05076738e+01
