 0.00000000e+00 0.00000000e+00
 0.00000000e+00 0.00000000e+00
 0.00000000e+00 0.00000000e+00
 0.00000000e+00 0.00000000e+00
 1.40015622e-01 2.33350667e-01
 3.06847929e-01 5.12082041e-01
 4.79035987e-01 8.00573829e-01
 6.35171564e-01 1.06300043e+00
 7.59302004e-01 1.27116612e+00
 8.41581202e-01 1.40342962e+00
 8.75751110e-01 1.43996658e+00
 8.55654271e-01 1.36041807e+00
 7.73152006e-01 1.14538389e+00
 6.19190548e-01 7.79246522e-01
 3.87059714e-01 2.51783594e-01
 7.49021833e-02 -4.41463030e-01
 -3.14132564e-01 -1.29874936e+00
 -7.73256618e-01 -2.31131138e+00
 -1.29363255e+00 -3.46318788e+00
 -1.86595293e+00 -4.73272694e+00
 -2.48232566e+00 -6.09579430e+00
 -3.13818713e+00 -7.52957052e+00
 -3.83322107e+00 -9.01537729e+00
 -4.57044384e+00 -1.05395226e+01
 -5.35371783e+00 -1.20922778e+01
 -6.18491408e+00 -1.36659855e+01
 -7.06187566e+00 -1.52532887e+01
 -7.97754565e+00 -1.68457756e+01
 -8.92003527e+00 -1.84330463e+01
 -9.87342038e+00 -2.00025603e+01
 -1.08193169e+01 -2.15404593e+01
 -1.17390877e+01 -2.30327032e+01
 -1.26158380e+01 -2.44655654e+01
 -1.34353281e+01 -2.58253023e+01
 -1.41859960e+01 -2.70977234e+01
 -1.48589246e+01 -2.82685503e+01
 -1.54479905e+01 -2.93247144e+01
 -1.59499105e+01 -3.02558579e+01
 -1.63641673e+01 -3.10553387e+01
 -1.66929677e+01 -3.17207846e+01
 -1.69412276e+01 -3.22543519e+01
 -1.71165686e+01 -3.26621603e+01
 -1.72291024e+01 -3.29522778e+01
 -1.72901349e+01 -3.31316028e+01
 -1.73091022e+01 -3.32030128e+01
 -1.72899300e+01 -3.31641413e+01
 -1.72295408e+01 -3.30080082e+01
 -1.71197336e+01 -3.27244679e+01
 -1.69504484e+01 -3.23014208e+01
 -1.67116271e+01 -3.17258285e+01
 -1.63932415e+01 -3.09851687e+01
 -1.59850847e+01 -3.00694061e+01
 -1.54774102e+01 -2.89728365e+01
 -1.48619436e+01 -2.76950881e+01
 -1.41324121e+01 -2.62409603e+01
 -1.32847141e+01 -2.46193512e+01
 -1.23175991e+01 -2.28421628e+01
 -1.12341970e+01 -2.09243798e+01
 -1.00437154e+01 -1.88859439e+01
 -8.76244544e+00 -1.67546022e+01
 -7.41378023e+00 -1.45676651e+01
 -6.02727426e+00 -1.23710065e+01
 -4.63673059e+00 -1.02154576e+01
 -3.27744277e+00 -8.15214439e+00
 -1.98307082e+00 -6.22823421e+00
 -7.82776817e-01 -4.48360739e+00
 3.00885767e-01 -2.94820990e+00
 1.25313747e+00 -1.63986129e+00
 2.06736607e+00 -5.62966395e-01
 2.74512262e+00 2.90915753e-01
 3.29597979e+00 9.40178001e-01
 3.73703030e+00 1.40876206e+00
 4.09125741e+00 1.72185951e+00
 4.38431937e+00 1.90272787e+00
 4.64061824e+00 1.97051672e+00
 4.88029648e+00 1.93888680e+00
 5.11784657e+00 1.81579616e+00
 5.36151021e+00 1.60466293e+00
 5.61251931e+00 1.30634065e+00
 5.86462141e+00 9.21219648e-01
 6.10544903e+00 4.51195632e-01
 6.32052987e+00 -9.86201657e-02
 6.49855931e+00 -7.18633422e-01
 6.63508407e+00 -1.39403402e+00
 6.73262404e+00 -2.10468358e+00
 6.79807091e+00 -2.82591983e+00
 6.84034454e+00 -3.53055475e+00
 6.87030531e+00 -4.19169084e+00
 6.90194919e+00 -4.78525264e+00
 6.95247801e+00 -5.29133554e+00
 7.04021341e+00 -5.69442103e+00
 7.18176098e+00 -5.98301781e+00
 7.39077655e+00 -6.14910392e+00
 7.67887444e+00 -6.18769330e+00
 8.05666619e+00 -6.09714873e+00
 8.53287053e+00 -5.88049119e+00
 9.11164754e+00 -5.54674384e+00
 9.78987618e+00 -5.11114531e+00
 1.05558671e+01 -4.59442018e+00
 1.13900555e+01 -4.02194453e+00
 1.22674644e+01 -3.42268850e+00
 1.31612199e+01 -2.82710921e+00
 1.40461713e+01 -2.26380531e+00
 1.49018908e+01 -1.75587972e+00
 1.57147413e+01 -1.31843754e+00
 1.64787856e+01 -9.58060452e-01
 1.71951132e+01 -6.73981819e-01
 1.78693440e+01 -4.59999585e-01
 1.85080359e+01 -3.06332898e-01
 1.91157153e+01 -2.01263437e-01
 1.96939911e+01 -1.32773965e-01
 2.02426665e+01 -9.00676937e-02
 2.07616296e+01 -6.43777351e-02
 2.12525043e+01 -4.88777931e-02
 2.17194886e+01 -3.83707570e-02
 2.21688824e+01 -2.93223576e-02
 2.26074027e+01 -1.99292977e-02
 2.30404029e+01 -9.73814678e-03
 2.34711352e+01 1.05103155e-03
 2.39011206e+01 1.21369555e-02
 2.43309100e+01 2.33315603e-02
 2.47606587e+01 3.45565923e-02
 2.51904006e+01 4.57882276e-02
 2.56201418e+01 5.70209800e-02
 2.60498827e+01 6.82538788e-02
 2.64796231e+01 7.94867776e-02
 2.69093579e+01 9.07195295e-02
 2.73390496e+01 1.01951157e-01
 2.77684854e+01 1.13176097e-01
 2.81967263e+01 1.24369802e-01
 2.86205802e+01 1.35448838e-01
 2.90317550e+01 1.46196455e-01
 2.94140376e+01 1.56188865e-01
 2.97443445e+01 1.64822691e-01
 3.00007568e+01 1.71525002e-01
 3.00007568e+01 1.71525002e-01
 3.00007568e+01 1.71525002e-01
 3.00007568e+01 1.71525002e-01
 3.00007568e+01 1.71525002e-01
 3.00007568e+01 1.71525002e-01
 3.00007568e+01 1.71525002e-01
 3.00007568e+01 1.71525002e-01
 3.00007568e+01 1.71525002e-01
 3.00007568e+01 1.71525002e-01
 3.00007568e+01 1.71525002e-01
 3.00007568e+01 1.71525002e-01
 3.00007568e+01 1.71525002e-01
 3.00007568e+01 1.71525002e-01
 3.00007568e+01 1.71525002e-01
 3.00007568e+01 1.71525002e-01
 3.00007568e+01 1.71525002e-01
 3.00007568e+01 1.71525002e-01
 3.00007568e+01 1.71525002e-01
 3.00007568e+01 1.71525002e-01
 3.00007568e+01 1.71525002e-01
 3.00007568e+01 1.71525002e-01
 3.00007568e+01 1.71525002e-01
 3.00007568e+01 1.71525002e-01
 3.00007568e+01 1.71525002e-01
 3.00007568e+01 1.71525002e-01
 3.00007568e+01 1.71525002e-01
 3.00007568e+01 1.71525002e-01
 3.00007568e+01 1.71525002e-01
 3.00007568e+01 1.71525002e-01
 3.00007568e+01 1.71525002e-01
 3.00007568e+01 1.71525002e-01
 3.00007568e+01 1.71525002e-01
 3.00007568e+01 1.71525002e-01
 3.00007568e+01 1.71525002e-01
 3.00007568e+01 1.71525002e-01
 3.00007568e+01 1.71525002e-01
 3.00007568e+01 1.71525002e-01
 3.00007568e+01 1.71525002e-01
 3.00007568e+01 1.71525002e-01
