 0.00000000e+00 0.00000000e+00
 0.00000000e+00 0.00000000e+00
 0.00000000e+00 0.00000000e+00
 0.00000000e+00 0.00000000e+00
 1.75920450e-02 2.79526939e-02
 3.73587591e-02 5.77121661e-02
 5.48574303e-02 8.31894539e-02
 6.67519900e-02 9.80122046e-02
 7.16801580e-02 9.50362640e-02
 6.82680938e-02 6.39755859e-02
 5.18923975e-02 -1.08436504e-02
 1.27981189e-02 -1.50440863e-01
 -6.28936804e-02 -3.78848299e-01
 -1.89879172e-01 -7.20224833e-01
 -3.80422593e-01 -1.19645938e+00
 -6.43115118e-01 -1.82490035e+00
 -9.83312681e-01 -2.61601663e+00
 -1.40359034e+00 -3.57190355e+00
 -1.90340527e+00 -4.68666307e+00
 -2.47846128e+00 -5.94847926e+00
 -3.12050627e+00 -7.34193206e+00
 -3.81784549e+00 -8.84903394e+00
 -4.55650551e+00 -1.04488028e+01
 -5.32176786e+00 -1.21166006e+01
 -6.09949332e+00 -1.38243707e+01
 -6.87661984e+00 -1.55415032e+01
 -7.64079731e+00 -1.72353424e+01
 -8.37978611e+00 -1.88713132e+01
 -9.08129163e+00 -2.04138375e+01
 -9.73346419e+00 -2.18289645e+01
 -1.03258397e+01 -2.30882207e+01
 -1.08502332e+01 -2.41721574e+01
 -1.13012148e+01 -2.50723035e+01
 -1.16762799e+01 -2.57911773e+01
 -1.19760971e+01 -2.63406583e+01
 -1.22049544e+01 -2.67392873e+01
 -1.23712709e+01 -2.70092577e+01
 -1.24879119e+01 -2.71735508e+01
 -1.25714612e+01 -2.72527930e+01
 -1.26393752e+01 -2.72615035e+01
 -1.27055126e+01 -2.72050404e+01
 -1.27765284e+01 -2.70792182e+01
 -1.28512665e+01 -2.68726316e+01
 -1.29227628e+01 -2.65697545e+01
 -1.29804242e+01 -2.61532964e+01
 -1.30105217e+01 -2.56058626e+01
 -1.29958497e+01 -2.49116804e+01
 -1.29168076e+01 -2.40587696e+01
 -1.27543224e+01 -2.30411927e+01
 -1.24928451e+01 -2.18606966e+01
 -1.21220592e+01 -2.05274037e+01
 -1.16376483e+01 -1.90596143e+01
 -1.10419613e+01 -1.74828191e+01
 -1.03446236e+01 -1.58280364e+01
 -9.56259308e+00 -1.41298627e+01
 -8.71935977e+00 -1.24247815e+01
 -7.84332306e+00 -1.07499574e+01
 -6.96547711e+00 -9.14209742e+00
 -6.11662177e+00 -7.63559583e+00
 -5.32446422e+00 -6.25982202e+00
 -4.61107530e+00 -5.03662570e+00
 -3.99118584e+00 -3.97934866e+00
 -3.47166368e+00 -3.09335271e+00
 -3.05214403e+00 -2.37683450e+00
 -2.72643578e+00 -1.82099943e+00
 -2.48412769e+00 -1.41022424e+00
 -2.31172166e+00 -1.12372116e+00
 -2.19305605e+00 -9.39025136e-01
 -2.10989531e+00 -8.35802546e-01
 -2.04378542e+00 -7.98335619e-01
 -1.97848214e+00 -8.16122836e-01
 -1.90089806e+00 -8.82690566e-01
 -1.80008719e+00 -9.93115992e-01
 -1.66598682e+00 -1.14143912e+00
 -1.48932997e+00 -1.31917397e+00
 -1.26249019e+00 -1.51506570e+00
 -9.80351723e-01 -1.71544577e+00
 -6.40641921e-01 -1.90504625e+00
 -2.43776790e-01 -2.06878440e+00
 2.07311130e-01 -2.19441557e+00
 7.07110065e-01 -2.27486661e+00
 1.24755119e+00 -2.30912396e+00
 1.81854689e+00 -2.30168578e+00
 2.40904251e+00 -2.26131409e+00
 3.00816032e+00 -2.19943684e+00
 3.60592367e+00 -2.12807472e+00
 4.19337440e+00 -2.05759584e+00
 4.76251024e+00 -1.99527862e+00
 5.30663702e+00 -1.94545053e+00
 5.82102722e+00 -1.91078663e+00
 6.30309954e+00 -1.89329074e+00
 6.75165769e+00 -1.89388537e+00
 7.16573098e+00 -1.91119764e+00
 7.54421729e+00 -1.94112636e+00
 7.88704719e+00 -1.97790919e+00
 8.19711767e+00 -2.01568582e+00
 8.48126230e+00 -2.04903003e+00
 8.74934734e+00 -2.07218340e+00
 9.01234964e+00 -2.07804713e+00
 9.28088919e+00 -2.05798763e+00
 9.56466170e+00 -2.00283453e+00
 9.87204837e+00 -1.90478776e+00
 1.02091324e+01 -1.75924487e+00
 1.05782041e+01 -1.56556487e+00
 1.09766320e+01 -1.32698361e+00
 1.13969718e+01 -1.05065997e+00
 1.18284795e+01 -7.47813300e-01
 1.22596466e+01 -4.32557735e-01
 1.26812068e+01 -1.18566160e-01
 1.30885876e+01 1.85026098e-01
 1.34823753e+01 4.75627646e-01
 1.38664140e+01 7.55729781e-01
 1.42450320e+01 1.02956419e+00
 1.46212872e+01 1.30053030e+00
 1.49967320e+01 1.57047671e+00
 1.53719580e+01 1.84014011e+00
 1.57471377e+01 2.10974209e+00
 1.61223095e+01 2.37933363e+00
 1.64974803e+01 2.64892375e+00
 1.68726505e+01 2.91851337e+00
 1.72478158e+01 3.18809942e+00
 1.76229434e+01 3.45765849e+00
 1.79978478e+01 3.72705704e+00
 1.83717088e+01 3.99570595e+00
 1.87417401e+01 4.26160281e+00
 1.91007022e+01 4.51954562e+00
 1.94344409e+01 4.75936346e+00
 1.97228041e+01 4.96657530e+00
 1.99466561e+01 5.12743077e+00
 1.99466561e+01 5.12743077e+00
 1.99466561e+01 5.12743077e+00
 1.99466561e+01 5.12743077e+00
 1.99466561e+01 5.12743077e+00
 1.99466561e+01 5.12743077e+00
 1.99466561e+01 5.12743077e+00
 1.99466561e+01 5.12743077e+00
 1.99466561e+01 5.12743077e+00
 1.99466561e+01 5.12743077e+00
 1.99466561e+01 5.12743077e+00
 1.99466561e+01 5.12743077e+00
 1.99466561e+01 5.12743077e+00
 1.99466561e+01 5.12743077e+00
 1.99466561e+01 5.12743077e+00
 1.99466561e+01 5.12743077e+00
 1.99466561e+01 5.12743077e+00
 1.99466561e+01 5.12743077e+00
 1.99466561e+01 5.12743077e+00
 1.99466561e+01 5.12743077e+00
 1.99466561e+01 5.12743077e+00
 1.99466561e+01 5.12743077e+00
 1.99466561e+01 5.12743077e+00
 1.99466561e+01 5.12743077e+00
 1.99466561e+01 5.12743077e+00
 1.99466561e+01 5.12743077e+00
 1.99466561e+01 5.12743077e+00
 1.99466561e+01 5.12743077e+00
 1.99466561e+01 5.12743077e+00
 1.99466561e+01 5.12743077e+00
 1.99466561e+01 5.12743077e+00
 1.99466561e+01 5.12743077e+00
 1.99466561e+01 5.12743077e+00
 1.99466561e+01 5.12743077e+00
 1.99466561e+01 5.12743077e+00
 1.99466561e+01 5.12743077e+00
 1.99466561e+01 5.12743077e+00
 1.99466561e+01 5.12743077e+00
 1.99466561e+01 5.12743077e+00
 1.99466561e+01 5.12743077e+00
 1.99466561e+01 5.12743077e+00
 1.99466561e+01 5.12743077e+00
 1.99466561e+01 5.12743077e+00
 1.99466561e+01 5.12743077e+00
 1.99466561e+01 5.12743077e+00
 1.99466561e+01 5.12743077e+00
