 0.00000000e+00 0.00000000e+00
 0.00000000e+00 0.00000000e+00
 0.00000000e+00 0.00000000e+00
 0.00000000e+00 0.00000000e+00
 6.85842857e-03 1.05996617e-01
 1.91062070e-02 2.28410119e-01
 3.60759063e-02 3.47235183e-01
 5.34113709e-02 4.40823561e-01
 6.32715501e-02 4.88582871e-01
 5.56874175e-02 4.69604561e-01
 1.98212906e-02 3.60466063e-01
 -5.48162219e-02 1.35633140e-01
 -1.76848102e-01 -2.29278015e-01
 -3.52301012e-01 -7.53885872e-01
 -5.85600763e-01 -1.45108283e+00
 -8.81157144e-01 -2.32635623e+00
 -1.24369289e+00 -3.37718872e+00
 -1.67689603e+00 -4.59264204e+00
 -2.18154424e+00 -5.95434649e+00
 -2.75468748e+00 -7.43936141e+00
 -3.39053407e+00 -9.02364775e+00
 -4.08208918e+00 -1.06843502e+01
 -4.82206448e+00 -1.24002502e+01
 -5.60267426e+00 -1.41510638e+01
 -6.41511129e+00 -1.59165216e+01
 -7.24939938e+00 -1.76757560e+01
 -8.09449632e+00 -1.94071590e+01
 -8.93824894e+00 -2.10887489e+01
 -9.76726542e+00 -2.26989878e+01
 -1.05670748e+01 -2.42177451e+01
 -1.13226747e+01 -2.56270489e+01
 -1.20193343e+01 -2.69115787e+01
 -1.26436370e+01 -2.80590779e+01
 -1.31847299e+01 -2.90607961e+01
 -1.36355358e+01 -2.99120273e+01
 -1.39938870e+01 -3.06127513e+01
 -1.42636800e+01 -3.11681300e+01
 -1.44552770e+01 -3.15883945e+01
 -1.45836871e+01 -3.18877247e+01
 -1.46646340e+01 -3.20819968e+01
 -1.47108739e+01 -3.21856500e+01
 -1.47304958e+01 -3.22084537e+01
 -1.47266395e+01 -3.21534998e+01
 -1.46980772e+01 -3.20173796e+01
 -1.46412293e+01 -3.17919440e+01
 -1.45528056e+01 -3.14660169e+01
 -1.44304020e+01 -3.10263574e+01
 -1.42701988e+01 -3.04586134e+01
 -1.40644064e+01 -2.97489879e+01
 -1.38012054e+01 -2.88861868e+01
 -1.34668851e+01 -2.78625659e+01
 -1.30480426e+01 -2.66741041e+01
 -1.25327997e+01 -2.53202404e+01
 -1.19117790e+01 -2.38049921e+01
 -1.11797478e+01 -2.21394256e+01
 -1.03377806e+01 -2.03440972e+01
 -9.39522075e+00 -1.84501059e+01
 -8.37082828e+00 -1.64982172e+01
 -7.29238669e+00 -1.45360040e+01
 -6.19412751e+00 -1.26134709e+01
 -5.11253626e+00 -1.07784691e+01
 -4.08224363e+00 -9.07331959e+00
 -3.13313477e+00 -7.53274966e+00
 -2.28844149e+00 -6.18202601e+00
 -1.56321949e+00 -5.03484417e+00
 -9.63136353e-01 -4.09224977e+00
 -4.83942414e-01 -3.34414942e+00
 -1.12181659e-01 -2.77315098e+00
 1.72480133e-01 -2.35846093e+00
 3.93755393e-01 -2.07783553e+00
 5.75358665e-01 -1.90828330e+00
 7.38820333e-01 -1.82805173e+00
 9.02389839e-01 -1.82048435e+00
 1.08020044e+00 -1.87690945e+00
 1.28127902e+00 -1.99575708e+00
 1.50882208e+00 -2.17863126e+00
 1.76047683e+00 -2.42617710e+00
 2.02989518e+00 -2.73540786e+00
 2.30892973e+00 -3.09863581e+00
 2.58936371e+00 -3.50377105e+00
 2.86363471e+00 -3.93537808e+00
 3.12499111e+00 -4.37571674e+00
 3.36779503e+00 -4.80589050e+00
 3.58825838e+00 -5.20797551e+00
 3.78535633e+00 -5.56815662e+00
 3.96124852e+00 -5.87939051e+00
 4.12072832e+00 -6.14194662e+00
 4.27015130e+00 -6.36163301e+00
 4.41677244e+00 -6.54703606e+00
 4.56864233e+00 -6.70729293e+00
 4.73427290e+00 -6.85092038e+00
 4.92152143e+00 -6.98525192e+00
 5.13623011e+00 -7.11591616e+00
 5.38161748e+00 -7.24624031e+00
 5.65862924e+00 -7.37679348e+00
 5.96655328e+00 -7.50530007e+00
 6.30337736e+00 -7.62700420e+00
 6.66616295e+00 -7.73536794e+00
 7.05193747e+00 -7.82288213e+00
 7.45902628e+00 -7.88162855e+00
 7.88816399e+00 -7.90291912e+00
 8.34288405e+00 -7.87578030e+00
 8.82920689e+00 -7.78576616e+00
 9.35465624e+00 -7.61623661e+00
 9.92639326e+00 -7.35191682e+00
 1.05486784e+01 -6.98220843e+00
 1.12205929e+01 -6.50284640e+00
 1.19349060e+01 -5.91694904e+00
 1.26782745e+01 -5.23627681e+00
 1.34324411e+01 -4.48142362e+00
 1.41760096e+01 -3.67944296e+00
 1.48866433e+01 -2.85953272e+00
 1.55440307e+01 -2.04880933e+00
 1.61340713e+01 -1.26913011e+00
 1.66535731e+01 -5.34274419e-01
 1.71126814e+01 1.52621733e-01
 1.75317770e+01 7.99228728e-01
 1.79331140e+01 1.41975310e+00
 1.83324782e+01 2.02809532e+00
 1.87363813e+01 2.63311211e+00
 1.91449269e+01 3.23833106e+00
 1.95561345e+01 3.84429056e+00
 1.99684133e+01 4.45067308e+00
 2.03810130e+01 5.05720493e+00
 2.07936860e+01 5.66377431e+00
 2.12063718e+01 6.27035069e+00
 2.16190594e+01 6.87692800e+00
 2.20317466e+01 7.48350460e+00
 2.24444283e+01 8.09007321e+00
 2.28570688e+01 8.69658111e+00
 2.32694635e+01 9.30272785e+00
 2.36807107e+01 9.90718791e+00
 2.40877451e+01 1.05054558e+01
 2.44826034e+01 1.10858272e+01
 2.48497160e+01 1.16254173e+01
 2.51669155e+01 1.20916439e+01
 2.54131527e+01 1.24535687e+01
 2.54131527e+01 1.24535687e+01
 2.54131527e+01 1.24535687e+01
 2.54131527e+01 1.24535687e+01
 2.54131527e+01 1.24535687e+01
 2.54131527e+01 1.24535687e+01
 2.54131527e+01 1.24535687e+01
 2.54131527e+01 1.24535687e+01
 2.54131527e+01 1.24535687e+01
 2.54131527e+01 1.24535687e+01
 2.54131527e+01 1.24535687e+01
 2.54131527e+01 1.24535687e+01
 2.54131527e+01 1.24535687e+01
 2.54131527e+01 1.24535687e+01
 2.54131527e+01 1.24535687e+01
 2.54131527e+01 1.24535687e+01
 2.54131527e+01 1.24535687e+01
 2.54131527e+01 1.24535687e+01
 2.54131527e+01 1.24535687e+01
 2.54131527e+01 1.24535687e+01
 2.54131527e+01 1.24535687e+01
 2.54131527e+01 1.24535687e+01
 2.54131527e+01 1.24535687e+01
 2.54131527e+01 1.24535687e+01
 2.54131527e+01 1.24535687e+01
 2.54131527e+01 1.24535687e+01
 2.54131527e+01 1.24535687e+01
 2.54131527e+01 1.24535687e+01
 2.54131527e+01 1.24535687e+01
 2.54131527e+01 1.24535687e+01
 2.54131527e+01 1.24535687e+01
 2.54131527e+01 1.24535687e+01
 2.54131527e+01 1.24535687e+01
 2.54131527e+01 1.24535687e+01
 2.54131527e+01 1.24535687e+01
 2.54131527e+01 1.24535687e+01
 2.54131527e+01 1.24535687e+01
 2.54131527e+01 1.24535687e+01
