 0.00000000e+00 0.00000000e+00
 0.00000000e+00 0.00000000e+00
 0.00000000e+00 0.00000000e+00
 0.00000000e+00 0.00000000e+00
 0.00000000e+00 0.00000000e+00
 0.00000000e+00 0.00000000e+00
 0.00000000e+00 0.00000000e+00
 -4.45407115e-02 -5.07481258e-03
 -1.18516401e-01 -3.18780173e-02
 -2.30507048e-01 -1.02219565e-01
 -3.87702916e-01 -2.42487919e-01
 -5.95230078e-01 -4.80580669e-01
 -8.56680438e-01 -8.44536859e-01
 -1.17527536e+00 -1.36201496e+00
 -1.55427932e+00 -2.05870328e+00
 -1.99632460e+00 -2.95537278e+00
 -2.50253808e+00 -4.06502295e+00
 -3.07232295e+00 -5.39154891e+00
 -3.70394654e+00 -6.93008227e+00
 -4.39538091e+00 -8.66799441e+00
 -5.14442814e+00 -1.05854316e+01
 -5.94767932e+00 -1.26552561e+01
 -6.79911707e+00 -1.48434320e+01
 -7.68964135e+00 -1.71108362e+01
 -8.60778103e+00 -1.94160538e+01
 -9.54070971e+00 -2.17176390e+01
 -1.04748181e+01 -2.39751016e+01
 -1.13960315e+01 -2.61495811e+01
 -1.22904312e+01 -2.82056407e+01
 -1.31452071e+01 -3.01141876e+01
 -1.39494028e+01 -3.18548155e+01
 -1.46940508e+01 -3.34158932e+01
 -1.53718979e+01 -3.47925511e+01
 -1.59772148e+01 -3.59843439e+01
 -1.65058882e+01 -3.69942389e+01
 -1.69556183e+01 -3.78290680e+01
 -1.73261432e+01 -3.85001818e+01
 -1.76197527e+01 -3.90230061e+01
 -1.78421692e+01 -3.94154723e+01
 -1.80030200e+01 -3.96963337e+01
 -1.81148490e+01 -3.98840137e+01
 -1.81910744e+01 -3.99954226e+01
 -1.82447138e+01 -4.00436687e+01
 -1.82883743e+01 -4.00347373e+01
 -1.83336992e+01 -3.99650717e+01
 -1.83890729e+01 -3.98221132e+01
 -1.84570196e+01 -3.95875734e+01
 -1.85335231e+01 -3.92412543e+01
 -1.86096272e+01 -3.87637936e+01
 -1.86732899e+01 -3.81384035e+01
 -1.87093267e+01 -3.73521981e+01
 -1.86978951e+01 -3.63969790e+01
 -1.86139903e+01 -3.52688474e+01
 -1.84293428e+01 -3.39666768e+01
 -1.81158828e+01 -3.24905979e+01
 -1.76490202e+01 -3.08418408e+01
 -1.70096463e+01 -2.90243799e+01
 -1.61851537e+01 -2.70477233e+01
 -1.51705905e+01 -2.49295833e+01
 -1.39705075e+01 -2.26973682e+01
 -1.26009984e+01 -2.03882725e+01
 -1.10909278e+01 -1.80484775e+01
 -9.48140437e+00 -1.57318548e+01
 -7.82303510e+00 -1.34976229e+01
 -6.17146226e+00 -1.14058278e+01
 -4.58237804e+00 -9.51057803e+00
 -3.10678047e+00 -7.85307881e+00
 -1.78641702e+00 -6.45739840e+00
 -6.49501126e-01 -5.33032942e+00
 2.92327822e-01 -4.46418584e+00
 1.04444178e+00 -3.84045304e+00
 1.62639860e+00 -3.43342319e+00
 2.06660224e+00 -3.21429703e+00
 2.39631006e+00 -3.15593552e+00
 2.64473256e+00 -3.23712535e+00
 2.83585070e+00 -3.44467330e+00
 2.98668433e+00 -3.77242090e+00
 3.10677302e+00 -4.21755000e+00
 3.19906737e+00 -4.77568855e+00
 3.26231131e+00 -5.43698242e+00
 3.29414053e+00 -6.18473175e+00
 3.29372148e+00 -6.99640507e+00
 3.26350513e+00 -7.84551101e+00
 3.21007060e+00 -8.70325492e+00
 3.14338415e+00 -9.54027856e+00
 3.07429017e+00 -1.03292431e+01
 3.01198330e+00 -1.10480257e+01
 2.96327254e+00 -1.16821519e+01
 2.93326478e+00 -1.22252801e+01
 2.92616382e+00 -1.26779187e+01
 2.94561100e+00 -1.30455040e+01
 2.99421254e+00 -1.33366556e+01
 3.07232411e+00 -1.35616536e+01
 3.17749709e+00 -1.37310751e+01
 3.30581941e+00 -1.38547978e+01
 3.45433127e+00 -1.39412158e+01
 3.62281889e+00 -1.39959400e+01
 3.81441147e+00 -1.40199370e+01
 4.03541210e+00 -1.40086112e+01
 4.29482178e+00 -1.39532842e+01
 4.60375371e+00 -1.38443109e+01
 4.97455414e+00 -1.36735316e+01
 5.41914235e+00 -1.34349132e+01
 5.94659380e+00 -1.31244207e+01
 6.56093806e+00 -1.27406506e+01
 7.26012818e+00 -1.22863460e+01
 8.03609283e+00 -1.17695716e+01
 8.87505112e+00 -1.12034620e+01
 9.75766699e+00 -1.06045334e+01
 1.06596172e+01 -9.99041194e+00
 1.15534348e+01 -9.37798931e+00
 1.24115222e+01 -8.78260336e+00
 1.32092259e+01 -8.21803860e+00
 1.39269955e+01 -7.69648442e+00
 1.45513623e+01 -7.22784910e+00
 1.50749268e+01 -6.81883928e+00
 1.54958703e+01 -6.47261054e+00
 1.58177772e+01 -6.18898774e+00
 1.60503492e+01 -5.96439496e+00
 1.62104319e+01 -5.79096289e+00
 1.63212050e+01 -5.65581440e+00
 1.64076359e+01 -5.54265632e+00
 1.64896769e+01 -5.43625082e+00
 1.65778145e+01 -5.32695389e+00
 1.66739223e+01 -5.21180073e+00
 1.67755845e+01 -5.09200330e+00
 1.68799643e+01 -4.96974956e+00
 1.69853406e+01 -4.84654318e+00
 1.70909974e+01 -4.72305694e+00
 1.71967154e+01 -4.59950755e+00
 1.73024438e+01 -4.47594713e+00
 1.74081735e+01 -4.35238523e+00
 1.75139033e+01 -4.22882334e+00
 1.76196317e+01 -4.10526307e+00
 1.77253495e+01 -3.98171517e+00
 1.78310043e+01 -3.85824083e+00
 1.79363652e+01 -3.73511008e+00
 1.80406467e+01 -3.61324068e+00
 1.81418088e+01 -3.49501690e+00
 1.82358624e+01 -3.38510039e+00
 1.83171284e+01 -3.29012829e+00
 1.83802140e+01 -3.21640287e+00
 1.83802140e+01 -3.21640287e+00
 1.83802140e+01 -3.21640287e+00
 1.83802140e+01 -3.21640287e+00
 1.83802140e+01 -3.21640287e+00
 1.83802140e+01 -3.21640287e+00
 1.83802140e+01 -3.21640287e+00
 1.83802140e+01 -3.21640287e+00
 1.83802140e+01 -3.21640287e+00
 1.83802140e+01 -3.21640287e+00
 1.83802140e+01 -3.21640287e+00
 1.83802140e+01 -3.21640287e+00
 1.83802140e+01 -3.21640287e+00
 1.83802140e+01 -3.21640287e+00
 1.83802140e+01 -3.21640287e+00
 1.83802140e+01 -3.21640287e+00
 1.83802140e+01 -3.21640287e+00
 1.83802140e+01 -3.21640287e+00
 1.83802140e+01 -3.21640287e+00
 1.83802140e+01 -3.21640287e+00
 1.83802140e+01 -3.21640287e+00
 1.83802140e+01 -3.21640287e+00
 1.83802140e+01 -3.21640287e+00
 1.83802140e+01 -3.21640287e+00
 1.83802140e+01 -3.21640287e+00
 1.83802140e+01 -3.21640287e+00
 1.83802140e+01 -3.21640287e+00
 1.83802140e+01 -3.21640287e+00
 1.83802140e+01 -3.21640287e+00
 1.83802140e+01 -3.21640287e+00
 1.83802140e+01 -3.21640287e+00
 1.83802140e+01 -3.21640287e+00
 1.83802140e+01 -3.21640287e+00
