 0.00000000e+00 0.00000000e+00
 0.00000000e+00 0.00000000e+00
 0.00000000e+00 0.00000000e+00
 0.00000000e+00 0.00000000e+00
 2.94493803e-02 6.31373402e-02
 2.73888795e-02 1.26724183e-01
 -3.48104272e-02 1.64408342e-01
 -1.78471849e-01 1.41756015e-01
 -4.12596822e-01 2.13160331e-02
 -7.35869235e-01 -2.32258099e-01
 -1.14163883e+00 -6.48287615e-01
 -1.62151453e+00 -1.24797467e+00
 -2.16642683e+00 -2.04352925e+00
 -2.76626175e+00 -3.03762532e+00
 -3.40935137e+00 -4.22324399e+00
 -4.08269827e+00 -5.58442237e+00
 -4.77338986e+00 -7.09793441e+00
 -5.47083569e+00 -8.73564133e+00
 -6.16859472e+00 -1.04674637e+01
 -6.86461296e+00 -1.22647532e+01
 -7.55983350e+00 -1.41030405e+01
 -8.25632040e+00 -1.59628489e+01
 -8.95606199e+00 -1.78283948e+01
 -9.66064178e+00 -1.96855186e+01
 -1.03712596e+01 -2.15203539e+01
 -1.10886478e+01 -2.33190495e+01
 -1.18126388e+01 -2.50679466e+01
 -1.25413132e+01 -2.67537521e+01
 -1.32700706e+01 -2.83636747e+01
 -1.39912005e+01 -2.98855298e+01
 -1.46941121e+01 -3.13076541e+01
 -1.53659723e+01 -3.26186002e+01
 -1.59927148e+01 -3.38070164e+01
 -1.65606405e+01 -3.48623069e+01
 -1.70584141e+01 -3.57761851e+01
 -1.74786799e+01 -3.65444762e+01
 -1.78186314e+01 -3.71682464e+01
 -1.80796847e+01 -3.76537718e+01
 -1.82671302e+01 -3.80115727e+01
 -1.83903056e+01 -3.82548740e+01
 -1.84624407e+01 -3.83972921e+01
 -1.84986389e+01 -3.84494033e+01
 -1.85118492e+01 -3.84149764e+01
 -1.85085788e+01 -3.82889296e+01
 -1.84863591e+01 -3.80583545e+01
 -1.84340068e+01 -3.77055664e+01
 -1.83345113e+01 -3.72111173e+01
 -1.81688053e+01 -3.65561478e+01
 -1.79179393e+01 -3.57248222e+01
 -1.75630471e+01 -3.47068487e+01
 -1.70850121e+01 -3.34986651e+01
 -1.64655257e+01 -3.21023012e+01
 -1.56891841e+01 -3.05230991e+01
 -1.47454481e+01 -2.87686936e+01
 -1.36299795e+01 -2.68503815e+01
 -1.23456099e+01 -2.47857517e+01
 -1.09033481e+01 -2.26005054e+01
 -9.32340429e+00 -2.03283441e+01
 -7.63558801e+00 -1.80094926e+01
 -5.87832289e+00 -1.56893281e+01
 -4.09624808e+00 -1.34178270e+01
 -2.33733944e+00 -1.12486289e+01
 -6.50487249e-01 -9.23560622e+00
 9.16866155e-01 -7.42659986e+00
 2.32243501e+00 -5.85679965e+00
 3.53439389e+00 -4.54488534e+00
 4.53616031e+00 -3.49300926e+00
 5.32790196e+00 -2.68934477e+00
 5.92410169e+00 -2.11133407e+00
 6.34909005e+00 -1.72899681e+00
 6.63302592e+00 -1.50884389e+00
 6.80922430e+00 -1.41838674e+00
 6.91169497e+00 -1.42985495e+00
 6.97141777e+00 -1.52187551e+00
 7.01204650e+00 -1.67952224e+00
 7.04787990e+00 -1.89383387e+00
 7.08556949e+00 -2.16089469e+00
 7.12744062e+00 -2.47996313e+00
 7.17352569e+00 -2.85098919e+00
 7.22204912e+00 -3.27284507e+00
 7.26962462e+00 -3.74342173e+00
 7.31141876e+00 -4.26145118e+00
 7.34092020e+00 -4.82851365e+00
 7.34962707e+00 -5.44947914e+00
 7.32735589e+00 -6.13088134e+00
 7.26364463e+00 -6.87826580e+00
 7.15020224e+00 -7.69397746e+00
 6.98350064e+00 -8.57580399e+00
 6.76633673e+00 -9.51562135e+00
 6.50809561e+00 -1.04974377e+01
 6.22407482e+00 -1.14959249e+01
 5.93392762e+00 -1.24774670e+01
 5.65942450e+00 -1.34043677e+01
 5.42242602e+00 -1.42403443e+01
 5.24386052e+00 -1.49544709e+01
 5.14376555e+00 -1.55223506e+01
 5.14196207e+00 -1.59257076e+01
 5.25843938e+00 -1.61521653e+01
 5.51238999e+00 -1.61954896e+01
 5.91999653e+00 -1.60554709e+01
 6.49219776e+00 -1.57373146e+01
 7.23295842e+00 -1.52512870e+01
 8.13752125e+00 -1.46130947e+01
 9.19074905e+00 -1.38447721e+01
 1.03668780e+01 -1.29753570e+01
 1.16318488e+01 -1.20402525e+01
 1.29479048e+01 -1.10783603e+01
 1.42787398e+01 -1.01272711e+01
 1.55932816e+01 -9.21828616e+00
 1.68672353e+01 -8.37337987e+00
 1.80828036e+01 -7.60486868e+00
 1.92275513e+01 -6.91695177e+00
 2.02931384e+01 -6.30806945e+00
 2.12742868e+01 -5.77363894e+00
 2.21682111e+01 -5.30852685e+00
 2.29745916e+01 -4.90813434e+00
 2.36958695e+01 -4.56787299e+00
 2.43374105e+01 -4.28230130e+00
 2.49070610e+01 -4.04522156e+00
 2.54139315e+01 -3.85070878e+00
 2.58667848e+01 -3.69395703e+00
 2.62727840e+01 -3.57095932e+00
 2.66371654e+01 -3.47726180e+00
 2.69639283e+01 -3.40710332e+00
 2.72573098e+01 -3.35386223e+00
 2.75233566e+01 -3.31131726e+00
 2.77703038e+01 -3.27456763e+00
 2.80069481e+01 -3.24020629e+00
 2.82401135e+01 -3.20617391e+00
 2.84733383e+01 -3.17156989e+00
 2.87075251e+01 -3.13630318e+00
 2.89424175e+01 -3.10061756e+00
 2.91776240e+01 -3.06474855e+00
 2.94129300e+01 -3.02882055e+00
 2.96482595e+01 -2.99287827e+00
 2.98835932e+01 -2.95693335e+00
 3.01189275e+01 -2.92098807e+00
 3.03542615e+01 -2.88504279e+00
 3.05895924e+01 -2.84909799e+00
 3.08248998e+01 -2.81315678e+00
 3.10600671e+01 -2.77723697e+00
 3.12945799e+01 -2.74141711e+00
 3.15266904e+01 -2.70596420e+00
 3.17518576e+01 -2.67157183e+00
 3.19612028e+01 -2.63959611e+00
 3.21420851e+01 -2.61196787e+00
 3.22825014e+01 -2.59052047e+00
 3.22825014e+01 -2.59052047e+00
 3.22825014e+01 -2.59052047e+00
 3.22825014e+01 -2.59052047e+00
 3.22825014e+01 -2.59052047e+00
 3.22825014e+01 -2.59052047e+00
 3.22825014e+01 -2.59052047e+00
 3.22825014e+01 -2.59052047e+00
 3.22825014e+01 -2.59052047e+00
 3.22825014e+01 -2.59052047e+00
 3.22825014e+01 -2.59052047e+00
 3.22825014e+01 -2.59052047e+00
 3.22825014e+01 -2.59052047e+00
 3.22825014e+01 -2.59052047e+00
 3.22825014e+01 -2.59052047e+00
 3.22825014e+01 -2.59052047e+00
 3.22825014e+01 -2.59052047e+00
 3.22825014e+01 -2.59052047e+00
 3.22825014e+01 -2.59052047e+00
 3.22825014e+01 -2.59052047e+00
 3.22825014e+01 -2.59052047e+00
 3.22825014e+01 -2.59052047e+00
 3.22825014e+01 -2.59052047e+00
 3.22825014e+01 -2.59052047e+00
 3.22825014e+01 -2.59052047e+00
 3.22825014e+01 -2.59052047e+00
 3.22825014e+01 -2.59052047e+00
 3.22825014e+01 -2.59052047e+00
