 0.00000000e+00 0.00000000e+00
 0.00000000e+00 0.00000000e+00
 0.00000000e+00 0.00000000e+00
 0.00000000e+00 0.00000000e+00
 -2.10994797e-02 6.79970518e-02
 -5.76462026e-02 1.25551709e-01
 -1.12555294e-01 1.45318037e-01
 -1.86353715e-01 1.01600969e-01
 -2.78394413e-01 -2.47156902e-02
 -3.89284420e-01 -2.46218312e-01
 -5.22592942e-01 -5.72072239e-01
 -6.84575327e-01 -1.01114615e+00
 -8.83118291e-01 -1.57324533e+00
 -1.12775704e+00 -2.26856061e+00
 -1.43028031e+00 -3.10678197e+00
 -1.80423750e+00 -4.09703495e+00
 -2.26329570e+00 -5.24836698e+00
 -2.81960991e+00 -6.56945568e+00
 -3.48258062e+00 -8.06668635e+00
 -4.25745876e+00 -9.74124571e+00
 -5.14363875e+00 -1.15866224e+01
 -6.13350835e+00 -1.35871357e+01
 -7.21282300e+00 -1.57171253e+01
 -8.36221844e+00 -1.79405696e+01
 -9.55837477e+00 -2.02117674e+01
 -1.07741742e+01 -2.24779755e+01
 -1.19788375e+01 -2.46839459e+01
 -1.31392958e+01 -2.67769592e+01
 -1.42229547e+01 -2.87107450e+01
 -1.52010679e+01 -3.04479272e+01
 -1.60517570e+01 -3.19618398e+01
 -1.67619905e+01 -3.32383197e+01
 -1.73283363e+01 -3.42768685e+01
 -1.77567959e+01 -3.50899380e+01
 -1.80619934e+01 -3.56998167e+01
 -1.82652308e+01 -3.61340008e+01
 -1.83904561e+01 -3.64205812e+01
 -1.84585728e+01 -3.65843411e+01
 -1.84828808e+01 -3.66431562e+01
 -1.84685483e+01 -3.66048912e+01
 -1.84159339e+01 -3.64666025e+01
 -1.83243929e+01 -3.62174104e+01
 -1.81932277e+01 -3.58435408e+01
 -1.80197694e+01 -3.53324393e+01
 -1.77975611e+01 -3.46745848e+01
 -1.75167190e+01 -3.38640569e+01
 -1.71654162e+01 -3.28990436e+01
 -1.67305161e+01 -3.17818951e+01
 -1.61973169e+01 -3.05176299e+01
 -1.55499355e+01 -2.91111242e+01
 -1.47731814e+01 -2.75649843e+01
 -1.38552183e+01 -2.58801699e+01
 -1.27898834e+01 -2.40597328e+01
 -1.15783906e+01 -2.21142424e+01
 -1.02309237e+01 -2.00667054e+01
 -8.76842638e+00 -1.79550341e+01
 -7.22392853e+00 -1.58310156e+01
 -5.64191806e+00 -1.37558871e+01
 -4.07469268e+00 -1.17936222e+01
 -2.57630459e+00 -1.00035953e+01
 -1.19607362e+00 -8.43403806e+00
 2.66113035e-02 -7.11689787e+00
 1.06577829e+00 -6.06447240e+00
 1.91101695e+00 -5.26881537e+00
 2.56826507e+00 -4.70489168e+00
 3.05850579e+00 -4.33694530e+00
 3.41384545e+00 -4.12606799e+00
 3.67156583e+00 -4.03698640e+00
 3.86768912e+00 -4.04280181e+00
 4.03168264e+00 -4.12687342e+00
 4.18338986e+00 -4.28176314e+00
 4.33248041e+00 -4.50617172e+00
 4.47995420e+00 -4.80117072e+00
 4.62090987e+00 -5.16682109e+00
 4.74793613e+00 -5.60004062e+00
 4.85446250e+00 -6.09407251e+00
 4.93702029e+00 -6.63900850e+00
 4.99569453e+00 -7.22247837e+00
 5.03334419e+00 -7.83028263e+00
 5.05461802e+00 -8.44728388e+00
 5.06490873e+00 -9.05846211e+00
 5.06911883e+00 -9.64961425e+00
 5.07083030e+00 -1.02075689e+01
 5.07252324e+00 -1.07203518e+01
 5.07663568e+00 -1.11777110e+01
 5.08660849e+00 -1.15718735e+01
 5.10718763e+00 -1.18978802e+01
 5.14421981e+00 -1.21529318e+01
 5.20521888e+00 -1.23348504e+01
 5.30132619e+00 -1.24402879e+01
 5.44906356e+00 -1.24632983e+01
 5.66959480e+00 -1.23949234e+01
 5.98523980e+00 -1.22245904e+01
 6.41485533e+00 -1.19433028e+01
 6.96963506e+00 -1.15471395e+01
 7.65023648e+00 -1.10395431e+01
 8.44580365e+00 -1.04323413e+01
 9.33504266e+00 -9.74605220e+00
 1.02891313e+01 -9.00913971e+00
 1.12760272e+01 -8.25534365e+00
 1.22652642e+01 -7.51910468e+00
 1.32318267e+01 -6.83049557e+00
 1.41579477e+01 -6.21159436e+00
 1.50326660e+01 -5.67543414e+00
 1.58499290e+01 -5.22719247e+00
 1.66065299e+01 -4.86628142e+00
 1.73009966e+01 -4.58807653e+00
 1.79335460e+01 -4.38485983e+00
 1.85060752e+01 -4.24652144e+00
 1.90214033e+01 -4.16192342e+00
 1.94824796e+01 -4.12087357e+00
 1.98927785e+01 -4.11530452e+00
 2.02575538e+01 -4.13863798e+00
 2.05841791e+01 -4.18414235e+00
 2.08806191e+01 -4.24391746e+00
 2.11531332e+01 -4.30943487e+00
 2.14050816e+01 -4.37347068e+00
 2.16374995e+01 -4.43227452e+00
 2.18505004e+01 -4.48639193e+00
 2.20442426e+01 -4.53932960e+00
 2.22192419e+01 -4.59477951e+00
 2.23767623e+01 -4.65418757e+00
 2.25195304e+01 -4.71622920e+00
 2.26518903e+01 -4.77826814e+00
 2.27786947e+01 -4.83830473e+00
 2.29036922e+01 -4.89584427e+00
 2.30287685e+01 -4.95147757e+00
 2.31543690e+01 -5.00605071e+00
 2.32803386e+01 -5.06017079e+00
 2.34064686e+01 -5.11413901e+00
 2.35326484e+01 -5.16806703e+00
 2.36588398e+01 -5.22198662e+00
 2.37850333e+01 -5.27590482e+00
 2.39112270e+01 -5.32982284e+00
 2.40374206e+01 -5.38374076e+00
 2.41636126e+01 -5.43765797e+00
 2.42897919e+01 -5.49156978e+00
 2.44158961e+01 -5.54544949e+00
 2.45416493e+01 -5.59917928e+00
 2.46661144e+01 -5.65235865e+00
 2.47868562e+01 -5.70394721e+00
 2.48991138e+01 -5.75191078e+00
 2.49961087e+01 -5.79335315e+00
 2.50714043e+01 -5.82552424e+00
 2.50714043e+01 -5.82552424e+00
 2.50714043e+01 -5.82552424e+00
 2.50714043e+01 -5.82552424e+00
 2.50714043e+01 -5.82552424e+00
 2.50714043e+01 -5.82552424e+00
 2.50714043e+01 -5.82552424e+00
 2.50714043e+01 -5.82552424e+00
 2.50714043e+01 -5.82552424e+00
 2.50714043e+01 -5.82552424e+00
 2.50714043e+01 -5.82552424e+00
 2.50714043e+01 -5.82552424e+00
 2.50714043e+01 -5.82552424e+00
 2.50714043e+01 -5.82552424e+00
 2.50714043e+01 -5.82552424e+00
 2.50714043e+01 -5.82552424e+00
 2.50714043e+01 -5.82552424e+00
 2.50714043e+01 -5.82552424e+00
 2.50714043e+01 -5.82552424e+00
 2.50714043e+01 -5.82552424e+00
 2.50714043e+01 -5.82552424e+00
 2.50714043e+01 -5.82552424e+00
 2.50714043e+01 -5.82552424e+00
 2.50714043e+01 -5.82552424e+00
 2.50714043e+01 -5.82552424e+00
 2.50714043e+01 -5.82552424e+00
 2.50714043e+01 -5.82552424e+00
 2.50714043e+01 -5.82552424e+00
 2.50714043e+01 -5.82552424e+00
 2.50714043e+01 -5.82552424e+00
 2.50714043e+01 -5.82552424e+00
