 0.00000000e+00 0.00000000e+00
 0.00000000e+00 0.00000000e+00
 0.00000000e+00 0.00000000e+00
 0.00000000e+00 0.00000000e+00
 -1.12158933e-01 -7.75413672e-02
 -2.59853792e-01 -1.79037941e-01
 -4.32109199e-01 -3.04817237e-01
 -6.13936272e-01 -4.61134526e-01
 -7.91727289e-01 -6.61896887e-01
 -9.57352413e-01 -9.26516312e-01
 -1.10984577e+00 -1.27622375e+00
 -1.25485925e+00 -1.73120304e+00
 -1.40288817e+00 -2.30930233e+00
 -1.56738949e+00 -3.02578917e+00
 -1.76332187e+00 -3.89328361e+00
 -2.00604194e+00 -4.92136388e+00
 -2.31051375e+00 -6.11582672e+00
 -2.69076636e+00 -7.47786300e+00
 -3.15896166e+00 -9.00342051e+00
 -3.72356967e+00 -1.06827891e+01
 -4.38744471e+00 -1.25002865e+01
 -5.14709679e+00 -1.44341649e+01
 -5.99329441e+00 -1.64571496e+01
 -6.91209125e+00 -1.85378643e+01
 -7.88567289e+00 -2.06429520e+01
 -8.89327626e+00 -2.27393811e+01
 -9.91263856e+00 -2.47963729e+01
 -1.09217534e+01 -2.67864897e+01
 -1.19001219e+01 -2.86856224e+01
 -1.28290936e+01 -3.04720780e+01
 -1.36917457e+01 -3.21255938e+01
 -1.44730374e+01 -3.36272379e+01
 -1.51606356e+01 -3.49604615e+01
 -1.57461735e+01 -3.61128145e+01
 -1.62262007e+01 -3.70776994e+01
 -1.66024872e+01 -3.78556775e+01
 -1.68821877e+01 -3.84549526e+01
 -1.70779096e+01 -3.88910439e+01
 -1.72064126e+01 -3.91859477e+01
 -1.72853248e+01 -3.93663633e+01
 -1.73295899e+01 -3.94596630e+01
 -1.73495848e+01 -3.94874350e+01
 -1.73506955e+01 -3.94594056e+01
 -1.73332989e+01 -3.93716951e+01
 -1.72931571e+01 -3.92103469e+01
 -1.72226086e+01 -3.89568902e+01
 -1.71121851e+01 -3.85921086e+01
 -1.69516746e+01 -3.80972196e+01
 -1.67297648e+01 -3.74542344e+01
 -1.64325430e+01 -3.66470896e+01
 -1.60425654e+01 -3.56635189e+01
 -1.55399401e+01 -3.44965834e+01
 -1.49049552e+01 -3.31450120e+01
 -1.41207826e+01 -3.16125089e+01
 -1.31755345e+01 -2.99068545e+01
 -1.20637321e+01 -2.80393777e+01
 -1.07870698e+01 -2.60248437e+01
 -9.35428927e+00 -2.38818269e+01
 -7.78070507e+00 -2.16339540e+01
 -6.08831189e+00 -1.93120077e+01
 -4.30642978e+00 -1.69557366e+01
 -2.47169795e+00 -1.46136250e+01
 -6.26598823e-01 -1.23398680e+01
 1.18303755e+00 -1.01895746e+01
 2.91083816e+00 -8.21386444e+00
 4.51306825e+00 -6.45553132e+00
 5.95244475e+00 -4.94500112e+00
 7.20207006e+00 -3.69682709e+00
 8.24844648e+00 -2.70802609e+00
 9.09271977e+00 -1.95941373e+00
 9.74971030e+00 -1.41978213e+00
 1.02447940e+01 -1.05173732e+00
 1.06093343e+01 -8.17848693e-01
 1.08756963e+01 -6.86104797e-01
 1.10726936e+01 -6.34193008e-01
 1.12221404e+01 -6.52110208e-01
 1.13371004e+01 -7.42033549e-01
 1.14217061e+01 -9.15069325e-01
 1.14715061e+01 -1.18670947e+00
 1.14740009e+01 -1.57340423e+00
 1.14107072e+01 -2.09047279e+00
 1.12616101e+01 -2.74987037e+00
 1.10105008e+01 -3.55706310e+00
 1.06492157e+01 -4.50764408e+00
 1.01804070e+01 -5.58481031e+00
 9.61907784e+00 -6.75870230e+00
 8.99228623e+00 -7.98815479e+00
 8.33624434e+00 -9.22463997e+00
 7.69109697e+00 -1.04175650e+01
 7.09497742e+00 -1.15199308e+01
 6.57943453e+00 -1.24934228e+01
 6.16743935e+00 -1.33120023e+01
 5.87373024e+00 -1.39631490e+01
 5.70673026e+00 -1.44464315e+01
 5.67138446e+00 -1.47699293e+01
 5.77186515e+00 -1.49455810e+01
 6.01305666e+00 -1.49846193e+01
 6.40093219e+00 -1.48941725e+01
 6.94250385e+00 -1.46759634e+01
 7.64497038e+00 -1.43275051e+01
 8.51321075e+00 -1.38452357e+01
 9.54606588e+00 -1.32283148e+01
 1.07332734e+01 -1.24818339e+01
 1.20549467e+01 -1.16186237e+01
 1.34841286e+01 -1.06592469e+01
 1.49911546e+01 -9.63021249e+00
 1.65475597e+01 -8.56101165e+00
 1.81276465e+01 -7.48108928e+00
 1.97073581e+01 -6.41788604e+00
 2.12618791e+01 -5.39632384e+00
 2.27640342e+01 -4.43903926e+00
 2.41845669e+01 -3.56622030e+00
 2.54940897e+01 -2.79454082e+00
 2.66660063e+01 -2.13590824e+00
 2.76795400e+01 -1.59715595e+00
 2.85219060e+01 -1.18072051e+00
 2.91892958e+01 -8.85195266e-01
 2.96871591e+01 -7.05208244e-01
 3.00299245e+01 -6.31481497e-01
 3.02391020e+01 -6.51925876e-01
 3.03387929e+01 -7.53299664e-01
 3.03500842e+01 -9.22448839e-01
 3.02880325e+01 -1.14685205e+00
 3.01631116e+01 -1.41470434e+00
 2.99846880e+01 -1.71472011e+00
 2.97632495e+01 -2.03583136e+00
 2.95111107e+01 -2.36714509e+00
 2.92423691e+01 -2.69863797e+00
 2.89712097e+01 -3.02269160e+00
 2.87082586e+01 -3.33562567e+00
 2.84576927e+01 -3.63788305e+00
 2.82178823e+01 -3.93246957e+00
 2.79847382e+01 -4.22277580e+00
 2.77547099e+01 -4.51120643e+00
 2.75258023e+01 -4.79898982e+00
 2.72972078e+01 -5.08659731e+00
 2.70686814e+01 -5.37416721e+00
 2.68401666e+01 -5.66173080e+00
 2.66116534e+01 -5.94929353e+00
 2.63831406e+01 -6.23685578e+00
 2.61546309e+01 -6.52441423e+00
 2.59261440e+01 -6.81194391e+00
 2.56977932e+01 -7.09930236e+00
 2.54700778e+01 -7.38586120e+00
 2.52446952e+01 -7.66948452e+00
 2.50260546e+01 -7.94462352e+00
 2.48227773e+01 -8.20042921e+00
 2.46471380e+01 -8.42145518e+00
 2.45107918e+01 -8.59303434e+00
 2.45107918e+01 -8.59303434e+00
 2.45107918e+01 -8.59303434e+00
 2.45107918e+01 -8.59303434e+00
 2.45107918e+01 -8.59303434e+00
 2.45107918e+01 -8.59303434e+00
 2.45107918e+01 -8.59303434e+00
 2.45107918e+01 -8.59303434e+00
 2.45107918e+01 -8.59303434e+00
 2.45107918e+01 -8.59303434e+00
 2.45107918e+01 -8.59303434e+00
 2.45107918e+01 -8.59303434e+00
 2.45107918e+01 -8.59303434e+00
 2.45107918e+01 -8.59303434e+00
 2.45107918e+01 -8.59303434e+00
 2.45107918e+01 -8.59303434e+00
 2.45107918e+01 -8.59303434e+00
 2.45107918e+01 -8.59303434e+00
 2.45107918e+01 -8.59303434e+00
 2.45107918e+01 -8.59303434e+00
 2.45107918e+01 -8.59303434e+00
 2.45107918e+01 -8.59303434e+00
 2.45107918e+01 -8.59303434e+00
 2.45107918e+01 -8.59303434e+00
 2.45107918e+01 -8.59303434e+00
 2.45107918e+01 -8.59303434e+00
