 0.00000000e+00 0.00000000e+00
 0.00000000e+00 0.00000000e+00
 0.00000000e+00 0.00000000e+00
 0.00000000e+00 0.00000000e+00
 0.00000000e+00 0.00000000e+00
 0.00000000e+00 0.00000000e+00
 0.00000000e+00 0.00000000e+00
 0.00000000e+00 0.00000000e+00
 -8.49480290e-02 -1.50661366e-01
 -2.12394078e-01 -3.89110133e-01
 -3.79956712e-01 -7.33710045e-01
 -5.79763602e-01 -1.19788271e+00
 -8.04251355e-01 -1.79028020e+00
 -1.05051217e+00 -2.51522782e+00
 -1.32114348e+00 -3.37308614e+00
 -1.62272080e+00 -4.36098244e+00
 -1.96365689e+00 -5.47427901e+00
 -2.35228386e+00 -6.70827798e+00
 -2.79536522e+00 -8.05917057e+00
 -3.29715726e+00 -9.52378383e+00
 -3.85904607e+00 -1.10984469e+01
 -4.47964438e+00 -1.27775672e+01
 -5.15528642e+00 -1.45523989e+01
 -5.88087001e+00 -1.64101602e+01
 -6.65063058e+00 -1.83334012e+01
 -7.45815984e+00 -2.02996385e+01
 -8.29544516e+00 -2.22814458e+01
 -9.15158784e+00 -2.42471599e+01
 -1.00122432e+01 -2.61623393e+01
 -1.08602567e+01 -2.79920119e+01
 -1.16769757e+01 -2.97033277e+01
 -1.24434590e+01 -3.12678933e+01
 -1.31415917e+01 -3.26633338e+01
 -1.37556820e+01 -3.38742612e+01
 -1.42744966e+01 -3.48931391e+01
 -1.46928466e+01 -3.57211500e+01
 -1.50120572e+01 -3.63683906e+01
 -1.52395555e+01 -3.68524295e+01
 -1.53880547e+01 -3.71950887e+01
 -1.54739940e+01 -3.74184383e+01
 -1.55143715e+01 -3.75411075e+01
 -1.55224282e+01 -3.75754330e+01
 -1.55047519e+01 -3.75259337e+01
 -1.54621018e+01 -3.73897369e+01
 -1.53930478e+01 -3.71587476e+01
 -1.52970193e+01 -3.68223563e+01
 -1.51745818e+01 -3.63697538e+01
 -1.50258500e+01 -3.57917592e+01
 -1.48490709e+01 -3.50821558e+01
 -1.46400694e+01 -3.42381778e+01
 -1.43919724e+01 -3.32598969e+01
 -1.40947989e+01 -3.21488728e+01
 -1.37352372e+01 -3.09069139e+01
 -1.32971746e+01 -2.95355763e+01
 -1.27632551e+01 -2.80363936e+01
 -1.21171836e+01 -2.64115552e+01
 -1.13459914e+01 -2.46649876e+01
 -1.04415628e+01 -2.28040592e+01
 -9.40157478e+00 -2.08420447e+01
 -8.23078087e+00 -1.88009953e+01
 -6.94318451e+00 -1.67140054e+01
 -5.56418776e+00 -1.46254992e+01
 -4.13086224e+00 -1.25885529e+01
 -2.68936606e+00 -1.06595781e+01
 -1.29030994e+00 -8.89202699e+00
 1.64847946e-02 -7.33080093e+00
 1.18712966e+00 -6.00787989e+00
 2.18850847e+00 -4.93907634e+00
 3.00217957e+00 -4.12253813e+00
 3.62625937e+00 -3.54027709e+00
 4.07451094e+00 -3.16308253e+00
 4.37281924e+00 -2.95730983e+00
 4.55412397e+00 -2.89102248e+00
 4.65294291e+00 -2.93755511e+00
 4.70026131e+00 -3.07609540e+00
 4.71977204e+00 -3.29025172e+00
 4.72665088e+00 -3.56591839e+00
 4.72908365e+00 -3.88918749e+00
 4.73137987e+00 -4.24467734e+00
 4.73715663e+00 -4.61490700e+00
 4.75144688e+00 -4.98133148e+00
 4.78075878e+00 -5.32679340e+00
 4.83076597e+00 -5.63826394e+00
 4.90323879e+00 -5.90868528e+00
 4.99508224e+00 -6.13737582e+00
 5.10044249e+00 -6.32929869e+00
 5.21362131e+00 -6.49394065e+00
 5.33019164e+00 -6.64423927e+00
 5.44627132e+00 -6.79539578e+00
 5.55766684e+00 -6.96328684e+00
 5.65995029e+00 -7.16254935e+00
 5.74913089e+00 -7.40469805e+00
 5.82205620e+00 -7.69649114e+00
 5.87629615e+00 -8.03842840e+00
 5.91014853e+00 -8.42342045e+00
 5.92336519e+00 -8.83638098e+00
 5.91865934e+00 -9.25565654e+00
 5.90399527e+00 -9.65598965e+00
 5.89526807e+00 -1.00112067e+01
 5.91799754e+00 -1.02949731e+01
 6.00650331e+00 -1.04799666e+01
 6.19988955e+00 -1.05377737e+01
 6.53557635e+00 -1.04416243e+01
 7.04277109e+00 -1.01715023e+01
 7.73827012e+00 -9.71868428e+00
 8.62481892e+00 -9.08734250e+00
 9.69097207e+00 -8.29374647e+00
 1.09121702e+01 -7.36493951e+00
 1.22533762e+01 -6.33737814e+00
 1.36732186e+01 -5.25452221e+00
 1.51290390e+01 -4.16268643e+00
 1.65816723e+01 -3.10579923e+00
 1.79984138e+01 -2.12054795e+00
 1.93533579e+01 -1.23320606e+00
 2.06258075e+01 -4.58697140e-01
 2.17983234e+01 1.98188626e-01
 2.28557137e+01 7.39990233e-01
 2.37853567e+01 1.17335750e+00
 2.45782985e+01 1.50687131e+00
 2.52303400e+01 1.75048374e+00
 2.57428689e+01 1.91556480e+00
 2.61234370e+01 2.01396227e+00
 2.63856753e+01 2.05601815e+00
 2.65480757e+01 2.04958698e+00
 2.66318129e+01 2.00166828e+00
 2.66585331e+01 1.92128506e+00
 2.66489496e+01 1.82053723e+00
 2.66217606e+01 1.71242232e+00
 2.65916755e+01 1.60699877e+00
 2.65671482e+01 1.50889544e+00
 2.65501745e+01 1.41787598e+00
 2.65388335e+01 1.33145053e+00
 2.65304364e+01 1.24722982e+00
 2.65231839e+01 1.16381704e+00
 2.65162700e+01 1.08063313e+00
 2.65094331e+01 9.97499611e-01
 2.65026097e+01 9.14374740e-01
 2.64957882e+01 8.31251035e-01
 2.64889670e+01 7.48127563e-01
 2.64821458e+01 6.65005198e-01
 2.64753253e+01 5.81891152e-01
 2.64685088e+01 4.98826599e-01
 2.64617113e+01 4.15993183e-01
 2.64549835e+01 3.34008319e-01
 2.64484569e+01 2.54475952e-01
 2.64423889e+01 1.80532118e-01
 2.64371460e+01 1.16641800e-01
 2.64330759e+01 6.70446985e-02
 2.64330759e+01 6.70446985e-02
 2.64330759e+01 6.70446985e-02
 2.64330759e+01 6.70446985e-02
 2.64330759e+01 6.70446985e-02
 2.64330759e+01 6.70446985e-02
 2.64330759e+01 6.70446985e-02
 2.64330759e+01 6.70446985e-02
 2.64330759e+01 6.70446985e-02
 2.64330759e+01 6.70446985e-02
 2.64330759e+01 6.70446985e-02
 2.64330759e+01 6.70446985e-02
 2.64330759e+01 6.70446985e-02
 2.64330759e+01 6.70446985e-02
 2.64330759e+01 6.70446985e-02
 2.64330759e+01 6.70446985e-02
 2.64330759e+01 6.70446985e-02
 2.64330759e+01 6.70446985e-02
 2.64330759e+01 6.70446985e-02
 2.64330759e+01 6.70446985e-02
 2.64330759e+01 6.70446985e-02
 2.64330759e+01 6.70446985e-02
 2.64330759e+01 6.70446985e-02
 2.64330759e+01 6.70446985e-02
 2.64330759e+01 6.70446985e-02
 2.64330759e+01 6.70446985e-02
 2.64330759e+01 6.70446985e-02
