 0.00000000e+00 0.00000000e+00
 0.00000000e+00 0.00000000e+00
 0.00000000e+00 0.00000000e+00
 0.00000000e+00 0.00000000e+00
 0.00000000e+00 0.00000000e+00
 0.00000000e+00 0.00000000e+00
 0.00000000e+00 0.00000000e+00
 0.00000000e+00 0.00000000e+00
 0.00000000e+00 0.00000000e+00
 0.00000000e+00 0.00000000e+00
 0.00000000e+00 0.00000000e+00
 0.00000000e+00 0.00000000e+00
 0.00000000e+00 0.00000000e+00
 0.00000000e+00 0.00000000e+00
 0.00000000e+00 0.00000000e+00
 0.00000000e+00 0.00000000e+00
 0.00000000e+00 0.00000000e+00
 0.00000000e+00 0.00000000e+00
 0.00000000e+00 0.00000000e+00
 0.00000000e+00 0.00000000e+00
 0.00000000e+00 0.00000000e+00
 0.00000000e+00 0.00000000e+00
 0.00000000e+00 0.00000000e+00
 0.00000000e+00 0.00000000e+00
 0.00000000e+00 0.00000000e+00
 0.00000000e+00 0.00000000e+00
 0.00000000e+00 0.00000000e+00
 0.00000000e+00 0.00000000e+00
 1.16007570e-01 1.23122550e-01
 2.35681740e-01 2.59352890e-01
 3.33100235e-01 3.82211840e-01
 3.88928824e-01 4.66252774e-01
 3.93349780e-01 4.91632291e-01
 3.41387294e-01 4.41995195e-01
 2.28114181e-01 3.00169310e-01
 4.83176656e-02 4.67106295e-02
 -2.01121690e-01 -3.37970073e-01
 -5.19425804e-01 -8.70514178e-01
 -9.01459843e-01 -1.56261925e+00
 -1.33782553e+00 -2.42005316e+00
 -1.81553477e+00 -3.44195689e+00
 -2.32006919e+00 -4.62065125e+00
 -2.83871989e+00 -5.94280417e+00
 -3.36372279e+00 -7.39212256e+00
 -3.89366826e+00 -8.95234495e+00
 -4.43293776e+00 -1.06087861e+01
 -4.99004715e+00 -1.23478249e+01
 -5.57580855e+00 -1.41553188e+01
 -6.20152927e+00 -1.60152041e+01
 -6.87687780e+00 -1.79086207e+01
 -7.60712700e+00 -1.98132469e+01
 -8.39036675e+00 -2.17027892e+01
 -9.21611602e+00 -2.35471976e+01
 -1.00662643e+01 -2.53142510e+01
 -1.09176553e+01 -2.69722828e+01
 -1.17447300e+01 -2.84928590e+01
 -1.25215190e+01 -2.98525224e+01
 -1.32237480e+01 -3.10339557e+01
 -1.38319271e+01 -3.20272765e+01
 -1.43346198e+01 -3.28312122e+01
 -1.47296893e+01 -3.34530578e+01
 -1.50223562e+01 -3.39065407e+01
 -1.52214313e+01 -3.42076424e+01
 -1.53360955e+01 -3.43694601e+01
 -1.53742699e+01 -3.43978922e+01
 -1.53420908e+01 -3.42899071e+01
 -1.52436585e+01 -3.40349921e+01
 -1.50805860e+01 -3.36185864e+01
 -1.48514755e+01 -3.30256410e+01
 -1.45520032e+01 -3.22435151e+01
 -1.41759957e+01 -3.12644266e+01
 -1.37169032e+01 -3.00874384e+01
 -1.31687598e+01 -2.87194037e+01
 -1.25263200e+01 -2.71743492e+01
 -1.17846135e+01 -2.54713835e+01
 -1.09383759e+01 -2.36319168e+01
 -9.98208590e+00 -2.16773253e+01
 -8.91119326e+00 -1.96280198e+01
 -7.72413825e+00 -1.75043094e+01
 -6.42413658e+00 -1.53287970e+01
 -5.02046176e+00 -1.31294479e+01
 -3.52982266e+00 -1.09419265e+01
 -1.97790897e+00 -8.80969966e+00
 -4.00047455e-01 -6.78128672e+00
 1.16023275e+00 -4.90544686e+00
 2.65501716e+00 -3.22596534e+00
 4.03748688e+00 -1.77751335e+00
 5.26776144e+00 -5.83109452e-01
 6.31765638e+00 3.47055751e-01
 7.17320013e+00 1.01559216e+00
 7.83447450e+00 1.43646598e+00
 8.31318938e+00 1.63210486e+00
 8.62883372e+00 1.62951946e+00
 8.80415870e+00 1.45616477e+00
 8.86087514e+00 1.13648973e+00
 8.81694874e+00 6.90392812e-01
 8.68634929e+00 1.34306737e-01
 8.48034829e+00 -5.15886541e-01
 8.20895256e+00 -1.24213326e+00
 7.88241897e+00 -2.02324947e+00
 7.51316930e+00 -2.83566558e+00
 7.11714049e+00 -3.65471827e+00
 6.71333905e+00 -4.45560891e+00
 6.32178910e+00 -5.21412151e+00
 5.96109477e+00 -5.90778927e+00
 5.64661223e+00 -6.51784637e+00
 5.38960877e+00 -7.03129698e+00
 5.19736388e+00 -7.44181967e+00
 5.07423553e+00 -7.74875683e+00
 5.02415311e+00 -7.95466284e+00
 5.05424124e+00 -8.06266255e+00
 5.17704578e+00 -8.07462299e+00
 5.40870941e+00 -7.99043513e+00
 5.76413992e+00 -7.80839475e+00
 6.25290019e+00 -7.52664101e+00
 6.87753356e+00 -7.14526593e+00
 7.63304194e+00 -6.66828388e+00
 8.50646710e+00 -6.10476569e+00
 9.47746263e+00 -5.46888270e+00
 1.05210344e+01 -4.77879545e+00
 1.16118480e+01 -4.05448779e+00
 1.27278395e+01 -3.31522996e+00
 1.38513362e+01 -2.57776750e+00
 1.49679845e+01 -1.85583041e+00
 1.60650523e+01 -1.16066706e+00
 1.71300286e+01 -5.01965926e-01
 1.81493970e+01 1.11298232e-01
 1.91077121e+01 6.70366332e-01
 1.99880410e+01 1.16671911e+00
 2.07745366e+01 1.59269279e+00
 2.14562151e+01 1.94259968e+00
 2.20299495e+01 2.21405835e+00
 2.25013299e+01 2.40907649e+00
 2.28833154e+01 2.53433904e+00
 2.31934601e+01 2.60017241e+00
 2.34509418e+01 2.61831237e+00
 2.36743555e+01 2.59980025e+00
 2.38802015e+01 2.55435289e+00
 2.40814357e+01 2.49087996e+00
 2.42861743e+01 2.41784169e+00
 2.44974516e+01 2.34306428e+00
 2.47144703e+01 2.27347314e+00
 2.49346385e+01 2.21474959e+00
 2.51552914e+01 2.17053069e+00
 2.53745285e+01 2.14146201e+00
 2.55911961e+01 2.12514734e+00
 2.58043473e+01 2.11748211e+00
 2.60127566e+01 2.11451522e+00
 2.62150809e+01 2.11358101e+00
 2.64106493e+01 2.11334402e+00
 2.66000877e+01 2.11329594e+00
 2.67850877e+01 2.11328818e+00
 2.69675462e+01 2.11328719e+00
 2.71488588e+01 2.11328709e+00
 2.73297652e+01 2.11328709e+00
 2.75105586e+01 2.11328708e+00
 2.76913275e+01 2.11328708e+00
 2.78720922e+01 2.11328708e+00
 2.80528564e+01 2.11328708e+00
 2.82336202e+01 2.11328708e+00
 2.84143816e+01 2.11328708e+00
 2.85951250e+01 2.11328708e+00
 2.87757607e+01 2.11328708e+00
 2.89558937e+01 2.11328708e+00
 2.91341815e+01 2.11328708e+00
 2.93071360e+01 2.11328708e+00
 2.94679374e+01 2.11328708e+00
 2.96068760e+01 2.11328708e+00
 2.97147320e+01 2.11328708e+00
 2.97147320e+01 2.11328708e+00
 2.97147320e+01 2.11328708e+00
 2.97147320e+01 2.11328708e+00
 2.97147320e+01 2.11328708e+00
 2.97147320e+01 2.11328708e+00
