 0.00000000e+00 0.00000000e+00
 0.00000000e+00 0.00000000e+00
 0.00000000e+00 0.00000000e+00
 0.00000000e+00 0.00000000e+00
 0.00000000e+00 0.00000000e+00
 0.00000000e+00 0.00000000e+00
 0.00000000e+00 0.00000000e+00
 0.00000000e+00 0.00000000e+00
 0.00000000e+00 0.00000000e+00
 -4.37373108e-02 -2.38671905e-01
 -1.11465278e-01 -5.90194597e-01
 -2.06748604e-01 -1.06444572e+00
 -3.32263623e-01 -1.66563518e+00
 -4.91194216e-01 -2.39604419e+00
 -6.88774475e-01 -3.25782911e+00
 -9.33041613e-01 -4.25320710e+00
 -1.23407273e+00 -5.38428316e+00
 -1.60223006e+00 -6.65287606e+00
 -2.04669959e+00 -8.05995408e+00
 -2.57481212e+00 -9.60450179e+00
 -3.19156362e+00 -1.12822067e+01
 -3.89895324e+00 -1.30843657e+01
 -4.69558632e+00 -1.49969414e+01
 -5.57681884e+00 -1.69997327e+01
 -6.53486986e+00 -1.90662106e+01
 -7.55833927e+00 -2.11645948e+01
 -8.63132583e+00 -2.32598490e+01
 -9.73268455e+00 -2.53155632e+01
 -1.08359170e+01 -2.72951273e+01
 -1.19102776e+01 -2.91627156e+01
 -1.29235170e+01 -3.08850660e+01
 -1.38458417e+01 -3.24341993e+01
 -1.46537755e+01 -3.37900388e+01
 -1.53326247e+01 -3.49418086e+01
 -1.58772423e+01 -3.58881427e+01
 -1.62917608e+01 -3.66365618e+01
 -1.65888961e+01 -3.72026400e+01
 -1.67884079e+01 -3.76085271e+01
 -1.69138106e+01 -3.78804068e+01
 -1.69877872e+01 -3.80448956e+01
 -1.70285604e+01 -3.81246747e+01
 -1.70488337e+01 -3.81339151e+01
 -1.70563382e+01 -3.80750553e+01
 -1.70541059e+01 -3.79390203e+01
 -1.70402365e+01 -3.77090774e+01
 -1.70084095e+01 -3.73658238e+01
 -1.69497614e+01 -3.68907420e+01
 -1.68547833e+01 -3.62680202e+01
 -1.67132581e+01 -3.54856400e+01
 -1.65123148e+01 -3.45361096e+01
 -1.62348819e+01 -3.34164136e+01
 -1.58601794e+01 -3.21269670e+01
 -1.53657222e+01 -3.06701384e+01
 -1.47295888e+01 -2.90493503e+01
 -1.39325851e+01 -2.72695087e+01
 -1.29606554e+01 -2.53387526e+01
 -1.18076097e+01 -2.32708528e+01
 -1.04775724e+01 -2.10874822e+01
 -8.98657688e+00 -1.88198925e+01
 -7.36316459e+00 -1.65096576e+01
 -5.64776429e+00 -1.42078758e+01
 -3.89033906e+00 -1.19721817e+01
 -2.14627162e+00 -9.86161494e+00
 -4.71280004e-01 -7.93036149e+00
 1.08366016e+00 -6.22189459e+00
 2.47672726e+00 -4.76478643e+00
 3.67865083e+00 -3.57070483e+00
 4.67498054e+00 -2.63461325e+00
 5.46700241e+00 -1.93734821e+00
 6.07059756e+00 -1.45073437e+00
 6.51252054e+00 -1.14438746e+00
 6.82489669e+00 -9.92088399e-01
 7.03974815e+00 -9.75594173e-01
 7.18471166e+00 -1.08521144e+00
 7.27984103e+00 -1.31803474e+00
 7.33541633e+00 -1.67515353e+00
 7.35167662e+00 -2.15843808e+00
 7.32141202e+00 -2.76690899e+00
 7.23512292e+00 -3.49311329e+00
 7.08708366e+00 -4.32070693e+00
 6.87980739e+00 -5.22419289e+00
 6.62498794e+00 -6.17067160e+00
 6.34118200e+00 -7.12286560e+00
 6.05025468e+00 -8.04282041e+00
 5.77429353e+00 -8.89580366e+00
 5.53322955e+00 -9.65377075e+00
 5.34267398e+00 -1.02976667e+01
 5.21230057e+00 -1.08180454e+01
 5.14634674e+00 -1.12140936e+01
 5.14705433e+00 -1.14918268e+01
 5.21885151e+00 -1.16620610e+01
 5.36967670e+00 -1.17378027e+01
 5.60877867e+00 -1.17308202e+01
 5.94378106e+00 -1.16488441e+01
 6.37912215e+00 -1.14953602e+01
 6.91526790e+00 -1.12719507e+01
 7.54778529e+00 -1.09812515e+01
 8.26689706e+00 -1.06289211e+01
 9.05844617e+00 -1.02242913e+01
 9.90603932e+00 -9.77994753e+00
 1.07933022e+01 -9.31049783e+00
 1.17053778e+01 -8.83085557e+00
 1.26294087e+01 -8.35458232e+00
 1.35541985e+01 -7.89288338e+00
 1.44695538e+01 -7.45444019e+00
 1.53658546e+01 -7.04571035e+00
 1.62339164e+01 -6.67124916e+00
 1.70647132e+01 -6.33394317e+00
 1.78489242e+01 -6.03521750e+00
 1.85770631e+01 -5.77520663e+00
 1.92407019e+01 -5.55284502e+00
 1.98341393e+01 -5.36584304e+00
 2.03555655e+01 -5.21055959e+00
 2.08077959e+01 -5.08195226e+00
 2.11991167e+01 -4.97387021e+00
 2.15435141e+01 -4.87976774e+00
 2.18584973e+01 -4.79366077e+00
 2.21604164e+01 -4.71100121e+00
 2.24601551e+01 -4.62909393e+00
 2.27621870e+01 -4.54686035e+00
 2.30668017e+01 -4.46416979e+00
 2.33729211e+01 -4.38120283e+00
 2.36796475e+01 -4.29812276e+00
 2.39865556e+01 -4.21500857e+00
 2.42935051e+01 -4.13188658e+00
 2.46004619e+01 -4.04876320e+00
 2.49074196e+01 -3.96563965e+00
 2.52143770e+01 -3.88251619e+00
 2.55213304e+01 -3.79939382e+00
 2.58282531e+01 -3.71627978e+00
 2.61349929e+01 -3.63321523e+00
 2.64408793e+01 -3.55038181e+00
 2.67436321e+01 -3.46839695e+00
 2.70373284e+01 -3.38886458e+00
 2.73103874e+01 -3.31492074e+00
 2.75463209e+01 -3.25103043e+00
 2.77294725e+01 -3.20143333e+00
 2.77294725e+01 -3.20143333e+00
 2.77294725e+01 -3.20143333e+00
 2.77294725e+01 -3.20143333e+00
 2.77294725e+01 -3.20143333e+00
 2.77294725e+01 -3.20143333e+00
 2.77294725e+01 -3.20143333e+00
 2.77294725e+01 -3.20143333e+00
 2.77294725e+01 -3.20143333e+00
 2.77294725e+01 -3.20143333e+00
 2.77294725e+01 -3.20143333e+00
 2.77294725e+01 -3.20143333e+00
 2.77294725e+01 -3.20143333e+00
 2.77294725e+01 -3.20143333e+00
 2.77294725e+01 -3.20143333e+00
 2.77294725e+01 -3.20143333e+00
 2.77294725e+01 -3.20143333e+00
 2.77294725e+01 -3.20143333e+00
 2.77294725e+01 -3.20143333e+00
 2.77294725e+01 -3.20143333e+00
 2.77294725e+01 -3.20143333e+00
 2.77294725e+01 -3.20143333e+00
 2.77294725e+01 -3.20143333e+00
 2.77294725e+01 -3.20143333e+00
 2.77294725e+01 -3.20143333e+00
 2.77294725e+01 -3.20143333e+00
 2.77294725e+01 -3.20143333e+00
 2.77294725e+01 -3.20143333e+00
 2.77294725e+01 -3.20143333e+00
 2.77294725e+01 -3.20143333e+00
 2.77294725e+01 -3.20143333e+00
 2.77294725e+01 -3.20143333e+00
 2.77294725e+01 -3.20143333e+00
 2.77294725e+01 -3.20143333e+00
 2.77294725e+01 -3.20143333e+00
 2.77294725e+01 -3.20143333e+00
 2.77294725e+01 -3.20143333e+00
 2.77294725e+01 -3.20143333e+00
