 0.00000000e+00 0.00000000e+00
 0.00000000e+00 0.00000000e+00
 0.00000000e+00 0.00000000e+00
 0.00000000e+00 0.00000000e+00
 0.00000000e+00 0.00000000e+00
 0.00000000e+00 0.00000000e+00
 0.00000000e+00 0.00000000e+00
 0.00000000e+00 0.00000000e+00
 0.00000000e+00 0.00000000e+00
 0.00000000e+00 0.00000000e+00
 0.00000000e+00 0.00000000e+00
 0.00000000e+00 0.00000000e+00
 -6.96739205e-02 1.59664089e-01
 -2.00256016e-01 3.63625414e-01
 -4.10958551e-01 5.94894673e-01
 -7.11169298e-01 8.33682108e-01
 -1.09976268e+00 1.06288235e+00
 -1.57001037e+00 1.26936131e+00
 -2.11552218e+00 1.44258348e+00
 -2.73340972e+00 1.57314429e+00
 -3.42441358e+00 1.65211597e+00
 -4.19192107e+00 1.67051939e+00
 -5.04139542e+00 1.61847569e+00
 -5.98012248e+00 1.48488512e+00
 -7.01641412e+00 1.25850182e+00
 -8.15814009e+00 9.29712735e-01
 -9.41132510e+00 4.91553018e-01
 -1.07792344e+01 -6.03973202e-02
 -1.22614310e+01 -7.28298335e-01
 -1.38521627e+01 -1.51159431e+00
 -1.55384167e+01 -2.40584276e+00
 -1.72987819e+01 -3.40177805e+00
 -1.91037468e+01 -4.48564873e+00
 -2.09167711e+01 -5.64078631e+00
 -2.26950890e+01 -6.84915975e+00
 -2.43903899e+01 -8.09185881e+00
 -2.59507884e+01 -9.34875480e+00
 -2.73249463e+01 -1.05983516e+01
 -2.84672251e+01 -1.18183485e+01
 -2.93415754e+01 -1.29864620e+01
 -2.99227300e+01 -1.40807294e+01
 -3.01953253e+01 -1.50791389e+01
 -3.01528286e+01 -1.59591205e+01
 -2.97971198e+01 -1.66973361e+01
 -2.91376242e+01 -1.72697609e+01
 -2.81891673e+01 -1.76521063e+01
 -2.69699220e+01 -1.78211908e+01
 -2.55011493e+01 -1.77577570e+01
 -2.38080745e+01 -1.74497491e+01
 -2.19197761e+01 -1.68938984e+01
 -1.98674509e+01 -1.60947535e+01
 -1.76824339e+01 -1.50626899e+01
 -1.53951753e+01 -1.38127604e+01
 -1.30346625e+01 -1.23641897e+01
 -1.06269120e+01 -1.07384033e+01
 -8.19218283e+00 -8.95411882e+00
 -5.74248254e+00 -7.02120182e+00
 -3.28156551e+00 -4.93744881e+00
 -8.07879770e-01 -2.69106887e+00
 1.68120982e+00 -2.67833789e-01
 4.18548355e+00 2.34047411e+00
 6.69814223e+00 5.12910525e+00
 9.20182671e+00 8.07546894e+00
 1.16652991e+01 1.11355672e+01
 1.40427828e+01 1.42421487e+01
 1.62771317e+01 1.73070765e+01
 1.83059500e+01 2.02297814e+01
 2.00683276e+01 2.29101113e+01
 2.15100398e+01 2.52608885e+01
 2.25864919e+01 2.72156822e+01
 2.32641623e+01 2.87304047e+01
 2.35218199e+01 2.97810177e+01
 2.33521989e+01 3.03608932e+01
 2.27636457e+01 3.04793128e+01
 2.17804543e+01 3.01598136e+01
 2.04411043e+01 2.94365545e+01
 1.87951722e+01 2.83488017e+01
 1.69005636e+01 2.69359653e+01
 1.48217230e+01 2.52359529e+01
 1.26275963e+01 2.32869937e+01
 1.03874384e+01 2.11298478e+01
 8.16422379e+00 1.88070986e+01
 6.00807283e+00 1.63594568e+01
 3.95278163e+00 1.38220954e+01
 2.01649092e+00 1.12239522e+01
 2.05272831e-01 8.59025114e+00
 -1.48211600e+00 5.94596802e+00
 -3.04962108e+00 3.31762443e+00
 -4.50023939e+00 7.32574299e-01
 -5.83360579e+00 -1.78288590e+00
 -7.04472500e+00 -4.20462540e+00
 -8.12386404e+00 -6.51023947e+00
 -9.05768114e+00 -8.67784081e+00
 -9.83129743e+00 -1.06854075e+01
 -1.04306800e+01 -1.25114755e+01
 -1.08447202e+01 -1.41368428e+01
 -1.10664495e+01 -1.55460414e+01
 -1.10929290e+01 -1.67275970e+01
 -1.09238692e+01 -1.76732665e+01
 -1.05596641e+01 -1.83770379e+01
 -9.99959569e+00 -1.88343244e+01
 -9.24076255e+00 -1.90416421e+01
 -8.27823171e+00 -1.89973167e+01
 -7.10655752e+00 -1.87031402e+01
 -5.72212661e+00 -1.81656556e+01
 -4.12561298e+00 -1.73959712e+01
 -2.32427343e+00 -1.64086756e+01
 -3.34095815e-01 -1.52212057e+01
 1.81846426e+00 -1.38544411e+01
 4.09588901e+00 -1.23346251e+01
 6.45105706e+00 -1.06958500e+01
 8.83152740e+00 -8.98095371e+00
 1.11869754e+01 -7.23816355e+00
 1.34787486e+01 -5.51260725e+00
 1.56880606e+01 -3.83559747e+00
 1.78179875e+01 -2.21784156e+00
 1.98871606e+01 -6.51473832e-01
 2.19187807e+01 8.80534031e-01
 2.39316267e+01 2.39442454e+00
 2.59369066e+01 3.90073455e+00
 2.79397397e+01 5.40452623e+00
 2.99419411e+01 6.90765465e+00
 3.19440126e+01 8.41064490e+00
 3.39460631e+01 9.91361241e+00
 3.59481107e+01 1.14165768e+01
 3.79501552e+01 1.29195389e+01
 3.99521733e+01 1.44224811e+01
 4.19539911e+01 1.59252729e+01
 4.39546168e+01 1.74271698e+01
 4.59496755e+01 1.89248875e+01
 4.79242967e+01 2.04072625e+01
 4.98398490e+01 2.18452937e+01
 5.16208005e+01 2.31822781e+01
 5.31596110e+01 2.43374842e+01
 5.43541668e+01 2.52342534e+01
 5.43541668e+01 2.52342534e+01
 5.43541668e+01 2.52342534e+01
 5.43541668e+01 2.52342534e+01
 5.43541668e+01 2.52342534e+01
 5.43541668e+01 2.52342534e+01
 5.43541668e+01 2.52342534e+01
 5.43541668e+01 2.52342534e+01
 5.43541668e+01 2.52342534e+01
 5.43541668e+01 2.52342534e+01
 5.43541668e+01 2.52342534e+01
 5.43541668e+01 2.52342534e+01
 5.43541668e+01 2.52342534e+01
 5.43541668e+01 2.52342534e+01
 5.43541668e+01 2.52342534e+01
 5.43541668e+01 2.52342534e+01
 5.43541668e+01 2.52342534e+01
 5.43541668e+01 2.52342534e+01
 5.43541668e+01 2.52342534e+01
 5.43541668e+01 2.52342534e+01
 5.43541668e+01 2.52342534e+01
 5.43541668e+01 2.52342534e+01
 5.43541668e+01 2.52342534e+01
 5.43541668e+01 2.52342534e+01
 5.43541668e+01 2.52342534e+01
 5.43541668e+01 2.52342534e+01
