 0.00000000e+00 0.00000000e+00
 0.00000000e+00 0.00000000e+00
 0.00000000e+00 0.00000000e+00
 0.00000000e+00 0.00000000e+00
 1.88470389e-02 -3.15361160e-02
 4.22483298e-02 -9.06788162e-02
 6.80723086e-02 -1.93814766e-01
 9.51410388e-02 -3.61945287e-01
 1.22344928e-01 -6.18886042e-01
 1.45914626e-01 -9.88671907e-01
 1.57609725e-01 -1.49294429e+00
 1.44558557e-01 -2.14856655e+00
 8.96405124e-02 -2.96557466e+00
 -2.70092059e-02 -3.94570056e+00
 -2.23978993e-01 -5.08179447e+00
 -5.13572346e-01 -6.35844625e+00
 -8.99228402e-01 -7.75378748e+00
 -1.37638537e+00 -9.24206760e+00
 -1.93492010e+00 -1.07964756e+01
 -2.56141235e+00 -1.23916584e+01
 -3.24093298e+00 -1.40053798e+01
 -3.95858153e+00 -1.56189922e+01
 -4.70084321e+00 -1.72168801e+01
 -5.45660985e+00 -1.87855725e+01
 -6.21744060e+00 -2.03133721e+01
 -6.97681455e+00 -2.17906871e+01
 -7.72891384e+00 -2.32102515e+01
 -8.46781508e+00 -2.45663296e+01
 -9.18721414e+00 -2.58531368e+01
 -9.88006223e+00 -2.70636626e+01
 -1.05379360e+01 -2.81896211e+01
 -1.11508956e+01 -2.92220899e+01
 -1.17085222e+01 -3.01521573e+01
 -1.22017802e+01 -3.09716527e+01
 -1.26246012e+01 -3.16744075e+01
 -1.29744355e+01 -3.22578200e+01
 -1.32521183e+01 -3.27237652e+01
 -1.34619533e+01 -3.30780689e+01
 -1.36118599e+01 -3.33285263e+01
 -1.37120241e+01 -3.34820937e+01
 -1.37714711e+01 -3.35423278e+01
 -1.37946246e+01 -3.35081322e+01
 -1.37803658e+01 -3.33739357e+01
 -1.37236454e+01 -3.31303501e+01
 -1.36176132e+01 -3.27646152e+01
 -1.34544474e+01 -3.22613741e+01
 -1.32246972e+01 -3.16045995e+01
 -1.29163132e+01 -3.07803913e+01
 -1.25146448e+01 -2.97793890e+01
 -1.20037990e+01 -2.85978042e+01
 -1.13687642e+01 -2.72371594e+01
 -1.05972218e+01 -2.57037181e+01
 -9.68044615e+00 -2.40086523e+01
 -8.61375221e+00 -2.21691289e+01
 -7.39747294e+00 -2.02094204e+01
 -6.03889699e+00 -1.81610544e+01
 -4.55442149e+00 -1.60619378e+01
 -2.97037982e+00 -1.39549020e+01
 -1.32158806e+00 -1.18856662e+01
 3.51726608e-01 -9.89995869e+00
 2.00709176e+00 -8.04009612e+00
 3.60222034e+00 -6.34186127e+00
 5.09698146e+00 -4.83230180e+00
 6.45566171e+00 -3.52844016e+00
 7.65000642e+00 -2.43666979e+00
 8.66253085e+00 -1.55298411e+00
 9.48848969e+00 -8.64494428e-01
 1.01352253e+01 -3.52418436e-01
 1.06195126e+01 3.88688002e-03
 1.09646545e+01 2.22800230e-01
 1.11978707e+01 3.17521352e-01
 1.13469161e+01 2.95466867e-01
 1.14356714e+01 1.59861040e-01
 1.14805452e+01 -8.78787418e-02
 1.14895792e+01 -4.46097355e-01
 1.14644123e+01 -9.11028622e-01
 1.14042266e+01 -1.47459238e+00
 1.13101453e+01 -2.12228637e+00
 1.11878526e+01 -2.83235426e+00
 1.10474091e+01 -3.57715566e+00
 1.09016201e+01 -4.32664634e+00
 1.07643868e+01 -5.05277132e+00
 1.06486931e+01 -5.73307417e+00
 1.05638762e+01 -6.35232018e+00
 1.05138446e+01 -6.90216437e+00
 1.04982275e+01 -7.37994386e+00
 1.05154620e+01 -7.78765583e+00
 1.05644121e+01 -8.13122885e+00
 1.06432466e+01 -8.41944833e+00
 1.07481195e+01 -8.66222079e+00
 1.08740749e+01 -8.86871123e+00
 1.10173026e+01 -9.04609732e+00
 1.11766604e+01 -9.19911694e+00
 1.13541040e+01 -9.33002036e+00
 1.15549355e+01 -9.43848282e+00
 1.17883375e+01 -9.52139690e+00
 1.20678941e+01 -9.57263725e+00
 1.24114387e+01 -9.58263752e+00
 1.28395409e+01 -9.53803080e+00
 1.33724535e+01 -9.42281277e+00
 1.40262389e+01 -9.22198344e+00
 1.48091941e+01 -8.92598354e+00
 1.57193297e+01 -8.53341515e+00
 1.67432019e+01 -8.05179964e+00
 1.78562736e+01 -7.49745440e+00
 1.90249935e+01 -6.89436037e+00
 2.02105813e+01 -6.27128215e+00
 2.13738812e+01 -5.65767529e+00
 2.24799417e+01 -5.07982640e+00
 2.35011421e+01 -4.55811118e+00
 2.44187789e+01 -4.10544063e+00
 2.52237366e+01 -3.72676261e+00
 2.59164708e+01 -3.41957602e+00
 2.65059184e+01 -3.17539930e+00
 2.70071262e+01 -2.98194063e+00
 2.74381239e+01 -2.82543160e+00
 2.78169980e+01 -2.69247913e+00
 2.81598076e+01 -2.57113218e+00
 2.84793522e+01 -2.45143513e+00
 2.87845142e+01 -2.32594195e+00
 2.90800342e+01 -2.19029189e+00
 2.93667327e+01 -2.04347620e+00
 2.96422478e+01 -1.88741268e+00
 2.99025083e+01 -1.72588143e+00
 3.01440956e+01 -1.56322622e+00
 3.03667574e+01 -1.40318701e+00
 3.05743435e+01 -1.24807110e+00
 3.07731312e+01 -1.09844002e+00
 3.09688085e+01 -9.53421862e-01
 3.11645593e+01 -8.11478032e-01
 3.13612408e+01 -6.71173800e-01
 3.15586155e+01 -5.31568500e-01
 3.17563034e+01 -3.92200382e-01
 3.19540917e+01 -2.52896064e-01
 3.21519040e+01 -1.13605299e-01
 3.23497206e+01 2.56831985e-02
 3.25475378e+01 1.64971383e-01
 3.27453548e+01 3.04259347e-01
 3.29431692e+01 4.43545472e-01
 3.31409638e+01 5.82817657e-01
 3.33386406e+01 7.22006909e-01
 3.35357674e+01 8.60808848e-01
 3.37308748e+01 9.98188892e-01
 3.39201457e+01 1.13145934e+00
 3.40961170e+01 1.25536523e+00
 3.42481631e+01 1.36242468e+00
 3.43661941e+01 1.44553334e+00
 3.43661941e+01 1.44553334e+00
 3.43661941e+01 1.44553334e+00
 3.43661941e+01 1.44553334e+00
 3.43661941e+01 1.44553334e+00
 3.43661941e+01 1.44553334e+00
 3.43661941e+01 1.44553334e+00
 3.43661941e+01 1.44553334e+00
 3.43661941e+01 1.44553334e+00
 3.43661941e+01 1.44553334e+00
 3.43661941e+01 1.44553334e+00
 3.43661941e+01 1.44553334e+00
 3.43661941e+01 1.44553334e+00
 3.43661941e+01 1.44553334e+00
 3.43661941e+01 1.44553334e+00
 3.43661941e+01 1.44553334e+00
 3.43661941e+01 1.44553334e+00
 3.43661941e+01 1.44553334e+00
 3.43661941e+01 1.44553334e+00
 3.43661941e+01 1.44553334e+00
 3.43661941e+01 1.44553334e+00
 3.43661941e+01 1.44553334e+00
 3.43661941e+01 1.44553334e+00
 3.43661941e+01 1.44553334e+00
 3.43661941e+01 1.44553334e+00
 3.43661941e+01 1.44553334e+00
 3.43661941e+01 1.44553334e+00
 3.43661941e+01 1.44553334e+00
