 0.00000000e+00 0.00000000e+00
 0.00000000e+00 0.00000000e+00
 0.00000000e+00 0.00000000e+00
 0.00000000e+00 0.00000000e+00
 2.09413772e-02 -1.14695611e-01
 4.87739745e-02 -2.87875400e-01
 8.19488558e-02 -5.28379993e-01
 1.18453611e-01 -8.42331176e-01
 1.54171279e-01 -1.23433921e+00
 1.79731019e-01 -1.70871267e+00
 1.78916460e-01 -2.27049549e+00
 1.30647065e-01 -2.92629746e+00
 1.33169106e-02 -3.68442170e+00
 -1.91448872e-01 -4.55383248e+00
 -4.97113983e-01 -5.54240429e+00
 -9.11761552e-01 -6.65542164e+00
 -1.43757453e+00 -7.89472145e+00
 -2.07024798e+00 -9.25807840e+00
 -2.79916430e+00 -1.07384895e+01
 -3.60882026e+00 -1.23236807e+01
 -4.48101537e+00 -1.39963521e+01
 -5.39677457e+00 -1.57350990e+01
 -6.33747315e+00 -1.75154500e+01
 -7.28540918e+00 -1.93106560e+01
 -8.22416907e+00 -2.10924063e+01
 -9.13876852e+00 -2.28318483e+01
 -1.00153538e+01 -2.45009248e+01
 -1.08404378e+01 -2.60736211e+01
 -1.16002320e+01 -2.75268804e+01
 -1.22810737e+01 -2.88414879e+01
 -1.28713355e+01 -3.00032611e+01
 -1.33638308e+01 -3.10042565e+01
 -1.37571555e+01 -3.18433457e+01
 -1.40554417e+01 -3.25258591e+01
 -1.42675373e+01 -3.30624938e+01
 -1.44067276e+01 -3.34679031e+01
 -1.44905033e+01 -3.37593733e+01
 -1.45386409e+01 -3.39556546e+01
 -1.45690044e+01 -3.40754178e+01
 -1.45930895e+01 -3.41344742e+01
 -1.46144295e+01 -3.41416524e+01
 -1.46308455e+01 -3.40952449e+01
 -1.46380180e+01 -3.39830105e+01
 -1.46310760e+01 -3.37862748e+01
 -1.46039086e+01 -3.34848630e+01
 -1.45484550e+01 -3.30594963e+01
 -1.44549709e+01 -3.24919172e+01
 -1.43119662e+01 -3.17652742e+01
 -1.41051718e+01 -3.08659494e+01
 -1.38170181e+01 -2.97857616e+01
 -1.34278413e+01 -2.85229299e+01
 -1.29178603e+01 -2.70813482e+01
 -1.22684509e+01 -2.54692652e+01
 -1.14630164e+01 -2.36990329e+01
 -1.04890288e+01 -2.17886073e+01
 -9.34187392e+00 -1.97638200e+01
 -8.02915661e+00 -1.76597216e+01
 -6.57324200e+00 -1.55200780e+01
 -5.01086477e+00 -1.33952014e+01
 -3.39036169e+00 -1.13386689e+01
 -1.76764140e+00 -9.40339969e+00
 -2.01349207e-01 -7.63738945e+00
 1.25279345e+00 -6.07924537e+00
 2.54811610e+00 -4.75402909e+00
 3.65241068e+00 -3.67065849e+00
 4.55097675e+00 -2.82209427e+00
 5.24636188e+00 -2.18846728e+00
 5.75552004e+00 -1.74214551e+00
 6.10587501e+00 -1.45333909e+00
 6.33060444e+00 -1.29530863e+00
 6.46246379e+00 -1.24868787e+00
 6.52711504e+00 -1.30397745e+00
 6.53935272e+00 -1.46100543e+00
 6.50457930e+00 -1.72554098e+00
 6.42363754e+00 -2.10487982e+00
 6.29681935e+00 -2.60388655e+00
 6.12518828e+00 -3.22158339e+00
 5.91093962e+00 -3.94814573e+00
 5.65902030e+00 -4.76302196e+00
 5.37971304e+00 -5.63526995e+00
 5.08991984e+00 -6.52653095e+00
 4.81161133e+00 -7.39593522e+00
 4.56805511e+00 -8.20538060e+00
 4.37980793e+00 -8.92348393e+00
 4.26245667e+00 -9.52725843e+00
 4.22712913e+00 -1.00018615e+01
 4.28310171e+00 -1.03394229e+01
 4.44032877e+00 -1.05373134e+01
 4.71003465e+00 -1.05956343e+01
 5.10332846e+00 -1.05146760e+01
 5.62894810e+00 -1.02941050e+01
 6.29115760e+00 -9.93450072e+00
 7.08844036e+00 -9.43987046e+00
 8.01302208e+00 -8.81953544e+00
 9.05064385e+00 -8.08892060e+00
 1.01803826e+01 -7.26941545e+00
 1.13752921e+01 -6.38738045e+00
 1.26045925e+01 -5.47235858e+00
 1.38369555e+01 -4.55478833e+00
 1.50436713e+01 -3.66357388e+00
 1.62008734e+01 -2.82368576e+00
 1.72907113e+01 -2.05410422e+00
 1.83015938e+01 -1.36689375e+00
 1.92276281e+01 -7.67945240e-01
 2.00675820e+01 -2.58654039e-01
 2.08239918e+01 1.62942846e-01
 2.15029737e+01 5.02157644e-01
 2.21146557e+01 7.67884290e-01
 2.26733066e+01 9.71814383e-01
 2.31961838e+01 1.12648309e+00
 2.37012030e+01 1.24335276e+00
 2.42045401e+01 1.33209101e+00
 2.47188768e+01 1.40069173e+00
 2.52519881e+01 1.45521715e+00
 2.58054156e+01 1.49903800e+00
 2.63738580e+01 1.53280985e+00
 2.69460993e+01 1.55580851e+00
 2.75074696e+01 1.56741787e+00
 2.80428480e+01 1.56727441e+00
 2.85389457e+01 1.55445484e+00
 2.89853905e+01 1.52746560e+00
 2.93751850e+01 1.48561192e+00
 2.97050678e+01 1.43038629e+00
 2.99755297e+01 1.36555365e+00
 3.01902503e+01 1.29613486e+00
 3.03552806e+01 1.22717594e+00
 3.04780068e+01 1.16269072e+00
 3.05653907e+01 1.10489968e+00
 3.06219441e+01 1.05417278e+00
 3.06494394e+01 1.00983923e+00
 3.06495852e+01 9.71132586e-01
 3.06277733e+01 9.37386993e-01
 3.05940924e+01 9.07617242e-01
 3.05599061e+01 8.80352624e-01
 3.05328006e+01 8.54087730e-01
 3.05144374e+01 8.27847147e-01
 3.05024914e+01 8.01307664e-01
 3.04938854e+01 7.74521025e-01
 3.04865760e+01 7.47614752e-01
 3.04796499e+01 7.20668023e-01
 3.04728109e+01 6.93711217e-01
 3.04659873e+01 6.66752520e-01
 3.04591658e+01 6.39793556e-01
 3.04523445e+01 6.12834598e-01
 3.04455233e+01 5.85875994e-01
 3.04387028e+01 5.58920087e-01
 3.04318864e+01 5.31980232e-01
 3.04250889e+01 5.05115340e-01
 3.04183610e+01 4.78525654e-01
 3.04118345e+01 4.52731373e-01
 3.04057665e+01 4.28749589e-01
 3.04005235e+01 4.08028405e-01
 3.03964535e+01 3.91942859e-01
 3.03964535e+01 3.91942859e-01
 3.03964535e+01 3.91942859e-01
 3.03964535e+01 3.91942859e-01
 3.03964535e+01 3.91942859e-01
 3.03964535e+01 3.91942859e-01
 3.03964535e+01 3.91942859e-01
 3.03964535e+01 3.91942859e-01
 3.03964535e+01 3.91942859e-01
 3.03964535e+01 3.91942859e-01
 3.03964535e+01 3.91942859e-01
 3.03964535e+01 3.91942859e-01
 3.03964535e+01 3.91942859e-01
 3.03964535e+01 3.91942859e-01
 3.03964535e+01 3.91942859e-01
 3.03964535e+01 3.91942859e-01
 3.03964535e+01 3.91942859e-01
 3.03964535e+01 3.91942859e-01
 3.03964535e+01 3.91942859e-01
 3.03964535e+01 3.91942859e-01
 3.03964535e+01 3.91942859e-01
 3.03964535e+01 3.91942859e-01
