 0.00000000e+00 0.00000000e+00
 0.00000000e+00 0.00000000e+00
 0.00000000e+00 0.00000000e+00
 0.00000000e+00 0.00000000e+00
 5.45373880e-02 9.50578097e-02
 1.19310264e-01 1.94994836e-01
 1.86700602e-01 2.72514921e-01
 2.46791262e-01 2.96180485e-01
 2.86838888e-01 2.32967392e-01
 2.90525313e-01 4.84216062e-02
 2.38975954e-01 -2.91976085e-01
 1.13948876e-01 -8.18848379e-01
 -9.88931407e-02 -1.55438818e+00
 -4.08737296e-01 -2.50956183e+00
 -8.20129040e-01 -3.68325124e+00
 -1.33363796e+00 -5.06224957e+00
 -1.94598598e+00 -6.62182864e+00
 -2.65007030e+00 -8.32783030e+00
 -3.43531463e+00 -1.01409329e+01
 -4.28832263e+00 -1.20221978e+01
 -5.19377667e+00 -1.39378320e+01
 -6.13559828e+00 -1.58612390e+01
 -7.09799946e+00 -1.77718928e+01
 -8.06574524e+00 -1.96523736e+01
 -9.02341691e+00 -2.14854851e+01
 -9.95428113e+00 -2.32525913e+01
 -1.08397144e+01 -2.49334927e+01
 -1.16598945e+01 -2.65076405e+01
 -1.23959144e+01 -2.79558959e+01
 -1.30326935e+01 -2.92619726e+01
 -1.35613932e+01 -3.04134459e+01
 -1.39802647e+01 -3.14026786e+01
 -1.42940729e+01 -3.22277312e+01
 -1.45132196e+01 -3.28930317e+01
 -1.46531121e+01 -3.34094768e+01
 -1.47329052e+01 -3.37934661e+01
 -1.47726326e+01 -3.40645901e+01
 -1.47894561e+01 -3.42423877e+01
 -1.47950232e+01 -3.43427589e+01
 -1.47949308e+01 -3.43743080e+01
 -1.47894197e+01 -3.43355052e+01
 -1.47741008e+01 -3.42145876e+01
 -1.47407157e+01 -3.39928294e+01
 -1.46784162e+01 -3.36486899e+01
 -1.45748657e+01 -3.31598713e+01
 -1.44157808e+01 -3.25034453e+01
 -1.41831578e+01 -3.16564151e+01
 -1.38541950e+01 -3.05978649e+01
 -1.34021894e+01 -2.93117491e+01
 -1.27988950e+01 -2.77890093e+01
 -1.20175620e+01 -2.60287555e+01
 -1.10367107e+01 -2.40391726e+01
 -9.84488654e+00 -2.18388855e+01
 -8.44579136e+00 -1.94589889e+01
 -6.86215156e+00 -1.69451447e+01
 -5.13656245e+00 -1.43583595e+01
 -3.32866071e+00 -1.17728269e+01
 -1.50933895e+00 -9.27003052e+00
 2.46843276e-01 -6.92998737e+00
 1.87010976e+00 -4.82204744e+00
 3.30365440e+00 -2.99767865e+00
 4.50994715e+00 -1.48620073e+00
 5.47370704e+00 -2.93278748e-01
 6.20112579e+00 5.97886888e-01
 6.71615392e+00 1.22248255e+00
 7.05535593e+00 1.62746005e+00
 7.26255782e+00 1.86327366e+00
 7.38348883e+00 1.97498919e+00
 7.46013523e+00 1.99443900e+00
 7.52550208e+00 1.93616023e+00
 7.60052658e+00 1.79890163e+00
 7.69396519e+00 1.57112975e+00
 7.80429841e+00 1.23697550e+00
 7.92265643e+00 7.80715508e-01
 8.03654525e+00 1.90390454e-01
 8.13340902e+00 -5.38462617e-01
 8.20244284e+00 -1.39917675e+00
 8.23514186e+00 -2.37166724e+00
 8.22721629e+00 -3.42277706e+00
 8.18248097e+00 -4.50948715e+00
 8.11547486e+00 -5.58393986e+00
 8.04997736e+00 -6.59874743e+00
 8.01490119e+00 -7.51131568e+00
 8.04106524e+00 -8.28648248e+00
 8.15988212e+00 -8.89755988e+00
 8.40209125e+00 -9.32646141e+00
 8.79499875e+00 -9.56350157e+00
 9.35896834e+00 -9.60696192e+00
 1.01047446e+01 -9.46233458e+00
 1.10320549e+01 -9.14139917e+00
 1.21289672e+01 -8.66143037e+00
 1.33718003e+01 -8.04467799e+00
 1.47260600e+01 -7.31809663e+00
 1.61488581e+01 -6.51305751e+00
 1.75927986e+01 -5.66439241e+00
 1.90109614e+01 -4.80815264e+00
 2.03621997e+01 -3.97819941e+00
 2.16154043e+01 -3.20265687e+00
 2.27515007e+01 -2.50163226e+00
 2.37630323e+01 -1.88705062e+00
 2.46521540e+01 -1.36423075e+00
 2.54279734e+01 -9.33870032e-01
 2.61038254e+01 -5.93204417e-01
 2.66947735e+01 -3.36093304e-01
 2.72154699e+01 -1.52779912e-01
 2.76785225e+01 -3.04921993e-02
 2.80935566e+01 4.44409972e-02
 2.84669390e+01 8.37988265e-02
 2.88018019e+01 9.60827904e-02
 2.90980478e+01 8.74825595e-02
 2.93525755e+01 6.34594190e-02
 2.95603868e+01 2.86900590e-02
 2.97167485e+01 -1.44156789e-02
 2.98195466e+01 -6.64671755e-02
 2.98707833e+01 -1.29747243e-01
 2.98772080e+01 -2.05337229e-01
 2.98505044e+01 -2.90674900e-01
 2.98060680e+01 -3.79726913e-01
 2.97590154e+01 -4.66061032e-01
 2.97191378e+01 -5.46184169e-01
 2.96889249e+01 -6.20280270e-01
 2.96659815e+01 -6.90459337e-01
 2.96468659e+01 -7.58770246e-01
 2.96292464e+01 -8.26405032e-01
 2.96120713e+01 -8.93851264e-01
 2.95949975e+01 -9.61256666e-01
 2.95779416e+01 -1.02865518e+00
 2.95608881e+01 -1.09605277e+00
 2.95438349e+01 -1.16345018e+00
 2.95267819e+01 -1.23084669e+00
 2.95097307e+01 -1.29823646e+00
 2.94926896e+01 -1.36558610e+00
 2.94756959e+01 -1.43274832e+00
 2.94588763e+01 -1.49922254e+00
 2.94425598e+01 -1.56370824e+00
 2.94273899e+01 -1.62366270e+00
 2.94142825e+01 -1.67546566e+00
 2.94041074e+01 -1.71567953e+00
 2.94041074e+01 -1.71567953e+00
 2.94041074e+01 -1.71567953e+00
 2.94041074e+01 -1.71567953e+00
 2.94041074e+01 -1.71567953e+00
 2.94041074e+01 -1.71567953e+00
 2.94041074e+01 -1.71567953e+00
 2.94041074e+01 -1.71567953e+00
 2.94041074e+01 -1.71567953e+00
 2.94041074e+01 -1.71567953e+00
 2.94041074e+01 -1.71567953e+00
 2.94041074e+01 -1.71567953e+00
 2.94041074e+01 -1.71567953e+00
 2.94041074e+01 -1.71567953e+00
 2.94041074e+01 -1.71567953e+00
 2.94041074e+01 -1.71567953e+00
 2.94041074e+01 -1.71567953e+00
 2.94041074e+01 -1.71567953e+00
 2.94041074e+01 -1.71567953e+00
 2.94041074e+01 -1.71567953e+00
 2.94041074e+01 -1.71567953e+00
 2.94041074e+01 -1.71567953e+00
 2.94041074e+01 -1.71567953e+00
 2.94041074e+01 -1.71567953e+00
 2.94041074e+01 -1.71567953e+00
 2.94041074e+01 -1.71567953e+00
 2.94041074e+01 -1.71567953e+00
 2.94041074e+01 -1.71567953e+00
 2.94041074e+01 -1.71567953e+00
 2.94041074e+01 -1.71567953e+00
 2.94041074e+01 -1.71567953e+00
 2.94041074e+01 -1.71567953e+00
 2.94041074e+01 -1.71567953e+00
 2.94041074e+01 -1.71567953e+00
 2.94041074e+01 -1.71567953e+00
 2.94041074e+01 -1.71567953e+00
 2.94041074e+01 -1.71567953e+00
