 0.00000000e+00 0.00000000e+00
 0.00000000e+00 0.00000000e+00
 0.00000000e+00 0.00000000e+00
 0.00000000e+00 0.00000000e+00
 0.00000000e+00 0.00000000e+00
 0.00000000e+00 0.00000000e+00
 0.00000000e+00 0.00000000e+00
 0.00000000e+00 0.00000000e+00
 0.00000000e+00 0.00000000e+00
 0.00000000e+00 0.00000000e+00
 0.00000000e+00 0.00000000e+00
 0.00000000e+00 0.00000000e+00
 3.17128178e-02 1.57513084e-01
 6.07647033e-02 3.47346177e-01
 7.05661494e-02 5.48619463e-01
 3.84936977e-02 7.41499954e-01
 -6.08470448e-02 9.11631410e-01
 -2.51763780e-01 1.04937911e+00
 -5.54904038e-01 1.14731901e+00
 -9.86566064e-01 1.19800106e+00
 -1.55875227e+00 1.19215245e+00
 -2.27867843e+00 1.11826190e+00
 -3.14775437e+00 9.64363091e-01
 -4.16112800e+00 7.20511500e-01
 -5.30862381e+00 3.79959407e-01
 -6.57658408e+00 -6.07087921e-02
 -7.94925938e+00 -6.01172774e-01
 -9.40910634e+00 -1.23671483e+00
 -1.09366889e+01 -1.95827563e+00
 -1.25111958e+01 -2.75362659e+00
 -1.41117618e+01 -3.60917813e+00
 -1.57188278e+01 -4.51167447e+00
 -1.73144732e+01 -5.44925906e+00
 -1.88813660e+01 -6.41177268e+00
 -2.04012164e+01 -7.39038838e+00
 -2.18539360e+01 -8.37676498e+00
 -2.32177513e+01 -9.36202788e+00
 -2.44698409e+01 -1.03360492e+01
 -2.55872765e+01 -1.12874024e+01
 -2.65481961e+01 -1.22039483e+01
 -2.73330412e+01 -1.30736402e+01
 -2.79257539e+01 -1.38852125e+01
 -2.83148049e+01 -1.46288271e+01
 -2.84939995e+01 -1.52969195e+01
 -2.84632878e+01 -1.58851165e+01
 -2.82292741e+01 -1.63926391e+01
 -2.78042538e+01 -1.68216379e+01
 -2.72035731e+01 -1.71756171e+01
 -2.64431730e+01 -1.74580251e+01
 -2.55390661e+01 -1.76722243e+01
 -2.45082826e+01 -1.78228844e+01
 -2.33697075e+01 -1.79173749e+01
 -2.21441574e+01 -1.79656063e+01
 -2.08540858e+01 -1.79783663e+01
 -1.95233388e+01 -1.79658033e+01
 -1.81768670e+01 -1.79373756e+01
 -1.68399275e+01 -1.79027332e+01
 -1.55365743e+01 -1.78719635e+01
 -1.42881110e+01 -1.78544547e+01
 -1.31125176e+01 -1.78571003e+01
 -1.20248850e+01 -1.78831043e+01
 -1.10378075e+01 -1.79321236e+01
 -1.01609854e+01 -1.80018287e+01
 -9.40042913e+00 -1.80904482e+01
 -8.75818981e+00 -1.81992811e+01
 -8.23310163e+00 -1.83340442e+01
 -7.82233390e+00 -1.85046098e+01
 -7.52327750e+00 -1.87236257e+01
 -7.33523508e+00 -1.90049057e+01
 -7.26001684e+00 -1.93620535e+01
 -7.30060294e+00 -1.98070444e+01
 -7.45861913e+00 -2.03484074e+01
 -7.73295099e+00 -2.09894385e+01
 -8.12069796e+00 -2.17274036e+01
 -8.61891088e+00 -2.25540685e+01
 -9.22492185e+00 -2.34567953e+01
 -9.93509496e+00 -2.44192358e+01
 -1.07435511e+01 -2.54216012e+01
 -1.16421451e+01 -2.64413767e+01
 -1.26216240e+01 -2.74549811e+01
 -1.36729168e+01 -2.84397262e+01
 -1.47875328e+01 -2.93750511e+01
 -1.59569314e+01 -3.02428572e+01
 -1.71716903e+01 -3.10276542e+01
 -1.84215083e+01 -3.17171029e+01
 -1.96963883e+01 -3.23028218e+01
 -2.09884357e+01 -3.27810036e+01
 -2.22933424e+01 -3.31524927e+01
 -2.36108497e+01 -3.34220543e+01
 -2.49438126e+01 -3.35967689e+01
 -2.62958731e+01 -3.36840293e+01
 -2.76686169e+01 -3.36899229e+01
 -2.90598808e+01 -3.36184136e+01
 -3.04641514e+01 -3.34711675e+01
 -3.18738776e+01 -3.32477263e+01
 -3.32794213e+01 -3.29460028e+01
 -3.46669985e+01 -3.25632073e+01
 -3.60165962e+01 -3.20971470e+01
 -3.73022251e+01 -3.15476833e+01
 -3.84944150e+01 -3.09180295e+01
 -3.95626526e+01 -3.02153936e+01
 -4.04765662e+01 -2.94505941e+01
 -4.12083957e+01 -2.86370396e+01
 -4.17411805e+01 -2.77901110e+01
 -4.20825082e+01 -2.69272378e+01
 -4.22740636e+01 -2.60671145e+01
 -4.23836484e+01 -2.52262383e+01
 -4.24790342e+01 -2.44138998e+01
 -4.26019951e+01 -2.36297470e+01
 -4.27619774e+01 -2.28664297e+01
 -4.29490017e+01 -2.21150107e+01
 -4.31498473e+01 -2.13688976e+01
 -4.33559561e+01 -2.06246391e+01
 -4.35635942e+01 -1.98808894e+01
 -4.37715750e+01 -1.91372492e+01
 -4.39796153e+01 -1.83936274e+01
 -4.41876635e+01 -1.76500081e+01
 -4.43957124e+01 -1.69063901e+01
 -4.46037586e+01 -1.61627819e+01
 -4.48117839e+01 -1.54192481e+01
 -4.50196854e+01 -1.46761571e+01
 -4.52270084e+01 -1.39351339e+01
 -4.54322075e+01 -1.32017017e+01
 -4.56312683e+01 -1.24902094e+01
 -4.58163416e+01 -1.18287119e+01
 -4.59762521e+01 -1.12571526e+01
 -4.61003882e+01 -1.08134596e+01
 -4.61003882e+01 -1.08134596e+01
 -4.61003882e+01 -1.08134596e+01
 -4.61003882e+01 -1.08134596e+01
 -4.61003882e+01 -1.08134596e+01
 -4.61003882e+01 -1.08134596e+01
 -4.61003882e+01 -1.08134596e+01
 -4.61003882e+01 -1.08134596e+01
 -4.61003882e+01 -1.08134596e+01
 -4.61003882e+01 -1.08134596e+01
 -4.61003882e+01 -1.08134596e+01
 -4.61003882e+01 -1.08134596e+01
 -4.61003882e+01 -1.08134596e+01
 -4.61003882e+01 -1.08134596e+01
 -4.61003882e+01 -1.08134596e+01
 -4.61003882e+01 -1.08134596e+01
 -4.61003882e+01 -1.08134596e+01
 -4.61003882e+01 -1.08134596e+01
 -4.61003882e+01 -1.08134596e+01
 -4.61003882e+01 -1.08134596e+01
 -4.61003882e+01 -1.08134596e+01
 -4.61003882e+01 -1.08134596e+01
 -4.61003882e+01 -1.08134596e+01
 -4.61003882e+01 -1.08134596e+01
 -4.61003882e+01 -1.08134596e+01
 -4.61003882e+01 -1.08134596e+01
 -4.61003882e+01 -1.08134596e+01
 -4.61003882e+01 -1.08134596e+01
 -4.61003882e+01 -1.08134596e+01
 -4.61003882e+01 -1.08134596e+01
 -4.61003882e+01 -1.08134596e+01
 -4.61003882e+01 -1.08134596e+01
 -4.61003882e+01 -1.08134596e+01
 -4.61003882e+01 -1.08134596e+01
 -4.61003882e+01 -1.08134596e+01
 -4.61003882e+01 -1.08134596e+01
 -4.61003882e+01 -1.08134596e+01
 -4.61003882e+01 -1.08134596e+01
 -4.61003882e+01 -1.08134596e+01
 -4.61003882e+01 -1.08134596e+01
 -4.61003882e+01 -1.08134596e+01
 -4.61003882e+01 -1.08134596e+01
 -4.61003882e+01 -1.08134596e+01
 -4.61003882e+01 -1.08134596e+01
 -4.61003882e+01 -1.08134596e+01
 -4.61003882e+01 -1.08134596e+01
 -4.61003882e+01 -1.08134596e+01
