 0.00000000e+00 0.00000000e+00
 0.00000000e+00 0.00000000e+00
 0.00000000e+00 0.00000000e+00
 0.00000000e+00 0.00000000e+00
 0.00000000e+00 0.00000000e+00
 0.00000000e+00 0.00000000e+00
 0.00000000e+00 0.00000000e+00
 2.01418332e-02 4.20830958e-02
 3.20933220e-02 9.60275285e-02
 2.72863889e-02 1.60415524e-01
 -1.03077295e-03 2.34101966e-01
 -5.82305325e-02 3.16026856e-01
 -1.49799020e-01 4.04845485e-01
 -2.81962173e-01 4.98766399e-01
 -4.61337999e-01 5.95372879e-01
 -6.94731056e-01 6.91407270e-01
 -9.89511967e-01 7.82610873e-01
 -1.35406178e+00 8.63613670e-01
 -1.79769046e+00 9.27906122e-01
 -2.32978229e+00 9.67711421e-01
 -2.95847143e+00 9.73322530e-01
 -3.68980513e+00 9.32186567e-01
 -4.52816218e+00 8.29105053e-01
 -5.47744481e+00 6.48198631e-01
 -6.54170744e+00 3.75182269e-01
 -7.72445695e+00 -1.67717224e-03
 -9.02693715e+00 -4.91425474e-01
 -1.04460289e+01 -1.09960162e+00
 -1.19721111e+01 -1.82656905e+00
 -1.35871717e+01 -2.66619101e+00
 -1.52637043e+01 -3.60569437e+00
 -1.69649049e+01 -4.62635602e+00
 -1.86462333e+01 -5.70429790e+00
 -2.02581057e+01 -6.81149684e+00
 -2.17497605e+01 -7.91774317e+00
 -2.30745055e+01 -8.99367292e+00
 -2.41955950e+01 -1.00138941e+01
 -2.50905539e+01 -1.09590701e+01
 -2.57519639e+01 -1.18166967e+01
 -2.61849079e+01 -1.25810075e+01
 -2.64031396e+01 -1.32523757e+01
 -2.64259096e+01 -1.38362316e+01
 -2.62758729e+01 -1.43414396e+01
 -2.59772491e+01 -1.47783772e+01
 -2.55535876e+01 -1.51572727e+01
 -2.50256691e+01 -1.54871863e+01
 -2.44105398e+01 -1.57755773e+01
 -2.37218968e+01 -1.60282522e+01
 -2.29712391e+01 -1.62496402e+01
 -2.21690043e+01 -1.64433063e+01
 -2.13250949e+01 -1.66123607e+01
 -2.04487149e+01 -1.67594803e+01
 -1.95480419e+01 -1.68866963e+01
 -1.86302356e+01 -1.69953295e+01
 -1.77016780e+01 -1.70862641e+01
 -1.67680852e+01 -1.71604625e+01
 -1.58345429e+01 -1.72193879e+01
 -1.49059028e+01 -1.72650259e+01
 -1.39878464e+01 -1.72997194e+01
 -1.30883390e+01 -1.73263099e+01
 -1.22185285e+01 -1.73483685e+01
 -1.13921444e+01 -1.73698921e+01
 -1.06235279e+01 -1.73949175e+01
 -9.92555793e+00 -1.74281031e+01
 -9.30865111e+00 -1.74758871e+01
 -8.78094200e+00 -1.75467600e+01
 -8.34877405e+00 -1.76503444e+01
 -8.01651952e+00 -1.77961850e+01
 -7.78573796e+00 -1.79928236e+01
 -7.65498740e+00 -1.82471474e+01
 -7.62136847e+00 -1.85639376e+01
 -7.68282227e+00 -1.89455442e+01
 -7.83907358e+00 -1.93916746e+01
 -8.09076302e+00 -1.98995138e+01
 -8.43837213e+00 -2.04643564e+01
 -8.88228510e+00 -2.10805721e+01
 -9.42373180e+00 -2.17424754e+01
 -1.00655391e+01 -2.24446698e+01
 -1.08118521e+01 -2.31816979e+01
 -1.16666810e+01 -2.39472910e+01
 -1.26318075e+01 -2.47336916e+01
 -1.37047831e+01 -2.55312328e+01
 -1.48775031e+01 -2.63281411e+01
 -1.61356075e+01 -2.71106489e+01
 -1.74588394e+01 -2.78635372e+01
 -1.88224408e+01 -2.85710233e+01
 -2.01996711e+01 -2.92177762e+01
 -2.15652186e+01 -2.97899070e+01
 -2.28985288e+01 -3.02758310e+01
 -2.41858718e+01 -3.06667888e+01
 -2.54207462e+01 -3.09566921e+01
 -2.66029241e+01 -3.11412330e+01
 -2.77364625e+01 -3.12169095e+01
 -2.88270504e+01 -3.11808738e+01
 -2.98793988e+01 -3.10315084e+01
 -3.08952704e+01 -3.07686002e+01
 -3.18720821e+01 -3.03926719e+01
 -3.28017505e+01 -2.99044458e+01
 -3.36699448e+01 -2.93053026e+01
 -3.44564432e+01 -2.85984256e+01
 -3.51373465e+01 -2.77900452e+01
 -3.56899116e+01 -2.68909206e+01
 -3.61006608e+01 -2.59183800e+01
 -3.63752729e+01 -2.48978699e+01
 -3.65440206e+01 -2.38610996e+01
 -3.66549003e+01 -2.28387230e+01
 -3.67550230e+01 -2.18505284e+01
 -3.68730578e+01 -2.09003370e+01
 -3.70154816e+01 -1.99796572e+01
 -3.71756858e+01 -1.90762503e+01
 -3.73449391e+01 -1.81806515e+01
 -3.75176233e+01 -1.72878041e+01
 -3.76913003e+01 -1.63957151e+01
 -3.78651989e+01 -1.55037898e+01
 -3.80391360e+01 -1.46118921e+01
 -3.82130782e+01 -1.37199982e+01
 -3.83870207e+01 -1.28281059e+01
 -3.85609609e+01 -1.19362254e+01
 -3.87348837e+01 -1.10444342e+01
 -3.89087030e+01 -1.01531740e+01
 -3.90820386e+01 -9.26439380e+00
 -3.92535985e+01 -8.38471836e+00
 -3.94200264e+01 -7.53135757e+00
 -3.95747599e+01 -6.73796021e+00
 -3.97084555e+01 -6.05243437e+00
 -3.98122414e+01 -5.52027087e+00
 -3.98122414e+01 -5.52027087e+00
 -3.98122414e+01 -5.52027087e+00
 -3.98122414e+01 -5.52027087e+00
 -3.98122414e+01 -5.52027087e+00
 -3.98122414e+01 -5.52027087e+00
 -3.98122414e+01 -5.52027087e+00
 -3.98122414e+01 -5.52027087e+00
 -3.98122414e+01 -5.52027087e+00
 -3.98122414e+01 -5.52027087e+00
 -3.98122414e+01 -5.52027087e+00
 -3.98122414e+01 -5.52027087e+00
 -3.98122414e+01 -5.52027087e+00
 -3.98122414e+01 -5.52027087e+00
 -3.98122414e+01 -5.52027087e+00
 -3.98122414e+01 -5.52027087e+00
 -3.98122414e+01 -5.52027087e+00
 -3.98122414e+01 -5.52027087e+00
 -3.98122414e+01 -5.52027087e+00
 -3.98122414e+01 -5.52027087e+00
 -3.98122414e+01 -5.52027087e+00
 -3.98122414e+01 -5.52027087e+00
 -3.98122414e+01 -5.52027087e+00
 -3.98122414e+01 -5.52027087e+00
 -3.98122414e+01 -5.52027087e+00
 -3.98122414e+01 -5.52027087e+00
 -3.98122414e+01 -5.52027087e+00
 -3.98122414e+01 -5.52027087e+00
 -3.98122414e+01 -5.52027087e+00
 -3.98122414e+01 -5.52027087e+00
 -3.98122414e+01 -5.52027087e+00
 -3.98122414e+01 -5.52027087e+00
 -3.98122414e+01 -5.52027087e+00
 -3.98122414e+01 -5.52027087e+00
 -3.98122414e+01 -5.52027087e+00
 -3.98122414e+01 -5.52027087e+00
 -3.98122414e+01 -5.52027087e+00
 -3.98122414e+01 -5.52027087e+00
 -3.98122414e+01 -5.52027087e+00
 -3.98122414e+01 -5.52027087e+00
 -3.98122414e+01 -5.52027087e+00
 -3.98122414e+01 -5.52027087e+00
 -3.98122414e+01 -5.52027087e+00
 -3.98122414e+01 -5.52027087e+00
 -3.98122414e+01 -5.52027087e+00
 -3.98122414e+01 -5.52027087e+00
 -3.98122414e+01 -5.52027087e+00
 -3.98122414e+01 -5.52027087e+00
