 0.00000000e+00 0.00000000e+00
 0.00000000e+00 0.00000000e+00
 0.00000000e+00 0.00000000e+00
 0.00000000e+00 0.00000000e+00
 0.00000000e+00 0.00000000e+00
 0.00000000e+00 0.00000000e+00
 0.00000000e+00 0.00000000e+00
 0.00000000e+00 0.00000000e+00
 1.30401628e-02 6.86414773e-02
 2.09310083e-02 1.55642962e-01
 1.27044394e-02 2.55102170e-01
 -2.26201223e-02 3.61673680e-01
 -9.29240034e-02 4.71919151e-01
 -2.03001600e-01 5.83356064e-01
 -3.56922222e-01 6.93148997e-01
 -5.60100850e-01 7.97782526e-01
 -8.19558142e-01 8.93437389e-01
 -1.14281629e+00 9.76390838e-01
 -1.53673652e+00 1.04309467e+00
 -2.00730142e+00 1.08960629e+00
 -2.56032701e+00 1.11043632e+00
 -3.20209360e+00 1.09799982e+00
 -3.93898497e+00 1.04380580e+00
 -4.77629143e+00 9.40378810e-01
 -5.71703151e+00 7.81573144e-01
 -6.76138497e+00 5.60809967e-01
 -7.90662589e+00 2.69415330e-01
 -9.14702427e+00 -1.02882460e-01
 -1.04735106e+01 -5.65555455e-01
 -1.18734703e+01 -1.12464435e+00
 -1.33307629e+01 -1.78095317e+00
 -1.48252902e+01 -2.52899997e+00
 -1.63317425e+01 -3.35640021e+00
 -1.78185967e+01 -4.24386120e+00
 -1.92491595e+01 -5.16636258e+00
 -2.05852030e+01 -6.09578807e+00
 -2.17915868e+01 -7.00440577e+00
 -2.28395695e+01 -7.86807495e+00
 -2.37081511e+01 -8.66845852e+00
 -2.43846760e+01 -9.39420818e+00
 -2.48656104e+01 -1.00412272e+01
 -2.51566095e+01 -1.06118929e+01
 -2.52704973e+01 -1.11132904e+01
 -2.52235124e+01 -1.15550496e+01
 -2.50318092e+01 -1.19474652e+01
 -2.47095296e+01 -1.23000761e+01
 -2.42681691e+01 -1.26205531e+01
 -2.37168249e+01 -1.29139337e+01
 -2.30633419e+01 -1.31825050e+01
 -2.23158822e+01 -1.34265282e+01
 -2.14841114e+01 -1.36455114e+01
 -2.05798001e+01 -1.38393289e+01
 -1.96170459e+01 -1.40087327e+01
 -1.86121476e+01 -1.41554692e+01
 -1.75831681e+01 -1.42823927e+01
 -1.65493488e+01 -1.43936202e+01
 -1.55303250e+01 -1.44946893e+01
 -1.45449616e+01 -1.45927081e+01
 -1.36099318e+01 -1.46961311e+01
 -1.27384978e+01 -1.48137764e+01
 -1.19400098e+01 -1.49535477e+01
 -1.12204142e+01 -1.51217796e+01
 -1.05834643e+01 -1.53234155e+01
 -1.00317623e+01 -1.55624298e+01
 -9.56705573e+00 -1.58419142e+01
 -9.19014131e+00 -1.61637396e+01
 -8.90110436e+00 -1.65281920e+01
 -8.70008236e+00 -1.69340858e+01
 -8.58812035e+00 -1.73793259e+01
 -8.56749585e+00 -1.78613835e+01
 -8.64107336e+00 -1.83775322e+01
 -8.81097423e+00 -1.89253261e+01
 -9.07773626e+00 -1.95034453e+01
 -9.44079157e+00 -2.01122375e+01
 -9.89960905e+00 -2.07534513e+01
 -1.04542438e+01 -2.14294250e+01
 -1.11048363e+01 -2.21421413e+01
 -1.18505447e+01 -2.28922081e+01
 -1.26888182e+01 -2.36778048e+01
 -1.36155856e+01 -2.44938982e+01
 -1.46258233e+01 -2.53320250e+01
 -1.57134112e+01 -2.61806027e+01
 -1.68701822e+01 -2.70254649e+01
 -1.80852523e+01 -2.78504517e+01
 -1.93454322e+01 -2.86382358e+01
 -2.06363283e+01 -2.93715250e+01
 -2.19431922e+01 -3.00343255e+01
 -2.32511021e+01 -3.06127674e+01
 -2.45450751e+01 -3.10953325e+01
 -2.58111146e+01 -3.14728096e+01
 -2.70382867e+01 -3.17385196e+01
 -2.82205683e+01 -3.18888286e+01
 -2.93571646e+01 -3.19231057e+01
 -3.04513517e+01 -3.18425480e+01
 -3.15088518e+01 -3.16487522e+01
 -3.25362511e+01 -3.13433762e+01
 -3.35391333e+01 -3.09289350e+01
 -3.45198217e+01 -3.04097391e+01
 -3.54753906e+01 -2.97924040e+01
 -3.63967331e+01 -2.90860729e+01
 -3.72691488e+01 -2.83026301e+01
 -3.80749783e+01 -2.74571258e+01
 -3.87989506e+01 -2.65683412e+01
 -3.94356682e+01 -2.56585513e+01
 -3.99954953e+01 -2.47509519e+01
 -4.05031986e+01 -2.38644740e+01
 -4.09879101e+01 -2.30085709e+01
 -4.14711833e+01 -2.21819339e+01
 -4.19619981e+01 -2.13763426e+01
 -4.24601992e+01 -2.05825052e+01
 -4.29626192e+01 -1.97938191e+01
 -4.34667413e+01 -1.90069099e+01
 -4.39713753e+01 -1.82204830e+01
 -4.44761266e+01 -1.74341590e+01
 -4.49808986e+01 -1.66478523e+01
 -4.54856734e+01 -1.58615480e+01
 -4.59904478e+01 -1.50752449e+01
 -4.64952156e+01 -1.42889523e+01
 -4.69999328e+01 -1.35027384e+01
 -4.75043495e+01 -1.27169926e+01
 -4.80073626e+01 -1.19334332e+01
 -4.85052228e+01 -1.11579007e+01
 -4.89881900e+01 -1.04055675e+01
 -4.94372204e+01 -9.70609884e+00
 -4.98251999e+01 -9.10173097e+00
 -5.01263826e+01 -8.63256920e+00
 -5.01263826e+01 -8.63256920e+00
 -5.01263826e+01 -8.63256920e+00
 -5.01263826e+01 -8.63256920e+00
 -5.01263826e+01 -8.63256920e+00
 -5.01263826e+01 -8.63256920e+00
 -5.01263826e+01 -8.63256920e+00
 -5.01263826e+01 -8.63256920e+00
 -5.01263826e+01 -8.63256920e+00
 -5.01263826e+01 -8.63256920e+00
 -5.01263826e+01 -8.63256920e+00
 -5.01263826e+01 -8.63256920e+00
 -5.01263826e+01 -8.63256920e+00
 -5.01263826e+01 -8.63256920e+00
 -5.01263826e+01 -8.63256920e+00
 -5.01263826e+01 -8.63256920e+00
 -5.01263826e+01 -8.63256920e+00
 -5.01263826e+01 -8.63256920e+00
 -5.01263826e+01 -8.63256920e+00
 -5.01263826e+01 -8.63256920e+00
 -5.01263826e+01 -8.63256920e+00
 -5.01263826e+01 -8.63256920e+00
 -5.01263826e+01 -8.63256920e+00
 -5.01263826e+01 -8.63256920e+00
 -5.01263826e+01 -8.63256920e+00
 -5.01263826e+01 -8.63256920e+00
 -5.01263826e+01 -8.63256920e+00
 -5.01263826e+01 -8.63256920e+00
 -5.01263826e+01 -8.63256920e+00
 -5.01263826e+01 -8.63256920e+00
 -5.01263826e+01 -8.63256920e+00
 -5.01263826e+01 -8.63256920e+00
 -5.01263826e+01 -8.63256920e+00
 -5.01263826e+01 -8.63256920e+00
 -5.01263826e+01 -8.63256920e+00
 -5.01263826e+01 -8.63256920e+00
 -5.01263826e+01 -8.63256920e+00
 -5.01263826e+01 -8.63256920e+00
 -5.01263826e+01 -8.63256920e+00
 -5.01263826e+01 -8.63256920e+00
 -5.01263826e+01 -8.63256920e+00
 -5.01263826e+01 -8.63256920e+00
 -5.01263826e+01 -8.63256920e+00
 -5.01263826e+01 -8.63256920e+00
 -5.01263826e+01 -8.63256920e+00
 -5.01263826e+01 -8.63256920e+00
 -5.01263826e+01 -8.63256920e+00
 -5.01263826e+01 -8.63256920e+00
