 0.00000000e+00 0.00000000e+00
 0.00000000e+00 0.00000000e+00
 0.00000000e+00 0.00000000e+00
 0.00000000e+00 0.00000000e+00
 0.00000000e+00 0.00000000e+00
 0.00000000e+00 0.00000000e+00
 0.00000000e+00 0.00000000e+00
 0.00000000e+00 0.00000000e+00
 0.00000000e+00 0.00000000e+00
 0.00000000e+00 0.00000000e+00
 0.00000000e+00 0.00000000e+00
 0.00000000e+00 0.00000000e+00
 -7.79950544e-02 1.38439436e-02
 -2.14185390e-01 2.91619602e-02
 -4.27047870e-01 4.17733000e-02
 -7.32177018e-01 4.72673031e-02
 -1.14201899e+00 4.10289362e-02
 -1.66626987e+00 1.68621242e-02
 -2.31165355e+00 -3.36672947e-02
 -3.08108520e+00 -1.19700692e-01
 -3.97302860e+00 -2.48373347e-01
 -4.98153339e+00 -4.22987531e-01
 -6.09676611e+00 -6.43018905e-01
 -7.30555347e+00 -9.05354019e-01
 -8.59169675e+00 -1.20562462e+00
 -9.93639166e+00 -1.53906598e+00
 -1.13193518e+01 -1.90118538e+00
 -1.27205772e+01 -2.28871876e+00
 -1.41217711e+01 -2.70073545e+00
 -1.55065473e+01 -3.13907789e+00
 -1.68597322e+01 -3.60740051e+00
 -1.81667794e+01 -4.10913727e+00
 -1.94138750e+01 -4.64577850e+00
 -2.05883898e+01 -5.21637680e+00
 -2.16789278e+01 -5.81772467e+00
 -2.26747714e+01 -6.44424460e+00
 -2.35654641e+01 -7.08770019e+00
 -2.43413382e+01 -7.73771677e+00
 -2.49947671e+01 -8.38358582e+00
 -2.55211095e+01 -9.01643251e+00
 -2.59186941e+01 -9.63021335e+00
 -2.61881367e+01 -1.02211449e+01
 -2.63316708e+01 -1.07867056e+01
 -2.63528090e+01 -1.13252935e+01
 -2.62561945e+01 -1.18363210e+01
 -2.60474908e+01 -1.23199941e+01
 -2.57333860e+01 -1.27766860e+01
 -2.53217261e+01 -1.32064563e+01
 -2.48214901e+01 -1.36091203e+01
 -2.42423633e+01 -1.39846538e+01
 -2.35941470e+01 -1.43333913e+01
 -2.28865826e+01 -1.46558613e+01
 -2.21297694e+01 -1.49526410e+01
 -2.13345763e+01 -1.52244912e+01
 -2.05123025e+01 -1.54725205e+01
 -1.96736610e+01 -1.56980501e+01
 -1.88279220e+01 -1.59023049e+01
 -1.79828345e+01 -1.60863227e+01
 -1.71451898e+01 -1.62512207e+01
 -1.63214636e+01 -1.63986176e+01
 -1.55181769e+01 -1.65309661e+01
 -1.47421075e+01 -1.66516519e+01
 -1.40006387e+01 -1.67648257e+01
 -1.33021361e+01 -1.68751434e+01
 -1.26558524e+01 -1.69877339e+01
 -1.20711039e+01 -1.71085239e+01
 -1.15562486e+01 -1.72446486e+01
 -1.11183390e+01 -1.74044698e+01
 -1.07634094e+01 -1.75969004e+01
 -1.04962084e+01 -1.78301582e+01
 -1.03189200e+01 -1.81104550e+01
 -1.02306373e+01 -1.84412332e+01
 -1.02293659e+01 -1.88232040e+01
 -1.03149711e+01 -1.92548408e+01
 -1.04896281e+01 -1.97326897e+01
 -1.07553658e+01 -2.02512522e+01
 -1.11117585e+01 -2.08029544e+01
 -1.15559561e+01 -2.13788504e+01
 -1.20844097e+01 -2.19699086e+01
 -1.26946716e+01 -2.25680567e+01
 -1.33862815e+01 -2.31664230e+01
 -1.41604925e+01 -2.37588999e+01
 -1.50192150e+01 -2.43395680e+01
 -1.59639361e+01 -2.49025083e+01
 -1.69950975e+01 -2.54421101e+01
 -1.81116206e+01 -2.59534922e+01
 -1.93098989e+01 -2.64325910e+01
 -2.05822422e+01 -2.68758893e+01
 -2.19157491e+01 -2.72800458e+01
 -2.32926560e+01 -2.76415581e+01
 -2.46923163e+01 -2.79565030e+01
 -2.60939241e+01 -2.82205310e+01
 -2.74785448e+01 -2.84291953e+01
 -2.88295331e+01 -2.85783401e+01
 -3.01319692e+01 -2.86641081e+01
 -3.13727264e+01 -2.86824238e+01
 -3.25416968e+01 -2.86284908e+01
 -3.36327654e+01 -2.84972104e+01
 -3.46429505e+01 -2.82846028e+01
 -3.55699934e+01 -2.79890637e+01
 -3.64101351e+01 -2.76114438e+01
 -3.71573187e+01 -2.71544191e+01
 -3.78039134e+01 -2.66224366e+01
 -3.83430495e+01 -2.60228244e+01
 -3.87731186e+01 -2.53675855e+01
 -3.91036000e+01 -2.46746663e+01
 -3.93581172e+01 -2.39668050e+01
 -3.95698827e+01 -2.32665191e+01
 -3.97702725e+01 -2.25890082e+01
 -3.99784826e+01 -2.19380493e+01
 -4.01996726e+01 -2.13082022e+01
 -4.04306953e+01 -2.06908997e+01
 -4.06667920e+01 -2.00793290e+01
 -4.09048243e+01 -1.94697942e+01
 -4.11434186e+01 -1.88608239e+01
 -4.13821385e+01 -1.82519759e+01
 -4.16208803e+01 -1.76431488e+01
 -4.18596249e+01 -1.70343245e+01
 -4.20983696e+01 -1.64255013e+01
 -4.23371111e+01 -1.58166861e+01
 -4.25758287e+01 -1.52079319e+01
 -4.28144042e+01 -1.45995401e+01
 -4.30523158e+01 -1.39928413e+01
 -4.32877902e+01 -1.33923576e+01
 -4.35162206e+01 -1.28098368e+01
 -4.37285998e+01 -1.22682481e+01
 -4.39121037e+01 -1.18002947e+01
 -4.40545549e+01 -1.14370295e+01
 -4.40545549e+01 -1.14370295e+01
 -4.40545549e+01 -1.14370295e+01
 -4.40545549e+01 -1.14370295e+01
 -4.40545549e+01 -1.14370295e+01
 -4.40545549e+01 -1.14370295e+01
 -4.40545549e+01 -1.14370295e+01
 -4.40545549e+01 -1.14370295e+01
 -4.40545549e+01 -1.14370295e+01
 -4.40545549e+01 -1.14370295e+01
 -4.40545549e+01 -1.14370295e+01
 -4.40545549e+01 -1.14370295e+01
 -4.40545549e+01 -1.14370295e+01
 -4.40545549e+01 -1.14370295e+01
 -4.40545549e+01 -1.14370295e+01
 -4.40545549e+01 -1.14370295e+01
 -4.40545549e+01 -1.14370295e+01
 -4.40545549e+01 -1.14370295e+01
 -4.40545549e+01 -1.14370295e+01
 -4.40545549e+01 -1.14370295e+01
 -4.40545549e+01 -1.14370295e+01
 -4.40545549e+01 -1.14370295e+01
 -4.40545549e+01 -1.14370295e+01
 -4.40545549e+01 -1.14370295e+01
 -4.40545549e+01 -1.14370295e+01
 -4.40545549e+01 -1.14370295e+01
 -4.40545549e+01 -1.14370295e+01
 -4.40545549e+01 -1.14370295e+01
 -4.40545549e+01 -1.14370295e+01
 -4.40545549e+01 -1.14370295e+01
 -4.40545549e+01 -1.14370295e+01
 -4.40545549e+01 -1.14370295e+01
 -4.40545549e+01 -1.14370295e+01
 -4.40545549e+01 -1.14370295e+01
 -4.40545549e+01 -1.14370295e+01
 -4.40545549e+01 -1.14370295e+01
 -4.40545549e+01 -1.14370295e+01
 -4.40545549e+01 -1.14370295e+01
 -4.40545549e+01 -1.14370295e+01
 -4.40545549e+01 -1.14370295e+01
 -4.40545549e+01 -1.14370295e+01
 -4.40545549e+01 -1.14370295e+01
 -4.40545549e+01 -1.14370295e+01
 -4.40545549e+01 -1.14370295e+01
 -4.40545549e+01 -1.14370295e+01
 -4.40545549e+01 -1.14370295e+01
