 0.00000000e+00 0.00000000e+00
 0.00000000e+00 0.00000000e+00
 0.00000000e+00 0.00000000e+00
 0.00000000e+00 0.00000000e+00
 0.00000000e+00 0.00000000e+00
 0.00000000e+00 0.00000000e+00
 0.00000000e+00 0.00000000e+00
 0.00000000e+00 0.00000000e+00
 -5.78309877e-03 -3.34838520e-11
 -2.16809054e-02 -7.21090460e-10
 -5.82247967e-02 -1.17840939e-08
 -1.29868446e-01 -1.51517418e-07
 -2.52574019e-01 -1.54017490e-06
 -4.41196796e-01 -1.24301715e-05
 -7.08531881e-01 -8.00757302e-05
 -1.06598640e+00 -4.14556047e-04
 -1.52425549e+00 -1.73962178e-03
 -2.09281867e+00 -5.98170525e-03
 -2.77867019e+00 -1.70836644e-02
 -3.58561793e+00 -4.12045381e-02
 -4.51468002e+00 -8.56025619e-02
 -5.56453291e+00 -1.56621090e-01
 -6.73085887e+00 -2.58285152e-01
 -8.00505702e+00 -3.92454179e-01
 -9.37376833e+00 -5.59932485e-01
 -1.08197174e+01 -7.61549534e-01
 -1.23230309e+01 -9.99088656e-01
 -1.38622767e+01 -1.27627796e+00
 -1.54155246e+01 -1.59937108e+00
 -1.69619524e+01 -1.97642652e+00
 -1.84835013e+01 -2.41510339e+00
 -1.99653958e+01 -2.92006028e+00
 -2.13950854e+01 -3.49153972e+00
 -2.27605210e+01 -4.12562911e+00
 -2.40492100e+01 -4.81510183e+00
 -2.52486303e+01 -5.54970017e+00
 -2.63471327e+01 -6.31616958e+00
 -2.73340197e+01 -7.09914914e+00
 -2.81986993e+01 -7.88321454e+00
 -2.89301642e+01 -8.65519148e+00
 -2.95178263e+01 -9.40561758e+00
 -2.99532697e+01 -1.01289113e+01
 -3.02315500e+01 -1.08225935e+01
 -3.03512676e+01 -1.14861753e+01
 -3.03140332e+01 -1.21200991e+01
 -3.01242953e+01 -1.27248740e+01
 -2.97894527e+01 -1.33005305e+01
 -2.93195233e+01 -1.38464926e+01
 -2.87263650e+01 -1.43617774e+01
 -2.80231777e+01 -1.48452663e+01
 -2.72246791e+01 -1.52958969e+01
 -2.63475670e+01 -1.57128893e+01
 -2.54105673e+01 -1.60961318e+01
 -2.44337501e+01 -1.64466009e+01
 -2.34374336e+01 -1.67666671e+01
 -2.24412133e+01 -1.70602389e+01
 -2.14632828e+01 -1.73325163e+01
 -2.05197852e+01 -1.75891645e+01
 -1.96241023e+01 -1.78353488e+01
 -1.87864417e+01 -1.80753699e+01
 -1.80139839e+01 -1.83129176e+01
 -1.73113627e+01 -1.85512887e+01
 -1.66811997e+01 -1.87932903e+01
 -1.61247133e+01 -1.90412535e+01
 -1.56424433e+01 -1.92975226e+01
 -1.52349027e+01 -1.95652175e+01
 -1.49028651e+01 -1.98487012e+01
 -1.46471944e+01 -2.01532430e+01
 -1.44685557e+01 -2.04839475e+01
 -1.43675813e+01 -2.08446975e+01
 -1.43455944e+01 -2.12377144e+01
 -1.44051044e+01 -2.16635652e+01
 -1.45491995e+01 -2.21211132e+01
 -1.47801446e+01 -2.26072681e+01
 -1.50985049e+01 -2.31168857e+01
 -1.55035295e+01 -2.36433290e+01
 -1.59942523e+01 -2.41797889e+01
 -1.65704114e+01 -2.47206779e+01
 -1.72328875e+01 -2.52621495e+01
 -1.79838445e+01 -2.58015711e+01
 -1.88265003e+01 -2.63366556e+01
 -1.97639504e+01 -2.68648863e+01
 -2.07967673e+01 -2.73832153e+01
 -2.19202012e+01 -2.78877677e+01
 -2.31224375e+01 -2.83734972e+01
 -2.43847716e+01 -2.88339323e+01
 -2.56834158e+01 -2.92612115e+01
 -2.69920722e+01 -2.96466309e+01
 -2.82847974e+01 -2.99817510e+01
 -2.95391719e+01 -3.02596495e+01
 -3.07392175e+01 -3.04756119e+01
 -3.18765524e+01 -3.06268740e+01
 -3.29489459e+01 -3.07115075e+01
 -3.39575162e+01 -3.07268201e+01
 -3.49045447e+01 -3.06680276e+01
 -3.57922538e+01 -3.05280862e+01
 -3.66213495e+01 -3.02986895e+01
 -3.73887816e+01 -2.99715691e+01
 -3.80861007e+01 -2.95397770e+01
 -3.87005386e+01 -2.89995940e+01
 -3.92195487e+01 -2.83535191e+01
 -3.96374431e+01 -2.76138489e+01
 -3.99613863e+01 -2.68050796e+01
 -4.02132017e+01 -2.59618845e+01
 -4.04240870e+01 -2.51203878e+01
 -4.06236424e+01 -2.43061154e+01
 -4.08301756e+01 -2.35270634e+01
 -4.10488193e+01 -2.27768705e+01
 -4.12767630e+01 -2.20439944e+01
 -4.15095486e+01 -2.13190476e+01
 -4.17441938e+01 -2.05969146e+01
 -4.19793818e+01 -1.98755602e+01
 -4.22146918e+01 -1.91543743e+01
 -4.24500230e+01 -1.84332168e+01
 -4.26853570e+01 -1.77120632e+01
 -4.29206910e+01 -1.69909110e+01
 -4.31560219e+01 -1.62697683e+01
 -4.33913293e+01 -1.55486978e+01
 -4.36264965e+01 -1.48280567e+01
 -4.38610094e+01 -1.41094208e+01
 -4.40931199e+01 -1.33981467e+01
 -4.43182870e+01 -1.27081497e+01
 -4.45276322e+01 -1.20666370e+01
 -4.47085146e+01 -1.15123453e+01
 -4.48489308e+01 -1.10820570e+01
 -4.48489308e+01 -1.10820570e+01
 -4.48489308e+01 -1.10820570e+01
 -4.48489308e+01 -1.10820570e+01
 -4.48489308e+01 -1.10820570e+01
 -4.48489308e+01 -1.10820570e+01
 -4.48489308e+01 -1.10820570e+01
 -4.48489308e+01 -1.10820570e+01
 -4.48489308e+01 -1.10820570e+01
 -4.48489308e+01 -1.10820570e+01
 -4.48489308e+01 -1.10820570e+01
 -4.48489308e+01 -1.10820570e+01
 -4.48489308e+01 -1.10820570e+01
 -4.48489308e+01 -1.10820570e+01
 -4.48489308e+01 -1.10820570e+01
 -4.48489308e+01 -1.10820570e+01
 -4.48489308e+01 -1.10820570e+01
 -4.48489308e+01 -1.10820570e+01
 -4.48489308e+01 -1.10820570e+01
 -4.48489308e+01 -1.10820570e+01
 -4.48489308e+01 -1.10820570e+01
 -4.48489308e+01 -1.10820570e+01
 -4.48489308e+01 -1.10820570e+01
 -4.48489308e+01 -1.10820570e+01
 -4.48489308e+01 -1.10820570e+01
 -4.48489308e+01 -1.10820570e+01
 -4.48489308e+01 -1.10820570e+01
 -4.48489308e+01 -1.10820570e+01
 -4.48489308e+01 -1.10820570e+01
 -4.48489308e+01 -1.10820570e+01
 -4.48489308e+01 -1.10820570e+01
 -4.48489308e+01 -1.10820570e+01
 -4.48489308e+01 -1.10820570e+01
 -4.48489308e+01 -1.10820570e+01
 -4.48489308e+01 -1.10820570e+01
 -4.48489308e+01 -1.10820570e+01
 -4.48489308e+01 -1.10820570e+01
 -4.48489308e+01 -1.10820570e+01
 -4.48489308e+01 -1.10820570e+01
 -4.48489308e+01 -1.10820570e+01
 -4.48489308e+01 -1.10820570e+01
 -4.48489308e+01 -1.10820570e+01
 -4.48489308e+01 -1.10820570e+01
 -4.48489308e+01 -1.10820570e+01
 -4.48489308e+01 -1.10820570e+01
 -4.48489308e+01 -1.10820570e+01
 -4.48489308e+01 -1.10820570e+01
 -4.48489308e+01 -1.10820570e+01
 -4.48489308e+01 -1.10820570e+01
