 0.00000000e+00 0.00000000e+00
 0.00000000e+00 0.00000000e+00
 0.00000000e+00 0.00000000e+00
 0.00000000e+00 0.00000000e+00
 0.00000000e+00 0.00000000e+00
 0.00000000e+00 0.00000000e+00
 0.00000000e+00 0.00000000e+00
 0.00000000e+00 0.00000000e+00
 0.00000000e+00 0.00000000e+00
 0.00000000e+00 0.00000000e+00
 0.00000000e+00 0.00000000e+00
 0.00000000e+00 0.00000000e+00
 0.00000000e+00 0.00000000e+00
 0.00000000e+00 0.00000000e+00
 0.00000000e+00 0.00000000e+00
 0.00000000e+00 0.00000000e+00
 -3.53057277e-02 1.60075364e-01
 -1.34410847e-01 3.52536071e-01
 -3.32501889e-01 5.52253592e-01
 -6.58206080e-01 7.32423078e-01
 -1.12673402e+00 8.70476773e-01
 -1.73890182e+00 9.48552333e-01
 -2.48642095e+00 9.51023690e-01
 -3.36031779e+00 8.62191737e-01
 -4.35693355e+00 6.65189486e-01
 -5.47791274e+00 3.41628347e-01
 -6.72551172e+00 -1.28195688e-01
 -8.09727403e+00 -7.63609806e-01
 -9.58279418e+00 -1.57981558e+00
 -1.11626873e+01 -2.58357771e+00
 -1.28087234e+01 -3.77088701e+00
 -1.44845728e+01 -5.12742447e+00
 -1.61473453e+01 -6.63022523e+00
 -1.77499621e+01 -8.24873226e+00
 -1.92438980e+01 -9.94535857e+00
 -2.05821827e+01 -1.16771529e+01
 -2.17231593e+01 -1.33993857e+01
 -2.26347698e+01 -1.50696935e+01
 -2.32976619e+01 -1.66504588e+01
 -2.37054445e+01 -1.81087353e+01
 -2.38622960e+01 -1.94152969e+01
 -2.37796604e+01 -2.05444867e+01
 -2.34733763e+01 -2.14747457e+01
 -2.29612754e+01 -2.21886678e+01
 -2.22610111e+01 -2.26721772e+01
 -2.13886038e+01 -2.29135101e+01
 -2.03583008e+01 -2.29028904e+01
 -1.91834741e+01 -2.26334240e+01
 -1.78775818e+01 -2.21031135e+01
 -1.64543653e+01 -2.13169856e+01
 -1.49271297e+01 -2.02877435e+01
 -1.33076400e+01 -1.90340412e+01
 -1.16053265e+01 -1.75770916e+01
 -9.82697513e+00 -1.59373085e+01
 -7.97640176e+00 -1.41320686e+01
 -6.05355081e+00 -1.21742660e+01
 -4.05333251e+00 -1.00707703e+01
 -1.96550602e+00 -7.82088952e+00
 2.23246295e-01 -5.41652109e+00
 2.52529282e+00 -2.84594774e+00
 4.94748585e+00 -1.01153609e-01
 7.48726786e+00 2.81434927e+00
 1.01295568e+01 5.88082291e+00
 1.28440157e+01 9.06186876e+00
 1.55832115e+01 1.23064194e+01
 1.82833281e+01 1.55510121e+01
 2.08686853e+01 1.87223859e+01
 2.32593653e+01 2.17420641e+01
 2.53797123e+01 2.45336374e+01
 2.71655285e+01 2.70310775e+01
 2.85687058e+01 2.91849671e+01
 2.95588742e+01 3.09643494e+01
 3.01223136e+01 3.23542528e+01
 3.02591259e+01 3.33509086e+01
 2.99802625e+01 3.39570915e+01
 2.93057579e+01 3.41791085e+01
 2.82642918e+01 3.40255507e+01
 2.68932126e+01 3.35071163e+01
 2.52384162e+01 3.26372968e+01
 2.33542381e+01 3.14343565e+01
 2.13033872e+01 2.99242719e+01
 1.91559145e+01 2.81429078e+01
 1.69855940e+01 2.61356643e+01
 1.48630798e+01 2.39542035e+01
 1.28474083e+01 2.16512422e+01
 1.09790368e+01 1.92750553e+01
 9.27725893e+00 1.68652898e+01
 7.74271312e+00 1.44510384e+01
 6.36316165e+00 1.20511732e+01
 5.11951185e+00 9.67620781e+00
 3.99021309e+00 7.33094185e+00
 2.95453738e+00 5.01775323e+00
 1.99630310e+00 2.74054274e+00
 1.10827718e+00 5.08344630e-01
 2.95353202e-01 -1.66305547e+00
 -4.25831552e-01 -3.75195789e+00
 -1.03102333e+00 -5.73272141e+00
 -1.49368228e+00 -7.57751733e+00
 -1.78870624e+00 -9.25789120e+00
 -1.89421126e+00 -1.07467144e+01
 -1.79308376e+00 -1.20202771e+01
 -1.47510801e+00 -1.30595823e+01
 -9.38326456e-01 -1.38504440e+01
 -1.88379342e-01 -1.43831572e+01
 7.63399652e-01 -1.46530002e+01
 1.90158620e+00 -1.46619905e+01
 3.20735743e+00 -1.44208665e+01
 4.65818404e+00 -1.39499566e+01
 6.22636152e+00 -1.32790795e+01
 7.87708567e+00 -1.24477769e+01
 9.56852025e+00 -1.15054567e+01
 1.12568132e+01 -1.05078802e+01
 1.29061587e+01 -9.50703499e+00
 1.44986906e+01 -8.53798939e+00
 1.60367929e+01 -7.61209758e+00
 1.75357749e+01 -6.72201764e+00
 1.90129240e+01 -5.85357073e+00
 2.04805099e+01 -4.99507988e+00
 2.19447985e+01 -4.14013718e+00
 2.34081922e+01 -3.28617999e+00
 2.48713948e+01 -2.43243667e+00
 2.63345653e+01 -1.57872965e+00
 2.77977315e+01 -7.25027538e-01
 2.92608952e+01 1.28672915e-01
 3.07240397e+01 9.82362070e-01
 3.21870376e+01 1.83596579e+00
 3.36491644e+01 2.68906120e+00
 3.51072227e+01 3.53978276e+00
 3.65503445e+01 4.38178948e+00
 3.79502967e+01 5.19860838e+00
 3.92518779e+01 5.95803154e+00
 4.03764941e+01 6.61420237e+00
 4.12495170e+01 7.12357801e+00
 4.12495170e+01 7.12357801e+00
 4.12495170e+01 7.12357801e+00
 4.12495170e+01 7.12357801e+00
 4.12495170e+01 7.12357801e+00
 4.12495170e+01 7.12357801e+00
 4.12495170e+01 7.12357801e+00
 4.12495170e+01 7.12357801e+00
 4.12495170e+01 7.12357801e+00
 4.12495170e+01 7.12357801e+00
 4.12495170e+01 7.12357801e+00
 4.12495170e+01 7.12357801e+00
 4.12495170e+01 7.12357801e+00
 4.12495170e+01 7.12357801e+00
 4.12495170e+01 7.12357801e+00
 4.12495170e+01 7.12357801e+00
 4.12495170e+01 7.12357801e+00
 4.12495170e+01 7.12357801e+00
 4.12495170e+01 7.12357801e+00
 4.12495170e+01 7.12357801e+00
 4.12495170e+01 7.12357801e+00
 4.12495170e+01 7.12357801e+00
 4.12495170e+01 7.12357801e+00
 4.12495170e+01 7.12357801e+00
 4.12495170e+01 7.12357801e+00
 4.12495170e+01 7.12357801e+00
 4.12495170e+01 7.12357801e+00
 4.12495170e+01 7.12357801e+00
