 0.00000000e+00 0.00000000e+00
 0.00000000e+00 0.00000000e+00
 0.00000000e+00 0.00000000e+00
 0.00000000e+00 0.00000000e+00
 0.00000000e+00 0.00000000e+00
 0.00000000e+00 0.00000000e+00
 0.00000000e+00 0.00000000e+00
 0.00000000e+00 0.00000000e+00
 -5.61521224e-03 1.53324784e-02
 -2.05043137e-02 4.15346916e-02
 -5.35678085e-02 8.06648345e-02
 -1.16558035e-01 1.33524930e-01
 -2.22496181e-01 2.00061357e-01
 -3.84503632e-01 2.79553313e-01
 -6.15618903e-01 3.70258543e-01
 -9.28799131e-01 4.68816961e-01
 -1.33634229e+00 5.69915843e-01
 -1.84894957e+00 6.66595973e-01
 -2.47501754e+00 7.51113316e-01
 -3.22033162e+00 8.15673997e-01
 -4.08783975e+00 8.52340942e-01
 -5.07720379e+00 8.52468763e-01
 -6.18428631e+00 8.07041272e-01
 -7.40084100e+00 7.08262801e-01
 -8.71425630e+00 5.50702899e-01
 -1.01072212e+01 3.30613647e-01
 -1.15578825e+01 4.43924531e-02
 -1.30411509e+01 -3.12105457e-01
 -1.45307640e+01 -7.43073778e-01
 -1.60009984e+01 -1.25162361e+00
 -1.74274967e+01 -1.83826920e+00
 -1.87875769e+01 -2.49933813e+00
 -2.00606680e+01 -3.22629929e+00
 -2.12292325e+01 -4.00687861e+00
 -2.22798362e+01 -4.82739208e+00
 -2.32035526e+01 -5.67463037e+00
 -2.39954526e+01 -6.53636091e+00
 -2.46538100e+01 -7.40118843e+00
 -2.51796102e+01 -8.25911250e+00
 -2.55764130e+01 -9.10294047e+00
 -2.58503676e+01 -9.92910098e+00
 -2.60098517e+01 -1.07364268e+01
 -2.60640686e+01 -1.15234522e+01
 -2.60209569e+01 -1.22863452e+01
 -2.58859180e+01 -1.30187818e+01
 -2.56621756e+01 -1.37131547e+01
 -2.53519238e+01 -1.43618347e+01
 -2.49571496e+01 -1.49579137e+01
 -2.44799812e+01 -1.54956867e+01
 -2.39229922e+01 -1.59713115e+01
 -2.32898383e+01 -1.63835716e+01
 -2.25863389e+01 -1.67341509e+01
 -2.18216544e+01 -1.70271705e+01
 -2.10088038e+01 -1.72685260e+01
 -2.01640360e+01 -1.74655283e+01
 -1.93053479e+01 -1.76266965e+01
 -1.84508341e+01 -1.77614106e+01
 -1.76173762e+01 -1.78794189e+01
 -1.68199044e+01 -1.79902555e+01
 -1.60711265e+01 -1.81026933e+01
 -1.53812750e+01 -1.82245361e+01
 -1.47576281e+01 -1.83628905e+01
 -1.42042376e+01 -1.85246169e+01
 -1.37224968e+01 -1.87164689e+01
 -1.33125238e+01 -1.89446572e+01
 -1.29744923e+01 -1.92140259e+01
 -1.27088421e+01 -1.95273101e+01
 -1.25151064e+01 -1.98847759e+01
 -1.23904986e+01 -2.02841574e+01
 -1.23301017e+01 -2.07206859e+01
 -1.23291184e+01 -2.11873047e+01
 -1.23851843e+01 -2.16753829e+01
 -1.24985229e+01 -2.21759866e+01
 -1.26704731e+01 -2.26813686e+01
 -1.29027333e+01 -2.31861551e+01
 -1.31981165e+01 -2.36877500e+01
 -1.35615189e+01 -2.41858380e+01
 -1.40000490e+01 -2.46814034e+01
 -1.45225435e+01 -2.51758294e+01
 -1.51388780e+01 -2.56702790e+01
 -1.58589115e+01 -2.61652272e+01
 -1.66908250e+01 -2.66600208e+01
 -1.76390414e+01 -2.71525188e+01
 -1.87023043e+01 -2.76389599e+01
 -1.98726270e+01 -2.81141390e+01
 -2.11355520e+01 -2.85717385e+01
 -2.24714741e+01 -2.90045161e+01
 -2.38572631e+01 -2.94042798e+01
 -2.52676931e+01 -2.97619636e+01
 -2.66769386e+01 -3.00681549e+01
 -2.80606461e+01 -3.03140520e+01
 -2.93984337e+01 -3.04924060e+01
 -3.06758887e+01 -3.05979011e+01
 -3.18851378e+01 -3.06268587e+01
 -3.30238580e+01 -3.05768767e+01
 -3.40935209e+01 -3.04470780e+01
 -3.50979078e+01 -3.02386106e+01
 -3.60421718e+01 -2.99543151e+01
 -3.69318099e+01 -2.95974592e+01
 -3.77710619e+01 -2.91707245e+01
 -3.85611553e+01 -2.86762679e+01
 -3.92991361e+01 -2.81163910e+01
 -3.99775909e+01 -2.74940230e+01
 -4.05851848e+01 -2.68129152e+01
 -4.11080405e+01 -2.60780422e+01
 -4.15326914e+01 -2.52966454e+01
 -4.18517432e+01 -2.44797839e+01
 -4.20712843e+01 -2.36433362e+01
 -4.22148045e+01 -2.28065801e+01
 -4.23176873e+01 -2.19873400e+01
 -4.24135284e+01 -2.11959186e+01
 -4.25220990e+01 -2.04324034e+01
 -4.26474981e+01 -1.96895561e+01
 -4.27849716e+01 -1.89584810e+01
 -4.29285183e+01 -1.82326353e+01
 -4.30743463e+01 -1.75086105e+01
 -4.32208296e+01 -1.67850833e+01
 -4.33674585e+01 -1.60616628e+01
 -4.35141124e+01 -1.53382604e+01
 -4.36607696e+01 -1.46148604e+01
 -4.38074270e+01 -1.38914616e+01
 -4.39540825e+01 -1.31680723e+01
 -4.41007233e+01 -1.24447555e+01
 -4.42472768e+01 -1.17218694e+01
 -4.43934225e+01 -1.10009948e+01
 -4.45380711e+01 -1.02875049e+01
 -4.46783927e+01 -9.59535836e+00
 -4.48088542e+01 -8.95184715e+00
 -4.49215780e+01 -8.39582871e+00
 -4.50090837e+01 -7.96419988e+00
 -4.50090837e+01 -7.96419988e+00
 -4.50090837e+01 -7.96419988e+00
 -4.50090837e+01 -7.96419988e+00
 -4.50090837e+01 -7.96419988e+00
 -4.50090837e+01 -7.96419988e+00
 -4.50090837e+01 -7.96419988e+00
 -4.50090837e+01 -7.96419988e+00
 -4.50090837e+01 -7.96419988e+00
 -4.50090837e+01 -7.96419988e+00
 -4.50090837e+01 -7.96419988e+00
 -4.50090837e+01 -7.96419988e+00
 -4.50090837e+01 -7.96419988e+00
 -4.50090837e+01 -7.96419988e+00
 -4.50090837e+01 -7.96419988e+00
 -4.50090837e+01 -7.96419988e+00
 -4.50090837e+01 -7.96419988e+00
 -4.50090837e+01 -7.96419988e+00
 -4.50090837e+01 -7.96419988e+00
 -4.50090837e+01 -7.96419988e+00
 -4.50090837e+01 -7.96419988e+00
 -4.50090837e+01 -7.96419988e+00
 -4.50090837e+01 -7.96419988e+00
 -4.50090837e+01 -7.96419988e+00
 -4.50090837e+01 -7.96419988e+00
 -4.50090837e+01 -7.96419988e+00
 -4.50090837e+01 -7.96419988e+00
 -4.50090837e+01 -7.96419988e+00
 -4.50090837e+01 -7.96419988e+00
 -4.50090837e+01 -7.96419988e+00
 -4.50090837e+01 -7.96419988e+00
 -4.50090837e+01 -7.96419988e+00
 -4.50090837e+01 -7.96419988e+00
 -4.50090837e+01 -7.96419988e+00
 -4.50090837e+01 -7.96419988e+00
 -4.50090837e+01 -7.96419988e+00
 -4.50090837e+01 -7.96419988e+00
 -4.50090837e+01 -7.96419988e+00
 -4.50090837e+01 -7.96419988e+00
 -4.50090837e+01 -7.96419988e+00
 -4.50090837e+01 -7.96419988e+00
 -4.50090837e+01 -7.96419988e+00
 -4.50090837e+01 -7.96419988e+00
 -4.50090837e+01 -7.96419988e+00
