 0.00000000e+00 0.00000000e+00
 0.00000000e+00 0.00000000e+00
 0.00000000e+00 0.00000000e+00
 0.00000000e+00 0.00000000e+00
 0.00000000e+00 0.00000000e+00
 0.00000000e+00 0.00000000e+00
 0.00000000e+00 0.00000000e+00
 0.00000000e+00 0.00000000e+00
 0.00000000e+00 0.00000000e+00
 0.00000000e+00 0.00000000e+00
 0.00000000e+00 0.00000000e+00
 0.00000000e+00 0.00000000e+00
 0.00000000e+00 0.00000000e+00
 -9.15566683e-02 1.70833355e-02
 -2.29895988e-01 4.10467995e-02
 -4.25192453e-01 7.05515658e-02
 -6.88500753e-01 1.03038631e-01
 -1.03179250e+00 1.34854393e-01
 -1.46726233e+00 1.61131389e-01
 -2.00673228e+00 1.75794269e-01
 -2.66132634e+00 1.71478116e-01
 -3.44097586e+00 1.39172339e-01
 -4.35346558e+00 6.85186434e-02
 -5.40313662e+00 -5.04671857e-02
 -6.58964189e+00 -2.25382668e-01
 -7.90728648e+00 -4.60914402e-01
 -9.34534923e+00 -7.59931571e-01
 -1.08891756e+01 -1.12488606e+00
 -1.25210979e+01 -1.55843872e+00
 -1.42203626e+01 -2.06304574e+00
 -1.59624534e+01 -2.63967893e+00
 -1.77190186e+01 -3.28621230e+00
 -1.94588809e+01 -3.99644816e+00
 -2.11493665e+01 -4.76052178e+00
 -2.27572308e+01 -5.56629157e+00
 -2.42495930e+01 -6.40059443e+00
 -2.55957376e+01 -7.24986883e+00
 -2.67696558e+01 -8.10068602e+00
 -2.77521916e+01 -8.94082861e+00
 -2.85318905e+01 -9.76066794e+00
 -2.91044525e+01 -1.05538084e+01
 -2.94710901e+01 -1.13162964e+01
 -2.96364843e+01 -1.20448711e+01
 -2.96074437e+01 -1.27354034e+01
 -2.93926429e+01 -1.33821868e+01
 -2.90024230e+01 -1.39780161e+01
 -2.84478932e+01 -1.45148857e+01
 -2.77402889e+01 -1.49852567e+01
 -2.68917850e+01 -1.53835905e+01
 -2.59172804e+01 -1.57075688e+01
 -2.48356763e+01 -1.59587428e+01
 -2.36700024e+01 -1.61428231e+01
 -2.24468627e+01 -1.62695861e+01
 -2.11957856e+01 -1.63519002e+01
 -1.99483859e+01 -1.64039232e+01
 -1.87366838e+01 -1.64395259e+01
 -1.75902532e+01 -1.64715579e+01
 -1.65330415e+01 -1.65111786e+01
 -1.55813854e+01 -1.65666598e+01
 -1.47439520e+01 -1.66425641e+01
 -1.40228928e+01 -1.67403384e+01
 -1.34150848e+01 -1.68599393e+01
 -1.29132214e+01 -1.70013726e+01
 -1.25073737e+01 -1.71655803e+01
 -1.21873157e+01 -1.73547161e+01
 -1.19448142e+01 -1.75719966e+01
 -1.17746775e+01 -1.78213591e+01
 -1.16742754e+01 -1.81070292e+01
 -1.16424991e+01 -1.84328400e+01
 -1.16792422e+01 -1.88012659e+01
 -1.17854951e+01 -1.92126585e+01
 -1.19634739e+01 -1.96651375e+01
 -1.22163752e+01 -2.01548642e+01
 -1.25477289e+01 -2.06762400e+01
 -1.29607081e+01 -2.12221857e+01
 -1.34579639e+01 -2.17848415e+01
 -1.40419957e+01 -2.23564414e+01
 -1.47153076e+01 -2.29297850e+01
 -1.54799618e+01 -2.34981623e+01
 -1.63370694e+01 -2.40551488e+01
 -1.72866514e+01 -2.45946319e+01
 -1.83274223e+01 -2.51109588e+01
 -1.94559782e+01 -2.55989255e+01
 -2.06656283e+01 -2.60536291e+01
 -2.19455372e+01 -2.64704458e+01
 -2.32806629e+01 -2.68451667e+01
 -2.46525563e+01 -2.71739823e+01
 -2.60406722e+01 -2.74532041e+01
 -2.74237909e+01 -2.76791792e+01
 -2.87815304e+01 -2.78488842e+01
 -3.00960117e+01 -2.79608593e+01
 -3.13532953e+01 -2.80153141e+01
 -3.25439972e+01 -2.80127805e+01
 -3.36629472e+01 -2.79525609e+01
 -3.47082987e+01 -2.78328573e+01
 -3.56806098e+01 -2.76524431e+01
 -3.65821353e+01 -2.74119088e+01
 -3.74162320e+01 -2.71134319e+01
 -3.81866509e+01 -2.67597622e+01
 -3.88966333e+01 -2.63533428e+01
 -3.95479127e+01 -2.58958391e+01
 -4.01397642e+01 -2.53880286e+01
 -4.06683077e+01 -2.48299364e+01
 -4.11266185e+01 -2.42212530e+01
 -4.15067041e+01 -2.35625875e+01
 -4.18042089e+01 -2.28581666e+01
 -4.20246006e+01 -2.21191711e+01
 -4.21863401e+01 -2.13646526e+01
 -4.23164896e+01 -2.06169498e+01
 -4.24402224e+01 -1.98930033e+01
 -4.25720784e+01 -1.91980616e+01
 -4.27150941e+01 -1.85268318e+01
 -4.28660624e+01 -1.78699550e+01
 -4.30209736e+01 -1.72197208e+01
 -4.31773427e+01 -1.65718672e+01
 -4.33341243e+01 -1.59246781e+01
 -4.34909963e+01 -1.52776338e+01
 -4.36478836e+01 -1.46306142e+01
 -4.38047729e+01 -1.39835979e+01
 -4.39616622e+01 -1.33365828e+01
 -4.41185495e+01 -1.26895763e+01
 -4.42754211e+01 -1.20426345e+01
 -4.44321993e+01 -1.13960780e+01
 -4.45885412e+01 -1.07513206e+01
 -4.47432815e+01 -1.01131682e+01
 -4.48933929e+01 -9.49410541e+00
 -4.50329564e+01 -8.91854259e+00
 -4.51535446e+01 -8.42123418e+00
 -4.52471555e+01 -8.03518106e+00
 -4.52471555e+01 -8.03518106e+00
 -4.52471555e+01 -8.03518106e+00
 -4.52471555e+01 -8.03518106e+00
 -4.52471555e+01 -8.03518106e+00
 -4.52471555e+01 -8.03518106e+00
 -4.52471555e+01 -8.03518106e+00
 -4.52471555e+01 -8.03518106e+00
 -4.52471555e+01 -8.03518106e+00
 -4.52471555e+01 -8.03518106e+00
 -4.52471555e+01 -8.03518106e+00
 -4.52471555e+01 -8.03518106e+00
 -4.52471555e+01 -8.03518106e+00
 -4.52471555e+01 -8.03518106e+00
 -4.52471555e+01 -8.03518106e+00
 -4.52471555e+01 -8.03518106e+00
 -4.52471555e+01 -8.03518106e+00
 -4.52471555e+01 -8.03518106e+00
 -4.52471555e+01 -8.03518106e+00
 -4.52471555e+01 -8.03518106e+00
 -4.52471555e+01 -8.03518106e+00
 -4.52471555e+01 -8.03518106e+00
 -4.52471555e+01 -8.03518106e+00
 -4.52471555e+01 -8.03518106e+00
 -4.52471555e+01 -8.03518106e+00
 -4.52471555e+01 -8.03518106e+00
 -4.52471555e+01 -8.03518106e+00
 -4.52471555e+01 -8.03518106e+00
 -4.52471555e+01 -8.03518106e+00
 -4.52471555e+01 -8.03518106e+00
 -4.52471555e+01 -8.03518106e+00
 -4.52471555e+01 -8.03518106e+00
 -4.52471555e+01 -8.03518106e+00
 -4.52471555e+01 -8.03518106e+00
 -4.52471555e+01 -8.03518106e+00
 -4.52471555e+01 -8.03518106e+00
 -4.52471555e+01 -8.03518106e+00
 -4.52471555e+01 -8.03518106e+00
 -4.52471555e+01 -8.03518106e+00
 -4.52471555e+01 -8.03518106e+00
 -4.52471555e+01 -8.03518106e+00
 -4.52471555e+01 -8.03518106e+00
 -4.52471555e+01 -8.03518106e+00
 -4.52471555e+01 -8.03518106e+00
 -4.52471555e+01 -8.03518106e+00
