 0.00000000e+00 0.00000000e+00
 0.00000000e+00 0.00000000e+00
 0.00000000e+00 0.00000000e+00
 0.00000000e+00 0.00000000e+00
 0.00000000e+00 0.00000000e+00
 0.00000000e+00 0.00000000e+00
 0.00000000e+00 0.00000000e+00
 0.00000000e+00 0.00000000e+00
 0.00000000e+00 0.00000000e+00
 0.00000000e+00 0.00000000e+00
 0.00000000e+00 0.00000000e+00
 0.00000000e+00 0.00000000e+00
 0.00000000e+00 0.00000000e+00
 0.00000000e+00 0.00000000e+00
 8.16369425e-02 1.25154391e-01
 1.45153313e-01 3.05418740e-01
 1.55525676e-01 5.41969072e-01
 8.19140081e-02 8.30806118e-01
 -9.54578329e-02 1.16430923e+00
 -3.84052414e-01 1.53251500e+00
 -7.82274689e-01 1.92358300e+00
 -1.28535991e+00 2.32319574e+00
 -1.89060965e+00 2.71334683e+00
 -2.59905072e+00 3.07147407e+00
 -3.41377043e+00 3.37051307e+00
 -4.33744421e+00 3.57985740e+00
 -5.37072501e+00 3.66715386e+00
 -6.51122506e+00 3.60096579e+00
 -7.75226264e+00 3.35411067e+00
 -9.08139142e+00 2.90711162e+00
 -1.04793859e+01 2.25100221e+00
 -1.19200756e+01 1.38893152e+00
 -1.33709311e+01 3.36675114e-01
 -1.47943121e+01 -8.77631674e-01
 -1.61495817e+01 -2.21509861e+00
 -1.73962414e+01 -3.63000640e+00
 -1.84976161e+01 -5.07551139e+00
 -1.94240891e+01 -6.50879884e+00
 -2.01552306e+01 -7.89374054e+00
 -2.06807556e+01 -9.20108475e+00
 -2.10000194e+01 -1.04074831e+01
 -2.11194821e+01 -1.14943472e+01
 -2.10487595e+01 -1.24464368e+01
 -2.07974190e+01 -1.32496535e+01
 -2.03738947e+01 -1.38884724e+01
 -1.97856315e+01 -1.43446119e+01
 -1.90392037e+01 -1.45981706e+01
 -1.81407035e+01 -1.46306461e+01
 -1.70970080e+01 -1.44278851e+01
 -1.59172088e+01 -1.39813311e+01
 -1.46130277e+01 -1.32875439e+01
 -1.31982210e+01 -1.23475623e+01
 -1.16879034e+01 -1.11676491e+01
 -1.00983013e+01 -9.76073857e+00
 -8.44653893e+00 -8.14581676e+00
 -6.74978500e+00 -6.34370354e+00
 -5.02368722e+00 -4.37158207e+00
 -3.28092112e+00 -2.24068163e+00
 -1.53084720e+00 4.08582086e-02
 2.19541800e-01 2.46245725e+00
 1.96395426e+00 5.00745516e+00
 3.69492431e+00 7.65317412e+00
 5.40196019e+00 1.03720361e+01
 7.07007913e+00 1.31304023e+01
 8.67919743e+00 1.58856356e+01
 1.02044767e+01 1.85851142e+01
 1.16173892e+01 2.11697911e+01
 1.28874859e+01 2.35812186e+01
 1.39851168e+01 2.57685929e+01
 1.48847902e+01 2.76929695e+01
 1.55677676e+01 2.93281065e+01
 1.60223303e+01 3.06589188e+01
 1.62417184e+01 3.16785086e+01
 1.62217201e+01 3.23846008e+01
 1.59600929e+01 3.27766421e+01
 1.54581155e+01 3.28548298e+01
 1.47228364e+01 3.26214442e+01
 1.37688568e+01 3.20837721e+01
 1.26197386e+01 3.12572153e+01
 1.13091844e+01 3.01671151e+01
 9.88098345e+00 2.88484116e+01
 8.38629494e+00 2.73430508e+01
 6.87808244e+00 2.56956618e+01
 5.40429653e+00 2.39483756e+01
 4.00210363e+00 2.21358065e+01
 2.69470678e+00 2.02812605e+01
 1.49096850e+00 1.83951938e+01
 3.87238097e-01 1.64766024e+01
 -6.29204888e-01 1.45172447e+01
 -1.57556119e+00 1.25074230e+01
 -2.46858762e+00 1.04411045e+01
 -3.32052995e+00 8.31865012e+00
 -4.13677184e+00 6.14747386e+00
 -4.91502268e+00 3.94254704e+00
 -5.64511091e+00 1.72778585e+00
 -6.30887872e+00 -4.63205773e-01
 -6.88074004e+00 -2.58954278e+00
 -7.32971776e+00 -4.60872477e+00
 -7.62294090e+00 -6.48245775e+00
 -7.72983125e+00 -8.17942535e+00
 -7.62614616e+00 -9.67490927e+00
 -7.29708947e+00 -1.09498813e+01
 -6.73892564e+00 -1.19917969e+01
 -5.95940696e+00 -1.27965580e+01
 -4.97756772e+00 -1.33690849e+01
 -3.82229128e+00 -1.37209080e+01
 -2.52885561e+00 -1.38659886e+01
 -1.13446932e+00 -1.38173881e+01
 3.25122844e-01 -1.35862938e+01
 1.81714470e+00 -1.31829687e+01
 3.31232278e+00 -1.26181812e+01
 4.78571584e+00 -1.19041615e+01
 6.21808980e+00 -1.10558483e+01
 7.59699833e+00 -1.00941011e+01
 8.91681170e+00 -9.05010120e+00
 1.01779582e+01 -7.96573885e+00
 1.13861110e+01 -6.88497717e+00
 1.25512734e+01 -5.83940059e+00
 1.36859329e+01 -4.83904980e+00
 1.48021933e+01 -3.87585287e+00
 1.59092400e+01 -2.93503549e+00
 1.70125230e+01 -2.00450319e+00
 1.81145672e+01 -1.07763205e+00
 1.92162857e+01 -1.51776668e-01
 2.03179363e+01 7.73858506e-01
 2.14195756e+01 1.69945634e+00
 2.25212133e+01 2.62504913e+00
 2.36228494e+01 3.55064015e+00
 2.47244710e+01 4.47621891e+00
 2.58259823e+01 5.40170505e+00
 2.69268377e+01 6.32664007e+00
 2.80246298e+01 7.24900135e+00
 2.91111760e+01 8.16191389e+00
 3.01652193e+01 9.04751754e+00
 3.11451977e+01 9.87089213e+00
 3.19919367e+01 1.05823194e+01
 3.26492476e+01 1.11345899e+01
 3.26492476e+01 1.11345899e+01
 3.26492476e+01 1.11345899e+01
 3.26492476e+01 1.11345899e+01
 3.26492476e+01 1.11345899e+01
 3.26492476e+01 1.11345899e+01
 3.26492476e+01 1.11345899e+01
 3.26492476e+01 1.11345899e+01
 3.26492476e+01 1.11345899e+01
 3.26492476e+01 1.11345899e+01
 3.26492476e+01 1.11345899e+01
 3.26492476e+01 1.11345899e+01
 3.26492476e+01 1.11345899e+01
 3.26492476e+01 1.11345899e+01
 3.26492476e+01 1.11345899e+01
 3.26492476e+01 1.11345899e+01
 3.26492476e+01 1.11345899e+01
 3.26492476e+01 1.11345899e+01
 3.26492476e+01 1.11345899e+01
 3.26492476e+01 1.11345899e+01
 3.26492476e+01 1.11345899e+01
 3.26492476e+01 1.11345899e+01
 3.26492476e+01 1.11345899e+01
 3.26492476e+01 1.11345899e+01
