 0.00000000e+00 0.00000000e+00
 0.00000000e+00 0.00000000e+00
 0.00000000e+00 0.00000000e+00
 0.00000000e+00 0.00000000e+00
 0.00000000e+00 0.00000000e+00
 0.00000000e+00 0.00000000e+00
 0.00000000e+00 0.00000000e+00
 0.00000000e+00 0.00000000e+00
 0.00000000e+00 0.00000000e+00
 1.08262079e-02 9.74554095e-02
 5.10435333e-03 2.27132124e-01
 -3.28846513e-02 3.83137083e-01
 -1.18116224e-01 5.57663500e-01
 -2.61419330e-01 7.43103608e-01
 -4.68377028e-01 9.32454902e-01
 -7.40975423e-01 1.11895139e+00
 -1.08035337e+00 1.29571726e+00
 -1.48847372e+00 1.45561817e+00
 -1.96808758e+00 1.59142694e+00
 -2.52183874e+00 1.69638421e+00
 -3.15142673e+00 1.76470240e+00
 -3.85715671e+00 1.79123822e+00
 -4.63777049e+00 1.77046658e+00
 -5.49026228e+00 1.69620516e+00
 -6.40952431e+00 1.56292269e+00
 -7.38801203e+00 1.36720597e+00
 -8.41568084e+00 1.10759764e+00
 -9.48031175e+00 7.83287640e-01
 -1.05683748e+01 3.93462349e-01
 -1.16663932e+01 -6.20766907e-02
 -1.27621928e+01 -5.81833755e-01
 -1.38453734e+01 -1.16200667e+00
 -1.49072033e+01 -1.79674233e+00
 -1.59406825e+01 -2.47917469e+00
 -1.69409102e+01 -3.20270083e+00
 -1.79050688e+01 -3.96161034e+00
 -1.88314984e+01 -4.75049261e+00
 -1.97182265e+01 -5.56288328e+00
 -2.05618126e+01 -6.39034998e+00
 -2.13569838e+01 -7.22272857e+00
 -2.20968123e+01 -8.04901655e+00
 -2.27728864e+01 -8.85789901e+00
 -2.33752470e+01 -9.63763424e+00
 -2.38925748e+01 -1.03761442e+01
 -2.43135760e+01 -1.10623173e+01
 -2.46298938e+01 -1.16884934e+01
 -2.48391127e+01 -1.22527997e+01
 -2.49451947e+01 -1.27597414e+01
 -2.49553990e+01 -1.32186853e+01
 -2.48765921e+01 -1.36413579e+01
 -2.47146873e+01 -1.40396909e+01
 -2.44768402e+01 -1.44245096e+01
 -2.41728247e+01 -1.48048870e+01
 -2.38140414e+01 -1.51878871e+01
 -2.34118061e+01 -1.55785459e+01
 -2.29764846e+01 -1.59800669e+01
 -2.25172814e+01 -1.63942455e+01
 -2.20420413e+01 -1.68219746e+01
 -2.15571293e+01 -1.72635164e+01
 -2.10677176e+01 -1.77183902e+01
 -2.05783225e+01 -1.81850324e+01
 -2.00931730e+01 -1.86604178e+01
 -1.96163700e+01 -1.91398048e+01
 -1.91521450e+01 -1.96169900e+01
 -1.87053661e+01 -2.00854227e+01
 -1.82822152e+01 -2.05398091e+01
 -1.78908780e+01 -2.09773176e+01
 -1.75419040e+01 -2.13980369e+01
 -1.72477140e+01 -2.18050924e+01
 -1.70210775e+01 -2.22046795e+01
 -1.68735370e+01 -2.26057068e+01
 -1.68157113e+01 -2.30187141e+01
 -1.68597563e+01 -2.34541945e+01
 -1.70207261e+01 -2.39208067e+01
 -1.73137298e+01 -2.44239133e+01
 -1.77489569e+01 -2.49646203e+01
 -1.83293976e+01 -2.55393737e+01
 -1.90523280e+01 -2.61402439e+01
 -1.99114864e+01 -2.67559929e+01
 -2.08977371e+01 -2.73737019e+01
 -2.19990508e+01 -2.79804043e+01
 -2.32013826e+01 -2.85643169e+01
 -2.44904037e+01 -2.91156285e+01
 -2.58526541e+01 -2.96268388e+01
 -2.72751674e+01 -3.00925501e+01
 -2.87444170e+01 -3.05088964e+01
 -3.02463271e+01 -3.08730590e+01
 -3.17676834e+01 -3.11830803e+01
 -3.32973091e+01 -3.14377682e+01
 -3.48256548e+01 -3.16365551e+01
 -3.63434741e+01 -3.17795564e+01
 -3.78411787e+01 -3.18679229e+01
 -3.93094420e+01 -3.19039641e+01
 -4.07403062e+01 -3.18905896e+01
 -4.21277225e+01 -3.18305107e+01
 -4.34669686e+01 -3.17260163e+01
 -4.47533089e+01 -3.15793895e+01
 -4.59810838e+01 -3.13932576e+01
 -4.71441952e+01 -3.11703795e+01
 -4.82375726e+01 -3.09131907e+01
 -4.92581858e+01 -3.06237459e+01
 -5.02048030e+01 -3.03040493e+01
 -5.10770443e+01 -2.99560834e+01
 -5.18746652e+01 -2.95811994e+01
 -5.25972889e+01 -2.91793259e+01
 -5.32441684e+01 -2.87485368e+01
 -5.38137410e+01 -2.82852732e+01
 -5.43035495e+01 -2.77856944e+01
 -5.47119951e+01 -2.72486514e+01
 -5.50428632e+01 -2.66795795e+01
 -5.53102203e+01 -2.60924671e+01
 -5.55381009e+01 -2.55065460e+01
 -5.57525210e+01 -2.49382076e+01
 -5.59714600e+01 -2.43940748e+01
 -5.62010506e+01 -2.38708179e+01
 -5.64393776e+01 -2.33606101e+01
 -5.66824063e+01 -2.28565741e+01
 -5.69272785e+01 -2.23547848e+01
 -5.71726961e+01 -2.18536299e+01
 -5.74182374e+01 -2.13526144e+01
 -5.76638004e+01 -2.08516227e+01
 -5.79093664e+01 -2.03506343e+01
 -5.81549323e+01 -1.98496470e+01
 -5.84004950e+01 -1.93486662e+01
 -5.86460331e+01 -1.88477356e+01
 -5.88914250e+01 -1.83471033e+01
 -5.91361341e+01 -1.78478641e+01
 -5.93783364e+01 -1.73537391e+01
 -5.96132934e+01 -1.68743954e+01
 -5.98317406e+01 -1.64287339e+01
 -6.00204873e+01 -1.60436652e+01
 -6.01670087e+01 -1.57447421e+01
 -6.01670087e+01 -1.57447421e+01
 -6.01670087e+01 -1.57447421e+01
 -6.01670087e+01 -1.57447421e+01
 -6.01670087e+01 -1.57447421e+01
 -6.01670087e+01 -1.57447421e+01
 -6.01670087e+01 -1.57447421e+01
 -6.01670087e+01 -1.57447421e+01
 -6.01670087e+01 -1.57447421e+01
 -6.01670087e+01 -1.57447421e+01
 -6.01670087e+01 -1.57447421e+01
 -6.01670087e+01 -1.57447421e+01
 -6.01670087e+01 -1.57447421e+01
 -6.01670087e+01 -1.57447421e+01
 -6.01670087e+01 -1.57447421e+01
 -6.01670087e+01 -1.57447421e+01
 -6.01670087e+01 -1.57447421e+01
 -6.01670087e+01 -1.57447421e+01
 -6.01670087e+01 -1.57447421e+01
 -6.01670087e+01 -1.57447421e+01
 -6.01670087e+01 -1.57447421e+01
 -6.01670087e+01 -1.57447421e+01
 -6.01670087e+01 -1.57447421e+01
 -6.01670087e+01 -1.57447421e+01
 -6.01670087e+01 -1.57447421e+01
 -6.01670087e+01 -1.57447421e+01
 -6.01670087e+01 -1.57447421e+01
 -6.01670087e+01 -1.57447421e+01
 -6.01670087e+01 -1.57447421e+01
 -6.01670087e+01 -1.57447421e+01
 -6.01670087e+01 -1.57447421e+01
 -6.01670087e+01 -1.57447421e+01
 -6.01670087e+01 -1.57447421e+01
 -6.01670087e+01 -1.57447421e+01
 -6.01670087e+01 -1.57447421e+01
 -6.01670087e+01 -1.57447421e+01
 -6.01670087e+01 -1.57447421e+01
 -6.01670087e+01 -1.57447421e+01
 -6.01670087e+01 -1.57447421e+01
 -6.01670087e+01 -1.57447421e+01
 -6.01670087e+01 -1.57447421e+01
 -6.01670087e+01 -1.57447421e+01
