 0.00000000e+00 0.00000000e+00
 0.00000000e+00 0.00000000e+00
 0.00000000e+00 0.00000000e+00
 0.00000000e+00 0.00000000e+00
 0.00000000e+00 0.00000000e+00
 0.00000000e+00 0.00000000e+00
 0.00000000e+00 0.00000000e+00
 0.00000000e+00 0.00000000e+00
 0.00000000e+00 0.00000000e+00
 0.00000000e+00 0.00000000e+00
 0.00000000e+00 0.00000000e+00
 0.00000000e+00 0.00000000e+00
 -1.51056755e-01 5.69653177e-02
 -3.54507300e-01 1.26525833e-01
 -6.07107739e-01 2.01615353e-01
 -9.07686439e-01 2.75294747e-01
 -1.26131446e+00 3.41777397e-01
 -1.67940967e+00 3.95388721e-01
 -2.17689312e+00 4.29088304e-01
 -2.76867778e+00 4.33537923e-01
 -3.46725417e+00 3.96919917e-01
 -4.28174410e+00 3.06118170e-01
 -5.21746665e+00 1.49420986e-01
 -6.27494434e+00 -8.09225107e-02
 -7.44852265e+00 -3.88124194e-01
 -8.72590807e+00 -7.71838953e-01
 -1.00894839e+01 -1.22907539e+00
 -1.15188167e+01 -1.75467207e+00
 -1.29931010e+01 -2.34216275e+00
 -1.44928039e+01 -2.98523919e+00
 -1.60003117e+01 -3.67883668e+00
 -1.74994879e+01 -4.41882620e+00
 -1.89744374e+01 -5.20046747e+00
 -2.04083272e+01 -6.01687284e+00
 -2.17829270e+01 -6.85867672e+00
 -2.30787318e+01 -7.71498961e+00
 -2.42751449e+01 -8.57462431e+00
 -2.53506375e+01 -9.42664444e+00
 -2.62834507e+01 -1.02603505e+01
 -2.70532982e+01 -1.10655018e+01
 -2.76435387e+01 -1.18331182e+01
 -2.80427126e+01 -1.25563650e+01
 -2.82450093e+01 -1.32307983e+01
 -2.82500778e+01 -1.38537749e+01
 -2.80625539e+01 -1.44234992e+01
 -2.76913905e+01 -1.49384097e+01
 -2.71492225e+01 -1.53972579e+01
 -2.64519574e+01 -1.57996460e+01
 -2.56182566e+01 -1.61465698e+01
 -2.46685826e+01 -1.64407451e+01
 -2.36243104e+01 -1.66867612e+01
 -2.25075752e+01 -1.68911141e+01
 -2.13414934e+01 -1.70620216e+01
 -2.01497725e+01 -1.72088765e+01
 -1.89554563e+01 -1.73414242e+01
 -1.77794625e+01 -1.74689894e+01
 -1.66395599e+01 -1.75999229e+01
 -1.55500472e+01 -1.77411029e+01
 -1.45221804e+01 -1.78973389e+01
 -1.35651104e+01 -1.80708998e+01
 -1.26867793e+01 -1.82615743e+01
 -1.18942574e+01 -1.84673448e+01
 -1.11934000e+01 -1.86854076e+01
 -1.05882130e+01 -1.89133371e+01
 -1.00805397e+01 -1.91503086e+01
 -9.67028604e+00 -1.93980628e+01
 -9.35585545e+00 -1.96610710e+01
 -9.13450342e+00 -1.99456643e+01
 -9.00270137e+00 -2.02585297e+01
 -8.95664742e+00 -2.06053455e+01
 -8.99279808e+00 -2.09901248e+01
 -9.10823159e+00 -2.14152495e+01
 -9.30091377e+00 -2.18816622e+01
 -9.56997131e+00 -2.23886990e+01
 -9.91577812e+00 -2.29336425e+01
 -1.03397430e+01 -2.35116252e+01
 -1.08440682e+01 -2.41164166e+01
 -1.14316167e+01 -2.47418011e+01
 -1.21057017e+01 -2.53824788e+01
 -1.28697477e+01 -2.60338110e+01
 -1.37269739e+01 -2.66909756e+01
 -1.46801413e+01 -2.73485757e+01
 -1.57312654e+01 -2.80009259e+01
 -1.68810996e+01 -2.86423911e+01
 -1.81282450e+01 -2.92672905e+01
 -1.94681947e+01 -2.98695431e+01
 -2.08929140e+01 -3.04425621e+01
 -2.23909608e+01 -3.09796698e+01
 -2.39475154e+01 -3.14747341e+01
 -2.55441086e+01 -3.19224012e+01
 -2.71586781e+01 -3.23177489e+01
 -2.87666338e+01 -3.26559063e+01
 -3.03430032e+01 -3.29321798e+01
 -3.18651198e+01 -3.31425747e+01
 -3.33150112e+01 -3.32842235e+01
 -3.46807946e+01 -3.33554329e+01
 -3.59568320e+01 -3.33554790e+01
 -3.71428232e+01 -3.32844587e+01
 -3.82424007e+01 -3.31433751e+01
 -3.92618656e+01 -3.29344226e+01
 -4.02091217e+01 -3.26612215e+01
 -4.10922797e+01 -3.23286704e+01
 -4.19177774e+01 -3.19423612e+01
 -4.26887464e+01 -3.15078390e+01
 -4.34044110e+01 -3.10299602e+01
 -4.40603444e+01 -3.05123630e+01
 -4.46488368e+01 -2.99569819e+01
 -4.51595250e+01 -2.93638275e+01
 -4.55817992e+01 -2.87318573e+01
 -4.59102358e+01 -2.80619344e+01
 -4.61514099e+01 -2.73612595e+01
 -4.63268364e+01 -2.66456965e+01
 -4.64673374e+01 -2.59359850e+01
 -4.66010605e+01 -2.52488626e+01
 -4.67439795e+01 -2.45900317e+01
 -4.68992766e+01 -2.39546678e+01
 -4.70633276e+01 -2.33336484e+01
 -4.72316992e+01 -2.27193155e+01
 -4.74016638e+01 -2.21073925e+01
 -4.75720784e+01 -2.14961452e+01
 -4.77425913e+01 -2.08850455e+01
 -4.79131210e+01 -2.02739711e+01
 -4.80836529e+01 -1.96629001e+01
 -4.82541847e+01 -1.90518303e+01
 -4.84247144e+01 -1.84407686e+01
 -4.85952270e+01 -1.78297681e+01
 -4.87656380e+01 -1.72191314e+01
 -4.89355749e+01 -1.66101938e+01
 -4.91037709e+01 -1.60074943e+01
 -4.92669355e+01 -1.54228239e+01
 -4.94186349e+01 -1.48792368e+01
 -4.95497091e+01 -1.44095566e+01
 -4.96514600e+01 -1.40449509e+01
 -4.96514600e+01 -1.40449509e+01
 -4.96514600e+01 -1.40449509e+01
 -4.96514600e+01 -1.40449509e+01
 -4.96514600e+01 -1.40449509e+01
 -4.96514600e+01 -1.40449509e+01
 -4.96514600e+01 -1.40449509e+01
 -4.96514600e+01 -1.40449509e+01
 -4.96514600e+01 -1.40449509e+01
 -4.96514600e+01 -1.40449509e+01
 -4.96514600e+01 -1.40449509e+01
 -4.96514600e+01 -1.40449509e+01
 -4.96514600e+01 -1.40449509e+01
 -4.96514600e+01 -1.40449509e+01
 -4.96514600e+01 -1.40449509e+01
 -4.96514600e+01 -1.40449509e+01
 -4.96514600e+01 -1.40449509e+01
 -4.96514600e+01 -1.40449509e+01
 -4.96514600e+01 -1.40449509e+01
 -4.96514600e+01 -1.40449509e+01
 -4.96514600e+01 -1.40449509e+01
 -4.96514600e+01 -1.40449509e+01
 -4.96514600e+01 -1.40449509e+01
 -4.96514600e+01 -1.40449509e+01
 -4.96514600e+01 -1.40449509e+01
 -4.96514600e+01 -1.40449509e+01
 -4.96514600e+01 -1.40449509e+01
 -4.96514600e+01 -1.40449509e+01
 -4.96514600e+01 -1.40449509e+01
 -4.96514600e+01 -1.40449509e+01
 -4.96514600e+01 -1.40449509e+01
 -4.96514600e+01 -1.40449509e+01
 -4.96514600e+01 -1.40449509e+01
 -4.96514600e+01 -1.40449509e+01
 -4.96514600e+01 -1.40449509e+01
 -4.96514600e+01 -1.40449509e+01
 -4.96514600e+01 -1.40449509e+01
 -4.96514600e+01 -1.40449509e+01
 -4.96514600e+01 -1.40449509e+01
 -4.96514600e+01 -1.40449509e+01
 -4.96514600e+01 -1.40449509e+01
