 0.00000000e+00 0.00000000e+00
 0.00000000e+00 0.00000000e+00
 0.00000000e+00 0.00000000e+00
 0.00000000e+00 0.00000000e+00
 0.00000000e+00 0.00000000e+00
 0.00000000e+00 0.00000000e+00
 0.00000000e+00 0.00000000e+00
 0.00000000e+00 0.00000000e+00
 -1.55977364e-01 3.36487239e-02
 -3.58467403e-01 7.87856354e-02
 -5.98703387e-01 1.33027059e-01
 -8.69387549e-01 1.92133562e-01
 -1.16800104e+00 2.50898119e-01
 -1.49623828e+00 3.04271328e-01
 -1.85839975e+00 3.48357241e-01
 -2.26049893e+00 3.80730832e-01
 -2.70976567e+00 3.99944101e-01
 -3.21416556e+00 4.04609503e-01
 -3.78225512e+00 3.92542322e-01
 -4.42342399e+00 3.60466431e-01
 -5.14788603e+00 3.04483077e-01
 -5.96581356e+00 2.20674940e-01
 -6.88570752e+00 1.05098383e-01
 -7.91269581e+00 -4.66382028e-02
 -9.04740895e+00 -2.39510828e-01
 -1.02854248e+01 -4.78748659e-01
 -1.16168099e+01 -7.69301288e-01
 -1.30257360e+01 -1.11518586e+00
 -1.44907585e+01 -1.51859406e+00
 -1.59860539e+01 -1.97895222e+00
 -1.74833493e+01 -2.49251902e+00
 -1.89542560e+01 -3.05283662e+00
 -2.03726757e+01 -3.65168050e+00
 -2.17166522e+01 -4.27998401e+00
 -2.29691899e+01 -4.92857931e+00
 -2.41181186e+01 -5.58874469e+00
 -2.51553922e+01 -6.25234343e+00
 -2.60762083e+01 -6.91142995e+00
 -2.68782083e+01 -7.55778940e+00
 -2.75607467e+01 -8.18317858e+00
 -2.81241465e+01 -8.78042614e+00
 -2.85692407e+01 -9.34465788e+00
 -2.88975989e+01 -9.87379796e+00
 -2.91121172e+01 -1.03682265e+01
 -2.92171696e+01 -1.08301899e+01
 -2.92180694e+01 -1.12635082e+01
 -2.91202179e+01 -1.16733617e+01
 -2.89283001e+01 -1.20654523e+01
 -2.86457352e+01 -1.24443915e+01
 -2.82745366e+01 -1.28120869e+01
 -2.78155718e+01 -1.31669623e+01
 -2.72690863e+01 -1.35042839e+01
 -2.66353856e+01 -1.38175031e+01
 -2.59156481e+01 -1.41002737e+01
 -2.51129221e+01 -1.43483559e+01
 -2.42333647e+01 -1.45604999e+01
 -2.32875798e+01 -1.47380738e+01
 -2.22914590e+01 -1.48841935e+01
 -2.12656487e+01 -1.50034214e+01
 -2.02333441e+01 -1.51023006e+01
 -1.92173373e+01 -1.51897476e+01
 -1.82377103e+01 -1.52759579e+01
 -1.73107009e+01 -1.53698656e+01
 -1.64482038e+01 -1.54771062e+01
 -1.56573770e+01 -1.56001304e+01
 -1.49406225e+01 -1.57397497e+01
 -1.42964309e+01 -1.58962731e+01
 -1.37207874e+01 -1.60696825e+01
 -1.32082767e+01 -1.62596630e+01
 -1.27525755e+01 -1.64661046e+01
 -1.23468561e+01 -1.66897065e+01
 -1.19845701e+01 -1.69319574e+01
 -1.16604279e+01 -1.71944849e+01
 -1.13710976e+01 -1.74785585e+01
 -1.11153840e+01 -1.77852862e+01
 -1.08939023e+01 -1.81161255e+01
 -1.07083582e+01 -1.84730269e+01
 -1.05606419e+01 -1.88580623e+01
 -1.04522989e+01 -1.92728485e+01
 -1.03851450e+01 -1.97180611e+01
 -1.03627758e+01 -2.01932098e+01
 -1.03912614e+01 -2.06967742e+01
 -1.04780745e+01 -2.12266220e+01
 -1.06306778e+01 -2.17804490e+01
 -1.08563757e+01 -2.23559857e+01
 -1.11629661e+01 -2.29509476e+01
 -1.15589371e+01 -2.35629533e+01
 -1.20530106e+01 -2.41896425e+01
 -1.26535437e+01 -2.48289475e+01
 -1.33680813e+01 -2.54791999e+01
 -1.42030500e+01 -2.61388217e+01
 -1.51635704e+01 -2.68057282e+01
 -1.62534474e+01 -2.74768585e+01
 -1.74753057e+01 -2.81481876e+01
 -1.88306125e+01 -2.88151922e+01
 -2.03192474e+01 -2.94732872e+01
 -2.19384045e+01 -3.01177256e+01
 -2.36809633e+01 -3.07429803e+01
 -2.55339640e+01 -3.13421533e+01
 -2.74779358e+01 -3.19069756e+01
 -2.94872819e+01 -3.24284979e+01
 -3.15313743e+01 -3.28979626e+01
 -3.35760275e+01 -3.33071914e+01
 -3.55852782e+01 -3.36484155e+01
 -3.75235568e+01 -3.39142174e+01
 -3.93584630e+01 -3.40981656e+01
 -4.10640443e+01 -3.41957769e+01
 -4.26234200e+01 -3.42047651e+01
 -4.40291756e+01 -3.41240986e+01
 -4.52814073e+01 -3.39526914e+01
 -4.63850756e+01 -3.36890322e+01
 -4.73481872e+01 -3.33320652e+01
 -4.81808365e+01 -3.28824563e+01
 -4.88943774e+01 -3.23433911e+01
 -4.95003810e+01 -3.17208331e+01
 -5.00095189e+01 -3.10235153e+01
 -5.04305899e+01 -3.02626825e+01
 -5.07698743e+01 -2.94513917e+01
 -5.10310912e+01 -2.86034040e+01
 -5.12164272e+01 -2.77321877e+01
 -5.13291458e+01 -2.68506592e+01
 -5.13774758e+01 -2.59715454e+01
 -5.13775400e+01 -2.51071492e+01
 -5.13518070e+01 -2.42672728e+01
 -5.13221723e+01 -2.34560647e+01
 -5.13022991e+01 -2.26706789e+01
 -5.12953739e+01 -2.19035609e+01
 -5.12980141e+01 -2.11466333e+01
 -5.13056142e+01 -2.03941885e+01
 -5.13151294e+01 -1.96432976e+01
 -5.13252081e+01 -1.88928304e+01
 -5.13354143e+01 -1.81424541e+01
 -5.13456428e+01 -1.73920930e+01
 -5.13558744e+01 -1.66417341e+01
 -5.13661063e+01 -1.58913763e+01
 -5.13763381e+01 -1.51410285e+01
 -5.13865688e+01 -1.43907557e+01
 -5.13967935e+01 -1.36409298e+01
 -5.14069897e+01 -1.28931903e+01
 -5.14170814e+01 -1.21531107e+01
 -5.14268713e+01 -1.14351699e+01
 -5.14359733e+01 -1.07676769e+01
 -5.14438377e+01 -1.01909373e+01
 -5.14499428e+01 -9.74322288e+00
 -5.14499428e+01 -9.74322288e+00
 -5.14499428e+01 -9.74322288e+00
 -5.14499428e+01 -9.74322288e+00
 -5.14499428e+01 -9.74322288e+00
 -5.14499428e+01 -9.74322288e+00
 -5.14499428e+01 -9.74322288e+00
 -5.14499428e+01 -9.74322288e+00
 -5.14499428e+01 -9.74322288e+00
 -5.14499428e+01 -9.74322288e+00
 -5.14499428e+01 -9.74322288e+00
 -5.14499428e+01 -9.74322288e+00
 -5.14499428e+01 -9.74322288e+00
 -5.14499428e+01 -9.74322288e+00
 -5.14499428e+01 -9.74322288e+00
 -5.14499428e+01 -9.74322288e+00
 -5.14499428e+01 -9.74322288e+00
 -5.14499428e+01 -9.74322288e+00
 -5.14499428e+01 -9.74322288e+00
 -5.14499428e+01 -9.74322288e+00
 -5.14499428e+01 -9.74322288e+00
 -5.14499428e+01 -9.74322288e+00
 -5.14499428e+01 -9.74322288e+00
 -5.14499428e+01 -9.74322288e+00
 -5.14499428e+01 -9.74322288e+00
 -5.14499428e+01 -9.74322288e+00
 -5.14499428e+01 -9.74322288e+00
 -5.14499428e+01 -9.74322288e+00
 -5.14499428e+01 -9.74322288e+00
 -5.14499428e+01 -9.74322288e+00
