 0.00000000e+00 0.00000000e+00
 0.00000000e+00 0.00000000e+00
 0.00000000e+00 0.00000000e+00
 0.00000000e+00 0.00000000e+00
 3.08812992e-02 2.62977228e-02
 5.60088340e-02 5.58284124e-02
 6.62260014e-02 8.76447266e-02
 5.24125383e-02 1.23141103e-01
 3.84281765e-03 1.65486597e-01
 -9.21055844e-02 2.18508211e-01
 -2.47718857e-01 2.85427607e-01
 -4.73102073e-01 3.67467986e-01
 -7.76733958e-01 4.63082057e-01
 -1.16661612e+00 5.68359787e-01
 -1.64979618e+00 6.77864142e-01
 -2.23087434e+00 7.84985380e-01
 -2.91138011e+00 8.82097548e-01
 -3.69050291e+00 9.61240740e-01
 -4.56630119e+00 1.01511789e+00
 -5.53664437e+00 1.03734421e+00
 -6.59968739e+00 1.02148568e+00
 -7.75364198e+00 9.60028229e-01
 -8.99556976e+00 8.44823835e-01
 -1.03196225e+01 6.68842467e-01
 -1.17158698e+01 4.27551305e-01
 -1.31704293e+01 1.18930278e-01
 -1.46663875e+01 -2.57343156e-01
 -1.61844292e+01 -7.00576519e-01
 -1.77028176e+01 -1.20915581e+00
 -1.91975253e+01 -1.78006461e+00
 -2.06435222e+01 -2.40800000e+00
 -2.20171183e+01 -3.08442078e+00
 -2.32980070e+01 -3.79724547e+00
 -2.44697604e+01 -4.53194621e+00
 -2.55190073e+01 -5.27378232e+00
 -2.64346768e+01 -6.00979946e+00
 -2.72082807e+01 -6.72964361e+00
 -2.78350692e+01 -7.42572211e+00
 -2.83154373e+01 -8.09367772e+00
 -2.86559932e+01 -8.73310838e+00
 -2.88692325e+01 -9.34755140e+00
 -2.89706322e+01 -9.94307169e+00
 -2.89739912e+01 -1.05259147e+01
 -2.88885462e+01 -1.11004628e+01
 -2.87203181e+01 -1.16684926e+01
 -2.84754386e+01 -1.22297119e+01
 -2.81613334e+01 -1.27826271e+01
 -2.77850594e+01 -1.33248202e+01
 -2.73513287e+01 -1.38526629e+01
 -2.68620336e+01 -1.43611711e+01
 -2.63169667e+01 -1.48443643e+01
 -2.57147883e+01 -1.52958677e+01
 -2.50538439e+01 -1.57095010e+01
 -2.43329334e+01 -1.60799999e+01
 -2.35522318e+01 -1.64040033e+01
 -2.27144862e+01 -1.66810033e+01
 -2.18264069e+01 -1.69137750e+01
 -2.08997405e+01 -1.71081050e+01
 -1.99512805e+01 -1.72720287e+01
 -1.90014576e+01 -1.74149447e+01
 -1.80718867e+01 -1.75468007e+01
 -1.71827394e+01 -1.76773092e+01
 -1.63507386e+01 -1.78151888e+01
 -1.55880216e+01 -1.79676095e+01
 -1.49016128e+01 -1.81399912e+01
 -1.42932912e+01 -1.83359743e+01
 -1.37600313e+01 -1.85572446e+01
 -1.32952603e+01 -1.88033599e+01
 -1.28907662e+01 -1.90720996e+01
 -1.25385845e+01 -1.93603679e+01
 -1.22320771e+01 -1.96651137e+01
 -1.19660050e+01 -1.99838989e+01
 -1.17362634e+01 -2.03150809e+01
 -1.15399526e+01 -2.06576824e+01
 -1.13755131e+01 -2.10112493e+01
 -1.12422957e+01 -2.13760560e+01
 -1.11400131e+01 -2.17534743e+01
 -1.10694334e+01 -2.21458689e+01
 -1.10343927e+01 -2.25558211e+01
 -1.10429946e+01 -2.29852643e+01
 -1.11062302e+01 -2.34351852e+01
 -1.12352436e+01 -2.39059396e+01
 -1.14398196e+01 -2.43977285e+01
 -1.17286220e+01 -2.49107783e+01
 -1.21096338e+01 -2.54451084e+01
 -1.25897983e+01 -2.60000561e+01
 -1.31742827e+01 -2.65737383e+01
 -1.38659888e+01 -2.71625842e+01
 -1.46654642e+01 -2.77611570e+01
 -1.55713210e+01 -2.83624472e+01
 -1.65813007e+01 -2.89585008e+01
 -1.76936322e+01 -2.95409748e+01
 -1.89077808e+01 -3.01014363e+01
 -2.02240090e+01 -3.06317023e+01
 -2.16421699e+01 -3.11245350e+01
 -2.31606569e+01 -3.15744550e+01
 -2.47759034e+01 -3.19780201e+01
 -2.64820125e+01 -3.23332179e+01
 -2.82698446e+01 -3.26383572e+01
 -3.01254722e+01 -3.28912301e+01
 -3.20289084e+01 -3.30889147e+01
 -3.39543665e+01 -3.32278876e+01
 -3.58723773e+01 -3.33038775e+01
 -3.77527590e+01 -3.33114452e+01
 -3.95671266e+01 -3.32440092e+01
 -4.12904999e+01 -3.30948445e+01
 -4.29024813e+01 -3.28585162e+01
 -4.43884840e+01 -3.25318062e+01
 -4.57407005e+01 -3.21140356e+01
 -4.69578208e+01 -3.16073802e+01
 -4.80429065e+01 -3.10173331e+01
 -4.90003032e+01 -3.03527169e+01
 -4.98334023e+01 -2.96247994e+01
 -5.05441001e+01 -2.88460000e+01
 -5.11332049e+01 -2.80290348e+01
 -5.16008892e+01 -2.71866530e+01
 -5.19475948e+01 -2.63315583e+01
 -5.21768614e+01 -2.54762923e+01
 -5.23006620e+01 -2.46328692e+01
 -5.23441686e+01 -2.38115236e+01
 -5.23436611e+01 -2.30184007e+01
 -5.23352181e+01 -2.22536221e+01
 -5.23417205e+01 -2.15117497e+01
 -5.23688089e+01 -2.07848000e+01
 -5.24112179e+01 -2.00656620e+01
 -5.24615781e+01 -1.93497955e+01
 -5.25150043e+01 -1.86350209e+01
 -5.25693304e+01 -1.79205353e+01
 -5.26238598e+01 -1.72061103e+01
 -5.26784247e+01 -1.64916954e+01
 -5.27329944e+01 -1.57772818e+01
 -5.27875646e+01 -1.50628694e+01
 -5.28421340e+01 -1.43484663e+01
 -5.28966981e+01 -1.36341348e+01
 -5.29512296e+01 -1.29202287e+01
 -5.30056094e+01 -1.22083090e+01
 -5.30594321e+01 -1.15036824e+01
 -5.31116448e+01 -1.08201339e+01
 -5.31601886e+01 -1.01846166e+01
 -5.32021323e+01 -9.63550525e+00
 -5.32346926e+01 -9.20923827e+00
 -5.32346926e+01 -9.20923827e+00
 -5.32346926e+01 -9.20923827e+00
 -5.32346926e+01 -9.20923827e+00
 -5.32346926e+01 -9.20923827e+00
 -5.32346926e+01 -9.20923827e+00
 -5.32346926e+01 -9.20923827e+00
 -5.32346926e+01 -9.20923827e+00
 -5.32346926e+01 -9.20923827e+00
 -5.32346926e+01 -9.20923827e+00
 -5.32346926e+01 -9.20923827e+00
 -5.32346926e+01 -9.20923827e+00
 -5.32346926e+01 -9.20923827e+00
 -5.32346926e+01 -9.20923827e+00
 -5.32346926e+01 -9.20923827e+00
 -5.32346926e+01 -9.20923827e+00
 -5.32346926e+01 -9.20923827e+00
 -5.32346926e+01 -9.20923827e+00
 -5.32346926e+01 -9.20923827e+00
 -5.32346926e+01 -9.20923827e+00
 -5.32346926e+01 -9.20923827e+00
 -5.32346926e+01 -9.20923827e+00
 -5.32346926e+01 -9.20923827e+00
 -5.32346926e+01 -9.20923827e+00
 -5.32346926e+01 -9.20923827e+00
 -5.32346926e+01 -9.20923827e+00
 -5.32346926e+01 -9.20923827e+00
 -5.32346926e+01 -9.20923827e+00
 -5.32346926e+01 -9.20923827e+00
 -5.32346926e+01 -9.20923827e+00
 -5.32346926e+01 -9.20923827e+00
 -5.32346926e+01 -9.20923827e+00
 -5.32346926e+01 -9.20923827e+00
