 0.00000000e+00 0.00000000e+00
 0.00000000e+00 0.00000000e+00
 0.00000000e+00 0.00000000e+00
 0.00000000e+00 0.00000000e+00
 0.00000000e+00 0.00000000e+00
 0.00000000e+00 0.00000000e+00
 0.00000000e+00 0.00000000e+00
 -4.17195828e-02 1.29124964e-02
 -1.16768586e-01 3.44577444e-02
 -2.34507512e-01 6.53477004e-02
 -4.01378196e-01 1.04597630e-01
 -6.22643494e-01 1.50069251e-01
 -9.04486378e-01 1.98879287e-01
 -1.25419298e+00 2.47268170e-01
 -1.67884332e+00 2.90441542e-01
 -2.18413406e+00 3.22953414e-01
 -2.77395334e+00 3.39574368e-01
 -3.45028948e+00 3.36180306e-01
 -4.21294000e+00 3.10260178e-01
 -5.05893895e+00 2.60776782e-01
 -5.98225289e+00 1.87221634e-01
 -6.97443941e+00 8.82646003e-02
 -8.02627108e+00 -3.89085654e-02
 -9.12965619e+00 -1.97977048e-01
 -1.02792603e+01 -3.92457013e-01
 -1.14734487e+01 -6.25493170e-01
 -1.27139576e+01 -9.00421773e-01
 -1.40037485e+01 -1.22103174e+00
 -1.53434916e+01 -1.59088876e+00
 -1.67282116e+01 -2.01218738e+00
 -1.81454700e+01 -2.48508662e+00
 -1.95751780e+01 -3.00786802e+00
 -2.09903346e+01 -3.57725346e+00
 -2.23585211e+01 -4.18819398e+00
 -2.36447491e+01 -4.83343654e+00
 -2.48157441e+01 -5.50369909e+00
 -2.58443743e+01 -6.18870427e+00
 -2.67123901e+01 -6.87858879e+00
 -2.74106100e+01 -7.56502664e+00
 -2.79373206e+01 -8.24167862e+00
 -2.82964239e+01 -8.90409215e+00
 -2.84960605e+01 -9.54946280e+00
 -2.85472133e+01 -1.01763376e+01
 -2.84617671e+01 -1.07839678e+01
 -2.82504850e+01 -1.13713185e+01
 -2.79218932e+01 -1.19362406e+01
 -2.74824522e+01 -1.24752083e+01
 -2.69374622e+01 -1.29836235e+01
 -2.62919134e+01 -1.34565425e+01
 -2.55511036e+01 -1.38896177e+01
 -2.47214056e+01 -1.42798978e+01
 -2.38113659e+01 -1.46262514e+01
 -2.28327789e+01 -1.49294476e+01
 -2.18012542e+01 -1.51920027e+01
 -2.07360099e+01 -1.54179412e+01
 -1.96588074e+01 -1.56126262e+01
 -1.85922038e+01 -1.57825734e+01
 -1.75576675e+01 -1.59350244e+01
 -1.65741605e+01 -1.60773060e+01
 -1.56572891e+01 -1.62162052e+01
 -1.48185948e+01 -1.63575513e+01
 -1.40647409e+01 -1.65061510e+01
 -1.33971198e+01 -1.66661213e+01
 -1.28127674e+01 -1.68413406e+01
 -1.23066031e+01 -1.70355895e+01
 -1.18736163e+01 -1.72523514e+01
 -1.15095140e+01 -1.74945412e+01
 -1.12099779e+01 -1.77641762e+01
 -1.09700719e+01 -1.80619246e+01
 -1.07847462e+01 -1.83868642e+01
 -1.06497540e+01 -1.87368012e+01
 -1.05618824e+01 -1.91089534e+01
 -1.05186381e+01 -1.95004682e+01
 -1.05183391e+01 -1.99085108e+01
 -1.05605292e+01 -2.03301033e+01
 -1.06457321e+01 -2.07620909e+01
 -1.07746872e+01 -2.12014444e+01
 -1.09483043e+01 -2.16457684e+01
 -1.11685758e+01 -2.20936535e+01
 -1.14394222e+01 -2.25446790e+01
 -1.17668515e+01 -2.29992189e+01
 -1.21587160e+01 -2.34581397e+01
 -1.26243639e+01 -2.39222255e+01
 -1.31740531e+01 -2.43913528e+01
 -1.38178429e+01 -2.48638054e+01
 -1.45638934e+01 -2.53360582e+01
 -1.54166171e+01 -2.58030310e+01
 -1.63756042e+01 -2.62585919e+01
 -1.74359000e+01 -2.66960637e+01
 -1.85890095e+01 -2.71086286e+01
 -1.98234795e+01 -2.74897058e+01
 -2.11251323e+01 -2.78333812e+01
 -2.24782356e+01 -2.81348282e+01
 -2.38678956e+01 -2.83905571e+01
 -2.52820213e+01 -2.85984667e+01
 -2.67113351e+01 -2.87578034e+01
 -2.81479629e+01 -2.88688645e+01
 -2.95842902e+01 -2.89320254e+01
 -3.10129240e+01 -2.89464392e+01
 -3.24272698e+01 -2.89098491e+01
 -3.38218519e+01 -2.88201555e+01
 -3.51919998e+01 -2.86772302e+01
 -3.65331423e+01 -2.84833052e+01
 -3.78401972e+01 -2.82422851e+01
 -3.91073275e+01 -2.79592880e+01
 -4.03279426e+01 -2.76406820e+01
 -4.14947439e+01 -2.72939704e+01
 -4.25998789e+01 -2.69271777e+01
 -4.36353095e+01 -2.65480109e+01
 -4.45931172e+01 -2.61631758e+01
 -4.54654304e+01 -2.57779848e+01
 -4.62442721e+01 -2.53961799e+01
 -4.69220173e+01 -2.50198037e+01
 -4.74929627e+01 -2.46491538e+01
 -4.79564601e+01 -2.42832868e+01
 -4.83214625e+01 -2.39214690e+01
 -4.86097217e+01 -2.35648260e+01
 -4.88528030e+01 -2.32164253e+01
 -4.90819239e+01 -2.28791624e+01
 -4.93173273e+01 -2.25533722e+01
 -4.95652989e+01 -2.22365447e+01
 -4.98232400e+01 -2.19250804e+01
 -5.00864576e+01 -2.16160948e+01
 -5.03517229e+01 -2.13079990e+01
 -5.06175899e+01 -2.10001521e+01
 -5.08835927e+01 -2.06923596e+01
 -5.11496193e+01 -2.03845763e+01
 -5.14156491e+01 -2.00767943e+01
 -5.16816788e+01 -1.97690128e+01
 -5.19477051e+01 -1.94612354e+01
 -5.22137047e+01 -1.91534888e+01
 -5.24795459e+01 -1.88459255e+01
 -5.27446474e+01 -1.85392179e+01
 -5.30070332e+01 -1.82356524e+01
 -5.32615700e+01 -1.79411677e+01
 -5.34982211e+01 -1.76673756e+01
 -5.37026968e+01 -1.74308088e+01
 -5.38614282e+01 -1.72471654e+01
 -5.38614282e+01 -1.72471654e+01
 -5.38614282e+01 -1.72471654e+01
 -5.38614282e+01 -1.72471654e+01
 -5.38614282e+01 -1.72471654e+01
 -5.38614282e+01 -1.72471654e+01
 -5.38614282e+01 -1.72471654e+01
 -5.38614282e+01 -1.72471654e+01
 -5.38614282e+01 -1.72471654e+01
 -5.38614282e+01 -1.72471654e+01
 -5.38614282e+01 -1.72471654e+01
 -5.38614282e+01 -1.72471654e+01
 -5.38614282e+01 -1.72471654e+01
 -5.38614282e+01 -1.72471654e+01
 -5.38614282e+01 -1.72471654e+01
 -5.38614282e+01 -1.72471654e+01
 -5.38614282e+01 -1.72471654e+01
 -5.38614282e+01 -1.72471654e+01
 -5.38614282e+01 -1.72471654e+01
 -5.38614282e+01 -1.72471654e+01
 -5.38614282e+01 -1.72471654e+01
 -5.38614282e+01 -1.72471654e+01
 -5.38614282e+01 -1.72471654e+01
 -5.38614282e+01 -1.72471654e+01
 -5.38614282e+01 -1.72471654e+01
 -5.38614282e+01 -1.72471654e+01
 -5.38614282e+01 -1.72471654e+01
 -5.38614282e+01 -1.72471654e+01
 -5.38614282e+01 -1.72471654e+01
 -5.38614282e+01 -1.72471654e+01
 -5.38614282e+01 -1.72471654e+01
 -5.38614282e+01 -1.72471654e+01
 -5.38614282e+01 -1.72471654e+01
 -5.38614282e+01 -1.72471654e+01
 -5.38614282e+01 -1.72471654e+01
 -5.38614282e+01 -1.72471654e+01
