 0.00000000e+00 0.00000000e+00
 0.00000000e+00 0.00000000e+00
 0.00000000e+00 0.00000000e+00
 0.00000000e+00 0.00000000e+00
 -8.03241589e-02 -4.53124102e-03
 -1.83894817e-01 -1.26827282e-02
 -3.06600576e-01 -2.42716559e-02
 -4.45188276e-01 -3.73002745e-02
 -5.98352304e-01 -4.88770531e-02
 -7.66206265e-01 -5.69546105e-02
 -9.50042809e-01 -6.11352966e-02
 -1.15335431e+00 -6.18049100e-02
 -1.38316058e+00 -5.85266889e-02
 -1.65013122e+00 -4.90837550e-02
 -1.96726157e+00 -2.99820506e-02
 -2.34804442e+00 1.71371288e-03
 -2.80487005e+00 4.63766064e-02
 -3.34776414e+00 1.01047597e-01
 -3.98349711e+00 1.60249287e-01
 -4.71517728e+00 2.17530524e-01
 -5.54238359e+00 2.66556256e-01
 -6.46187210e+00 3.01071141e-01
 -7.46878132e+00 3.14063842e-01
 -8.55801369e+00 2.97090856e-01
 -9.72536398e+00 2.40398559e-01
 -1.09680289e+01 1.33703878e-01
 -1.22842630e+01 -3.30896167e-02
 -1.36722454e+01 -2.69792988e-01
 -1.51285760e+01 -5.86008659e-01
 -1.66468386e+01 -9.90423244e-01
 -1.82163481e+01 -1.48922470e+00
 -1.98210960e+01 -2.08458878e+00
 -2.14392013e+01 -2.77399363e+00
 -2.30433312e+01 -3.55020762e+00
 -2.46022418e+01 -4.40141687e+00
 -2.60831131e+01 -5.31130895e+00
 -2.74541077e+01 -6.25940307e+00
 -2.86866532e+01 -7.22214311e+00
 -2.97572342e+01 -8.17504399e+00
 -3.06486810e+01 -9.09547741e+00
 -3.13508835e+01 -9.96509676e+00
 -3.18606515e+01 -1.07710624e+01
 -3.21805267e+01 -1.15059921e+01
 -3.23170302e+01 -1.21672830e+01
 -3.22794429e+01 -1.27565336e+01
 -3.20794679e+01 -1.32791312e+01
 -3.17306121e+01 -1.37434326e+01
 -3.12464737e+01 -1.41592204e+01
 -3.06391997e+01 -1.45359330e+01
 -2.99197407e+01 -1.48814051e+01
 -2.90995848e+01 -1.52014347e+01
 -2.81924911e+01 -1.55001413e+01
 -2.72153436e+01 -1.57808133e+01
 -2.61879348e+01 -1.60465479e+01
 -2.51317165e+01 -1.63002038e+01
 -2.40679461e+01 -1.65440267e+01
 -2.30159170e+01 -1.67795224e+01
 -2.19916192e+01 -1.70075279e+01
 -2.10067568e+01 -1.72281923e+01
 -2.00681685e+01 -1.74410610e+01
 -1.91780236e+01 -1.76456804e+01
 -1.83350372e+01 -1.78426264e+01
 -1.75363757e+01 -1.80342816e+01
 -1.67794876e+01 -1.82247833e+01
 -1.60632031e+01 -1.84192507e+01
 -1.53879162e+01 -1.86229953e+01
 -1.47551732e+01 -1.88412514e+01
 -1.41672628e+01 -1.90792340e+01
 -1.36271894e+01 -1.93420155e+01
 -1.31389571e+01 -1.96340838e+01
 -1.27078577e+01 -1.99587671e+01
 -1.23403814e+01 -2.03176937e+01
 -1.20433309e+01 -2.07104786e+01
 -1.18220714e+01 -2.11348852e+01
 -1.16789625e+01 -2.15875197e+01
 -1.16138805e+01 -2.20647177e+01
 -1.16272757e+01 -2.25631051e+01
 -1.17230427e+01 -2.30796394e+01
 -1.19082043e+01 -2.36114975e+01
 -1.21903658e+01 -2.41563152e+01
 -1.25764217e+01 -2.47128313e+01
 -1.30734897e+01 -2.52814719e+01
 -1.36898761e+01 -2.58643448e+01
 -1.44344353e+01 -2.64645037e+01
 -1.53151044e+01 -2.70847848e+01
 -1.63380382e+01 -2.77266578e+01
 -1.75073251e+01 -2.83893964e+01
 -1.88240908e+01 -2.90696901e+01
 -2.02845735e+01 -2.97615630e+01
 -2.18783122e+01 -3.04562433e+01
 -2.35876545e+01 -3.11418919e+01
 -2.53884487e+01 -3.18036451e+01
 -2.72511278e+01 -3.24243917e+01
 -2.91420623e+01 -3.29860858e+01
 -3.10257289e+01 -3.34710900e+01
 -3.28678387e+01 -3.38633848e+01
 -3.46385482e+01 -3.41497125e+01
 -3.63145608e+01 -3.43202884e+01
 -3.78797642e+01 -3.43684015e+01
 -3.93248851e+01 -3.42892031e+01
 -4.06464157e+01 -3.40791075e+01
 -4.18446303e+01 -3.37364029e+01
 -4.29209152e+01 -3.32619467e+01
 -4.38752710e+01 -3.26589911e+01
 -4.47048059e+01 -3.19327166e+01
 -4.54036348e+01 -3.10904775e+01
 -4.59641623e+01 -3.01429314e+01
 -4.63792773e+01 -2.91054588e+01
 -4.66452728e+01 -2.79990023e+01
 -4.67663762e+01 -2.68495647e+01
 -4.67609565e+01 -2.56858585e+01
 -4.66649610e+01 -2.45348196e+01
 -4.65255796e+01 -2.34157031e+01
 -4.63852861e+01 -2.23356144e+01
 -4.62675948e+01 -2.12899174e+01
 -4.61755289e+01 -2.02676425e+01
 -4.61010710e+01 -1.92579338e+01
 -4.60352943e+01 -1.82535635e+01
 -4.59727411e+01 -1.72509896e+01
 -4.59111067e+01 -1.62488938e+01
 -4.58496751e+01 -1.52468986e+01
 -4.57882784e+01 -1.42449201e+01
 -4.57268863e+01 -1.32429438e+01
 -4.56654948e+01 -1.22409690e+01
 -4.56041041e+01 -1.12390076e+01
 -4.55427196e+01 -1.02371464e+01
 -4.54813716e+01 -9.23588175e+00
 -4.54201943e+01 -8.23740328e+00
 -4.53596437e+01 -7.24915329e+00
 -4.53009045e+01 -6.29046585e+00
 -4.52462927e+01 -5.39914287e+00
 -4.51991060e+01 -4.62900553e+00
 -4.51624757e+01 -4.03115938e+00
 -4.51624757e+01 -4.03115938e+00
 -4.51624757e+01 -4.03115938e+00
 -4.51624757e+01 -4.03115938e+00
 -4.51624757e+01 -4.03115938e+00
 -4.51624757e+01 -4.03115938e+00
 -4.51624757e+01 -4.03115938e+00
 -4.51624757e+01 -4.03115938e+00
 -4.51624757e+01 -4.03115938e+00
 -4.51624757e+01 -4.03115938e+00
 -4.51624757e+01 -4.03115938e+00
 -4.51624757e+01 -4.03115938e+00
 -4.51624757e+01 -4.03115938e+00
 -4.51624757e+01 -4.03115938e+00
 -4.51624757e+01 -4.03115938e+00
 -4.51624757e+01 -4.03115938e+00
 -4.51624757e+01 -4.03115938e+00
 -4.51624757e+01 -4.03115938e+00
 -4.51624757e+01 -4.03115938e+00
 -4.51624757e+01 -4.03115938e+00
 -4.51624757e+01 -4.03115938e+00
 -4.51624757e+01 -4.03115938e+00
 -4.51624757e+01 -4.03115938e+00
 -4.51624757e+01 -4.03115938e+00
 -4.51624757e+01 -4.03115938e+00
 -4.51624757e+01 -4.03115938e+00
 -4.51624757e+01 -4.03115938e+00
 -4.51624757e+01 -4.03115938e+00
 -4.51624757e+01 -4.03115938e+00
 -4.51624757e+01 -4.03115938e+00
 -4.51624757e+01 -4.03115938e+00
 -4.51624757e+01 -4.03115938e+00
 -4.51624757e+01 -4.03115938e+00
 -4.51624757e+01 -4.03115938e+00
 -4.51624757e+01 -4.03115938e+00
 -4.51624757e+01 -4.03115938e+00
 -4.51624757e+01 -4.03115938e+00
 -4.51624757e+01 -4.03115938e+00
 -4.51624757e+01 -4.03115938e+00
 -4.51624757e+01 -4.03115938e+00
 -4.51624757e+01 -4.03115938e+00
