 0.00000000e+00 0.00000000e+00
 0.00000000e+00 0.00000000e+00
 0.00000000e+00 0.00000000e+00
 0.00000000e+00 0.00000000e+00
 0.00000000e+00 0.00000000e+00
 0.00000000e+00 0.00000000e+00
 0.00000000e+00 0.00000000e+00
 0.00000000e+00 0.00000000e+00
 0.00000000e+00 0.00000000e+00
 0.00000000e+00 0.00000000e+00
 0.00000000e+00 0.00000000e+00
 -1.59049559e-01 4.42408677e-02
 -3.79183252e-01 1.02974814e-01
 -6.57756849e-01 1.74185483e-01
 -9.91031241e-01 2.55601873e-01
 -1.37803753e+00 3.45062037e-01
 -1.82087049e+00 4.40008452e-01
 -2.32311795e+00 5.37094019e-01
 -2.88887840e+00 6.32087457e-01
 -3.52289033e+00 7.19517045e-01
 -4.23089846e+00 7.91705330e-01
 -5.01976825e+00 8.37658110e-01
 -5.89754207e+00 8.43182870e-01
 -6.87336141e+00 7.93318291e-01
 -7.95672232e+00 6.75837965e-01
 -9.15581116e+00 4.82889220e-01
 -1.04751969e+01 2.09772000e-01
 -1.19133292e+01 -1.46806735e-01
 -1.34603858e+01 -5.88513974e-01
 -1.50971284e+01 -1.11352889e+00
 -1.67951137e+01 -1.71523231e+00
 -1.85180232e+01 -2.38282795e+00
 -2.02237418e+01 -3.10324719e+00
 -2.18672527e+01 -3.86262717e+00
 -2.34046009e+01 -4.64658930e+00
 -2.47974303e+01 -5.44026726e+00
 -2.60166020e+01 -6.22923594e+00
 -2.70435368e+01 -7.00106613e+00
 -2.78693613e+01 -7.74636643e+00
 -2.84932063e+01 -8.45884066e+00
 -2.89209387e+01 -9.13485868e+00
 -2.91643413e+01 -9.77316883e+00
 -2.92396314e+01 -1.03747965e+01
 -2.91647019e+01 -1.09426721e+01
 -2.89562574e+01 -1.14807188e+01
 -2.86286134e+01 -1.19927563e+01
 -2.81942653e+01 -1.24818167e+01
 -2.76647154e+01 -1.29500295e+01
 -2.70506160e+01 -1.33987302e+01
 -2.63618195e+01 -1.38284588e+01
 -2.56081503e+01 -1.42389079e+01
 -2.48006144e+01 -1.46291557e+01
 -2.39520255e+01 -1.49982931e+01
 -2.30765656e+01 -1.53460374e+01
 -2.21888274e+01 -1.56728722e+01
 -2.13031529e+01 -1.59798136e+01
 -2.04333021e+01 -1.62682757e+01
 -1.95917966e+01 -1.65402434e+01
 -1.87886997e+01 -1.67984692e+01
 -1.80304880e+01 -1.70462755e+01
 -1.73198157e+01 -1.72870103e+01
 -1.66563321e+01 -1.75237191e+01
 -1.60380802e+01 -1.77593292e+01
 -1.54627624e+01 -1.79969754e+01
 -1.49283994e+01 -1.82400283e+01
 -1.44334940e+01 -1.84919232e+01
 -1.39772165e+01 -1.87560977e+01
 -1.35599873e+01 -1.90359711e+01
 -1.31843851e+01 -1.93346962e+01
 -1.28558571e+01 -1.96547150e+01
 -1.25824421e+01 -1.99973908e+01
 -1.23730746e+01 -2.03628576e+01
 -1.22353647e+01 -2.07500756e+01
 -1.21749005e+01 -2.11569923e+01
 -1.21968429e+01 -2.15806229e+01
 -1.23075716e+01 -2.20169844e+01
 -1.25139413e+01 -2.24610743e+01
 -1.28212750e+01 -2.29071220e+01
 -1.32329180e+01 -2.33490880e+01
 -1.37515555e+01 -2.37812232e+01
 -1.43803386e+01 -2.41985453e+01
 -1.51228722e+01 -2.45971138e+01
 -1.59824691e+01 -2.49739471e+01
 -1.69610205e+01 -2.53266299e+01
 -1.80575459e+01 -2.56529219e+01
 -1.92667936e+01 -2.59506135e+01
 -2.05786394e+01 -2.62175421e+01
 -2.19787686e+01 -2.64514784e+01
 -2.34503166e+01 -2.66497588e+01
 -2.49756367e+01 -2.68089354e+01
 -2.65374305e+01 -2.69248348e+01
 -2.81188999e+01 -2.69930083e+01
 -2.97032325e+01 -2.70091442e+01
 -3.12731321e+01 -2.69692229e+01
 -3.28107084e+01 -2.68696872e+01
 -3.42974918e+01 -2.67078508e+01
 -3.57144473e+01 -2.64823963e+01
 -3.70422380e+01 -2.61937559e+01
 -3.82619869e+01 -2.58442451e+01
 -3.93563852e+01 -2.54377539e+01
 -4.03106555e+01 -2.49790419e+01
 -4.11133234e+01 -2.44732408e+01
 -4.17579476e+01 -2.39263322e+01
 -4.22472911e+01 -2.33466923e+01
 -4.25991420e+01 -2.27465812e+01
 -4.28489215e+01 -2.21415988e+01
 -4.30431742e+01 -2.15469620e+01
 -4.32246526e+01 -2.09723149e+01
 -4.34189551e+01 -2.04190050e+01
 -4.36324046e+01 -1.98820162e+01
 -4.38600725e+01 -1.93545135e+01
 -4.40950267e+01 -1.88312835e+01
 -4.43327526e+01 -1.83095561e+01
 -4.45712821e+01 -1.77882422e+01
 -4.48099913e+01 -1.72670176e+01
 -4.50487317e+01 -1.67458080e+01
 -4.52874762e+01 -1.62246005e+01
 -4.55262208e+01 -1.57033940e+01
 -4.57649623e+01 -1.51821943e+01
 -4.60036799e+01 -1.46610467e+01
 -4.62422554e+01 -1.41402095e+01
 -4.64801670e+01 -1.36208216e+01
 -4.67156414e+01 -1.31067544e+01
 -4.69440719e+01 -1.26080649e+01
 -4.71564511e+01 -1.21444171e+01
 -4.73399549e+01 -1.17438076e+01
 -4.74824062e+01 -1.14328203e+01
 -4.74824062e+01 -1.14328203e+01
 -4.74824062e+01 -1.14328203e+01
 -4.74824062e+01 -1.14328203e+01
 -4.74824062e+01 -1.14328203e+01
 -4.74824062e+01 -1.14328203e+01
 -4.74824062e+01 -1.14328203e+01
 -4.74824062e+01 -1.14328203e+01
 -4.74824062e+01 -1.14328203e+01
 -4.74824062e+01 -1.14328203e+01
 -4.74824062e+01 -1.14328203e+01
 -4.74824062e+01 -1.14328203e+01
 -4.74824062e+01 -1.14328203e+01
 -4.74824062e+01 -1.14328203e+01
 -4.74824062e+01 -1.14328203e+01
 -4.74824062e+01 -1.14328203e+01
 -4.74824062e+01 -1.14328203e+01
 -4.74824062e+01 -1.14328203e+01
 -4.74824062e+01 -1.14328203e+01
 -4.74824062e+01 -1.14328203e+01
 -4.74824062e+01 -1.14328203e+01
 -4.74824062e+01 -1.14328203e+01
 -4.74824062e+01 -1.14328203e+01
 -4.74824062e+01 -1.14328203e+01
 -4.74824062e+01 -1.14328203e+01
 -4.74824062e+01 -1.14328203e+01
 -4.74824062e+01 -1.14328203e+01
 -4.74824062e+01 -1.14328203e+01
 -4.74824062e+01 -1.14328203e+01
 -4.74824062e+01 -1.14328203e+01
 -4.74824062e+01 -1.14328203e+01
 -4.74824062e+01 -1.14328203e+01
 -4.74824062e+01 -1.14328203e+01
 -4.74824062e+01 -1.14328203e+01
 -4.74824062e+01 -1.14328203e+01
 -4.74824062e+01 -1.14328203e+01
 -4.74824062e+01 -1.14328203e+01
 -4.74824062e+01 -1.14328203e+01
 -4.74824062e+01 -1.14328203e+01
 -4.74824062e+01 -1.14328203e+01
 -4.74824062e+01 -1.14328203e+01
 -4.74824062e+01 -1.14328203e+01
 -4.74824062e+01 -1.14328203e+01
 -4.74824062e+01 -1.14328203e+01
 -4.74824062e+01 -1.14328203e+01
 -4.74824062e+01 -1.14328203e+01
 -4.74824062e+01 -1.14328203e+01
