 0.00000000e+00 0.00000000e+00
 0.00000000e+00 0.00000000e+00
 0.00000000e+00 0.00000000e+00
 0.00000000e+00 0.00000000e+00
 0.00000000e+00 0.00000000e+00
 0.00000000e+00 0.00000000e+00
 3.56161359e-02 6.07841364e-02
 8.29734551e-02 1.34245180e-01
 1.35067244e-01 2.11344639e-01
 1.81274433e-01 2.84029826e-01
 2.10007714e-01 3.48817507e-01
 2.09723039e-01 4.07189915e-01
 1.67583294e-01 4.63278104e-01
 6.81299644e-02 5.20901428e-01
 -1.05617171e-01 5.81561164e-01
 -3.69422833e-01 6.43707335e-01
 -7.35995011e-01 7.03122268e-01
 -1.21479386e+00 7.54022838e-01
 -1.81233683e+00 7.89881949e-01
 -2.53220742e+00 8.03257384e-01
 -3.37512022e+00 7.85238069e-01
 -4.33956388e+00 7.25858945e-01
 -5.42289875e+00 6.16068874e-01
 -6.62226952e+00 4.50046239e-01
 -7.93477318e+00 2.25814643e-01
 -9.35680446e+00 -5.62248004e-02
 -1.08828306e+01 -3.95054714e-01
 -1.25037791e+01 -7.89579450e-01
 -1.42053216e+01 -1.23830246e+00
 -1.59668745e+01 -1.73928733e+00
 -1.77621205e+01 -2.29073835e+00
 -1.95608641e+01 -2.89142954e+00
 -2.13313392e+01 -3.54005616e+00
 -2.30423041e+01 -4.23360839e+00
 -2.46645535e+01 -4.96577796e+00
 -2.61716675e+01 -5.72608583e+00
 -2.75402142e+01 -6.49977224e+00
 -2.87498258e+01 -7.26871235e+00
 -2.97834073e+01 -8.01395310e+00
 -3.06276646e+01 -8.71956700e+00
 -3.12739441e+01 -9.37596430e+00
 -3.17188943e+01 -9.98070351e+00
 -3.19643629e+01 -1.05368776e+01
 -3.20165720e+01 -1.10510859e+01
 -3.18852524e+01 -1.15324774e+01
 -3.15832524e+01 -1.19922826e+01
 -3.11262673e+01 -1.24423333e+01
 -3.05319665e+01 -1.28922395e+01
 -2.98186412e+01 -1.33467599e+01
 -2.90042500e+01 -1.38053523e+01
 -2.81062494e+01 -1.42641861e+01
 -2.71418070e+01 -1.47188324e+01
 -2.61279419e+01 -1.51656932e+01
 -2.50813844e+01 -1.56018039e+01
 -2.40181600e+01 -1.60240160e+01
 -2.29532508e+01 -1.64286460e+01
 -2.19007749e+01 -1.68118709e+01
 -2.08745613e+01 -1.71704352e+01
 -1.98883561e+01 -1.75021812e+01
 -1.89550840e+01 -1.78063594e+01
 -1.80856124e+01 -1.80838943e+01
 -1.72880497e+01 -1.83375352e+01
 -1.65678691e+01 -1.85716977e+01
 -1.59281544e+01 -1.87920555e+01
 -1.53695239e+01 -1.90051100e+01
 -1.48901850e+01 -1.92178048e+01
 -1.44865460e+01 -1.94370258e+01
 -1.41541117e+01 -1.96687308e+01
 -1.38881362e+01 -1.99167992e+01
 -1.36836430e+01 -2.01822795e+01
 -1.35350240e+01 -2.04636580e+01
 -1.34364599e+01 -2.07579154e+01
 -1.33839608e+01 -2.10615874e+01
 -1.33773954e+01 -2.13714143e+01
 -1.34201579e+01 -2.16847448e+01
 -1.35169434e+01 -2.19999094e+01
 -1.36724199e+01 -2.23164814e+01
 -1.38921939e+01 -2.26352248e+01
 -1.41847069e+01 -2.29576939e+01
 -1.45620308e+01 -2.32856047e+01
 -1.50389013e+01 -2.36200446e+01
 -1.56306521e+01 -2.39606508e+01
 -1.63509050e+01 -2.43052135e+01
 -1.72095317e+01 -2.46501010e+01
 -1.82113032e+01 -2.49911675e+01
 -1.93555573e+01 -2.53242810e+01
 -2.06366564e+01 -2.56451205e+01
 -2.20445136e+01 -2.59487840e+01
 -2.35648342e+01 -2.62298144e+01
 -2.51796305e+01 -2.64824920e+01
 -2.68687815e+01 -2.67009192e+01
 -2.86123405e+01 -2.68790220e+01
 -3.03920630e+01 -2.70109539e+01
 -3.21909075e+01 -2.70917453e+01
 -3.39909874e+01 -2.71173817e+01
 -3.57716431e+01 -2.70840334e+01
 -3.75087611e+01 -2.69873143e+01
 -3.91752200e+01 -2.68224798e+01
 -4.07418263e+01 -2.65852744e+01
 -4.21784507e+01 -2.62724827e+01
 -4.34554896e+01 -2.58819315e+01
 -4.45456313e+01 -2.54125216e+01
 -4.54256038e+01 -2.48647793e+01
 -4.60781200e+01 -2.42418318e+01
 -4.64954064e+01 -2.35506103e+01
 -4.66857156e+01 -2.28033678e+01
 -4.66811575e+01 -2.20189258e+01
 -4.65397952e+01 -2.12214285e+01
 -4.63339093e+01 -2.04347007e+01
 -4.61265567e+01 -1.96743769e+01
 -4.59521246e+01 -1.89436363e+01
 -4.58150507e+01 -1.82359369e+01
 -4.57037254e+01 -1.75417355e+01
 -4.56051524e+01 -1.68536351e+01
 -4.55113388e+01 -1.61676832e+01
 -4.54188890e+01 -1.54823229e+01
 -4.53267417e+01 -1.47970903e+01
 -4.52346466e+01 -1.41118792e+01
 -4.51425584e+01 -1.34266710e+01
 -4.50504711e+01 -1.27414641e+01
 -4.49583851e+01 -1.20562662e+01
 -4.48663083e+01 -1.13711369e+01
 -4.47742863e+01 -1.06864156e+01
 -4.46825204e+01 -1.00035996e+01
 -4.45916946e+01 -9.32777845e+00
 -4.45035857e+01 -8.67217380e+00
 -4.44216680e+01 -8.06263679e+00
 -4.43508880e+01 -7.53597336e+00
 -4.42959425e+01 -7.12713239e+00
 -4.42959425e+01 -7.12713239e+00
 -4.42959425e+01 -7.12713239e+00
 -4.42959425e+01 -7.12713239e+00
 -4.42959425e+01 -7.12713239e+00
 -4.42959425e+01 -7.12713239e+00
 -4.42959425e+01 -7.12713239e+00
 -4.42959425e+01 -7.12713239e+00
 -4.42959425e+01 -7.12713239e+00
 -4.42959425e+01 -7.12713239e+00
 -4.42959425e+01 -7.12713239e+00
 -4.42959425e+01 -7.12713239e+00
 -4.42959425e+01 -7.12713239e+00
 -4.42959425e+01 -7.12713239e+00
 -4.42959425e+01 -7.12713239e+00
 -4.42959425e+01 -7.12713239e+00
 -4.42959425e+01 -7.12713239e+00
 -4.42959425e+01 -7.12713239e+00
 -4.42959425e+01 -7.12713239e+00
 -4.42959425e+01 -7.12713239e+00
 -4.42959425e+01 -7.12713239e+00
 -4.42959425e+01 -7.12713239e+00
 -4.42959425e+01 -7.12713239e+00
 -4.42959425e+01 -7.12713239e+00
 -4.42959425e+01 -7.12713239e+00
 -4.42959425e+01 -7.12713239e+00
 -4.42959425e+01 -7.12713239e+00
 -4.42959425e+01 -7.12713239e+00
 -4.42959425e+01 -7.12713239e+00
 -4.42959425e+01 -7.12713239e+00
 -4.42959425e+01 -7.12713239e+00
 -4.42959425e+01 -7.12713239e+00
 -4.42959425e+01 -7.12713239e+00
 -4.42959425e+01 -7.12713239e+00
 -4.42959425e+01 -7.12713239e+00
 -4.42959425e+01 -7.12713239e+00
 -4.42959425e+01 -7.12713239e+00
 -4.42959425e+01 -7.12713239e+00
 -4.42959425e+01 -7.12713239e+00
 -4.42959425e+01 -7.12713239e+00
 -4.42959425e+01 -7.12713239e+00
 -4.42959425e+01 -7.12713239e+00
 -4.42959425e+01 -7.12713239e+00
 -4.42959425e+01 -7.12713239e+00
 -4.42959425e+01 -7.12713239e+00
