 0.00000000e+00 0.00000000e+00
 0.00000000e+00 0.00000000e+00
 0.00000000e+00 0.00000000e+00
 0.00000000e+00 0.00000000e+00
 0.00000000e+00 0.00000000e+00
 0.00000000e+00 0.00000000e+00
 0.00000000e+00 0.00000000e+00
 0.00000000e+00 0.00000000e+00
 0.00000000e+00 0.00000000e+00
 0.00000000e+00 0.00000000e+00
 0.00000000e+00 0.00000000e+00
 0.00000000e+00 0.00000000e+00
 0.00000000e+00 0.00000000e+00
 0.00000000e+00 0.00000000e+00
 2.03794027e-02 1.14137199e-01
 1.73532083e-02 2.71958744e-01
 -2.75127058e-02 4.70646476e-01
 -1.27979131e-01 7.04786099e-01
 -2.91658529e-01 9.68109716e-01
 -5.22130566e-01 1.25320851e+00
 -8.21858536e-01 1.55053195e+00
 -1.19364335e+00 1.84813201e+00
 -1.64033947e+00 2.13225170e+00
 -2.16399050e+00 2.38798831e+00
 -2.76537568e+00 2.59960769e+00
 -3.44393326e+00 2.75077766e+00
 -4.19753267e+00 2.82496354e+00
 -5.02198450e+00 2.80578295e+00
 -5.91079050e+00 2.67724724e+00
 -6.85552454e+00 2.42432002e+00
 -7.84641964e+00 2.03414027e+00
 -8.87229947e+00 1.49767870e+00
 -9.91955536e+00 8.11252307e-01
 -1.09708026e+01 -2.26699334e-02
 -1.20042586e+01 -9.95609733e-01
 -1.29943853e+01 -2.09368374e+00
 -1.39133579e+01 -3.29771782e+00
 -1.47325871e+01 -4.58255973e+00
 -1.54242203e+01 -5.91650792e+00
 -1.59630920e+01 -7.26214238e+00
 -1.63290865e+01 -8.57882866e+00
 -1.65091298e+01 -9.82577663e+00
 -1.64980769e+01 -1.09642068e+01
 -1.62982231e+01 -1.19582478e+01
 -1.59174176e+01 -1.27754462e+01
 -1.53661650e+01 -1.33877795e+01
 -1.46548454e+01 -1.37729179e+01
 -1.37923552e+01 -1.39147274e+01
 -1.27865617e+01 -1.38027435e+01
 -1.16456956e+01 -1.34316684e+01
 -1.03792518e+01 -1.28019059e+01
 -8.99745855e+00 -1.19203733e+01
 -7.50945641e+00 -1.07995866e+01
 -5.92124886e+00 -9.45437294e+00
 -4.23457635e+00 -7.89813632e+00
 -2.44695486e+00 -6.14124478e+00
 -5.52322447e-01 -4.19203367e+00
 1.45776348e+00 -2.05858870e+00
 3.59156960e+00 2.50470882e-01
 5.85301299e+00 2.72571721e+00
 8.23706150e+00 5.35497589e+00
 1.07262322e+01 8.11874785e+00
 1.32887652e+01 1.09850755e+01
 1.58784502e+01 1.39074886e+01
 1.84364934e+01 1.68278096e+01
 2.08960941e+01 1.96822140e+01
 2.31893936e+01 2.24074278e+01
 2.52547690e+01 2.49452814e+01
 2.70419866e+01 2.72459994e+01
 2.85142940e+01 2.92712900e+01
 2.96484749e+01 3.09970539e+01
 3.04340623e+01 3.24139368e+01
 3.08713962e+01 3.35241420e+01
 3.09676370e+01 3.43352155e+01
 3.07319272e+01 3.48537630e+01
 3.01729802e+01 3.50821590e+01
 2.93007448e+01 3.50192271e+01
 2.81301041e+01 3.46632328e+01
 2.66836758e+01 3.40146366e+01
 2.49931107e+01 3.30778968e+01
 2.30999537e+01 3.18637410e+01
 2.10560721e+01 3.03925054e+01
 1.89219712e+01 2.86964135e+01
 1.67619504e+01 2.68180359e+01
 1.46376523e+01 2.48047455e+01
 1.26027863e+01 2.27018053e+01
 1.07001774e+01 2.05469832e+01
 8.96005441e+00 1.83677889e+01
 7.39836805e+00 1.61808876e+01
 6.01562463e+00 1.39930644e+01
 4.79784112e+00 1.18037101e+01
 3.72068452e+00 9.60905101e+00
 2.75652124e+00 7.40759868e+00
 1.88270123e+00 5.20509768e+00
 1.08826942e+00 3.01697594e+00
 3.76422104e-01 8.67495038e-01
 -2.38096582e-01 -1.21344031e+00
 -7.35004821e-01 -3.19393144e+00
 -1.09481343e+00 -5.04293594e+00
 -1.30286261e+00 -6.73241101e+00
 -1.35080581e+00 -8.23930096e+00
 -1.23765584e+00 -9.54714576e+00
 -9.71660469e-01 -1.06463993e+01
 -5.70545998e-01 -1.15329993e+01
 -5.68275501e-02 -1.22058655e+01
 5.50505512e-01 -1.26646280e+01
 1.24255342e+00 -1.29084330e+01
 2.02165744e+00 -1.29357923e+01
 2.89799815e+00 -1.27452594e+01
 3.88470298e+00 -1.23370791e+01
 4.99371187e+00 -1.17155773e+01
 6.23301058e+00 -1.08910258e+01
 7.60495933e+00 -9.87984721e+00
 9.10533996e+00 -8.70355625e+00
 1.07228058e+01 -7.38780025e+00
 1.24384962e+01 -5.96222786e+00
 1.42258847e+01 -4.46080238e+00
 1.60513989e+01 -2.92152411e+00
 1.78767134e+01 -1.38423680e+00
 1.96636724e+01 1.14423933e-01
 2.13819563e+01 1.54818654e+00
 2.30171178e+01 2.90726261e+00
 2.45739729e+01 4.19926951e+00
 2.60717910e+01 5.44322029e+00
 2.75339129e+01 6.65987654e+00
 2.89788245e+01 7.86449426e+00
 3.04171810e+01 9.06514167e+00
 3.18535895e+01 1.02648895e+01
 3.32895546e+01 1.14645370e+01
 3.47254447e+01 1.26641995e+01
 3.61613260e+01 1.38638720e+01
 3.75972066e+01 1.50635470e+01
 3.90330872e+01 1.62632224e+01
 4.04689658e+01 1.74628961e+01
 4.19048255e+01 1.86625540e+01
 4.33405414e+01 1.98620918e+01
 4.47754025e+01 2.10609154e+01
 4.62062708e+01 2.22564031e+01
 4.76224813e+01 2.34396441e+01
 4.89963271e+01 2.45874896e+01
 5.02736364e+01 2.56546790e+01
 5.13772808e+01 2.65767717e+01
 5.22340235e+01 2.72925785e+01
 5.22340235e+01 2.72925785e+01
 5.22340235e+01 2.72925785e+01
 5.22340235e+01 2.72925785e+01
 5.22340235e+01 2.72925785e+01
 5.22340235e+01 2.72925785e+01
 5.22340235e+01 2.72925785e+01
 5.22340235e+01 2.72925785e+01
 5.22340235e+01 2.72925785e+01
 5.22340235e+01 2.72925785e+01
 5.22340235e+01 2.72925785e+01
 5.22340235e+01 2.72925785e+01
 5.22340235e+01 2.72925785e+01
 5.22340235e+01 2.72925785e+01
 5.22340235e+01 2.72925785e+01
 5.22340235e+01 2.72925785e+01
 5.22340235e+01 2.72925785e+01
 5.22340235e+01 2.72925785e+01
