 0.00000000e+00 0.00000000e+00
 0.00000000e+00 0.00000000e+00
 0.00000000e+00 0.00000000e+00
 0.00000000e+00 0.00000000e+00
 0.00000000e+00 0.00000000e+00
 0.00000000e+00 0.00000000e+00
 0.00000000e+00 0.00000000e+00
 0.00000000e+00 0.00000000e+00
 0.00000000e+00 0.00000000e+00
 0.00000000e+00 0.00000000e+00
 0.00000000e+00 0.00000000e+00
 0.00000000e+00 0.00000000e+00
 8.91342096e-03 9.99181147e-02
 -3.12760789e-03 2.31159956e-01
 -5.83374850e-02 3.87503339e-01
 -1.82935434e-01 5.62317027e-01
 -4.03272599e-01 7.50727474e-01
 -7.42264997e-01 9.48682900e-01
 -1.21780221e+00 1.15011735e+00
 -1.84296527e+00 1.34415311e+00
 -2.62628305e+00 1.51404351e+00
 -3.57112117e+00 1.63871342e+00
 -4.67500586e+00 1.69621635e+00
 -5.92977215e+00 1.66728201e+00
 -7.32225577e+00 1.53741900e+00
 -8.83476954e+00 1.29745827e+00
 -1.04453204e+01 9.43642820e-01
 -1.21281586e+01 4.78028332e-01
 -1.38549270e+01 -9.14773858e-02
 -1.55959973e+01 -7.52502770e-01
 -1.73214893e+01 -1.49085980e+00
 -1.90020266e+01 -2.29311763e+00
 -2.06097642e+01 -3.14792487e+00
 -2.21199918e+01 -4.04597998e+00
 -2.35129096e+01 -4.97944303e+00
 -2.47746536e+01 -5.94151818e+00
 -2.58967556e+01 -6.92620436e+00
 -2.68742139e+01 -7.92780575e+00
 -2.77034937e+01 -8.94011742e+00
 -2.83817032e+01 -9.95564672e+00
 -2.89069525e+01 -1.09651949e+01
 -2.92790001e+01 -1.19578116e+01
 -2.94991708e+01 -1.29210100e+01
 -2.95689599e+01 -1.38412547e+01
 -2.94881209e+01 -1.47048581e+01
 -2.92542675e+01 -1.54992330e+01
 -2.88647935e+01 -1.62140422e+01
 -2.83193832e+01 -1.68417967e+01
 -2.76213122e+01 -1.73779355e+01
 -2.67777959e+01 -1.78206723e+01
 -2.58004362e+01 -1.81706757e+01
 -2.47058871e+01 -1.84306034e+01
 -2.35162155e+01 -1.86048584e+01
 -2.22586489e+01 -1.86999895e+01
 -2.09647615e+01 -1.87255108e+01
 -1.96692635e+01 -1.86942752e+01
 -1.84083609e+01 -1.86217243e+01
 -1.72174069e+01 -1.85241933e+01
 -1.61277941e+01 -1.84171803e+01
 -1.51637189e+01 -1.83143078e+01
 -1.43398963e+01 -1.82267411e+01
 -1.36610023e+01 -1.81625326e+01
 -1.31228044e+01 -1.81264476e+01
 -1.27142104e+01 -1.81212854e+01
 -1.24192990e+01 -1.81498299e+01
 -1.22187990e+01 -1.82149527e+01
 -1.20911476e+01 -1.83174386e+01
 -1.20139475e+01 -1.84542870e+01
 -1.19668495e+01 -1.86195716e+01
 -1.19355707e+01 -1.88066078e+01
 -1.19145813e+01 -1.90092737e+01
 -1.19060566e+01 -1.92222327e+01
 -1.19158886e+01 -1.94410990e+01
 -1.19501324e+01 -1.96631222e+01
 -1.20141724e+01 -1.98880668e+01
 -1.21140902e+01 -2.01186360e+01
 -1.22585485e+01 -2.03600316e+01
 -1.24602804e+01 -2.06187330e+01
 -1.27368507e+01 -2.09009828e+01
 -1.31099545e+01 -2.12115267e+01
 -1.36028002e+01 -2.15528779e+01
 -1.42366921e+01 -2.19250820e+01
 -1.50286607e+01 -2.23258003e+01
 -1.59905871e+01 -2.27504701e+01
 -1.71286355e+01 -2.31924577e+01
 -1.84421403e+01 -2.36433713e+01
 -1.99226339e+01 -2.40936976e+01
 -2.15542541e+01 -2.45336199e+01
 -2.33157001e+01 -2.49536528e+01
 -2.51824120e+01 -2.53448453e+01
 -2.71273730e+01 -2.56985060e+01
 -2.91205366e+01 -2.60056329e+01
 -3.11286885e+01 -2.62566104e+01
 -3.31171841e+01 -2.64417369e+01
 -3.50527715e+01 -2.65522492e+01
 -3.69054799e+01 -2.65807986e+01
 -3.86487916e+01 -2.65210909e+01
 -4.02591452e+01 -2.63675800e+01
 -4.17159929e+01 -2.61158702e+01
 -4.30027549e+01 -2.57635956e+01
 -4.41090306e+01 -2.53119350e+01
 -4.50350804e+01 -2.47686927e+01
 -4.57981074e+01 -2.41523362e+01
 -4.64354827e+01 -2.34929562e+01
 -4.69982116e+01 -2.28257396e+01
 -4.75348526e+01 -2.21786883e+01
 -4.80764649e+01 -2.15634414e+01
 -4.86333351e+01 -2.09762878e+01
 -4.92028168e+01 -2.04067466e+01
 -4.97790342e+01 -1.98455132e+01
 -5.03578681e+01 -1.92872918e+01
 -5.09374698e+01 -1.87299173e+01
 -5.15172445e+01 -1.81727282e+01
 -5.20970493e+01 -1.76155709e+01
 -5.26768581e+01 -1.70584178e+01
 -5.32566665e+01 -1.65012659e+01
 -5.38364673e+01 -1.59441214e+01
 -5.44162101e+01 -1.53870327e+01
 -5.49956077e+01 -1.48302757e+01
 -5.55733930e+01 -1.42750679e+01
 -5.61452594e+01 -1.37255477e+01
 -5.67000190e+01 -1.31924659e+01
 -5.72157971e+01 -1.26968424e+01
 -5.76614493e+01 -1.22686046e+01
 -5.80074024e+01 -1.19361699e+01
 -5.80074024e+01 -1.19361699e+01
 -5.80074024e+01 -1.19361699e+01
 -5.80074024e+01 -1.19361699e+01
 -5.80074024e+01 -1.19361699e+01
 -5.80074024e+01 -1.19361699e+01
 -5.80074024e+01 -1.19361699e+01
 -5.80074024e+01 -1.19361699e+01
 -5.80074024e+01 -1.19361699e+01
 -5.80074024e+01 -1.19361699e+01
 -5.80074024e+01 -1.19361699e+01
 -5.80074024e+01 -1.19361699e+01
 -5.80074024e+01 -1.19361699e+01
 -5.80074024e+01 -1.19361699e+01
 -5.80074024e+01 -1.19361699e+01
 -5.80074024e+01 -1.19361699e+01
 -5.80074024e+01 -1.19361699e+01
 -5.80074024e+01 -1.19361699e+01
 -5.80074024e+01 -1.19361699e+01
 -5.80074024e+01 -1.19361699e+01
 -5.80074024e+01 -1.19361699e+01
 -5.80074024e+01 -1.19361699e+01
 -5.80074024e+01 -1.19361699e+01
 -5.80074024e+01 -1.19361699e+01
 -5.80074024e+01 -1.19361699e+01
 -5.80074024e+01 -1.19361699e+01
 -5.80074024e+01 -1.19361699e+01
 -5.80074024e+01 -1.19361699e+01
 -5.80074024e+01 -1.19361699e+01
 -5.80074024e+01 -1.19361699e+01
 -5.80074024e+01 -1.19361699e+01
 -5.80074024e+01 -1.19361699e+01
 -5.80074024e+01 -1.19361699e+01
 -5.80074024e+01 -1.19361699e+01
 -5.80074024e+01 -1.19361699e+01
 -5.80074024e+01 -1.19361699e+01
 -5.80074024e+01 -1.19361699e+01
 -5.80074024e+01 -1.19361699e+01
 -5.80074024e+01 -1.19361699e+01
 -5.80074024e+01 -1.19361699e+01
 -5.80074024e+01 -1.19361699e+01
 -5.80074024e+01 -1.19361699e+01
 -5.80074024e+01 -1.19361699e+01
 -5.80074024e+01 -1.19361699e+01
 -5.80074024e+01 -1.19361699e+01
 -5.80074024e+01 -1.19361699e+01
 -5.80074024e+01 -1.19361699e+01
 -5.80074024e+01 -1.19361699e+01
 -5.80074024e+01 -1.19361699e+01
