 0.00000000e+00 0.00000000e+00
 0.00000000e+00 0.00000000e+00
 0.00000000e+00 0.00000000e+00
 0.00000000e+00 0.00000000e+00
 0.00000000e+00 0.00000000e+00
 0.00000000e+00 0.00000000e+00
 0.00000000e+00 0.00000000e+00
 0.00000000e+00 0.00000000e+00
 0.00000000e+00 0.00000000e+00
 0.00000000e+00 0.00000000e+00
 0.00000000e+00 0.00000000e+00
 0.00000000e+00 0.00000000e+00
 0.00000000e+00 0.00000000e+00
 0.00000000e+00 0.00000000e+00
 -1.30199197e-01 -2.48169193e-02
 -3.28035049e-01 -6.93279983e-02
 -6.04904577e-01 -1.38864899e-01
 -9.69444882e-01 -2.37061366e-01
 -1.42812061e+00 -3.67295722e-01
 -1.98561431e+00 -5.34434311e-01
 -2.64493392e+00 -7.45123683e-01
 -3.40728269e+00 -1.00640070e+00
 -4.27198548e+00 -1.32348798e+00
 -5.23674349e+00 -1.69799146e+00
 -6.29800426e+00 -2.12764409e+00
 -7.45096904e+00 -2.60769513e+00
 -8.68912007e+00 -3.13257346e+00
 -1.00037525e+01 -3.69644163e+00
 -1.13840804e+01 -4.29286326e+00
 -1.28177518e+01 -4.91492103e+00
 -1.42909775e+01 -5.55640841e+00
 -1.57880236e+01 -6.21317235e+00
 -1.72908367e+01 -6.88317753e+00
 -1.87794747e+01 -7.56503659e+00
 -2.02328836e+01 -8.25612424e+00
 -2.16291017e+01 -8.95124241e+00
 -2.29448986e+01 -9.64186311e+00
 -2.41559689e+01 -1.03160282e+01
 -2.52386893e+01 -1.09595505e+01
 -2.61731480e+01 -1.15586361e+01
 -2.69459520e+01 -1.21028141e+01
 -2.75513222e+01 -1.25867529e+01
 -2.79901192e+01 -1.30105422e+01
 -2.82676502e+01 -1.33791727e+01
 -2.83916684e+01 -1.37020210e+01
 -2.83717199e+01 -1.39921793e+01
 -2.82197053e+01 -1.42648238e+01
 -2.79499903e+01 -1.45344960e+01
 -2.75776928e+01 -1.48124119e+01
 -2.71159839e+01 -1.51051679e+01
 -2.65745869e+01 -1.54151600e+01
 -2.59605601e+01 -1.57418484e+01
 -2.52804623e+01 -1.60828364e+01
 -2.45421242e+01 -1.64344818e+01
 -2.37549401e+01 -1.67923919e+01
 -2.29290168e+01 -1.71520456e+01
 -2.20743551e+01 -1.75093503e+01
 -2.12008527e+01 -1.78609198e+01
 -2.03188911e+01 -1.82042608e+01
 -1.94397261e+01 -1.85382779e+01
 -1.85752880e+01 -1.88640762e+01
 -1.77376764e+01 -1.91854309e+01
 -1.69387250e+01 -1.95084438e+01
 -1.61896199e+01 -1.98405888e+01
 -1.55004540e+01 -2.01896180e+01
 -1.48798472e+01 -2.05625992e+01
 -1.43348957e+01 -2.09651827e+01
 -1.38714790e+01 -2.14010452e+01
 -1.34944069e+01 -2.18713740e+01
 -1.32067527e+01 -2.23745782e+01
 -1.30089505e+01 -2.29067079e+01
 -1.28994689e+01 -2.34625985e+01
 -1.28771849e+01 -2.40369419e+01
 -1.29425494e+01 -2.46245632e+01
 -1.30957956e+01 -2.52201581e+01
 -1.33349206e+01 -2.58182834e+01
 -1.36565647e+01 -2.64139301e+01
 -1.40587352e+01 -2.70032704e+01
 -1.45425470e+01 -2.75838954e+01
 -1.51124407e+01 -2.81542806e+01
 -1.57759800e+01 -2.87129423e+01
 -1.65435171e+01 -2.92580032e+01
 -1.74270413e+01 -2.97873907e+01
 -1.84379668e+01 -3.02992328e+01
 -1.95846217e+01 -3.07919037e+01
 -2.08703624e+01 -3.12635948e+01
 -2.22925327e+01 -3.17116997e+01
 -2.38420078e+01 -3.21323349e+01
 -2.55033155e+01 -3.25201492e+01
 -2.72556894e+01 -3.28683890e+01
 -2.90751452e+01 -3.31691092e+01
 -3.09368914e+01 -3.34135015e+01
 -3.28169557e+01 -3.35924264e+01
 -3.46926236e+01 -3.36970038e+01
 -3.65424526e+01 -3.37187702e+01
 -3.83467105e+01 -3.36493001e+01
 -4.00879175e+01 -3.34800180e+01
 -4.17503912e+01 -3.32028173e+01
 -4.33184396e+01 -3.28111575e+01
 -4.47743370e+01 -3.23010013e+01
 -4.60977209e+01 -3.16714451e+01
 -4.72671524e+01 -3.09253627e+01
 -4.82639918e+01 -3.00707133e+01
 -4.90793400e+01 -2.91231181e+01
 -4.97235918e+01 -2.81087071e+01
 -5.02327707e+01 -2.70633754e+01
 -5.06624881e+01 -2.60247424e+01
 -5.10684648e+01 -2.50195370e+01
 -5.14866987e+01 -2.40557049e+01
 -5.19280498e+01 -2.31254790e+01
 -5.23875278e+01 -2.22154077e+01
 -5.28565451e+01 -2.13145828e+01
 -5.33292508e+01 -2.04170471e+01
 -5.38030377e+01 -1.95204240e+01
 -5.42770682e+01 -1.86239988e+01
 -5.47511412e+01 -1.77276071e+01
 -5.52252199e+01 -1.68312200e+01
 -5.56992985e+01 -1.59348345e+01
 -5.61733709e+01 -1.50384609e+01
 -5.66473959e+01 -1.41421770e+01
 -5.71211386e+01 -1.32464268e+01
 -5.75935631e+01 -1.23531691e+01
 -5.80611480e+01 -1.14690621e+01
 -5.85147456e+01 -1.06114022e+01
 -5.89364700e+01 -9.81400792e+00
 -5.93008562e+01 -9.12502855e+00
 -5.95837237e+01 -8.59018413e+00
 -5.95837237e+01 -8.59018413e+00
 -5.95837237e+01 -8.59018413e+00
 -5.95837237e+01 -8.59018413e+00
 -5.95837237e+01 -8.59018413e+00
 -5.95837237e+01 -8.59018413e+00
 -5.95837237e+01 -8.59018413e+00
 -5.95837237e+01 -8.59018413e+00
 -5.95837237e+01 -8.59018413e+00
 -5.95837237e+01 -8.59018413e+00
 -5.95837237e+01 -8.59018413e+00
 -5.95837237e+01 -8.59018413e+00
 -5.95837237e+01 -8.59018413e+00
 -5.95837237e+01 -8.59018413e+00
 -5.95837237e+01 -8.59018413e+00
 -5.95837237e+01 -8.59018413e+00
 -5.95837237e+01 -8.59018413e+00
 -5.95837237e+01 -8.59018413e+00
 -5.95837237e+01 -8.59018413e+00
 -5.95837237e+01 -8.59018413e+00
 -5.95837237e+01 -8.59018413e+00
 -5.95837237e+01 -8.59018413e+00
 -5.95837237e+01 -8.59018413e+00
 -5.95837237e+01 -8.59018413e+00
 -5.95837237e+01 -8.59018413e+00
 -5.95837237e+01 -8.59018413e+00
 -5.95837237e+01 -8.59018413e+00
 -5.95837237e+01 -8.59018413e+00
 -5.95837237e+01 -8.59018413e+00
 -5.95837237e+01 -8.59018413e+00
 -5.95837237e+01 -8.59018413e+00
 -5.95837237e+01 -8.59018413e+00
 -5.95837237e+01 -8.59018413e+00
 -5.95837237e+01 -8.59018413e+00
 -5.95837237e+01 -8.59018413e+00
 -5.95837237e+01 -8.59018413e+00
 -5.95837237e+01 -8.59018413e+00
 -5.95837237e+01 -8.59018413e+00
 -5.95837237e+01 -8.59018413e+00
 -5.95837237e+01 -8.59018413e+00
 -5.95837237e+01 -8.59018413e+00
 -5.95837237e+01 -8.59018413e+00
 -5.95837237e+01 -8.59018413e+00
 -5.95837237e+01 -8.59018413e+00
 -5.95837237e+01 -8.59018413e+00
 -5.95837237e+01 -8.59018413e+00
 -5.95837237e+01 -8.59018413e+00
