 0.00000000e+00 0.00000000e+00
 0.00000000e+00 0.00000000e+00
 0.00000000e+00 0.00000000e+00
 0.00000000e+00 0.00000000e+00
 0.00000000e+00 0.00000000e+00
 0.00000000e+00 0.00000000e+00
 0.00000000e+00 0.00000000e+00
 0.00000000e+00 0.00000000e+00
 0.00000000e+00 0.00000000e+00
 -1.39872005e-02 2.26556253e-03
 -4.31640777e-02 7.84958197e-03
 -9.53236623e-02 1.92174400e-02
 -1.77803583e-01 3.88100426e-02
 -2.96915403e-01 6.83456411e-02
 -4.58511794e-01 1.08753390e-01
 -6.69299025e-01 1.60507460e-01
 -9.38345225e-01 2.23454708e-01
 -1.27779355e+00 2.95945077e-01
 -1.70193289e+00 3.74203372e-01
 -2.22501179e+00 4.52654168e-01
 -2.85897193e+00 5.24704791e-01
 -3.61183158e+00 5.83003304e-01
 -4.48673562e+00 6.18736812e-01
 -5.48155949e+00 6.20546769e-01
 -6.58919173e+00 5.74486852e-01
 -7.79844401e+00 4.65855240e-01
 -9.09495693e+00 2.81829927e-01
 -1.04615436e+01 1.31964095e-02
 -1.18782511e+01 -3.45046427e-01
 -1.33226728e+01 -7.93177842e-01
 -1.47703556e+01 -1.32592536e+00
 -1.61948153e+01 -1.93203762e+00
 -1.75673361e+01 -2.59494313e+00
 -1.88574373e+01 -3.29428291e+00
 -2.00346641e+01 -4.00783488e+00
 -2.10713837e+01 -4.71380990e+00
 -2.19454595e+01 -5.39353623e+00
 -2.26418288e+01 -6.03394431e+00
 -2.31528037e+01 -6.62893437e+00
 -2.34774546e+01 -7.17916462e+00
 -2.36206523e+01 -7.69062348e+00
 -2.35924282e+01 -8.17278986e+00
 -2.34076709e+01 -8.63683066e+00
 -2.30851447e+01 -9.09367052e+00
 -2.26452686e+01 -9.55187365e+00
 -2.21078330e+01 -1.00159643e+01
 -2.14910767e+01 -1.04859555e+01
 -2.08119601e+01 -1.09581618e+01
 -2.00865938e+01 -1.14266170e+01
 -1.93303192e+01 -1.18843141e+01
 -1.85573645e+01 -1.23240676e+01
 -1.77799881e+01 -1.27393549e+01
 -1.70074665e+01 -1.31253007e+01
 -1.62458615e+01 -1.34794486e+01
 -1.54990377e+01 -1.38019027e+01
 -1.47702496e+01 -1.40948245e+01
 -1.40632701e+01 -1.43616875e+01
 -1.33827150e+01 -1.46067868e+01
 -1.27338548e+01 -1.48352037e+01
 -1.21221962e+01 -1.50530311e+01
 -1.15529458e+01 -1.52675026e+01
 -1.10305532e+01 -1.54867706e+01
 -1.05586174e+01 -1.57192567e+01
 -1.01401608e+01 -1.59727527e+01
 -9.77790295e+00 -1.62536742e+01
 -9.47413819e+00 -1.65666755e+01
 -9.23013065e+00 -1.69143025e+01
 -9.04541949e+00 -1.72963690e+01
 -8.91805125e+00 -1.77094659e+01
 -8.84661057e+00 -1.81473470e+01
 -8.83294645e+00 -1.86023474e+01
 -8.88278142e+00 -1.90672276e+01
 -9.00348049e+00 -1.95366447e+01
 -9.20204431e+00 -2.00077892e+01
 -9.48595091e+00 -2.04801971e+01
 -9.86531502e+00 -2.09550710e+01
 -1.03533043e+01 -2.14344727e+01
 -1.09644027e+01 -2.19205664e+01
 -1.17123941e+01 -2.24149751e+01
 -1.26091737e+01 -2.29183147e+01
 -1.36637353e+01 -2.34298842e+01
 -1.48804774e+01 -2.39473966e+01
 -1.62571296e+01 -2.44667315e+01
 -1.77833692e+01 -2.49818385e+01
 -1.94407760e+01 -2.54849115e+01
 -2.12038791e+01 -2.59667413e+01
 -2.30417891e+01 -2.64169645e+01
 -2.49203507e+01 -2.68240924e+01
 -2.68048980e+01 -2.71756517e+01
 -2.86630317e+01 -2.74589123e+01
 -3.04663665e+01 -2.76621021e+01
 -3.21907770e+01 -2.77751642e+01
 -3.38156639e+01 -2.77893301e+01
 -3.53230511e+01 -2.76962778e+01
 -3.66968191e+01 -2.74881978e+01
 -3.79218448e+01 -2.71585870e+01
 -3.89830674e+01 -2.67026373e+01
 -3.98653556e+01 -2.61173077e+01
 -4.05554838e+01 -2.54023291e+01
 -4.10470471e+01 -2.45629854e+01
 -4.13477693e+01 -2.36144609e+01
 -4.14860830e+01 -2.25856284e+01
 -4.15111365e+01 -2.15176278e+01
 -4.14817237e+01 -2.04537554e+01
 -4.14477661e+01 -1.94247347e+01
 -4.14363347e+01 -1.84400099e+01
 -4.14515530e+01 -1.74914601e+01
 -4.14853382e+01 -1.65646203e+01
 -4.15283659e+01 -1.56477345e+01
 -4.15748552e+01 -1.47343870e+01
 -4.16223391e+01 -1.38220204e+01
 -4.16700441e+01 -1.29098662e+01
 -4.17177874e+01 -1.19977481e+01
 -4.17655358e+01 -1.10856348e+01
 -4.18132847e+01 -1.01735233e+01
 -4.18610330e+01 -9.26142379e+00
 -4.19087765e+01 -8.34941561e+00
 -4.19564916e+01 -7.43795051e+00
 -4.20040740e+01 -6.52902168e+00
 -4.20511688e+01 -5.62940398e+00
 -4.20968549e+01 -4.75669747e+00
 -4.21393308e+01 -3.94531378e+00
 -4.21760315e+01 -3.24424705e+00
 -4.22045218e+01 -2.70001939e+00
 -4.22045218e+01 -2.70001939e+00
 -4.22045218e+01 -2.70001939e+00
 -4.22045218e+01 -2.70001939e+00
 -4.22045218e+01 -2.70001939e+00
 -4.22045218e+01 -2.70001939e+00
 -4.22045218e+01 -2.70001939e+00
 -4.22045218e+01 -2.70001939e+00
 -4.22045218e+01 -2.70001939e+00
 -4.22045218e+01 -2.70001939e+00
 -4.22045218e+01 -2.70001939e+00
 -4.22045218e+01 -2.70001939e+00
 -4.22045218e+01 -2.70001939e+00
 -4.22045218e+01 -2.70001939e+00
 -4.22045218e+01 -2.70001939e+00
 -4.22045218e+01 -2.70001939e+00
 -4.22045218e+01 -2.70001939e+00
 -4.22045218e+01 -2.70001939e+00
 -4.22045218e+01 -2.70001939e+00
 -4.22045218e+01 -2.70001939e+00
 -4.22045218e+01 -2.70001939e+00
 -4.22045218e+01 -2.70001939e+00
 -4.22045218e+01 -2.70001939e+00
 -4.22045218e+01 -2.70001939e+00
 -4.22045218e+01 -2.70001939e+00
 -4.22045218e+01 -2.70001939e+00
 -4.22045218e+01 -2.70001939e+00
 -4.22045218e+01 -2.70001939e+00
 -4.22045218e+01 -2.70001939e+00
 -4.22045218e+01 -2.70001939e+00
 -4.22045218e+01 -2.70001939e+00
 -4.22045218e+01 -2.70001939e+00
 -4.22045218e+01 -2.70001939e+00
 -4.22045218e+01 -2.70001939e+00
 -4.22045218e+01 -2.70001939e+00
 -4.22045218e+01 -2.70001939e+00
 -4.22045218e+01 -2.70001939e+00
 -4.22045218e+01 -2.70001939e+00
 -4.22045218e+01 -2.70001939e+00
 -4.22045218e+01 -2.70001939e+00
 -4.22045218e+01 -2.70001939e+00
 -4.22045218e+01 -2.70001939e+00
 -4.22045218e+01 -2.70001939e+00
 -4.22045218e+01 -2.70001939e+00
 -4.22045218e+01 -2.70001939e+00
 -4.22045218e+01 -2.70001939e+00
 -4.22045218e+01 -2.70001939e+00
 -4.22045218e+01 -2.70001939e+00
 -4.22045218e+01 -2.70001939e+00
 -4.22045218e+01 -2.70001939e+00
