 0.00000000e+00 0.00000000e+00
 0.00000000e+00 0.00000000e+00
 0.00000000e+00 0.00000000e+00
 0.00000000e+00 0.00000000e+00
 2.79773964e-02 3.44748119e-02
 6.40007955e-02 7.64573314e-02
 1.02261012e-01 1.19382881e-01
 1.35117298e-01 1.53113563e-01
 1.55260505e-01 1.64439680e-01
 1.56283533e-01 1.37988668e-01
 1.31831835e-01 5.73051818e-02
 7.52284068e-02 -9.39971169e-02
 -1.93913998e-02 -3.30985588e-01
 -1.55724622e-01 -6.66267639e-01
 -3.35252633e-01 -1.10920910e+00
 -5.57958985e-01 -1.66567689e+00
 -8.22427070e-01 -2.33834515e+00
 -1.12539043e+00 -3.12724518e+00
 -1.46190645e+00 -4.03026999e+00
 -1.82653180e+00 -5.04386270e+00
 -2.21464868e+00 -6.16396641e+00
 -2.62309796e+00 -7.38651544e+00
 -3.05019885e+00 -8.70678397e+00
 -3.49562362e+00 -1.01179781e+01
 -3.96012616e+00 -1.16101232e+01
 -4.44482736e+00 -1.31698631e+01
 -4.95009101e+00 -1.47810278e+01
 -5.47436726e+00 -1.64254444e+01
 -6.01333088e+00 -1.80834766e+01
 -6.55939596e+00 -1.97340747e+01
 -7.10153422e+00 -2.13545799e+01
 -7.62544630e+00 -2.29208636e+01
 -8.11444886e+00 -2.44083102e+01
 -8.55138703e+00 -2.57935301e+01
 -8.92111699e+00 -2.70561342e+01
 -9.21239419e+00 -2.81801610e+01
 -9.41828971e+00 -2.91552922e+01
 -9.53522516e+00 -2.99777426e+01
 -9.56145982e+00 -3.06500430e+01
 -9.49589246e+00 -3.11790854e+01
 -9.33719925e+00 -3.15727750e+01
 -9.08249361e+00 -3.18363756e+01
 -8.72541450e+00 -3.19695507e+01
 -8.25514775e+00 -3.19647185e+01
 -7.65779941e+00 -3.18073179e+01
 -6.91965063e+00 -3.14784829e+01
 -6.03059259e+00 -3.09595313e+01
 -4.98654065e+00 -3.02363622e+01
 -3.79069347e+00 -2.93020657e+01
 -2.45398624e+00 -2.81576088e+01
 -9.94913654e-01 -2.68115562e+01
 5.61429662e-01 -2.52796906e+01
 2.18516106e+00 -2.35847730e+01
 3.84377773e+00 -2.17562368e+01
 5.50393978e+00 -1.98295899e+01
 7.13274462e+00 -1.78455529e+01
 8.69896604e+00 -1.58490488e+01
 1.01743943e+01 -1.38879432e+01
 1.15347967e+01 -1.20111986e+01
 1.27602200e+01 -1.02661128e+01
 1.38352052e+01 -8.69452642e+00
 1.47498119e+01 -7.32840780e+00
 1.55013598e+01 -6.18601800e+00
 1.60954190e+01 -5.27021423e+00
 1.65448988e+01 -4.56970721e+00
 1.68679810e+01 -4.06273835e+00
 1.70859813e+01 -3.72188051e+00
 1.72203748e+01 -3.51918766e+00
 1.72882549e+01 -3.43178760e+00
 1.72984907e+01 -3.44712913e+00
 1.72516917e+01 -3.56500117e+00
 1.71434898e+01 -3.79434400e+00
 1.69676882e+01 -4.14739538e+00
 1.67173357e+01 -4.63569712e+00
 1.63848555e+01 -5.26883742e+00
 1.59629858e+01 -6.05313313e+00
 1.54467597e+01 -6.98870636e+00
 1.48356043e+01 -8.06676611e+00
 1.41346730e+01 -9.26953779e+00
 1.33550509e+01 -1.05728988e+01
 1.25130452e+01 -1.19494698e+01
 1.16291805e+01 -1.33700604e+01
 1.07274620e+01 -1.48035648e+01
 9.83495736e+00 -1.62171520e+01
 8.98109562e+00 -1.75781304e+01
 8.19579048e+00 -1.88570843e+01
 7.50619910e+00 -2.00308216e+01
 6.93320369e+00 -2.10840443e+01
 6.48904636e+00 -2.20096036e+01
 6.17676211e+00 -2.28077275e+01
 5.99151253e+00 -2.34846310e+01
 5.92369303e+00 -2.40507732e+01
 5.96268605e+00 -2.45187898e+01
 6.09945779e+00 -2.49010163e+01
 6.32766460e+00 -2.52068056e+01
 6.64461663e+00 -2.54403034e+01
 7.05249409e+00 -2.55994691e+01
 7.55841728e+00 -2.56766480e+01
 8.17246044e+00 -2.56602364e+01
 8.90448328e+00 -2.55367454e+01
 9.76115477e+00 -2.52930575e+01
 1.07436669e+01 -2.49189785e+01
 1.18459240e+01 -2.44098536e+01
 1.30533098e+01 -2.37686358e+01
 1.43427777e+01 -2.30067815e+01
 1.56847023e+01 -2.21436222e+01
 1.70460537e+01 -2.12043791e+01
 1.83945181e+01 -2.02175263e+01
 1.97037411e+01 -1.92120002e+01
 2.09587950e+01 -1.82138101e+01
 2.21588753e+01 -1.72416679e+01
 2.33146494e+01 -1.63033326e+01
 2.44414955e+01 -1.53957286e+01
 2.55529676e+01 -1.45095271e+01
 2.66577907e+01 -1.36350146e+01
 2.77602782e+01 -1.27655403e+01
 2.88621015e+01 -1.18977818e+01
 2.99637721e+01 -1.10304843e+01
 3.10654146e+01 -1.01632845e+01
 3.21670528e+01 -9.29610096e+00
 3.32686904e+01 -8.42891965e+00
 3.43703265e+01 -7.56173974e+00
 3.54719481e+01 -6.69457128e+00
 3.65734594e+01 -5.82748962e+00
 3.76743147e+01 -4.96092428e+00
 3.87721069e+01 -4.09677027e+00
 3.98586531e+01 -3.24146871e+00
 4.09126964e+01 -2.41175267e+00
 4.18926748e+01 -1.64033861e+00
 4.27394138e+01 -9.73807191e-01
 4.33967247e+01 -4.56388778e-01
 4.33967247e+01 -4.56388778e-01
 4.33967247e+01 -4.56388778e-01
 4.33967247e+01 -4.56388778e-01
 4.33967247e+01 -4.56388778e-01
 4.33967247e+01 -4.56388778e-01
 4.33967247e+01 -4.56388778e-01
 4.33967247e+01 -4.56388778e-01
 4.33967247e+01 -4.56388778e-01
 4.33967247e+01 -4.56388778e-01
 4.33967247e+01 -4.56388778e-01
 4.33967247e+01 -4.56388778e-01
 4.33967247e+01 -4.56388778e-01
 4.33967247e+01 -4.56388778e-01
 4.33967247e+01 -4.56388778e-01
 4.33967247e+01 -4.56388778e-01
 4.33967247e+01 -4.56388778e-01
 4.33967247e+01 -4.56388778e-01
 4.33967247e+01 -4.56388778e-01
 4.33967247e+01 -4.56388778e-01
 4.33967247e+01 -4.56388778e-01
 4.33967247e+01 -4.56388778e-01
 4.33967247e+01 -4.56388778e-01
 4.33967247e+01 -4.56388778e-01
 4.33967247e+01 -4.56388778e-01
 4.33967247e+01 -4.56388778e-01
 4.33967247e+01 -4.56388778e-01
 4.33967247e+01 -4.56388778e-01
 4.33967247e+01 -4.56388778e-01
 4.33967247e+01 -4.56388778e-01
 4.33967247e+01 -4.56388778e-01
 4.33967247e+01 -4.56388778e-01
 4.33967247e+01 -4.56388778e-01
 4.33967247e+01 -4.56388778e-01
 4.33967247e+01 -4.56388778e-01
 4.33967247e+01 -4.56388778e-01
