 0.00000000e+00 0.00000000e+00
 0.00000000e+00 0.00000000e+00
 0.00000000e+00 0.00000000e+00
 0.00000000e+00 0.00000000e+00
 -1.30311860e-02 6.16629720e-02
 -4.13476083e-02 1.35136201e-01
 -9.32288771e-02 2.09285991e-01
 -1.75617283e-01 2.70785604e-01
 -2.93142182e-01 3.05947877e-01
 -4.49782293e-01 3.00555858e-01
 -6.51251521e-01 2.38411439e-01
 -9.05203922e-01 1.00123130e-01
 -1.21886493e+00 -1.36540369e-01
 -1.59631069e+00 -4.94408719e-01
 -2.03735407e+00 -9.93668278e-01
 -2.53793379e+00 -1.64900640e+00
 -3.09077137e+00 -2.46791324e+00
 -3.68563031e+00 -3.44993626e+00
 -4.30951944e+00 -4.58652550e+00
 -4.94749814e+00 -5.86166870e+00
 -5.58423472e+00 -7.25363675e+00
 -6.20561520e+00 -8.73754695e+00
 -6.79944144e+00 -1.02878469e+01
 -7.35512339e+00 -1.18798175e+01
 -7.86322913e+00 -1.34898222e+01
 -8.31547551e+00 -1.50948526e+01
 -8.70480023e+00 -1.66722918e+01
 -9.02507221e+00 -1.82004260e+01
 -9.27067703e+00 -1.96594181e+01
 -9.43647052e+00 -2.10320406e+01
 -9.51822302e+00 -2.23038965e+01
 -9.51317808e+00 -2.34635599e+01
 -9.41999170e+00 -2.45030568e+01
 -9.23761009e+00 -2.54183494e+01
 -8.96379069e+00 -2.62090010e+01
 -8.59467997e+00 -2.68767354e+01
 -8.12585844e+00 -2.74236039e+01
 -7.55358386e+00 -2.78507073e+01
 -6.87485008e+00 -2.81575571e+01
 -6.08664409e+00 -2.83413495e+01
 -5.18610096e+00 -2.83959614e+01
 -4.17223260e+00 -2.83117821e+01
 -3.04785630e+00 -2.80773621e+01
 -1.81998049e+00 -2.76821265e+01
 -4.98645309e-01 -2.71184992e+01
 9.04104902e-01 -2.63827710e+01
 2.37377769e+00 -2.54752169e+01
 3.89211575e+00 -2.44000922e+01
 5.43684459e+00 -2.31656972e+01
 6.98353881e+00 -2.17843559e+01
 8.50841823e+00 -2.02720535e+01
 9.98999292e+00 -1.86477585e+01
 1.14090871e+01 -1.69330588e+01
 1.27485767e+01 -1.51528986e+01
 1.39937647e+01 -1.33372144e+01
 1.51328154e+01 -1.15220646e+01
 1.61565442e+01 -9.74894500e+00
 1.70579653e+01 -8.06220132e+00
 1.78323214e+01 -6.50528882e+00
 1.84774701e+01 -5.11656466e+00
 1.89940362e+01 -3.92513622e+00
 1.93852828e+01 -2.94761216e+00
 1.96569594e+01 -2.18701080e+00
 1.98167536e+01 -1.63477273e+00
 1.98727287e+01 -1.27553055e+00
 1.98313018e+01 -1.09280870e+00
 1.96963362e+01 -1.07344238e+00
 1.94699449e+01 -1.20953260e+00
 1.91539064e+01 -1.49820588e+00
 1.87505558e+01 -1.94018325e+00
 1.82632189e+01 -2.53783419e+00
 1.76967602e+01 -3.29266175e+00
 1.70582433e+01 -4.20213698e+00
 1.63570186e+01 -5.25671784e+00
 1.56037838e+01 -6.43867494e+00
 1.48092356e+01 -7.72376073e+00
 1.39834379e+01 -9.08498347e+00
 1.31361845e+01 -1.04964868e+01
 1.22776229e+01 -1.19359205e+01
 1.14184141e+01 -1.33849850e+01
 1.05694748e+01 -1.48288735e+01
 9.74190030e+00 -1.62556424e+01
 8.94725754e+00 -1.76559823e+01
 8.19760732e+00 -1.90228837e+01
 7.50472437e+00 -2.03503923e+01
 6.87899476e+00 -2.16315678e+01
 6.32883287e+00 -2.28569520e+01
 5.86075055e+00 -2.40147921e+01
 5.47954501e+00 -2.50927957e+01
 5.18817564e+00 -2.60800066e+01
 4.98755094e+00 -2.69677834e+01
 4.87692347e+00 -2.77500823e+01
 4.85509771e+00 -2.84236697e+01
 4.92166623e+00 -2.89882113e+01
 5.07765004e+00 -2.94455752e+01
 5.32605233e+00 -2.97981280e+01
 5.67280640e+00 -3.00467808e+01
 6.12736107e+00 -3.01896581e+01
 6.70180559e+00 -3.02214886e+01
 7.40832911e+00 -3.01336928e+01
 8.25564539e+00 -2.99158383e+01
 9.24536606e+00 -2.95587638e+01
 1.03693548e+01 -2.90581679e+01
 1.16088208e+01 -2.84169993e+01
 1.29353996e+01 -2.76459620e+01
 1.43139185e+01 -2.67624138e+01
 1.57062087e+01 -2.57883374e+01
 1.70755278e+01 -2.47482235e+01
 1.83916419e+01 -2.36675763e+01
 1.96362771e+01 -2.25719911e+01
 2.08069192e+01 -2.14854568e+01
 2.19157985e+01 -2.04265249e+01
 2.29831577e+01 -1.94037795e+01
 2.40284542e+01 -1.84146345e+01
 2.50647979e+01 -1.74493623e+01
 2.60985573e+01 -1.64973438e+01
 2.71318960e+01 -1.55511125e+01
 2.81652620e+01 -1.46068716e+01
 2.91986693e+01 -1.36631697e+01
 3.02320906e+01 -1.27195827e+01
 3.12655149e+01 -1.17760148e+01
 3.22989396e+01 -1.08324497e+01
 3.33323629e+01 -9.88888604e+00
 3.43657726e+01 -8.94533487e+00
 3.53990788e+01 -8.00187813e+00
 3.64317698e+01 -7.05898320e+00
 3.74615871e+01 -6.11871200e+00
 3.84808550e+01 -5.18807300e+00
 3.94696324e+01 -4.28527316e+00
 4.03889310e+01 -3.44591072e+00
 4.11832404e+01 -2.72066928e+00
 4.17998509e+01 -2.15767515e+00
 4.17998509e+01 -2.15767515e+00
 4.17998509e+01 -2.15767515e+00
 4.17998509e+01 -2.15767515e+00
 4.17998509e+01 -2.15767515e+00
 4.17998509e+01 -2.15767515e+00
 4.17998509e+01 -2.15767515e+00
 4.17998509e+01 -2.15767515e+00
 4.17998509e+01 -2.15767515e+00
 4.17998509e+01 -2.15767515e+00
 4.17998509e+01 -2.15767515e+00
 4.17998509e+01 -2.15767515e+00
 4.17998509e+01 -2.15767515e+00
 4.17998509e+01 -2.15767515e+00
 4.17998509e+01 -2.15767515e+00
 4.17998509e+01 -2.15767515e+00
 4.17998509e+01 -2.15767515e+00
 4.17998509e+01 -2.15767515e+00
 4.17998509e+01 -2.15767515e+00
 4.17998509e+01 -2.15767515e+00
 4.17998509e+01 -2.15767515e+00
 4.17998509e+01 -2.15767515e+00
 4.17998509e+01 -2.15767515e+00
 4.17998509e+01 -2.15767515e+00
 4.17998509e+01 -2.15767515e+00
 4.17998509e+01 -2.15767515e+00
 4.17998509e+01 -2.15767515e+00
 4.17998509e+01 -2.15767515e+00
 4.17998509e+01 -2.15767515e+00
 4.17998509e+01 -2.15767515e+00
 4.17998509e+01 -2.15767515e+00
 4.17998509e+01 -2.15767515e+00
 4.17998509e+01 -2.15767515e+00
 4.17998509e+01 -2.15767515e+00
 4.17998509e+01 -2.15767515e+00
