 0.00000000e+00 0.00000000e+00
 0.00000000e+00 0.00000000e+00
 0.00000000e+00 0.00000000e+00
 0.00000000e+00 0.00000000e+00
 -3.64484831e-02 5.97183161e-02
 -1.15707109e-01 1.23298271e-01
 -2.60000678e-01 1.76628174e-01
 -4.83948529e-01 2.03547063e-01
 -7.86880371e-01 1.86086752e-01
 -1.15342801e+00 1.04791205e-01
 -1.56160628e+00 -5.90366905e-02
 -1.99153104e+00 -3.20357830e-01
 -2.42909989e+00 -6.89025748e-01
 -2.86445788e+00 -1.17045851e+00
 -3.28876704e+00 -1.76674975e+00
 -3.69260447e+00 -2.47678584e+00
 -4.06688625e+00 -3.29563029e+00
 -4.40496492e+00 -4.21454071e+00
 -4.70403294e+00 -5.22253164e+00
 -4.96510005e+00 -6.30897641e+00
 -5.19221558e+00 -7.46561957e+00
 -5.39192180e+00 -8.68670457e+00
 -5.57299949e+00 -9.96751983e+00
 -5.74570222e+00 -1.13027178e+01
 -5.92007129e+00 -1.26852410e+01
 -6.10393903e+00 -1.41058065e+01
 -6.30147817e+00 -1.55527663e+01
 -6.51256977e+00 -1.70122586e+01
 -6.73270342e+00 -1.84684250e+01
 -6.95307532e+00 -1.99034954e+01
 -7.16093066e+00 -2.12979441e+01
 -7.34053334e+00 -2.26312018e+01
 -7.47488152e+00 -2.38830901e+01
 -7.54766661e+00 -2.50355657e+01
 -7.54502183e+00 -2.60743032e+01
 -7.45725052e+00 -2.69899080e+01
 -7.28038828e+00 -2.77784792e+01
 -7.01634302e+00 -2.84411768e+01
 -6.67092228e+00 -2.89828806e+01
 -6.25108344e+00 -2.94104495e+01
 -5.76316032e+00 -2.97309784e+01
 -5.21226505e+00 -2.99500757e+01
 -4.60197839e+00 -3.00700553e+01
 -3.93377679e+00 -3.00883010e+01
 -3.20646592e+00 -2.99966953e+01
 -2.41622559e+00 -2.97828036e+01
 -1.55748368e+00 -2.94321544e+01
 -6.24252274e-01 -2.89301657e+01
 3.88669214e-01 -2.82631779e+01
 1.48498639e+00 -2.74191389e+01
 2.66646555e+00 -2.63885857e+01
 3.93205728e+00 -2.51663442e+01
 5.27627490e+00 -2.37540103e+01
 6.68744603e+00 -2.21625856e+01
 8.14678638e+00 -2.04143382e+01
 9.62873763e+00 -1.85433487e+01
 1.11024372e+01 -1.65946217e+01
 1.25338874e+01 -1.46218018e+01
 1.38883277e+01 -1.26836635e+01
 1.51327337e+01 -1.08396150e+01
 1.62388737e+01 -9.14446343e+00
 1.71868217e+01 -7.64289677e+00
 1.79675577e+01 -6.36466994e+00
 1.85832742e+01 -5.32186392e+00
 1.90456887e+01 -4.50920303e+00
 1.93737599e+01 -3.90730550e+00
 1.95911550e+01 -3.48773290e+00
 1.97222994e+01 -3.21864544e+00
 1.97867322e+01 -3.07057554e+00
 1.97941484e+01 -3.02208758e+00
 1.97429725e+01 -3.06431626e+00
 1.96225517e+01 -3.20267324e+00
 1.94168207e+01 -3.45473344e+00
 1.91078041e+01 -3.84509436e+00
 1.86786900e+01 -4.39923025e+00
 1.81166284e+01 -5.13815942e+00
 1.74152824e+01 -6.07454809e+00
 1.65768362e+01 -7.20985418e+00
 1.56127687e+01 -8.53235217e+00
 1.45429118e+01 -1.00169831e+01
 1.33932634e+01 -1.16280787e+01
 1.21936379e+01 -1.33244360e+01
 1.09757401e+01 -1.50646689e+01
 9.77142270e+00 -1.68109048e+01
 8.61094299e+00 -1.85303599e+01
 7.52167107e+00 -2.01955497e+01
 6.52754050e+00 -2.17839920e+01
 5.64867517e+00 -2.32777742e+01
 4.90056066e+00 -2.46630610e+01
 4.29297931e+00 -2.59296410e+01
 3.82943062e+00 -2.70706488e+01
 3.50756451e+00 -2.80824808e+01
 3.32082248e+00 -2.89646934e+01
 3.26098902e+00 -2.97196156e+01
 3.32061290e+00 -3.03516163e+01
 3.49433097e+00 -3.08661082e+01
 3.77951228e+00 -3.12682997e+01
 4.17732256e+00 -3.15616560e+01
 4.69393736e+00 -3.17462627e+01
 5.34050141e+00 -3.18176277e+01
 6.13148376e+00 -3.17665505e+01
 7.08242045e+00 -3.15803646e+01
 8.20758206e+00 -3.12453713e+01
 9.51701432e+00 -3.07499471e+01
 1.10126981e+01 -3.00876540e+01
 1.26849649e+01 -2.92595950e+01
 1.45109485e+01 -2.82754027e+01
 1.64558727e+01 -2.71526544e+01
 1.84762543e+01 -2.59149702e+01
 2.05234785e+01 -2.45895501e+01
 2.25476581e+01 -2.32052075e+01
 2.45036792e+01 -2.17913041e+01
 2.63604316e+01 -2.03765978e+01
 2.81095333e+01 -1.89864106e+01
 2.97664288e+01 -1.76379252e+01
 3.13607960e+01 -1.63361956e+01
 3.29222228e+01 -1.50745492e+01
 3.44707214e+01 -1.38400218e+01
 3.60158162e+01 -1.26200726e+01
 3.75605538e+01 -1.14063494e+01
 3.91054439e+01 -1.01947344e+01
 4.06504295e+01 -8.98368396e+00
 4.21954439e+01 -7.77275281e+00
 4.37404642e+01 -6.56184152e+00
 4.52854852e+01 -5.35093295e+00
 4.68305042e+01 -4.14002629e+00
 4.83755029e+01 -2.92913562e+00
 4.99203469e+01 -1.71836614e+00
 5.14642710e+01 -5.08317652e-01
 5.30038989e+01 6.98363724e-01
 5.45277548e+01 1.89268378e+00
 5.60060260e+01 3.05127690e+00
 5.73804230e+01 4.12845871e+00
 5.85679548e+01 5.05918522e+00
 5.94898181e+01 5.78169435e+00
 5.94898181e+01 5.78169435e+00
 5.94898181e+01 5.78169435e+00
 5.94898181e+01 5.78169435e+00
 5.94898181e+01 5.78169435e+00
 5.94898181e+01 5.78169435e+00
 5.94898181e+01 5.78169435e+00
 5.94898181e+01 5.78169435e+00
 5.94898181e+01 5.78169435e+00
 5.94898181e+01 5.78169435e+00
 5.94898181e+01 5.78169435e+00
 5.94898181e+01 5.78169435e+00
 5.94898181e+01 5.78169435e+00
 5.94898181e+01 5.78169435e+00
 5.94898181e+01 5.78169435e+00
 5.94898181e+01 5.78169435e+00
 5.94898181e+01 5.78169435e+00
 5.94898181e+01 5.78169435e+00
 5.94898181e+01 5.78169435e+00
 5.94898181e+01 5.78169435e+00
 5.94898181e+01 5.78169435e+00
 5.94898181e+01 5.78169435e+00
 5.94898181e+01 5.78169435e+00
 5.94898181e+01 5.78169435e+00
 5.94898181e+01 5.78169435e+00
 5.94898181e+01 5.78169435e+00
 5.94898181e+01 5.78169435e+00
 5.94898181e+01 5.78169435e+00
 5.94898181e+01 5.78169435e+00
 5.94898181e+01 5.78169435e+00
 5.94898181e+01 5.78169435e+00
 5.94898181e+01 5.78169435e+00
