 0.00000000e+00 0.00000000e+00
 0.00000000e+00 0.00000000e+00
 0.00000000e+00 0.00000000e+00
 0.00000000e+00 0.00000000e+00
 0.00000000e+00 0.00000000e+00
 0.00000000e+00 0.00000000e+00
 -7.15782285e-03 1.15911860e-01
 -2.50690373e-02 2.50974236e-01
 -6.18784182e-02 3.85115761e-01
 -1.25424835e-01 4.98176715e-01
 -2.20761667e-01 5.73020666e-01
 -3.50866852e-01 5.92910453e-01
 -5.20356496e-01 5.36658024e-01
 -7.38076329e-01 3.76325840e-01
 -1.01559394e+00 7.93975683e-02
 -1.36314434e+00 -3.86351564e-01
 -1.78638657e+00 -1.04812366e+00
 -2.28537438e+00 -1.92480553e+00
 -2.85504175e+00 -3.02489233e+00
 -3.48616675e+00 -4.34525071e+00
 -4.16636572e+00 -5.87092907e+00
 -4.88112495e+00 -7.57659705e+00
 -5.61489687e+00 -9.42984162e+00
 -6.35210302e+00 -1.13955001e+01
 -7.07782987e+00 -1.34392553e+01
 -7.77804147e+00 -1.55290832e+01
 -8.43916816e+00 -1.76348191e+01
 -9.04717601e+00 -1.97271770e+01
 -9.58672890e+00 -2.17769722e+01
 -1.00413675e+01 -2.37545480e+01
 -1.03951724e+01 -2.56297355e+01
 -1.06352541e+01 -2.73731195e+01
 -1.07537457e+01 -2.89587542e+01
 -1.07485247e+01 -3.03672018e+01
 -1.06227483e+01 -3.15872428e+01
 -1.03835624e+01 -3.26154724e+01
 -1.00404388e+01 -3.34544275e+01
 -9.60364605e+00 -3.41104742e+01
 -9.08290896e+00 -3.45920204e+01
 -8.48589397e+00 -3.49076883e+01
 -7.81648723e+00 -3.50640497e+01
 -7.07331903e+00 -3.50633809e+01
 -6.24912455e+00 -3.49025095e+01
 -5.33144693e+00 -3.45734860e+01
 -4.30469028e+00 -3.40658269e+01
 -3.15271226e+00 -3.33692877e+01
 -1.86108480e+00 -3.24761326e+01
 -4.19205018e-01 -3.13826853e+01
 1.17679871e+00 -3.00907302e+01
 2.92024842e+00 -2.86090107e+01
 4.79066865e+00 -2.69541344e+01
 6.75302360e+00 -2.51502622e+01
 8.76010604e+00 -2.32280244e+01
 1.07571293e+01 -2.12235315e+01
 1.26869466e+01 -1.91777498e+01
 1.44949190e+01 -1.71357926e+01
 1.61334022e+01 -1.51453218e+01
 1.75659094e+01 -1.32535173e+01
 1.87702195e+01 -1.15030715e+01
 1.97393602e+01 -9.92855005e+00
 2.04800574e+01 -8.55419786e+00
 2.10091051e+01 -7.39331069e+00
 2.13487199e+01 -6.44878507e+00
 2.15223111e+01 -5.71464644e+00
 2.15517858e+01 -5.17866097e+00
 2.14564522e+01 -4.82599461e+00
 2.12527415e+01 -4.64319484e+00
 2.09541216e+01 -4.62119189e+00
 2.05712402e+01 -4.75628236e+00
 2.01125066e+01 -5.04903434e+00
 1.95848848e+01 -5.50194556e+00
 1.89944623e+01 -6.11686653e+00
 1.83467541e+01 -6.89276110e+00
 1.76469931e+01 -7.82400547e+00
 1.69004237e+01 -8.89945579e+00
 1.61124243e+01 -1.01026327e+01
 1.52885029e+01 -1.14132110e+01
 1.44344457e+01 -1.28093740e+01
 1.35568281e+01 -1.42699243e+01
 1.26638025e+01 -1.57752460e+01
 1.17657502e+01 -1.73071660e+01
 1.08753448e+01 -1.88483670e+01
 1.00070697e+01 -2.03819529e+01
 9.17670446e+00 -2.18914809e+01
 8.40096546e+00 -2.33613733e+01
 7.69678563e+00 -2.47773433e+01
 7.07990268e+00 -2.61266328e+01
 6.56328914e+00 -2.73982135e+01
 6.15609024e+00 -2.85831089e+01
 5.86310549e+00 -2.96746740e+01
 5.68483495e+00 -3.06685344e+01
 5.61861951e+00 -3.15621119e+01
 5.66086771e+00 -3.23539671e+01
 5.80906190e+00 -3.30432195e+01
 6.06232440e+00 -3.36290012e+01
 6.42084988e+00 -3.41096891e+01
 6.88515072e+00 -3.44820062e+01
 7.45525949e+00 -3.47405949e+01
 8.12960523e+00 -3.48785007e+01
 8.90391971e+00 -3.48883300e+01
 9.77088703e+00 -3.47636476e+01
 1.07204589e+01 -3.45006232e+01
 1.17399173e+01 -3.41000497e+01
 1.28132805e+01 -3.35692419e+01
 1.39209116e+01 -3.29229084e+01
 1.50404875e+01 -3.21825744e+01
 1.61496505e+01 -3.13749393e+01
 1.72297892e+01 -3.05296108e+01
 1.82697276e+01 -2.96757360e+01
 1.92675954e+01 -2.88369001e+01
 2.02296232e+01 -2.80259555e+01
 2.11663323e+01 -2.72436143e+01
 2.20881958e+01 -2.64824665e+01
 2.30028787e+01 -2.57333307e+01
 2.39147218e+01 -2.49894977e+01
 2.48256549e+01 -2.42474997e+01
 2.57363537e+01 -2.35060003e+01
 2.66470044e+01 -2.27646073e+01
 2.75576472e+01 -2.20232322e+01
 2.84682889e+01 -2.12818596e+01
 2.93789293e+01 -2.05404881e+01
 3.02895576e+01 -1.97991265e+01
 3.12000948e+01 -1.90578391e+01
 3.21100898e+01 -1.83169930e+01
 3.30175527e+01 -1.75782085e+01
 3.39157194e+01 -1.68469922e+01
 3.47870183e+01 -1.61376494e+01
 3.55970933e+01 -1.54781504e+01
 3.62970293e+01 -1.49083178e+01
 3.68403792e+01 -1.44659653e+01
 3.68403792e+01 -1.44659653e+01
 3.68403792e+01 -1.44659653e+01
 3.68403792e+01 -1.44659653e+01
 3.68403792e+01 -1.44659653e+01
 3.68403792e+01 -1.44659653e+01
 3.68403792e+01 -1.44659653e+01
 3.68403792e+01 -1.44659653e+01
 3.68403792e+01 -1.44659653e+01
 3.68403792e+01 -1.44659653e+01
 3.68403792e+01 -1.44659653e+01
 3.68403792e+01 -1.44659653e+01
 3.68403792e+01 -1.44659653e+01
 3.68403792e+01 -1.44659653e+01
 3.68403792e+01 -1.44659653e+01
 3.68403792e+01 -1.44659653e+01
 3.68403792e+01 -1.44659653e+01
 3.68403792e+01 -1.44659653e+01
 3.68403792e+01 -1.44659653e+01
 3.68403792e+01 -1.44659653e+01
 3.68403792e+01 -1.44659653e+01
 3.68403792e+01 -1.44659653e+01
 3.68403792e+01 -1.44659653e+01
 3.68403792e+01 -1.44659653e+01
 3.68403792e+01 -1.44659653e+01
 3.68403792e+01 -1.44659653e+01
 3.68403792e+01 -1.44659653e+01
 3.68403792e+01 -1.44659653e+01
 3.68403792e+01 -1.44659653e+01
 3.68403792e+01 -1.44659653e+01
 3.68403792e+01 -1.44659653e+01
 3.68403792e+01 -1.44659653e+01
 3.68403792e+01 -1.44659653e+01
 3.68403792e+01 -1.44659653e+01
 3.68403792e+01 -1.44659653e+01
 3.68403792e+01 -1.44659653e+01
 3.68403792e+01 -1.44659653e+01
