 0.00000000e+00 0.00000000e+00
 0.00000000e+00 0.00000000e+00
 0.00000000e+00 0.00000000e+00
 0.00000000e+00 0.00000000e+00
 0.00000000e+00 0.00000000e+00
 0.00000000e+00 0.00000000e+00
 0.00000000e+00 0.00000000e+00
 0.00000000e+00 0.00000000e+00
 0.00000000e+00 0.00000000e+00
 0.00000000e+00 0.00000000e+00
 0.00000000e+00 0.00000000e+00
 0.00000000e+00 0.00000000e+00
 0.00000000e+00 0.00000000e+00
 0.00000000e+00 0.00000000e+00
 0.00000000e+00 0.00000000e+00
 0.00000000e+00 0.00000000e+00
 6.58893964e-02 1.68409708e-01
 1.38505488e-01 3.63538349e-01
 2.07182178e-01 5.55935800e-01
 2.61521387e-01 7.16629489e-01
 2.89201081e-01 8.22249986e-01
 2.72626549e-01 8.52864431e-01
 1.89407532e-01 7.87544946e-01
 1.72528895e-02 6.02511642e-01
 -2.60786590e-01 2.72391955e-01
 -6.54307232e-01 -2.27471935e-01
 -1.16622322e+00 -9.19004279e-01
 -1.79331323e+00 -1.81922292e+00
 -2.52540147e+00 -2.93718753e+00
 -3.34437248e+00 -4.27073375e+00
 -4.22468284e+00 -5.80473673e+00
 -5.13570025e+00 -7.51184319e+00
 -6.04486977e+00 -9.35479732e+00
 -6.92046953e+00 -1.12887390e+01
 -7.73332011e+00 -1.32628125e+01
 -8.45756485e+00 -1.52218580e+01
 -9.07114963e+00 -1.71093675e+01
 -9.55659760e+00 -1.88718736e+01
 -9.90187452e+00 -2.04634435e+01
 -1.01001535e+01 -2.18483980e+01
 -1.01476118e+01 -2.30013753e+01
 -1.00403679e+01 -2.39054510e+01
 -9.77278740e+00 -2.45497856e+01
 -9.33774262e+00 -2.49278046e+01
 -8.72759366e+00 -2.50360295e+01
 -7.93537599e+00 -2.48734032e+01
 -6.95685424e+00 -2.44414380e+01
 -5.79339022e+00 -2.37457159e+01
 -4.45452606e+00 -2.27984485e+01
 -2.95936671e+00 -2.16207643e+01
 -1.33621805e+00 -2.02431342e+01
 3.80047471e-01 -1.87030258e+01
 2.15268727e+00 -1.70403492e+01
 3.94820055e+00 -1.52927685e+01
 5.73965832e+00 -1.34930213e+01
 7.50703068e+00 -1.16687542e+01
 9.23481354e+00 -9.84398203e+00
 1.09082536e+01 -8.04146815e+00
 1.25097446e+01 -6.28583543e+00
 1.40168636e+01 -4.60650399e+00
 1.54029973e+01 -3.03840380e+00
 1.66402855e+01 -1.61885356e+00
 1.77033654e+01 -3.81544738e-01
 1.85722306e+01 6.48829810e-01
 1.92333980e+01 1.45801137e+00
 1.96796600e+01 2.03966270e+00
 1.99093618e+01 2.39184499e+00
 1.99259656e+01 2.51517256e+00
 1.97378765e+01 2.41278022e+00
 1.93580450e+01 2.09038800e+00
 1.88032611e+01 1.55525525e+00
 1.80937707e+01 8.14779122e-01
 1.72538503e+01 -1.23291257e-01
 1.63129161e+01 -1.24807481e+00
 1.53056766e+01 -2.54182552e+00
 1.42702039e+01 -3.97829564e+00
 1.32444114e+01 -5.52465917e+00
 1.22626507e+01 -7.14535843e+00
 1.13538878e+01 -8.80491992e+00
 1.05416231e+01 -1.04684245e+01
 9.84461485e+00 -1.21008852e+01
 9.27754954e+00 -1.36675107e+01
 8.85164280e+00 -1.51352486e+01
 8.57538180e+00 -1.64744408e+01
 8.45498553e+00 -1.76597788e+01
 8.49388822e+00 -1.86708652e+01
 8.69150585e+00 -1.94926118e+01
 9.04271352e+00 -2.01150063e+01
 9.53902344e+00 -2.05320782e+01
 1.01705661e+01 -2.07408478e+01
 1.09270090e+01 -2.07412458e+01
 1.17966394e+01 -2.05372841e+01
 1.27643948e+01 -2.01389021e+01
 1.38100413e+01 -1.95634939e+01
 1.49073160e+01 -1.88364106e+01
 1.60245538e+01 -1.79902640e+01
 1.71270162e+01 -1.70630044e+01
 1.81805001e+01 -1.60947617e+01
 1.91552581e+01 -1.51237611e+01
 2.00295990e+01 -1.41819560e+01
 2.07933996e+01 -1.32911470e+01
 2.14514486e+01 -1.24604773e+01
 2.20243274e+01 -1.16864170e+01
 2.25433604e+01 -1.09560883e+01
 2.30398920e+01 -1.02532231e+01
 2.35351755e+01 -9.56398750e+00
 2.40375200e+01 -8.87982275e+00
 2.45466226e+01 -8.19690115e+00
 2.50595305e+01 -7.51407096e+00
 2.55739588e+01 -6.83116535e+00
 2.60888414e+01 -6.14821873e+00
 2.66038275e+01 -5.46526018e+00
 2.71188319e+01 -4.78229924e+00
 2.76338386e+01 -4.09933803e+00
 2.81488449e+01 -3.41637770e+00
 2.86638445e+01 -2.73342638e+00
 2.91787925e+01 -2.05054341e+00
 2.96934339e+01 -1.36806708e+00
 3.02066432e+01 -6.87489827e-01
 3.07145951e+01 -1.38844528e-02
 3.12073522e+01 6.39570665e-01
 3.16654845e+01 1.24710920e+00
 3.20613285e+01 1.77204586e+00
 3.23686162e+01 2.17954637e+00
 3.23686162e+01 2.17954637e+00
 3.23686162e+01 2.17954637e+00
 3.23686162e+01 2.17954637e+00
 3.23686162e+01 2.17954637e+00
 3.23686162e+01 2.17954637e+00
 3.23686162e+01 2.17954637e+00
 3.23686162e+01 2.17954637e+00
 3.23686162e+01 2.17954637e+00
 3.23686162e+01 2.17954637e+00
 3.23686162e+01 2.17954637e+00
 3.23686162e+01 2.17954637e+00
 3.23686162e+01 2.17954637e+00
 3.23686162e+01 2.17954637e+00
 3.23686162e+01 2.17954637e+00
 3.23686162e+01 2.17954637e+00
 3.23686162e+01 2.17954637e+00
 3.23686162e+01 2.17954637e+00
 3.23686162e+01 2.17954637e+00
 3.23686162e+01 2.17954637e+00
 3.23686162e+01 2.17954637e+00
 3.23686162e+01 2.17954637e+00
 3.23686162e+01 2.17954637e+00
 3.23686162e+01 2.17954637e+00
 3.23686162e+01 2.17954637e+00
 3.23686162e+01 2.17954637e+00
 3.23686162e+01 2.17954637e+00
 3.23686162e+01 2.17954637e+00
 3.23686162e+01 2.17954637e+00
 3.23686162e+01 2.17954637e+00
 3.23686162e+01 2.17954637e+00
 3.23686162e+01 2.17954637e+00
 3.23686162e+01 2.17954637e+00
 3.23686162e+01 2.17954637e+00
 3.23686162e+01 2.17954637e+00
 3.23686162e+01 2.17954637e+00
 3.23686162e+01 2.17954637e+00
 3.23686162e+01 2.17954637e+00
 3.23686162e+01 2.17954637e+00
 3.23686162e+01 2.17954637e+00
 3.23686162e+01 2.17954637e+00
 3.23686162e+01 2.17954637e+00
 3.23686162e+01 2.17954637e+00
