 0.00000000e+00 0.00000000e+00
 0.00000000e+00 0.00000000e+00
 0.00000000e+00 0.00000000e+00
 0.00000000e+00 0.00000000e+00
 0.00000000e+00 0.00000000e+00
 0.00000000e+00 0.00000000e+00
 0.00000000e+00 0.00000000e+00
 0.00000000e+00 0.00000000e+00
 0.00000000e+00 0.00000000e+00
 0.00000000e+00 0.00000000e+00
 0.00000000e+00 0.00000000e+00
 0.00000000e+00 0.00000000e+00
 0.00000000e+00 0.00000000e+00
 -5.39201272e-03 2.86592898e-02
 -4.22313312e-02 5.13812314e-02
 -1.28568603e-01 5.26140023e-02
 -2.75029187e-01 1.19911239e-02
 -4.81652648e-01 -9.40589007e-02
 -7.41215425e-01 -2.89640676e-01
 -1.04573026e+00 -5.96760799e-01
 -1.39069024e+00 -1.03414753e+00
 -1.77466362e+00 -1.61734276e+00
 -2.19611587e+00 -2.35863999e+00
 -2.65058411e+00 -3.26592527e+00
 -3.12975632e+00 -4.34077557e+00
 -3.62230075e+00 -5.57693461e+00
 -4.11558126e+00 -6.96010923e+00
 -4.59727667e+00 -8.46933748e+00
 -5.05626903e+00 -1.00793720e+01
 -5.48286336e+00 -1.17628304e+01
 -5.86875332e+00 -1.34909142e+01
 -6.20689850e+00 -1.52326166e+01
 -6.49140453e+00 -1.69536879e+01
 -6.71776369e+00 -1.86170853e+01
 -6.88321114e+00 -2.01856910e+01
 -6.98584568e+00 -2.16261862e+01
 -7.02225236e+00 -2.29117795e+01
 -6.98602303e+00 -2.40224847e+01
 -6.86908100e+00 -2.49438309e+01
 -6.66411342e+00 -2.56658097e+01
 -6.36542555e+00 -2.61827804e+01
 -5.96821850e+00 -2.64935503e+01
 -5.46801368e+00 -2.66005569e+01
 -4.86107154e+00 -2.65080670e+01
 -4.14547975e+00 -2.62205065e+01
 -3.32229218e+00 -2.57421722e+01
 -2.39625706e+00 -2.50784635e+01
 -1.37593247e+00 -2.42375250e+01
 -2.73127778e-01 -2.32310634e+01
 8.98292200e-01 -2.20739945e+01
 2.12380961e+00 -2.07834133e+01
 3.38912140e+00 -1.93775372e+01
 4.68019517e+00 -1.78750844e+01
 5.98295313e+00 -1.62953504e+01
 7.28294185e+00 -1.46589604e+01
 8.56477928e+00 -1.29890231e+01
 9.81125124e+00 -1.13123470e+01
 1.10026286e+01 -9.66025573e+00
 1.21170378e+01 -8.06828679e+00
 1.31321763e+01 -6.57416368e+00
 1.40279521e+01 -5.21410304e+00
 1.47891983e+01 -4.01839597e+00
 1.54074413e+01 -3.00777663e+00
 1.58810471e+01 -2.19203372e+00
 1.62139316e+01 -1.57152946e+00
 1.64134583e+01 -1.14100323e+00
 1.64878315e+01 -8.93870763e-01
 1.64435785e+01 -8.25015210e-01
 1.62846195e+01 -9.31314909e-01
 1.60136454e+01 -1.21099678e+00
 1.56343235e+01 -1.66327984e+00
 1.51526089e+01 -2.28822880e+00
 1.45773332e+01 -3.08556274e+00
 1.39208278e+01 -4.05202712e+00
 1.31990136e+01 -5.17862835e+00
 1.24299882e+01 -6.44958774e+00
 1.16315870e+01 -7.84380600e+00
 1.08195348e+01 -9.33786158e+00
 1.00071731e+01 -1.09085144e+01
 9.20649399e+00 -1.25332162e+01
 8.42977680e+00 -1.41887912e+01
 7.69118135e+00 -1.58497567e+01
 7.00752291e+00 -1.74876794e+01
 6.39756592e+00 -1.90720495e+01
 5.87990656e+00 -2.05723769e+01
 5.47027927e+00 -2.19607515e+01
 5.17949946e+00 -2.32139335e+01
 5.01319632e+00 -2.43143334e+01
 4.97351698e+00 -2.52497564e+01
 5.06143511e+00 -2.60121910e+01
 5.27814971e+00 -2.65962197e+01
 5.62563538e+00 -2.69977491e+01
 6.10705184e+00 -2.72133818e+01
 6.72668309e+00 -2.72402491e+01
 7.48883551e+00 -2.70763627e+01
 8.39617850e+00 -2.67220671e+01
 9.44829326e+00 -2.61825248e+01
 1.06404218e+01 -2.54698881e+01
 1.19620498e+01 -2.46039024e+01
 1.33954207e+01 -2.36109987e+01
 1.49146328e+01 -2.25226398e+01
 1.64860071e+01 -2.13733217e+01
 1.80699867e+01 -2.01981740e+01
 1.96244603e+01 -1.90301922e+01
 2.11095730e+01 -1.78973951e+01
 2.24944561e+01 -1.68200762e+01
 2.37652171e+01 -1.58082388e+01
 2.49302787e+01 -1.48600985e+01
 2.60174042e+01 -1.39634811e+01
 2.70615034e+01 -1.31009175e+01
 2.80906452e+01 -1.22561889e+01
 2.91195051e+01 -1.14185086e+01
 3.01519470e+01 -1.05827185e+01
 3.11870837e+01 -9.74714106e+00
 3.22234270e+01 -8.91148419e+00
 3.32601532e+01 -8.07577513e+00
 3.42969699e+01 -7.24005000e+00
 3.53338028e+01 -6.40432156e+00
 3.63706379e+01 -5.56859272e+00
 3.74074719e+01 -4.73286496e+00
 3.84442922e+01 -3.89714821e+00
 3.94810087e+01 -3.06151510e+00
 4.05171079e+01 -2.22637959e+00
 4.15503240e+01 -1.39356795e+00
 4.25729557e+01 -5.69287691e-01
 4.35649965e+01 2.30335018e-01
 4.44873291e+01 9.73770329e-01
 4.52842599e+01 1.61612703e+00
 4.59029055e+01 2.11477898e+00
 4.59029055e+01 2.11477898e+00
 4.59029055e+01 2.11477898e+00
 4.59029055e+01 2.11477898e+00
 4.59029055e+01 2.11477898e+00
 4.59029055e+01 2.11477898e+00
 4.59029055e+01 2.11477898e+00
 4.59029055e+01 2.11477898e+00
 4.59029055e+01 2.11477898e+00
 4.59029055e+01 2.11477898e+00
 4.59029055e+01 2.11477898e+00
 4.59029055e+01 2.11477898e+00
 4.59029055e+01 2.11477898e+00
 4.59029055e+01 2.11477898e+00
 4.59029055e+01 2.11477898e+00
 4.59029055e+01 2.11477898e+00
 4.59029055e+01 2.11477898e+00
 4.59029055e+01 2.11477898e+00
 4.59029055e+01 2.11477898e+00
 4.59029055e+01 2.11477898e+00
 4.59029055e+01 2.11477898e+00
 4.59029055e+01 2.11477898e+00
 4.59029055e+01 2.11477898e+00
 4.59029055e+01 2.11477898e+00
 4.59029055e+01 2.11477898e+00
 4.59029055e+01 2.11477898e+00
 4.59029055e+01 2.11477898e+00
 4.59029055e+01 2.11477898e+00
 4.59029055e+01 2.11477898e+00
 4.59029055e+01 2.11477898e+00
 4.59029055e+01 2.11477898e+00
 4.59029055e+01 2.11477898e+00
 4.59029055e+01 2.11477898e+00
 4.59029055e+01 2.11477898e+00
 4.59029055e+01 2.11477898e+00
 4.59029055e+01 2.11477898e+00
 4.59029055e+01 2.11477898e+00
 4.59029055e+01 2.11477898e+00
