 0.00000000e+00 0.00000000e+00
 0.00000000e+00 0.00000000e+00
 0.00000000e+00 0.00000000e+00
 0.00000000e+00 0.00000000e+00
 0.00000000e+00 0.00000000e+00
 0.00000000e+00 0.00000000e+00
 0.00000000e+00 0.00000000e+00
 0.00000000e+00 0.00000000e+00
 0.00000000e+00 0.00000000e+00
 0.00000000e+00 0.00000000e+00
 0.00000000e+00 0.00000000e+00
 0.00000000e+00 0.00000000e+00
 0.00000000e+00 0.00000000e+00
 0.00000000e+00 0.00000000e+00
 -2.02744613e-01 -1.54728328e-01
 -4.77796212e-01 -3.95149941e-01
 -8.16293627e-01 -7.37995763e-01
 -1.20531321e+00 -1.19620657e+00
 -1.63268607e+00 -1.77931751e+00
 -2.08865938e+00 -2.49356955e+00
 -2.56561884e+00 -3.34186090e+00
 -3.05714851e+00 -4.32405624e+00
 -3.55700914e+00 -5.43773372e+00
 -4.05866001e+00 -6.67899298e+00
 -4.55563180e+00 -8.04295642e+00
 -5.04225784e+00 -9.52381798e+00
 -5.51397743e+00 -1.11141794e+01
 -5.96672262e+00 -1.28032218e+01
 -6.39536598e+00 -1.45739190e+01
 -6.79181768e+00 -1.64007863e+01
 -7.14387865e+00 -1.82499527e+01
 -7.43572950e+00 -2.00818511e+01
 -7.64978671e+00 -2.18549918e+01
 -7.76855081e+00 -2.35291577e+01
 -7.77551778e+00 -2.50678758e+01
 -7.65606357e+00 -2.64409375e+01
 -7.39963341e+00 -2.76268628e+01
 -7.00226640e+00 -2.86138804e+01
 -6.46702513e+00 -2.93982532e+01
 -5.80206364e+00 -2.99806767e+01
 -5.01850935e+00 -3.03629330e+01
 -4.12946070e+00 -3.05463195e+01
 -3.14924012e+00 -3.05316497e+01
 -2.09187301e+00 -3.03198762e+01
 -9.69238916e-01 -2.99128267e+01
 2.09746804e-01 -2.93140908e+01
 1.43823182e+00 -2.85301599e+01
 2.70956473e+00 -2.75715725e+01
 4.01580785e+00 -2.64534904e+01
 5.34712523e+00 -2.51952776e+01
 6.69158372e+00 -2.38192455e+01
 8.03496008e+00 -2.23492176e+01
 9.36072073e+00 -2.08095117e+01
 1.06505468e+01 -1.92243964e+01
 1.18855915e+01 -1.76175924e+01
 1.30483224e+01 -1.60115377e+01
 1.41244032e+01 -1.44268605e+01
 1.51038510e+01 -1.28828820e+01
 1.59809844e+01 -1.13991889e+01
 1.67533828e+01 -9.99708615e+00
 1.74207530e+01 -8.69947710e+00
 1.79845125e+01 -7.52876401e+00
 1.84479604e+01 -6.50369854e+00
 1.88162250e+01 -5.63675334e+00
 1.90955888e+01 -4.93334387e+00
 1.92925346e+01 -4.39334338e+00
 1.94127167e+01 -4.01413024e+00
 1.94596194e+01 -3.79350210e+00
 1.94334875e+01 -3.73097625e+00
 1.93322577e+01 -3.82735810e+00
 1.91546614e+01 -4.08376437e+00
 1.89026030e+01 -4.50118543e+00
 1.85805136e+01 -5.08045940e+00
 1.81933661e+01 -5.82159283e+00
 1.77463396e+01 -6.72157845e+00
 1.72463165e+01 -7.77131943e+00
 1.67030777e+01 -8.95386975e+00
 1.61287943e+01 -1.02458258e+01
 1.55364296e+01 -1.16210789e+01
 1.49386617e+01 -1.30540596e+01
 1.43482332e+01 -1.45203932e+01
 1.37791402e+01 -1.59954593e+01
 1.32473186e+01 -1.74529749e+01
 1.27700975e+01 -1.88651611e+01
 1.23646903e+01 -2.02044006e+01
 1.20464157e+01 -2.14452809e+01
 1.18273838e+01 -2.25660626e+01
 1.17162872e+01 -2.35492351e+01
 1.17193962e+01 -2.43812873e+01
 1.18420821e+01 -2.50519147e+01
 1.20899185e+01 -2.55526094e+01
 1.24688197e+01 -2.58746651e+01
 1.29842944e+01 -2.60077018e+01
 1.36403322e+01 -2.59405112e+01
 1.44384365e+01 -2.56644439e+01
 1.53769449e+01 -2.51771586e+01
 1.64505447e+01 -2.44845146e+01
 1.76498638e+01 -2.36004952e+01
 1.89608287e+01 -2.25463943e+01
 2.03634811e+01 -2.13502013e+01
 2.18306309e+01 -2.00462802e+01
 2.33275415e+01 -1.86745051e+01
 2.48139691e+01 -1.72775204e+01
 2.62493462e+01 -1.58956777e+01
 2.76008242e+01 -1.45609178e+01
 2.88519848e+01 -1.32917473e+01
 3.00078112e+01 -1.20912910e+01
 3.10914983e+01 -1.09496182e+01
 3.21333400e+01 -9.84977084e+00
 3.31583957e+01 -8.77468617e+00
 3.41805525e+01 -7.71173921e+00
 3.52043260e+01 -6.65368644e+00
 3.62297718e+01 -5.59724705e+00
 3.72560301e+01 -4.54124008e+00
 3.82825557e+01 -3.48532691e+00
 3.93091457e+01 -2.42943015e+00
 4.03357474e+01 -1.37353570e+00
 4.13623506e+01 -3.17641628e-01
 4.23889527e+01 7.38250986e-01
 4.34155412e+01 1.79412967e+00
 4.44420269e+01 2.84990269e+00
 4.54679015e+01 3.90504702e+00
 4.64909213e+01 4.95725527e+00
 4.75034613e+01 5.99868463e+00
 4.84857122e+01 7.00896063e+00
 4.93989428e+01 7.94824718e+00
 5.01880092e+01 8.75982689e+00
 5.08005497e+01 9.38984413e+00
 5.08005497e+01 9.38984413e+00
 5.08005497e+01 9.38984413e+00
 5.08005497e+01 9.38984413e+00
 5.08005497e+01 9.38984413e+00
 5.08005497e+01 9.38984413e+00
 5.08005497e+01 9.38984413e+00
 5.08005497e+01 9.38984413e+00
 5.08005497e+01 9.38984413e+00
 5.08005497e+01 9.38984413e+00
 5.08005497e+01 9.38984413e+00
 5.08005497e+01 9.38984413e+00
 5.08005497e+01 9.38984413e+00
 5.08005497e+01 9.38984413e+00
 5.08005497e+01 9.38984413e+00
 5.08005497e+01 9.38984413e+00
 5.08005497e+01 9.38984413e+00
 5.08005497e+01 9.38984413e+00
 5.08005497e+01 9.38984413e+00
 5.08005497e+01 9.38984413e+00
 5.08005497e+01 9.38984413e+00
 5.08005497e+01 9.38984413e+00
 5.08005497e+01 9.38984413e+00
 5.08005497e+01 9.38984413e+00
 5.08005497e+01 9.38984413e+00
 5.08005497e+01 9.38984413e+00
 5.08005497e+01 9.38984413e+00
 5.08005497e+01 9.38984413e+00
 5.08005497e+01 9.38984413e+00
 5.08005497e+01 9.38984413e+00
 5.08005497e+01 9.38984413e+00
 5.08005497e+01 9.38984413e+00
 5.08005497e+01 9.38984413e+00
 5.08005497e+01 9.38984413e+00
 5.08005497e+01 9.38984413e+00
 5.08005497e+01 9.38984413e+00
 5.08005497e+01 9.38984413e+00
 5.08005497e+01 9.38984413e+00
 5.08005497e+01 9.38984413e+00
