 0.00000000e+00 0.00000000e+00
 0.00000000e+00 0.00000000e+00
 0.00000000e+00 0.00000000e+00
 0.00000000e+00 0.00000000e+00
 0.00000000e+00 0.00000000e+00
 0.00000000e+00 0.00000000e+00
 0.00000000e+00 0.00000000e+00
 0.00000000e+00 0.00000000e+00
 0.00000000e+00 0.00000000e+00
 0.00000000e+00 0.00000000e+00
 0.00000000e+00 0.00000000e+00
 0.00000000e+00 0.00000000e+00
 0.00000000e+00 0.00000000e+00
 0.00000000e+00 0.00000000e+00
 0.00000000e+00 0.00000000e+00
 0.00000000e+00 0.00000000e+00
 0.00000000e+00 0.00000000e+00
 0.00000000e+00 0.00000000e+00
 0.00000000e+00 0.00000000e+00
 -1.10867045e-01 -2.87160444e-02
 -2.68302182e-01 -8.60903570e-02
 -4.74560849e-01 -1.88173479e-01
 -7.31280988e-01 -3.54190955e-01
 -1.04073958e+00 -6.06184165e-01
 -1.40468124e+00 -9.68081432e-01
 -1.82197472e+00 -1.46361044e+00
 -2.28685943e+00 -2.11353002e+00
 -2.78848671e+00 -2.93312799e+00
 -3.31154090e+00 -3.93027795e+00
 -3.83754738e+00 -5.10383072e+00
 -4.34642044e+00 -6.44244362e+00
 -4.81761000e+00 -7.92422627e+00
 -5.23044753e+00 -9.51729289e+00
 -5.56413934e+00 -1.11811522e+01
 -5.79837668e+00 -1.28690919e+01
 -5.91487766e+00 -1.45316221e+01
 -5.89904790e+00 -1.61204289e+01
 -5.74082519e+00 -1.75919151e+01
 -5.43473810e+00 -1.89097314e+01
 -4.97983614e+00 -2.00462533e+01
 -4.37969673e+00 -2.09831305e+01
 -3.64206424e+00 -2.17107886e+01
 -2.77781000e+00 -2.22266714e+01
 -1.79952780e+00 -2.25326198e+01
 -7.20309879e-01 -2.26324606e+01
 4.46981776e-01 -2.25306273e+01
 1.68977040e+00 -2.22318795e+01
 2.99508966e+00 -2.17419406e+01
 4.34862906e+00 -2.10689443e+01
 5.73422746e+00 -2.02251917e+01
 7.13393503e+00 -1.92282476e+01
 8.52821117e+00 -1.81007492e+01
 9.89620077e+00 -1.68692726e+01
 1.12164323e+01 -1.55630595e+01
 1.24679549e+01 -1.42129643e+01
 1.36315842e+01 -1.28504067e+01
 1.46910243e+01 -1.15061719e+01
 1.56337294e+01 -1.02093295e+01
 1.64513617e+01 -8.98654447e+00
 1.71399326e+01 -7.86151761e+00
 1.76999653e+01 -6.85404450e+00
 1.81367284e+01 -5.97862534e+00
 1.84600626e+01 -5.24318901e+00
 1.86833820e+01 -4.64875476e+00
 1.88218628e+01 -4.19066383e+00
 1.88898983e+01 -3.86144460e+00
 1.88981298e+01 -3.65454118e+00
 1.88513929e+01 -3.56738834e+00
 1.87491312e+01 -3.60233113e+00
 1.85880019e+01 -3.76503959e+00
 1.83648174e+01 -4.06160756e+00
 1.80787008e+01 -4.49601398e+00
 1.77325923e+01 -5.06861727e+00
 1.73341657e+01 -5.77507146e+00
 1.68957744e+01 -6.60496287e+00
 1.64333350e+01 -7.54058593e+00
 1.59645444e+01 -8.55723829e+00
 1.55070658e+01 -9.62589338e+00
 1.50772929e+01 -1.07173024e+01
 1.46898297e+01 -1.18053402e+01
 1.43571738e+01 -1.28681235e+01
 1.40889940e+01 -1.38872461e+01
 1.38910446e+01 -1.48465913e+01
 1.37646438e+01 -1.57319181e+01
 1.37077871e+01 -1.65313445e+01
 1.37174736e+01 -1.72360250e+01
 1.37910759e+01 -1.78403388e+01
 1.39257461e+01 -1.83414162e+01
 1.41179622e+01 -1.87381435e+01
 1.43652548e+01 -1.90297971e+01
 1.46687197e+01 -1.92146299e+01
 1.50336633e+01 -1.92892156e+01
 1.54680113e+01 -1.92493717e+01
 1.59799044e+01 -1.90923773e+01
 1.65755146e+01 -1.88189846e+01
 1.72574280e+01 -1.84340280e+01
 1.80239860e+01 -1.79458950e+01
 1.88700667e+01 -1.73656782e+01
 1.97893591e+01 -1.67061011e+01
 2.07773347e+01 -1.59798843e+01
 2.18332464e+01 -1.51978393e+01
 2.29593614e+01 -1.43678090e+01
 2.41570539e+01 -1.34955555e+01
 2.54216300e+01 -1.25874764e+01
 2.67386612e+01 -1.16535740e+01
 2.80831956e+01 -1.07089569e+01
 2.94211717e+01 -9.77342542e+00
 3.07118694e+01 -8.86993089e+00
 3.19113478e+01 -8.02268294e+00
 3.29776625e+01 -7.25468482e+00
 3.38778506e+01 -6.58402352e+00
 3.45950601e+01 -6.01939387e+00
 3.51336721e+01 -5.55687904e+00
 3.55206570e+01 -5.18002478e+00
 3.58011234e+01 -4.86379430e+00
 3.60266783e+01 -4.58131377e+00
 3.62400784e+01 -4.31084928e+00
 3.64649111e+01 -4.03979804e+00
 3.67063635e+01 -3.76405096e+00
 3.69598543e+01 -3.48428723e+00
 3.72193910e+01 -3.20236781e+00
 3.74811909e+01 -2.91961067e+00
 3.77436387e+01 -2.63660768e+00
 3.80062299e+01 -2.35354929e+00
 3.82688457e+01 -2.07048125e+00
 3.85314648e+01 -1.78741193e+00
 3.87940839e+01 -1.50434286e+00
 3.90566996e+01 -1.22127751e+00
 3.93192890e+01 -9.38240484e-01
 3.95817220e+01 -6.55372006e-01
 3.98434248e+01 -3.73290645e-01
 4.01024466e+01 -9.40989439e-02
 4.03537201e+01 1.76741006e-01
 4.05873372e+01 4.28549740e-01
 4.07891914e+01 6.46122172e-01
 4.09458878e+01 8.15020411e-01
 4.09458878e+01 8.15020411e-01
 4.09458878e+01 8.15020411e-01
 4.09458878e+01 8.15020411e-01
 4.09458878e+01 8.15020411e-01
 4.09458878e+01 8.15020411e-01
 4.09458878e+01 8.15020411e-01
 4.09458878e+01 8.15020411e-01
 4.09458878e+01 8.15020411e-01
 4.09458878e+01 8.15020411e-01
 4.09458878e+01 8.15020411e-01
 4.09458878e+01 8.15020411e-01
 4.09458878e+01 8.15020411e-01
 4.09458878e+01 8.15020411e-01
 4.09458878e+01 8.15020411e-01
 4.09458878e+01 8.15020411e-01
 4.09458878e+01 8.15020411e-01
 4.09458878e+01 8.15020411e-01
 4.09458878e+01 8.15020411e-01
 4.09458878e+01 8.15020411e-01
 4.09458878e+01 8.15020411e-01
 4.09458878e+01 8.15020411e-01
 4.09458878e+01 8.15020411e-01
 4.09458878e+01 8.15020411e-01
 4.09458878e+01 8.15020411e-01
 4.09458878e+01 8.15020411e-01
 4.09458878e+01 8.15020411e-01
 4.09458878e+01 8.15020411e-01
 4.09458878e+01 8.15020411e-01
 4.09458878e+01 8.15020411e-01
 4.09458878e+01 8.15020411e-01
