 0.00000000e+00 0.00000000e+00
 0.00000000e+00 0.00000000e+00
 0.00000000e+00 0.00000000e+00
 0.00000000e+00 0.00000000e+00
 0.00000000e+00 0.00000000e+00
 0.00000000e+00 0.00000000e+00
 0.00000000e+00 0.00000000e+00
 0.00000000e+00 0.00000000e+00
 0.00000000e+00 0.00000000e+00
 0.00000000e+00 0.00000000e+00
 0.00000000e+00 0.00000000e+00
 0.00000000e+00 0.00000000e+00
 -9.13544646e-02 1.24315125e-02
 -2.16880448e-01 2.30191265e-02
 -3.76182680e-01 2.25987653e-02
 -5.70739946e-01 -1.90378103e-03
 -8.06535550e-01 -6.70461212e-02
 -1.09345326e+00 -1.92547826e-01
 -1.44221887e+00 -4.00604168e-01
 -1.86084736e+00 -7.14847331e-01
 -2.35232022e+00 -1.15925737e+00
 -2.91410491e+00 -1.75693614e+00
 -3.53875397e+00 -2.52841722e+00
 -4.21423184e+00 -3.48938620e+00
 -4.92344761e+00 -4.64799987e+00
 -5.64394354e+00 -6.00224280e+00
 -6.34908929e+00 -7.53796733e+00
 -7.01082171e+00 -9.22832735e+00
 -7.60251565e+00 -1.10349201e+01
 -8.10074272e+00 -1.29102979e+01
 -8.48595798e+00 -1.48014471e+01
 -8.74288354e+00 -1.66542008e+01
 -8.86117958e+00 -1.84182476e+01
 -8.83643804e+00 -2.00516313e+01
 -8.67081079e+00 -2.15236351e+01
 -8.37232627e+00 -2.28156921e+01
 -7.95286463e+00 -2.39204579e+01
 -7.42575754e+00 -2.48393108e+01
 -6.80363942e+00 -2.55787475e+01
 -6.09653433e+00 -2.61463785e+01
 -5.31054740e+00 -2.65473476e+01
 -4.44783544e+00 -2.67820788e+01
 -3.50771949e+00 -2.68460336e+01
 -2.48811961e+00 -2.67314346e+01
 -1.38699906e+00 -2.64301242e+01
 -2.04183265e-01 -2.59364756e+01
 1.05645037e+00 -2.52496189e+01
 2.38533531e+00 -2.43748485e+01
 3.76710347e+00 -2.33244085e+01
 5.18192346e+00 -2.21177135e+01
 6.60739081e+00 -2.07808294e+01
 8.02027769e+00 -1.93451434e+01
 9.39793933e+00 -1.78455337e+01
 1.07192659e+01 -1.63185650e+01
 1.19651115e+01 -1.48010416e+01
 1.31183968e+01 -1.33289692e+01
 1.41642315e+01 -1.19367462e+01
 1.50903093e+01 -1.06560305e+01
 1.58876876e+01 -9.51367821e+00
 1.65518804e+01 -8.52902779e+00
 1.70839247e+01 -7.71176332e+00
 1.74909849e+01 -7.06140178e+00
 1.77861799e+01 -6.56847350e+00
 1.79871405e+01 -6.21695850e+00
 1.81126056e+01 -5.98768083e+00
 1.81776378e+01 -5.86245812e+00
 1.81902279e+01 -5.82833788e+00
 1.81516869e+01 -5.88036288e+00
 1.80597828e+01 -6.02127747e+00
 1.79115317e+01 -6.25844059e+00
 1.77042344e+01 -6.60016946e+00
 1.74357330e+01 -7.05325496e+00
 1.71051218e+01 -7.62143227e+00
 1.67140238e+01 -8.30397924e+00
 1.62676700e+01 -9.09463505e+00
 1.57749781e+01 -9.98179957e+00
 1.52475202e+01 -1.09503671e+01
 1.46979914e+01 -1.19842671e+01
 1.41389466e+01 -1.30683400e+01
 1.35822535e+01 -1.41889609e+01
 1.30391314e+01 -1.53337417e+01
 1.25201072e+01 -1.64908512e+01
 1.20345183e+01 -1.76483717e+01
 1.15901014e+01 -1.87940537e+01
 1.11932516e+01 -1.99155795e+01
 1.08495272e+01 -2.10009565e+01
 1.05635376e+01 -2.20385831e+01
 1.03380683e+01 -2.30171014e+01
 1.01729913e+01 -2.39256369e+01
 1.00647688e+01 -2.47546714e+01
 1.00076619e+01 -2.54970048e+01
 9.99713404e+00 -2.61481246e+01
 1.00335723e+01 -2.67060200e+01
 1.01231538e+01 -2.71708569e+01
 1.02755423e+01 -2.75443658e+01
 1.05018790e+01 -2.78282992e+01
 1.08155947e+01 -2.80217602e+01
 1.12343762e+01 -2.81181711e+01
 1.17801912e+01 -2.81035009e+01
 1.24764617e+01 -2.79575271e+01
 1.33435779e+01 -2.76584889e+01
 1.43943036e+01 -2.71890535e+01
 1.56300657e+01 -2.65408762e+01
 1.70385470e+01 -2.57170658e+01
 1.85927416e+01 -2.47333949e+01
 2.02514942e+01 -2.36183887e+01
 2.19615735e+01 -2.24115662e+01
 2.36620008e+01 -2.11594341e+01
 2.52920637e+01 -1.99092992e+01
 2.68035040e+01 -1.87013098e+01
 2.81739134e+01 -1.75603484e+01
 2.94140815e+01 -1.64913051e+01
 3.05618965e+01 -1.54813710e+01
 3.16636513e+01 -1.45091273e+01
 3.27545686e+01 -1.35549742e+01
 3.38509937e+01 -1.26067791e+01
 3.49552266e+01 -1.16594672e+01
 3.60642958e+01 -1.07118324e+01
 3.71753791e+01 -9.76391723e+00
 3.82870776e+01 -8.81589346e+00
 3.93989182e+01 -7.86784148e+00
 4.05107839e+01 -6.91978417e+00
 4.16226531e+01 -5.97172620e+00
 4.27345210e+01 -5.02366944e+00
 4.38463743e+01 -4.07562517e+00
 4.49581164e+01 -3.12767578e+00
 4.60691964e+01 -2.18029088e+00
 4.71771848e+01 -1.23554219e+00
 4.82738228e+01 -3.00471573e-01
 4.93376559e+01 6.06627307e-01
 5.03267363e+01 1.44998672e+00
 5.11813398e+01 2.17868169e+00
 5.18447557e+01 2.74435674e+00
 5.18447557e+01 2.74435674e+00
 5.18447557e+01 2.74435674e+00
 5.18447557e+01 2.74435674e+00
 5.18447557e+01 2.74435674e+00
 5.18447557e+01 2.74435674e+00
 5.18447557e+01 2.74435674e+00
 5.18447557e+01 2.74435674e+00
 5.18447557e+01 2.74435674e+00
 5.18447557e+01 2.74435674e+00
 5.18447557e+01 2.74435674e+00
 5.18447557e+01 2.74435674e+00
 5.18447557e+01 2.74435674e+00
 5.18447557e+01 2.74435674e+00
 5.18447557e+01 2.74435674e+00
 5.18447557e+01 2.74435674e+00
 5.18447557e+01 2.74435674e+00
 5.18447557e+01 2.74435674e+00
 5.18447557e+01 2.74435674e+00
 5.18447557e+01 2.74435674e+00
 5.18447557e+01 2.74435674e+00
 5.18447557e+01 2.74435674e+00
 5.18447557e+01 2.74435674e+00
 5.18447557e+01 2.74435674e+00
 5.18447557e+01 2.74435674e+00
 5.18447557e+01 2.74435674e+00
 5.18447557e+01 2.74435674e+00
 5.18447557e+01 2.74435674e+00
 5.18447557e+01 2.74435674e+00
 5.18447557e+01 2.74435674e+00
 5.18447557e+01 2.74435674e+00
 5.18447557e+01 2.74435674e+00
 5.18447557e+01 2.74435674e+00
 5.18447557e+01 2.74435674e+00
