 0.00000000e+00 0.00000000e+00
 0.00000000e+00 0.00000000e+00
 0.00000000e+00 0.00000000e+00
 0.00000000e+00 0.00000000e+00
 0.00000000e+00 0.00000000e+00
 0.00000000e+00 0.00000000e+00
 0.00000000e+00 0.00000000e+00
 0.00000000e+00 0.00000000e+00
 0.00000000e+00 0.00000000e+00
 0.00000000e+00 0.00000000e+00
 0.00000000e+00 0.00000000e+00
 0.00000000e+00 0.00000000e+00
 0.00000000e+00 0.00000000e+00
 0.00000000e+00 0.00000000e+00
 0.00000000e+00 0.00000000e+00
 0.00000000e+00 0.00000000e+00
 -1.50386067e-01 -1.32211719e-01
 -3.48544871e-01 -3.44257032e-01
 -5.86634481e-01 -6.61064297e-01
 -8.57275637e-01 -1.10856389e+00
 -1.15678423e+00 -1.71168755e+00
 -1.48405517e+00 -2.49191655e+00
 -1.83761632e+00 -3.46489440e+00
 -2.21345505e+00 -4.63853784e+00
 -2.60421382e+00 -6.01221909e+00
 -2.99928957e+00 -7.57716933e+00
 -3.38558445e+00 -9.31743767e+00
 -3.74873628e+00 -1.12105118e+01
 -4.07429387e+00 -1.32270118e+01
 -4.34854866e+00 -1.53294203e+01
 -4.55946008e+00 -1.74708209e+01
 -4.69761874e+00 -1.95954554e+01
 -4.75577324e+00 -2.16422735e+01
 -4.72619874e+00 -2.35506954e+01
 -4.59824603e+00 -2.52663138e+01
 -4.35887645e+00 -2.67445760e+01
 -3.99533972e+00 -2.79521799e+01
 -3.49698442e+00 -2.88673028e+01
 -2.85540613e+00 -2.94795139e+01
 -2.06448239e+00 -2.97890134e+01
 -1.12142133e+00 -2.98046571e+01
 -2.86668832e-02 -2.95412170e+01
 1.20417281e+00 -2.90170118e+01
 2.55954511e+00 -2.82528953e+01
 4.01316811e+00 -2.72728236e+01
 5.53683617e+00 -2.61050809e+01
 7.10137368e+00 -2.47827131e+01
 8.67862682e+00 -2.33423859e+01
 1.02425688e+01 -2.18218781e+01
 1.17702250e+01 -2.02569519e+01
 1.32426777e+01 -1.86785570e+01
 1.46456447e+01 -1.71113451e+01
 1.59690073e+01 -1.55740139e+01
 1.72053525e+01 -1.40811350e+01
 1.83483389e+01 -1.26454769e+01
 1.93916984e+01 -1.12798525e+01
 2.03291237e+01 -9.99799441e+00
 2.11548971e+01 -8.81449935e+00
 2.18649838e+01 -7.74408680e+00
 2.24581803e+01 -6.80018989e+00
 2.29369576e+01 -5.99286971e+00
 2.33078429e+01 -5.32662100e+00
 2.35812155e+01 -4.79907779e+00
 2.37705457e+01 -4.40121646e+00
 2.38914274e+01 -4.11890263e+00
 2.39603626e+01 -3.93545275e+00
 2.39923806e+01 -3.83522636e+00
 2.39970283e+01 -3.80812485e+00
 2.39743150e+01 -3.85377054e+00
 2.39135824e+01 -3.98323552e+00
 2.37969872e+01 -4.21702548e+00
 2.36057565e+01 -4.58016459e+00
 2.33250372e+01 -5.09657236e+00
 2.29452082e+01 -5.78449449e+00
 2.24616326e+01 -6.65346311e+00
 2.18755422e+01 -7.70229959e+00
 2.11959102e+01 -8.91775741e+00
 2.04403935e+01 -1.02744873e+01
 1.96343409e+01 -1.17376077e+01
 1.88081514e+01 -1.32679093e+01
 1.79936113e+01 -1.48277145e+01
 1.72200056e+01 -1.63849438e+01
 1.65111301e+01 -1.79143834e+01
 1.58840854e+01 -1.93968197e+01
 1.53496594e+01 -2.08173542e+01
 1.49131264e+01 -2.21640541e+01
 1.45743124e+01 -2.34274400e+01
 1.43269406e+01 -2.46003385e+01
 1.41588706e+01 -2.56773372e+01
 1.40550317e+01 -2.66539999e+01
 1.40023425e+01 -2.75267930e+01
 1.39930522e+01 -2.82940288e+01
 1.40239544e+01 -2.89568402e+01
 1.40933227e+01 -2.95190243e+01
 1.41996245e+01 -2.99857189e+01
 1.43434616e+01 -3.03617660e+01
 1.45305705e+01 -3.06502752e+01
 1.47732277e+01 -3.08512093e+01
 1.50894326e+01 -3.09598580e+01
 1.55008185e+01 -3.09657135e+01
 1.60302605e+01 -3.08528118e+01
 1.66995190e+01 -3.06022785e+01
 1.75268609e+01 -3.01964136e+01
 1.85246524e+01 -2.96226169e+01
 1.96971926e+01 -2.88761312e+01
 2.10391267e+01 -2.79617824e+01
 2.25345103e+01 -2.68949644e+01
 2.41564498e+01 -2.57015960e+01
 2.58675177e+01 -2.44167922e+01
 2.76213883e+01 -2.30824356e+01
 2.93658075e+01 -2.17440582e+01
 3.10465427e+01 -2.04472294e+01
 3.26122879e+01 -1.92333130e+01
 3.40213625e+01 -1.81343757e+01
 3.52506918e+01 -1.71673424e+01
 3.63046192e+01 -1.63287589e+01
 3.72171881e+01 -1.55939313e+01
 3.80419812e+01 -1.49244421e+01
 3.88320790e+01 -1.42823752e+01
 3.96224928e+01 -1.36425787e+01
 4.04260557e+01 -1.29953946e+01
 4.12414321e+01 -1.23410581e+01
 4.20632949e+01 -1.16827304e+01
 4.28877106e+01 -1.10228266e+01
 4.37128811e+01 -1.03624573e+01
 4.45382224e+01 -9.70198288e+00
 4.53635935e+01 -9.04149014e+00
 4.61889685e+01 -8.38099500e+00
 4.70143429e+01 -7.72050050e+00
 4.78397064e+01 -7.06001468e+00
 4.86649873e+01 -6.39959496e+00
 4.94897768e+01 -5.73956851e+00
 5.03122712e+01 -5.08137867e+00
 5.11263399e+01 -4.42993137e+00
 5.19160565e+01 -3.79797149e+00
 5.26502818e+01 -3.21041777e+00
 5.32846807e+01 -2.70274876e+00
 5.37771551e+01 -2.30865287e+00
 5.37771551e+01 -2.30865287e+00
 5.37771551e+01 -2.30865287e+00
 5.37771551e+01 -2.30865287e+00
 5.37771551e+01 -2.30865287e+00
 5.37771551e+01 -2.30865287e+00
 5.37771551e+01 -2.30865287e+00
 5.37771551e+01 -2.30865287e+00
 5.37771551e+01 -2.30865287e+00
 5.37771551e+01 -2.30865287e+00
 5.37771551e+01 -2.30865287e+00
 5.37771551e+01 -2.30865287e+00
 5.37771551e+01 -2.30865287e+00
 5.37771551e+01 -2.30865287e+00
 5.37771551e+01 -2.30865287e+00
 5.37771551e+01 -2.30865287e+00
 5.37771551e+01 -2.30865287e+00
 5.37771551e+01 -2.30865287e+00
 5.37771551e+01 -2.30865287e+00
 5.37771551e+01 -2.30865287e+00
 5.37771551e+01 -2.30865287e+00
 5.37771551e+01 -2.30865287e+00
 5.37771551e+01 -2.30865287e+00
 5.37771551e+01 -2.30865287e+00
 5.37771551e+01 -2.30865287e+00
 5.37771551e+01 -2.30865287e+00
 5.37771551e+01 -2.30865287e+00
 5.37771551e+01 -2.30865287e+00
 5.37771551e+01 -2.30865287e+00
