 0.00000000e+00 0.00000000e+00
 0.00000000e+00 0.00000000e+00
 0.00000000e+00 0.00000000e+00
 0.00000000e+00 0.00000000e+00
 0.00000000e+00 0.00000000e+00
 0.00000000e+00 0.00000000e+00
 0.00000000e+00 0.00000000e+00
 0.00000000e+00 0.00000000e+00
 0.00000000e+00 0.00000000e+00
 0.00000000e+00 0.00000000e+00
 0.00000000e+00 0.00000000e+00
 0.00000000e+00 0.00000000e+00
 -7.28620603e-02 1.55366481e-02
 -1.70251295e-01 1.59958690e-02
 -2.89469466e-01 -2.21455432e-02
 -4.28568450e-01 -1.29258092e-01
 -5.87532824e-01 -3.37548429e-01
 -7.66721760e-01 -6.76327139e-01
 -9.64427431e-01 -1.16963793e+00
 -1.17531082e+00 -1.83551680e+00
 -1.38981992e+00 -2.68508302e+00
 -1.59408397e+00 -3.72115161e+00
 -1.77043937e+00 -4.93740855e+00
 -1.89918572e+00 -6.31896310e+00
 -1.96166579e+00 -7.84411375e+00
 -1.94379275e+00 -9.48649510e+00
 -1.83859349e+00 -1.12168608e+01
 -1.64681094e+00 -1.30043394e+01
 -1.37577360e+00 -1.48172894e+01
 -1.03745804e+00 -1.66236028e+01
 -6.46370165e-01 -1.83902895e+01
 -2.17237388e-01 -2.00830018e+01
 2.37569974e-01 -2.16668102e+01
 7.10563121e-01 -2.31087063e+01
 1.20103610e+00 -2.43806694e+01
 1.71577169e+00 -2.54614996e+01
 2.26806676e+00 -2.63366113e+01
 2.87519398e+00 -2.69964936e+01
 3.55535809e+00 -2.74350933e+01
 4.32520504e+00 -2.76486988e+01
 5.19795933e+00 -2.76351947e+01
 6.18189368e+00 -2.73936652e+01
 7.27938085e+00 -2.69247440e+01
 8.48694018e+00 -2.62321122e+01
 9.79606030e+00 -2.53249906e+01
 1.11939842e+01 -2.42206758e+01
 1.26638352e+01 -2.29458317e+01
 1.41844137e+01 -2.15357435e+01
 1.57306894e+01 -2.00316247e+01
 1.72755236e+01 -1.84767203e+01
 1.87920459e+01 -1.69122125e+01
 2.02555914e+01 -1.53738840e+01
 2.16445926e+01 -1.38901134e+01
 2.29408875e+01 -1.24812745e+01
 2.41304730e+01 -1.11603356e+01
 2.52048884e+01 -9.93439364e+00
 2.61620186e+01 -8.80674574e+00
 2.70050130e+01 -7.77900129e+00
 2.77395559e+01 -6.85276200e+00
 2.83711913e+01 -6.03047874e+00
 2.89042889e+01 -5.31524390e+00
 2.93427439e+01 -4.70956696e+00
 2.96911748e+01 -4.21365530e+00
 2.99555573e+01 -3.82429569e+00
 3.01433741e+01 -3.53551712e+00
 3.02635172e+01 -3.34126406e+00
 3.03249928e+01 -3.23878633e+00
 3.03336143e+01 -3.23056501e+00
 3.02887478e+01 -3.32335978e+00
 3.01839042e+01 -3.52526074e+00
 3.00115544e+01 -3.84335097e+00
 2.97678103e+01 -4.28335294e+00
 2.94534119e+01 -4.84974147e+00
 2.90723146e+01 -5.54435972e+00
 2.86308969e+01 -6.36418506e+00
 2.81383473e+01 -7.30060515e+00
 2.76069199e+01 -8.34107146e+00
 2.70513711e+01 -9.47156625e+00
 2.64879630e+01 -1.06779073e+01
 2.59334988e+01 -1.19454960e+01
 2.54043810e+01 -1.32585848e+01
 2.49156130e+01 -1.46001577e+01
 2.44800865e+01 -1.59525205e+01
 2.41084470e+01 -1.72979022e+01
 2.38089552e+01 -1.86184937e+01
 2.35864746e+01 -1.98961166e+01
 2.34410799e+01 -2.11122223e+01
 2.33682203e+01 -2.22486766e+01
 2.33612886e+01 -2.32890787e+01
 2.34147098e+01 -2.42198814e+01
 2.35252863e+01 -2.50307563e+01
 2.36922556e+01 -2.57142667e+01
 2.39179434e+01 -2.62652930e+01
 2.42090387e+01 -2.66805667e+01
 2.45768097e+01 -2.69583439e+01
 2.50354772e+01 -2.70979633e+01
 2.55997495e+01 -2.70991542e+01
 2.62829919e+01 -2.69615129e+01
 2.70964349e+01 -2.66847210e+01
 2.80484969e+01 -2.62694751e+01
 2.91431487e+01 -2.57186795e+01
 3.03773354e+01 -2.50388260e+01
 3.17385292e+01 -2.42417190e+01
 3.32035901e+01 -2.33459867e+01
 3.47394382e+01 -2.23770760e+01
 3.63054150e+01 -2.13649754e+01
 3.78574580e+01 -2.03403394e+01
 3.93549124e+01 -1.93302939e+01
 4.07698594e+01 -1.83546295e+01
 4.20952483e+01 -1.74228990e+01
 4.33455349e+01 -1.65337575e+01
 4.45473703e+01 -1.56777865e+01
 4.57262464e+01 -1.48427984e+01
 4.68981968e+01 -1.40185805e+01
 4.80697512e+01 -1.31988305e+01
 4.92421830e+01 -1.23805723e+01
 5.04151771e+01 -1.15627136e+01
 5.15883753e+01 -1.07449404e+01
 5.27616252e+01 -9.92718189e+00
 5.39348849e+01 -9.10942532e+00
 5.51081458e+01 -8.29166906e+00
 5.62814053e+01 -7.47391393e+00
 5.74546493e+01 -6.65616958e+00
 5.86277758e+01 -5.83850708e+00
 5.98002039e+01 -5.02133147e+00
 6.09693694e+01 -4.20642976e+00
 6.21265580e+01 -3.39987596e+00
 6.32491304e+01 -2.61744944e+00
 6.42928226e+01 -1.89000198e+00
 6.51946128e+01 -1.26145940e+00
 6.58946590e+01 -7.73531156e-01
 6.58946590e+01 -7.73531156e-01
 6.58946590e+01 -7.73531156e-01
 6.58946590e+01 -7.73531156e-01
 6.58946590e+01 -7.73531156e-01
 6.58946590e+01 -7.73531156e-01
 6.58946590e+01 -7.73531156e-01
 6.58946590e+01 -7.73531156e-01
 6.58946590e+01 -7.73531156e-01
 6.58946590e+01 -7.73531156e-01
 6.58946590e+01 -7.73531156e-01
 6.58946590e+01 -7.73531156e-01
 6.58946590e+01 -7.73531156e-01
 6.58946590e+01 -7.73531156e-01
 6.58946590e+01 -7.73531156e-01
 6.58946590e+01 -7.73531156e-01
 6.58946590e+01 -7.73531156e-01
 6.58946590e+01 -7.73531156e-01
 6.58946590e+01 -7.73531156e-01
 6.58946590e+01 -7.73531156e-01
 6.58946590e+01 -7.73531156e-01
 6.58946590e+01 -7.73531156e-01
 6.58946590e+01 -7.73531156e-01
 6.58946590e+01 -7.73531156e-01
 6.58946590e+01 -7.73531156e-01
 6.58946590e+01 -7.73531156e-01
 6.58946590e+01 -7.73531156e-01
 6.58946590e+01 -7.73531156e-01
 6.58946590e+01 -7.73531156e-01
 6.58946590e+01 -7.73531156e-01
 6.58946590e+01 -7.73531156e-01
 6.58946590e+01 -7.73531156e-01
 6.58946590e+01 -7.73531156e-01
 6.58946590e+01 -7.73531156e-01
 6.58946590e+01 -7.73531156e-01
 6.58946590e+01 -7.73531156e-01
