 0.00000000e+00 0.00000000e+00
 0.00000000e+00 0.00000000e+00
 0.00000000e+00 0.00000000e+00
 0.00000000e+00 0.00000000e+00
 0.00000000e+00 0.00000000e+00
 0.00000000e+00 0.00000000e+00
 0.00000000e+00 0.00000000e+00
 0.00000000e+00 0.00000000e+00
 0.00000000e+00 0.00000000e+00
 0.00000000e+00 0.00000000e+00
 0.00000000e+00 0.00000000e+00
 0.00000000e+00 0.00000000e+00
 0.00000000e+00 0.00000000e+00
 0.00000000e+00 0.00000000e+00
 0.00000000e+00 0.00000000e+00
 0.00000000e+00 0.00000000e+00
 7.96234891e-02 -1.23164766e-02
 1.62322715e-01 -5.65233292e-02
 2.29880118e-01 -1.53513499e-01
 2.68919198e-01 -3.25354824e-01
 2.75224736e-01 -5.94243647e-01
 2.52888175e-01 -9.81906936e-01
 2.10817841e-01 -1.50806606e+00
 1.58771585e-01 -2.18792267e+00
 1.04198217e-01 -3.02966337e+00
 5.12073781e-02 -4.03290110e+00
 1.87867302e-03 -5.18832044e+00
 -4.17284447e-02 -6.47823550e+00
 -7.67225731e-02 -7.87773833e+00
 -9.98315970e-02 -9.35643960e+00
 -1.07566094e-01 -1.08807636e+01
 -9.48968535e-02 -1.24162917e+01
 -5.36953215e-02 -1.39295724e+01
 2.67039874e-02 -1.53893168e+01
 1.56985009e-01 -1.67672062e+01
 3.46328413e-01 -1.80384740e+01
 6.03517525e-01 -1.91823574e+01
 9.38854050e-01 -2.01823712e+01
 1.36452028e+00 -2.10261314e+01
 1.89336236e+00 -2.17045742e+01
 2.53745851e+00 -2.22107384e+01
 3.30707776e+00 -2.25384113e+01
 4.20965121e+00 -2.26811571e+01
 5.24853551e+00 -2.26324639e+01
 6.42201434e+00 -2.23872400e+01
 7.72292696e+00 -2.19439238e+01
 9.13863860e+00 -2.13062458e+01
 1.06510384e+01 -2.04842337e+01
 1.22370604e+01 -1.94944001e+01
 1.38705891e+01 -1.83590038e+01
 1.55258413e+01 -1.71043136e+01
 1.71810906e+01 -1.57580871e+01
 1.88209792e+01 -1.43469277e+01
 2.04362264e+01 -1.28946247e+01
 2.20209634e+01 -1.14224733e+01
 2.35690306e+01 -9.95152233e+00
 2.50706233e+01 -8.50527146e+00
 2.65101755e+01 -7.11093430e+00
 2.78660408e+01 -5.79852901e+00
 2.91123013e+01 -4.59838943e+00
 3.02224987e+01 -3.53798103e+00
 3.11743264e+01 -2.63868873e+00
 3.19538909e+01 -1.91323184e+00
 3.25583372e+01 -1.36439127e+00
 3.29960653e+01 -9.85738465e-01
 3.32842374e+01 -7.64894030e-01
 3.34440781e+01 -6.88817537e-01
 3.34956365e+01 -7.48893844e-01
 3.34542430e+01 -9.43046399e-01
 3.33297315e+01 -1.27419035e+00
 3.31273877e+01 -1.74710322e+00
 3.28490578e+01 -2.36600751e+00
 3.24943355e+01 -3.13309740e+00
 3.20626151e+01 -4.04707742e+00
 3.15557309e+01 -5.10178479e+00
 3.09798024e+01 -6.28615676e+00
 3.03453842e+01 -7.58607578e+00
 2.96663357e+01 -8.98667519e+00
 2.89585759e+01 -1.04729767e+01
 2.82397035e+01 -1.20280348e+01
 2.75295909e+01 -1.36295999e+01
 2.68510282e+01 -1.52473841e+01
 2.62290947e+01 -1.68430069e+01
 2.56886126e+01 -1.83734612e+01
 2.52503105e+01 -1.97968588e+01
 2.49272152e+01 -2.10779045e+01
 2.47229180e+01 -2.21912330e+01
 2.46327375e+01 -2.31225785e+01
 2.46472966e+01 -2.38687385e+01
 2.47564574e+01 -2.44366507e+01
 2.49519577e+01 -2.48408165e+01
 2.52292426e+01 -2.50985651e+01
 2.55896084e+01 -2.52243552e+01
 2.60419543e+01 -2.52254916e+01
 2.66022860e+01 -2.51009759e+01
 2.72905074e+01 -2.48435629e+01
 2.81260497e+01 -2.44437409e+01
 2.91242482e+01 -2.38938364e+01
 3.02942283e+01 -2.31909383e+01
 3.16376998e+01 -2.23385282e+01
 3.31475460e+01 -2.13476020e+01
 3.48058594e+01 -2.02378410e+01
 3.65824603e+01 -1.90382907e+01
 3.84352811e+01 -1.77863705e+01
 4.03127021e+01 -1.65247492e+01
 4.21567418e+01 -1.52970346e+01
 4.39066904e+01 -1.41437630e+01
 4.55043634e+01 -1.30991297e+01
 4.69025100e+01 -1.21873915e+01
 4.80763979e+01 -1.14179266e+01
 4.90351214e+01 -1.07803813e+01
 4.98246263e+01 -1.02444018e+01
 5.05146664e+01 -9.76799368e+00
 5.11727461e+01 -9.31216418e+00
 5.18414448e+01 -8.85272898e+00
 5.25338687e+01 -8.38195871e+00
 5.32451640e+01 -7.90192271e+00
 5.39663872e+01 -7.41699250e+00
 5.46914360e+01 -6.93017928e+00
 5.54176019e+01 -6.44281783e+00
 5.61440188e+01 -5.95533370e+00
 5.68704792e+01 -5.46782831e+00
 5.75969454e+01 -4.98032010e+00
 5.83234112e+01 -4.49281226e+00
 5.90498675e+01 -4.00531083e+00
 5.97762512e+01 -3.51785818e+00
 6.05022022e+01 -3.03069580e+00
 6.12261332e+01 -2.54488901e+00
 6.19426483e+01 -2.06405886e+00
 6.26377294e+01 -1.59761228e+00
 6.32839690e+01 -1.16394168e+00
 6.38423449e+01 -7.89233605e-01
 6.42758038e+01 -4.98353305e-01
 6.42758038e+01 -4.98353305e-01
 6.42758038e+01 -4.98353305e-01
 6.42758038e+01 -4.98353305e-01
 6.42758038e+01 -4.98353305e-01
 6.42758038e+01 -4.98353305e-01
 6.42758038e+01 -4.98353305e-01
 6.42758038e+01 -4.98353305e-01
 6.42758038e+01 -4.98353305e-01
 6.42758038e+01 -4.98353305e-01
 6.42758038e+01 -4.98353305e-01
 6.42758038e+01 -4.98353305e-01
 6.42758038e+01 -4.98353305e-01
 6.42758038e+01 -4.98353305e-01
 6.42758038e+01 -4.98353305e-01
 6.42758038e+01 -4.98353305e-01
 6.42758038e+01 -4.98353305e-01
 6.42758038e+01 -4.98353305e-01
 6.42758038e+01 -4.98353305e-01
 6.42758038e+01 -4.98353305e-01
 6.42758038e+01 -4.98353305e-01
 6.42758038e+01 -4.98353305e-01
 6.42758038e+01 -4.98353305e-01
 6.42758038e+01 -4.98353305e-01
 6.42758038e+01 -4.98353305e-01
 6.42758038e+01 -4.98353305e-01
 6.42758038e+01 -4.98353305e-01
 6.42758038e+01 -4.98353305e-01
 6.42758038e+01 -4.98353305e-01
 6.42758038e+01 -4.98353305e-01
 6.42758038e+01 -4.98353305e-01
 6.42758038e+01 -4.98353305e-01
 6.42758038e+01 -4.98353305e-01
 6.42758038e+01 -4.98353305e-01
