 0.00000000e+00 0.00000000e+00
 0.00000000e+00 0.00000000e+00
 0.00000000e+00 0.00000000e+00
 0.00000000e+00 0.00000000e+00
 0.00000000e+00 0.00000000e+00
 0.00000000e+00 0.00000000e+00
 0.00000000e+00 0.00000000e+00
 0.00000000e+00 0.00000000e+00
 0.00000000e+00 0.00000000e+00
 0.00000000e+00 0.00000000e+00
 1.11763738e-01 9.53145092e-02
 2.30441919e-01 2.12366440e-01
 3.35177153e-01 3.36603731e-01
 4.14834914e-01 4.52294310e-01
 4.71641462e-01 5.46866650e-01
 5.14967964e-01 6.10277360e-01
 5.52891636e-01 6.29801484e-01
 5.88551169e-01 5.84311465e-01
 6.21143491e-01 4.42996559e-01
 6.47742310e-01 1.69938546e-01
 6.64337522e-01 -2.69093383e-01
 6.66790005e-01 -9.02061794e-01
 6.52060791e-01 -1.74892623e+00
 6.19428401e-01 -2.82039880e+00
 5.71240935e-01 -4.11557011e+00
 5.12648419e-01 -5.61925540e+00
 4.50460068e-01 -7.30135392e+00
 3.92059486e-01 -9.11972649e+00
 3.44779856e-01 -1.10256604e+01
 3.15555721e-01 -1.29691202e+01
 3.11293925e-01 -1.49016335e+01
 3.40320216e-01 -1.67771350e+01
 4.13478094e-01 -1.85526805e+01
 5.43033120e-01 -2.01902151e+01
 7.40012095e-01 -2.16588623e+01
 1.01249283e+00 -2.29365136e+01
 1.36605581e+00 -2.40100906e+01
 1.80533921e+00 -2.48745250e+01
 2.33509037e+00 -2.55307623e+01
 2.96005923e+00 -2.59833007e+01
 3.68419901e+00 -2.62378273e+01
 4.51010317e+00 -2.62993111e+01
 5.43906230e+00 -2.61708797e+01
 6.47111555e+00 -2.58539254e+01
 7.60429423e+00 -2.53496102e+01
 8.83322256e+00 -2.46612643e+01
 1.01480550e+01 -2.37966044e+01
 1.15343833e+01 -2.27688061e+01
 1.29738908e+01 -2.15962642e+01
 1.44453264e+01 -2.03015989e+01
 1.59258569e+01 -1.89104062e+01
 1.73930568e+01 -1.74497544e+01
 1.88272658e+01 -1.59463025e+01
 2.02134630e+01 -1.44243770e+01
 2.15418794e+01 -1.29048696e+01
 2.28070489e+01 -1.14056956e+01
 2.40054730e+01 -9.94370916e+00
 2.51326575e+01 -8.53705217e+00
 2.61809340e+01 -7.20659596e+00
 2.71393328e+01 -5.97551056e+00
 2.79955000e+01 -4.86687548e+00
 2.87384419e+01 -3.90031832e+00
 2.93607940e+01 -3.08916507e+00
 2.98600552e+01 -2.43893644e+00
 3.02391047e+01 -1.94694259e+00
 3.05066721e+01 -1.60256321e+00
 3.06774624e+01 -1.38892372e+00
 3.07701481e+01 -1.28757016e+00
 3.08021396e+01 -1.28601845e+00
 3.07834070e+01 -1.38434594e+00
 3.07136653e+01 -1.59617576e+00
 3.05846079e+01 -1.94377241e+00
 3.03845534e+01 -2.45150064e+00
 3.01021795e+01 -3.14132806e+00
 2.97287787e+01 -4.03030020e+00
 2.92600845e+01 -5.12812541e+00
 2.86978388e+01 -6.43440294e+00
 2.80504832e+01 -7.93688776e+00
 2.73328102e+01 -9.61212200e+00
 2.65649510e+01 -1.14280481e+01
 2.57710981e+01 -1.33468761e+01
 2.49780629e+01 -1.53269234e+01
 2.42135138e+01 -1.73236711e+01
 2.35039500e+01 -1.92910790e+01
 2.28728480e+01 -2.11836721e+01
 2.23392370e+01 -2.29591711e+01
 2.19165473e+01 -2.45812976e+01
 2.16117664e+01 -2.60223874e+01
 2.14255118e+01 -2.72651131e+01
 2.13536482e+01 -2.83025140e+01
 2.13901332e+01 -2.91361235e+01
 2.15297241e+01 -2.97727650e+01
 2.17694495e+01 -3.02210010e+01
 2.21089492e+01 -3.04882700e+01
 2.25501872e+01 -3.05794977e+01
 2.30965764e+01 -3.04974122e+01
 2.37514031e+01 -3.02441515e+01
 2.45156416e+01 -2.98233965e+01
 2.53854667e+01 -2.92423494e+01
 2.63502705e+01 -2.85132607e+01
 2.73923347e+01 -2.76544636e+01
 2.84884870e+01 -2.66907223e+01
 2.96127090e+01 -2.56524226e+01
 3.07384159e+01 -2.45734906e+01
 3.18399690e+01 -2.34887159e+01
 3.28935745e+01 -2.24313530e+01
 3.38777145e+01 -2.14312996e+01
 3.47733776e+01 -2.05137269e+01
 3.55648597e+01 -1.96979021e+01
 3.62421002e+01 -1.89956340e+01
 3.68045533e+01 -1.84087009e+01
 3.72647167e+01 -1.79258880e+01
 3.76480452e+01 -1.75225449e+01
 3.79869353e+01 -1.71659617e+01
 3.83106250e+01 -1.68257085e+01
 3.86371264e+01 -1.64825916e+01
 3.89722220e+01 -1.61302773e+01
 3.93143695e+01 -1.57703390e+01
 3.96602646e+01 -1.54063236e+01
 4.00076106e+01 -1.50407226e+01
 4.03553815e+01 -1.46746557e+01
 4.07032479e+01 -1.43084837e+01
 4.10511310e+01 -1.39422933e+01
 4.13990163e+01 -1.35761006e+01
 4.17469014e+01 -1.32099081e+01
 4.20947818e+01 -1.28437204e+01
 4.24426275e+01 -1.24775693e+01
 4.27902661e+01 -1.21116363e+01
 4.31369373e+01 -1.17467215e+01
 4.34800571e+01 -1.13855449e+01
 4.38129129e+01 -1.10351726e+01
 4.41223798e+01 -1.07094200e+01
 4.43897710e+01 -1.04279573e+01
 4.45973429e+01 -1.02094619e+01
 4.45973429e+01 -1.02094619e+01
 4.45973429e+01 -1.02094619e+01
 4.45973429e+01 -1.02094619e+01
 4.45973429e+01 -1.02094619e+01
 4.45973429e+01 -1.02094619e+01
 4.45973429e+01 -1.02094619e+01
 4.45973429e+01 -1.02094619e+01
 4.45973429e+01 -1.02094619e+01
 4.45973429e+01 -1.02094619e+01
 4.45973429e+01 -1.02094619e+01
 4.45973429e+01 -1.02094619e+01
 4.45973429e+01 -1.02094619e+01
 4.45973429e+01 -1.02094619e+01
 4.45973429e+01 -1.02094619e+01
 4.45973429e+01 -1.02094619e+01
 4.45973429e+01 -1.02094619e+01
 4.45973429e+01 -1.02094619e+01
 4.45973429e+01 -1.02094619e+01
 4.45973429e+01 -1.02094619e+01
 4.45973429e+01 -1.02094619e+01
 4.45973429e+01 -1.02094619e+01
 4.45973429e+01 -1.02094619e+01
 4.45973429e+01 -1.02094619e+01
 4.45973429e+01 -1.02094619e+01
 4.45973429e+01 -1.02094619e+01
 4.45973429e+01 -1.02094619e+01
 4.45973429e+01 -1.02094619e+01
 4.45973429e+01 -1.02094619e+01
 4.45973429e+01 -1.02094619e+01
 4.45973429e+01 -1.02094619e+01
 4.45973429e+01 -1.02094619e+01
 4.45973429e+01 -1.02094619e+01
