 0.00000000e+00 0.00000000e+00
 0.00000000e+00 0.00000000e+00
 0.00000000e+00 0.00000000e+00
 0.00000000e+00 0.00000000e+00
 0.00000000e+00 0.00000000e+00
 0.00000000e+00 0.00000000e+00
 0.00000000e+00 0.00000000e+00
 0.00000000e+00 0.00000000e+00
 0.00000000e+00 0.00000000e+00
 0.00000000e+00 0.00000000e+00
 0.00000000e+00 0.00000000e+00
 -6.73240582e-02 -3.97685970e-02
 -1.57363537e-01 -1.19659452e-01
 -2.66335271e-01 -2.60562593e-01
 -3.90044026e-01 -4.84147981e-01
 -5.26831975e-01 -8.10965806e-01
 -6.78750096e-01 -1.25989655e+00
 -8.50482362e-01 -1.84791424e+00
 -1.04698374e+00 -2.58904744e+00
 -1.27138912e+00 -3.49254556e+00
 -1.52418199e+00 -4.56129251e+00
 -1.80350030e+00 -5.79153587e+00
 -2.10567245e+00 -7.17402161e+00
 -2.42516473e+00 -8.69555229e+00
 -2.75396407e+00 -1.03398153e+01
 -3.08107639e+00 -1.20870735e+01
 -3.39264609e+00 -1.39131899e+01
 -3.67275182e+00 -1.57888777e+01
 -3.90473823e+00 -1.76798805e+01
 -4.07259872e+00 -1.95481529e+01
 -4.16152151e+00 -2.13535997e+01
 -4.15734589e+00 -2.30560522e+01
 -4.04610462e+00 -2.46175278e+01
 -3.81476284e+00 -2.60046601e+01
 -3.45230944e+00 -2.71906744e+01
 -2.94966782e+00 -2.81561338e+01
 -2.29876311e+00 -2.88881315e+01
 -1.49248438e+00 -2.93784623e+01
 -5.26340646e-01 -2.96219511e+01
 5.99020692e-01 -2.96158776e+01
 1.87591795e+00 -2.93605854e+01
 3.28922699e+00 -2.88607518e+01
 4.81706157e+00 -2.81267203e+01
 6.43176713e+00 -2.71755238e+01
 8.10133051e+00 -2.60313451e+01
 9.79167001e+00 -2.47250395e+01
 1.14694077e+01 -2.32923446e+01
 1.31042817e+01 -2.17708440e+01
 1.46710413e+01 -2.01962765e+01
 1.61510926e+01 -1.85990712e+01
 1.75336636e+01 -1.70020908e+01
 1.88157885e+01 -1.54203798e+01
 2.00007380e+01 -1.38629737e+01
 2.10953981e+01 -1.23358752e+01
 2.21077593e+01 -1.08450108e+01
 2.30452519e+01 -9.39846707e+00
 2.39135331e+01 -8.00780705e+00
 2.47151912e+01 -6.68837668e+00
 2.54489550e+01 -5.45852511e+00
 2.61103844e+01 -4.33770653e+00
 2.66938223e+01 -3.34364732e+00
 2.71943514e+01 -2.48928668e+00
 2.76089784e+01 -1.78057706e+00
 2.79374261e+01 -1.21586959e+00
 2.81831465e+01 -7.86826503e-01
 2.83538730e+01 -4.80502148e-01
 2.84597871e+01 -2.82573710e-01
 2.85088247e+01 -1.81743663e-01
 2.85021093e+01 -1.74337079e-01
 2.84332693e+01 -2.66900413e-01
 2.82917885e+01 -4.75052145e-01
 2.80670925e+01 -8.19239722e-01
 2.77507924e+01 -1.31988489e+00
 2.73374420e+01 -1.99366789e+00
 2.68253735e+01 -2.85093868e+00
 2.62180678e+01 -3.89369050e+00
 2.55252610e+01 -5.11416036e+00
 2.47628969e+01 -6.49482830e+00
 2.39516831e+01 -8.01047214e+00
 2.31147205e+01 -9.63171583e+00
 2.22750719e+01 -1.13283643e+01
 2.14540690e+01 -1.30711689e+01
 2.06706856e+01 -1.48319792e+01
 1.99417118e+01 -1.65830247e+01
 1.92821497e+01 -1.82961808e+01
 1.87053942e+01 -1.99430103e+01
 1.82230433e+01 -2.14959600e+01
 1.78443127e+01 -2.29303320e+01
 1.75752916e+01 -2.42262629e+01
 1.74188622e+01 -2.53700951e+01
 1.73760763e+01 -2.63547618e+01
 1.74483638e+01 -2.71791087e+01
 1.76388007e+01 -2.78464140e+01
 1.79517880e+01 -2.83624204e+01
 1.83922945e+01 -2.87329860e+01
 1.89655357e+01 -2.89615317e+01
 1.96765232e+01 -2.90471286e+01
 2.05287818e+01 -2.89845593e+01
 2.15223788e+01 -2.87667726e+01
 2.26518605e+01 -2.83884133e+01
 2.39047568e+01 -2.78487248e+01
 2.52613200e+01 -2.71532748e+01
 2.66957238e+01 -2.63147936e+01
 2.81781354e+01 -2.53533235e+01
 2.96766763e+01 -2.42956654e+01
 3.11587351e+01 -2.31740244e+01
 3.25921786e+01 -2.20235842e+01
 3.39479942e+01 -2.08786620e+01
 3.52054552e+01 -1.97676387e+01
 3.63584059e+01 -1.87080567e+01
 3.74184632e+01 -1.77041631e+01
 3.84112013e+01 -1.67485628e+01
 3.93660553e+01 -1.58274544e+01
 4.03060549e+01 -1.49267211e+01
 4.12435510e+01 -1.40359062e+01
 4.21824606e+01 -1.31490461e+01
 4.31228102e+01 -1.22634695e+01
 4.40638544e+01 -1.13782302e+01
 4.50051259e+01 -1.04930624e+01
 4.59464519e+01 -9.60790671e+00
 4.68877878e+01 -8.72275268e+00
 4.78291251e+01 -7.83759893e+00
 4.87704611e+01 -6.95244640e+00
 4.97117848e+01 -6.06730554e+00
 5.06530143e+01 -5.18225327e+00
 5.15936833e+01 -4.29772803e+00
 5.25317347e+01 -3.41566409e+00
 5.34601767e+01 -2.54263607e+00
 5.43608453e+01 -1.69572385e+00
 5.51982262e+01 -9.08321932e-01
 5.59217555e+01 -2.27976391e-01
 5.64834206e+01 3.00165721e-01
 5.64834206e+01 3.00165721e-01
 5.64834206e+01 3.00165721e-01
 5.64834206e+01 3.00165721e-01
 5.64834206e+01 3.00165721e-01
 5.64834206e+01 3.00165721e-01
 5.64834206e+01 3.00165721e-01
 5.64834206e+01 3.00165721e-01
 5.64834206e+01 3.00165721e-01
 5.64834206e+01 3.00165721e-01
 5.64834206e+01 3.00165721e-01
 5.64834206e+01 3.00165721e-01
 5.64834206e+01 3.00165721e-01
 5.64834206e+01 3.00165721e-01
 5.64834206e+01 3.00165721e-01
 5.64834206e+01 3.00165721e-01
 5.64834206e+01 3.00165721e-01
 5.64834206e+01 3.00165721e-01
 5.64834206e+01 3.00165721e-01
 5.64834206e+01 3.00165721e-01
 5.64834206e+01 3.00165721e-01
 5.64834206e+01 3.00165721e-01
 5.64834206e+01 3.00165721e-01
 5.64834206e+01 3.00165721e-01
 5.64834206e+01 3.00165721e-01
 5.64834206e+01 3.00165721e-01
 5.64834206e+01 3.00165721e-01
 5.64834206e+01 3.00165721e-01
 5.64834206e+01 3.00165721e-01
 5.64834206e+01 3.00165721e-01
 5.64834206e+01 3.00165721e-01
 5.64834206e+01 3.00165721e-01
 5.64834206e+01 3.00165721e-01
 5.64834206e+01 3.00165721e-01
 5.64834206e+01 3.00165721e-01
