 0.00000000e+00 0.00000000e+00
 0.00000000e+00 0.00000000e+00
 0.00000000e+00 0.00000000e+00
 0.00000000e+00 0.00000000e+00
 0.00000000e+00 0.00000000e+00
 0.00000000e+00 0.00000000e+00
 0.00000000e+00 0.00000000e+00
 0.00000000e+00 0.00000000e+00
 0.00000000e+00 0.00000000e+00
 0.00000000e+00 0.00000000e+00
 0.00000000e+00 0.00000000e+00
 8.15089032e-02 8.67317369e-02
 1.74663267e-01 1.80177730e-01
 2.63275777e-01 2.55909468e-01
 3.32302000e-01 2.83605227e-01
 3.71937113e-01 2.28691351e-01
 3.76180584e-01 5.29192467e-02
 3.38427237e-01 -2.83403664e-01
 2.49285857e-01 -8.17488688e-01
 9.89195417e-02 -1.58048753e+00
 -1.18684129e-01 -2.59498795e+00
 -4.03199354e-01 -3.87279781e+00
 -7.47982170e-01 -5.41273817e+00
 -1.14114515e+00 -7.19910266e+00
 -1.56661877e+00 -9.20160711e+00
 -2.00513608e+00 -1.13772580e+01
 -2.43514891e+00 -1.36737093e+01
 -2.83358394e+00 -1.60329869e+01
 -3.17685021e+00 -1.83947692e+01
 -3.44275384e+00 -2.06992159e+01
 -3.61282369e+00 -2.28896360e+01
 -3.67310938e+00 -2.49151612e+01
 -3.61241004e+00 -2.67334315e+01
 -3.41983027e+00 -2.83129555e+01
 -3.08449952e+00 -2.96343808e+01
 -2.59768747e+00 -3.06901009e+01
 -1.95518648e+00 -3.14823210e+01
 -1.15843840e+00 -3.20200881e+01
 -2.14349511e-01 -3.23157476e+01
 8.66001577e-01 -3.23813993e+01
 2.06944249e+00 -3.22263718e+01
 3.38244426e+00 -3.18569181e+01
 4.79126267e+00 -3.12784009e+01
 6.28063632e+00 -3.04985769e+01
 7.83266739e+00 -2.95299051e+01
 9.42738388e+00 -2.83897334e+01
 1.10449605e+01 -2.70987121e+01
 1.26681659e+01 -2.56786247e+01
 1.42835682e+01 -2.41506070e+01
 1.58812423e+01 -2.25339678e+01
 1.74537644e+01 -2.08455480e+01
 1.89952330e+01 -1.90999186e+01
 2.05005291e+01 -1.73106680e+01
 2.19647698e+01 -1.54921854e+01
 2.33828167e+01 -1.36608936e+01
 2.47486005e+01 -1.18356687e+01
 2.60542005e+01 -1.00382118e+01
 2.72890873e+01 -8.29395227e+00
 2.84401660e+01 -6.63273720e+00
 2.94929099e+01 -5.08760414e+00
 3.04332805e+01 -3.69080315e+00
 3.12497474e+01 -2.46847857e+00
 3.19347094e+01 -1.43688054e+00
 3.24849595e+01 -6.02195523e-01
 3.29012393e+01 3.61590883e-02
 3.31870477e+01 4.80775429e-01
 3.33469150e+01 7.32401691e-01
 3.33847688e+01 7.88533495e-01
 3.33034987e+01 6.44613199e-01
 3.31061448e+01 2.96610777e-01
 3.27975338e+01 -2.56719074e-01
 3.23850529e+01 -1.01257240e+00
 3.18789332e+01 -1.96303043e+00
 3.12928498e+01 -3.09334159e+00
 3.06440810e+01 -4.38027679e+00
 2.99519374e+01 -5.79259982e+00
 2.92348646e+01 -7.29486487e+00
 2.85081068e+01 -8.85327473e+00
 2.77831324e+01 -1.04405883e+01
 2.70682819e+01 -1.20377077e+01
 2.63695312e+01 -1.36319650e+01
 2.56912113e+01 -1.52139858e+01
 2.50373639e+01 -1.67748627e+01
 2.44139391e+01 -1.83042168e+01
 2.38307813e+01 -1.97892067e+01
 2.33019074e+01 -2.12146256e+01
 2.28436829e+01 -2.25640212e+01
 2.24719376e+01 -2.38212948e+01
 2.21994571e+01 -2.49721668e+01
 2.20348867e+01 -2.60053157e+01
 2.19834243e+01 -2.69132646e+01
 2.20484505e+01 -2.76929402e+01
 2.22322837e+01 -2.83455938e+01
 2.25353471e+01 -2.88758452e+01
 2.29551291e+01 -2.92901154e+01
 2.34863469e+01 -2.95951633e+01
 2.41219624e+01 -2.97971649e+01
 2.48539683e+01 -2.99011332e+01
 2.56735893e+01 -2.99104633e+01
 2.65711082e+01 -2.98268973e+01
 2.75355640e+01 -2.96513307e+01
 2.85545467e+01 -2.93853404e+01
 2.96141137e+01 -2.90327173e+01
 3.06987281e+01 -2.86003306e+01
 3.17914182e+01 -2.80982665e+01
 3.28745748e+01 -2.75395481e+01
 3.39315090e+01 -2.69395235e+01
 3.49485926e+01 -2.63148232e+01
 3.59176115e+01 -2.56819216e+01
 3.68375307e+01 -2.50553094e+01
 3.77145118e+01 -2.44452485e+01
 3.85595593e+01 -2.38558644e+01
 3.93846570e+01 -2.32851584e+01
 4.01994205e+01 -2.27275086e+01
 4.10097947e+01 -2.21770389e+01
 4.18186538e+01 -2.16296875e+01
 4.26270906e+01 -2.10834053e+01
 4.34354327e+01 -2.05374122e+01
 4.42437579e+01 -1.99914806e+01
 4.50520806e+01 -1.94455594e+01
 4.58604029e+01 -1.88996395e+01
 4.66687241e+01 -1.83537206e+01
 4.74770347e+01 -1.78078088e+01
 4.82852643e+01 -1.72619517e+01
 4.90930127e+01 -1.67164197e+01
 4.98985134e+01 -1.61724056e+01
 5.06957625e+01 -1.56339645e+01
 5.14691627e+01 -1.51116303e+01
 5.21882180e+01 -1.46259992e+01
 5.28095095e+01 -1.42063952e+01
 5.32918089e+01 -1.38806629e+01
 5.32918089e+01 -1.38806629e+01
 5.32918089e+01 -1.38806629e+01
 5.32918089e+01 -1.38806629e+01
 5.32918089e+01 -1.38806629e+01
 5.32918089e+01 -1.38806629e+01
 5.32918089e+01 -1.38806629e+01
 5.32918089e+01 -1.38806629e+01
 5.32918089e+01 -1.38806629e+01
 5.32918089e+01 -1.38806629e+01
 5.32918089e+01 -1.38806629e+01
 5.32918089e+01 -1.38806629e+01
 5.32918089e+01 -1.38806629e+01
 5.32918089e+01 -1.38806629e+01
 5.32918089e+01 -1.38806629e+01
 5.32918089e+01 -1.38806629e+01
 5.32918089e+01 -1.38806629e+01
 5.32918089e+01 -1.38806629e+01
 5.32918089e+01 -1.38806629e+01
 5.32918089e+01 -1.38806629e+01
 5.32918089e+01 -1.38806629e+01
 5.32918089e+01 -1.38806629e+01
 5.32918089e+01 -1.38806629e+01
 5.32918089e+01 -1.38806629e+01
 5.32918089e+01 -1.38806629e+01
 5.32918089e+01 -1.38806629e+01
 5.32918089e+01 -1.38806629e+01
 5.32918089e+01 -1.38806629e+01
 5.32918089e+01 -1.38806629e+01
 5.32918089e+01 -1.38806629e+01
 5.32918089e+01 -1.38806629e+01
 5.32918089e+01 -1.38806629e+01
 5.32918089e+01 -1.38806629e+01
 5.32918089e+01 -1.38806629e+01
 5.32918089e+01 -1.38806629e+01
 5.32918089e+01 -1.38806629e+01
