 0.00000000e+00 0.00000000e+00
 0.00000000e+00 0.00000000e+00
 0.00000000e+00 0.00000000e+00
 0.00000000e+00 0.00000000e+00
 1.13405466e-01 4.28418779e-02
 2.32416183e-01 9.07696357e-02
 3.31356339e-01 1.35484982e-01
 3.90413550e-01 1.67351076e-01
 4.00808325e-01 1.74144488e-01
 3.62714733e-01 1.38814235e-01
 2.81032858e-01 3.91146222e-02
 1.62788721e-01 -1.50342441e-01
 1.60026849e-02 -4.55339806e-01
 -1.51049778e-01 -8.99793614e-01
 -3.30317804e-01 -1.50358118e+00
 -5.13988086e-01 -2.27986063e+00
 -6.94038837e-01 -3.23215878e+00
 -8.61707220e-01 -4.35223061e+00
 -1.00761414e+00 -5.61984820e+00
 -1.12299583e+00 -7.00504314e+00
 -1.20134625e+00 -8.47211425e+00
 -1.23897714e+00 -9.98392613e+00
 -1.23393211e+00 -1.15053096e+01
 -1.18467895e+00 -1.30053050e+01
 -1.09036356e+00 -1.44586200e+01
 -9.52285077e-01 -1.58464488e+01
 -7.74561424e-01 -1.71562313e+01
 -5.62962320e-01 -1.83801788e+01
 -3.22837260e-01 -1.95133882e+01
 -5.74834460e-02 -2.05526279e+01
 2.32650315e-01 -2.14959502e+01
 5.50311273e-01 -2.23424950e+01
 9.01670924e-01 -2.30920235e+01
 1.29629490e+00 -2.37441906e+01
 1.74649684e+00 -2.42977218e+01
 2.26593985e+00 -2.47497455e+01
 2.86774547e+00 -2.50956886e+01
 3.56262634e+00 -2.53299567e+01
 4.35753522e+00 -2.54469338e+01
 5.25498413e+00 -2.54415517e+01
 6.25270468e+00 -2.53094329e+01
 7.34319833e+00 -2.50474302e+01
 8.51319285e+00 -2.46550831e+01
 9.74357045e+00 -2.41363991e+01
 1.10104359e+01 -2.35006608e+01
 1.22876099e+01 -2.27614498e+01
 1.35500176e+01 -2.19343913e+01
 1.47765935e+01 -2.10349791e+01
 1.59515252e+01 -2.00772877e+01
 1.70641769e+01 -1.90732247e+01
 1.81092061e+01 -1.80316738e+01
 1.90876175e+01 -1.69575853e+01
 2.00077350e+01 -1.58517340e+01
 2.08844365e+01 -1.47118602e+01
 2.17360476e+01 -1.35353865e+01
 2.25798520e+01 -1.23231324e+01
 2.34278720e+01 -1.10827614e+01
 2.42840446e+01 -9.83055519e+00
 2.51430241e+01 -8.59085561e+00
 2.59905229e+01 -7.39365461e+00
 2.68051886e+01 -6.27129772e+00
 2.75618939e+01 -5.25483808e+00
 2.82359338e+01 -4.37014907e+00
 2.88072760e+01 -3.63420900e+00
 2.92639942e+01 -3.05269245e+00
 2.96041996e+01 -2.62019437e+00
 2.98354913e+01 -2.32359607e+00
 2.99708075e+01 -2.14776917e+00
 3.00217929e+01 -2.08165849e+00
 2.99940279e+01 -2.12227601e+00
 2.98874974e+01 -2.27508804e+00
 2.97006079e+01 -2.55150795e+00
 2.94336286e+01 -2.96564186e+00
 2.90898950e+01 -3.53167916e+00
 2.86758511e+01 -4.26165225e+00
 2.82010980e+01 -5.16286923e+00
 2.76784381e+01 -6.23550965e+00
 2.71231770e+01 -7.47184281e+00
 2.65512756e+01 -8.85763976e+00
 2.59770802e+01 -1.03745113e+01
 2.54121366e+01 -1.20013498e+01
 2.48659977e+01 -1.37142443e+01
 2.43483900e+01 -1.54855952e+01
 2.38711270e+01 -1.72834093e+01
 2.34485108e+01 -1.90712308e+01
 2.30958899e+01 -2.08088946e+01
 2.28268782e+01 -2.24545277e+01
 2.26509128e+01 -2.39680625e+01
 2.25735481e+01 -2.53153924e+01
 2.25997684e+01 -2.64713098e+01
 2.27368193e+01 -2.74199297e+01
 2.29932933e+01 -2.81529892e+01
 2.33762461e+01 -2.86675579e+01
 2.38905790e+01 -2.89644133e+01
 2.45412640e+01 -2.90471969e+01
 2.53351929e+01 -2.89217357e+01
 2.62802931e+01 -2.85952853e+01
 2.73824866e+01 -2.80762573e+01
 2.86422335e+01 -2.73750643e+01
 3.00516889e+01 -2.65058750e+01
 3.15928341e+01 -2.54882926e+01
 3.32369635e+01 -2.43480817e+01
 3.49456597e+01 -2.31167061e+01
 3.66727779e+01 -2.18297960e+01
 3.83673782e+01 -2.05246639e+01
 3.99790680e+01 -1.92369466e+01
 4.14675123e+01 -1.79963170e+01
 4.28146398e+01 -1.68214837e+01
 4.40326155e+01 -1.57162423e+01
 4.51592033e+01 -1.46698537e+01
 4.62402362e+01 -1.36632192e+01
 4.73106215e+01 -1.26775769e+01
 4.83865686e+01 -1.17002402e+01
 4.94703354e+01 -1.07251322e+01
 5.05589404e+01 -9.75028198e+00
 5.16495598e+01 -8.77534511e+00
 5.27407944e+01 -7.80035010e+00
 5.38321711e+01 -6.82533723e+00
 5.49235731e+01 -5.85032069e+00
 5.60149783e+01 -4.87530370e+00
 5.71063824e+01 -3.90028797e+00
 5.81977722e+01 -2.92528510e+00
 5.92890528e+01 -1.95037980e+00
 6.03796835e+01 -9.76055041e-01
 6.14672794e+01 -4.44146527e-03
 6.25437339e+01 9.57218839e-01
 6.35879872e+01 1.89011200e+00
 6.45588637e+01 2.75745320e+00
 6.53977383e+01 3.50686935e+00
 6.60489441e+01 4.08862995e+00
 6.60489441e+01 4.08862995e+00
 6.60489441e+01 4.08862995e+00
 6.60489441e+01 4.08862995e+00
 6.60489441e+01 4.08862995e+00
 6.60489441e+01 4.08862995e+00
 6.60489441e+01 4.08862995e+00
 6.60489441e+01 4.08862995e+00
 6.60489441e+01 4.08862995e+00
 6.60489441e+01 4.08862995e+00
 6.60489441e+01 4.08862995e+00
 6.60489441e+01 4.08862995e+00
 6.60489441e+01 4.08862995e+00
 6.60489441e+01 4.08862995e+00
 6.60489441e+01 4.08862995e+00
 6.60489441e+01 4.08862995e+00
 6.60489441e+01 4.08862995e+00
 6.60489441e+01 4.08862995e+00
 6.60489441e+01 4.08862995e+00
 6.60489441e+01 4.08862995e+00
 6.60489441e+01 4.08862995e+00
 6.60489441e+01 4.08862995e+00
 6.60489441e+01 4.08862995e+00
 6.60489441e+01 4.08862995e+00
 6.60489441e+01 4.08862995e+00
 6.60489441e+01 4.08862995e+00
 6.60489441e+01 4.08862995e+00
 6.60489441e+01 4.08862995e+00
 6.60489441e+01 4.08862995e+00
 6.60489441e+01 4.08862995e+00
 6.60489441e+01 4.08862995e+00
 6.60489441e+01 4.08862995e+00
 6.60489441e+01 4.08862995e+00
 6.60489441e+01 4.08862995e+00
 6.60489441e+01 4.08862995e+00
 6.60489441e+01 4.08862995e+00
 6.60489441e+01 4.08862995e+00
