 0.00000000e+00 0.00000000e+00
 0.00000000e+00 0.00000000e+00
 0.00000000e+00 0.00000000e+00
 0.00000000e+00 0.00000000e+00
 0.00000000e+00 0.00000000e+00
 0.00000000e+00 0.00000000e+00
 0.00000000e+00 0.00000000e+00
 0.00000000e+00 0.00000000e+00
 0.00000000e+00 0.00000000e+00
 0.00000000e+00 0.00000000e+00
 0.00000000e+00 0.00000000e+00
 2.34416879e-01 7.09756293e-02
 4.94090996e-01 1.73352868e-01
 7.30172820e-01 3.09538166e-01
 8.99862225e-01 4.80803560e-01
 9.79337304e-01 6.87700078e-01
 9.63649489e-01 9.30164395e-01
 8.58791369e-01 1.20786210e+00
 6.73486293e-01 1.52025247e+00
 4.14335481e-01 1.86560310e+00
 8.41803106e-02 2.23933812e+00
 -3.17743335e-01 2.63280991e+00
 -7.95041324e-01 3.03296056e+00
 -1.35344562e+00 3.42251571e+00
 -2.00051779e+00 3.78026871e+00
 -2.74586256e+00 4.08142169e+00
 -3.60121981e+00 4.29819091e+00
 -4.57925043e+00 4.40068127e+00
 -5.69058050e+00 4.35792589e+00
 -6.94009382e+00 4.13952136e+00
 -8.32381544e+00 3.71864099e+00
 -9.82703033e+00 3.07621802e+00
 -1.14237998e+01 2.20462845e+00
 -1.30778136e+01 1.10925475e+00
 -1.47441061e+01 -1.92057089e-01
 -1.63711350e+01 -1.67035045e+00
 -1.79033264e+01 -3.28674023e+00
 -1.92844563e+01 -4.99359632e+00
 -2.04617035e+01 -6.73649707e+00
 -2.13895597e+01 -8.45742283e+00
 -2.20326175e+01 -1.00988299e+01
 -2.23664925e+01 -1.16073081e+01
 -2.23767823e+01 -1.29354098e+01
 -2.20569596e+01 -1.40415390e+01
 -2.14067097e+01 -1.48892977e+01
 -2.04316455e+01 -1.54477792e+01
 -1.91440187e+01 -1.56931843e+01
 -1.75633394e+01 -1.56111493e+01
 -1.57161970e+01 -1.51989055e+01
 -1.36353339e+01 -1.44664109e+01
 -1.13584733e+01 -1.34356105e+01
 -8.92725511e+00 -1.21374378e+01
 -6.38593271e+00 -1.06072661e+01
 -3.77900080e+00 -8.88037327e+00
 -1.14752065e+00 -6.98863096e+00
 1.47483215e+00 -4.95832801e+00
 4.06444043e+00 -2.80832526e+00
 6.60828882e+00 -5.48683968e-01
 9.10250784e+00 1.81864630e+00
 1.15494151e+01 4.29579511e+00
 1.39536912e+01 6.88252192e+00
 1.63186767e+01 9.57022443e+00
 1.86436032e+01 1.23390407e+01
 2.09215627e+01 1.51583500e+01
 2.31375408e+01 1.79886116e+01
 2.52667533e+01 2.07824825e+01
 2.72745650e+01 2.34855777e+01
 2.91189542e+01 2.60391368e+01
 3.07550203e+01 2.83856200e+01
 3.21396311e+01 3.04750499e+01
 3.32341918e+01 3.22685707e+01
 3.40051185e+01 3.37379007e+01
 3.44237259e+01 3.48626241e+01
 3.44677133e+01 3.56282098e+01
 3.41244972e+01 3.60258122e+01
 3.33944816e+01 3.60527479e+01
 3.22925071e+01 3.57122796e+01
 3.08475697e+01 3.50127525e+01
 2.91018292e+01 3.39673026e+01
 2.71093424e+01 3.25951442e+01
 2.49342600e+01 3.09242726e+01
 2.26479494e+01 2.89941096e+01
 2.03243756e+01 2.68558111e+01
 1.80335442e+01 2.45685084e+01
 1.58342529e+01 2.21919087e+01
 1.37685477e+01 1.97779869e+01
 1.18597756e+01 1.73649539e+01
 1.01142967e+01 1.49751053e+01
 8.52532221e+00 1.26161866e+01
 7.07713636e+00 1.02848868e+01
 5.74892252e+00 7.97111224e+00
 4.51847305e+00 5.66241133e+00
 3.36645790e+00 3.34873200e+00
 2.28153081e+00 1.02775044e+00
 1.26528766e+00 -1.28999239e+00
 3.34709917e-01 -3.57811096e+00
 -4.79963795e-01 -5.79565572e+00
 -1.14150009e+00 -7.89310340e+00
 -1.61307826e+00 -9.82072928e+00
 -1.86359228e+00 -1.15354834e+01
 -1.86972954e+00 -1.30040414e+01
 -1.61631372e+00 -1.42029976e+01
 -1.09700143e+00 -1.51188016e+01
 -3.15361630e-01 -1.57484364e+01
 7.15585832e-01 -1.60990409e+01
 1.97623110e+00 -1.61843405e+01
 3.44390737e+00 -1.60190643e+01
 5.09478330e+00 -1.56156957e+01
 6.90349778e+00 -1.49862918e+01
 8.84156993e+00 -1.41471353e+01
 1.08759869e+01 -1.31217208e+01
 1.29689514e+01 -1.19402473e+01
 1.50793984e+01 -1.06375312e+01
 1.71667910e+01 -9.25184289e+00
 1.91972147e+01 -7.82434321e+00
 2.11501927e+01 -6.39591974e+00
 2.30227626e+01 -4.99954837e+00
 2.48276044e+01 -3.65194308e+00
 2.65855385e+01 -2.35152573e+00
 2.83167596e+01 -1.08504461e+00
 3.00355259e+01 1.62565138e-01
 3.17495646e+01 1.40195466e+00
 3.34621506e+01 2.63852748e+00
 3.51743774e+01 3.87434043e+00
 3.68865330e+01 5.10999210e+00
 3.85986774e+01 6.34561685e+00
 4.03108202e+01 7.58123793e+00
 4.20229605e+01 8.81685698e+00
 4.37350782e+01 1.00524597e+01
 4.54470245e+01 1.12879388e+01
 4.71579515e+01 1.25226821e+01
 4.88641175e+01 1.37539896e+01
 5.05528055e+01 1.49726836e+01
 5.21909780e+01 1.61549215e+01
 5.37140404e+01 1.72540866e+01
 5.50300249e+01 1.82038075e+01
 5.60516041e+01 1.89410617e+01
 5.60516041e+01 1.89410617e+01
 5.60516041e+01 1.89410617e+01
 5.60516041e+01 1.89410617e+01
 5.60516041e+01 1.89410617e+01
 5.60516041e+01 1.89410617e+01
 5.60516041e+01 1.89410617e+01
 5.60516041e+01 1.89410617e+01
 5.60516041e+01 1.89410617e+01
 5.60516041e+01 1.89410617e+01
 5.60516041e+01 1.89410617e+01
 5.60516041e+01 1.89410617e+01
 5.60516041e+01 1.89410617e+01
 5.60516041e+01 1.89410617e+01
 5.60516041e+01 1.89410617e+01
 5.60516041e+01 1.89410617e+01
 5.60516041e+01 1.89410617e+01
 5.60516041e+01 1.89410617e+01
 5.60516041e+01 1.89410617e+01
 5.60516041e+01 1.89410617e+01
 5.60516041e+01 1.89410617e+01
 5.60516041e+01 1.89410617e+01
 5.60516041e+01 1.89410617e+01
 5.60516041e+01 1.89410617e+01
