 0.00000000e+00 0.00000000e+00
 0.00000000e+00 0.00000000e+00
 0.00000000e+00 0.00000000e+00
 0.00000000e+00 0.00000000e+00
 1.21818851e-01 1.74028561e-01
 2.55564932e-01 3.91763001e-01
 3.77729522e-01 6.31060657e-01
 4.71106353e-01 8.67640219e-01
 5.31000668e-01 1.08271110e+00
 5.63251854e-01 1.26567169e+00
 5.78020156e-01 1.41280504e+00
 5.84717958e-01 1.52407429e+00
 5.90490875e-01 1.59950714e+00
 6.01201394e-01 1.63621560e+00
 6.22505207e-01 1.62690594e+00
 6.59618183e-01 1.56033444e+00
 7.16225968e-01 1.42333438e+00
 7.93683080e-01 1.20312457e+00
 8.90916821e-01 8.88638514e-01
 1.00484090e+00 4.70828281e-01
 1.13112527e+00 -5.71611453e-02
 1.26501794e+00 -6.99503944e-01
 1.40166766e+00 -1.45744585e+00
 1.53580211e+00 -2.33006464e+00
 1.66145186e+00 -3.31607036e+00
 1.77265506e+00 -4.41573662e+00
 1.86503929e+00 -5.63172395e+00
 1.93688904e+00 -6.96805932e+00
 1.98883985e+00 -8.42741797e+00
 2.02313464e+00 -1.00075646e+01
 2.04352598e+00 -1.16980651e+01
 2.05551623e+00 -1.34782039e+01
 2.06642044e+00 -1.53166779e+01
 2.08538396e+00 -1.71731741e+01
 2.12287156e+00 -1.90014218e+01
 2.18853671e+00 -2.07531345e+01
 2.28805188e+00 -2.23823878e+01
 2.42141069e+00 -2.38499325e+01
 2.58397939e+00 -2.51267049e+01
 2.76875756e+00 -2.61956725e+01
 2.96802766e+00 -2.70512516e+01
 3.17448234e+00 -2.76962014e+01
 3.38263872e+00 -2.81372476e+01
 3.59034693e+00 -2.83814927e+01
 3.79941751e+00 -2.84348927e+01
 4.01481280e+00 -2.83026788e+01
 4.24293756e+00 -2.79909209e+01
 4.49013652e+00 -2.75081623e+01
 4.76199027e+00 -2.68660424e+01
 5.06333057e+00 -2.60787272e+01
 5.39890731e+00 -2.51618718e+01
 5.77461663e+00 -2.41313103e+01
 6.19869692e+00 -2.30008319e+01
 6.68230213e+00 -2.17791458e+01
 7.23965597e+00 -2.04675776e+01
 7.88829805e+00 -1.90600185e+01
 8.64921454e+00 -1.75451124e+01
 9.54595109e+00 -1.59095804e+01
 1.06019029e+01 -1.41421184e+01
 1.18356158e+01 -1.22382428e+01
 1.32548228e+01 -1.02059675e+01
 1.48508450e+01 -8.07040295e+00
 1.65951745e+01 -5.87471956e+00
 1.84392082e+01 -3.67686484e+00
 2.03172049e+01 -1.54380200e+00
 2.21524195e+01 4.55008990e-01
 2.38661155e+01 2.25477415e+00
 2.53878348e+01 3.80320471e+00
 2.66639301e+01 5.06736505e+00
 2.76617591e+01 6.03674182e+00
 2.83691806e+01 6.72098021e+00
 2.87911829e+01 7.14352221e+00
 2.89457898e+01 7.33427860e+00
 2.88601099e+01 7.32391259e+00
 2.85665014e+01 7.14044569e+00
 2.80993728e+01 6.80807494e+00
 2.74938301e+01 6.34857007e+00
 2.67864350e+01 5.78527046e+00
 2.60160301e+01 5.14743120e+00
 2.52213980e+01 4.47057009e+00
 2.44347660e+01 3.79004185e+00
 2.36748054e+01 3.13092198e+00
 2.29447908e+01 2.50197344e+00
 2.22376274e+01 1.89846090e+00
 2.15435670e+01 1.31045030e+00
 2.08553212e+01 7.29613128e-01
 2.01690928e+01 1.51341448e-01
 1.94834136e+01 -4.26215989e-01
 1.87978517e+01 -1.00361818e+00
 1.81123096e+01 -1.58099399e+00
 1.74267701e+01 -2.15836624e+00
 1.67412319e+01 -2.73573733e+00
 1.60557027e+01 -3.31310079e+00
 1.53702421e+01 -3.89040646e+00
 1.46851897e+01 -4.46736836e+00
 1.40020435e+01 -5.04272478e+00
 1.33258955e+01 -5.61218722e+00
 1.26699739e+01 -6.16461474e+00
 1.20601421e+01 -6.67822462e+00
 1.15332240e+01 -7.12200331e+00
 1.11241853e+01 -7.46650210e+00
 1.11241853e+01 -7.46650210e+00
 1.11241853e+01 -7.46650210e+00
 1.11241853e+01 -7.46650210e+00
 1.11241853e+01 -7.46650210e+00
 1.11241853e+01 -7.46650210e+00
 1.11241853e+01 -7.46650210e+00
 1.11241853e+01 -7.46650210e+00
 1.11241853e+01 -7.46650210e+00
 1.11241853e+01 -7.46650210e+00
 1.11241853e+01 -7.46650210e+00
 1.11241853e+01 -7.46650210e+00
 1.11241853e+01 -7.46650210e+00
 1.11241853e+01 -7.46650210e+00
 1.11241853e+01 -7.46650210e+00
 1.11241853e+01 -7.46650210e+00
 1.11241853e+01 -7.46650210e+00
 1.11241853e+01 -7.46650210e+00
 1.11241853e+01 -7.46650210e+00
 1.11241853e+01 -7.46650210e+00
 1.11241853e+01 -7.46650210e+00
 1.11241853e+01 -7.46650210e+00
 1.11241853e+01 -7.46650210e+00
 1.11241853e+01 -7.46650210e+00
 1.11241853e+01 -7.46650210e+00
 1.11241853e+01 -7.46650210e+00
 1.11241853e+01 -7.46650210e+00
 1.11241853e+01 -7.46650210e+00
 1.11241853e+01 -7.46650210e+00
 1.11241853e+01 -7.46650210e+00
 1.11241853e+01 -7.46650210e+00
 1.11241853e+01 -7.46650210e+00
 1.11241853e+01 -7.46650210e+00
 1.11241853e+01 -7.46650210e+00
 1.11241853e+01 -7.46650210e+00
 1.11241853e+01 -7.46650210e+00
 1.11241853e+01 -7.46650210e+00
 1.11241853e+01 -7.46650210e+00
 1.11241853e+01 -7.46650210e+00
 1.11241853e+01 -7.46650210e+00
 1.11241853e+01 -7.46650210e+00
 1.11241853e+01 -7.46650210e+00
 1.11241853e+01 -7.46650210e+00
 1.11241853e+01 -7.46650210e+00
 1.11241853e+01 -7.46650210e+00
 1.11241853e+01 -7.46650210e+00
 1.11241853e+01 -7.46650210e+00
 1.11241853e+01 -7.46650210e+00
 1.11241853e+01 -7.46650210e+00
 1.11241853e+01 -7.46650210e+00
 1.11241853e+01 -7.46650210e+00
 1.11241853e+01 -7.46650210e+00
