 0.00000000e+00 0.00000000e+00
 0.00000000e+00 0.00000000e+00
 0.00000000e+00 0.00000000e+00
 0.00000000e+00 0.00000000e+00
 -1.75939442e-02 1.30298664e-02
 -3.73757481e-02 2.46153058e-02
 -5.49696923e-02 3.27379638e-02
 -6.73448657e-02 3.70885771e-02
 -7.42239555e-02 3.81747105e-02
 -7.72428077e-02 3.52414834e-02
 -7.82872983e-02 2.36489558e-02
 -7.85716163e-02 -7.74779907e-03
 -7.86306260e-02 -7.76538576e-02
 -7.86262370e-02 -2.09862117e-01
 -7.85394128e-02 -4.27803179e-01
 -7.81189163e-02 -7.49882698e-01
 -7.65203252e-02 -1.18851415e+00
 -7.16347566e-02 -1.75144280e+00
 -5.94671419e-02 -2.44217551e+00
 -3.43213066e-02 -3.25909686e+00
 9.79925989e-03 -4.19555264e+00
 7.72683588e-02 -5.24229115e+00
 1.69631528e-01 -6.39111439e+00
 2.85755286e-01 -7.63756129e+00
 4.23179999e-01 -8.98126486e+00
 5.80011433e-01 -1.04239590e+01
 7.56350403e-01 -1.19659636e+01
 9.54599240e-01 -1.36020871e+01
 1.17875840e+00 -1.53177646e+01
 1.43311322e+00 -1.70865153e+01
 1.72069060e+00 -1.88700050e+01
 2.04196844e+00 -2.06212494e+01
 2.39418040e+00 -2.22901194e+01
 2.77117946e+00 -2.38295369e+01
 3.16377494e+00 -2.52009446e+01
 3.56065170e+00 -2.63781798e+01
 3.94981573e+00 -2.73493670e+01
 4.32015929e+00 -2.81167809e+01
 4.66287392e+00 -2.86948396e+01
 4.97281446e+00 -2.91066123e+01
 5.24974872e+00 -2.93794656e+01
 5.49891251e+00 -2.95403770e+01
 5.73030054e+00 -2.96112581e+01
 5.95680940e+00 -2.96052500e+01
 6.19200595e+00 -2.95258413e+01
 6.44834076e+00 -2.93694675e+01
 6.73624761e+00 -2.91291644e+01
 7.06422087e+00 -2.87960697e+01
 7.43965493e+00 -2.83585739e+01
 7.86992907e+00 -2.78014904e+01
 8.36325191e+00 -2.71068202e+01
 8.92915510e+00 -2.62556887e+01
 9.57869945e+00 -2.52304470e+01
 1.03241907e+01 -2.40166914e+01
 1.11780162e+01 -2.26057446e+01
 1.21505402e+01 -2.09979015e+01
 1.32474883e+01 -1.92056203e+01
 1.44674511e+01 -1.72552302e+01
 1.58000811e+01 -1.51863992e+01
 1.72255048e+01 -1.30495307e+01
 1.87153244e+01 -1.09015790e+01
 2.02350935e+01 -8.80086951e+00
 2.17474567e+01 -6.80175798e+00
 2.32150159e+01 -4.95014535e+00
 2.46026404e+01 -3.28070817e+00
 2.58794214e+01 -1.81600510e+00
 2.70203326e+01 -5.66768468e-01
 2.80076580e+01 4.67298453e-01
 2.88323194e+01 1.29618283e+00
 2.94945825e+01 1.93747055e+00
 3.00031311e+01 2.41377583e+00
 3.03724649e+01 2.75023722e+00
 3.06198769e+01 2.97237417e+00
 3.07629129e+01 3.10410332e+00
 3.08170173e+01 3.16553937e+00
 3.07932144e+01 3.17096229e+00
 3.06967951e+01 3.12829583e+00
 3.05279494e+01 3.04075568e+00
 3.02840733e+01 2.90934966e+00
 2.99627816e+01 2.73459993e+00
 2.95650455e+01 2.51774073e+00
 2.90983719e+01 2.26257358e+00
 2.85792342e+01 1.97759135e+00
 2.80322483e+01 1.67616846e+00
 2.74839819e+01 1.37323686e+00
 2.69538088e+01 1.07996556e+00
 2.64483545e+01 8.00386878e-01
 2.59635252e+01 5.32385963e-01
 2.54911788e+01 2.71442836e-01
 2.50245750e+01 1.37612787e-02
 2.45600147e+01 -2.42756273e-01
 2.40960207e+01 -4.98950524e-01
 2.36321495e+01 -7.55074663e-01
 2.31682989e+01 -1.01118691e+00
 2.27044512e+01 -1.26729756e+00
 2.22406044e+01 -1.52340770e+00
 2.17767638e+01 -1.77951445e+00
 2.13129695e+01 -2.03559556e+00
 2.08494515e+01 -2.29152419e+00
 2.03872232e+01 -2.54674065e+00
 1.99297301e+01 -2.79934267e+00
 1.94859224e+01 -3.04438834e+00
 1.90732999e+01 -3.27221529e+00
 1.87167782e+01 -3.46906654e+00
 1.84400157e+01 -3.62187923e+00
 1.84400157e+01 -3.62187923e+00
 1.84400157e+01 -3.62187923e+00
 1.84400157e+01 -3.62187923e+00
 1.84400157e+01 -3.62187923e+00
 1.84400157e+01 -3.62187923e+00
 1.84400157e+01 -3.62187923e+00
 1.84400157e+01 -3.62187923e+00
 1.84400157e+01 -3.62187923e+00
 1.84400157e+01 -3.62187923e+00
 1.84400157e+01 -3.62187923e+00
 1.84400157e+01 -3.62187923e+00
 1.84400157e+01 -3.62187923e+00
 1.84400157e+01 -3.62187923e+00
 1.84400157e+01 -3.62187923e+00
 1.84400157e+01 -3.62187923e+00
 1.84400157e+01 -3.62187923e+00
 1.84400157e+01 -3.62187923e+00
 1.84400157e+01 -3.62187923e+00
 1.84400157e+01 -3.62187923e+00
 1.84400157e+01 -3.62187923e+00
 1.84400157e+01 -3.62187923e+00
 1.84400157e+01 -3.62187923e+00
 1.84400157e+01 -3.62187923e+00
 1.84400157e+01 -3.62187923e+00
 1.84400157e+01 -3.62187923e+00
 1.84400157e+01 -3.62187923e+00
 1.84400157e+01 -3.62187923e+00
 1.84400157e+01 -3.62187923e+00
 1.84400157e+01 -3.62187923e+00
 1.84400157e+01 -3.62187923e+00
 1.84400157e+01 -3.62187923e+00
 1.84400157e+01 -3.62187923e+00
 1.84400157e+01 -3.62187923e+00
 1.84400157e+01 -3.62187923e+00
 1.84400157e+01 -3.62187923e+00
 1.84400157e+01 -3.62187923e+00
 1.84400157e+01 -3.62187923e+00
 1.84400157e+01 -3.62187923e+00
 1.84400157e+01 -3.62187923e+00
 1.84400157e+01 -3.62187923e+00
 1.84400157e+01 -3.62187923e+00
 1.84400157e+01 -3.62187923e+00
 1.84400157e+01 -3.62187923e+00
 1.84400157e+01 -3.62187923e+00
 1.84400157e+01 -3.62187923e+00
 1.84400157e+01 -3.62187923e+00
 1.84400157e+01 -3.62187923e+00
