 0.00000000e+00 0.00000000e+00
 0.00000000e+00 0.00000000e+00
 0.00000000e+00 0.00000000e+00
 0.00000000e+00 0.00000000e+00
 0.00000000e+00 0.00000000e+00
 0.00000000e+00 0.00000000e+00
 0.00000000e+00 0.00000000e+00
 0.00000000e+00 0.00000000e+00
 0.00000000e+00 0.00000000e+00
 0.00000000e+00 0.00000000e+00
 0.00000000e+00 0.00000000e+00
 0.00000000e+00 0.00000000e+00
 0.00000000e+00 0.00000000e+00
 0.00000000e+00 0.00000000e+00
 0.00000000e+00 0.00000000e+00
 0.00000000e+00 0.00000000e+00
 0.00000000e+00 0.00000000e+00
 0.00000000e+00 0.00000000e+00
 0.00000000e+00 0.00000000e+00
 0.00000000e+00 0.00000000e+00
 0.00000000e+00 0.00000000e+00
 0.00000000e+00 0.00000000e+00
 0.00000000e+00 0.00000000e+00
 0.00000000e+00 0.00000000e+00
 0.00000000e+00 0.00000000e+00
 0.00000000e+00 0.00000000e+00
 0.00000000e+00 0.00000000e+00
 0.00000000e+00 0.00000000e+00
 0.00000000e+00 0.00000000e+00
 0.00000000e+00 0.00000000e+00
 0.00000000e+00 0.00000000e+00
 0.00000000e+00 0.00000000e+00
 0.00000000e+00 0.00000000e+00
 0.00000000e+00 0.00000000e+00
 0.00000000e+00 0.00000000e+00
 0.00000000e+00 0.00000000e+00
 0.00000000e+00 0.00000000e+00
 0.00000000e+00 0.00000000e+00
 0.00000000e+00 0.00000000e+00
 0.00000000e+00 0.00000000e+00
 0.00000000e+00 0.00000000e+00
 -6.60051811e-02 1.84381380e-02
 -1.44615368e-01 4.22257094e-02
 -2.26551269e-01 6.77196272e-02
 -3.03319082e-01 9.05150498e-02
 -3.69309731e-01 1.07436589e-01
 -4.21784328e-01 1.17443000e-01
 -4.60776822e-01 1.20634137e-01
 -4.89424559e-01 1.15661589e-01
 -5.12895659e-01 9.67343439e-02
 -5.35358077e-01 5.17993770e-02
 -5.57719383e-01 -3.69016263e-02
 -5.78742005e-01 -1.90171987e-01
 -5.98080684e-01 -4.28945471e-01
 -6.17330887e-01 -7.72636252e-01
 -6.37831040e-01 -1.23837073e+00
 -6.58095562e-01 -1.83990302e+00
 -6.73770975e-01 -2.58594447e+00
 -6.79253898e-01 -3.47860855e+00
 -6.68294248e-01 -4.51292291e+00
 -6.33531116e-01 -5.67803441e+00
 -5.67382192e-01 -6.95974849e+00
 -4.64785230e-01 -8.34313875e+00
 -3.25075102e-01 -9.81410407e+00
 -1.51023500e-01 -1.13595030e+01
 5.33899095e-02 -1.29660986e+01
 2.83806081e-01 -1.46190206e+01
 5.34613228e-01 -1.63006336e+01
 7.98192863e-01 -1.79902662e+01
 1.06559453e+00 -1.96647204e+01
 1.32816514e+00 -2.12993802e+01
 1.57886991e+00 -2.28696600e+01
 1.81271112e+00 -2.43522533e+01
 2.02663056e+00 -2.57258954e+01
 2.21939707e+00 -2.69720992e+01
 2.39131727e+00 -2.80763856e+01
 2.54341645e+00 -2.90297573e+01
 2.67656243e+00 -2.98296407e+01
 2.79150405e+00 -3.04797438e+01
 2.88969551e+00 -3.09889937e+01
 2.97343653e+00 -3.13704308e+01
 3.04468663e+00 -3.16407340e+01
 3.10413992e+00 -3.18196787e+01
 3.15240961e+00 -3.19279024e+01
 3.19286395e+00 -3.19827763e+01
 3.23376899e+00 -3.19947037e+01
 3.28798522e+00 -3.19663006e+01
 3.37045553e+00 -3.18941549e+01
 3.49506255e+00 -3.17708182e+01
 3.67264487e+00 -3.15856487e+01
 3.91135980e+00 -3.13251149e+01
 4.21882798e+00 -3.09735462e+01
 4.60379112e+00 -3.05143043e+01
 5.07589066e+00 -2.99308053e+01
 5.64466814e+00 -2.92072986e+01
 6.31941772e+00 -2.83297872e+01
 7.10975844e+00 -2.72872519e+01
 8.02559919e+00 -2.60728011e+01
 9.07587050e+00 -2.46842702e+01
 1.02665057e+01 -2.31244015e+01
 1.15982547e+01 -2.14013504e+01
 1.30645349e+01 -1.95300740e+01
 1.46495398e+01 -1.75342938e+01
 1.63270658e+01 -1.54480944e+01
 1.80605379e+01 -1.33162694e+01
 1.98044742e+01 -1.11929038e+01
 2.15073149e+01 -9.13798621e+00
 2.31155272e+01 -7.21219924e+00
 2.45789347e+01 -5.47061220e+00
 2.58565865e+01 -3.95646476e+00
 2.69215752e+01 -2.69633574e+00
 2.77634511e+01 -1.69781588e+00
 2.83882285e+01 -9.50297424e-01
 2.88165636e+01 -4.28590278e-01
 2.90798587e+01 -9.83505437e-02
 2.92137500e+01 7.77441886e-02
 2.92504326e+01 1.34121917e-01
 2.92136597e+01 9.82302737e-02
 2.91191456e+01 -1.02997701e-02
 2.89786939e+01 -1.77184478e-01
 2.88039291e+01 -3.89578649e-01
 2.86076196e+01 -6.33206613e-01
 2.84034847e+01 -8.91734482e-01
 2.82055150e+01 -1.14782109e+00
 2.80265335e+01 -1.38476533e+00
 2.78757326e+01 -1.58839562e+00
 2.77562756e+01 -1.74927269e+00
 2.76646982e+01 -1.86449004e+00
 2.75927065e+01 -1.93768173e+00
 2.75305039e+01 -1.97706447e+00
 2.74704203e+01 -1.99307636e+00
 2.74093974e+01 -1.99657038e+00
 2.73486712e+01 -1.99689321e+00
 2.72908242e+01 -1.99986218e+00
 2.72369857e+01 -2.00718209e+00
 2.71863945e+01 -2.01789270e+00
 2.71376159e+01 -2.03040358e+00
 2.70895767e+01 -2.04361803e+00
 2.70417640e+01 -2.05704070e+00
 2.69940041e+01 -2.07051065e+00
 2.69462536e+01 -2.08398890e+00
 2.68985044e+01 -2.09746827e+00
 2.68507555e+01 -2.11094774e+00
 2.68030072e+01 -2.12442704e+00
 2.67552637e+01 -2.13790499e+00
 2.67075486e+01 -2.15137492e+00
 2.66599663e+01 -2.16480736e+00
 2.66128714e+01 -2.17810221e+00
 2.65671853e+01 -2.19099935e+00
 2.65247094e+01 -2.20299024e+00
 2.64880087e+01 -2.21335083e+00
 2.64595184e+01 -2.22139361e+00
