 0.00000000e+00 0.00000000e+00
 0.00000000e+00 0.00000000e+00
 0.00000000e+00 0.00000000e+00
 0.00000000e+00 0.00000000e+00
 0.00000000e+00 0.00000000e+00
 0.00000000e+00 0.00000000e+00
 0.00000000e+00 0.00000000e+00
 0.00000000e+00 0.00000000e+00
 0.00000000e+00 0.00000000e+00
 0.00000000e+00 0.00000000e+00
 0.00000000e+00 0.00000000e+00
 0.00000000e+00 0.00000000e+00
 0.00000000e+00 0.00000000e+00
 0.00000000e+00 0.00000000e+00
 0.00000000e+00 0.00000000e+00
 0.00000000e+00 0.00000000e+00
 0.00000000e+00 0.00000000e+00
 0.00000000e+00 0.00000000e+00
 0.00000000e+00 0.00000000e+00
 0.00000000e+00 0.00000000e+00
 0.00000000e+00 0.00000000e+00
 0.00000000e+00 0.00000000e+00
 0.00000000e+00 0.00000000e+00
 0.00000000e+00 0.00000000e+00
 0.00000000e+00 0.00000000e+00
 0.00000000e+00 0.00000000e+00
 0.00000000e+00 0.00000000e+00
 0.00000000e+00 0.00000000e+00
 0.00000000e+00 0.00000000e+00
 0.00000000e+00 0.00000000e+00
 0.00000000e+00 0.00000000e+00
 0.00000000e+00 0.00000000e+00
 0.00000000e+00 0.00000000e+00
 0.00000000e+00 0.00000000e+00
 0.00000000e+00 0.00000000e+00
 0.00000000e+00 0.00000000e+00
 0.00000000e+00 0.00000000e+00
 0.00000000e+00 0.00000000e+00
 0.00000000e+00 0.00000000e+00
 -4.66928828e-02 3.84928746e-02
 -1.09912764e-01 8.17649699e-02
 -1.79832588e-01 1.23300692e-01
 -2.43050850e-01 1.57618208e-01
 -2.89731277e-01 1.81811817e-01
 -3.17760098e-01 1.95552712e-01
 -3.31140964e-01 1.99623048e-01
 -3.35239451e-01 1.93530808e-01
 -3.32990004e-01 1.73508465e-01
 -3.23859762e-01 1.31992589e-01
 -3.05191478e-01 5.83704612e-02
 -2.74793675e-01 -6.00898914e-02
 -2.33188288e-01 -2.37768611e-01
 -1.84084055e-01 -4.90473276e-01
 -1.33121872e-01 -8.35013236e-01
 -8.61705282e-02 -1.28823660e+00
 -4.79768143e-02 -1.86533558e+00
 -2.11590676e-02 -2.57771581e+00
 -5.86433584e-03 -3.43140139e+00
 -6.77289497e-04 -4.42684015e+00
 -4.18090338e-03 -5.55985970e+00
 -1.54141733e-02 -6.82256465e+00
 -3.25719624e-02 -8.20324019e+00
 -5.16133530e-02 -9.68548681e+00
 -6.65636617e-02 -1.12476826e+01
 -7.07187116e-02 -1.28637551e+01
 -5.67830595e-02 -1.45052761e+01
 -1.64519574e-02 -1.61438619e+01
 5.81010603e-02 -1.77527795e+01
 1.70824754e-01 -1.93076362e+01
 3.19705373e-01 -2.07868477e+01
 4.97967967e-01 -2.21723597e+01
 6.96889728e-01 -2.34504855e+01
 9.07942499e-01 -2.46125212e+01
 1.12408252e+00 -2.56548728e+01
 1.34074866e+00 -2.65785276e+01
 1.55611285e+00 -2.73879229e+01
 1.77004540e+00 -2.80895476e+01
 1.98253796e+00 -2.86907716e+01
 2.19279452e+00 -2.91992022e+01
 2.39920597e+00 -2.96224230e+01
 2.59968270e+00 -2.99678019e+01
 2.79210915e+00 -3.02422976e+01
 2.97498720e+00 -3.04522478e+01
 3.14817617e+00 -3.06027800e+01
 3.31345620e+00 -3.06965306e+01
 3.47465735e+00 -3.07322005e+01
 3.63733160e+00 -3.07041485e+01
 3.80818851e+00 -3.06035575e+01
 3.99442795e+00 -3.04202719e+01
 4.20303772e+00 -3.01439763e+01
 4.44041677e+00 -2.97643657e+01
 4.71269429e+00 -2.92711058e+01
 5.02655946e+00 -2.86544547e+01
 5.39019667e+00 -2.79063818e+01
 5.81432626e+00 -2.70209894e+01
 6.31336029e+00 -2.59933894e+01
 6.90600804e+00 -2.48177851e+01
 7.61451908e+00 -2.34865865e+01
 8.46256758e+00 -2.19917877e+01
 9.47227774e+00 -2.03283928e+01
 1.06604673e+01 -1.84987793e+01
 1.20339922e+01 -1.65168756e+01
 1.35848054e+01 -1.44112605e+01
 1.52862304e+01 -1.22262652e+01
 1.70922142e+01 -1.00201246e+01
 1.89407106e+01 -7.85996492e+00
 2.07607547e+01 -5.81471350e+00
 2.24812398e+01 -3.94753750e+00
 2.40393393e+01 -2.30888297e+00
 2.53874352e+01 -9.30843831e-01
 2.64977979e+01 1.76059090e-01
 2.73643171e+01 1.02256597e+00
 2.80012191e+01 1.63671552e+00
 2.84392738e+01 2.05755003e+00
 2.87198123e+01 2.32852099e+00
 2.88869400e+01 2.49205560e+00
 2.89797002e+01 2.58541659e+00
 2.90270795e+01 2.63747145e+00
 2.90473171e+01 2.66700243e+00
 2.90502389e+01 2.68373637e+00
 2.90405278e+01 2.69159735e+00
 2.90206917e+01 2.69200213e+00
 2.89926990e+01 2.68591097e+00
 2.89576250e+01 2.67498184e+00
 2.89144216e+01 2.66195184e+00
 2.88598089e+01 2.64970703e+00
 2.87897871e+01 2.63953456e+00
 2.87017074e+01 2.63031909e+00
 2.85958233e+01 2.61969387e+00
 2.84757435e+01 2.60617626e+00
 2.83475400e+01 2.59035953e+00
 2.82177492e+01 2.57419970e+00
 2.80911540e+01 2.55933914e+00
 2.79695915e+01 2.54617319e+00
 2.78524156e+01 2.53419217e+00
 2.77379628e+01 2.52275653e+00
 2.76247868e+01 2.51149009e+00
 2.75120721e+01 2.50025625e+00
 2.73994869e+01 2.48902457e+00
 2.72869302e+01 2.47779205e+00
 2.71743782e+01 2.46655921e+00
 2.70618269e+01 2.45532630e+00
 2.69492759e+01 2.44409340e+00
 2.68367263e+01 2.43286065e+00
 2.67241880e+01 2.42162902e+00
 2.66117167e+01 2.41040408e+00
 2.64995584e+01 2.39921038e+00
 2.63885490e+01 2.38813134e+00
 2.62808604e+01 2.37738373e+00
 2.61807387e+01 2.36739132e+00
 2.60942298e+01 2.35875749e+00
 2.60270742e+01 2.35205518e+00
