 0.00000000e+00 0.00000000e+00
 0.00000000e+00 0.00000000e+00
 0.00000000e+00 0.00000000e+00
 0.00000000e+00 0.00000000e+00
 0.00000000e+00 0.00000000e+00
 0.00000000e+00 0.00000000e+00
 0.00000000e+00 0.00000000e+00
 0.00000000e+00 0.00000000e+00
 0.00000000e+00 0.00000000e+00
 0.00000000e+00 0.00000000e+00
 0.00000000e+00 0.00000000e+00
 0.00000000e+00 0.00000000e+00
 0.00000000e+00 0.00000000e+00
 0.00000000e+00 0.00000000e+00
 0.00000000e+00 0.00000000e+00
 0.00000000e+00 0.00000000e+00
 0.00000000e+00 0.00000000e+00
 0.00000000e+00 0.00000000e+00
 0.00000000e+00 0.00000000e+00
 0.00000000e+00 0.00000000e+00
 0.00000000e+00 0.00000000e+00
 0.00000000e+00 0.00000000e+00
 0.00000000e+00 0.00000000e+00
 0.00000000e+00 0.00000000e+00
 0.00000000e+00 0.00000000e+00
 0.00000000e+00 0.00000000e+00
 0.00000000e+00 0.00000000e+00
 0.00000000e+00 0.00000000e+00
 0.00000000e+00 0.00000000e+00
 0.00000000e+00 0.00000000e+00
 0.00000000e+00 0.00000000e+00
 0.00000000e+00 0.00000000e+00
 0.00000000e+00 0.00000000e+00
 0.00000000e+00 0.00000000e+00
 0.00000000e+00 0.00000000e+00
 0.00000000e+00 0.00000000e+00
 0.00000000e+00 0.00000000e+00
 0.00000000e+00 0.00000000e+00
 0.00000000e+00 0.00000000e+00
 0.00000000e+00 0.00000000e+00
 0.00000000e+00 0.00000000e+00
 0.00000000e+00 0.00000000e+00
 0.00000000e+00 0.00000000e+00
 0.00000000e+00 0.00000000e+00
 0.00000000e+00 0.00000000e+00
 0.00000000e+00 0.00000000e+00
 1.04795009e-05 1.62898430e-02
 7.37723807e-05 3.73375988e-02
 3.76776671e-04 6.08626036e-02
 1.53526290e-03 8.37279732e-02
 5.11176235e-03 1.01467132e-01
 1.41677671e-02 1.06774951e-01
 3.33721743e-02 8.75585799e-02
 6.83526105e-02 2.53603064e-02
 1.24558546e-01 -1.04373905e-01
 2.06202292e-01 -3.29426154e-01
 3.15754592e-01 -6.77138923e-01
 4.54360713e-01 -1.17238790e+00
 6.22878589e-01 -1.83701844e+00
 8.22231982e-01 -2.68868324e+00
 1.05236597e+00 -3.73838955e+00
 1.31105549e+00 -4.98824341e+00
 1.59408555e+00 -6.43103954e+00
 1.89646231e+00 -8.05180385e+00
 2.21334499e+00 -9.82996080e+00
 2.54041173e+00 -1.17406062e+01
 2.87428529e+00 -1.37544710e+01
 3.21316208e+00 -1.58375141e+01
 3.55702197e+00 -1.79512904e+01
 3.90690719e+00 -2.00542559e+01
 4.26357023e+00 -2.21034065e+01
 4.62643202e+00 -2.40560670e+01
 4.99346590e+00 -2.58724211e+01
 5.36148206e+00 -2.75190161e+01
 5.72579434e+00 -2.89721554e+01
 6.07933443e+00 -3.02195626e+01
 6.41253733e+00 -3.12598499e+01
 6.71486393e+00 -3.21008699e+01
 6.97722742e+00 -3.27581294e+01
 7.19399951e+00 -3.32532104e+01
 7.36403633e+00 -3.36114833e+01
 7.49064937e+00 -3.38592245e+01
 7.58029884e+00 -3.40212191e+01
 7.64042771e+00 -3.41196282e+01
 7.67792162e+00 -3.41736551e+01
 7.69901796e+00 -3.41988206e+01
 7.70978614e+00 -3.42053052e+01
 7.71639472e+00 -3.41960437e+01
 7.72577318e+00 -3.41657543e+01
 7.74706829e+00 -3.41016047e+01
 7.79255964e+00 -3.39852795e+01
 7.87642441e+00 -3.37954072e+01
 8.01209102e+00 -3.35092726e+01
 8.21092936e+00 -3.31036425e+01
 8.48355273e+00 -3.25554886e+01
 8.84188519e+00 -3.18435012e+01
 9.29958818e+00 -3.09504288e+01
 9.87060989e+00 -2.98651734e+01
 1.05673035e+01 -2.85833886e+01
 1.13992389e+01 -2.71065562e+01
 1.23726593e+01 -2.54409424e+01
 1.34898687e+01 -2.35978694e+01
 1.47478582e+01 -2.15954327e+01
 1.61359523e+01 -1.94605605e+01
 1.76332354e+01 -1.72300751e+01
 1.92074242e+01 -1.49500477e+01
 2.08163893e+01 -1.26735451e+01
 2.24119293e+01 -1.04572998e+01
 2.39445549e+01 -8.35778671e+00
 2.53683690e+01 -6.42683049e+00
 2.66454330e+01 -4.70676668e+00
 2.77490374e+01 -3.22587937e+00
 2.86655592e+01 -1.99569508e+00
 2.93948210e+01 -1.01129250e+00
 2.99488346e+01 -2.54175468e-01
 3.03490836e+01 3.03774206e-01
 3.06230511e+01 6.96353558e-01
 3.08005701e+01 9.59389308e-01
 3.09099674e+01 1.12731776e+00
 3.09744869e+01 1.23001531e+00
 3.10105462e+01 1.29048928e+00
 3.10284641e+01 1.32450643e+00
 3.10341519e+01 1.34224696e+00
 3.10302760e+01 1.35045754e+00
 3.10171943e+01 1.35369182e+00
 3.09941833e+01 1.35474293e+00
 3.09601261e+01 1.35501906e+00
 3.09132241e+01 1.35507696e+00
 3.08514131e+01 1.35508657e+00
 3.07747641e+01 1.35508783e+00
 3.06877063e+01 1.35508796e+00
 3.05979112e+01 1.35508797e+00
 3.05123240e+01 1.35508797e+00
 3.04340241e+01 1.35508797e+00
 3.03622562e+01 1.35508797e+00
 3.02945831e+01 1.35508797e+00
 3.02288364e+01 1.35508797e+00
 3.01637868e+01 1.35508797e+00
 3.00989331e+01 1.35508797e+00
 3.00341225e+01 1.35508797e+00
 2.99693192e+01 1.35508797e+00
 2.99045168e+01 1.35508797e+00
 2.98397147e+01 1.35508797e+00
 2.97749134e+01 1.35508797e+00
 2.97101187e+01 1.35508797e+00
 2.96453625e+01 1.35508797e+00
 2.95807865e+01 1.35508797e+00
 2.95168720e+01 1.35508797e+00
 2.94548694e+01 1.35508797e+00
 2.93972236e+01 1.35508797e+00
 2.93474155e+01 1.35508797e+00
 2.93087501e+01 1.35508797e+00
