 0.00000000e+00 0.00000000e+00
 0.00000000e+00 0.00000000e+00
 0.00000000e+00 0.00000000e+00
 0.00000000e+00 0.00000000e+00
 0.00000000e+00 0.00000000e+00
 0.00000000e+00 0.00000000e+00
 0.00000000e+00 0.00000000e+00
 0.00000000e+00 0.00000000e+00
 0.00000000e+00 0.00000000e+00
 0.00000000e+00 0.00000000e+00
 0.00000000e+00 0.00000000e+00
 0.00000000e+00 0.00000000e+00
 0.00000000e+00 0.00000000e+00
 0.00000000e+00 0.00000000e+00
 0.00000000e+00 0.00000000e+00
 0.00000000e+00 0.00000000e+00
 0.00000000e+00 0.00000000e+00
 0.00000000e+00 0.00000000e+00
 0.00000000e+00 0.00000000e+00
 0.00000000e+00 0.00000000e+00
 0.00000000e+00 0.00000000e+00
 0.00000000e+00 0.00000000e+00
 0.00000000e+00 0.00000000e+00
 0.00000000e+00 0.00000000e+00
 0.00000000e+00 0.00000000e+00
 0.00000000e+00 0.00000000e+00
 0.00000000e+00 0.00000000e+00
 0.00000000e+00 0.00000000e+00
 0.00000000e+00 0.00000000e+00
 0.00000000e+00 0.00000000e+00
 0.00000000e+00 0.00000000e+00
 0.00000000e+00 0.00000000e+00
 0.00000000e+00 0.00000000e+00
 0.00000000e+00 0.00000000e+00
 -5.37072688e-02 1.39066908e-02
 -1.12195582e-01 2.95407601e-02
 -1.64419908e-01 4.34302668e-02
 -2.02631505e-01 5.31032473e-02
 -2.25433921e-01 5.79976440e-02
 -2.36233418e-01 5.82032053e-02
 -2.39321960e-01 5.19098552e-02
 -2.36802406e-01 3.29705214e-02
 -2.27773385e-01 -1.03181316e-02
 -2.09562940e-01 -9.45711313e-02
 -1.80023435e-01 -2.39294878e-01
 -1.39213226e-01 -4.65067675e-01
 -8.90484756e-02 -7.92789750e-01
 -3.14118121e-02 -1.24304407e+00
 3.33834518e-02 -1.83419218e+00
 1.06793368e-01 -2.57928344e+00
 1.91553897e-01 -3.48330513e+00
 2.91475897e-01 -4.54228529e+00
 4.11837234e-01 -5.74447144e+00
 5.59853069e-01 -7.07252310e+00
 7.44295658e-01 -8.50554179e+00
 9.74068296e-01 -1.00206623e+01
 1.25661696e+00 -1.15945236e+01
 1.59688725e+00 -1.32046469e+01
 1.99668390e+00 -1.48304922e+01
 2.45425487e+00 -1.64542049e+01
 2.96426963e+00 -1.80610401e+01
 3.51814176e+00 -1.96390968e+01
 4.10437663e+00 -2.11781222e+01
 4.70893422e+00 -2.26678157e+01
 5.31589985e+00 -2.40965469e+01
 5.90850076e+00 -2.54512205e+01
 6.47021626e+00 -2.67181918e+01
 6.98589856e+00 -2.78843989e+01
 7.44302541e+00 -2.89381175e+01
 7.83300371e+00 -2.98696248e+01
 8.15212257e+00 -3.06723125e+01
 8.40182214e+00 -3.13440820e+01
 8.58831570e+00 -3.18882573e+01
 8.72160666e+00 -3.23134940e+01
 8.81370818e+00 -3.26327480e+01
 8.87648009e+00 -3.28616684e+01
 8.92023537e+00 -3.30169037e+01
 8.95321661e+00 -3.31148587e+01
 8.98079499e+00 -3.31710101e+01
 9.00463669e+00 -3.31991222e+01
 9.02366453e+00 -3.32096669e+01
 9.03687057e+00 -3.32076501e+01
 9.04567925e+00 -3.31907538e+01
 9.05452340e+00 -3.31487684e+01
 9.07040605e+00 -3.30650438e+01
 9.10206139e+00 -3.29198074e+01
 9.15843632e+00 -3.26938114e+01
 9.24719581e+00 -3.23704882e+01
 9.37504062e+00 -3.19362602e+01
 9.55000707e+00 -3.13801807e+01
 9.78350007e+00 -3.06940595e+01
 1.00902600e+01 -2.98730134e+01
 1.04868582e+01 -2.89154366e+01
 1.09901760e+01 -2.78217596e+01
 1.16162791e+01 -2.65926498e+01
 1.23791827e+01 -2.52279479e+01
 1.32890793e+01 -2.37269756e+01
 1.43502510e+01 -2.20899737e+01
 1.55593634e+01 -2.03203057e+01
 1.69045114e+01 -1.84272987e+01
 1.83646295e+01 -1.64294537e+01
 1.99089111e+01 -1.43571088e+01
 2.14969001e+01 -1.22529518e+01
 2.30806324e+01 -1.01691888e+01
 2.46094153e+01 -8.16201085e+00
 2.60359619e+01 -6.28553073e+00
 2.73215147e+01 -4.58688515e+00
 2.84385479e+01 -3.10252840e+00
 2.93715587e+01 -1.85501262e+00
 3.01171822e+01 -8.50466386e-01
 3.06838960e+01 -7.81244444e-02
 3.10905308e+01 4.87056902e-01
 3.13632211e+01 8.79339478e-01
 3.15316530e+01 1.13660171e+00
 3.16256009e+01 1.29562566e+00
 3.16718345e+01 1.38840552e+00
 3.16914319e+01 1.43945939e+00
 3.16983855e+01 1.46493792e+00
 3.17001805e+01 1.47406119e+00
 3.16996386e+01 1.47202579e+00
 3.16967079e+01 1.46279943e+00
 3.16897813e+01 1.45052889e+00
 3.16771073e+01 1.43913825e+00
 3.16583684e+01 1.43102824e+00
 3.16350767e+01 1.42650388e+00
 3.16086971e+01 1.42451626e+00
 3.15780318e+01 1.42382834e+00
 3.15388139e+01 1.42364094e+00
 3.14862576e+01 1.42360081e+00
 3.14185060e+01 1.42359407e+00
 3.13385262e+01 1.42359318e+00
 3.12531233e+01 1.42359309e+00
 3.11694720e+01 1.42359308e+00
 3.10916620e+01 1.42359308e+00
 3.10198745e+01 1.42359308e+00
 3.09521223e+01 1.42359308e+00
 3.08863369e+01 1.42359308e+00
 3.08212760e+01 1.42359308e+00
 3.07564200e+01 1.42359308e+00
 3.06916090e+01 1.42359308e+00
 3.06268056e+01 1.42359308e+00
 3.05620033e+01 1.42359308e+00
 3.04972012e+01 1.42359308e+00
 3.04323999e+01 1.42359308e+00
 3.03676051e+01 1.42359308e+00
 3.03028489e+01 1.42359308e+00
 3.02382729e+01 1.42359308e+00
 3.01743584e+01 1.42359308e+00
 3.01123559e+01 1.42359308e+00
 3.00547101e+01 1.42359308e+00
 3.00049019e+01 1.42359308e+00
 2.99662366e+01 1.42359308e+00
