 0.00000000e+00 0.00000000e+00
 0.00000000e+00 0.00000000e+00
 0.00000000e+00 0.00000000e+00
 0.00000000e+00 0.00000000e+00
 0.00000000e+00 0.00000000e+00
 0.00000000e+00 0.00000000e+00
 0.00000000e+00 0.00000000e+00
 0.00000000e+00 0.00000000e+00
 0.00000000e+00 0.00000000e+00
 0.00000000e+00 0.00000000e+00
 0.00000000e+00 0.00000000e+00
 0.00000000e+00 0.00000000e+00
 0.00000000e+00 0.00000000e+00
 0.00000000e+00 0.00000000e+00
 0.00000000e+00 0.00000000e+00
 0.00000000e+00 0.00000000e+00
 0.00000000e+00 0.00000000e+00
 0.00000000e+00 0.00000000e+00
 0.00000000e+00 0.00000000e+00
 0.00000000e+00 0.00000000e+00
 0.00000000e+00 0.00000000e+00
 0.00000000e+00 0.00000000e+00
 0.00000000e+00 0.00000000e+00
 0.00000000e+00 0.00000000e+00
 0.00000000e+00 0.00000000e+00
 0.00000000e+00 0.00000000e+00
 0.00000000e+00 0.00000000e+00
 0.00000000e+00 0.00000000e+00
 0.00000000e+00 0.00000000e+00
 0.00000000e+00 0.00000000e+00
 0.00000000e+00 0.00000000e+00
 0.00000000e+00 0.00000000e+00
 0.00000000e+00 0.00000000e+00
 0.00000000e+00 0.00000000e+00
 0.00000000e+00 0.00000000e+00
 0.00000000e+00 0.00000000e+00
 0.00000000e+00 0.00000000e+00
 0.00000000e+00 0.00000000e+00
 0.00000000e+00 0.00000000e+00
 0.00000000e+00 0.00000000e+00
 0.00000000e+00 0.00000000e+00
 0.00000000e+00 0.00000000e+00
 0.00000000e+00 0.00000000e+00
 0.00000000e+00 0.00000000e+00
 0.00000000e+00 0.00000000e+00
 0.00000000e+00 0.00000000e+00
 0.00000000e+00 0.00000000e+00
 0.00000000e+00 0.00000000e+00
 0.00000000e+00 0.00000000e+00
 0.00000000e+00 0.00000000e+00
 0.00000000e+00 0.00000000e+00
 -5.34871773e-02 6.44275204e-02
 -1.16945591e-01 1.40642315e-01
 -1.84794730e-01 2.18857956e-01
 -2.52004329e-01 2.90446066e-01
 -3.14513936e-01 3.50603885e-01
 -3.69085662e-01 3.97644289e-01
 -4.13891376e-01 4.30193615e-01
 -4.49540794e-01 4.44164315e-01
 -4.78844651e-01 4.29951609e-01
 -5.04435548e-01 3.69849309e-01
 -5.25945124e-01 2.37239135e-01
 -5.39248118e-01 -5.36382966e-04
 -5.37848617e-01 -3.76445338e-01
 -5.14552838e-01 -9.18377245e-01
 -4.62709951e-01 -1.64610803e+00
 -3.77466596e-01 -2.56990377e+00
 -2.56625651e-01 -3.68921563e+00
 -1.00427131e-01 -4.99137416e+00
 8.90840276e-02 -6.45182413e+00
 3.08039415e-01 -8.03728637e+00
 5.50285538e-01 -9.71127012e+00
 8.07493197e-01 -1.14395119e+01
 1.07019965e+00 -1.31930210e+01
 1.32915764e+00 -1.49481904e+01
 1.57624754e+00 -1.66851045e+01
 1.80490163e+00 -1.83856016e+01
 2.01044968e+00 -2.00320181e+01
 2.19049128e+00 -2.16066478e+01
 2.34501094e+00 -2.30915409e+01
 2.47613171e+00 -2.44685287e+01
 2.58772243e+00 -2.57197750e+01
 2.68482766e+00 -2.68292168e+01
 2.77251995e+00 -2.77848454e+01
 2.85437541e+00 -2.85811154e+01
 2.93174709e+00 -2.92203362e+01
 3.00453421e+00 -2.97122136e+01
 3.07269284e+00 -3.00717457e+01
 3.13749650e+00 -3.03164830e+01
 3.20245889e+00 -3.04637162e+01
 3.27404469e+00 -3.05271914e+01
 3.36170620e+00 -3.05135349e+01
 3.47686621e+00 -3.04203889e+01
 3.63148911e+00 -3.02379278e+01
 3.83734349e+00 -2.99522896e+01
 4.10616609e+00 -2.95479037e+01
 4.44995186e+00 -2.90079590e+01
 4.88082167e+00 -2.83146945e+01
 5.41083640e+00 -2.74507125e+01
 6.05238992e+00 -2.64006943e+01
 6.81904108e+00 -2.51523808e+01
 7.72567995e+00 -2.36968159e+01
 8.78681365e+00 -2.20291751e+01
 1.00127819e+01 -2.01514845e+01
 1.14052013e+01 -1.80768549e+01
 1.29536585e+01 -1.58329703e+01
 1.46348138e+01 -1.34624873e+01
 1.64134343e+01 -1.10200098e+01
 1.82443145e+01 -8.56737878e+00
 2.00750064e+01 -6.16904976e+00
 2.18500033e+01 -3.88767076e+00
 2.35162705e+01 -1.77908740e+00
 2.50288283e+01 1.12846264e-01
 2.63549063e+01 1.75988675e+00
 2.74759883e+01 3.15018905e+00
 2.83878970e+01 4.28667562e+00
 2.90993605e+01 5.18425534e+00
 2.96293899e+01 5.86678239e+00
 3.00038328e+01 6.36396759e+00
 3.02517913e+01 6.70830368e+00
 3.04026181e+01 6.93240632e+00
 3.04834989e+01 7.06717113e+00
 3.05172778e+01 7.14045041e+00
 3.05210466e+01 7.17558029e+00
 3.05064327e+01 7.18982809e+00
 3.04810797e+01 7.19361145e+00
 3.04497165e+01 7.19095065e+00
 3.04143939e+01 7.18088979e+00
 3.03748240e+01 7.15983703e+00
 3.03295161e+01 7.12498062e+00
 3.02776872e+01 7.07756216e+00
 3.02209896e+01 7.02338520e+00
 3.01633043e+01 6.96966535e+00
 3.01083700e+01 6.92102066e+00
 3.00576357e+01 6.87810480e+00
 3.00103217e+01 6.83916988e+00
 2.99649093e+01 6.80221617e+00
 2.99202691e+01 6.76600280e+00
 2.98758646e+01 6.73000131e+00
 2.98315149e+01 6.69404672e+00
 2.97871751e+01 6.65810018e+00
 2.97428366e+01 6.62215473e+00
 2.96984983e+01 6.58620944e+00
 2.96541605e+01 6.55026464e+00
 2.96098273e+01 6.51432343e+00
 2.95655204e+01 6.47840362e+00
 2.95213368e+01 6.44258376e+00
 2.94776059e+01 6.40713085e+00
 2.94351831e+01 6.37273848e+00
 2.93957412e+01 6.34076276e+00
 2.93616619e+01 6.31313452e+00
 2.93352067e+01 6.29168712e+00
