 0.00000000e+00 0.00000000e+00
 0.00000000e+00 0.00000000e+00
 0.00000000e+00 0.00000000e+00
 0.00000000e+00 0.00000000e+00
 0.00000000e+00 0.00000000e+00
 0.00000000e+00 0.00000000e+00
 0.00000000e+00 0.00000000e+00
 0.00000000e+00 0.00000000e+00
 0.00000000e+00 0.00000000e+00
 0.00000000e+00 0.00000000e+00
 0.00000000e+00 0.00000000e+00
 0.00000000e+00 0.00000000e+00
 0.00000000e+00 0.00000000e+00
 0.00000000e+00 0.00000000e+00
 0.00000000e+00 0.00000000e+00
 0.00000000e+00 0.00000000e+00
 0.00000000e+00 0.00000000e+00
 0.00000000e+00 0.00000000e+00
 0.00000000e+00 0.00000000e+00
 0.00000000e+00 0.00000000e+00
 0.00000000e+00 0.00000000e+00
 0.00000000e+00 0.00000000e+00
 0.00000000e+00 0.00000000e+00
 0.00000000e+00 0.00000000e+00
 0.00000000e+00 0.00000000e+00
 0.00000000e+00 0.00000000e+00
 0.00000000e+00 0.00000000e+00
 0.00000000e+00 0.00000000e+00
 0.00000000e+00 0.00000000e+00
 0.00000000e+00 0.00000000e+00
 0.00000000e+00 0.00000000e+00
 0.00000000e+00 0.00000000e+00
 0.00000000e+00 0.00000000e+00
 0.00000000e+00 0.00000000e+00
 0.00000000e+00 0.00000000e+00
 0.00000000e+00 0.00000000e+00
 0.00000000e+00 0.00000000e+00
 0.00000000e+00 0.00000000e+00
 0.00000000e+00 0.00000000e+00
 0.00000000e+00 0.00000000e+00
 0.00000000e+00 0.00000000e+00
 0.00000000e+00 0.00000000e+00
 0.00000000e+00 0.00000000e+00
 0.00000000e+00 0.00000000e+00
 0.00000000e+00 0.00000000e+00
 1.05330807e-05 6.90233547e-02
 7.43400652e-05 1.46239580e-01
 3.81198023e-04 2.19598835e-01
 1.56226997e-03 2.78845063e-01
 5.24237560e-03 3.16066518e-01
 1.46708292e-02 3.22564463e-01
 3.49257224e-02 2.85837857e-01
 7.22309092e-02 1.89420061e-01
 1.32452732e-01 1.53869128e-02
 2.19373307e-01 -2.52588453e-01
 3.33600232e-01 -6.27690194e-01
 4.72822769e-01 -1.12022078e+00
 6.33131770e-01 -1.73836069e+00
 8.10107163e-01 -2.48812373e+00
 9.99015569e-01 -3.37238759e+00
 1.19489591e+00 -4.39002271e+00
 1.39319994e+00 -5.53624821e+00
 1.59045601e+00 -6.80420379e+00
 1.78430404e+00 -8.18646986e+00
 1.97315525e+00 -9.67522993e+00
 2.15613697e+00 -1.12607807e+01
 2.33363329e+00 -1.29290746e+01
 2.50817301e+00 -1.46595209e+01
 2.68488914e+00 -1.64243404e+01
 2.87084073e+00 -1.81900422e+01
 3.07344716e+00 -1.99203562e+01
 3.29896867e+00 -2.15793451e+01
 3.55145135e+00 -2.31339246e+01
 3.83192689e+00 -2.45559068e+01
 4.13794643e+00 -2.58239646e+01
 4.46385622e+00 -2.69254009e+01
 4.80177865e+00 -2.78571087e+01
 5.14284496e+00 -2.86252661e+01
 5.47842991e+00 -2.92437861e+01
 5.80128986e+00 -2.97317439e+01
 6.10633788e+00 -3.01101776e+01
 6.39091052e+00 -3.03990568e+01
 6.65474802e+00 -3.06152975e+01
 6.90000420e+00 -3.07720283e+01
 7.13145765e+00 -3.08784685e+01
 7.35682667e+00 -3.09394875e+01
 7.58678895e+00 -3.09543018e+01
 7.83437033e+00 -3.09149041e+01
 8.11372880e+00 -3.08059538e+01
 8.43860814e+00 -3.06070135e+01
 8.82092594e+00 -3.02954838e+01
 9.27005697e+00 -2.98480200e+01
 9.79310699e+00 -2.92407382e+01
 1.03960367e+01 -2.84503015e+01
 1.10851019e+01 -2.74565882e+01
 1.18678223e+01 -2.62454640e+01
 1.27530242e+01 -2.48099925e+01
 1.37502115e+01 -2.31500914e+01
 1.48685686e+01 -2.12722540e+01
 1.61151842e+01 -1.91908059e+01
 1.74918889e+01 -1.69303068e+01
 1.89911648e+01 -1.45270581e+01
 2.05931501e+01 -1.20280682e+01
 2.22659945e+01 -9.48776217e+00
 2.39698439e+01 -6.96404239e+00
 2.56622835e+01 -4.51474195e+00
 2.73026337e+01 -2.19425096e+00
 2.88541557e+01 -4.99536022e-02
 3.02849757e+01 1.88097631e+00
 3.15690193e+01 3.57352518e+00
 3.26876018e+01 5.01538151e+00
 3.36312372e+01 6.20655668e+00
 3.44004450e+01 7.15830468e+00
 3.50046112e+01 7.89112388e+00
 3.54594399e+01 8.43190132e+00
 3.57847929e+01 8.81096052e+00
 3.60037443e+01 9.05991667e+00
 3.61413975e+01 9.21039745e+00
 3.62220152e+01 9.29270214e+00
 3.62656520e+01 9.33368420e+00
 3.62865013e+01 9.35443034e+00
 3.62931964e+01 9.36898405e+00
 3.62900235e+01 9.38474715e+00
 3.62788273e+01 9.40432691e+00
 3.62615389e+01 9.42798590e+00
 3.62418206e+01 9.45542978e+00
 3.62242372e+01 9.48622264e+00
 3.62118634e+01 9.51948332e+00
 3.62049844e+01 9.55383284e+00
 3.62019656e+01 9.58768286e+00
 3.62009211e+01 9.61961498e+00
 3.62006366e+01 9.64885283e+00
 3.62005757e+01 9.67559401e+00
 3.62005654e+01 9.70076218e+00
 3.62005641e+01 9.72532720e+00
 3.62005639e+01 9.74983877e+00
 3.62005639e+01 9.77444440e+00
 3.62005639e+01 9.79911960e+00
 3.62005639e+01 9.82382266e+00
 3.62005639e+01 9.84853331e+00
 3.62005639e+01 9.87324548e+00
 3.62005639e+01 9.89795786e+00
 3.62005639e+01 9.92267024e+00
 3.62005639e+01 9.94738229e+00
 3.62005639e+01 9.97209188e+00
 3.62005639e+01 9.99678674e+00
 3.62005639e+01 1.00214129e+01
 3.62005639e+01 1.00457868e+01
 3.62005639e+01 1.00694315e+01
 3.62005639e+01 1.00914148e+01
 3.62005639e+01 1.01104092e+01
 3.62005639e+01 1.01251543e+01
