 0.00000000e+00 0.00000000e+00
 0.00000000e+00 0.00000000e+00
 0.00000000e+00 0.00000000e+00
 0.00000000e+00 0.00000000e+00
 -7.79833319e-02 4.88494209e-02
 -1.75392537e-01 1.09567381e-01
 -2.84124494e-01 1.75420478e-01
 -3.96135144e-01 2.38625385e-01
 -5.05568198e-01 2.91978068e-01
 -6.09146136e-01 3.29058695e-01
 -7.06035831e-01 3.43359352e-01
 -7.97349346e-01 3.26790814e-01
 -8.84917909e-01 2.68622166e-01
 -9.69942822e-01 1.56523805e-01
 -1.05238410e+00 -2.00345367e-02
 -1.13093277e+00 -2.66229984e-01
 -1.20299723e+00 -5.80642026e-01
 -1.26480289e+00 -9.56617366e-01
 -1.31201103e+00 -1.38472320e+00
 -1.34058159e+00 -1.85485996e+00
 -1.34704798e+00 -2.35776674e+00
 -1.32817575e+00 -2.88651480e+00
 -1.28126584e+00 -3.43844076e+00
 -1.20576115e+00 -4.01701769e+00
 -1.10473492e+00 -4.63248215e+00
 -9.84634306e-01 -5.30048995e+00
 -8.53715152e-01 -6.03915559e+00
 -7.20626729e-01 -6.86555272e+00
 -5.93470075e-01 -7.79290303e+00
 -4.78695947e-01 -8.82928113e+00
 -3.79898231e-01 -9.97765544e+00
 -2.97434996e-01 -1.12361834e+01
 -2.29020821e-01 -1.25978930e+01
 -1.70201544e-01 -1.40499501e+01
 -1.14339611e-01 -1.55733394e+01
 -5.30710793e-02 -1.71434121e+01
 2.24292585e-02 -1.87310574e+01
 1.20266770e-01 -2.03041179e+01
 2.47265747e-01 -2.18290752e+01
 4.08532359e-01 -2.32732129e+01
 6.06536885e-01 -2.46070974e+01
 8.39912103e-01 -2.58068883e+01
 1.10288498e+00 -2.68561483e+01
 1.38603928e+00 -2.77470675e+01
 1.67808410e+00 -2.84808899e+01
 1.96754171e+00 -2.90670919e+01
 2.24361892e+00 -2.95211433e+01
 2.49656861e+00 -2.98615657e+01
 2.71836405e+00 -3.01075702e+01
 2.90408693e+00 -3.02779494e+01
 3.05365448e+00 -3.03905025e+01
 3.17286948e+00 -3.04606033e+01
 3.27269511e+00 -3.04986565e+01
 3.36665949e+00 -3.05079592e+01
 3.46780408e+00 -3.04845361e+01
 3.58703016e+00 -3.04187966e+01
 3.73355049e+00 -3.02975000e+01
 3.91639944e+00 -3.01047995e+01
 4.14511559e+00 -2.98225473e+01
 4.42883465e+00 -2.94310190e+01
 4.77505546e+00 -2.89106647e+01
 5.18980441e+00 -2.82443208e+01
 5.67935528e+00 -2.74189971e+01
 6.25204389e+00 -2.64267499e+01
 6.91868192e+00 -2.52644544e+01
 7.69143198e+00 -2.39326050e+01
 8.58228339e+00 -2.24338160e+01
 9.60206282e+00 -2.07720616e+01
 1.07595621e+01 -1.89534184e+01
 1.20597186e+01 -1.69881902e+01
 1.35006549e+01 -1.48933158e+01
 1.50706092e+01 -1.26938776e+01
 1.67460444e+01 -1.04235670e+01
 1.84915431e+01 -8.12481680e+00
 2.02613702e+01 -5.84876027e+00
 2.20024383e+01 -3.65380808e+00
 2.36586058e+01 -1.60120770e+00
 2.51762278e+01 2.52469828e-01
 2.65103675e+01 1.86351766e+00
 2.76302556e+01 3.20672170e+00
 2.85223393e+01 4.27681732e+00
 2.91903005e+01 5.08645910e+00
 2.96527911e+01 5.66236123e+00
 2.99394774e+01 6.04070477e+00
 3.00850481e+01 6.26196754e+00
 3.01220536e+01 6.36524559e+00
 3.00761778e+01 6.38315938e+00
 2.99667452e+01 6.33923600e+00
 2.98103187e+01 6.24864157e+00
 2.96228406e+01 6.12104383e+00
 2.94191182e+01 5.96358387e+00
 2.92120010e+01 5.78291969e+00
 2.90127070e+01 5.58636259e+00
 2.88310878e+01 5.38220067e+00
 2.86742604e+01 5.17904738e+00
 2.85441483e+01 4.98433040e+00
 2.84364322e+01 4.80267581e+00
 2.83427585e+01 4.63515926e+00
 2.82551174e+01 4.47986000e+00
 2.81692045e+01 4.33331758e+00
 2.80845775e+01 4.19203933e+00
 2.80023568e+01 4.05340902e+00
 2.79230353e+01 3.91587937e+00
 2.78459976e+01 3.77871953e+00
 2.77702327e+01 3.64165679e+00
 2.76949907e+01 3.50461286e+00
 2.76199104e+01 3.36757127e+00
 2.75448683e+01 3.23052974e+00
 2.74698331e+01 3.09348817e+00
 2.73947988e+01 2.95644660e+00
 2.73197648e+01 2.81940522e+00
 2.72447317e+01 2.68236565e+00
 2.71697062e+01 2.54533979e+00
 2.70947253e+01 2.40839552e+00
 2.70199531e+01 2.27183232e+00
 2.69459469e+01 2.13666809e+00
 2.68741545e+01 2.00554716e+00
 2.68074067e+01 1.88363976e+00
 2.67497341e+01 1.77830707e+00
 2.67049637e+01 1.69653888e+00
 2.67049637e+01 1.69653888e+00
 2.67049637e+01 1.69653888e+00
 2.67049637e+01 1.69653888e+00
 2.67049637e+01 1.69653888e+00
 2.67049637e+01 1.69653888e+00
 2.67049637e+01 1.69653888e+00
 2.67049637e+01 1.69653888e+00
 2.67049637e+01 1.69653888e+00
 2.67049637e+01 1.69653888e+00
 2.67049637e+01 1.69653888e+00
 2.67049637e+01 1.69653888e+00
 2.67049637e+01 1.69653888e+00
 2.67049637e+01 1.69653888e+00
 2.67049637e+01 1.69653888e+00
 2.67049637e+01 1.69653888e+00
 2.67049637e+01 1.69653888e+00
 2.67049637e+01 1.69653888e+00
 2.67049637e+01 1.69653888e+00
 2.67049637e+01 1.69653888e+00
 2.67049637e+01 1.69653888e+00
 2.67049637e+01 1.69653888e+00
 2.67049637e+01 1.69653888e+00
 2.67049637e+01 1.69653888e+00
 2.67049637e+01 1.69653888e+00
 2.67049637e+01 1.69653888e+00
 2.67049637e+01 1.69653888e+00
 2.67049637e+01 1.69653888e+00
 2.67049637e+01 1.69653888e+00
 2.67049637e+01 1.69653888e+00
 2.67049637e+01 1.69653888e+00
 2.67049637e+01 1.69653888e+00
 2.67049637e+01 1.69653888e+00
