 0.00000000e+00 0.00000000e+00
 0.00000000e+00 0.00000000e+00
 0.00000000e+00 0.00000000e+00
 0.00000000e+00 0.00000000e+00
 0.00000000e+00 0.00000000e+00
 0.00000000e+00 0.00000000e+00
 0.00000000e+00 0.00000000e+00
 0.00000000e+00 0.00000000e+00
 0.00000000e+00 0.00000000e+00
 0.00000000e+00 0.00000000e+00
 0.00000000e+00 0.00000000e+00
 0.00000000e+00 0.00000000e+00
 0.00000000e+00 0.00000000e+00
 0.00000000e+00 0.00000000e+00
 0.00000000e+00 0.00000000e+00
 0.00000000e+00 0.00000000e+00
 0.00000000e+00 0.00000000e+00
 0.00000000e+00 0.00000000e+00
 0.00000000e+00 0.00000000e+00
 0.00000000e+00 0.00000000e+00
 0.00000000e+00 0.00000000e+00
 0.00000000e+00 0.00000000e+00
 0.00000000e+00 0.00000000e+00
 0.00000000e+00 0.00000000e+00
 0.00000000e+00 0.00000000e+00
 0.00000000e+00 0.00000000e+00
 0.00000000e+00 0.00000000e+00
 0.00000000e+00 0.00000000e+00
 0.00000000e+00 0.00000000e+00
 0.00000000e+00 0.00000000e+00
 0.00000000e+00 0.00000000e+00
 0.00000000e+00 0.00000000e+00
 0.00000000e+00 0.00000000e+00
 0.00000000e+00 0.00000000e+00
 0.00000000e+00 0.00000000e+00
 0.00000000e+00 0.00000000e+00
 0.00000000e+00 0.00000000e+00
 0.00000000e+00 0.00000000e+00
 0.00000000e+00 0.00000000e+00
 0.00000000e+00 0.00000000e+00
 0.00000000e+00 0.00000000e+00
 0.00000000e+00 0.00000000e+00
 0.00000000e+00 0.00000000e+00
 0.00000000e+00 0.00000000e+00
 0.00000000e+00 0.00000000e+00
 6.87908981e-03 4.10973031e-02
 1.92542633e-02 8.66744320e-02
 3.68482075e-02 1.29760162e-01
 5.66300123e-02 1.64580556e-01
 7.42239700e-02 1.87536693e-01
 8.65993117e-02 1.96004928e-01
 9.34800398e-02 1.85285324e-01
 9.65114229e-02 1.44925134e-01
 9.76314367e-02 5.66601026e-02
 9.82761558e-02 -1.04480476e-01
 9.97067803e-02 -3.66584335e-01
 1.03911486e-01 -7.56738940e-01
 1.14413356e-01 -1.29764971e+00
 1.36355521e-01 -2.00498025e+00
 1.75646122e-01 -2.88507143e+00
 2.37675018e-01 -3.93346120e+00
 3.26205891e-01 -5.13534325e+00
 4.42558293e-01 -6.46851739e+00
 5.85307912e-01 -7.90774028e+00
 7.50969102e-01 -9.42839206e+00
 9.35326522e-01 -1.10081539e+01
 1.13444161e+00 -1.26269973e+01
 1.34501527e+00 -1.42663826e+01
 1.56444718e+00 -1.59079474e+01
 1.79076829e+00 -1.75317049e+01
 2.02245072e+00 -1.91145607e+01
 2.25813566e+00 -2.06304258e+01
 2.49620306e+00 -2.20522080e+01
 2.73413839e+00 -2.33546370e+01
 2.96801907e+00 -2.45168462e+01
 3.19258387e+00 -2.55244712e+01
 3.40192008e+00 -2.63711734e+01
 3.59035062e+00 -2.70590746e+01
 3.75331918e+00 -2.75977317e+01
 3.88854623e+00 -2.80020122e+01
 3.99738222e+00 -2.82896043e+01
 4.08558406e+00 -2.84785603e+01
 4.16316765e+00 -2.85847423e+01
 4.24369467e+00 -2.86190505e+01
 4.34281455e+00 -2.85850943e+01
 4.47588617e+00 -2.84785882e+01
 4.65608996e+00 -2.82889594e+01
 4.89439734e+00 -2.80019917e+01
 5.20042740e+00 -2.76019371e+01
 5.58265255e+00 -2.70727921e+01
 6.04833527e+00 -2.63994167e+01
 6.60435126e+00 -2.55687414e+01
 7.25873394e+00 -2.45705771e+01
 8.02177301e+00 -2.33976641e+01
 8.90592228e+00 -2.20453222e+01
 9.92452678e+00 -2.05114860e+01
 1.10895434e+01 -1.87976697e+01
 1.24083217e+01 -1.69108362e+01
 1.38798459e+01 -1.48656273e+01
 1.54914827e+01 -1.26860394e+01
 1.72173736e+01 -1.04056838e+01
 1.90190074e+01 -8.06650285e+00
 2.08479368e+01 -5.71666288e+00
 2.26502231e+01 -3.40836917e+00
 2.43717605e+01 -1.19549567e+00
 2.59634634e+01 8.69756829e-01
 2.73856371e+01 2.74146586e+00
 2.86111691e+01 4.38483141e+00
 2.96271596e+01 5.77955285e+00
 3.04346959e+01 6.92076918e+00
 3.10469481e+01 7.81788588e+00
 3.14862569e+01 8.49221063e+00
 3.17810281e+01 8.97406933e+00
 3.19629058e+01 9.29957051e+00
 3.20639545e+01 9.50680478e+00
 3.21133534e+01 9.63141463e+00
 3.21341284e+01 9.70254352e+00
 3.21414949e+01 9.74100740e+00
 3.21436590e+01 9.76031520e+00
 3.21441675e+01 9.76898517e+00
 3.21441956e+01 9.77232991e+00
 3.21438685e+01 9.77340242e+00
 3.21426051e+01 9.77368047e+00
 3.21389086e+01 9.77372774e+00
 3.21302894e+01 9.77367112e+00
 3.21140121e+01 9.77335977e+00
 3.20884247e+01 9.77219633e+00
 3.20533906e+01 9.76876852e+00
 3.20091428e+01 9.76074205e+00
 3.19554453e+01 9.74571484e+00
 3.18928801e+01 9.72301374e+00
 3.18245398e+01 9.69491640e+00
 3.17552031e+01 9.66565016e+00
 3.16885672e+01 9.63879363e+00
 3.16256425e+01 9.61555579e+00
 3.15654872e+01 9.59517798e+00
 3.15067610e+01 9.57635070e+00
 3.14485799e+01 9.55814092e+00
 3.13905568e+01 9.54011681e+00
 3.13325689e+01 9.52213541e+00
 3.12745871e+01 9.50416159e+00
 3.12166060e+01 9.48618880e+00
 3.11586252e+01 9.46821615e+00
 3.11006451e+01 9.45024375e+00
 3.10426708e+01 9.43227315e+00
 3.09847311e+01 9.41431324e+00
 3.09269525e+01 9.39640331e+00
 3.08697659e+01 9.37867686e+00
 3.08142899e+01 9.36148067e+00
 3.07627121e+01 9.34549281e+00
 3.07181469e+01 9.33167869e+00
 3.06835516e+01 9.32095499e+00
