 0.00000000e+00 0.00000000e+00
 0.00000000e+00 0.00000000e+00
 0.00000000e+00 0.00000000e+00
 0.00000000e+00 0.00000000e+00
 7.52613480e-10 7.28497565e-02
 1.28903961e-08 1.55801822e-01
 1.66652820e-07 2.36398800e-01
 1.70022615e-06 3.04806548e-01
 1.37783671e-05 3.56549491e-01
 8.91824580e-05 3.90649364e-01
 4.64175550e-04 4.05589210e-01
 1.95923635e-03 3.95673751e-01
 6.77815127e-03 3.48854669e-01
 1.94763589e-02 2.46787030e-01
 4.72414279e-02 6.74846396e-02
 9.86099491e-02 -2.10840375e-01
 1.81018953e-01 -6.06990548e-01
 2.98935256e-01 -1.13569189e+00
 4.53747553e-01 -1.80707266e+00
 6.44720775e-01 -2.62564243e+00
 8.69620485e-01 -3.58898782e+00
 1.12464548e+00 -4.68747446e+00
 1.40431518e+00 -5.90609573e+00
 1.70188549e+00 -7.22807783e+00
 2.01018467e+00 -8.63822048e+00
 2.32228541e+00 -1.01240347e+01
 2.63158259e+00 -1.16746061e+01
 2.93153584e+00 -1.32787425e+01
 3.21585906e+00 -1.49237685e+01
 3.47947954e+00 -1.65950115e+01
 3.71955652e+00 -1.82753873e+01
 3.93574096e+00 -1.99450313e+01
 4.12984593e+00 -2.15815041e+01
 4.30560037e+00 -2.31608967e+01
 4.46852516e+00 -2.46596345e+01
 4.62534113e+00 -2.60565023e+01
 4.78260889e+00 -2.73343460e+01
 4.94513529e+00 -2.84810367e+01
 5.11506191e+00 -2.94897070e+01
 5.29194077e+00 -3.03586057e+01
 5.47323379e+00 -3.10908049e+01
 5.65466613e+00 -3.16937108e+01
 5.83054682e+00 -3.21781916e+01
 5.99459153e+00 -3.25571903e+01
 6.14167109e+00 -3.28440629e+01
 6.27028824e+00 -3.30511868e+01
 6.38447408e+00 -3.31889611e+01
 6.49342700e+00 -3.32645506e+01
 6.60905099e+00 -3.32797730e+01
 6.74385381e+00 -3.32286573e+01
 6.91092525e+00 -3.30962663e+01
 7.12482531e+00 -3.28599641e+01
 7.40150527e+00 -3.24926216e+01
 7.75714398e+00 -3.19661566e+01
 8.20670523e+00 -3.12543310e+01
 8.76265200e+00 -3.03349504e+01
 9.43424143e+00 -2.91921560e+01
 1.02278263e+01 -2.78189795e+01
 1.11477348e+01 -2.62193138e+01
 1.21965723e+01 -2.44080375e+01
 1.33742952e+01 -2.24088993e+01
 1.46765747e+01 -2.02513162e+01
 1.60935620e+01 -1.79679644e+01
 1.76096467e+01 -1.55940042e+01
 1.92038053e+01 -1.31670032e+01
 2.08499442e+01 -1.07261691e+01
 2.25174988e+01 -8.31082179e+00
 2.41729983e+01 -5.95917244e+00
 2.57824100e+01 -3.70801219e+00
 2.73130838e+01 -1.59277360e+00
 2.87346390e+01 3.52989101e-01
 3.00197579e+01 2.09931394e+00
 3.11463529e+01 3.62274129e+00
 3.21007919e+01 4.90965333e+00
 3.28799213e+01 5.95862127e+00
 3.34902847e+01 6.78046203e+00
 3.39455068e+01 7.39590719e+00
 3.42641799e+01 7.83229014e+00
 3.44692849e+01 8.12096004e+00
 3.45876323e+01 8.29560790e+00
 3.46470444e+01 8.39000391e+00
 3.46713293e+01 8.43414106e+00
 3.46757701e+01 8.44995691e+00
 3.46655982e+01 8.44871174e+00
 3.46376866e+01 8.43092373e+00
 3.45842461e+01 8.38868433e+00
 3.44969341e+01 8.31006691e+00
 3.43699582e+01 8.18475223e+00
 3.42019649e+01 8.00902921e+00
 3.39976154e+01 7.78855533e+00
 3.37684332e+01 7.53793897e+00
 3.35304967e+01 7.27638571e+00
 3.32984207e+01 7.02047027e+00
 3.30796943e+01 6.77839933e+00
 3.28739458e+01 6.54979466e+00
 3.26767289e+01 6.32999638e+00
 3.24836525e+01 6.11444855e+00
 3.22921055e+01 5.90046310e+00
 3.21009942e+01 5.68692084e+00
 3.19099792e+01 5.47347620e+00
 3.17189807e+01 5.26004829e+00
 3.15279845e+01 5.04662264e+00
 3.13369887e+01 4.83319752e+00
 3.11459955e+01 4.61977523e+00
 3.09550214e+01 4.40637430e+00
 3.07641611e+01 4.19310045e+00
 3.05738318e+01 3.98042006e+00
 3.03854522e+01 3.76991838e+00
 3.02027079e+01 3.56571365e+00
 3.00328045e+01 3.37585786e+00
 2.98860015e+01 3.21181515e+00
 2.97720404e+01 3.08447124e+00
 2.97720404e+01 3.08447124e+00
 2.97720404e+01 3.08447124e+00
 2.97720404e+01 3.08447124e+00
 2.97720404e+01 3.08447124e+00
 2.97720404e+01 3.08447124e+00
 2.97720404e+01 3.08447124e+00
 2.97720404e+01 3.08447124e+00
 2.97720404e+01 3.08447124e+00
 2.97720404e+01 3.08447124e+00
 2.97720404e+01 3.08447124e+00
 2.97720404e+01 3.08447124e+00
 2.97720404e+01 3.08447124e+00
 2.97720404e+01 3.08447124e+00
 2.97720404e+01 3.08447124e+00
 2.97720404e+01 3.08447124e+00
 2.97720404e+01 3.08447124e+00
 2.97720404e+01 3.08447124e+00
 2.97720404e+01 3.08447124e+00
 2.97720404e+01 3.08447124e+00
 2.97720404e+01 3.08447124e+00
 2.97720404e+01 3.08447124e+00
 2.97720404e+01 3.08447124e+00
 2.97720404e+01 3.08447124e+00
 2.97720404e+01 3.08447124e+00
 2.97720404e+01 3.08447124e+00
 2.97720404e+01 3.08447124e+00
 2.97720404e+01 3.08447124e+00
 2.97720404e+01 3.08447124e+00
 2.97720404e+01 3.08447124e+00
 2.97720404e+01 3.08447124e+00
 2.97720404e+01 3.08447124e+00
 2.97720404e+01 3.08447124e+00
 2.97720404e+01 3.08447124e+00
 2.97720404e+01 3.08447124e+00
 2.97720404e+01 3.08447124e+00
 2.97720404e+01 3.08447124e+00
 2.97720404e+01 3.08447124e+00
 2.97720404e+01 3.08447124e+00
 2.97720404e+01 3.08447124e+00
 2.97720404e+01 3.08447124e+00
