 0.00000000e+00 0.00000000e+00
 0.00000000e+00 0.00000000e+00
 0.00000000e+00 0.00000000e+00
 0.00000000e+00 0.00000000e+00
 -1.75939442e-02 2.80239940e-02
 -3.73757481e-02 5.81542918e-02
 -5.49696923e-02 8.51917465e-02
 -6.73448657e-02 1.05371481e-01
 -7.42239546e-02 1.17566431e-01
 -7.72427936e-02 1.22391744e-01
 -7.82871208e-02 1.19539478e-01
 -7.85698621e-02 1.04424445e-01
 -7.86169605e-02 6.53029861e-02
 -7.85419905e-02 -1.80220389e-02
 -7.81262791e-02 -1.73032284e-01
 -7.64962746e-02 -4.30979263e-01
 -7.13688279e-02 -8.22412369e-01
 -5.82532685e-02 -1.37337097e+00
 -3.05724157e-02 -2.10280110e+00
 1.85970768e-02 -3.02071201e+00
 9.40354217e-02 -4.12682569e+00
 1.97123274e-01 -5.41046673e+00
 3.26539038e-01 -6.85249883e+00
 4.79552559e-01 -8.42887166e+00
 6.52558462e-01 -1.01142350e+01
 8.41045137e-01 -1.18841506e+01
 1.03979121e+00 -1.37152422e+01
 1.24344336e+00 -1.55835018e+01
 1.44711848e+00 -1.74617515e+01
 1.64676775e+00 -1.93177662e+01
 1.83934709e+00 -2.11143835e+01
 2.02291954e+00 -2.28119949e+01
 2.19655375e+00 -2.43726028e+01
 2.35978306e+00 -2.57640596e+01
 2.51184541e+00 -2.69635520e+01
 2.65133732e+00 -2.79600314e+01
 2.77667365e+00 -2.87552392e+01
 2.88719236e+00 -2.93627913e+01
 2.98424517e+00 -2.98053144e+01
 3.07139590e+00 -3.01105291e+01
 3.15360654e+00 -3.03074871e+01
 3.23656251e+00 -3.04235057e+01
 3.32705303e+00 -3.04812987e+01
 3.43371174e+00 -3.04957193e+01
 3.56711232e+00 -3.04709066e+01
 3.73949500e+00 -3.03997420e+01
 3.96468730e+00 -3.02663401e+01
 4.25775088e+00 -3.00498331e+01
 4.63387611e+00 -2.97270819e+01
 5.10720816e+00 -2.92738633e+01
 5.69050043e+00 -2.86658107e+01
 6.39547109e+00 -2.78800499e+01
 7.23299988e+00 -2.68972982e+01
 8.21251669e+00 -2.57038828e+01
 9.34071016e+00 -2.42934153e+01
 1.06202315e+01 -2.26679003e+01
 1.20487904e+01 -2.08380557e+01
 1.36184941e+01 -1.88229365e+01
 1.53154229e+01 -1.66490943e+01
 1.71198772e+01 -1.43491457e+01
 1.90075293e+01 -1.19595036e+01
 2.09510134e+01 -9.51777247e+00
 2.29210507e+01 -7.06113862e+00
 2.48864437e+01 -4.62668719e+00
 2.68132024e+01 -2.25306445e+00
 2.86640280e+01 1.83739683e-02
 3.03994932e+01 2.14463275e+00
 3.19813701e+01 4.08445190e+00
 3.33771083e+01 5.80248186e+00
 3.45634513e+01 7.27283936e+00
 3.55278920e+01 8.48184949e+00
 3.62687823e+01 9.43013567e+00
 3.67956378e+01 1.01333481e+01
 3.71289142e+01 1.06202694e+01
 3.72963364e+01 1.09277846e+01
 3.73253463e+01 1.10937325e+01
 3.72365919e+01 1.11500294e+01
 3.70435878e+01 1.11187047e+01
 3.67571586e+01 1.10119146e+01
 3.63891820e+01 1.08347248e+01
 3.59535592e+01 1.05890441e+01
 3.54664811e+01 1.02784719e+01
 3.49469588e+01 9.91357890e+00
 3.44157337e+01 9.51436558e+00
 3.38912275e+01 9.10607303e+00
 3.33845947e+01 8.70972299e+00
 3.28977846e+01 8.33468701e+00
 3.24261816e+01 7.97902047e+00
 3.19633723e+01 7.63561904e+00
 3.15044977e+01 7.29802374e+00
 3.10469984e+01 6.96253541e+00
 3.05898757e+01 6.62763945e+00
 3.01328339e+01 6.29287312e+00
 2.96758058e+01 5.95812892e+00
 2.92187795e+01 5.62338771e+00
 2.87617540e+01 5.28864726e+00
 2.83047345e+01 4.95391125e+00
 2.78477608e+01 4.61920874e+00
 2.73910591e+01 4.28470554e+00
 2.69356284e+01 3.95113314e+00
 2.64848630e+01 3.62097787e+00
 2.60475819e+01 3.30069888e+00
 2.56410274e+01 3.00292506e+00
 2.52897487e+01 2.74563703e+00
 2.50170563e+01 2.54590816e+00
 2.50170563e+01 2.54590816e+00
 2.50170563e+01 2.54590816e+00
 2.50170563e+01 2.54590816e+00
 2.50170563e+01 2.54590816e+00
 2.50170563e+01 2.54590816e+00
 2.50170563e+01 2.54590816e+00
 2.50170563e+01 2.54590816e+00
 2.50170563e+01 2.54590816e+00
 2.50170563e+01 2.54590816e+00
 2.50170563e+01 2.54590816e+00
 2.50170563e+01 2.54590816e+00
 2.50170563e+01 2.54590816e+00
 2.50170563e+01 2.54590816e+00
 2.50170563e+01 2.54590816e+00
 2.50170563e+01 2.54590816e+00
 2.50170563e+01 2.54590816e+00
 2.50170563e+01 2.54590816e+00
 2.50170563e+01 2.54590816e+00
 2.50170563e+01 2.54590816e+00
 2.50170563e+01 2.54590816e+00
 2.50170563e+01 2.54590816e+00
 2.50170563e+01 2.54590816e+00
 2.50170563e+01 2.54590816e+00
 2.50170563e+01 2.54590816e+00
 2.50170563e+01 2.54590816e+00
 2.50170563e+01 2.54590816e+00
 2.50170563e+01 2.54590816e+00
 2.50170563e+01 2.54590816e+00
 2.50170563e+01 2.54590816e+00
 2.50170563e+01 2.54590816e+00
 2.50170563e+01 2.54590816e+00
 2.50170563e+01 2.54590816e+00
 2.50170563e+01 2.54590816e+00
 2.50170563e+01 2.54590816e+00
 2.50170563e+01 2.54590816e+00
 2.50170563e+01 2.54590816e+00
 2.50170563e+01 2.54590816e+00
 2.50170563e+01 2.54590816e+00
 2.50170563e+01 2.54590816e+00
 2.50170563e+01 2.54590816e+00
 2.50170563e+01 2.54590816e+00
 2.50170563e+01 2.54590816e+00
 2.50170563e+01 2.54590816e+00
 2.50170563e+01 2.54590816e+00
 2.50170563e+01 2.54590816e+00
 2.50170563e+01 2.54590816e+00
 2.50170563e+01 2.54590816e+00
