 0.00000000e+00 0.00000000e+00
 0.00000000e+00 0.00000000e+00
 0.00000000e+00 0.00000000e+00
 0.00000000e+00 0.00000000e+00
 0.00000000e+00 0.00000000e+00
 0.00000000e+00 0.00000000e+00
 0.00000000e+00 0.00000000e+00
 0.00000000e+00 0.00000000e+00
 0.00000000e+00 0.00000000e+00
 0.00000000e+00 0.00000000e+00
 0.00000000e+00 0.00000000e+00
 0.00000000e+00 0.00000000e+00
 0.00000000e+00 0.00000000e+00
 0.00000000e+00 0.00000000e+00
 0.00000000e+00 0.00000000e+00
 0.00000000e+00 0.00000000e+00
 0.00000000e+00 0.00000000e+00
 0.00000000e+00 0.00000000e+00
 0.00000000e+00 0.00000000e+00
 0.00000000e+00 0.00000000e+00
 0.00000000e+00 0.00000000e+00
 0.00000000e+00 0.00000000e+00
 0.00000000e+00 0.00000000e+00
 0.00000000e+00 0.00000000e+00
 0.00000000e+00 0.00000000e+00
 0.00000000e+00 0.00000000e+00
 0.00000000e+00 0.00000000e+00
 0.00000000e+00 0.00000000e+00
 0.00000000e+00 0.00000000e+00
 -1.10066829e-02 6.42382500e-02
 -3.08083097e-02 1.37512214e-01
 -5.89688604e-02 2.08676416e-01
 -9.06806687e-02 2.68756754e-01
 -1.19115494e-01 3.13222008e-01
 -1.39960276e-01 3.40048049e-01
 -1.53985652e-01 3.45999440e-01
 -1.65694639e-01 3.23888869e-01
 -1.79738375e-01 2.61824360e-01
 -1.97766916e-01 1.44269801e-01
 -2.17519166e-01 -4.56222869e-02
 -2.34508264e-01 -3.23268968e-01
 -2.44459161e-01 -7.00540309e-01
 -2.43710692e-01 -1.18488392e+00
 -2.27229094e-01 -1.77937118e+00
 -1.87159881e-01 -2.48274153e+00
 -1.14612513e-01 -3.28919719e+00
 -3.64556163e-03 -4.18900056e+00
 1.46200468e-01 -5.17082779e+00
 3.30765420e-01 -6.22501078e+00
 5.43990376e-01 -7.34554795e+00
 7.80125224e-01 -8.52967603e+00
 1.03476632e+00 -9.77569399e+00
 1.30524534e+00 -1.10806916e+01
 1.59064663e+00 -1.24393309e+01
 1.89141184e+00 -1.38436502e+01
 2.20873647e+00 -1.52831614e+01
 2.54410676e+00 -1.67447792e+01
 2.89889761e+00 -1.82127647e+01
 3.27361394e+00 -1.96690913e+01
 3.66684521e+00 -2.10943650e+01
 4.07468567e+00 -2.24690504e+01
 4.49109158e+00 -2.37746458e+01
 4.90872165e+00 -2.49947157e+01
 5.31961917e+00 -2.61159406e+01
 5.71577417e+00 -2.71291958e+01
 6.08989939e+00 -2.80303564e+01
 6.43628107e+00 -2.88204953e+01
 6.75128148e+00 -2.95053394e+01
 7.03340094e+00 -3.00941024e+01
 7.28309295e+00 -3.05980046e+01
 7.50237297e+00 -3.10287740e+01
 7.69409474e+00 -3.13972922e+01
 7.86102285e+00 -3.17125473e+01
 8.00526471e+00 -3.19810816e+01
 8.12854728e+00 -3.22069883e+01
 8.23296337e+00 -3.23923518e+01
 8.32105911e+00 -3.25380793e+01
 8.39483652e+00 -3.26451172e+01
 8.45493177e+00 -3.27155318e+01
 8.50156947e+00 -3.27521110e+01
 8.53716015e+00 -3.27554707e+01
 8.56858491e+00 -3.27198553e+01
 8.60716928e+00 -3.26309247e+01
 8.66618123e+00 -3.24678841e+01
 8.75791943e+00 -3.22086920e+01
 8.89285081e+00 -3.18346510e+01
 9.08118071e+00 -3.13319791e+01
 9.33499843e+00 -3.06911648e+01
 9.66904469e+00 -2.99064167e+01
 1.00996320e+01 -2.89761272e+01
 1.06425889e+01 -2.79031055e+01
 1.13116268e+01 -2.66930341e+01
 1.21180214e+01 -2.53514408e+01
 1.30709958e+01 -2.38813422e+01
 1.41770618e+01 -2.22835982e+01
 1.54374160e+01 -2.05599410e+01
 1.68446417e+01 -1.87166149e+01
 1.83808726e+01 -1.67666708e+01
 2.00181766e+01 -1.47308607e+01
 2.17201911e+01 -1.26382738e+01
 2.34440667e+01 -1.05269832e+01
 2.51428586e+01 -8.44351005e+00
 2.67688118e+01 -6.43983908e+00
 2.82773484e+01 -4.56810136e+00
 2.96310615e+01 -2.87450171e+00
 3.08030344e+01 -1.39430819e+00
 3.17789803e+01 -1.48759022e-01
 3.25577206e+01 8.56200864e-01
 3.31497977e+01 1.62957310e+00
 3.35748786e+01 2.19338725e+00
 3.38591568e+01 2.57937306e+00
 3.40330697e+01 2.82467798e+00
 3.41283868e+01 2.96720089e+00
 3.41741881e+01 3.04110796e+00
 3.41930474e+01 3.07326591e+00
 3.41993553e+01 3.08165358e+00
 3.42002057e+01 3.07657292e+00
 3.41975525e+01 3.06399562e+00
 3.41903429e+01 3.04863207e+00
 3.41763973e+01 3.03459738e+00
 3.41539725e+01 3.02413672e+00
 3.41221378e+01 3.01671185e+00
 3.40793932e+01 3.00979450e+00
 3.40217301e+01 3.00081739e+00
 3.39419793e+01 2.98900341e+00
 3.38309933e+01 2.97592502e+00
 3.36801239e+01 2.96432783e+00
 3.34842219e+01 2.95617527e+00
 3.32441924e+01 2.95164392e+00
 3.29681995e+01 2.94965539e+00
 3.26706975e+01 2.94896738e+00
 3.23685250e+01 2.94877997e+00
 3.20750411e+01 2.94873984e+00
 3.17959300e+01 2.94873310e+00
 3.15296796e+01 2.94873221e+00
 3.12715469e+01 2.94873212e+00
 3.10172611e+01 2.94873211e+00
 3.07643751e+01 2.94873211e+00
 3.05118839e+01 2.94873211e+00
 3.02594793e+01 2.94873211e+00
 3.00070895e+01 2.94873211e+00
 2.97547017e+01 2.94873211e+00
 2.95023145e+01 2.94873211e+00
 2.92499306e+01 2.94873211e+00
 2.89975719e+01 2.94873211e+00
 2.87453636e+01 2.94873211e+00
 2.84938570e+01 2.94873211e+00
 2.82449269e+01 2.94873211e+00
 2.80034433e+01 2.94873211e+00
 2.77789282e+01 2.94873211e+00
 2.75849384e+01 2.94873211e+00
 2.74343471e+01 2.94873211e+00
