 0.00000000e+00 0.00000000e+00
 0.00000000e+00 0.00000000e+00
 0.00000000e+00 0.00000000e+00
 0.00000000e+00 0.00000000e+00
 0.00000000e+00 0.00000000e+00
 0.00000000e+00 0.00000000e+00
 0.00000000e+00 0.00000000e+00
 0.00000000e+00 0.00000000e+00
 0.00000000e+00 0.00000000e+00
 0.00000000e+00 0.00000000e+00
 0.00000000e+00 0.00000000e+00
 0.00000000e+00 0.00000000e+00
 0.00000000e+00 0.00000000e+00
 0.00000000e+00 0.00000000e+00
 0.00000000e+00 0.00000000e+00
 0.00000000e+00 0.00000000e+00
 0.00000000e+00 0.00000000e+00
 0.00000000e+00 0.00000000e+00
 0.00000000e+00 0.00000000e+00
 0.00000000e+00 0.00000000e+00
 0.00000000e+00 0.00000000e+00
 0.00000000e+00 0.00000000e+00
 0.00000000e+00 0.00000000e+00
 0.00000000e+00 0.00000000e+00
 0.00000000e+00 0.00000000e+00
 0.00000000e+00 0.00000000e+00
 0.00000000e+00 0.00000000e+00
 0.00000000e+00 0.00000000e+00
 0.00000000e+00 0.00000000e+00
 0.00000000e+00 0.00000000e+00
 0.00000000e+00 0.00000000e+00
 0.00000000e+00 0.00000000e+00
 0.00000000e+00 0.00000000e+00
 0.00000000e+00 0.00000000e+00
 0.00000000e+00 0.00000000e+00
 0.00000000e+00 0.00000000e+00
 0.00000000e+00 0.00000000e+00
 0.00000000e+00 0.00000000e+00
 0.00000000e+00 0.00000000e+00
 0.00000000e+00 0.00000000e+00
 0.00000000e+00 0.00000000e+00
 1.74266072e-02 9.15886939e-02
 3.26054173e-02 1.98985600e-01
 3.77020357e-02 3.05563110e-01
 2.78358700e-02 3.93530533e-01
 3.23624681e-03 4.47548209e-01
 -3.34645037e-02 4.54497522e-01
 -8.14566459e-02 4.00757152e-01
 -1.42715138e-01 2.70038066e-01
 -2.19129825e-01 4.38133168e-02
 -3.09264792e-01 -2.96272347e-01
 -4.07800273e-01 -7.65938615e-01
 -5.07380828e-01 -1.37651834e+00
 -6.00476476e-01 -2.13340821e+00
 -6.80115722e-01 -3.03470651e+00
 -7.40537230e-01 -4.07112121e+00
 -7.78350621e-01 -5.22805483e+00
 -7.92861087e-01 -6.48928217e+00
 -7.84602271e-01 -7.84032644e+00
 -7.53444975e-01 -9.26988063e+00
 -6.98255254e-01 -1.07691772e+01
 -6.18298213e-01 -1.23303721e+01
 -5.14818394e-01 -1.39447819e+01
 -3.91029102e-01 -1.56011036e+01
 -2.50218205e-01 -1.72837429e+01
 -9.36292754e-02 -1.89718643e+01
 8.00193144e-02 -2.06398466e+01
 2.73300807e-01 -2.22591580e+01
 4.88399688e-01 -2.38008911e+01
 7.25803230e-01 -2.52380928e+01
 9.83304336e-01 -2.65476018e+01
 1.25536635e+00 -2.77115963e+01
 1.53334622e+00 -2.87189476e+01
 1.80666278e+00 -2.95661015e+01
 2.06428775e+00 -3.02570617e+01
 2.29606829e+00 -3.08023107e+01
 2.49396078e+00 -3.12170340e+01
 2.65330441e+00 -3.15193857e+01
 2.77378262e+00 -3.17291982e+01
 2.85939088e+00 -3.18667153e+01
 2.91739506e+00 -3.19505179e+01
 2.95751990e+00 -3.19944846e+01
 2.99234812e+00 -3.20048567e+01
 3.03793621e+00 -3.19788585e+01
 3.11296143e+00 -3.19053934e+01
 3.23653540e+00 -3.17670924e+01
 3.42641990e+00 -3.15425920e+01
 3.69856644e+00 -3.12085984e+01
 4.06717885e+00 -3.07421213e+01
 4.54426715e+00 -3.01231157e+01
 5.13870488e+00 -2.93370435e+01
 5.85544016e+00 -2.83766149e+01
 6.69534947e+00 -2.72422144e+01
 7.65585158e+00 -2.59409814e+01
 8.73200123e+00 -2.44852169e+01
 9.91738128e+00 -2.28911230e+01
 1.12040181e+01 -2.11783707e+01
 1.25809903e+01 -1.93703900e+01
 1.40321817e+01 -1.74951998e+01
 1.55342332e+01 -1.55863822e+01
 1.70558890e+01 -1.36832298e+01
 1.85596264e+01 -1.18291008e+01
 2.00055308e+01 -1.00679690e+01
 2.13560354e+01 -8.44016220e+00
 2.25797337e+01 -6.97849653e+00
 2.36537010e+01 -5.70542502e+00
 2.45650770e+01 -4.63123517e+00
 2.53124255e+01 -3.75344110e+00
 2.59062484e+01 -3.05781959e+00
 2.63675307e+01 -2.52118095e+00
 2.67238403e+01 -2.11520758e+00
 2.70039549e+01 -1.81036830e+00
 2.72331498e+01 -1.57915197e+00
 2.74308594e+01 -1.39826741e+00
 2.76105972e+01 -1.24978320e+00
 2.77806973e+01 -1.12134050e+00
 2.79447538e+01 -1.00559156e+00
 2.81018238e+01 -8.99105485e-01
 2.82473317e+01 -8.01162253e-01
 2.83753383e+01 -7.12774238e-01
 2.84813149e+01 -6.35857761e-01
 2.85634484e+01 -5.72198198e-01
 2.86217192e+01 -5.22167082e-01
 2.86561110e+01 -4.83916170e-01
 2.86652796e+01 -4.53935157e-01
 2.86457740e+01 -4.28682534e-01
 2.85921962e+01 -4.05932914e-01
 2.84992509e+01 -3.85103853e-01
 2.83652955e+01 -3.66820045e-01
 2.81953383e+01 -3.51953851e-01
 2.80013416e+01 -3.40507491e-01
 2.77988177e+01 -3.31257244e-01
 2.76010015e+01 -3.22526192e-01
 2.74143542e+01 -3.13197598e-01
 2.72385009e+01 -3.03016890e-01
 2.70696919e+01 -2.92229052e-01
 2.69042820e+01 -2.81143264e-01
 2.67401224e+01 -2.69948670e-01
 2.65763178e+01 -2.58723639e-01
 2.64125915e+01 -2.47492003e-01
 2.62488786e+01 -2.36259251e-01
 2.60851676e+01 -2.25026352e-01
 2.59214569e+01 -2.13793453e-01
 2.57577485e+01 -2.02560701e-01
 2.55940564e+01 -1.91329074e-01
 2.54304618e+01 -1.80104134e-01
 2.52673224e+01 -1.68910429e-01
 2.51058542e+01 -1.57831393e-01
 2.49492162e+01 -1.47083776e-01
 2.48035848e+01 -1.37091366e-01
 2.46777536e+01 -1.28457540e-01
 2.45800727e+01 -1.21755228e-01
