 0.00000000e+00 0.00000000e+00
 0.00000000e+00 0.00000000e+00
 0.00000000e+00 0.00000000e+00
 0.00000000e+00 0.00000000e+00
 0.00000000e+00 0.00000000e+00
 0.00000000e+00 0.00000000e+00
 0.00000000e+00 0.00000000e+00
 0.00000000e+00 0.00000000e+00
 0.00000000e+00 0.00000000e+00
 7.91959702e-02 6.78317941e-02
 1.56689730e-01 1.55589431e-01
 2.09105619e-01 2.59392095e-01
 2.13951769e-01 3.76589361e-01
 1.54067231e-01 5.07389252e-01
 1.94431394e-02 6.54056834e-01
 -1.93239050e-01 8.18865731e-01
 -4.82991484e-01 1.00225256e+00
 -8.47049903e-01 1.20193637e+00
 -1.28173408e+00 1.41301846e+00
 -1.78182854e+00 1.62850354e+00
 -2.33987163e+00 1.83959789e+00
 -2.94632520e+00 2.03579929e+00
 -3.59077636e+00 2.20556730e+00
 -4.26357898e+00 2.33806978e+00
 -4.95700994e+00 2.42497916e+00
 -5.66559814e+00 2.46033312e+00
 -6.38619009e+00 2.43810360e+00
 -7.11833918e+00 2.35004887e+00
 -7.86473178e+00 2.18648356e+00
 -8.63082993e+00 1.93908943e+00
 -9.42346228e+00 1.60267162e+00
 -1.02490335e+01 1.17470207e+00
 -1.11121741e+01 6.54229304e-01
 -1.20148329e+01 4.18719625e-02
 -1.29550747e+01 -6.58908369e-01
 -1.39252361e+01 -1.44021170e+00
 -1.49102211e+01 -2.28899848e+00
 -1.58872061e+01 -3.18789062e+00
 -1.68273104e+01 -4.11694743e+00
 -1.76987654e+01 -5.05531295e+00
 -1.84706879e+01 -5.98223327e+00
 -1.91166014e+01 -6.87785830e+00
 -1.96169222e+01 -7.72433728e+00
 -1.99599177e+01 -8.50706458e+00
 -2.01414090e+01 -9.21542553e+00
 -2.01640217e+01 -9.84254388e+00
 -2.00363192e+01 -1.03841259e+01
 -1.97713609e+01 -1.08369851e+01
 -1.93843535e+01 -1.11978247e+01
 -1.88900292e+01 -1.14624633e+01
 -1.83009443e+01 -1.16254295e+01
 -1.76273546e+01 -1.16800858e+01
 -1.68782192e+01 -1.16197171e+01
 -1.60622709e+01 -1.14394478e+01
 -1.51884449e+01 -1.11377970e+01
 -1.42657176e+01 -1.07168853e+01
 -1.33028198e+01 -1.01817445e+01
 -1.23082590e+01 -9.53973091e+00
 -1.12908063e+01 -8.80029465e+00
 -1.02601551e+01 -7.97486478e+00
 -9.22722802e+00 -7.07663843e+00
 -8.20402646e+00 -6.11999045e+00
 -7.20341202e+00 -5.11933187e+00
 -6.23885470e+00 -4.08779729e+00
 -5.32349912e+00 -3.03649705e+00
 -4.46835732e+00 -1.97479342e+00
 -3.68074303e+00 -9.11498688e-01
 -2.96427141e+00 1.43479512e-01
 -2.32041160e+00 1.17764807e+00
 -1.75027736e+00 2.17520002e+00
 -1.25531041e+00 3.11741682e+00
 -8.36722325e-01 3.98405658e+00
 -4.94942263e-01 4.75519967e+00
 -2.30254359e-01 5.41299908e+00
 -4.42556009e-02 5.94281925e+00
 5.92298932e-02 6.33336599e+00
 7.45941161e-02 6.57604923e+00
 -3.87774588e-03 6.66453755e+00
 -1.79911037e-01 6.59512781e+00
 -4.54006362e-01 6.36739477e+00
 -8.23579527e-01 5.98419344e+00
 -1.28328997e+00 5.45098694e+00
 -1.82441291e+00 4.77542636e+00
 -2.43407918e+00 3.96788565e+00
 -3.09581896e+00 3.04247588e+00
 -3.79126963e+00 2.01731075e+00
 -4.50181358e+00 9.13390494e-01
 -5.20940625e+00 -2.47288521e-01
 -5.89662047e+00 -1.44330124e+00
 -6.54635090e+00 -2.65453991e+00
 -7.14188372e+00 -3.86242105e+00
 -7.66780641e+00 -5.04999603e+00
 -8.11151836e+00 -6.20213456e+00
 -8.46479659e+00 -7.30581331e+00
 -8.72521687e+00 -8.35059042e+00
 -8.89719700e+00 -9.32921862e+00
 -8.99169612e+00 -1.02380331e+01
 -9.02388748e+00 -1.10767025e+01
 -9.01011296e+00 -1.18472967e+01
 -8.96619975e+00 -1.25530003e+01
 -8.90701157e+00 -1.31968772e+01
 -8.84545948e+00 -1.37809556e+01
 -8.79073157e+00 -1.43056930e+01
 -8.74698724e+00 -1.47697586e+01
 -8.71269906e+00 -1.51700440e+01
 -8.67992601e+00 -1.55016711e+01
 -8.63389007e+00 -1.57576536e+01
 -8.55394797e+00 -1.59283589e+01
 -8.41596419e+00 -1.60017473e+01
 -8.19507518e+00 -1.59653061e+01
 -7.86841347e+00 -1.58093687e+01
 -7.41847317e+00 -1.55304793e+01
 -6.83780561e+00 -1.51338324e+01
 -6.13442275e+00 -1.46348836e+01
 -5.33518281e+00 -1.40599525e+01
 -4.48273011e+00 -1.34437124e+01
 -3.62352434e+00 -1.28214088e+01
 -2.79175709e+00 -1.22183095e+01
 -1.99986161e+00 -1.16435713e+01
 -1.24186412e+00 -1.10929910e+01
 -5.04583397e-01 -1.05571696e+01
 2.23104676e-01 -1.00281761e+01
 9.47362953e-01 -9.50162170e+00
 1.67066694e+00 -8.97574536e+00
 2.39376365e+00 -8.45001620e+00
 3.11682517e+00 -7.92431201e+00
 3.83988194e+00 -7.39861120e+00
 4.56293725e+00 -6.87291144e+00
 5.28598297e+00 -6.34721865e+00
 6.00895634e+00 -5.82157846e+00
 6.73149918e+00 -5.29625129e+00
 7.45203146e+00 -4.77238590e+00
 8.16518256e+00 -4.25388703e+00
 8.85700043e+00 -3.75089855e+00
 9.50020607e+00 -3.28325376e+00
 1.00559605e+01 -2.87919067e+00
 1.04873844e+01 -2.56552251e+00
 1.04873844e+01 -2.56552251e+00
 1.04873844e+01 -2.56552251e+00
 1.04873844e+01 -2.56552251e+00
 1.04873844e+01 -2.56552251e+00
 1.04873844e+01 -2.56552251e+00
 1.04873844e+01 -2.56552251e+00
 1.04873844e+01 -2.56552251e+00
 1.04873844e+01 -2.56552251e+00
 1.04873844e+01 -2.56552251e+00
 1.04873844e+01 -2.56552251e+00
 1.04873844e+01 -2.56552251e+00
 1.04873844e+01 -2.56552251e+00
 1.04873844e+01 -2.56552251e+00
 1.04873844e+01 -2.56552251e+00
 1.04873844e+01 -2.56552251e+00
 1.04873844e+01 -2.56552251e+00
 1.04873844e+01 -2.56552251e+00
 1.04873844e+01 -2.56552251e+00
 1.04873844e+01 -2.56552251e+00
 1.04873844e+01 -2.56552251e+00
 1.04873844e+01 -2.56552251e+00
 1.04873844e+01 -2.56552251e+00
 1.04873844e+01 -2.56552251e+00
 1.04873844e+01 -2.56552251e+00
 1.04873844e+01 -2.56552251e+00
 1.04873844e+01 -2.56552251e+00
 1.04873844e+01 -2.56552251e+00
 1.04873844e+01 -2.56552251e+00
 1.04873844e+01 -2.56552251e+00
 1.04873844e+01 -2.56552251e+00
 1.04873844e+01 -2.56552251e+00
 1.04873844e+01 -2.56552251e+00
 1.04873844e+01 -2.56552251e+00
 1.04873844e+01 -2.56552251e+00
 1.04873844e+01 -2.56552251e+00
 1.04873844e+01 -2.56552251e+00
 1.04873844e+01 -2.56552251e+00
 1.04873844e+01 -2.56552251e+00
 1.04873844e+01 -2.56552251e+00
 1.04873844e+01 -2.56552251e+00
 1.04873844e+01 -2.56552251e+00
