 0.00000000e+00 0.00000000e+00
 0.00000000e+00 0.00000000e+00
 0.00000000e+00 0.00000000e+00
 0.00000000e+00 0.00000000e+00
 -3.87942743e-02 2.44159366e-01
 -9.58608209e-02 5.56342084e-01
 -1.70221377e-01 9.11245021e-01
 -2.56761089e-01 1.27973064e+00
 -3.46368218e-01 1.63723261e+00
 -4.28606081e-01 1.96636087e+00
 -4.96171682e-01 2.25575305e+00
 -5.47199351e-01 2.49764250e+00
 -5.83440829e-01 2.68476192e+00
 -6.07137239e-01 2.80675825e+00
 -6.19534570e-01 2.84721913e+00
 -6.20331696e-01 2.78299907e+00
 -6.06608881e-01 2.58686215e+00
 -5.72335564e-01 2.23269062e+00
 -5.10115575e-01 1.70084118e+00
 -4.14017423e-01 9.81522783e-01
 -2.80552433e-01 7.63221684e-02
 -1.07176195e-01 -1.00071140e+00
 1.09147432e-01 -2.22253441e+00
 3.71247163e-01 -3.55123204e+00
 6.79653394e-01 -4.94412606e+00
 1.03103349e+00 -6.36209416e+00
 1.41817598e+00 -7.77636518e+00
 1.83140553e+00 -9.17124226e+00
 2.26061322e+00 -1.05429211e+01
 2.69695864e+00 -1.18962271e+01
 3.13384007e+00 -1.32409551e+01
 3.56731457e+00 -1.45884616e+01
 3.99622012e+00 -1.59484824e+01
 4.42208485e+00 -1.73263763e+01
 4.84878404e+00 -1.87214276e+01
 5.28174850e+00 -2.01266022e+01
 5.72658773e+00 -2.15295531e+01
 6.18749604e+00 -2.29143975e+01
 6.66611888e+00 -2.42636752e+01
 7.16108841e+00 -2.55597658e+01
 7.66784620e+00 -2.67855187e+01
 8.17847463e+00 -2.79247010e+01
 8.68176865e+00 -2.89628605e+01
 9.16400814e+00 -2.98884358e+01
 9.61065299e+00 -3.06936777e+01
 1.00086642e+01 -3.13752516e+01
 1.03486764e+01 -3.19345342e+01
 1.06262090e+01 -3.23775146e+01
 1.08417276e+01 -3.27141663e+01
 1.10002348e+01 -3.29573854e+01
 1.11110343e+01 -3.31218953e+01
 1.11871787e+01 -3.32232321e+01
 1.12439075e+01 -3.32760016e+01
 1.12972170e+01 -3.32905087e+01
 1.13644932e+01 -3.32684563e+01
 1.14666317e+01 -3.32000581e+01
 1.16289866e+01 -3.30644460e+01
 1.18801185e+01 -3.28330647e+01
 1.22495318e+01 -3.24741960e+01
 1.27652718e+01 -3.19570242e+01
 1.34512828e+01 -3.12548009e+01
 1.43246867e+01 -3.03473165e+01
 1.53937026e+01 -2.92227855e+01
 1.66568336e+01 -2.78789409e+01
 1.81033165e+01 -2.63231117e+01
 1.97140545e+01 -2.45714379e+01
 2.14620999e+01 -2.26477915e+01
 2.33126311e+01 -2.05828678e+01
 2.52234032e+01 -1.84134929e+01
 2.71465487e+01 -1.61821367e+01
 2.90314293e+01 -1.39367783e+01
 3.08275238e+01 -1.17307944e+01
 3.24870767e+01 -9.62158311e+00
 3.39683405e+01 -7.66658409e+00
 3.52398436e+01 -5.91689491e+00
 3.62843347e+01 -4.41063519e+00
 3.71001486e+01 -3.16880716e+00
 3.76990880e+01 -2.19505918e+00
 3.81020035e+01 -1.47861131e+00
 3.83337932e+01 -9.98496159e-01
 3.84189013e+01 -7.27862770e-01
 3.83784334e+01 -6.38066779e-01
 3.82300377e+01 -7.02150440e-01
 3.79899822e+01 -8.96596464e-01
 3.76752058e+01 -1.20045900e+00
 3.73040785e+01 -1.59230250e+00
 3.68963188e+01 -2.04694380e+00
 3.64720897e+01 -2.53511068e+00
 3.60493345e+01 -3.02817415e+00
 3.56398791e+01 -3.50583602e+00
 3.52472413e+01 -3.96076160e+00
 3.48683500e+01 -4.39632141e+00
 3.44977443e+01 -4.82005024e+00
 3.41309595e+01 -5.23830643e+00
 3.37655409e+01 -5.65460824e+00
 3.34005030e+01 -6.07036693e+00
 3.30355480e+01 -6.48600778e+00
 3.26706071e+01 -6.90162865e+00
 3.23056681e+01 -7.31724682e+00
 3.19407298e+01 -7.73286415e+00
 3.15757964e+01 -8.14847597e+00
 3.12108994e+01 -8.56404620e+00
 3.08462198e+01 -8.97936897e+00
 3.04825549e+01 -9.39353604e+00
 3.01226154e+01 -9.80346037e+00
 2.97734432e+01 -1.02011222e+01
 2.94488064e+01 -1.05708414e+01
 2.91683077e+01 -1.08902930e+01
 2.89505608e+01 -1.11382785e+01
 2.89505608e+01 -1.11382785e+01
 2.89505608e+01 -1.11382785e+01
 2.89505608e+01 -1.11382785e+01
 2.89505608e+01 -1.11382785e+01
 2.89505608e+01 -1.11382785e+01
 2.89505608e+01 -1.11382785e+01
 2.89505608e+01 -1.11382785e+01
 2.89505608e+01 -1.11382785e+01
 2.89505608e+01 -1.11382785e+01
 2.89505608e+01 -1.11382785e+01
 2.89505608e+01 -1.11382785e+01
 2.89505608e+01 -1.11382785e+01
 2.89505608e+01 -1.11382785e+01
 2.89505608e+01 -1.11382785e+01
 2.89505608e+01 -1.11382785e+01
 2.89505608e+01 -1.11382785e+01
 2.89505608e+01 -1.11382785e+01
 2.89505608e+01 -1.11382785e+01
 2.89505608e+01 -1.11382785e+01
 2.89505608e+01 -1.11382785e+01
 2.89505608e+01 -1.11382785e+01
 2.89505608e+01 -1.11382785e+01
 2.89505608e+01 -1.11382785e+01
 2.89505608e+01 -1.11382785e+01
 2.89505608e+01 -1.11382785e+01
 2.89505608e+01 -1.11382785e+01
 2.89505608e+01 -1.11382785e+01
 2.89505608e+01 -1.11382785e+01
 2.89505608e+01 -1.11382785e+01
 2.89505608e+01 -1.11382785e+01
 2.89505608e+01 -1.11382785e+01
 2.89505608e+01 -1.11382785e+01
 2.89505608e+01 -1.11382785e+01
 2.89505608e+01 -1.11382785e+01
 2.89505608e+01 -1.11382785e+01
 2.89505608e+01 -1.11382785e+01
 2.89505608e+01 -1.11382785e+01
 2.89505608e+01 -1.11382785e+01
 2.89505608e+01 -1.11382785e+01
 2.89505608e+01 -1.11382785e+01
 2.89505608e+01 -1.11382785e+01
 2.89505608e+01 -1.11382785e+01
 2.89505608e+01 -1.11382785e+01
