 0.00000000e+00 0.00000000e+00
 0.00000000e+00 0.00000000e+00
 0.00000000e+00 0.00000000e+00
 0.00000000e+00 0.00000000e+00
 -6.84938438e-02 8.02216897e-02
 -1.42709297e-01 1.68189461e-01
 -2.10741168e-01 2.47978834e-01
 -2.64260239e-01 3.06611838e-01
 -3.00780954e-01 3.36119969e-01
 -3.23005578e-01 3.28843592e-01
 -3.36944456e-01 2.69751257e-01
 -3.49740591e-01 1.31969190e-01
 -3.67483540e-01 -1.20852829e-01
 -3.93524156e-01 -5.27044903e-01
 -4.28236035e-01 -1.11932036e+00
 -4.70394414e-01 -1.92044250e+00
 -5.18530827e-01 -2.94139624e+00
 -5.70791137e-01 -4.17973400e+00
 -6.24370242e-01 -5.61797453e+00
 -6.76229656e-01 -7.22430611e+00
 -7.24203788e-01 -8.95697863e+00
 -7.66256753e-01 -1.07706920e+01
 -7.98144956e-01 -1.26217272e+01
 -8.12312545e-01 -1.44701986e+01
 -7.99563139e-01 -1.62804360e+01
 -7.52085689e-01 -1.80211249e+01
 -6.65795603e-01 -1.96655528e+01
 -5.41236384e-01 -2.11915560e+01
 -3.83205094e-01 -2.25812799e+01
 -1.99623279e-01 -2.38212998e+01
 -3.22383842e-04 -2.49032866e+01
 2.03824098e-01 -2.58247249e+01
 4.01484936e-01 -2.65890050e+01
 5.81654803e-01 -2.72047322e+01
 7.35150951e-01 -2.76846642e+01
 8.56730983e-01 -2.80445572e+01
 9.46726699e-01 -2.83019344e+01
 1.01057204e+00 -2.84750544e+01
 1.05572886e+00 -2.85824150e+01
 1.08801972e+00 -2.86423216e+01
 1.11035376e+00 -2.86716382e+01
 1.12429753e+00 -2.86838809e+01
 1.13207486e+00 -2.86878919e+01
 1.13731011e+00 -2.86877474e+01
 1.14540255e+00 -2.86830743e+01
 1.16478877e+00 -2.86685261e+01
 1.20854574e+00 -2.86322539e+01
 1.29483108e+00 -2.85545844e+01
 1.44582286e+00 -2.84083182e+01
 1.68621505e+00 -2.81608944e+01
 2.04192225e+00 -2.77774779e+01
 2.53846182e+00 -2.72240144e+01
 3.19854979e+00 -2.64701122e+01
 4.03927878e+00 -2.54921744e+01
 5.06941027e+00 -2.42768782e+01
 6.28719310e+00 -2.28240340e+01
 7.67942569e+00 -2.11472844e+01
 9.22243321e+00 -1.92722672e+01
 1.08845826e+01 -1.72337753e+01
 1.26290726e+01 -1.50737165e+01
 1.44162728e+01 -1.28399180e+01
 1.62058500e+01 -1.05844826e+01
 1.79586734e+01 -8.36131229e+00
 1.96378030e+01 -6.22394689e+00
 2.12085413e+01 -4.22428969e+00
 2.26390028e+01 -2.41072172e+00
 2.39025836e+01 -8.23796825e-01
 2.49815751e+01 5.09736490e-01
 2.58693494e+01 1.58117802e+00
 2.65694378e+01 2.39940965e+00
 2.70926349e+01 2.98608401e+00
 2.74546240e+01 3.36958092e+00
 2.76749569e+01 3.58032463e+00
 2.77759166e+01 3.64764621e+00
 2.77799906e+01 3.59737437e+00
 2.77069008e+01 3.45033949e+00
 2.75721178e+01 3.22264817e+00
 2.73874225e+01 2.92766182e+00
 2.71625717e+01 2.57850289e+00
 2.69069854e+01 2.19003677e+00
 2.66307849e+01 1.77997993e+00
 2.63446914e+01 1.36879495e+00
 2.60586910e+01 9.77724437e-01
 2.57801978e+01 6.24957513e-01
 2.55129643e+01 3.21250876e-01
 2.52575181e+01 6.69854138e-02
 2.50127015e+01 -1.47617977e-01
 2.47770205e+01 -3.38403665e-01
 2.45489737e+01 -5.20794892e-01
 2.43267967e+01 -7.04605752e-01
 2.41084945e+01 -8.93067479e-01
 2.38922910e+01 -1.08537730e+00
 2.36769991e+01 -1.27973863e+00
 2.34620213e+01 -1.47489536e+00
 2.32471290e+01 -1.67028517e+00
 2.30322550e+01 -1.86572742e+00
 2.28173840e+01 -2.06117880e+00
 2.26025135e+01 -2.25663138e+00
 2.23876433e+01 -2.45208383e+00
 2.21727759e+01 -2.64753372e+00
 2.19579301e+01 -2.84296404e+00
 2.17432121e+01 -3.03827799e+00
 2.15290917e+01 -3.23304845e+00
 2.13171647e+01 -3.42582368e+00
 2.11115773e+01 -3.61283221e+00
 2.09204360e+01 -3.78670015e+00
 2.07552826e+01 -3.93692873e+00
 2.06270765e+01 -4.05354895e+00
 2.06270765e+01 -4.05354895e+00
 2.06270765e+01 -4.05354895e+00
 2.06270765e+01 -4.05354895e+00
 2.06270765e+01 -4.05354895e+00
 2.06270765e+01 -4.05354895e+00
 2.06270765e+01 -4.05354895e+00
 2.06270765e+01 -4.05354895e+00
 2.06270765e+01 -4.05354895e+00
 2.06270765e+01 -4.05354895e+00
 2.06270765e+01 -4.05354895e+00
 2.06270765e+01 -4.05354895e+00
 2.06270765e+01 -4.05354895e+00
 2.06270765e+01 -4.05354895e+00
 2.06270765e+01 -4.05354895e+00
 2.06270765e+01 -4.05354895e+00
 2.06270765e+01 -4.05354895e+00
 2.06270765e+01 -4.05354895e+00
 2.06270765e+01 -4.05354895e+00
 2.06270765e+01 -4.05354895e+00
 2.06270765e+01 -4.05354895e+00
 2.06270765e+01 -4.05354895e+00
 2.06270765e+01 -4.05354895e+00
 2.06270765e+01 -4.05354895e+00
 2.06270765e+01 -4.05354895e+00
 2.06270765e+01 -4.05354895e+00
 2.06270765e+01 -4.05354895e+00
 2.06270765e+01 -4.05354895e+00
 2.06270765e+01 -4.05354895e+00
 2.06270765e+01 -4.05354895e+00
 2.06270765e+01 -4.05354895e+00
 2.06270765e+01 -4.05354895e+00
 2.06270765e+01 -4.05354895e+00
 2.06270765e+01 -4.05354895e+00
 2.06270765e+01 -4.05354895e+00
 2.06270765e+01 -4.05354895e+00
 2.06270765e+01 -4.05354895e+00
 2.06270765e+01 -4.05354895e+00
 2.06270765e+01 -4.05354895e+00
 2.06270765e+01 -4.05354895e+00
 2.06270765e+01 -4.05354895e+00
 2.06270765e+01 -4.05354895e+00
 2.06270765e+01 -4.05354895e+00
 2.06270765e+01 -4.05354895e+00
 2.06270765e+01 -4.05354895e+00
