 0.00000000e+00 0.00000000e+00
 0.00000000e+00 0.00000000e+00
 0.00000000e+00 0.00000000e+00
 0.00000000e+00 0.00000000e+00
 0.00000000e+00 0.00000000e+00
 0.00000000e+00 0.00000000e+00
 0.00000000e+00 0.00000000e+00
 0.00000000e+00 0.00000000e+00
 0.00000000e+00 0.00000000e+00
 0.00000000e+00 0.00000000e+00
 0.00000000e+00 0.00000000e+00
 0.00000000e+00 0.00000000e+00
 0.00000000e+00 0.00000000e+00
 0.00000000e+00 0.00000000e+00
 0.00000000e+00 0.00000000e+00
 0.00000000e+00 0.00000000e+00
 0.00000000e+00 0.00000000e+00
 0.00000000e+00 0.00000000e+00
 0.00000000e+00 0.00000000e+00
 0.00000000e+00 0.00000000e+00
 0.00000000e+00 0.00000000e+00
 0.00000000e+00 0.00000000e+00
 0.00000000e+00 0.00000000e+00
 0.00000000e+00 0.00000000e+00
 0.00000000e+00 0.00000000e+00
 0.00000000e+00 0.00000000e+00
 0.00000000e+00 0.00000000e+00
 0.00000000e+00 0.00000000e+00
 0.00000000e+00 0.00000000e+00
 0.00000000e+00 0.00000000e+00
 0.00000000e+00 0.00000000e+00
 0.00000000e+00 0.00000000e+00
 0.00000000e+00 0.00000000e+00
 0.00000000e+00 0.00000000e+00
 0.00000000e+00 0.00000000e+00
 0.00000000e+00 0.00000000e+00
 0.00000000e+00 0.00000000e+00
 0.00000000e+00 0.00000000e+00
 0.00000000e+00 0.00000000e+00
 0.00000000e+00 0.00000000e+00
 0.00000000e+00 0.00000000e+00
 0.00000000e+00 0.00000000e+00
 0.00000000e+00 0.00000000e+00
 -4.13774981e-02 2.45686053e-01
 -1.10787924e-01 5.42739910e-01
 -2.07040593e-01 8.55489779e-01
 -3.18900574e-01 1.14888147e+00
 -4.29891253e-01 1.39874131e+00
 -5.26189831e-01 1.59224153e+00
 -6.00937858e-01 1.72203401e+00
 -6.52748543e-01 1.77943106e+00
 -6.81780100e-01 1.74994111e+00
 -6.87092561e-01 1.61275537e+00
 -6.66188125e-01 1.34413423e+00
 -6.16227993e-01 9.22238841e-01
 -5.36058699e-01 3.30346388e-01
 -4.27539294e-01 -4.42082392e-01
 -2.95276373e-01 -1.39868900e+00
 -1.45624581e-01 -2.53475973e+00
 1.39138153e-02 -3.83597701e+00
 1.74928212e-01 -5.27905783e+00
 3.28438593e-01 -6.83495745e+00
 4.65423739e-01 -8.47361301e+00
 5.77704449e-01 -1.01680236e+01
 6.59362321e-01 -1.18957089e+01
 7.07888913e-01 -1.36371658e+01
 7.23752492e-01 -1.53728263e+01
 7.08889856e-01 -1.70809000e+01
 6.66519169e-01 -1.87375890e+01
 6.02841988e-01 -2.03191459e+01
 5.27805016e-01 -2.18039954e+01
 4.52949426e-01 -2.31737378e+01
 3.88580090e-01 -2.44133678e+01
 3.43215502e-01 -2.55117642e+01
 3.24569296e-01 -2.64629049e+01
 3.39196649e-01 -2.72671416e+01
 3.90023535e-01 -2.79313950e+01
 4.73854903e-01 -2.84678110e+01
 5.81363845e-01 -2.88915278e+01
 6.99920094e-01 -2.92185603e+01
 8.17390725e-01 -2.94643421e+01
 9.25029458e-01 -2.96430332e+01
 1.01872761e+00 -2.97676359e+01
 1.09832613e+00 -2.98506090e+01
 1.16529820e+00 -2.99039129e+01
 1.22063451e+00 -2.99374941e+01
 1.26512636e+00 -2.99568883e+01
 1.30227131e+00 -2.99618543e+01
 1.34159835e+00 -2.99468016e+01
 1.39958869e+00 -2.99019491e+01
 1.49722299e+00 -2.98141527e+01
 1.65612851e+00 -2.96673989e+01
 1.89627666e+00 -2.94433451e+01
 2.23584391e+00 -2.91221356e+01
 2.69123746e+00 -2.86837121e+01
 3.27581482e+00 -2.81097712e+01
 3.99815047e+00 -2.73860798e+01
 4.86137637e+00 -2.65042727e+01
 5.86383036e+00 -2.54621822e+01
 7.00012348e+00 -2.42626714e+01
 8.26183046e+00 -2.29122603e+01
 9.63755731e+00 -2.14210291e+01
 1.11123268e+01 -1.98040295e+01
 1.26663242e+01 -1.80832316e+01
 1.42735199e+01 -1.62889083e+01
 1.59010386e+01 -1.44597895e+01
 1.75098521e+01 -1.26416884e+01
 1.90570133e+01 -1.08846097e+01
 2.04995201e+01 -9.23860748e+00
 2.17993129e+01 -7.74885224e+00
 2.29279153e+01 -6.45063739e+00
 2.38692286e+01 -5.36534265e+00
 2.46201985e+01 -4.49833684e+00
 2.51899491e+01 -3.83935884e+00
 2.55977943e+01 -3.36529376e+00
 2.58702922e+01 -3.04463708e+00
 2.60377432e+01 -2.84252357e+00
 2.61306037e+01 -2.72524077e+00
 2.61760585e+01 -2.66356978e+00
 2.61952106e+01 -2.63474179e+00
 2.62017885e+01 -2.62301184e+00
 2.62027773e+01 -2.61894394e+00
 2.62002399e+01 -2.61777015e+00
 2.61933843e+01 -2.61752849e+00
 2.61806807e+01 -2.61766246e+00
 2.61618207e+01 -2.61834991e+00
 2.61383450e+01 -2.62037657e+00
 2.61122158e+01 -2.62506159e+00
 2.60841063e+01 -2.63369838e+00
 2.60538546e+01 -2.64652798e+00
 2.60223626e+01 -2.66215730e+00
 2.59919516e+01 -2.67827700e+00
 2.59646068e+01 -2.69313081e+00
 2.59405621e+01 -2.70629588e+00
 2.59187253e+01 -2.71827680e+00
 2.58978908e+01 -2.72971243e+00
 2.58773657e+01 -2.74097888e+00
 2.58569001e+01 -2.75221271e+00
 2.58364385e+01 -2.76344440e+00
 2.58159754e+01 -2.77467691e+00
 2.57955117e+01 -2.78590976e+00
 2.57750478e+01 -2.79714266e+00
 2.57545840e+01 -2.80837556e+00
 2.57341205e+01 -2.81960831e+00
 2.57136589e+01 -2.83083994e+00
 2.56932096e+01 -2.84206488e+00
 2.56728172e+01 -2.85325859e+00
 2.56526337e+01 -2.86433762e+00
 2.56330539e+01 -2.87508524e+00
 2.56148500e+01 -2.88507765e+00
 2.55991211e+01 -2.89371148e+00
 2.55869110e+01 -2.90041379e+00
