 0.00000000e+00 0.00000000e+00
 0.00000000e+00 0.00000000e+00
 0.00000000e+00 0.00000000e+00
 0.00000000e+00 0.00000000e+00
 -8.08498330e-02 1.86557998e-01
 -1.76884006e-01 4.06241128e-01
 -2.75797440e-01 6.29600348e-01
 -3.66305506e-01 8.28868749e-01
 -4.41362210e-01 9.85349091e-01
 -4.98069712e-01 1.08937379e+00
 -5.36557415e-01 1.13517084e+00
 -5.59540904e-01 1.11369829e+00
 -5.71927168e-01 1.00692812e+00
 -5.79690625e-01 7.87436704e-01
 -5.88532325e-01 4.23840555e-01
 -6.02868888e-01 -1.12358174e-01
 -6.25184880e-01 -8.43153016e-01
 -6.56135139e-01 -1.78349146e+00
 -6.95566901e-01 -2.94041500e+00
 -7.43246676e-01 -4.31029202e+00
 -7.98146123e-01 -5.87623857e+00
 -8.57194586e-01 -7.60881844e+00
 -9.15083969e-01 -9.47044489e+00
 -9.65076527e-01 -1.14206560e+01
 -9.99715009e-01 -1.34192438e+01
 -1.01111457e+00 -1.54269825e+01
 -9.91526707e-01 -1.74059282e+01
 -9.34764236e-01 -1.93207880e+01
 -8.37975273e-01 -2.11410913e+01
 -7.02445937e-01 -2.28430722e+01
 -5.32867383e-01 -2.44105514e+01
 -3.35955564e-01 -2.58346570e+01
 -1.19491481e-01 -2.71125198e+01
 1.08143409e-01 -2.82453078e+01
 3.38454520e-01 -2.92362598e+01
 5.63522017e-01 -3.00895320e+01
 7.76466991e-01 -3.08102463e+01
 9.71338541e-01 -3.14051992e+01
 1.14291913e+00 -3.18832256e+01
 1.28736777e+00 -3.22549157e+01
 1.40361808e+00 -3.25322892e+01
 1.49424947e+00 -3.27287486e+01
 1.56515520e+00 -3.28584450e+01
 1.62490667e+00 -3.29338422e+01
 1.68465414e+00 -3.29618121e+01
 1.75808754e+00 -3.29407258e+01
 1.86074654e+00 -3.28608809e+01
 2.00878363e+00 -3.27076178e+01
 2.21781013e+00 -3.24641865e+01
 2.50231594e+00 -3.21127844e+01
 2.87551118e+00 -3.16349483e+01
 3.34906449e+00 -3.10128354e+01
 3.93268098e+00 -3.02312699e+01
 4.63385621e+00 -2.92795443e+01
 5.45773661e+00 -2.81523429e+01
 6.40670170e+00 -2.68496577e+01
 7.47971671e+00 -2.53760266e+01
 8.67183244e+00 -2.37399962e+01
 9.97381603e+00 -2.19547215e+01
 1.13715826e+01 -2.00396518e+01
 1.28455231e+01 -1.80221823e+01
 1.43703204e+01 -1.59381627e+01
 1.59156224e+01 -1.38310588e+01
 1.74473559e+01 -1.17500610e+01
 1.89293853e+01 -9.74717355e+00
 2.03256939e+01 -7.87317733e+00
 2.16033933e+01 -6.17281754e+00
 2.27361304e+01 -4.68011321e+00
 2.37066150e+01 -3.41485714e+00
 2.45072791e+01 -2.38118999e+00
 2.51395578e+01 -1.56870077e+00
 2.56133008e+01 -9.55762595e-01
 2.59468162e+01 -5.13865627e-01
 2.61659247e+01 -2.11368717e-01
 2.63001054e+01 -1.61444817e-02
 2.63765324e+01 1.01965040e-01
 2.64154668e+01 1.68227347e-01
 2.64295417e+01 2.00682088e-01
 2.64262333e+01 2.09963473e-01
 2.64109259e+01 2.01533934e-01
 2.63882380e+01 1.79071199e-01
 2.63609138e+01 1.46797933e-01
 2.63280288e+01 1.08791466e-01
 2.62849853e+01 6.60127712e-02
 2.62252902e+01 1.47200981e-02
 2.61420216e+01 -5.13908164e-02
 2.60282344e+01 -1.37430083e-01
 2.58776511e+01 -2.45495652e-01
 2.56868825e+01 -3.75139134e-01
 2.54587858e+01 -5.23673837e-01
 2.52045161e+01 -6.85392986e-01
 2.49410584e+01 -8.51820924e-01
 2.46842300e+01 -1.01463471e+00
 2.44421706e+01 -1.16924630e+00
 2.42144305e+01 -1.31573618e+00
 2.39961012e+01 -1.45680042e+00
 2.37823420e+01 -1.59519799e+00
 2.35702725e+01 -1.73260097e+00
 2.33586849e+01 -1.86971857e+00
 2.31472039e+01 -2.00677275e+00
 2.29357413e+01 -2.14381597e+00
 2.27242812e+01 -2.28085771e+00
 2.25128216e+01 -2.41789910e+00
 2.23013649e+01 -2.55493868e+00
 2.20899292e+01 -2.69196454e+00
 2.18786195e+01 -2.82890880e+00
 2.16678978e+01 -2.96547200e+00
 2.14593348e+01 -3.10063624e+00
 2.12570107e+01 -3.23175716e+00
 2.10689034e+01 -3.35366457e+00
 2.09063714e+01 -3.45899725e+00
 2.07802003e+01 -3.54076545e+00
 2.07802003e+01 -3.54076545e+00
 2.07802003e+01 -3.54076545e+00
 2.07802003e+01 -3.54076545e+00
 2.07802003e+01 -3.54076545e+00
 2.07802003e+01 -3.54076545e+00
 2.07802003e+01 -3.54076545e+00
 2.07802003e+01 -3.54076545e+00
 2.07802003e+01 -3.54076545e+00
 2.07802003e+01 -3.54076545e+00
 2.07802003e+01 -3.54076545e+00
 2.07802003e+01 -3.54076545e+00
 2.07802003e+01 -3.54076545e+00
 2.07802003e+01 -3.54076545e+00
 2.07802003e+01 -3.54076545e+00
 2.07802003e+01 -3.54076545e+00
 2.07802003e+01 -3.54076545e+00
 2.07802003e+01 -3.54076545e+00
 2.07802003e+01 -3.54076545e+00
 2.07802003e+01 -3.54076545e+00
 2.07802003e+01 -3.54076545e+00
 2.07802003e+01 -3.54076545e+00
 2.07802003e+01 -3.54076545e+00
 2.07802003e+01 -3.54076545e+00
 2.07802003e+01 -3.54076545e+00
 2.07802003e+01 -3.54076545e+00
 2.07802003e+01 -3.54076545e+00
 2.07802003e+01 -3.54076545e+00
 2.07802003e+01 -3.54076545e+00
 2.07802003e+01 -3.54076545e+00
 2.07802003e+01 -3.54076545e+00
 2.07802003e+01 -3.54076545e+00
 2.07802003e+01 -3.54076545e+00
 2.07802003e+01 -3.54076545e+00
 2.07802003e+01 -3.54076545e+00
 2.07802003e+01 -3.54076545e+00
 2.07802003e+01 -3.54076545e+00
 2.07802003e+01 -3.54076545e+00
 2.07802003e+01 -3.54076545e+00
 2.07802003e+01 -3.54076545e+00
 2.07802003e+01 -3.54076545e+00
