 0.00000000e+00 0.00000000e+00
 0.00000000e+00 0.00000000e+00
 0.00000000e+00 0.00000000e+00
 0.00000000e+00 0.00000000e+00
 0.00000000e+00 0.00000000e+00
 0.00000000e+00 0.00000000e+00
 0.00000000e+00 0.00000000e+00
 0.00000000e+00 0.00000000e+00
 0.00000000e+00 0.00000000e+00
 0.00000000e+00 0.00000000e+00
 0.00000000e+00 0.00000000e+00
 0.00000000e+00 0.00000000e+00
 0.00000000e+00 0.00000000e+00
 0.00000000e+00 0.00000000e+00
 0.00000000e+00 0.00000000e+00
 0.00000000e+00 0.00000000e+00
 0.00000000e+00 0.00000000e+00
 0.00000000e+00 0.00000000e+00
 0.00000000e+00 0.00000000e+00
 0.00000000e+00 0.00000000e+00
 0.00000000e+00 0.00000000e+00
 0.00000000e+00 0.00000000e+00
 0.00000000e+00 0.00000000e+00
 0.00000000e+00 0.00000000e+00
 0.00000000e+00 0.00000000e+00
 0.00000000e+00 0.00000000e+00
 0.00000000e+00 0.00000000e+00
 0.00000000e+00 0.00000000e+00
 0.00000000e+00 0.00000000e+00
 0.00000000e+00 0.00000000e+00
 0.00000000e+00 0.00000000e+00
 0.00000000e+00 0.00000000e+00
 0.00000000e+00 0.00000000e+00
 0.00000000e+00 0.00000000e+00
 0.00000000e+00 0.00000000e+00
 0.00000000e+00 0.00000000e+00
 0.00000000e+00 0.00000000e+00
 0.00000000e+00 0.00000000e+00
 0.00000000e+00 0.00000000e+00
 0.00000000e+00 0.00000000e+00
 0.00000000e+00 0.00000000e+00
 0.00000000e+00 0.00000000e+00
 0.00000000e+00 0.00000000e+00
 0.00000000e+00 0.00000000e+00
 0.00000000e+00 0.00000000e+00
 0.00000000e+00 0.00000000e+00
 -7.33683183e-02 2.95376511e-02
 -1.53891814e-01 5.12393823e-02
 -2.28361490e-01 4.80834337e-02
 -2.85984157e-01 -2.15766963e-03
 -3.20131947e-01 -1.26836197e-01
 -3.26996132e-01 -3.56228978e-01
 -3.03986380e-01 -7.18363956e-01
 -2.49946314e-01 -1.23380271e+00
 -1.66523824e-01 -1.91366738e+00
 -5.81961791e-02 -2.76082252e+00
 6.98491446e-02 -3.77156030e+00
 2.13770193e-01 -4.93613790e+00
 3.71083956e-01 -6.23920061e+00
 5.39303444e-01 -7.66200697e+00
 7.14888588e-01 -9.18651619e+00
 8.93205860e-01 -1.07989752e+01
 1.06925174e+00 -1.24903133e+01
 1.23861216e+00 -1.42530777e+01
 1.39822043e+00 -1.60774990e+01
 1.54688281e+00 -1.79493502e+01
 1.68579674e+00 -1.98498266e+01
 1.81893238e+00 -2.17561467e+01
 1.95264628e+00 -2.36422310e+01
 2.09410661e+00 -2.54796764e+01
 2.24912055e+00 -2.72392167e+01
 2.42066437e+00 -2.88926067e+01
 2.60868909e+00 -3.04146799e+01
 2.81036061e+00 -3.17851431e+01
 3.01984968e+00 -3.29897883e+01
 3.22824367e+00 -3.40211902e+01
 3.42481839e+00 -3.48790926e+01
 3.59973068e+00 -3.55704537e+01
 3.74673872e+00 -3.61087760e+01
 3.86426535e+00 -3.65123555e+01
 3.95414800e+00 -3.68017879e+01
 4.01938937e+00 -3.69978941e+01
 4.06328544e+00 -3.71208842e+01
 4.09055702e+00 -3.71899882e+01
 4.10867459e+00 -3.72217734e+01
 4.12786295e+00 -3.72264533e+01
 4.16009554e+00 -3.72036794e+01
 4.21796234e+00 -3.71404843e+01
 4.31416334e+00 -3.70131903e+01
 4.46226975e+00 -3.67924635e+01
 4.67824938e+00 -3.64483046e+01
 4.98096623e+00 -3.59524692e+01
 5.39070144e+00 -3.52791432e+01
 5.92671807e+00 -3.44064220e+01
 6.60519357e+00 -3.33193457e+01
 7.43764278e+00 -3.20127981e+01
 8.42946328e+00 -3.04924103e+01
 9.57874654e+00 -2.87733917e+01
 1.08757233e+01 -2.68788355e+01
 1.23028949e+01 -2.48390434e+01
 1.38355968e+01 -2.26919592e+01
 1.54426228e+01 -2.04833581e+01
 1.70868138e+01 -1.82653697e+01
 1.87262141e+01 -1.60932308e+01
 2.03165859e+01 -1.40214077e+01
 2.18152266e+01 -1.21000537e+01
 2.31850841e+01 -1.03717403e+01
 2.43980388e+01 -8.86803186e+00
 2.54366849e+01 -7.60626499e+00
 2.62945080e+01 -6.58786032e+00
 2.69748343e+01 -5.79940605e+00
 2.74893657e+01 -5.21630139e+00
 2.78571341e+01 -4.80718074e+00
 2.81035502e+01 -4.53736516e+00
 2.82578253e+01 -4.37130462e+00
 2.83482117e+01 -4.27540725e+00
 2.83975120e+01 -4.22183277e+00
 2.84214714e+01 -4.19148507e+00
 2.84296043e+01 -4.17385748e+00
 2.84265862e+01 -4.16395611e+00
 2.84137227e+01 -4.15901545e+00
 2.83905537e+01 -4.15698811e+00
 2.83555422e+01 -4.15648545e+00
 2.83052119e+01 -4.15704800e+00
 2.82333757e+01 -4.15930311e+00
 2.81323451e+01 -4.16500535e+00
 2.79954086e+01 -4.17676121e+00
 2.78187600e+01 -4.19720566e+00
 2.76028352e+01 -4.22782924e+00
 2.73537732e+01 -4.26801229e+00
 2.70838100e+01 -4.31483212e+00
 2.68084036e+01 -4.36402238e+00
 2.65405257e+01 -4.41179995e+00
 2.62860942e+01 -4.45633821e+00
 2.60440044e+01 -4.49781497e+00
 2.58098202e+01 -4.53734873e+00
 2.55794213e+01 -4.57597458e+00
 2.53504103e+01 -4.61427766e+00
 2.51217932e+01 -4.65249212e+00
 2.48932630e+01 -4.69068765e+00
 2.46647477e+01 -4.72888002e+00
 2.44362344e+01 -4.76707198e+00
 2.42077216e+01 -4.80526385e+00
 2.39792119e+01 -4.84345520e+00
 2.37507250e+01 -4.88164274e+00
 2.35223742e+01 -4.91980753e+00
 2.32946588e+01 -4.95786613e+00
 2.30692761e+01 -4.99553485e+00
 2.28506356e+01 -5.03207675e+00
 2.26473583e+01 -5.06605094e+00
 2.24717190e+01 -5.09540595e+00
 2.23353728e+01 -5.11819381e+00
