 0.00000000e+00 0.00000000e+00
 0.00000000e+00 0.00000000e+00
 0.00000000e+00 0.00000000e+00
 0.00000000e+00 0.00000000e+00
 -6.12862663e-02 4.43375839e-02
 -1.31548433e-01 9.23328800e-02
 -2.01099491e-01 1.32698131e-01
 -2.61810699e-01 1.51284496e-01
 -3.09019042e-01 1.30595143e-01
 -3.41428735e-01 4.95450985e-02
 -3.60437621e-01 -1.14162518e-01
 -3.68948390e-01 -3.80168978e-01
 -3.69354652e-01 -7.63406608e-01
 -3.61628112e-01 -1.27508513e+00
 -3.42796704e-01 -1.92469179e+00
 -3.07995771e-01 -2.72042397e+00
 -2.52252141e-01 -3.66767638e+00
 -1.72182570e-01 -4.76738320e+00
 -6.71433592e-02 -6.01597027e+00
 6.07473796e-02 -7.40672875e+00
 2.08038901e-01 -8.93066743e+00
 3.71983205e-01 -1.05752288e+01
 5.51827748e-01 -1.23214534e+01
 7.48893131e-01 -1.41418102e+01
 9.65694771e-01 -1.60003402e+01
 1.20441071e+00 -1.78551667e+01
 1.46525619e+00 -1.96624966e+01
 1.74558383e+00 -2.13810783e+01
 2.04000833e+00 -2.29761501e+01
 2.34116077e+00 -2.44220206e+01
 2.64064534e+00 -2.57027838e+01
 2.92998018e+00 -2.68114593e+01
 3.20129547e+00 -2.77485526e+01
 3.44767975e+00 -2.85209156e+01
 3.66341738e+00 -2.91409359e+01
 3.84453212e+00 -2.96253493e+01
 3.98968250e+00 -2.99932394e+01
 4.10067556e+00 -3.02638818e+01
 4.18171952e+00 -3.04555536e+01
 4.23779900e+00 -3.05853873e+01
 4.27369728e+00 -3.06691697e+01
 4.29422963e+00 -3.07204289e+01
 4.30459542e+00 -3.07494894e+01
 4.31012786e+00 -3.07631052e+01
 4.31625231e+00 -3.07639885e+01
 4.32943078e+00 -3.07494674e+01
 4.35843243e+00 -3.07100040e+01
 4.41474694e+00 -3.06291255e+01
 4.51207759e+00 -3.04853031e+01
 4.66586322e+00 -3.02547892e+01
 4.89316964e+00 -2.99140725e+01
 5.21217967e+00 -2.94413896e+01
 5.64069016e+00 -2.88176678e+01
 6.19389515e+00 -2.80277147e+01
 6.88190454e+00 -2.70620688e+01
 7.70739115e+00 -2.59188680e+01
 8.66421085e+00 -2.46045427e+01
 9.73788405e+00 -2.31330788e+01
 1.09077171e+01 -2.15249967e+01
 1.21491789e+01 -1.98071989e+01
 1.34353119e+01 -1.80134298e+01
 1.47372178e+01 -1.61840633e+01
 1.60246937e+01 -1.43643125e+01
 1.72680196e+01 -1.26009711e+01
 1.84408125e+01 -1.09382879e+01
 1.95226750e+01 -9.41356607e+00
 2.05003357e+01 -8.05327846e+00
 2.13672594e+01 -6.87072125e+00
 2.21227824e+01 -5.86573731e+00
 2.27714828e+01 -5.02621071e+00
 2.33225084e+01 -4.33073455e+00
 2.37883385e+01 -3.75207831e+00
 2.41830306e+01 -3.26123806e+00
 2.45204612e+01 -2.83161890e+00
 2.48128848e+01 -2.44237788e+00
 2.50698165e+01 -2.07984910e+00
 2.52973383e+01 -1.73690531e+00
 2.54981358e+01 -1.41130323e+00
 2.56723762e+01 -1.10411408e+00
 2.58191009e+01 -8.18426532e-01
 2.59375288e+01 -5.57943540e-01
 2.60275132e+01 -3.25370747e-01
 2.60885365e+01 -1.21128906e-01
 2.61178452e+01 5.68819207e-02
 2.61099258e+01 2.12418992e-01
 2.60588768e+01 3.49702774e-01
 2.59621642e+01 4.72623838e-01
 2.58228135e+01 5.84478135e-01
 2.56492295e+01 6.87984463e-01
 2.54537654e+01 7.85340962e-01
 2.52502583e+01 8.78258247e-01
 2.50502306e+01 9.68042259e-01
 2.48595468e+01 1.05572691e+00
 2.46781929e+01 1.14214654e+00
 2.45030600e+01 1.22791611e+00
 2.43309784e+01 1.31341113e+00
 2.41600334e+01 1.39881288e+00
 2.39894144e+01 1.48418945e+00
 2.38188679e+01 1.56956065e+00
 2.36483339e+01 1.65493095e+00
 2.34778015e+01 1.74030112e+00
 2.33072696e+01 1.82567117e+00
 2.31367400e+01 1.91104008e+00
 2.29662274e+01 1.99640045e+00
 2.27958163e+01 2.08170999e+00
 2.26258795e+01 2.16678215e+00
 2.24576835e+01 2.25098282e+00
 2.22945189e+01 2.33266471e+00
 2.21428194e+01 2.40860703e+00
 2.20117453e+01 2.47422411e+00
 2.19099944e+01 2.52516167e+00
 2.19099944e+01 2.52516167e+00
 2.19099944e+01 2.52516167e+00
 2.19099944e+01 2.52516167e+00
 2.19099944e+01 2.52516167e+00
 2.19099944e+01 2.52516167e+00
 2.19099944e+01 2.52516167e+00
 2.19099944e+01 2.52516167e+00
 2.19099944e+01 2.52516167e+00
 2.19099944e+01 2.52516167e+00
 2.19099944e+01 2.52516167e+00
 2.19099944e+01 2.52516167e+00
 2.19099944e+01 2.52516167e+00
 2.19099944e+01 2.52516167e+00
 2.19099944e+01 2.52516167e+00
 2.19099944e+01 2.52516167e+00
 2.19099944e+01 2.52516167e+00
 2.19099944e+01 2.52516167e+00
 2.19099944e+01 2.52516167e+00
 2.19099944e+01 2.52516167e+00
 2.19099944e+01 2.52516167e+00
 2.19099944e+01 2.52516167e+00
 2.19099944e+01 2.52516167e+00
 2.19099944e+01 2.52516167e+00
 2.19099944e+01 2.52516167e+00
 2.19099944e+01 2.52516167e+00
 2.19099944e+01 2.52516167e+00
 2.19099944e+01 2.52516167e+00
 2.19099944e+01 2.52516167e+00
 2.19099944e+01 2.52516167e+00
 2.19099944e+01 2.52516167e+00
 2.19099944e+01 2.52516167e+00
 2.19099944e+01 2.52516167e+00
 2.19099944e+01 2.52516167e+00
 2.19099944e+01 2.52516167e+00
 2.19099944e+01 2.52516167e+00
 2.19099944e+01 2.52516167e+00
 2.19099944e+01 2.52516167e+00
 2.19099944e+01 2.52516167e+00
 2.19099944e+01 2.52516167e+00
 2.19099944e+01 2.52516167e+00
 2.19099944e+01 2.52516167e+00
