 0.00000000e+00 0.00000000e+00
 0.00000000e+00 0.00000000e+00
 0.00000000e+00 0.00000000e+00
 0.00000000e+00 0.00000000e+00
 -3.63906478e-02 2.04103212e-02
 -8.28041413e-02 4.20006857e-02
 -1.31650980e-01 5.65520598e-02
 -1.73617896e-01 5.35418414e-02
 -2.00982864e-01 1.99678544e-02
 -2.09003853e-01 -6.10438988e-02
 -1.95370803e-01 -2.10473760e-01
 -1.59377592e-01 -4.51573929e-01
 -1.01875064e-01 -8.07343219e-01
 -2.55548471e-02 -1.29860392e+00
 6.52777846e-02 -1.94273653e+00
 1.65696138e-01 -2.75282336e+00
 2.71516178e-01 -3.73724323e+00
 3.80181549e-01 -4.89968908e+00
 4.90636761e-01 -6.23924258e+00
 6.02667594e-01 -7.75000679e+00
 7.16488762e-01 -9.42011832e+00
 8.32656029e-01 -1.12305560e+01
 9.51911292e-01 -1.31543917e+01
 1.07483722e+00 -1.51568180e+01
 1.20154806e+00 -1.71961224e+01
 1.33161388e+00 -1.92259218e+01
 1.46422215e+00 -2.11986949e+01
 1.59853577e+00 -2.30699507e+01
 1.73418321e+00 -2.48020537e+01
 1.87151352e+00 -2.63669651e+01
 2.01107492e+00 -2.77474977e+01
 2.15248371e+00 -2.89370680e+01
 2.29372469e+00 -2.99383173e+01
 2.43143697e+00 -3.07610509e+01
 2.56156424e+00 -3.14198470e+01
 2.67986523e+00 -3.19318482e+01
 2.78263986e+00 -3.23153769e+01
 2.86765835e+00 -3.25896231e+01
 2.93441772e+00 -3.27749243e+01
 2.98355757e+00 -3.28926461e+01
 3.01653333e+00 -3.29636721e+01
 3.03602161e+00 -3.30054338e+01
 3.04607444e+00 -3.30290695e+01
 3.05147385e+00 -3.30387812e+01
 3.05722239e+00 -3.30334098e+01
 3.06900089e+00 -3.30079319e+01
 3.09409890e+00 -3.29531135e+01
 3.14195787e+00 -3.28542253e+01
 3.22419556e+00 -3.26911430e+01
 3.35425690e+00 -3.24407416e+01
 3.54658407e+00 -3.20801725e+01
 3.81551920e+00 -3.15891612e+01
 4.17447251e+00 -3.09510311e+01
 4.63525998e+00 -3.01534982e+01
 5.20712526e+00 -2.91898823e+01
 5.89562323e+00 -2.80600714e+01
 6.70199282e+00 -2.67701994e+01
 7.62326070e+00 -2.53311906e+01
 8.65286212e+00 -2.37575960e+01
 9.78135800e+00 -2.20678258e+01
 1.09966838e+01 -2.02853487e+01
 1.22834995e+01 -1.84395907e+01
 1.36218723e+01 -1.65657739e+01
 1.49862991e+01 -1.47036792e+01
 1.63462205e+01 -1.28953524e+01
 1.76684556e+01 -1.11815432e+01
 1.89209190e+01 -9.59709406e+00
 2.00762922e+01 -8.16669338e+00
 2.11144720e+01 -6.90311256e+00
 2.20234658e+01 -5.80872625e+00
 2.27992567e+01 -4.87856445e+00
 2.34453415e+01 -4.10241509e+00
 2.39720351e+01 -3.46558192e+00
 2.43949102e+01 -2.94993137e+00
 2.47319594e+01 -2.53630378e+00
 2.50003045e+01 -2.20733784e+00
 2.52140336e+01 -1.94885895e+00
 2.53840205e+01 -1.74914573e+00
 2.55192709e+01 -1.59727614e+00
 2.56284309e+01 -1.48221795e+00
 2.57199864e+01 -1.39310507e+00
 2.58008942e+01 -1.32021794e+00
 2.58750828e+01 -1.25631035e+00
 2.59433384e+01 -1.19765316e+00
 2.60046120e+01 -1.14364647e+00
 2.60577489e+01 -1.09500884e+00
 2.61025390e+01 -1.05233566e+00
 2.61393172e+01 -1.01616419e+00
 2.61675499e+01 -9.87421196e-01
 2.61850136e+01 -9.66806978e-01
 2.61883572e+01 -9.53480611e-01
 2.61741382e+01 -9.44430017e-01
 2.61394230e+01 -9.35030238e-01
 2.60820662e+01 -9.20239201e-01
 2.60010040e+01 -8.95839023e-01
 2.58966091e+01 -8.59424252e-01
 2.57710161e+01 -8.10951096e-01
 2.56283455e+01 -7.52746421e-01
 2.54746800e+01 -6.88833675e-01
 2.53172330e+01 -6.23526650e-01
 2.51623276e+01 -5.59881077e-01
 2.50132891e+01 -4.98992391e-01
 2.48700625e+01 -4.40455360e-01
 2.47307302e+01 -3.83335098e-01
 2.45933205e+01 -3.26861620e-01
 2.44566314e+01 -2.70617173e-01
 2.43201501e+01 -2.14436144e-01
 2.41837151e+01 -1.58268875e-01
 2.40472882e+01 -1.02103945e-01
 2.39108624e+01 -4.59393331e-02
 2.37744368e+01 1.02251703e-02
 2.36380131e+01 6.63889305e-02
 2.35016030e+01 1.22547070e-01
 2.33652742e+01 1.78671768e-01
 2.32293247e+01 2.34640292e-01
 2.30947679e+01 2.90035471e-01
 2.29642362e+01 3.43773556e-01
 2.28428767e+01 3.93735606e-01
 2.27380174e+01 4.36904740e-01
 2.26566166e+01 4.70416295e-01
 2.26566166e+01 4.70416295e-01
 2.26566166e+01 4.70416295e-01
 2.26566166e+01 4.70416295e-01
 2.26566166e+01 4.70416295e-01
 2.26566166e+01 4.70416295e-01
 2.26566166e+01 4.70416295e-01
 2.26566166e+01 4.70416295e-01
 2.26566166e+01 4.70416295e-01
 2.26566166e+01 4.70416295e-01
 2.26566166e+01 4.70416295e-01
 2.26566166e+01 4.70416295e-01
 2.26566166e+01 4.70416295e-01
 2.26566166e+01 4.70416295e-01
 2.26566166e+01 4.70416295e-01
 2.26566166e+01 4.70416295e-01
 2.26566166e+01 4.70416295e-01
 2.26566166e+01 4.70416295e-01
 2.26566166e+01 4.70416295e-01
 2.26566166e+01 4.70416295e-01
 2.26566166e+01 4.70416295e-01
 2.26566166e+01 4.70416295e-01
 2.26566166e+01 4.70416295e-01
 2.26566166e+01 4.70416295e-01
 2.26566166e+01 4.70416295e-01
 2.26566166e+01 4.70416295e-01
 2.26566166e+01 4.70416295e-01
 2.26566166e+01 4.70416295e-01
 2.26566166e+01 4.70416295e-01
 2.26566166e+01 4.70416295e-01
 2.26566166e+01 4.70416295e-01
 2.26566166e+01 4.70416295e-01
 2.26566166e+01 4.70416295e-01
