 0.00000000e+00 0.00000000e+00
 0.00000000e+00 0.00000000e+00
 0.00000000e+00 0.00000000e+00
 0.00000000e+00 0.00000000e+00
 -4.79011430e-02 3.91648232e-01
 -1.11081822e-01 8.66908613e-01
 -1.85925502e-01 1.36895351e+00
 -2.67190000e-01 1.83910159e+00
 -3.49910644e-01 2.23165388e+00
 -4.31229969e-01 2.51491541e+00
 -5.11531566e-01 2.66446132e+00
 -5.94208009e-01 2.65673912e+00
 -6.83795500e-01 2.46662235e+00
 -7.83336839e-01 2.06828066e+00
 -8.92545053e-01 1.43715196e+00
 -1.00752630e+00 5.51857655e-01
 -1.12147441e+00 -6.03124834e-01
 -1.22549287e+00 -2.03294333e+00
 -1.30938445e+00 -3.72715031e+00
 -1.36273576e+00 -5.65721642e+00
 -1.37646828e+00 -7.77932118e+00
 -1.34454195e+00 -1.00411677e+01
 -1.26517518e+00 -1.23888316e+01
 -1.14103652e+00 -1.47707035e+01
 -9.78321045e-01 -1.71388993e+01
 -7.85142266e-01 -1.94504934e+01
 -5.69776921e-01 -2.16697074e+01
 -3.39122776e-01 -2.37696401e+01
 -9.78458533e-02 -2.57317894e+01
 1.51337640e-01 -2.75438933e+01
 4.06685052e-01 -2.91981233e+01
 6.66860467e-01 -3.06905516e+01
 9.31075300e-01 -3.20211221e+01
 1.19910762e+00 -3.31931897e+01
 1.47056227e+00 -3.42125262e+01
 1.74375926e+00 -3.50862656e+01
 2.01512386e+00 -3.58222360e+01
 2.27954030e+00 -3.64287475e+01
 2.53143811e+00 -3.69146535e+01
 2.76616613e+00 -3.72894456e+01
 2.98146626e+00 -3.75629436e+01
 3.17888978e+00 -3.77440281e+01
 3.36471898e+00 -3.78384569e+01
 3.54998249e+00 -3.78468410e+01
 3.74956243e+00 -3.77641961e+01
 3.98068976e+00 -3.75813955e+01
 4.26113266e+00 -3.72872413e+01
 4.60734889e+00 -3.68697526e+01
 5.03300815e+00 -3.63168137e+01
 5.54839705e+00 -3.56172345e+01
 6.16085746e+00 -3.47623325e+01
 6.87569562e+00 -3.37470206e+01
 7.69677032e+00 -3.25697759e+01
 8.62660536e+00 -3.12321508e+01
 9.66654392e+00 -2.97388555e+01
 1.08171929e+01 -2.80984640e+01
 1.20785882e+01 -2.63238382e+01
 1.34494280e+01 -2.44315970e+01
 1.49255678e+01 -2.24409912e+01
 1.64986570e+01 -2.03732293e+01
 1.81555831e+01 -1.82518545e+01
 1.98786097e+01 -1.61033826e+01
 2.16456456e+01 -1.39566476e+01
 2.34304891e+01 -1.18406317e+01
 2.52034741e+01 -9.78266213e+00
 2.69326905e+01 -7.80878533e+00
 2.85853525e+01 -5.94561424e+00
 3.01291092e+01 -4.22097356e+00
 3.15338399e+01 -2.66162190e+00
 3.27744233e+01 -1.28910761e+00
 3.38338387e+01 -1.16314320e-01
 3.47051295e+01 8.53781139e-01
 3.53913762e+01 1.62749234e+00
 3.59043085e+01 2.21909740e+00
 3.62629267e+01 2.64945000e+00
 3.64925069e+01 2.94424864e+00
 3.66224663e+01 3.13130100e+00
 3.66813427e+01 3.23667824e+00
 3.66901348e+01 3.28071765e+00
 3.66585458e+01 3.27562899e+00
 3.65874274e+01 3.22620647e+00
 3.64752292e+01 3.13336217e+00
 3.63228589e+01 2.99812254e+00
 3.61342034e+01 2.82384093e+00
 3.59145387e+01 2.61657362e+00
 3.56698751e+01 2.38483896e+00
 3.54073910e+01 2.13914635e+00
 3.51353656e+01 1.89072981e+00
 3.48619317e+01 1.64935714e+00
 3.45933936e+01 1.42112145e+00
 3.43332451e+01 1.20741410e+00
 3.40823354e+01 1.00563881e+00
 3.38396974e+01 8.11281183e-01
 3.36033932e+01 6.20190737e-01
 3.33712127e+01 4.29860367e-01
 3.31412610e+01 2.39361538e-01
 3.29122864e+01 4.86019589e-02
 3.26836540e+01 -1.42295785e-01
 3.24551163e+01 -3.33241040e-01
 3.22265991e+01 -5.24198085e-01
 3.19980855e+01 -7.15157322e-01
 3.17695724e+01 -9.06116847e-01
 3.15410597e+01 -1.09707615e+00
 3.13125499e+01 -1.28803293e+00
 3.10840631e+01 -1.47897060e+00
 3.08557123e+01 -1.66979458e+00
 3.06279969e+01 -1.86008756e+00
 3.04026142e+01 -2.04843117e+00
 3.01839737e+01 -2.23114066e+00
 2.99806964e+01 -2.40101163e+00
 2.98050570e+01 -2.54778668e+00
 2.96687108e+01 -2.66172597e+00
 2.96687108e+01 -2.66172597e+00
 2.96687108e+01 -2.66172597e+00
 2.96687108e+01 -2.66172597e+00
 2.96687108e+01 -2.66172597e+00
 2.96687108e+01 -2.66172597e+00
 2.96687108e+01 -2.66172597e+00
 2.96687108e+01 -2.66172597e+00
 2.96687108e+01 -2.66172597e+00
 2.96687108e+01 -2.66172597e+00
 2.96687108e+01 -2.66172597e+00
 2.96687108e+01 -2.66172597e+00
 2.96687108e+01 -2.66172597e+00
 2.96687108e+01 -2.66172597e+00
 2.96687108e+01 -2.66172597e+00
 2.96687108e+01 -2.66172597e+00
 2.96687108e+01 -2.66172597e+00
 2.96687108e+01 -2.66172597e+00
 2.96687108e+01 -2.66172597e+00
 2.96687108e+01 -2.66172597e+00
 2.96687108e+01 -2.66172597e+00
 2.96687108e+01 -2.66172597e+00
 2.96687108e+01 -2.66172597e+00
 2.96687108e+01 -2.66172597e+00
 2.96687108e+01 -2.66172597e+00
 2.96687108e+01 -2.66172597e+00
 2.96687108e+01 -2.66172597e+00
 2.96687108e+01 -2.66172597e+00
 2.96687108e+01 -2.66172597e+00
 2.96687108e+01 -2.66172597e+00
 2.96687108e+01 -2.66172597e+00
 2.96687108e+01 -2.66172597e+00
 2.96687108e+01 -2.66172597e+00
 2.96687108e+01 -2.66172597e+00
 2.96687108e+01 -2.66172597e+00
 2.96687108e+01 -2.66172597e+00
 2.96687108e+01 -2.66172597e+00
 2.96687108e+01 -2.66172597e+00
 2.96687108e+01 -2.66172597e+00
 2.96687108e+01 -2.66172597e+00
 2.96687108e+01 -2.66172597e+00
