 0.00000000e+00 0.00000000e+00
 0.00000000e+00 0.00000000e+00
 0.00000000e+00 0.00000000e+00
 0.00000000e+00 0.00000000e+00
 -3.60136563e-02 7.61322556e-03
 -7.42324402e-02 1.69921575e-02
 -1.06958701e-01 2.26098706e-02
 -1.26825388e-01 1.36056312e-02
 -1.27593280e-01 -2.64732600e-02
 -1.03888131e-01 -1.19175981e-01
 -5.16841897e-02 -2.89880589e-01
 2.99444665e-02 -5.65781678e-01
 1.37675472e-01 -9.73615671e-01
 2.64948092e-01 -1.53765215e+00
 4.03993111e-01 -2.27814521e+00
 5.46830028e-01 -3.21014220e+00
 6.85032946e-01 -4.34233716e+00
 8.09676169e-01 -5.67579324e+00
 9.12572481e-01 -7.20306068e+00
 9.88640042e-01 -8.90872558e+00
 1.03801483e+00 -1.07716116e+01
 1.06624403e+00 -1.27671638e+01
 1.08228920e+00 -1.48681402e+01
 1.09589438e+00 -1.70435378e+01
 1.11591398e+00 -1.92575717e+01
 1.14981865e+00 -2.14702926e+01
 1.20386130e+00 -2.36397398e+01
 1.28341819e+00 -2.57245273e+01
 1.39294339e+00 -2.76861467e+01
 1.53522679e+00 -2.94910810e+01
 1.71039487e+00 -3.11129235e+01
 1.91534523e+00 -3.25341520e+01
 2.14389909e+00 -3.37469902e+01
 2.38763296e+00 -3.47531887e+01
 2.63720381e+00 -3.55629607e+01
 2.88373158e+00 -3.61932839e+01
 3.11979445e+00 -3.66656481e+01
 3.34017353e+00 -3.70035460e+01
 3.54277887e+00 -3.72303041e+01
 3.72935589e+00 -3.73674045e+01
 3.90494359e+00 -3.74325526e+01
 4.07613882e+00 -3.74371027e+01
 4.24956872e+00 -3.73842622e+01
 4.43150305e+00 -3.72700232e+01
 4.62811810e+00 -3.70864524e+01
 4.84561572e+00 -3.68246755e+01
 5.09023485e+00 -3.64756761e+01
 5.36873994e+00 -3.60295801e+01
 5.68948119e+00 -3.54751980e+01
 6.06328388e+00 -3.48005971e+01
 6.50346711e+00 -3.39941084e+01
 7.02510652e+00 -3.30450484e+01
 7.64386668e+00 -3.19443354e+01
 8.37426234e+00 -3.06855873e+01
 9.22743707e+00 -2.92665264e+01
 1.02094108e+01 -2.76897882e+01
 1.13205728e+01 -2.59627577e+01
 1.25558178e+01 -2.40972918e+01
 1.39041200e+01 -2.21104230e+01
 1.53475313e+01 -2.00258340e+01
 1.68608485e+01 -1.78745481e+01
 1.84126367e+01 -1.56938125e+01
 1.99668430e+01 -1.35250554e+01
 2.14842178e+01 -1.14124639e+01
 2.29240692e+01 -9.40217123e+00
 2.42473609e+01 -7.54032919e+00
 2.54210294e+01 -5.86868258e+00
 2.64220682e+01 -4.41856318e+00
 2.72397944e+01 -3.20616446e+00
 2.78758075e+01 -2.23135676e+00
 2.83424657e+01 -1.47985065e+00
 2.86610231e+01 -9.26930337e-01
 2.88595807e+01 -5.41279317e-01
 2.89697810e+01 -2.88401107e-01
 2.90214893e+01 -1.33870829e-01
 2.90367877e+01 -4.70095098e-02
 2.90263415e+01 -4.87674664e-03
 2.89905135e+01 5.35135122e-03
 2.89247474e+01 -1.20716911e-02
 2.88257002e+01 -5.66659660e-02
 2.86941060e+01 -1.27348633e-01
 2.85334684e+01 -2.21019928e-01
 2.83473254e+01 -3.33297724e-01
 2.81381508e+01 -4.59424168e-01
 2.79085298e+01 -5.94604680e-01
 2.76631684e+01 -7.34140980e-01
 2.74097310e+01 -8.73780280e-01
 2.71572656e+01 -1.01033881e+00
 2.69128912e+01 -1.14228191e+00
 2.66792435e+01 -1.26977647e+00
 2.64547091e+01 -1.39405781e+00
 2.62358383e+01 -1.51653626e+00
 2.60196435e+01 -1.63822086e+00
 2.58044241e+01 -1.75963044e+00
 2.55894807e+01 -1.88096509e+00
 2.53745982e+01 -2.00228368e+00
 2.51597261e+01 -2.12359958e+00
 2.49448555e+01 -2.24491510e+00
 2.47299852e+01 -2.36623043e+00
 2.45151179e+01 -2.48754415e+00
 2.43002720e+01 -2.60884573e+00
 2.40855541e+01 -2.73007508e+00
 2.38714337e+01 -2.85096709e+00
 2.36595067e+01 -2.97062068e+00
 2.34539193e+01 -3.08669494e+00
 2.32627780e+01 -3.19461297e+00
 2.30976246e+01 -3.28785830e+00
 2.29694184e+01 -3.36024326e+00
 2.29694184e+01 -3.36024326e+00
 2.29694184e+01 -3.36024326e+00
 2.29694184e+01 -3.36024326e+00
 2.29694184e+01 -3.36024326e+00
 2.29694184e+01 -3.36024326e+00
 2.29694184e+01 -3.36024326e+00
 2.29694184e+01 -3.36024326e+00
 2.29694184e+01 -3.36024326e+00
 2.29694184e+01 -3.36024326e+00
 2.29694184e+01 -3.36024326e+00
 2.29694184e+01 -3.36024326e+00
 2.29694184e+01 -3.36024326e+00
 2.29694184e+01 -3.36024326e+00
 2.29694184e+01 -3.36024326e+00
 2.29694184e+01 -3.36024326e+00
 2.29694184e+01 -3.36024326e+00
 2.29694184e+01 -3.36024326e+00
 2.29694184e+01 -3.36024326e+00
 2.29694184e+01 -3.36024326e+00
 2.29694184e+01 -3.36024326e+00
 2.29694184e+01 -3.36024326e+00
 2.29694184e+01 -3.36024326e+00
 2.29694184e+01 -3.36024326e+00
 2.29694184e+01 -3.36024326e+00
 2.29694184e+01 -3.36024326e+00
 2.29694184e+01 -3.36024326e+00
 2.29694184e+01 -3.36024326e+00
 2.29694184e+01 -3.36024326e+00
 2.29694184e+01 -3.36024326e+00
 2.29694184e+01 -3.36024326e+00
 2.29694184e+01 -3.36024326e+00
 2.29694184e+01 -3.36024326e+00
 2.29694184e+01 -3.36024326e+00
 2.29694184e+01 -3.36024326e+00
 2.29694184e+01 -3.36024326e+00
 2.29694184e+01 -3.36024326e+00
 2.29694184e+01 -3.36024326e+00
 2.29694184e+01 -3.36024326e+00
 2.29694184e+01 -3.36024326e+00
 2.29694184e+01 -3.36024326e+00
 2.29694184e+01 -3.36024326e+00
 2.29694184e+01 -3.36024326e+00
 2.29694184e+01 -3.36024326e+00
 2.29694184e+01 -3.36024326e+00
