 0.00000000e+00 0.00000000e+00
 0.00000000e+00 0.00000000e+00
 0.00000000e+00 0.00000000e+00
 0.00000000e+00 0.00000000e+00
 0.00000000e+00 0.00000000e+00
 0.00000000e+00 0.00000000e+00
 0.00000000e+00 0.00000000e+00
 0.00000000e+00 0.00000000e+00
 0.00000000e+00 0.00000000e+00
 0.00000000e+00 0.00000000e+00
 0.00000000e+00 0.00000000e+00
 0.00000000e+00 0.00000000e+00
 0.00000000e+00 0.00000000e+00
 0.00000000e+00 0.00000000e+00
 0.00000000e+00 0.00000000e+00
 0.00000000e+00 0.00000000e+00
 0.00000000e+00 0.00000000e+00
 0.00000000e+00 0.00000000e+00
 0.00000000e+00 0.00000000e+00
 0.00000000e+00 0.00000000e+00
 0.00000000e+00 0.00000000e+00
 0.00000000e+00 0.00000000e+00
 0.00000000e+00 0.00000000e+00
 0.00000000e+00 0.00000000e+00
 0.00000000e+00 0.00000000e+00
 0.00000000e+00 0.00000000e+00
 0.00000000e+00 0.00000000e+00
 0.00000000e+00 0.00000000e+00
 0.00000000e+00 0.00000000e+00
 0.00000000e+00 0.00000000e+00
 0.00000000e+00 0.00000000e+00
 0.00000000e+00 0.00000000e+00
 0.00000000e+00 0.00000000e+00
 0.00000000e+00 0.00000000e+00
 0.00000000e+00 0.00000000e+00
 0.00000000e+00 0.00000000e+00
 0.00000000e+00 0.00000000e+00
 0.00000000e+00 0.00000000e+00
 0.00000000e+00 0.00000000e+00
 0.00000000e+00 0.00000000e+00
 0.00000000e+00 0.00000000e+00
 0.00000000e+00 0.00000000e+00
 0.00000000e+00 0.00000000e+00
 0.00000000e+00 0.00000000e+00
 0.00000000e+00 0.00000000e+00
 0.00000000e+00 0.00000000e+00
 0.00000000e+00 0.00000000e+00
 -5.42247676e-02 6.79307570e-02
 -1.17296384e-01 1.31812138e-01
 -1.82565478e-01 1.65050339e-01
 -2.45691070e-01 1.35880079e-01
 -3.05574692e-01 9.42717674e-03
 -3.62951780e-01 -2.50988054e-01
 -4.18387073e-01 -6.81242032e-01
 -4.70910692e-01 -1.31325816e+00
 -5.17819425e-01 -2.17324749e+00
 -5.55728583e-01 -3.28086026e+00
 -5.82225850e-01 -4.64693199e+00
 -5.96701127e-01 -6.26928954e+00
 -5.99267963e-01 -8.12934532e+00
 -5.88586569e-01 -1.01928466e+01
 -5.61077651e-01 -1.24150992e+01
 -5.13064092e-01 -1.47474150e+01
 -4.44190157e-01 -1.71411850e+01
 -3.58730686e-01 -1.95489616e+01
 -2.63562367e-01 -2.19248576e+01
 -1.64854805e-01 -2.42265569e+01
 -6.58511989e-02 -2.64188267e+01
 3.37215321e-02 -2.84763739e+01
 1.36920108e-01 -3.03841135e+01
 2.48020458e-01 -3.21349322e+01
 3.71278520e-01 -3.37266437e+01
 5.10789634e-01 -3.51597303e+01
 6.70680617e-01 -3.64363410e+01
 8.54727733e-01 -3.75601235e+01
 1.06561828e+00 -3.85361900e+01
 1.30416741e+00 -3.93708001e+01
 1.56835613e+00 -4.00708958e+01
 1.85262267e+00 -4.06439289e+01
 2.14844993e+00 -4.10980671e+01
 2.44655886e+00 -4.14420933e+01
 2.73970233e+00 -4.16841458e+01
 3.02466007e+00 -4.18294810e+01
 3.30275616e+00 -4.18787655e+01
 3.57909954e+00 -4.18283927e+01
 3.86114318e+00 -4.16725671e+01
 4.15719951e+00 -4.14051997e+01
 4.47537764e+00 -4.10201650e+01
 4.82305604e+00 -4.05106008e+01
 5.20675781e+00 -3.98690020e+01
 5.63230504e+00 -3.90887830e+01
 6.10526491e+00 -3.81662318e+01
 6.63179163e+00 -3.71012083e+01
 7.21972032e+00 -3.58961551e+01
 7.87926170e+00 -3.45546369e+01
 8.62267675e+00 -3.30807914e+01
 9.46310622e+00 -3.14797548e+01
 1.04131725e+01 -2.97582007e+01
 1.14833783e+01 -2.79246160e+01
 1.26797680e+01 -2.59899901e+01
 1.40008617e+01 -2.39697100e+01
 1.54348673e+01 -2.18861766e+01
 1.69584608e+01 -1.97703392e+01
 1.85377858e+01 -1.76608269e+01
 2.01312513e+01 -1.56011605e+01
 2.16930144e+01 -1.36364377e+01
 2.31764153e+01 -1.18101295e+01
 2.45376805e+01 -1.01605492e+01
 2.57404406e+01 -8.71668188e+00
 2.67604802e+01 -7.49432914e+00
 2.75888511e+01 -6.49431804e+00
 2.82316933e+01 -5.70370861e+00
 2.87070488e+01 -5.09940955e+00
 2.90406646e+01 -4.65280318e+00
 2.92621868e+01 -4.33400228e+00
 2.94013964e+01 -4.11476748e+00
 2.94843367e+01 -3.96982648e+00
 2.95308732e+01 -3.87718676e+00
 2.95548376e+01 -3.81851542e+00
 2.95655254e+01 -3.78015469e+00
 2.95686520e+01 -3.75390547e+00
 2.95664404e+01 -3.73610274e+00
 2.95576464e+01 -3.72514695e+00
 2.95380990e+01 -3.71949045e+00
 2.95017181e+01 -3.71741347e+00
 2.94416640e+01 -3.71800462e+00
 2.93515725e+01 -3.72218646e+00
 2.92272536e+01 -3.73306221e+00
 2.90687613e+01 -3.75489945e+00
 2.88817663e+01 -3.79045295e+00
 2.86769514e+01 -3.83816085e+00
 2.84669328e+01 -3.89204970e+00
 2.82618279e+01 -3.94508205e+00
 2.80661761e+01 -3.99300268e+00
 2.78792589e+01 -4.03541000e+00
 2.76979251e+01 -4.07408482e+00
 2.75192534e+01 -4.11093841e+00
 2.73415534e+01 -4.14712233e+00
 2.71641278e+01 -4.18311713e+00
 2.69867625e+01 -4.21907055e+00
 2.68094075e+01 -4.25501693e+00
 2.66320539e+01 -4.29096236e+00
 2.64547007e+01 -4.32690765e+00
 2.62773499e+01 -4.36285246e+00
 2.61000168e+01 -4.39879367e+00
 2.59227893e+01 -4.43471348e+00
 2.57460550e+01 -4.47053333e+00
 2.55711311e+01 -4.50598625e+00
 2.54014400e+01 -4.54037862e+00
 2.52436725e+01 -4.57235433e+00
 2.51073554e+01 -4.59998258e+00
 2.50015345e+01 -4.62142997e+00
