 0.00000000e+00 0.00000000e+00
 0.00000000e+00 0.00000000e+00
 0.00000000e+00 0.00000000e+00
 0.00000000e+00 0.00000000e+00
 -4.10617720e-02 9.24266173e-02
 -8.67935327e-02 1.97116774e-01
 -1.29263131e-01 2.96814824e-01
 -1.61792440e-01 3.74375977e-01
 -1.81391145e-01 4.14347694e-01
 -1.88191254e-01 3.99783671e-01
 -1.82740950e-01 3.07645110e-01
 -1.64057781e-01 1.06756622e-01
 -1.30250855e-01 -2.40173281e-01
 -8.07240578e-02 -7.72038138e-01
 -1.77889809e-02 -1.52482891e+00
 5.33541699e-02 -2.52799883e+00
 1.25820848e-01 -3.80104105e+00
 1.92500442e-01 -5.35011274e+00
 2.47335356e-01 -7.16569452e+00
 2.86574600e-01 -9.22238532e+00
 3.09576644e-01 -1.14812547e+01
 3.17948180e-01 -1.38944495e+01
 3.13150696e-01 -1.64109246e+01
 2.94877044e-01 -1.89813723e+01
 2.61983498e-01 -2.15606013e+01
 2.14994445e-01 -2.41072619e+01
 1.57852858e-01 -2.65827071e+01
 9.79222873e-02 -2.89509627e+01
 4.49110305e-02 -3.11800068e+01
 9.40103969e-03 -3.32428910e+01
 8.64821916e-04 -3.51176439e+01
 2.52376918e-02 -3.67866857e+01
 8.31888024e-02 -3.82372483e+01
 1.70327669e-01 -3.94631826e+01
 2.79060854e-01 -4.04669535e+01
 4.00594619e-01 -4.12601688e+01
 5.26266094e-01 -4.18620051e+01
 6.48846866e-01 -4.22963341e+01
 7.64509038e-01 -4.25887562e+01
 8.74474734e-01 -4.27638677e+01
 9.84336991e-01 -4.28423567e+01
 1.10096092e+00 -4.28384191e+01
 1.22981885e+00 -4.27593682e+01
 1.37503873e+00 -4.26081167e+01
 1.54083745e+00 -4.23861337e+01
 1.73181847e+00 -4.20942438e+01
 1.95210352e+00 -4.17317843e+01
 2.20509045e+00 -4.12962097e+01
 2.49455746e+00 -4.07835517e+01
 2.82608905e+00 -4.01886018e+01
 3.20758526e+00 -3.95042513e+01
 3.64872124e+00 -3.87207252e+01
 4.16016802e+00 -3.78258528e+01
 4.75320629e+00 -3.68067755e+01
 5.43957764e+00 -3.56523488e+01
 6.23107063e+00 -3.43549902e+01
 7.13853913e+00 -3.29112436e+01
 8.17038285e+00 -3.13214807e+01
 9.33080100e+00 -2.95900357e+01
 1.06181712e+01 -2.77267093e+01
 1.20237208e+01 -2.57490334e+01
 1.35306140e+01 -2.36835416e+01
 1.51136806e+01 -2.15649194e+01
 1.67400158e+01 -1.94336089e+01
 1.83706628e+01 -1.73333095e+01
 1.99635243e+01 -1.53091078e+01
 2.14771610e+01 -1.34056251e+01
 2.28744596e+01 -1.16640315e+01
 2.41252909e+01 -1.01177529e+01
 2.52082756e+01 -8.78834046e+00
 2.61122092e+01 -7.68337409e+00
 2.68368982e+01 -6.79699256e+00
 2.73924610e+01 -6.11234747e+00
 2.77969274e+01 -5.60496147e+00
 2.80733400e+01 -5.24606180e+00
 2.82475819e+01 -5.00525657e+00
 2.83466567e+01 -4.85268514e+00
 2.83962867e+01 -4.76125609e+00
 2.84178985e+01 -4.70880199e+00
 2.84267313e+01 -4.67895789e+00
 2.84324210e+01 -4.66029651e+00
 2.84412882e+01 -4.64493961e+00
 2.84583130e+01 -4.62773810e+00
 2.84877353e+01 -4.60539572e+00
 2.85330028e+01 -4.57475504e+00
 2.85971141e+01 -4.53133146e+00
 2.86831386e+01 -4.46976419e+00
 2.87939263e+01 -4.38585073e+00
 2.89307448e+01 -4.27821702e+00
 2.90915211e+01 -4.14848533e+00
 2.92696494e+01 -4.00036869e+00
 2.94542270e+01 -3.83862419e+00
 2.96322695e+01 -3.66836959e+00
 2.97927877e+01 -3.49464976e+00
 2.99311648e+01 -3.32191175e+00
 3.00507872e+01 -3.15335886e+00
 3.01600325e+01 -2.99050020e+00
 3.02668262e+01 -2.83318400e+00
 3.03752269e+01 -2.68013673e+00
 3.04857821e+01 -2.52974732e+00
 3.05976373e+01 -2.38069663e+00
 3.07100089e+01 -2.23218891e+00
 3.08225260e+01 -2.08385759e+00
 3.09350725e+01 -1.93557195e+00
 3.10476234e+01 -1.78729570e+00
 3.11601746e+01 -1.63902099e+00
 3.12727258e+01 -1.49074648e+00
 3.13852768e+01 -1.34247220e+00
 3.14978264e+01 -1.19419987e+00
 3.16103647e+01 -1.04594238e+00
 3.17228360e+01 -8.97773181e-01
 3.18349943e+01 -7.50016277e-01
 3.19460037e+01 -6.03773005e-01
 3.20536923e+01 -4.61904460e-01
 3.21538140e+01 -3.30004647e-01
 3.22403229e+01 -2.16038135e-01
 3.23074785e+01 -1.27567629e-01
 3.23074785e+01 -1.27567629e-01
 3.23074785e+01 -1.27567629e-01
 3.23074785e+01 -1.27567629e-01
 3.23074785e+01 -1.27567629e-01
 3.23074785e+01 -1.27567629e-01
 3.23074785e+01 -1.27567629e-01
 3.23074785e+01 -1.27567629e-01
 3.23074785e+01 -1.27567629e-01
 3.23074785e+01 -1.27567629e-01
 3.23074785e+01 -1.27567629e-01
 3.23074785e+01 -1.27567629e-01
 3.23074785e+01 -1.27567629e-01
 3.23074785e+01 -1.27567629e-01
 3.23074785e+01 -1.27567629e-01
 3.23074785e+01 -1.27567629e-01
 3.23074785e+01 -1.27567629e-01
 3.23074785e+01 -1.27567629e-01
 3.23074785e+01 -1.27567629e-01
 3.23074785e+01 -1.27567629e-01
 3.23074785e+01 -1.27567629e-01
 3.23074785e+01 -1.27567629e-01
 3.23074785e+01 -1.27567629e-01
 3.23074785e+01 -1.27567629e-01
 3.23074785e+01 -1.27567629e-01
 3.23074785e+01 -1.27567629e-01
 3.23074785e+01 -1.27567629e-01
 3.23074785e+01 -1.27567629e-01
 3.23074785e+01 -1.27567629e-01
 3.23074785e+01 -1.27567629e-01
 3.23074785e+01 -1.27567629e-01
 3.23074785e+01 -1.27567629e-01
 3.23074785e+01 -1.27567629e-01
 3.23074785e+01 -1.27567629e-01
 3.23074785e+01 -1.27567629e-01
 3.23074785e+01 -1.27567629e-01
