 0.00000000e+00 0.00000000e+00
 0.00000000e+00 0.00000000e+00
 0.00000000e+00 0.00000000e+00
 0.00000000e+00 0.00000000e+00
 -8.00684142e-02 -1.79307107e-01
 -1.66180678e-01 -4.46305669e-01
 -2.38096834e-01 -8.15345927e-01
 -2.77207976e-01 -1.30043495e+00
 -2.71436073e-01 -1.91635346e+00
 -2.15425930e-01 -2.67763501e+00
 -1.08842622e-01 -3.59651896e+00
 4.50692348e-02 -4.68121895e+00
 2.40944445e-01 -5.93491120e+00
 4.72964372e-01 -7.35508730e+00
 7.35960843e-01 -8.93276096e+00
 1.02560573e+00 -1.06514149e+01
 1.33806436e+00 -1.24863506e+01
 1.66946606e+00 -1.44055824e+01
 2.01539916e+00 -1.63727110e+01
 2.37071351e+00 -1.83507028e+01
 2.72973035e+00 -2.03049604e+01
 3.08652985e+00 -2.22051452e+01
 3.43494601e+00 -2.40263979e+01
 3.76845439e+00 -2.57504179e+01
 4.08069677e+00 -2.73659295e+01
 4.36708676e+00 -2.88678800e+01
 4.62669863e+00 -3.02554972e+01
 4.86285101e+00 -3.15300628e+01
 5.08175299e+00 -3.26933645e+01
 5.29028629e+00 -3.37474079e+01
 5.49439569e+00 -3.46951493e+01
 5.69851728e+00 -3.55412652e+01
 5.90556067e+00 -3.62921575e+01
 6.11693713e+00 -3.69552359e+01
 6.33246568e+00 -3.75379396e+01
 6.55019995e+00 -3.80469022e+01
 6.76628543e+00 -3.84875232e+01
 6.97505352e+00 -3.88639704e+01
 7.16969400e+00 -3.91794545e+01
 7.34365185e+00 -3.94367117e+01
 7.49230117e+00 -3.96387200e+01
 7.61417544e+00 -3.97894072e+01
 7.71144582e+00 -3.98936043e+01
 7.78993513e+00 -3.99554152e+01
 7.85925587e+00 -3.99753599e+01
 7.93319422e+00 -3.99481682e+01
 8.02933732e+00 -3.98626911e+01
 8.16707111e+00 -3.97033809e+01
 8.36504653e+00 -3.94520167e+01
 8.63994506e+00 -3.90892604e+01
 9.00654384e+00 -3.85962989e+01
 9.47770744e+00 -3.79567431e+01
 1.00636268e+01 -3.71587760e+01
 1.07706939e+01 -3.61972284e+01
 1.16006466e+01 -3.50748655e+01
 1.25502536e+01 -3.38021738e+01
 1.36113691e+01 -3.23954702e+01
 1.47712910e+01 -3.08739365e+01
 1.60137589e+01 -2.92568233e+01
 1.73206042e+01 -2.75620256e+01
 1.86732232e+01 -2.58062847e+01
 2.00531772e+01 -2.40060685e+01
 2.14424476e+01 -2.21777529e+01
 2.28245198e+01 -2.03364944e+01
 2.41865721e+01 -1.84945475e+01
 2.55215004e+01 -1.66606028e+01
 2.68277214e+01 -1.48413995e+01
 2.81055969e+01 -1.30455206e+01
 2.93517585e+01 -1.12876883e+01
 3.05545998e+01 -9.59121699e+00
 3.16936952e+01 -7.98713482e+00
 3.27432744e+01 -6.51017019e+00
 3.36773992e+01 -5.19330335e+00
 3.44738363e+01 -4.06322191e+00
 3.51150750e+01 -3.13821193e+00
 3.55876146e+01 -2.42812503e+00
 3.58822826e+01 -1.93475553e+00
 3.59969489e+01 -1.65157368e+00
 3.59397728e+01 -1.56359521e+00
 3.57298026e+01 -1.64897463e+00
 3.53939688e+01 -1.88243306e+00
 3.49626060e+01 -2.23852988e+00
 3.44661793e+01 -2.69264530e+00
 3.39336591e+01 -3.21957283e+00
 3.33907843e+01 -3.79198775e+00
 3.28569495e+01 -4.38179973e+00
 3.23421822e+01 -4.96522558e+00
 3.18470879e+01 -5.52844874e+00
 3.13664511e+01 -6.06918912e+00
 3.08939441e+01 -6.59288923e+00
 3.04250143e+01 -7.10688072e+00
 2.99573263e+01 -7.61658925e+00
 2.94899793e+01 -8.12481942e+00
 2.90227065e+01 -8.63264892e+00
 2.85554464e+01 -9.14039310e+00
 2.80881881e+01 -9.64812301e+00
 2.76209301e+01 -1.01558510e+01
 2.71536727e+01 -1.06635781e+01
 2.66864214e+01 -1.11712985e+01
 2.62192169e+01 -1.16789681e+01
 2.57522907e+01 -1.21863353e+01
 2.52866637e+01 -1.26922908e+01
 2.48258066e+01 -1.31930632e+01
 2.43787356e+01 -1.36788555e+01
 2.39630791e+01 -1.41305124e+01
 2.36039360e+01 -1.45207614e+01
 2.33251385e+01 -1.48237059e+01
 2.33251385e+01 -1.48237059e+01
 2.33251385e+01 -1.48237059e+01
 2.33251385e+01 -1.48237059e+01
 2.33251385e+01 -1.48237059e+01
 2.33251385e+01 -1.48237059e+01
 2.33251385e+01 -1.48237059e+01
 2.33251385e+01 -1.48237059e+01
 2.33251385e+01 -1.48237059e+01
 2.33251385e+01 -1.48237059e+01
 2.33251385e+01 -1.48237059e+01
 2.33251385e+01 -1.48237059e+01
 2.33251385e+01 -1.48237059e+01
 2.33251385e+01 -1.48237059e+01
 2.33251385e+01 -1.48237059e+01
 2.33251385e+01 -1.48237059e+01
 2.33251385e+01 -1.48237059e+01
 2.33251385e+01 -1.48237059e+01
 2.33251385e+01 -1.48237059e+01
 2.33251385e+01 -1.48237059e+01
 2.33251385e+01 -1.48237059e+01
 2.33251385e+01 -1.48237059e+01
 2.33251385e+01 -1.48237059e+01
 2.33251385e+01 -1.48237059e+01
 2.33251385e+01 -1.48237059e+01
 2.33251385e+01 -1.48237059e+01
 2.33251385e+01 -1.48237059e+01
 2.33251385e+01 -1.48237059e+01
 2.33251385e+01 -1.48237059e+01
 2.33251385e+01 -1.48237059e+01
 2.33251385e+01 -1.48237059e+01
 2.33251385e+01 -1.48237059e+01
 2.33251385e+01 -1.48237059e+01
 2.33251385e+01 -1.48237059e+01
 2.33251385e+01 -1.48237059e+01
 2.33251385e+01 -1.48237059e+01
 2.33251385e+01 -1.48237059e+01
 2.33251385e+01 -1.48237059e+01
 2.33251385e+01 -1.48237059e+01
 2.33251385e+01 -1.48237059e+01
 2.33251385e+01 -1.48237059e+01
 2.33251385e+01 -1.48237059e+01
 2.33251385e+01 -1.48237059e+01
 2.33251385e+01 -1.48237059e+01
 2.33251385e+01 -1.48237059e+01
 2.33251385e+01 -1.48237059e+01
