 0.00000000e+00 0.00000000e+00
 0.00000000e+00 0.00000000e+00
 0.00000000e+00 0.00000000e+00
 0.00000000e+00 0.00000000e+00
 -9.88730734e-02 1.09118832e-02
 -2.10210238e-01 1.53086718e-02
 -3.13712173e-01 3.22134547e-03
 -3.90895919e-01 -4.02422919e-02
 -4.29938851e-01 -1.36114870e-01
 -4.24442502e-01 -3.10967398e-01
 -3.69601349e-01 -5.94566370e-01
 -2.60486057e-01 -1.01755701e+00
 -9.33305000e-02 -1.61001690e+00
 1.32581969e-01 -2.39989503e+00
 4.14234087e-01 -3.41030530e+00
 7.45183869e-01 -4.65617407e+00
 1.11626871e+00 -6.14179775e+00
 1.51665435e+00 -7.86042805e+00
 1.93512084e+00 -9.79565962e+00
 2.36109027e+00 -1.19233647e+01
 2.78500959e+00 -1.42131584e+01
 3.19828933e+00 -1.66295025e+01
 3.59337605e+00 -1.91329681e+01
 3.96419799e+00 -2.16814377e+01
 4.30656863e+00 -2.42306472e+01
 4.61802633e+00 -2.67342623e+01
 4.89719677e+00 -2.91445112e+01
 5.14329299e+00 -3.14141274e+01
 5.35611116e+00 -3.34993752e+01
 5.53625643e+00 -3.53632997e+01
 5.68528019e+00 -3.69785651e+01
 5.80577294e+00 -3.83297691e+01
 5.90130372e+00 -3.94150285e+01
 5.97588402e+00 -4.02458915e+01
 6.03347685e+00 -4.08446053e+01
 6.07861563e+00 -4.12391841e+01
 6.11763137e+00 -4.14581036e+01
 6.15865618e+00 -4.15262425e+01
 6.21028153e+00 -4.14626463e+01
 6.28075140e+00 -4.12801243e+01
 6.37849332e+00 -4.09863016e+01
 6.51286847e+00 -4.05852323e+01
 6.69418064e+00 -4.00788193e+01
 6.93303948e+00 -3.94680210e+01
 7.23953393e+00 -3.87539202e+01
 7.62268189e+00 -3.79381988e+01
 8.09043444e+00 -3.70225780e+01
 8.65001147e+00 -3.60075447e+01
 9.30812760e+00 -3.48913034e+01
 1.00708967e+01 -3.36697213e+01
 1.09434067e+01 -3.23372010e+01
 1.19291582e+01 -3.08878223e+01
 1.30297231e+01 -2.93165385e+01
 1.42446897e+01 -2.76207966e+01
 1.55715311e+01 -2.58022955e+01
 1.70052169e+01 -2.38675573e+01
 1.85378841e+01 -2.18266598e+01
 2.01589986e+01 -1.96915010e+01
 2.18560195e+01 -1.74756993e+01
 2.36149781e+01 -1.51966216e+01
 2.54200671e+01 -1.28778757e+01
 2.72517586e+01 -1.05502268e+01
 2.90841826e+01 -8.25060933e+00
 3.08836441e+01 -6.02058856e+00
 3.26099619e+01 -3.90507829e+00
 3.42206504e+01 -1.95027728e+00
 3.56762607e+01 -1.99481595e-01
 3.69449530e+01 1.31280050e+00
 3.80055023e+01 2.56631801e+00
 3.88490892e+01 3.55797406e+00
 3.94802782e+01 4.30115708e+00
 3.99166523e+01 4.82181665e+00
 4.01857489e+01 5.15252632e+00
 4.03185674e+01 5.32629548e+00
 4.03415713e+01 5.37186624e+00
 4.02717370e+01 5.31148861e+00
 4.01178248e+01 5.16113436e+00
 3.98857223e+01 4.93253744e+00
 3.95828048e+01 4.63631046e+00
 3.92192444e+01 4.28511032e+00
 3.88080163e+01 3.89552876e+00
 3.83649241e+01 3.48763658e+00
 3.79076205e+01 3.08189300e+00
 3.74525921e+01 2.69423105e+00
 3.70112540e+01 2.33163606e+00
 3.65877177e+01 1.99135133e+00
 3.61797827e+01 1.66482428e+00
 3.57822516e+01 1.34355040e+00
 3.53901744e+01 1.02260703e+00
 3.50003657e+01 7.00554649e-01
 3.46113071e+01 3.77617533e-01
 3.42224452e+01 5.42761471e-02
 3.38336242e+01 -2.69194696e-01
 3.34448099e+01 -5.92696293e-01
 3.30559965e+01 -9.16203434e-01
 3.26671833e+01 -1.23971131e+00
 3.22783705e+01 -1.56321883e+00
 3.18895629e+01 -1.88672208e+00
 3.15007942e+01 -2.21019296e+00
 3.11122570e+01 -2.53347123e+00
 3.07248010e+01 -2.85584992e+00
 3.03413141e+01 -3.17492615e+00
 2.99692988e+01 -3.48445752e+00
 2.96234241e+01 -3.77223894e+00
 2.93245750e+01 -4.02089314e+00
 2.90925829e+01 -4.21391970e+00
 2.90925829e+01 -4.21391970e+00
 2.90925829e+01 -4.21391970e+00
 2.90925829e+01 -4.21391970e+00
 2.90925829e+01 -4.21391970e+00
 2.90925829e+01 -4.21391970e+00
 2.90925829e+01 -4.21391970e+00
 2.90925829e+01 -4.21391970e+00
 2.90925829e+01 -4.21391970e+00
 2.90925829e+01 -4.21391970e+00
 2.90925829e+01 -4.21391970e+00
 2.90925829e+01 -4.21391970e+00
 2.90925829e+01 -4.21391970e+00
 2.90925829e+01 -4.21391970e+00
 2.90925829e+01 -4.21391970e+00
 2.90925829e+01 -4.21391970e+00
 2.90925829e+01 -4.21391970e+00
 2.90925829e+01 -4.21391970e+00
 2.90925829e+01 -4.21391970e+00
 2.90925829e+01 -4.21391970e+00
 2.90925829e+01 -4.21391970e+00
 2.90925829e+01 -4.21391970e+00
 2.90925829e+01 -4.21391970e+00
 2.90925829e+01 -4.21391970e+00
 2.90925829e+01 -4.21391970e+00
 2.90925829e+01 -4.21391970e+00
 2.90925829e+01 -4.21391970e+00
 2.90925829e+01 -4.21391970e+00
 2.90925829e+01 -4.21391970e+00
 2.90925829e+01 -4.21391970e+00
 2.90925829e+01 -4.21391970e+00
 2.90925829e+01 -4.21391970e+00
 2.90925829e+01 -4.21391970e+00
 2.90925829e+01 -4.21391970e+00
 2.90925829e+01 -4.21391970e+00
 2.90925829e+01 -4.21391970e+00
 2.90925829e+01 -4.21391970e+00
 2.90925829e+01 -4.21391970e+00
 2.90925829e+01 -4.21391970e+00
 2.90925829e+01 -4.21391970e+00
 2.90925829e+01 -4.21391970e+00
 2.90925829e+01 -4.21391970e+00
 2.90925829e+01 -4.21391970e+00
 2.90925829e+01 -4.21391970e+00
 2.90925829e+01 -4.21391970e+00
 2.90925829e+01 -4.21391970e+00
 2.90925829e+01 -4.21391970e+00
