 0.00000000e+00 0.00000000e+00
 0.00000000e+00 0.00000000e+00
 0.00000000e+00 0.00000000e+00
 0.00000000e+00 0.00000000e+00
 3.48800350e-02 5.69474663e-02
 7.81635317e-02 1.14464091e-01
 1.20944844e-01 1.56081924e-01
 1.50949851e-01 1.63815432e-01
 1.54163443e-01 1.17618312e-01
 1.15275517e-01 -7.31343010e-03
 1.83461256e-02 -2.41066137e-01
 -1.51260113e-01 -6.16082328e-01
 -4.04768497e-01 -1.16303118e+00
 -7.49090971e-01 -1.90718856e+00
 -1.18671115e+00 -2.86504621e+00
 -1.71520884e+00 -4.04101143e+00
 -2.32639451e+00 -5.42533593e+00
 -3.00592399e+00 -6.99440013e+00
 -3.73392345e+00 -8.71320424e+00
 -4.48637283e+00 -1.05388722e+01
 -5.23667034e+00 -1.24239675e+01
 -5.95716685e+00 -1.43191671e+01
 -6.62094600e+00 -1.61755176e+01
 -7.20391481e+00 -1.79465670e+01
 -7.68654840e+00 -1.95903319e+01
 -8.05447527e+00 -2.10708396e+01
 -8.29785362e+00 -2.23589838e+01
 -8.41038492e+00 -2.34325247e+01
 -8.38890555e+00 -2.42752682e+01
 -8.23350071e+00 -2.48758587e+01
 -7.94696612e+00 -2.52269212e+01
 -7.53294032e+00 -2.53250969e+01
 -6.99398014e+00 -2.51718381e+01
 -6.33155951e+00 -2.47742247e+01
 -5.54818986e+00 -2.41452138e+01
 -4.64999991e+00 -2.33035867e+01
 -3.64836835e+00 -2.22743678e+01
 -2.56046412e+00 -2.10898203e+01
 -1.40905612e+00 -1.97897826e+01
 -2.21771241e-01 -1.84197729e+01
 9.70283800e-01 -1.70269224e+01
 2.13464402e+00 -1.56558462e+01
 3.24001427e+00 -1.43464660e+01
 4.25853308e+00 -1.31335655e+01
 5.16754592e+00 -1.20462400e+01
 5.95110844e+00 -1.11063055e+01
 6.60102577e+00 -1.03268613e+01
 7.11681296e+00 -9.71304020e+00
 7.50449073e+00 -9.26562875e+00
 7.77479302e+00 -8.98574798e+00
 7.94106186e+00 -8.87726418e+00
 8.01661337e+00 -8.94495830e+00
 8.01230253e+00 -9.19014412e+00
 7.93639808e+00 -9.60761882e+00
 7.79745409e+00 -1.01856447e+01
 7.60743906e+00 -1.09067419e+01
 7.38223999e+00 -1.17467414e+01
 7.14020899e+00 -1.26730445e+01
 6.90091352e+00 -1.36452858e+01
 6.68399409e+00 -1.46197396e+01
 6.50652262e+00 -1.55555019e+01
 6.37915585e+00 -1.64194850e+01
 6.30414775e+00 -1.71888911e+01
 6.27779629e+00 -1.78516023e+01
 6.29560532e+00 -1.84051696e+01
 6.35538906e+00 -1.88546076e+01
 6.45629186e+00 -1.92093978e+01
 6.59678729e+00 -1.94806888e+01
 6.77525666e+00 -1.96794803e+01
 6.99281788e+00 -1.98155744e+01
 7.25552328e+00 -1.98964122e+01
 7.57420419e+00 -1.99251682e+01
 7.96249715e+00 -1.98985427e+01
 8.43458043e+00 -1.98059059e+01
 9.00370837e+00 -1.96311311e+01
 9.68157793e+00 -1.93562560e+01
 1.04779764e+01 -1.89646912e+01
 1.14004808e+01 -1.84428125e+01
 1.24543187e+01 -1.77804698e+01
 1.36420136e+01 -1.69713211e+01
 1.49619225e+01 -1.60135376e+01
 1.64055327e+01 -1.49109739e+01
 1.79550522e+01 -1.36740936e+01
 1.95834493e+01 -1.23194450e+01
 2.12575000e+01 -1.08674622e+01
 2.29420828e+01 -9.34003034e+00
 2.46037370e+01 -7.75958984e+00
 2.62137027e+01 -6.15008878e+00
 2.77520081e+01 -4.53795535e+00
 2.92120389e+01 -2.95009089e+00
 3.06019286e+01 -1.40767561e+00
 3.19400541e+01 8.07871865e-02
 3.32468415e+01 1.52118037e+00
 3.45381434e+01 2.92817435e+00
 3.58232283e+01 4.31687423e+00
 3.71062930e+01 5.69765451e+00
 3.83888281e+01 7.07572609e+00
 3.96712517e+01 8.45306676e+00
 4.09536564e+01 9.83025209e+00
 4.22360584e+01 1.12074115e+01
 4.35184601e+01 1.25845673e+01
 4.48008600e+01 1.39617208e+01
 4.60832430e+01 1.53388562e+01
 4.73654976e+01 1.67158538e+01
 4.86469887e+01 1.80920314e+01
 4.99249139e+01 1.94643796e+01
 5.11897479e+01 2.08226694e+01
 5.24167457e+01 2.21403273e+01
 5.35575255e+01 2.33653967e+01
 5.45432031e+01 2.44239039e+01
 5.53083700e+01 2.52456072e+01
 5.53083700e+01 2.52456072e+01
 5.53083700e+01 2.52456072e+01
 5.53083700e+01 2.52456072e+01
 5.53083700e+01 2.52456072e+01
 5.53083700e+01 2.52456072e+01
 5.53083700e+01 2.52456072e+01
 5.53083700e+01 2.52456072e+01
 5.53083700e+01 2.52456072e+01
 5.53083700e+01 2.52456072e+01
 5.53083700e+01 2.52456072e+01
 5.53083700e+01 2.52456072e+01
 5.53083700e+01 2.52456072e+01
 5.53083700e+01 2.52456072e+01
 5.53083700e+01 2.52456072e+01
 5.53083700e+01 2.52456072e+01
 5.53083700e+01 2.52456072e+01
 5.53083700e+01 2.52456072e+01
 5.53083700e+01 2.52456072e+01
 5.53083700e+01 2.52456072e+01
 5.53083700e+01 2.52456072e+01
 5.53083700e+01 2.52456072e+01
 5.53083700e+01 2.52456072e+01
 5.53083700e+01 2.52456072e+01
 5.53083700e+01 2.52456072e+01
 5.53083700e+01 2.52456072e+01
 5.53083700e+01 2.52456072e+01
 5.53083700e+01 2.52456072e+01
 5.53083700e+01 2.52456072e+01
 5.53083700e+01 2.52456072e+01
 5.53083700e+01 2.52456072e+01
 5.53083700e+01 2.52456072e+01
 5.53083700e+01 2.52456072e+01
 5.53083700e+01 2.52456072e+01
 5.53083700e+01 2.52456072e+01
 5.53083700e+01 2.52456072e+01
 5.53083700e+01 2.52456072e+01
 5.53083700e+01 2.52456072e+01
 5.53083700e+01 2.52456072e+01
 5.53083700e+01 2.52456072e+01
 5.53083700e+01 2.52456072e+01
 5.53083700e+01 2.52456072e+01
 5.53083700e+01 2.52456072e+01
 5.53083700e+01 2.52456072e+01
 5.53083700e+01 2.52456072e+01
 5.53083700e+01 2.52456072e+01
 5.53083700e+01 2.52456072e+01
 5.53083700e+01 2.52456072e+01
 5.53083700e+01 2.52456072e+01
 5.53083700e+01 2.52456072e+01
 5.53083700e+01 2.52456072e+01
 5.53083700e+01 2.52456072e+01
 5.53083700e+01 2.52456072e+01
 5.53083700e+01 2.52456072e+01
 5.53083700e+01 2.52456072e+01
 5.53083700e+01 2.52456072e+01
 5.53083700e+01 2.52456072e+01
 5.53083700e+01 2.52456072e+01
 5.53083700e+01 2.52456072e+01
 5.53083700e+01 2.52456072e+01
 5.53083700e+01 2.52456072e+01
 5.53083700e+01 2.52456072e+01
 5.53083700e+01 2.52456072e+01
 5.53083700e+01 2.52456072e+01
 5.53083700e+01 2.52456072e+01
 5.53083700e+01 2.52456072e+01
 5.53083700e+01 2.52456072e+01
 5.53083700e+01 2.52456072e+01
 5.53083700e+01 2.52456072e+01
 5.53083700e+01 2.52456072e+01
 5.53083700e+01 2.52456072e+01
 5.53083700e+01 2.52456072e+01
 5.53083700e+01 2.52456072e+01
 5.53083700e+01 2.52456072e+01
 5.53083700e+01 2.52456072e+01
 5.53083700e+01 2.52456072e+01
 5.53083700e+01 2.52456072e+01
 5.53083700e+01 2.52456072e+01
 5.53083700e+01 2.52456072e+01
 5.53083700e+01 2.52456072e+01
 5.53083700e+01 2.52456072e+01
 5.53083700e+01 2.52456072e+01
 5.53083700e+01 2.52456072e+01
 5.53083700e+01 2.52456072e+01
 5.53083700e+01 2.52456072e+01
 5.53083700e+01 2.52456072e+01
 5.53083700e+01 2.52456072e+01
 5.53083700e+01 2.52456072e+01
 5.53083700e+01 2.52456072e+01
 5.53083700e+01 2.52456072e+01
 5.53083700e+01 2.52456072e+01
 5.53083700e+01 2.52456072e+01
 5.53083700e+01 2.52456072e+01
 5.53083700e+01 2.52456072e+01
 5.53083700e+01 2.52456072e+01
