 0.00000000e+00 0.00000000e+00
 0.00000000e+00 0.00000000e+00
 0.00000000e+00 0.00000000e+00
 0.00000000e+00 0.00000000e+00
 1.00991317e-01 1.24149488e-03
 1.81333535e-01 -2.59963140e-02
 1.97736944e-01 -1.10395640e-01
 1.12812921e-01 -2.89525776e-01
 -9.64102315e-02 -6.07959581e-01
 -4.41300567e-01 -1.11366751e+00
 -9.31629665e-01 -1.85305137e+00
 -1.58375356e+00 -2.86592418e+00
 -2.42103066e+00 -4.18161266e+00
 -3.46788333e+00 -5.81656445e+00
 -4.74290475e+00 -7.77312977e+00
 -6.25452204e+00 -1.00389186e+01
 -7.99908966e+00 -1.25865354e+01
 -9.95990386e+00 -1.53743218e+01
 -1.21065197e+01 -1.83489435e+01
 -1.43948382e+01 -2.14494957e+01
 -1.67683858e+01 -2.46113474e+01
 -1.91606061e+01 -2.77681314e+01
 -2.14980021e+01 -3.08522536e+01
 -2.37044966e+01 -3.37960413e+01
 -2.57074068e+01 -3.65354127e+01
 -2.74445413e+01 -3.90158137e+01
 -2.88707833e+01 -4.11979683e+01
 -2.99622550e+01 -4.30607912e+01
 -3.07169461e+01 -4.46006206e+01
 -3.11515468e+01 -4.58278311e+01
 -3.12949019e+01 -4.67624417e+01
 -3.11799773e+01 -4.74297637e+01
 -3.08375755e+01 -4.78564532e+01
 -3.02937337e+01 -4.80672304e+01
 -2.95696622e+01 -4.80827133e+01
 -2.86820768e+01 -4.79186595e+01
 -2.76434582e+01 -4.75864055e+01
 -2.64631460e+01 -4.70940508e+01
 -2.51496006e+01 -4.64480201e+01
 -2.37128673e+01 -4.56546419e+01
 -2.21659274e+01 -4.47213588e+01
 -2.05245307e+01 -4.36574389e+01
 -1.88063053e+01 -4.24745538e+01
 -1.70303616e+01 -4.11877679e+01
 -1.52179770e+01 -3.98168974e+01
 -1.33939528e+01 -3.83874933e+01
 -1.15877598e+01 -3.69309732e+01
 -9.83374523e+00 -3.54841293e+01
 -8.17000310e+00 -3.40879621e+01
 -6.63575448e+00 -3.27849613e+01
 -5.26728546e+00 -3.16143699e+01
 -4.09305746e+00 -3.06068510e+01
 -3.12964415e+00 -2.97813678e+01
 -2.38052557e+00 -2.91461323e+01
 -1.83826437e+00 -2.87026739e+01
 -1.48836896e+00 -2.84499437e+01
 -1.31258055e+00 -2.83858806e+01
 -1.29063251e+00 -2.85064510e+01
 -1.40102510e+00 -2.88041866e+01
 -1.62178274e+00 -2.92677641e+01
 -1.93138552e+00 -2.98822500e+01
 -2.30909433e+00 -3.06287836e+01
 -2.73418495e+00 -3.14836026e+01
 -3.18501269e+00 -3.24179684e+01
 -3.63943322e+00 -3.34007096e+01
 -4.07701969e+00 -3.44033184e+01
 -4.48205432e+00 -3.54053693e+01
 -4.84582088e+00 -3.63975105e+01
 -5.16715662e+00 -3.73807469e+01
 -5.45091264e+00 -3.83626330e+01
 -5.70471682e+00 -3.93519203e+01
 -5.93496255e+00 -4.03532388e+01
 -6.14309039e+00 -4.13631768e+01
 -6.32333200e+00 -4.23686969e+01
 -6.46288947e+00 -4.33479482e+01
 -6.54411504e+00 -4.42725827e+01
 -6.54658352e+00 -4.51103825e+01
 -6.44761839e+00 -4.58274039e+01
 -6.22241975e+00 -4.63893396e+01
 -5.84562321e+00 -4.67622841e+01
 -5.29396121e+00 -4.69137637e+01
 -4.54816566e+00 -4.68149985e+01
 -3.59331794e+00 -4.64440247e+01
 -2.41873837e+00 -4.57879873e+01
 -1.01914478e+00 -4.48439419e+01
 6.02187296e-01 -4.36197834e+01
 2.42930466e+00 -4.21368107e+01
 4.43059924e+00 -4.04325572e+01
 6.55858884e+00 -3.85605817e+01
 8.75284868e+00 -3.65855961e+01
 1.09458598e+01 -3.45756530e+01
 1.30717312e+01 -3.25940766e+01
 1.50777213e+01 -3.06917157e+01
 1.69365847e+01 -2.88989928e+01
 1.86539376e+01 -2.72201217e+01
 2.02636097e+01 -2.56349132e+01
 2.18107487e+01 -2.41102759e+01
 2.33328777e+01 -2.26152477e+01
 2.48507574e+01 -2.11301350e+01
 2.63710898e+01 -1.96464889e+01
 2.78939252e+01 -1.81622600e+01
 2.94179707e+01 -1.66775281e+01
 3.09424127e+01 -1.51925995e+01
 3.24669502e+01 -1.37076193e+01
 3.39915049e+01 -1.22226293e+01
 3.55160619e+01 -1.07376381e+01
 3.70406171e+01 -9.25264868e+00
 3.85651522e+01 -7.76767887e+00
 4.00895347e+01 -6.28285767e+00
 4.16130094e+01 -4.79892065e+00
 4.31322450e+01 -3.31911288e+00
 4.46359173e+01 -1.85446435e+00
 4.60946088e+01 -4.33629375e-01
 4.74508018e+01 8.87367238e-01
 4.86226047e+01 2.02875912e+00
 4.95322579e+01 2.91480465e+00
 4.95322579e+01 2.91480465e+00
 4.95322579e+01 2.91480465e+00
 4.95322579e+01 2.91480465e+00
 4.95322579e+01 2.91480465e+00
 4.95322579e+01 2.91480465e+00
 4.95322579e+01 2.91480465e+00
 4.95322579e+01 2.91480465e+00
 4.95322579e+01 2.91480465e+00
 4.95322579e+01 2.91480465e+00
 4.95322579e+01 2.91480465e+00
 4.95322579e+01 2.91480465e+00
 4.95322579e+01 2.91480465e+00
 4.95322579e+01 2.91480465e+00
 4.95322579e+01 2.91480465e+00
 4.95322579e+01 2.91480465e+00
 4.95322579e+01 2.91480465e+00
 4.95322579e+01 2.91480465e+00
 4.95322579e+01 2.91480465e+00
 4.95322579e+01 2.91480465e+00
 4.95322579e+01 2.91480465e+00
 4.95322579e+01 2.91480465e+00
 4.95322579e+01 2.91480465e+00
 4.95322579e+01 2.91480465e+00
 4.95322579e+01 2.91480465e+00
 4.95322579e+01 2.91480465e+00
 4.95322579e+01 2.91480465e+00
 4.95322579e+01 2.91480465e+00
 4.95322579e+01 2.91480465e+00
 4.95322579e+01 2.91480465e+00
 4.95322579e+01 2.91480465e+00
 4.95322579e+01 2.91480465e+00
 4.95322579e+01 2.91480465e+00
 4.95322579e+01 2.91480465e+00
 4.95322579e+01 2.91480465e+00
 4.95322579e+01 2.91480465e+00
 4.95322579e+01 2.91480465e+00
 4.95322579e+01 2.91480465e+00
 4.95322579e+01 2.91480465e+00
 4.95322579e+01 2.91480465e+00
 4.95322579e+01 2.91480465e+00
 4.95322579e+01 2.91480465e+00
 4.95322579e+01 2.91480465e+00
 4.95322579e+01 2.91480465e+00
 4.95322579e+01 2.91480465e+00
 4.95322579e+01 2.91480465e+00
 4.95322579e+01 2.91480465e+00
 4.95322579e+01 2.91480465e+00
 4.95322579e+01 2.91480465e+00
 4.95322579e+01 2.91480465e+00
 4.95322579e+01 2.91480465e+00
 4.95322579e+01 2.91480465e+00
 4.95322579e+01 2.91480465e+00
 4.95322579e+01 2.91480465e+00
 4.95322579e+01 2.91480465e+00
 4.95322579e+01 2.91480465e+00
 4.95322579e+01 2.91480465e+00
 4.95322579e+01 2.91480465e+00
 4.95322579e+01 2.91480465e+00
 4.95322579e+01 2.91480465e+00
 4.95322579e+01 2.91480465e+00
 4.95322579e+01 2.91480465e+00
 4.95322579e+01 2.91480465e+00
 4.95322579e+01 2.91480465e+00
 4.95322579e+01 2.91480465e+00
 4.95322579e+01 2.91480465e+00
 4.95322579e+01 2.91480465e+00
 4.95322579e+01 2.91480465e+00
 4.95322579e+01 2.91480465e+00
 4.95322579e+01 2.91480465e+00
 4.95322579e+01 2.91480465e+00
 4.95322579e+01 2.91480465e+00
 4.95322579e+01 2.91480465e+00
 4.95322579e+01 2.91480465e+00
 4.95322579e+01 2.91480465e+00
 4.95322579e+01 2.91480465e+00
 4.95322579e+01 2.91480465e+00
 4.95322579e+01 2.91480465e+00
 4.95322579e+01 2.91480465e+00
 4.95322579e+01 2.91480465e+00
 4.95322579e+01 2.91480465e+00
 4.95322579e+01 2.91480465e+00
 4.95322579e+01 2.91480465e+00
 4.95322579e+01 2.91480465e+00
 4.95322579e+01 2.91480465e+00
 4.95322579e+01 2.91480465e+00
 4.95322579e+01 2.91480465e+00
 4.95322579e+01 2.91480465e+00
 4.95322579e+01 2.91480465e+00
 4.95322579e+01 2.91480465e+00
