 0.00000000e+00 0.00000000e+00
 0.00000000e+00 0.00000000e+00
 0.00000000e+00 0.00000000e+00
 0.00000000e+00 0.00000000e+00
 1.20801604e-01 3.23809039e-03
 2.38274867e-01 -1.81364144e-03
 3.13964943e-01 -3.54317750e-02
 3.11539767e-01 -1.33809322e-01
 2.04675494e-01 -3.47791603e-01
 -2.31047606e-02 -7.35957690e-01
 -3.84179624e-01 -1.35497863e+00
 -8.92735589e-01 -2.25103203e+00
 -1.56576176e+00 -3.45386335e+00
 -2.41805488e+00 -4.97303643e+00
 -3.45494818e+00 -6.79607855e+00
 -4.66752340e+00 -8.88908194e+00
 -6.03233615e+00 -1.12000810e+01
 -7.51467830e+00 -1.36647104e+01
 -9.07325554e+00 -1.62133177e+01
 -1.06646595e+01 -1.87786531e+01
 -1.22469016e+01 -2.13028289e+01
 -1.37816890e+01 -2.37416345e+01
 -1.52353336e+01 -2.60646342e+01
 -1.65785433e+01 -2.82513886e+01
 -1.77856122e+01 -3.02863729e+01
 -1.88336652e+01 -3.21556319e+01
 -1.97026450e+01 -3.38463950e+01
 -2.03762495e+01 -3.53483003e+01
 -2.08430836e+01 -3.66538209e+01
 -2.10968116e+01 -3.77568748e+01
 -2.11347850e+01 -3.86507654e+01
 -2.09560537e+01 -3.93271254e+01
 -2.05604230e+01 -3.97763570e+01
 -1.99492077e+01 -3.99890110e+01
 -1.91267137e+01 -3.99574900e+01
 -1.81013851e+01 -3.96777099e+01
 -1.68866296e+01 -3.91504850e+01
 -1.55015081e+01 -3.83826485e+01
 -1.39708410e+01 -3.73881579e+01
 -1.23244789e+01 -3.61892945e+01
 -1.05962836e+01 -3.48175583e+01
 -8.82321904e+00 -3.33133503e+01
 -7.04404660e+00 -3.17236479e+01
 -5.29708181e+00 -3.00979782e+01
 -3.61761948e+00 -2.84842904e+01
 -2.03635977e+00 -2.69263866e+01
 -5.79399898e-01 -2.54631209e+01
 7.31132871e-01 -2.41280286e+01
 1.87741554e+00 -2.29479711e+01
 2.84787154e+00 -2.19407830e+01
 3.63946962e+00 -2.11134021e+01
 4.25838812e+00 -2.04621254e+01
 4.71853800e+00 -1.99753685e+01
 5.03944208e+00 -1.96380179e+01
 5.24483527e+00 -1.94360830e+01
 5.36101487e+00 -1.93602436e+01
 5.41279400e+00 -1.94069782e+01
 5.41749361e+00 -1.95773362e+01
 5.38101013e+00 -1.98752080e+01
 5.29947121e+00 -2.03064760e+01
 5.16523005e+00 -2.08781083e+01
 4.97251959e+00 -2.15955584e+01
 4.71970359e+00 -2.24587016e+01
 4.40893329e+00 -2.34583980e+01
 4.04561261e+00 -2.45755763e+01
 3.63893621e+00 -2.57828917e+01
 3.20312856e+00 -2.70473562e+01
 2.75817805e+00 -2.83324913e+01
 2.32893021e+00 -2.96000651e+01
 1.94216365e+00 -3.08122704e+01
 1.62243634e+00 -3.19344164e+01
 1.38856495e+00 -3.29372885e+01
 1.25264828e+00 -3.37985209e+01
 1.22189890e+00 -3.45030120e+01
 1.30130179e+00 -3.50425757e+01
 1.49477459e+00 -3.54148991e+01
 1.80470092e+00 -3.56218686e+01
 2.23163639e+00 -3.56674852e+01
 2.77532555e+00 -3.55560864e+01
 3.43636837e+00 -3.52918291e+01
 4.21727133e+00 -3.48793114e+01
 5.12226998e+00 -3.43240716e+01
 6.15600782e+00 -3.36324491e+01
 7.32136446e+00 -3.28116200e+01
 8.61707579e+00 -3.18701669e+01
 1.00366683e+01 -3.08181918e+01
 1.15701886e+01 -2.96659233e+01
 1.32080123e+01 -2.84210723e+01
 1.49437664e+01 -2.70865065e+01
 1.67740843e+01 -2.56599758e+01
 1.86956682e+01 -2.41364094e+01
 2.07016229e+01 -2.25118144e+01
 2.27783724e+01 -2.07874266e+01
 2.49033743e+01 -1.89733269e+01
 2.70434884e+01 -1.70909975e+01
 2.91543282e+01 -1.51740190e+01
 3.11820837e+01 -1.32660069e+01
 3.30703854e+01 -1.14149346e+01
 3.47740338e+01 -9.66328471e+00
 3.62767944e+01 -8.03561255e+00
 3.76030251e+01 -6.52943031e+00
 3.88109071e+01 -5.11703751e+00
 3.99670065e+01 -3.75952088e+00
 4.11193038e+01 -2.42381384e+00
 4.22873671e+01 -1.09146320e+00
 4.34708773e+01 2.43416348e-01
 4.46631562e+01 1.58072607e+00
 4.58589513e+01 2.91919891e+00
 4.70557983e+01 4.25805198e+00
 4.82528854e+01 5.59699645e+00
 4.94500148e+01 6.93595753e+00
 5.06471497e+01 8.27492078e+00
 5.18442836e+01 9.61388245e+00
 5.30414017e+01 1.09528265e+01
 5.42384001e+01 1.22916365e+01
 5.54346856e+01 1.36296493e+01
 5.66276424e+01 1.49639389e+01
 5.78083784e+01 1.62845600e+01
 5.89537938e+01 1.75656760e+01
 6.00187239e+01 1.87567712e+01
 6.09388645e+01 1.97859234e+01
 6.16531559e+01 2.05848389e+01
 6.16531559e+01 2.05848389e+01
 6.16531559e+01 2.05848389e+01
 6.16531559e+01 2.05848389e+01
 6.16531559e+01 2.05848389e+01
 6.16531559e+01 2.05848389e+01
 6.16531559e+01 2.05848389e+01
 6.16531559e+01 2.05848389e+01
 6.16531559e+01 2.05848389e+01
 6.16531559e+01 2.05848389e+01
 6.16531559e+01 2.05848389e+01
 6.16531559e+01 2.05848389e+01
 6.16531559e+01 2.05848389e+01
 6.16531559e+01 2.05848389e+01
 6.16531559e+01 2.05848389e+01
 6.16531559e+01 2.05848389e+01
 6.16531559e+01 2.05848389e+01
 6.16531559e+01 2.05848389e+01
 6.16531559e+01 2.05848389e+01
 6.16531559e+01 2.05848389e+01
 6.16531559e+01 2.05848389e+01
 6.16531559e+01 2.05848389e+01
 6.16531559e+01 2.05848389e+01
 6.16531559e+01 2.05848389e+01
 6.16531559e+01 2.05848389e+01
 6.16531559e+01 2.05848389e+01
 6.16531559e+01 2.05848389e+01
 6.16531559e+01 2.05848389e+01
 6.16531559e+01 2.05848389e+01
 6.16531559e+01 2.05848389e+01
 6.16531559e+01 2.05848389e+01
 6.16531559e+01 2.05848389e+01
 6.16531559e+01 2.05848389e+01
 6.16531559e+01 2.05848389e+01
 6.16531559e+01 2.05848389e+01
 6.16531559e+01 2.05848389e+01
 6.16531559e+01 2.05848389e+01
 6.16531559e+01 2.05848389e+01
 6.16531559e+01 2.05848389e+01
 6.16531559e+01 2.05848389e+01
 6.16531559e+01 2.05848389e+01
 6.16531559e+01 2.05848389e+01
 6.16531559e+01 2.05848389e+01
 6.16531559e+01 2.05848389e+01
 6.16531559e+01 2.05848389e+01
 6.16531559e+01 2.05848389e+01
 6.16531559e+01 2.05848389e+01
 6.16531559e+01 2.05848389e+01
 6.16531559e+01 2.05848389e+01
 6.16531559e+01 2.05848389e+01
 6.16531559e+01 2.05848389e+01
 6.16531559e+01 2.05848389e+01
 6.16531559e+01 2.05848389e+01
 6.16531559e+01 2.05848389e+01
 6.16531559e+01 2.05848389e+01
 6.16531559e+01 2.05848389e+01
 6.16531559e+01 2.05848389e+01
 6.16531559e+01 2.05848389e+01
 6.16531559e+01 2.05848389e+01
 6.16531559e+01 2.05848389e+01
 6.16531559e+01 2.05848389e+01
 6.16531559e+01 2.05848389e+01
 6.16531559e+01 2.05848389e+01
 6.16531559e+01 2.05848389e+01
 6.16531559e+01 2.05848389e+01
 6.16531559e+01 2.05848389e+01
 6.16531559e+01 2.05848389e+01
 6.16531559e+01 2.05848389e+01
 6.16531559e+01 2.05848389e+01
 6.16531559e+01 2.05848389e+01
 6.16531559e+01 2.05848389e+01
 6.16531559e+01 2.05848389e+01
 6.16531559e+01 2.05848389e+01
 6.16531559e+01 2.05848389e+01
 6.16531559e+01 2.05848389e+01
 6.16531559e+01 2.05848389e+01
 6.16531559e+01 2.05848389e+01
 6.16531559e+01 2.05848389e+01
 6.16531559e+01 2.05848389e+01
 6.16531559e+01 2.05848389e+01
 6.16531559e+01 2.05848389e+01
 6.16531559e+01 2.05848389e+01
 6.16531559e+01 2.05848389e+01
 6.16531559e+01 2.05848389e+01
