 0.00000000e+00 0.00000000e+00
 0.00000000e+00 0.00000000e+00
 0.00000000e+00 0.00000000e+00
 0.00000000e+00 0.00000000e+00
 9.72116540e-02 5.18383351e-02
 1.94710649e-01 1.10861958e-01
 2.68506369e-01 1.66873735e-01
 3.01125609e-01 2.08165519e-01
 2.85455830e-01 2.20146554e-01
 2.19698301e-01 1.81188184e-01
 9.85855893e-02 5.93394357e-02
 -9.23720897e-02 -1.87443803e-01
 -3.76803093e-01 -6.07657771e-01
 -7.83504162e-01 -1.25074794e+00
 -1.34171371e+00 -2.16112262e+00
 -2.07688811e+00 -3.37239842e+00
 -3.00684189e+00 -4.90231708e+00
 -4.13834510e+00 -6.74894740e+00
 -5.46484718e+00 -8.88894637e+00
 -6.96589181e+00 -1.12784314e+01
 -8.60791033e+00 -1.38563401e+01
 -1.03453434e+01 -1.65493864e+01
 -1.21216477e+01 -1.92775840e+01
 -1.38712522e+01 -2.19599091e+01
 -1.55239763e+01 -2.45200242e+01
 -1.70119755e+01 -2.68914851e+01
 -1.82772468e+01 -2.90214144e+01
 -1.92770640e+01 -3.08721193e+01
 -1.99860315e+01 -3.24210053e+01
 -2.03952888e+01 -3.36594329e+01
 -2.05099622e+01 -3.45907997e+01
 -2.03455869e+01 -3.52276532e+01
 -1.99241206e+01 -3.55877162e+01
 -1.92700317e+01 -3.56895846e+01
 -1.84066145e+01 -3.55496345e+01
 -1.73532468e+01 -3.51812275e+01
 -1.61250011e+01 -3.45959372e+01
 -1.47350523e+01 -3.38056927e+01
 -1.31985245e+01 -3.28250575e+01
 -1.15359341e+01 -3.16734665e+01
 -9.77515949e+00 -3.03772754e+01
 -7.95169368e+00 -2.89711334e+01
 -6.10749859e+00 -2.74979772e+01
 -4.28910765e+00 -2.60071465e+01
 -2.54536657e+00 -2.45507944e+01
 -9.24454862e-01 -2.31794353e+01
 5.30446671e-01 -2.19375473e+01
 1.78647387e+00 -2.08597615e+01
 2.82539830e+00 -1.99679890e+01
 3.64477137e+00 -1.92701560e+01
 4.25582782e+00 -1.87614610e+01
 4.68020006e+00 -1.84284287e+01
 4.94681035e+00 -1.82547333e+01
 5.08792268e+00 -1.82268204e+01
 5.13330757e+00 -1.83373430e+01
 5.10460556e+00 -1.85853554e+01
 5.01362412e+00 -1.89737134e+01
 4.86533736e+00 -1.95052013e+01
 4.66260468e+00 -2.01786853e+01
 4.40971432e+00 -2.09858540e+01
 4.11425306e+00 -2.19091679e+01
 3.78772512e+00 -2.29221039e+01
 3.44488073e+00 -2.39921378e+01
 3.10196202e+00 -2.50852211e+01
 2.77490944e+00 -2.61696079e+01
 2.47840531e+00 -2.72177535e+01
 2.22538447e+00 -2.82066753e+01
 2.02614404e+00 -2.91179889e+01
 1.88767902e+00 -2.99381361e+01
 1.81515653e+00 -3.06581633e+01
 1.81519093e+00 -3.12724594e+01
 1.89726887e+00 -3.17770794e+01
 2.07143289e+00 -3.21688833e+01
 2.34543420e+00 -3.24457542e+01
 2.72497089e+00 -3.26068524e+01
 3.21613509e+00 -3.26519526e+01
 3.82694929e+00 -3.25803821e+01
 4.56675994e+00 -3.23909163e+01
 5.44438452e+00 -3.20828018e+01
 6.46634252e+00 -3.16565613e+01
 7.63594757e+00 -3.11137139e+01
 8.95318021e+00 -3.04560929e+01
 1.04147357e+01 -2.96856930e+01
 1.20138771e+01 -2.88049827e+01
 1.37401529e+01 -2.78170451e+01
 1.55790636e+01 -2.67253080e+01
 1.75117106e+01 -2.55332101e+01
 1.95145699e+01 -2.42443902e+01
 2.15593541e+01 -2.28638558e+01
 2.36127059e+01 -2.13999666e+01
 2.56360279e+01 -1.98662214e+01
 2.75866529e+01 -1.82817030e+01
 2.94215451e+01 -1.66698837e+01
 3.11038722e+01 -1.50563200e+01
 3.26118748e+01 -1.34657711e+01
 3.39476884e+01 -1.19188414e+01
 3.51406576e+01 -1.04283943e+01
 3.62393984e+01 -8.99693400e+00
 3.72940921e+01 -7.61680538e+00
 3.83399157e+01 -6.27395946e+00
 3.93920989e+01 -4.95354243e+00
 4.04522046e+01 -3.64419244e+00
 4.15170513e+01 -2.33927937e+00
 4.25838363e+01 -1.03579982e+00
 4.36512064e+01 2.67309036e-01
 4.47187105e+01 1.57034160e+00
 4.57862381e+01 2.87336171e+00
 4.68537689e+01 4.17638007e+00
 4.79212986e+01 5.47939650e+00
 4.89888142e+01 6.78239573e+00
 5.00562230e+01 8.08526456e+00
 5.11229962e+01 9.38735756e+00
 5.21868009e+01 1.06858273e+01
 5.32397080e+01 1.19709955e+01
 5.42611183e+01 1.32177190e+01
 5.52107568e+01 1.43768386e+01
 5.60312810e+01 1.53783625e+01
 5.66682417e+01 1.61558306e+01
 5.66682417e+01 1.61558306e+01
 5.66682417e+01 1.61558306e+01
 5.66682417e+01 1.61558306e+01
 5.66682417e+01 1.61558306e+01
 5.66682417e+01 1.61558306e+01
 5.66682417e+01 1.61558306e+01
 5.66682417e+01 1.61558306e+01
 5.66682417e+01 1.61558306e+01
 5.66682417e+01 1.61558306e+01
 5.66682417e+01 1.61558306e+01
 5.66682417e+01 1.61558306e+01
 5.66682417e+01 1.61558306e+01
 5.66682417e+01 1.61558306e+01
 5.66682417e+01 1.61558306e+01
 5.66682417e+01 1.61558306e+01
 5.66682417e+01 1.61558306e+01
 5.66682417e+01 1.61558306e+01
 5.66682417e+01 1.61558306e+01
 5.66682417e+01 1.61558306e+01
 5.66682417e+01 1.61558306e+01
 5.66682417e+01 1.61558306e+01
 5.66682417e+01 1.61558306e+01
 5.66682417e+01 1.61558306e+01
 5.66682417e+01 1.61558306e+01
 5.66682417e+01 1.61558306e+01
 5.66682417e+01 1.61558306e+01
 5.66682417e+01 1.61558306e+01
 5.66682417e+01 1.61558306e+01
 5.66682417e+01 1.61558306e+01
 5.66682417e+01 1.61558306e+01
 5.66682417e+01 1.61558306e+01
 5.66682417e+01 1.61558306e+01
 5.66682417e+01 1.61558306e+01
 5.66682417e+01 1.61558306e+01
 5.66682417e+01 1.61558306e+01
 5.66682417e+01 1.61558306e+01
 5.66682417e+01 1.61558306e+01
 5.66682417e+01 1.61558306e+01
 5.66682417e+01 1.61558306e+01
 5.66682417e+01 1.61558306e+01
 5.66682417e+01 1.61558306e+01
 5.66682417e+01 1.61558306e+01
 5.66682417e+01 1.61558306e+01
 5.66682417e+01 1.61558306e+01
 5.66682417e+01 1.61558306e+01
 5.66682417e+01 1.61558306e+01
 5.66682417e+01 1.61558306e+01
 5.66682417e+01 1.61558306e+01
 5.66682417e+01 1.61558306e+01
 5.66682417e+01 1.61558306e+01
 5.66682417e+01 1.61558306e+01
 5.66682417e+01 1.61558306e+01
 5.66682417e+01 1.61558306e+01
 5.66682417e+01 1.61558306e+01
 5.66682417e+01 1.61558306e+01
 5.66682417e+01 1.61558306e+01
 5.66682417e+01 1.61558306e+01
 5.66682417e+01 1.61558306e+01
 5.66682417e+01 1.61558306e+01
 5.66682417e+01 1.61558306e+01
 5.66682417e+01 1.61558306e+01
 5.66682417e+01 1.61558306e+01
 5.66682417e+01 1.61558306e+01
 5.66682417e+01 1.61558306e+01
 5.66682417e+01 1.61558306e+01
 5.66682417e+01 1.61558306e+01
 5.66682417e+01 1.61558306e+01
 5.66682417e+01 1.61558306e+01
 5.66682417e+01 1.61558306e+01
 5.66682417e+01 1.61558306e+01
 5.66682417e+01 1.61558306e+01
 5.66682417e+01 1.61558306e+01
 5.66682417e+01 1.61558306e+01
 5.66682417e+01 1.61558306e+01
 5.66682417e+01 1.61558306e+01
 5.66682417e+01 1.61558306e+01
 5.66682417e+01 1.61558306e+01
 5.66682417e+01 1.61558306e+01
 5.66682417e+01 1.61558306e+01
 5.66682417e+01 1.61558306e+01
 5.66682417e+01 1.61558306e+01
 5.66682417e+01 1.61558306e+01
 5.66682417e+01 1.61558306e+01
 5.66682417e+01 1.61558306e+01
 5.66682417e+01 1.61558306e+01
 5.66682417e+01 1.61558306e+01
 5.66682417e+01 1.61558306e+01
