 0.00000000e+00 0.00000000e+00
 0.00000000e+00 0.00000000e+00
 0.00000000e+00 0.00000000e+00
 0.00000000e+00 0.00000000e+00
 -1.60720971e-02 6.37228674e-02
 -5.24461895e-02 1.23221595e-01
 -1.23326007e-01 1.50181355e-01
 -2.45714783e-01 1.08621652e-01
 -4.38486832e-01 -4.24972177e-02
 -7.22013651e-01 -3.46993351e-01
 -1.11691967e+00 -8.48246238e-01
 -1.64094103e+00 -1.58549481e+00
 -2.30491561e+00 -2.59061334e+00
 -3.10983153e+00 -3.88494038e+00
 -4.04606553e+00 -5.47544943e+00
 -5.09490858e+00 -7.35112762e+00
 -6.23163783e+00 -9.48164209e+00
 -7.42861372e+00 -1.18195852e+01
 -8.65686146e+00 -1.43054477e+01
 -9.88578078e+00 -1.68730618e+01
 -1.10821563e+01 -1.94539236e+01
 -1.22101911e+01 -2.19805465e+01
 -1.32333645e+01 -2.43897911e+01
 -1.41174270e+01 -2.66264318e+01
 -1.48333497e+01 -2.86462632e+01
 -1.53598161e+01 -3.04179578e+01
 -1.56853718e+01 -3.19234603e+01
 -1.58097815e+01 -3.31571284e+01
 -1.57437580e+01 -3.41238383e+01
 -1.55068139e+01 -3.48362029e+01
 -1.51235967e+01 -3.53111305e+01
 -1.46192137e+01 -3.55659498e+01
 -1.40144527e+01 -3.56144522e+01
 -1.33222949e+01 -3.54639782e+01
 -1.25467568e+01 -3.51152027e+01
 -1.16839924e+01 -3.45648660e+01
 -1.07247298e+01 -3.38095272e+01
 -9.65695565e+00 -3.28483887e+01
 -8.46816324e+00 -3.16850215e+01
 -7.14730788e+00 -3.03284980e+01
 -5.68731662e+00 -2.87937673e+01
 -4.08861039e+00 -2.71011535e+01
 -2.36259528e+00 -2.52757891e+01
 -5.33200008e-01 -2.33479441e+01
 1.36424451e+00 -2.13542652e+01
 3.28547704e+00 -1.93389024e+01
 5.17969033e+00 -1.73531054e+01
 6.99219929e+00 -1.54524146e+01
 8.66888287e+00 -1.36917126e+01
 1.01627353e+01 -1.21192443e+01
 1.14405813e+01 -1.07709517e+01
 1.24869405e+01 -9.66649541e+00
 1.33035496e+01 -8.80810464e+00
 1.39059977e+01 -8.18258190e+00
 1.43203025e+01 -7.76596042e+00
 1.45804107e+01 -7.53011028e+00
 1.47246297e+01 -7.45028314e+00
 1.47889047e+01 -7.51139718e+00
 1.47986038e+01 -7.71044531e+00
 1.47637183e+01 -8.05459170e+00
 1.46806540e+01 -8.55718987e+00
 1.45385366e+01 -9.23377227e+00
 1.43249767e+01 -1.00980950e+01
 1.40284669e+01 -1.11579543e+01
 1.36387978e+01 -1.24117634e+01
 1.31482669e+01 -1.38472696e+01
 1.25546096e+01 -1.54424621e+01
 1.18644250e+01 -1.71672011e+01
 1.10952925e+01 -1.89841837e+01
 1.02755847e+01 -2.08495172e+01
 9.44210652e+00 -2.27142700e+01
 8.63626477e+00 -2.45274673e+01
 7.89959716e+00 -2.62396896e+01
 7.26959473e+00 -2.78065828e+01
 6.77654451e+00 -2.91923071e+01
 6.44139060e+00 -3.03726548e+01
 6.27421261e+00 -3.13367443e+01
 6.27357762e+00 -3.20861586e+01
 6.42795727e+00 -3.26313692e+01
 6.72004836e+00 -3.29866519e+01
 7.13278416e+00 -3.31654852e+01
 7.65406440e+00 -3.31778926e+01
 8.27821679e+00 -3.30298138e+01
 9.00503244e+00 -3.27236907e+01
 9.83849027e+00 -3.22595470e+01
 1.07860482e+01 -3.16362658e+01
 1.18578831e+01 -3.08528561e+01
 1.30654101e+01 -2.99093241e+01
 1.44192785e+01 -2.88067156e+01
 1.59274699e+01 -2.75463463e+01
 1.75936072e+01 -2.61292124e+01
 1.94149791e+01 -2.45571567e+01
 2.13801249e+01 -2.28365142e+01
 2.34666152e+01 -2.09831318e+01
 2.56397086e+01 -1.90264789e+01
 2.78520047e+01 -1.70109684e+01
 3.00443245e+01 -1.49940448e+01
 3.21488523e+01 -1.30416967e+01
 3.40954175e+01 -1.12221021e+01
 3.58199350e+01 -9.59798270e+00
 3.72723486e+01 -8.21887117e+00
 3.84221931e+01 -7.11500140e+00
 3.92624853e+01 -6.29353199e+00
 3.98137159e+01 -5.73620599e+00
 4.01266257e+01 -5.39830537e+00
 4.02775704e+01 -5.21253682e+00
 4.03512465e+01 -5.10277177e+00
 4.04161537e+01 -5.00522890e+00
 4.05081814e+01 -4.88454320e+00
 4.06327419e+01 -4.73377714e+00
 4.07797912e+01 -4.56149297e+00
 4.09379172e+01 -4.37836513e+00
 4.11001497e+01 -4.19114783e+00
 4.12635516e+01 -4.00275038e+00
 4.14272116e+01 -3.81408976e+00
 4.15909159e+01 -3.62538359e+00
 4.17546260e+01 -3.43667131e+00
 4.19183366e+01 -3.24795865e+00
 4.20820451e+01 -3.05924842e+00
 4.22457372e+01 -2.87055707e+00
 4.24093318e+01 -2.68197808e+00
 4.25724711e+01 -2.49392384e+00
 4.27339393e+01 -2.30779604e+00
 4.28905773e+01 -2.12723608e+00
 4.30362088e+01 -1.95936359e+00
 4.31620400e+01 -1.81431530e+00
 4.32597209e+01 -1.70171647e+00
 4.32597209e+01 -1.70171647e+00
 4.32597209e+01 -1.70171647e+00
 4.32597209e+01 -1.70171647e+00
 4.32597209e+01 -1.70171647e+00
 4.32597209e+01 -1.70171647e+00
 4.32597209e+01 -1.70171647e+00
 4.32597209e+01 -1.70171647e+00
 4.32597209e+01 -1.70171647e+00
 4.32597209e+01 -1.70171647e+00
 4.32597209e+01 -1.70171647e+00
 4.32597209e+01 -1.70171647e+00
 4.32597209e+01 -1.70171647e+00
 4.32597209e+01 -1.70171647e+00
 4.32597209e+01 -1.70171647e+00
 4.32597209e+01 -1.70171647e+00
 4.32597209e+01 -1.70171647e+00
 4.32597209e+01 -1.70171647e+00
 4.32597209e+01 -1.70171647e+00
 4.32597209e+01 -1.70171647e+00
 4.32597209e+01 -1.70171647e+00
 4.32597209e+01 -1.70171647e+00
 4.32597209e+01 -1.70171647e+00
 4.32597209e+01 -1.70171647e+00
 4.32597209e+01 -1.70171647e+00
 4.32597209e+01 -1.70171647e+00
 4.32597209e+01 -1.70171647e+00
 4.32597209e+01 -1.70171647e+00
 4.32597209e+01 -1.70171647e+00
 4.32597209e+01 -1.70171647e+00
 4.32597209e+01 -1.70171647e+00
 4.32597209e+01 -1.70171647e+00
 4.32597209e+01 -1.70171647e+00
 4.32597209e+01 -1.70171647e+00
 4.32597209e+01 -1.70171647e+00
 4.32597209e+01 -1.70171647e+00
 4.32597209e+01 -1.70171647e+00
 4.32597209e+01 -1.70171647e+00
 4.32597209e+01 -1.70171647e+00
 4.32597209e+01 -1.70171647e+00
 4.32597209e+01 -1.70171647e+00
 4.32597209e+01 -1.70171647e+00
 4.32597209e+01 -1.70171647e+00
 4.32597209e+01 -1.70171647e+00
 4.32597209e+01 -1.70171647e+00
 4.32597209e+01 -1.70171647e+00
 4.32597209e+01 -1.70171647e+00
 4.32597209e+01 -1.70171647e+00
 4.32597209e+01 -1.70171647e+00
 4.32597209e+01 -1.70171647e+00
 4.32597209e+01 -1.70171647e+00
 4.32597209e+01 -1.70171647e+00
 4.32597209e+01 -1.70171647e+00
 4.32597209e+01 -1.70171647e+00
 4.32597209e+01 -1.70171647e+00
 4.32597209e+01 -1.70171647e+00
 4.32597209e+01 -1.70171647e+00
 4.32597209e+01 -1.70171647e+00
 4.32597209e+01 -1.70171647e+00
 4.32597209e+01 -1.70171647e+00
 4.32597209e+01 -1.70171647e+00
 4.32597209e+01 -1.70171647e+00
 4.32597209e+01 -1.70171647e+00
 4.32597209e+01 -1.70171647e+00
 4.32597209e+01 -1.70171647e+00
 4.32597209e+01 -1.70171647e+00
 4.32597209e+01 -1.70171647e+00
 4.32597209e+01 -1.70171647e+00
 4.32597209e+01 -1.70171647e+00
 4.32597209e+01 -1.70171647e+00
 4.32597209e+01 -1.70171647e+00
 4.32597209e+01 -1.70171647e+00
 4.32597209e+01 -1.70171647e+00
 4.32597209e+01 -1.70171647e+00
 4.32597209e+01 -1.70171647e+00
 4.32597209e+01 -1.70171647e+00
 4.32597209e+01 -1.70171647e+00
 4.32597209e+01 -1.70171647e+00
 4.32597209e+01 -1.70171647e+00
