 0.00000000e+00 0.00000000e+00
 0.00000000e+00 0.00000000e+00
 0.00000000e+00 0.00000000e+00
 0.00000000e+00 0.00000000e+00
 -3.90936232e-06 1.29280397e-02
 -3.45401177e-05 2.39901257e-02
 -2.24552248e-04 2.99424409e-02
 -1.16216031e-03 2.69705764e-02
 -4.86528424e-03 7.75511838e-03
 -1.66688507e-02 -4.20012583e-02
 -4.73741005e-02 -1.44815395e-01
 -1.13559888e-01 -3.29298553e-01
 -2.34204115e-01 -6.26095700e-01
 -4.25069385e-01 -1.06438923e+00
 -6.95185321e-01 -1.67033701e+00
 -1.04762018e+00 -2.46691019e+00
 -1.48199278e+00 -3.47341384e+00
 -1.99529205e+00 -4.70329571e+00
 -2.58088137e+00 -6.16071733e+00
 -3.22796359e+00 -7.83809113e+00
 -3.92287558e+00 -9.71627075e+00
 -4.65127332e+00 -1.17667935e+01
 -5.39927013e+00 -1.39540829e+01
 -6.15286228e+00 -1.62363059e+01
 -6.89690685e+00 -1.85655534e+01
 -7.61515677e+00 -2.08890116e+01
 -8.29135926e+00 -2.31521583e+01
 -8.91034630e+00 -2.53037521e+01
 -9.45862041e+00 -2.73012414e+01
 -9.92500986e+00 -2.91145564e+01
 -1.03020117e+01 -3.07268319e+01
 -1.05874710e+01 -3.21323774e+01
 -1.07852294e+01 -3.33336456e+01
 -1.09034710e+01 -3.43387932e+01
 -1.09513697e+01 -3.51599403e+01
 -1.09364473e+01 -3.58109139e+01
 -1.08637039e+01 -3.63035521e+01
 -1.07347183e+01 -3.66433742e+01
 -1.05455690e+01 -3.68266929e+01
 -1.02856309e+01 -3.68407716e+01
 -9.93929290e+00 -3.66669436e+01
 -9.48932741e+00 -3.62851734e+01
 -8.91932465e+00 -3.56783905e+01
 -8.21477670e+00 -3.48358919e+01
 -7.36445948e+00 -3.37560047e+01
 -6.36317716e+00 -3.24483305e+01
 -5.21495776e+00 -3.09355453e+01
 -3.93495574e+00 -2.92543731e+01
 -2.54939667e+00 -2.74551279e+01
 -1.09434495e+00 -2.55992048e+01
 3.85877916e-01 -2.37542663e+01
 1.84093661e+00 -2.19877937e+01
 3.21835922e+00 -2.03605922e+01
 4.46924134e+00 -1.89218170e+01
 5.55445004e+00 -1.77063444e+01
 6.44927458e+00 -1.67347390e+01
 7.14515111e+00 -1.60156028e+01
 7.64828391e+00 -1.55492880e+01
 7.97586811e+00 -1.53312395e+01
 8.15120175e+00 -1.53535852e+01
 8.19910799e+00 -1.56052507e+01
 8.14258386e+00 -1.60722469e+01
 8.00096741e+00 -1.67387647e+01
 7.78964020e+00 -1.75873518e+01
 7.52113621e+00 -1.85965113e+01
 7.20715116e+00 -1.97371252e+01
 6.86050461e+00 -2.09711709e+01
 6.49617287e+00 -2.22545560e+01
 6.13106909e+00 -2.35425412e+01
 5.78267156e+00 -2.47946612e+01
 5.46692543e+00 -2.59773050e+01
 5.19632306e+00 -2.70642993e+01
 4.97896417e+00 -2.80367689e+01
 4.81852387e+00 -2.88829573e+01
 4.71487837e+00 -2.95978073e+01
 4.66602407e+00 -3.01818201e+01
 4.67178818e+00 -3.06390466e+01
 4.73785099e+00 -3.09745574e+01
 4.87754416e+00 -3.11919287e+01
 5.11069998e+00 -3.12912367e+01
 5.46099209e+00 -3.12679741e+01
 5.95303420e+00 -3.11130206e+01
 6.60936545e+00 -3.08134773e+01
 7.44755798e+00 -3.03542616e+01
 8.47842241e+00 -2.97204193e+01
 9.70608445e+00 -2.88995845e+01
 1.11294830e+01 -2.78836621e+01
 1.27436742e+01 -2.66695777e+01
 1.45393547e+01 -2.52601022e+01
 1.65004721e+01 -2.36656686e+01
 1.86014096e+01 -2.19065365e+01
 2.08054631e+01 -2.00133523e+01
 2.30652471e+01 -1.80249454e+01
 2.53247751e+01 -1.59843625e+01
 2.75231131e+01 -1.39350528e+01
 2.95998361e+01 -1.19178985e+01
 3.15019773e+01 -9.96843237e+00
 3.31910559e+01 -8.11380615e+00
 3.46482541e+01 -6.37024272e+00
 3.58764228e+01 -4.74225306e+00
 3.68988108e+01 -3.22425212e+00
 3.77550792e+01 -1.80385472e+00
 3.84946167e+01 -4.65156255e-01
 3.91669988e+01 8.09221547e-01
 3.98117767e+01 2.03693771e+00
 4.04524765e+01 3.23443378e+00
 4.10978987e+01 4.41501335e+00
 4.17483486e+01 5.58762352e+00
 4.24016442e+01 6.75713589e+00
 4.30560655e+01 7.92566874e+00
 4.37108191e+01 9.09395219e+00
 4.43656475e+01 1.02621849e+01
 4.50204890e+01 1.14304094e+01
 4.56753322e+01 1.25986327e+01
 4.63301747e+01 1.37668543e+01
 4.69850086e+01 1.49350605e+01
 4.76397769e+01 1.61031498e+01
 4.82941553e+01 1.72705436e+01
 4.89467129e+01 1.84346888e+01
 4.95925856e+01 1.95869086e+01
 5.02191376e+01 2.07046607e+01
 5.08016634e+01 2.17438714e+01
 5.13049882e+01 2.26417894e+01
 5.16957117e+01 2.33388297e+01
 5.16957117e+01 2.33388297e+01
 5.16957117e+01 2.33388297e+01
 5.16957117e+01 2.33388297e+01
 5.16957117e+01 2.33388297e+01
 5.16957117e+01 2.33388297e+01
 5.16957117e+01 2.33388297e+01
 5.16957117e+01 2.33388297e+01
 5.16957117e+01 2.33388297e+01
 5.16957117e+01 2.33388297e+01
 5.16957117e+01 2.33388297e+01
 5.16957117e+01 2.33388297e+01
 5.16957117e+01 2.33388297e+01
 5.16957117e+01 2.33388297e+01
 5.16957117e+01 2.33388297e+01
 5.16957117e+01 2.33388297e+01
 5.16957117e+01 2.33388297e+01
 5.16957117e+01 2.33388297e+01
 5.16957117e+01 2.33388297e+01
 5.16957117e+01 2.33388297e+01
 5.16957117e+01 2.33388297e+01
 5.16957117e+01 2.33388297e+01
 5.16957117e+01 2.33388297e+01
 5.16957117e+01 2.33388297e+01
 5.16957117e+01 2.33388297e+01
 5.16957117e+01 2.33388297e+01
 5.16957117e+01 2.33388297e+01
 5.16957117e+01 2.33388297e+01
 5.16957117e+01 2.33388297e+01
 5.16957117e+01 2.33388297e+01
 5.16957117e+01 2.33388297e+01
 5.16957117e+01 2.33388297e+01
 5.16957117e+01 2.33388297e+01
 5.16957117e+01 2.33388297e+01
 5.16957117e+01 2.33388297e+01
 5.16957117e+01 2.33388297e+01
 5.16957117e+01 2.33388297e+01
 5.16957117e+01 2.33388297e+01
 5.16957117e+01 2.33388297e+01
 5.16957117e+01 2.33388297e+01
 5.16957117e+01 2.33388297e+01
 5.16957117e+01 2.33388297e+01
 5.16957117e+01 2.33388297e+01
 5.16957117e+01 2.33388297e+01
 5.16957117e+01 2.33388297e+01
 5.16957117e+01 2.33388297e+01
 5.16957117e+01 2.33388297e+01
 5.16957117e+01 2.33388297e+01
 5.16957117e+01 2.33388297e+01
 5.16957117e+01 2.33388297e+01
 5.16957117e+01 2.33388297e+01
 5.16957117e+01 2.33388297e+01
 5.16957117e+01 2.33388297e+01
 5.16957117e+01 2.33388297e+01
 5.16957117e+01 2.33388297e+01
 5.16957117e+01 2.33388297e+01
 5.16957117e+01 2.33388297e+01
 5.16957117e+01 2.33388297e+01
 5.16957117e+01 2.33388297e+01
 5.16957117e+01 2.33388297e+01
 5.16957117e+01 2.33388297e+01
 5.16957117e+01 2.33388297e+01
 5.16957117e+01 2.33388297e+01
 5.16957117e+01 2.33388297e+01
 5.16957117e+01 2.33388297e+01
 5.16957117e+01 2.33388297e+01
 5.16957117e+01 2.33388297e+01
 5.16957117e+01 2.33388297e+01
 5.16957117e+01 2.33388297e+01
 5.16957117e+01 2.33388297e+01
 5.16957117e+01 2.33388297e+01
 5.16957117e+01 2.33388297e+01
 5.16957117e+01 2.33388297e+01
 5.16957117e+01 2.33388297e+01
 5.16957117e+01 2.33388297e+01
 5.16957117e+01 2.33388297e+01
 5.16957117e+01 2.33388297e+01
 5.16957117e+01 2.33388297e+01
 5.16957117e+01 2.33388297e+01
 5.16957117e+01 2.33388297e+01
 5.16957117e+01 2.33388297e+01
 5.16957117e+01 2.33388297e+01
