 0.00000000e+00 0.00000000e+00
 0.00000000e+00 0.00000000e+00
 0.00000000e+00 0.00000000e+00
 0.00000000e+00 0.00000000e+00
 1.34080999e-02 4.61098047e-02
 1.29644971e-02 8.11386398e-02
 -1.75959475e-02 7.49954327e-02
 -9.82851070e-02 -1.10992065e-02
 -2.51530910e-01 -2.20436993e-01
 -4.99908413e-01 -5.96210718e-01
 -8.63307089e-01 -1.17662315e+00
 -1.35646214e+00 -1.99051814e+00
 -1.98709106e+00 -3.05446401e+00
 -2.75438362e+00 -4.37144664e+00
 -3.64811756e+00 -5.93093010e+00
 -4.64934716e+00 -7.71026602e+00
 -5.73317175e+00 -9.67744929e+00
 -6.87257807e+00 -1.17947660e+01
 -8.04142614e+00 -1.40223477e+01
 -9.21540936e+00 -1.63204771e+01
 -1.03712997e+01 -1.86499356e+01
 -1.14856349e+01 -2.09706647e+01
 -1.25340313e+01 -2.32401377e+01
 -1.34918598e+01 -2.54133687e+01
 -1.43362878e+01 -2.74455766e+01
 -1.50489454e+01 -2.92966173e+01
 -1.56181174e+01 -3.09352207e+01
 -1.60396339e+01 -3.23417616e+01
 -1.63162693e+01 -3.35093704e+01
 -1.64558690e+01 -3.44430712e+01
 -1.64684413e+01 -3.51561560e+01
 -1.63624304e+01 -3.56638702e+01
 -1.61407640e+01 -3.59763976e+01
 -1.57979862e+01 -3.60942526e+01
 -1.53200902e+01 -3.60082234e+01
 -1.46876005e+01 -3.57031337e+01
 -1.38805854e+01 -3.51623906e+01
 -1.28835162e+01 -3.43712873e+01
 -1.16888829e+01 -3.33199468e+01
 -1.02995865e+01 -3.20075516e+01
 -8.73022512e+00 -3.04474732e+01
 -7.00730508e+00 -2.86712002e+01
 -5.16866538e+00 -2.67292822e+01
 -3.26227229e+00 -2.46888083e+01
 -1.34411530e+00 -2.26279604e+01
 5.25139831e-01 -2.06286503e+01
 2.28492243e+00 -1.87683612e+01
 3.88069496e+00 -1.71123478e+01
 5.26982829e+00 -1.57075953e+01
 6.42564923e+00 -1.45800417e+01
 7.33870195e+00 -1.37358113e+01
 8.01544331e+00 -1.31657058e+01
 8.47499818e+00 -1.28511389e+01
 8.74464742e+00 -1.27697861e+01
 8.85507318e+00 -1.28998976e+01
 8.83653589e+00 -1.32228572e+01
 8.71632811e+00 -1.37240673e+01
 8.51691201e+00 -1.43923441e+01
 8.25476429e+00 -1.52177275e+01
 7.94103355e+00 -1.61880171e+01
 7.58408501e+00 -1.72856967e+01
 7.19208602e+00 -1.84873206e+01
 6.77410427e+00 -1.97656889e+01
 6.33998610e+00 -2.10930360e+01
 5.89987051e+00 -2.24431376e+01
 5.46370471e+00 -2.37915008e+01
 5.04102229e+00 -2.51142799e+01
 4.64133819e+00 -2.63872868e+01
 4.27499004e+00 -2.75861157e+01
 3.95363293e+00 -2.86874944e+01
 3.68990634e+00 -2.96712599e+01
 3.49673232e+00 -3.05219552e+01
 3.38711408e+00 -3.12290282e+01
 3.37478203e+00 -3.17853419e+01
 3.47503767e+00 -3.21848947e+01
 3.70464657e+00 -3.24211638e+01
 4.08038140e+00 -3.24867824e+01
 4.61690695e+00 -3.23742322e+01
 5.32467504e+00 -3.20769458e+01
 6.20782743e+00 -3.15905859e+01
 7.26219562e+00 -3.09146034e+01
 8.47428352e+00 -3.00541278e+01
 9.82233073e+00 -2.90218372e+01
 1.12794098e+01 -2.78389382e+01
 1.28169025e+01 -2.65344413e+01
 1.44064324e+01 -2.51429127e+01
 1.60198417e+01 -2.37019272e+01
 1.76284860e+01 -2.22501773e+01
 1.92034498e+01 -2.08257662e+01
 2.07175979e+01 -1.94631972e+01
 2.21496461e+01 -1.81881574e+01
 2.34894283e+01 -1.70113394e+01
 2.47416780e+01 -1.59250059e+01
 2.59247104e+01 -1.49062200e+01
 2.70631707e+01 -1.39266316e+01
 2.81789939e+01 -1.29631229e+01
 2.92862029e+01 -1.20028219e+01
 3.03912326e+01 -1.10413845e+01
 3.14960720e+01 -1.00785795e+01
 3.26010285e+01 -9.11509025e+00
 3.37060523e+01 -8.15137305e+00
 3.48110959e+01 -7.18760050e+00
 3.59161436e+01 -6.22381783e+00
 3.70211917e+01 -5.26003386e+00
 3.81262385e+01 -4.29625104e+00
 3.92312706e+01 -3.33248092e+00
 4.03361922e+01 -2.36880725e+00
 4.14404558e+01 -1.40570743e+00
 4.25416466e+01 -4.45287561e-01
 4.36315568e+01 5.05293708e-01
 4.46888633e+01 1.42743925e+00
 4.56718757e+01 2.28478804e+00
 4.65212362e+01 3.02557037e+00
 4.71805821e+01 3.60062865e+00
 4.71805821e+01 3.60062865e+00
 4.71805821e+01 3.60062865e+00
 4.71805821e+01 3.60062865e+00
 4.71805821e+01 3.60062865e+00
 4.71805821e+01 3.60062865e+00
 4.71805821e+01 3.60062865e+00
 4.71805821e+01 3.60062865e+00
 4.71805821e+01 3.60062865e+00
 4.71805821e+01 3.60062865e+00
 4.71805821e+01 3.60062865e+00
 4.71805821e+01 3.60062865e+00
 4.71805821e+01 3.60062865e+00
 4.71805821e+01 3.60062865e+00
 4.71805821e+01 3.60062865e+00
 4.71805821e+01 3.60062865e+00
 4.71805821e+01 3.60062865e+00
 4.71805821e+01 3.60062865e+00
 4.71805821e+01 3.60062865e+00
 4.71805821e+01 3.60062865e+00
 4.71805821e+01 3.60062865e+00
 4.71805821e+01 3.60062865e+00
 4.71805821e+01 3.60062865e+00
 4.71805821e+01 3.60062865e+00
 4.71805821e+01 3.60062865e+00
 4.71805821e+01 3.60062865e+00
 4.71805821e+01 3.60062865e+00
 4.71805821e+01 3.60062865e+00
 4.71805821e+01 3.60062865e+00
 4.71805821e+01 3.60062865e+00
 4.71805821e+01 3.60062865e+00
 4.71805821e+01 3.60062865e+00
 4.71805821e+01 3.60062865e+00
 4.71805821e+01 3.60062865e+00
 4.71805821e+01 3.60062865e+00
 4.71805821e+01 3.60062865e+00
 4.71805821e+01 3.60062865e+00
 4.71805821e+01 3.60062865e+00
 4.71805821e+01 3.60062865e+00
 4.71805821e+01 3.60062865e+00
 4.71805821e+01 3.60062865e+00
 4.71805821e+01 3.60062865e+00
 4.71805821e+01 3.60062865e+00
 4.71805821e+01 3.60062865e+00
 4.71805821e+01 3.60062865e+00
 4.71805821e+01 3.60062865e+00
 4.71805821e+01 3.60062865e+00
 4.71805821e+01 3.60062865e+00
 4.71805821e+01 3.60062865e+00
 4.71805821e+01 3.60062865e+00
 4.71805821e+01 3.60062865e+00
 4.71805821e+01 3.60062865e+00
 4.71805821e+01 3.60062865e+00
 4.71805821e+01 3.60062865e+00
 4.71805821e+01 3.60062865e+00
 4.71805821e+01 3.60062865e+00
 4.71805821e+01 3.60062865e+00
 4.71805821e+01 3.60062865e+00
 4.71805821e+01 3.60062865e+00
 4.71805821e+01 3.60062865e+00
 4.71805821e+01 3.60062865e+00
 4.71805821e+01 3.60062865e+00
 4.71805821e+01 3.60062865e+00
 4.71805821e+01 3.60062865e+00
 4.71805821e+01 3.60062865e+00
 4.71805821e+01 3.60062865e+00
 4.71805821e+01 3.60062865e+00
 4.71805821e+01 3.60062865e+00
 4.71805821e+01 3.60062865e+00
 4.71805821e+01 3.60062865e+00
 4.71805821e+01 3.60062865e+00
 4.71805821e+01 3.60062865e+00
 4.71805821e+01 3.60062865e+00
 4.71805821e+01 3.60062865e+00
 4.71805821e+01 3.60062865e+00
 4.71805821e+01 3.60062865e+00
 4.71805821e+01 3.60062865e+00
 4.71805821e+01 3.60062865e+00
 4.71805821e+01 3.60062865e+00
 4.71805821e+01 3.60062865e+00
 4.71805821e+01 3.60062865e+00
 4.71805821e+01 3.60062865e+00
 4.71805821e+01 3.60062865e+00
 4.71805821e+01 3.60062865e+00
 4.71805821e+01 3.60062865e+00
 4.71805821e+01 3.60062865e+00
 4.71805821e+01 3.60062865e+00
 4.71805821e+01 3.60062865e+00
 4.71805821e+01 3.60062865e+00
 4.71805821e+01 3.60062865e+00
 4.71805821e+01 3.60062865e+00
 4.71805821e+01 3.60062865e+00
