 0.00000000e+00 0.00000000e+00
 0.00000000e+00 0.00000000e+00
 0.00000000e+00 0.00000000e+00
 0.00000000e+00 0.00000000e+00
 0.00000000e+00 0.00000000e+00
 0.00000000e+00 0.00000000e+00
 0.00000000e+00 0.00000000e+00
 0.00000000e+00 0.00000000e+00
 0.00000000e+00 0.00000000e+00
 1.88419524e-01 1.20653075e-01
 4.04377213e-01 2.80999380e-01
 6.13414176e-01 4.74083361e-01
 7.83544802e-01 6.92240503e-01
 8.93870332e-01 9.30378639e-01
 9.34616682e-01 1.18606599e+00
 9.02399073e-01 1.45790597e+00
 7.95877509e-01 1.74399996e+00
 6.14026595e-01 2.04106957e+00
 3.56107449e-01 2.34398700e+00
 2.16350879e-02 2.64542484e+00
 -3.90186304e-01 2.93570139e+00
 -8.81059209e-01 3.20305628e+00
 -1.45374744e+00 3.43420178e+00
 -2.11171656e+00 3.61461531e+00
 -2.85845845e+00 3.72839952e+00
 -3.69681683e+00 3.75836575e+00
 -4.62852005e+00 3.68719853e+00
 -5.65384822e+00 3.49949367e+00
 -6.77113309e+00 3.18320312e+00
 -7.97581224e+00 2.72948570e+00
 -9.25914718e+00 2.13187541e+00
 -1.06071869e+01 1.38643207e+00
 -1.20005063e+01 4.93250567e-01
 -1.34145533e+01 -5.41625331e-01
 -1.48198414e+01 -1.70482634e+00
 -1.61816540e+01 -2.97518825e+00
 -1.74602266e+01 -4.32428383e+00
 -1.86128666e+01 -5.71784139e+00
 -1.95980301e+01 -7.11760081e+00
 -2.03796179e+01 -8.48315406e+00
 -2.09297706e+01 -9.77380998e+00
 -2.12296759e+01 -1.09507945e+01
 -2.12686747e+01 -1.19795534e+01
 -2.10424099e+01 -1.28311791e+01
 -2.05512464e+01 -1.34821538e+01
 -1.97997520e+01 -1.39128902e+01
 -1.87967968e+01 -1.41068173e+01
 -1.75555178e+01 -1.40514733e+01
 -1.60932673e+01 -1.37409949e+01
 -1.44321321e+01 -1.31778142e+01
 -1.25999318e+01 -1.23723721e+01
 -1.06306328e+01 -1.13416702e+01
 -8.56299297e+00 -1.01076091e+01
 -6.43716019e+00 -8.69487402e+00
 -4.29006466e+00 -7.12800233e+00
 -2.15093980e+00 -5.42813820e+00
 -3.80804741e-02 -3.61033751e+00
 2.04257887e+00 -1.68209219e+00
 4.09675549e+00 3.56276379e-01
 6.13859997e+00 2.50879175e+00
 8.18493962e+00 4.77880057e+00
 1.02482055e+01 7.16316373e+00
 1.23302823e+01 9.64741757e+00
 1.44188984e+01 1.22027535e+01
 1.64866454e+01 1.47847374e+01
 1.84922800e+01 1.73340625e+01
 2.03846674e+01 1.97805460e+01
 2.21096793e+01 2.20510107e+01
 2.36187269e+01 2.40792530e+01
 2.48757691e+01 2.58142039e+01
 2.58595706e+01 2.72230541e+01
 2.65604868e+01 2.82892406e+01
 2.69745479e+01 2.90078247e+01
 2.70989357e+01 2.93807945e+01
 2.69307772e+01 2.94133170e+01
 2.64680303e+01 2.91112071e+01
 2.57103996e+01 2.84798937e+01
 2.46599121e+01 2.75248114e+01
 2.33224740e+01 2.62528599e+01
 2.17112897e+01 2.46750367e+01
 1.98507422e+01 2.28101537e+01
 1.77776612e+01 2.06878285e+01
 1.55382231e+01 1.83480015e+01
 1.31823297e+01 1.58363696e+01
 1.07594231e+01 1.31986340e+01
 8.31781735e+00 1.04773984e+01
 5.90605654e+00 7.71289005e+00
 3.57369151e+00 4.94550164e+00
 1.37076947e+00 2.21746822e+00
 -6.52938673e-01 -4.27475550e-01
 -2.44855970e+00 -2.94592531e+00
 -3.96971362e+00 -5.29704664e+00
 -5.17612233e+00 -7.44466996e+00
 -6.03833705e+00 -9.35920916e+00
 -6.54108914e+00 -1.10191615e+01
 -6.68335398e+00 -1.24116097e+01
 -6.47547131e+00 -1.35314462e+01
 -5.93532397e+00 -1.43796637e+01
 -5.08521742e+00 -1.49613596e+01
 -3.94968751e+00 -1.52840334e+01
 -2.55381428e+00 -1.53565830e+01
 -9.22107946e-01 -1.51892389e+01
 9.21413829e-01 -1.47943248e+01
 2.95159424e+00 -1.41872749e+01
 5.13948009e+00 -1.33873232e+01
 7.44989237e+00 -1.24177013e+01
 9.84044054e+00 -1.13054361e+01
 1.22626465e+01 -1.00808159e+01
 1.46655775e+01 -8.77663434e+00
 1.70024113e+01 -7.42718931e+00
 1.92393853e+01 -6.06638920e+00
 2.13639206e+01 -4.72398614e+00
 2.33866037e+01 -3.42025686e+00
 2.53340742e+01 -2.16198591e+00
 2.72364427e+01 -9.43290656e-01
 2.91170502e+01 2.48473981e-01
 3.09893045e+01 1.42572249e+00
 3.28590405e+01 2.59675999e+00
 3.47281900e+01 3.76569084e+00
 3.65972364e+01 4.93405660e+00
 3.84662699e+01 6.10230275e+00
 4.03353023e+01 7.27052898e+00
 4.22043345e+01 8.43875248e+00
 4.40733641e+01 9.60697411e+00
 4.59423691e+01 1.07751803e+01
 4.78111870e+01 1.19432696e+01
 4.96788921e+01 1.31106633e+01
 5.15414001e+01 1.42748086e+01
 5.33848284e+01 1.54270284e+01
 5.51731123e+01 1.65447805e+01
 5.68357382e+01 1.75839912e+01
 5.82723109e+01 1.84819092e+01
 5.93875010e+01 1.91789495e+01
 5.93875010e+01 1.91789495e+01
 5.93875010e+01 1.91789495e+01
 5.93875010e+01 1.91789495e+01
 5.93875010e+01 1.91789495e+01
 5.93875010e+01 1.91789495e+01
 5.93875010e+01 1.91789495e+01
 5.93875010e+01 1.91789495e+01
 5.93875010e+01 1.91789495e+01
 5.93875010e+01 1.91789495e+01
 5.93875010e+01 1.91789495e+01
 5.93875010e+01 1.91789495e+01
 5.93875010e+01 1.91789495e+01
 5.93875010e+01 1.91789495e+01
 5.93875010e+01 1.91789495e+01
 5.93875010e+01 1.91789495e+01
 5.93875010e+01 1.91789495e+01
 5.93875010e+01 1.91789495e+01
 5.93875010e+01 1.91789495e+01
 5.93875010e+01 1.91789495e+01
 5.93875010e+01 1.91789495e+01
 5.93875010e+01 1.91789495e+01
 5.93875010e+01 1.91789495e+01
 5.93875010e+01 1.91789495e+01
 5.93875010e+01 1.91789495e+01
 5.93875010e+01 1.91789495e+01
 5.93875010e+01 1.91789495e+01
 5.93875010e+01 1.91789495e+01
