 0.00000000e+00 0.00000000e+00
 0.00000000e+00 0.00000000e+00
 0.00000000e+00 0.00000000e+00
 0.00000000e+00 0.00000000e+00
 2.10757786e-01 1.30893570e-01
 4.40895138e-01 2.83281875e-01
 6.42945823e-01 4.29462310e-01
 7.73628122e-01 5.34591894e-01
 8.04620843e-01 5.59404011e-01
 7.19765542e-01 4.60692323e-01
 5.04445097e-01 1.92556193e-01
 1.37322965e-01 -2.90668124e-01
 -4.09757168e-01 -1.03109734e+00
 -1.16500861e+00 -2.06405907e+00
 -2.14779304e+00 -3.41360060e+00
 -3.36103876e+00 -5.08575956e+00
 -4.78603751e+00 -7.06103490e+00
 -6.37981343e+00 -9.28979567e+00
 -8.07583742e+00 -1.16942997e+01
 -9.78933859e+00 -1.41779755e+01
 -1.14274133e+01 -1.66387812e+01
 -1.29016307e+01 -1.89820098e+01
 -1.41389762e+01 -2.11294390e+01
 -1.50877588e+01 -2.30240861e+01
 -1.57181397e+01 -2.46313751e+01
 -1.60198190e+01 -2.59378907e+01
 -1.59996600e+01 -2.69480832e+01
 -1.56792792e+01 -2.76785207e+01
 -1.50902947e+01 -2.81502262e+01
 -1.42667686e+01 -2.83815975e+01
 -1.32383223e+01 -2.83847353e+01
 -1.20277920e+01 -2.81658982e+01
 -1.06534920e+01 -2.77283846e+01
 -9.13290951e+00 -2.70755150e+01
 -7.48495305e+00 -2.62126241e+01
 -5.73039546e+00 -2.51486160e+01
 -3.89209190e+00 -2.38980739e+01
 -1.99624017e+00 -2.24839395e+01
 -7.41993203e-02 -2.09397615e+01
 1.83655017e+00 -1.93103844e+01
 3.69312133e+00 -1.76504475e+01
 5.44959631e+00 -1.60207011e+01
 7.06079178e+00 -1.44826477e+01
 8.48688804e+00 -1.30923770e+01
 9.69784587e+00 -1.18948507e+01
 1.06764014e+01 -1.09200837e+01
 1.14191260e+01 -1.01822203e+01
 1.19357385e+01 -9.68149355e+00
 1.22467149e+01 -9.40816250e+00
 1.23790254e+01 -9.34715118e+00
 1.23608821e+01 -9.48206982e+00
 1.22177121e+01 -9.79757231e+00
 1.19708969e+01 -1.02798221e+01
 1.16387493e+01 -1.09156180e+01
 1.12382992e+01 -1.16907401e+01
 1.07869619e+01 -1.25878447e+01
 1.03035396e+01 -1.35846287e+01
 9.80819500e+00 -1.46535159e+01
 9.32158664e+00 -1.57636598e+01
 8.86374268e+00 -1.68845503e+01
 8.45292829e+00 -1.79892643e+01
 8.10444081e+00 -1.90556481e+01
 7.82957068e+00 -2.00653338e+01
 7.63533370e+00 -2.10020423e+01
 7.52540333e+00 -2.18507329e+01
 7.50196480e+00 -2.25979737e+01
 7.56737475e+00 -2.32327467e+01
 7.72460122e+00 -2.37466228e+01
 7.97684928e+00 -2.41328711e+01
 8.32761170e+00 -2.43851012e+01
 8.78117973e+00 -2.44965320e+01
 9.34245838e+00 -2.44604497e+01
 1.00158381e+01 -2.42714190e+01
 1.08042648e+01 -2.39262380e+01
 1.17092318e+01 -2.34240186e+01
 1.27310324e+01 -2.27657692e+01
 1.38683118e+01 -2.19543868e+01
 1.51168008e+01 -2.09953789e+01
 1.64680584e+01 -1.98976299e+01
 1.79093584e+01 -1.86733511e+01
 1.94249543e+01 -1.73372001e+01
 2.09973668e+01 -1.59054362e+01
 2.26071218e+01 -1.43961103e+01
 2.42310908e+01 -1.28306079e+01
 2.58410675e+01 -1.12357714e+01
 2.74039477e+01 -9.64514244e+00
 2.88837800e+01 -8.09824356e+00
 3.02450676e+01 -6.63777803e+00
 3.14563646e+01 -5.30525663e+00
 3.24936743e+01 -4.13574151e+00
 3.33440427e+01 -3.15223584e+00
 3.40099954e+01 -2.35979340e+00
 3.45139235e+01 -1.74018623e+00
 3.48983221e+01 -1.25122739e+00
 3.52169244e+01 -8.36307096e-01
 3.55181007e+01 -4.42940419e-01
 3.58308190e+01 -3.89085550e-02
 3.61628176e+01 3.85018224e-01
 3.65094358e+01 8.24346190e-01
 3.68636057e+01 1.27169582e+00
 3.72206598e+01 1.72212187e+00
 3.75785521e+01 2.17344407e+00
 3.79366322e+01 2.62496719e+00
 3.82947448e+01 3.07652519e+00
 3.86528618e+01 3.52808786e+00
 3.90109787e+01 3.97965040e+00
 3.93690910e+01 4.43120703e+00
 3.97271674e+01 4.88271847e+00
 4.00850306e+01 5.33396104e+00
 4.04418980e+01 5.78394797e+00
 4.07951097e+01 6.22932521e+00
 4.11377553e+01 6.66137941e+00
 4.14563241e+01 7.06307430e+00
 4.17315799e+01 7.41015413e+00
 4.19452568e+01 7.67958704e+00
 4.19452568e+01 7.67958704e+00
 4.19452568e+01 7.67958704e+00
 4.19452568e+01 7.67958704e+00
 4.19452568e+01 7.67958704e+00
 4.19452568e+01 7.67958704e+00
 4.19452568e+01 7.67958704e+00
 4.19452568e+01 7.67958704e+00
 4.19452568e+01 7.67958704e+00
 4.19452568e+01 7.67958704e+00
 4.19452568e+01 7.67958704e+00
 4.19452568e+01 7.67958704e+00
 4.19452568e+01 7.67958704e+00
 4.19452568e+01 7.67958704e+00
 4.19452568e+01 7.67958704e+00
 4.19452568e+01 7.67958704e+00
 4.19452568e+01 7.67958704e+00
 4.19452568e+01 7.67958704e+00
 4.19452568e+01 7.67958704e+00
 4.19452568e+01 7.67958704e+00
 4.19452568e+01 7.67958704e+00
 4.19452568e+01 7.67958704e+00
 4.19452568e+01 7.67958704e+00
 4.19452568e+01 7.67958704e+00
 4.19452568e+01 7.67958704e+00
 4.19452568e+01 7.67958704e+00
 4.19452568e+01 7.67958704e+00
 4.19452568e+01 7.67958704e+00
 4.19452568e+01 7.67958704e+00
 4.19452568e+01 7.67958704e+00
 4.19452568e+01 7.67958704e+00
 4.19452568e+01 7.67958704e+00
 4.19452568e+01 7.67958704e+00
 4.19452568e+01 7.67958704e+00
 4.19452568e+01 7.67958704e+00
 4.19452568e+01 7.67958704e+00
 4.19452568e+01 7.67958704e+00
 4.19452568e+01 7.67958704e+00
 4.19452568e+01 7.67958704e+00
 4.19452568e+01 7.67958704e+00
 4.19452568e+01 7.67958704e+00
 4.19452568e+01 7.67958704e+00
 4.19452568e+01 7.67958704e+00
 4.19452568e+01 7.67958704e+00
 4.19452568e+01 7.67958704e+00
 4.19452568e+01 7.67958704e+00
 4.19452568e+01 7.67958704e+00
 4.19452568e+01 7.67958704e+00
 4.19452568e+01 7.67958704e+00
 4.19452568e+01 7.67958704e+00
 4.19452568e+01 7.67958704e+00
 4.19452568e+01 7.67958704e+00
 4.19452568e+01 7.67958704e+00
 4.19452568e+01 7.67958704e+00
 4.19452568e+01 7.67958704e+00
 4.19452568e+01 7.67958704e+00
 4.19452568e+01 7.67958704e+00
 4.19452568e+01 7.67958704e+00
 4.19452568e+01 7.67958704e+00
 4.19452568e+01 7.67958704e+00
 4.19452568e+01 7.67958704e+00
 4.19452568e+01 7.67958704e+00
 4.19452568e+01 7.67958704e+00
 4.19452568e+01 7.67958704e+00
 4.19452568e+01 7.67958704e+00
 4.19452568e+01 7.67958704e+00
 4.19452568e+01 7.67958704e+00
 4.19452568e+01 7.67958704e+00
 4.19452568e+01 7.67958704e+00
 4.19452568e+01 7.67958704e+00
 4.19452568e+01 7.67958704e+00
 4.19452568e+01 7.67958704e+00
 4.19452568e+01 7.67958704e+00
 4.19452568e+01 7.67958704e+00
 4.19452568e+01 7.67958704e+00
 4.19452568e+01 7.67958704e+00
 4.19452568e+01 7.67958704e+00
 4.19452568e+01 7.67958704e+00
 4.19452568e+01 7.67958704e+00
 4.19452568e+01 7.67958704e+00
 4.19452568e+01 7.67958704e+00
 4.19452568e+01 7.67958704e+00
 4.19452568e+01 7.67958704e+00
 4.19452568e+01 7.67958704e+00
 4.19452568e+01 7.67958704e+00
 4.19452568e+01 7.67958704e+00
 4.19452568e+01 7.67958704e+00
 4.19452568e+01 7.67958704e+00
 4.19452568e+01 7.67958704e+00
 4.19452568e+01 7.67958704e+00
 4.19452568e+01 7.67958704e+00
