 0.00000000e+00 0.00000000e+00
 0.00000000e+00 0.00000000e+00
 0.00000000e+00 0.00000000e+00
 0.00000000e+00 0.00000000e+00
 0.00000000e+00 0.00000000e+00
 0.00000000e+00 0.00000000e+00
 0.00000000e+00 0.00000000e+00
 0.00000000e+00 0.00000000e+00
 0.00000000e+00 0.00000000e+00
 0.00000000e+00 0.00000000e+00
 0.00000000e+00 0.00000000e+00
 0.00000000e+00 0.00000000e+00
 0.00000000e+00 0.00000000e+00
 0.00000000e+00 0.00000000e+00
 0.00000000e+00 0.00000000e+00
 0.00000000e+00 0.00000000e+00
 0.00000000e+00 0.00000000e+00
 0.00000000e+00 0.00000000e+00
 0.00000000e+00 0.00000000e+00
 0.00000000e+00 0.00000000e+00
 0.00000000e+00 0.00000000e+00
 0.00000000e+00 0.00000000e+00
 0.00000000e+00 0.00000000e+00
 0.00000000e+00 0.00000000e+00
 0.00000000e+00 0.00000000e+00
 0.00000000e+00 0.00000000e+00
 0.00000000e+00 0.00000000e+00
 0.00000000e+00 0.00000000e+00
 0.00000000e+00 0.00000000e+00
 0.00000000e+00 0.00000000e+00
 0.00000000e+00 0.00000000e+00
 0.00000000e+00 0.00000000e+00
 0.00000000e+00 0.00000000e+00
 0.00000000e+00 0.00000000e+00
 0.00000000e+00 0.00000000e+00
 0.00000000e+00 0.00000000e+00
 0.00000000e+00 0.00000000e+00
 0.00000000e+00 0.00000000e+00
 0.00000000e+00 0.00000000e+00
 0.00000000e+00 0.00000000e+00
 0.00000000e+00 0.00000000e+00
 0.00000000e+00 0.00000000e+00
 0.00000000e+00 0.00000000e+00
 0.00000000e+00 0.00000000e+00
 0.00000000e+00 0.00000000e+00
 0.00000000e+00 0.00000000e+00
 0.00000000e+00 0.00000000e+00
 0.00000000e+00 0.00000000e+00
 0.00000000e+00 0.00000000e+00
 0.00000000e+00 0.00000000e+00
 0.00000000e+00 0.00000000e+00
 0.00000000e+00 0.00000000e+00
 0.00000000e+00 0.00000000e+00
 0.00000000e+00 0.00000000e+00
 0.00000000e+00 0.00000000e+00
 0.00000000e+00 0.00000000e+00
 0.00000000e+00 0.00000000e+00
 0.00000000e+00 0.00000000e+00
 0.00000000e+00 0.00000000e+00
 0.00000000e+00 0.00000000e+00
 0.00000000e+00 0.00000000e+00
 0.00000000e+00 0.00000000e+00
 0.00000000e+00 0.00000000e+00
 0.00000000e+00 0.00000000e+00
 0.00000000e+00 0.00000000e+00
 0.00000000e+00 0.00000000e+00
 0.00000000e+00 0.00000000e+00
 0.00000000e+00 0.00000000e+00
 0.00000000e+00 0.00000000e+00
 0.00000000e+00 0.00000000e+00
 0.00000000e+00 0.00000000e+00
 0.00000000e+00 0.00000000e+00
 0.00000000e+00 0.00000000e+00
 0.00000000e+00 0.00000000e+00
 0.00000000e+00 0.00000000e+00
 0.00000000e+00 0.00000000e+00
 0.00000000e+00 0.00000000e+00
 0.00000000e+00 0.00000000e+00
 0.00000000e+00 0.00000000e+00
 0.00000000e+00 0.00000000e+00
 0.00000000e+00 0.00000000e+00
 0.00000000e+00 0.00000000e+00
 0.00000000e+00 0.00000000e+00
 0.00000000e+00 0.00000000e+00
 0.00000000e+00 0.00000000e+00
 0.00000000e+00 0.00000000e+00
 0.00000000e+00 0.00000000e+00
 0.00000000e+00 0.00000000e+00
 0.00000000e+00 0.00000000e+00
 0.00000000e+00 0.00000000e+00
 0.00000000e+00 0.00000000e+00
 2.70126605e-01 7.78050731e-03
 5.70410635e-01 -2.40058254e-02
 8.41592201e-01 -1.35436391e-01
 1.02768836e+00 -3.72053651e-01
 1.09122871e+00 -7.77584551e-01
 1.01418408e+00 -1.38814264e+00
 7.90042780e-01 -2.22900136e+00
 4.15486792e-01 -3.31398180e+00
 -1.13931904e-01 -4.64624098e+00
 -8.03609957e-01 -6.21859164e+00
 -1.65662204e+00 -8.01270605e+00
 -2.66958843e+00 -9.99849756e+00
 -3.82953313e+00 -1.21352812e+01
 -5.11241949e+00 -1.43747058e+01
 -6.48322591e+00 -1.66638763e+01
 -7.89735275e+00 -1.89472968e+01
 -9.30343125e+00 -2.11680069e+01
 -1.06475991e+01 -2.32696165e+01
 -1.18787062e+01 -2.52003129e+01
 -1.29531862e+01 -2.69180550e+01
 -1.38382963e+01 -2.83949689e+01
 -1.45132414e+01 -2.96191734e+01
 -1.49685545e+01 -3.05933241e+01
 -1.52042167e+01 -3.13303540e+01
 -1.52266264e+01 -3.18475956e+01
 -1.50445446e+01 -3.21605863e+01
 -1.46647910e+01 -3.22781295e+01
 -1.40890638e+01 -3.22004270e+01
 -1.33130640e+01 -3.19208399e+01
 -1.23282566e+01 -3.14295806e+01
 -1.11258116e+01 -3.07173718e+01
 -9.70184678e+00 -2.97791003e+01
 -8.06286972e+00 -2.86183554e+01
 -6.23017208e+00 -2.72522068e+01
 -4.24187511e+00 -2.57141366e+01
 -2.15171337e+00 -2.40534915e+01
 -2.48524140e-02 -2.23314551e+01
 2.06772243e+00 -2.06149678e+01
 4.05501771e+00 -1.89703252e+01
 5.87221180e+00 -1.74573918e+01
 7.46742067e+00 -1.61246286e+01
 8.80757275e+00 -1.50054369e+01
 9.88097490e+00 -1.41170938e+01
 1.06954631e+01 -1.34633189e+01
 1.12732167e+01 -1.30397042e+01
 1.16443738e+01 -1.28391734e+01
 1.18411405e+01 -1.28545434e+01
 1.18932321e+01 -1.30778462e+01
 1.18251833e+01 -1.34987870e+01
 1.16559643e+01 -1.41043105e+01
 1.14007541e+01 -1.48784560e+01
 1.10739148e+01 -1.58005690e+01
 1.06919255e+01 -1.68421315e+01
 1.02753255e+01 -1.79650749e+01
 9.84907117e+00 -1.91240779e+01
 9.44097519e+00 -2.02722973e+01
 9.07831197e+00 -2.13674968e+01
 8.78342529e+00 -2.23759681e+01
 8.56995508e+00 -2.32738853e+01
 8.44137941e+00 -2.40471542e+01
 8.39234764e+00 -2.46905392e+01
 8.41167137e+00 -2.52061898e+01
 8.48579329e+00 -2.56016519e+01
 8.60278288e+00 -2.58875686e+01
 8.75676528e+00 -2.60750326e+01
 8.95115076e+00 -2.61723928e+01
 9.19906849e+00 -2.61819539e+01
 9.52135450e+00 -2.60980385e+01
 9.94363493e+00 -2.59077460e+01
 1.04935109e+01 -2.55939026e+01
 1.11978167e+01 -2.51383504e+01
 1.20794587e+01 -2.45246531e+01
 1.31537260e+01 -2.37408556e+01
 1.44246145e+01 -2.27829514e+01
 1.58818651e+01 -2.16585981e+01
 1.74992492e+01 -2.03897203e+01
 1.92346590e+01 -1.90125523e+01
 2.10325087e+01 -1.75745994e+01
 2.28284619e+01 -1.61294857e+01
 2.45557639e+01 -1.47314198e+01
 2.61520353e+01 -1.34303542e+01
 2.75656697e+01 -1.22678187e+01
 2.87613212e+01 -1.12731608e+01
 2.97234739e+01 -1.04607025e+01
 3.04566564e+01 -9.82905558e+00
 3.09820295e+01 -9.36331329e+00
 3.13319894e+01 -9.03931419e+00
 3.15446491e+01 -8.82822438e+00
 3.16585723e+01 -8.70021344e+00
 3.17076888e+01 -8.62727760e+00
 3.17178034e+01 -8.58590455e+00
 3.17064190e+01 -8.55948128e+00
 3.16850324e+01 -8.53906673e+00
 3.16611153e+01 -8.52154479e+00
 3.16386717e+01 -8.50635398e+00
 3.16187016e+01 -8.49312327e+00
 3.16005149e+01 -8.48113208e+00
 3.15831541e+01 -8.46969517e+00
 3.15660500e+01 -8.45842860e+00
 3.15489954e+01 -8.44719475e+00
 3.15319441e+01 -8.43596307e+00
 3.15148915e+01 -8.42473055e+00
 3.14978383e+01 -8.41349771e+00
 3.14807851e+01 -8.40226480e+00
 3.14637320e+01 -8.39103190e+00
 3.14466790e+01 -8.37979915e+00
 3.14296277e+01 -8.36856752e+00
 3.14125866e+01 -8.35734258e+00
 3.13955929e+01 -8.34614888e+00
 3.13787733e+01 -8.33506984e+00
 3.13624569e+01 -8.32432222e+00
 3.13472869e+01 -8.31432981e+00
 3.13341795e+01 -8.30569599e+00
 3.13240044e+01 -8.29899368e+00
