 0.00000000e+00 0.00000000e+00
 0.00000000e+00 0.00000000e+00
 0.00000000e+00 0.00000000e+00
 0.00000000e+00 0.00000000e+00
 4.74796451e-02 -3.69133838e-02
 1.00165508e-01 -8.05907276e-02
 1.48655355e-01 -1.29820845e-01
 1.84448606e-01 -1.90026081e-01
 2.01851656e-01 -2.76958331e-01
 1.96084107e-01 -4.16918901e-01
 1.59105585e-01 -6.43010690e-01
 7.69963299e-02 -9.89540072e-01
 -6.90717923e-02 -1.48759052e+00
 -2.99690769e-01 -2.16274837e+00
 -6.34095478e-01 -3.03373173e+00
 -1.08742924e+00 -4.11048476e+00
 -1.66765853e+00 -5.39150208e+00
 -2.37225275e+00 -6.86153870e+00
 -3.18586452e+00 -8.49142803e+00
 -4.08017144e+00 -1.02407198e+01
 -5.01598915e+00 -1.20619672e+01
 -5.94686971e+00 -1.39046216e+01
 -6.82339104e+00 -1.57176304e+01
 -7.59778764e+00 -1.74516966e+01
 -8.22870928e+00 -1.90624235e+01
 -8.68561642e+00 -2.05139534e+01
 -8.95179312e+00 -2.17814821e+01
 -9.02467703e+00 -2.28515595e+01
 -8.91316255e+00 -2.37202568e+01
 -8.63333192e+00 -2.43899218e+01
 -8.20455134e+00 -2.48654085e+01
 -7.64661571e+00 -2.51506816e+01
 -6.97767990e+00 -2.52465798e+01
 -6.21281001e+00 -2.51502366e+01
 -5.36305993e+00 -2.48562374e+01
 -4.43501060e+00 -2.43592340e+01
 -3.43132616e+00 -2.36575522e+01
 -2.35325449e+00 -2.27571833e+01
 -1.20491651e+00 -2.16753126e+01
 2.50904932e-03 -2.04423625e+01
 1.24881529e+00 -1.91017567e+01
 2.50542248e+00 -1.77072655e+01
 3.73755099e+00 -1.63184287e+01
 4.90701527e+00 -1.49947638e+01
 5.97579127e+00 -1.37895137e+01
 6.91068439e+00 -1.27439838e+01
 7.68831984e+00 -1.18838138e+01
 8.29859309e+00 -1.12183373e+01
 8.74514561e+00 -1.07434842e+01
 9.04287657e+00 -1.04475336e+01
 9.21329941e+00 -1.03176466e+01
 9.27882347e+00 -1.03445577e+01
 9.25783123e+00 -1.05241190e+01
 9.16266979e+00 -1.08564403e+01
 9.00098951e+00 -1.13438193e+01
 8.77877209e+00 -1.19876576e+01
 8.50313100e+00 -1.27844229e+01
 8.18419194e+00 -1.37217186e+01
 7.83633954e+00 -1.47759796e+01
 7.47895902e+00 -1.59128161e+01
 7.13591965e+00 -1.70901587e+01
 6.83278429e+00 -1.82632840e+01
 6.59199582e+00 -1.93900791e+01
 6.42836181e+00 -2.04351041e+01
 6.34791375e+00 -2.13717885e+01
 6.35078293e+00 -2.21827900e+01
 6.43484804e+00 -2.28589431e+01
 6.59676482e+00 -2.33973137e+01
 6.83135010e+00 -2.37988674e+01
 7.13271449e+00 -2.40661954e+01
 7.49769642e+00 -2.42014832e+01
 7.92899506e+00 -2.42047199e+01
 8.43602442e+00 -2.40724221e+01
 9.03369206e+00 -2.37975218e+01
 9.74003549e+00 -2.33708345e+01
 1.05731762e+01 -2.27837067e+01
 1.15477751e+01 -2.20309171e+01
 1.26714921e+01 -2.11130978e+01
 1.39424030e+01 -2.00383490e+01
 1.53481807e+01 -1.88228449e+01
 1.68668408e+01 -1.74903594e+01
 1.84679055e+01 -1.60710502e+01
 2.01132211e+01 -1.45999589e+01
 2.17581044e+01 -1.31151608e+01
 2.33541444e+01 -1.16552311e+01
 2.48538729e+01 -1.02561945e+01
 2.62159405e+01 -8.94862617e+00
 2.74091622e+01 -7.75556035e+00
 2.84149921e+01 -6.69153412e+00
 2.92292817e+01 -5.76229665e+00
 2.98641709e+01 -4.96390088e+00
 3.03491987e+01 -4.28083004e+00
 3.07284758e+01 -3.68572787e+00
 3.10512708e+01 -3.14438466e+00
 3.13585984e+01 -2.62544164e+00
 3.16737923e+01 -2.10868819e+00
 3.20029381e+01 -1.58640295e+00
 3.23426282e+01 -1.05867120e+00
 3.26877194e+01 -5.27889662e-01
 3.30348568e+01 4.09760557e-03
 3.33825848e+01 5.36441228e-01
 3.37304443e+01 1.06886534e+00
 3.40783264e+01 1.60130347e+00
 3.44262116e+01 2.13374345e+00
 3.47740967e+01 2.66618289e+00
 3.51219772e+01 3.19861534e+00
 3.54698229e+01 3.73099450e+00
 3.58174614e+01 4.26305664e+00
 3.61641326e+01 4.79363824e+00
 3.65072525e+01 5.31878454e+00
 3.68401082e+01 5.82822159e+00
 3.71495751e+01 6.30186182e+00
 3.74169664e+01 6.71110521e+00
 3.76245382e+01 7.02879475e+00
 3.76245382e+01 7.02879475e+00
 3.76245382e+01 7.02879475e+00
 3.76245382e+01 7.02879475e+00
 3.76245382e+01 7.02879475e+00
 3.76245382e+01 7.02879475e+00
 3.76245382e+01 7.02879475e+00
 3.76245382e+01 7.02879475e+00
 3.76245382e+01 7.02879475e+00
 3.76245382e+01 7.02879475e+00
 3.76245382e+01 7.02879475e+00
 3.76245382e+01 7.02879475e+00
 3.76245382e+01 7.02879475e+00
 3.76245382e+01 7.02879475e+00
 3.76245382e+01 7.02879475e+00
 3.76245382e+01 7.02879475e+00
 3.76245382e+01 7.02879475e+00
 3.76245382e+01 7.02879475e+00
 3.76245382e+01 7.02879475e+00
 3.76245382e+01 7.02879475e+00
 3.76245382e+01 7.02879475e+00
 3.76245382e+01 7.02879475e+00
 3.76245382e+01 7.02879475e+00
 3.76245382e+01 7.02879475e+00
 3.76245382e+01 7.02879475e+00
 3.76245382e+01 7.02879475e+00
 3.76245382e+01 7.02879475e+00
 3.76245382e+01 7.02879475e+00
 3.76245382e+01 7.02879475e+00
 3.76245382e+01 7.02879475e+00
 3.76245382e+01 7.02879475e+00
 3.76245382e+01 7.02879475e+00
 3.76245382e+01 7.02879475e+00
 3.76245382e+01 7.02879475e+00
 3.76245382e+01 7.02879475e+00
 3.76245382e+01 7.02879475e+00
 3.76245382e+01 7.02879475e+00
 3.76245382e+01 7.02879475e+00
 3.76245382e+01 7.02879475e+00
 3.76245382e+01 7.02879475e+00
 3.76245382e+01 7.02879475e+00
 3.76245382e+01 7.02879475e+00
 3.76245382e+01 7.02879475e+00
 3.76245382e+01 7.02879475e+00
 3.76245382e+01 7.02879475e+00
 3.76245382e+01 7.02879475e+00
 3.76245382e+01 7.02879475e+00
 3.76245382e+01 7.02879475e+00
 3.76245382e+01 7.02879475e+00
 3.76245382e+01 7.02879475e+00
 3.76245382e+01 7.02879475e+00
 3.76245382e+01 7.02879475e+00
 3.76245382e+01 7.02879475e+00
 3.76245382e+01 7.02879475e+00
 3.76245382e+01 7.02879475e+00
 3.76245382e+01 7.02879475e+00
 3.76245382e+01 7.02879475e+00
 3.76245382e+01 7.02879475e+00
 3.76245382e+01 7.02879475e+00
 3.76245382e+01 7.02879475e+00
 3.76245382e+01 7.02879475e+00
 3.76245382e+01 7.02879475e+00
 3.76245382e+01 7.02879475e+00
 3.76245382e+01 7.02879475e+00
 3.76245382e+01 7.02879475e+00
 3.76245382e+01 7.02879475e+00
 3.76245382e+01 7.02879475e+00
 3.76245382e+01 7.02879475e+00
 3.76245382e+01 7.02879475e+00
 3.76245382e+01 7.02879475e+00
 3.76245382e+01 7.02879475e+00
 3.76245382e+01 7.02879475e+00
 3.76245382e+01 7.02879475e+00
 3.76245382e+01 7.02879475e+00
 3.76245382e+01 7.02879475e+00
 3.76245382e+01 7.02879475e+00
 3.76245382e+01 7.02879475e+00
 3.76245382e+01 7.02879475e+00
 3.76245382e+01 7.02879475e+00
 3.76245382e+01 7.02879475e+00
 3.76245382e+01 7.02879475e+00
 3.76245382e+01 7.02879475e+00
 3.76245382e+01 7.02879475e+00
 3.76245382e+01 7.02879475e+00
 3.76245382e+01 7.02879475e+00
 3.76245382e+01 7.02879475e+00
 3.76245382e+01 7.02879475e+00
 3.76245382e+01 7.02879475e+00
 3.76245382e+01 7.02879475e+00
 3.76245382e+01 7.02879475e+00
 3.76245382e+01 7.02879475e+00
 3.76245382e+01 7.02879475e+00
