 0.00000000e+00 0.00000000e+00
 0.00000000e+00 0.00000000e+00
 0.00000000e+00 0.00000000e+00
 0.00000000e+00 0.00000000e+00
 0.00000000e+00 0.00000000e+00
 0.00000000e+00 0.00000000e+00
 0.00000000e+00 0.00000000e+00
 0.00000000e+00 0.00000000e+00
 0.00000000e+00 0.00000000e+00
 0.00000000e+00 0.00000000e+00
 0.00000000e+00 0.00000000e+00
 -7.44446307e-02 1.22200734e-01
 -1.92668620e-01 2.87417323e-01
 -3.61463875e-01 4.91482086e-01
 -5.85564266e-01 7.28368622e-01
 -8.69999980e-01 9.91749130e-01
 -1.22116696e+00 1.27456993e+00
 -1.64655805e+00 1.56811667e+00
 -2.15456617e+00 1.86145641e+00
 -2.75485172e+00 2.14109711e+00
 -3.45841838e+00 2.39058303e+00
 -4.27654093e+00 2.59003769e+00
 -5.21879418e+00 2.71594299e+00
 -6.29129915e+00 2.74186881e+00
 -7.49589304e+00 2.64093312e+00
 -8.82973532e+00 2.38957614e+00
 -1.02845731e+01 1.97071394e+00
 -1.18459579e+01 1.37472637e+00
 -1.34934843e+01 5.98822224e-01
 -1.52024433e+01 -3.53554586e-01
 -1.69460760e+01 -1.47246847e+00
 -1.86971234e+01 -2.74090386e+00
 -2.04279248e+01 -4.13480083e+00
 -2.21095440e+01 -5.62413512e+00
 -2.37112602e+01 -7.17463276e+00
 -2.52012363e+01 -8.74939204e+00
 -2.65479091e+01 -1.03101117e+01
 -2.77212921e+01 -1.18182885e+01
 -2.86940982e+01 -1.32369530e+01
 -2.94429415e+01 -1.45329265e+01
 -2.99493601e+01 -1.56787072e+01
 -3.02001159e+01 -1.66530142e+01
 -3.01867726e+01 -1.74399855e+01
 -2.99050424e+01 -1.80278654e+01
 -2.93541012e+01 -1.84079112e+01
 -2.85356492e+01 -1.85738469e+01
 -2.74527733e+01 -1.85220463e+01
 -2.61094205e+01 -1.82521960e+01
 -2.45115156e+01 -1.77676794e+01
 -2.26697730e+01 -1.70753646e+01
 -2.06027233e+01 -1.61853150e+01
 -1.83378067e+01 -1.51106387e+01
 -1.59093652e+01 -1.38668181e+01
 -1.33543395e+01 -1.24700126e+01
 -1.07078741e+01 -1.09347484e+01
 -8.00066435e+00 -9.27178752e+00
 -5.25818283e+00 -7.48659286e+00
 -2.50069549e+00 -5.57851769e+00
 2.56671158e-01 -3.54114058e+00
 3.00352132e+00 -1.36445133e+00
 5.73295493e+00 9.61075471e-01
 8.43965087e+00 3.43978219e+00
 1.11176102e+01 6.06703366e+00
 1.37574413e+01 8.82642102e+00
 1.63431438e+01 1.16868932e+01
 1.88493793e+01 1.45999687e+01
 2.12409546e+01 1.74995826e+01
 2.34755280e+01 2.03073096e+01
 2.55087239e+01 2.29425798e+01
 2.72993833e+01 2.53338624e+01
 2.88128516e+01 2.74262294e+01
 3.00218449e+01 2.91836588e+01
 3.09059213e+01 3.05876686e+01
 3.14506803e+01 3.16343429e+01
 3.16471211e+01 3.23301431e+01
 3.14912564e+01 3.26860808e+01
 3.09840243e+01 3.27111401e+01
 3.01313666e+01 3.24076027e+01
 2.89444574e+01 3.17707674e+01
 2.74405155e+01 3.07931226e+01
 2.56445322e+01 2.94706078e+01
 2.35912980e+01 2.78084154e+01
 2.13261272e+01 2.58250014e+01
 1.89025381e+01 2.35534894e+01
 1.63764756e+01 2.10396639e+01
 1.37991869e+01 1.83367459e+01
 1.12124589e+01 1.54988629e+01
 8.64849937e+00 1.25759246e+01
 6.13341278e+00 9.61178050e+00
 3.69143012e+00 6.64571654e+00
 1.34803962e+00 3.71562775e+00
 -8.68145799e-01 8.60547169e-01
 -2.92447127e+00 -1.87898940e+00
 -4.78433432e+00 -4.46257569e+00
 -6.40852663e+00 -6.85217219e+00
 -7.75783198e+00 -9.01375401e+00
 -8.79644866e+00 -1.09182799e+01
 -9.49527627e+00 -1.25425460e+01
 -9.83399675e+00 -1.38701465e+01
 -9.80157625e+00 -1.48920804e+01
 -9.39556363e+00 -1.56063580e+01
 -8.62063025e+00 -1.60164940e+01
 -7.48677252e+00 -1.61295508e+01
 -6.00790276e+00 -1.59547569e+01
 -4.20163916e+00 -1.55033979e+01
 -2.09070848e+00 -1.47898643e+01
 2.94557431e-01 -1.38329418e+01
 2.91445778e+00 -1.26563158e+01
 5.72081226e+00 -1.12880269e+01
 8.66009490e+00 -9.75954604e+00
 1.16759712e+01 -8.10533157e+00
 1.47095261e+01 -6.36298628e+00
 1.76997611e+01 -4.57305052e+00
 2.05893988e+01 -2.77686343e+00
 2.33374629e+01 -1.01150757e+00
 2.59322618e+01 6.97116586e-01
 2.83941591e+01 2.33955833e+00
 3.07636116e+01 3.92253549e+00
 3.30821351e+01 5.46255551e+00
 3.53789642e+01 6.97736113e+00
 3.76689612e+01 8.48013624e+00
 3.99575361e+01 9.97826026e+00
 4.22460035e+01 1.14749338e+01
 4.45345171e+01 1.29712441e+01
 4.68230526e+01 1.44674818e+01
 4.91115931e+01 1.59637079e+01
 5.14001342e+01 1.74599324e+01
 5.36886723e+01 1.89561547e+01
 5.59771803e+01 2.04523573e+01
 5.82654592e+01 2.19484101e+01
 6.05523754e+01 2.34435721e+01
 6.28329281e+01 2.49345736e+01
 6.50901186e+01 2.64103011e+01
 6.72797874e+01 2.78418837e+01
 6.93155939e+01 2.91728727e+01
 7.10746091e+01 3.03228984e+01
 7.24401063e+01 3.12156463e+01
 7.24401063e+01 3.12156463e+01
 7.24401063e+01 3.12156463e+01
 7.24401063e+01 3.12156463e+01
 7.24401063e+01 3.12156463e+01
 7.24401063e+01 3.12156463e+01
 7.24401063e+01 3.12156463e+01
 7.24401063e+01 3.12156463e+01
 7.24401063e+01 3.12156463e+01
 7.24401063e+01 3.12156463e+01
 7.24401063e+01 3.12156463e+01
 7.24401063e+01 3.12156463e+01
 7.24401063e+01 3.12156463e+01
 7.24401063e+01 3.12156463e+01
 7.24401063e+01 3.12156463e+01
 7.24401063e+01 3.12156463e+01
 7.24401063e+01 3.12156463e+01
 7.24401063e+01 3.12156463e+01
 7.24401063e+01 3.12156463e+01
 7.24401063e+01 3.12156463e+01
 7.24401063e+01 3.12156463e+01
 7.24401063e+01 3.12156463e+01
 7.24401063e+01 3.12156463e+01
 7.24401063e+01 3.12156463e+01
