 0.00000000e+00 0.00000000e+00
 0.00000000e+00 0.00000000e+00
 0.00000000e+00 0.00000000e+00
 0.00000000e+00 0.00000000e+00
 1.73709847e-01 5.63873000e-02
 3.48014817e-01 1.06352036e-01
 4.70571563e-01 1.21543628e-01
 4.94452097e-01 6.62300533e-02
 3.92618535e-01 -9.79690752e-02
 1.59258563e-01 -4.06766851e-01
 -1.98629783e-01 -8.88561862e-01
 -6.70234033e-01 -1.56251042e+00
 -1.24402165e+00 -2.43908684e+00
 -1.90523271e+00 -3.52013150e+00
 -2.63236952e+00 -4.79649540e+00
 -3.39655850e+00 -6.24512171e+00
 -4.16437678e+00 -7.82894432e+00
 -4.90228370e+00 -9.50062409e+00
 -5.58042511e+00 -1.12080062e+01
 -6.17462317e+00 -1.28987860e+01
 -6.66673543e+00 -1.45237743e+01
 -7.04439057e+00 -1.60395569e+01
 -7.30086744e+00 -1.74111285e+01
 -7.43500493e+00 -1.86141230e+01
 -7.45063632e+00 -1.96357245e+01
 -7.35541048e+00 -2.04737811e+01
 -7.15917870e+00 -2.11343790e+01
 -6.87199055e+00 -2.16282973e+01
 -6.50164931e+00 -2.19667195e+01
 -6.05116043e+00 -2.21570353e+01
 -5.51702606e+00 -2.22000492e+01
 -4.88943992e+00 -2.20895693e+01
 -4.15461220e+00 -2.18142899e+01
 -3.29842004e+00 -2.13610324e+01
 -2.31030556e+00 -2.07184759e+01
 -1.18678386e+00 -1.98811817e+01
 6.56145179e-02 -1.88539062e+01
 1.42808294e+00 -1.76554594e+01
 2.86846033e+00 -1.63206993e+01
 4.34230339e+00 -1.48995734e+01
 5.79688498e+00 -1.34530149e+01
 7.17766759e+00 -1.20463025e+01
 8.43538530e+00 -1.07412034e+01
 9.53159854e+00 -9.58880215e+00
 1.04416075e+01 -8.62490732e+00
 1.11548042e+01 -7.86909076e+00
 1.16730203e+01 -7.32712022e+00
 1.20074442e+01 -6.99539748e+00
 1.21749804e+01 -6.86551843e+00
 1.21952300e+01 -6.92753801e+00
 1.20886331e+01 -7.17162377e+00
 1.18752572e+01 -7.58851153e+00
 1.15738182e+01 -8.16902787e+00
 1.12014361e+01 -8.90261473e+00
 1.07745916e+01 -9.77506072e+00
 1.03106831e+01 -1.07663234e+01
 9.82895378e+00 -1.18497472e+01
 9.35005874e+00 -1.29935993e+01
 8.89454894e+00 -1.41645170e+01
 8.48113109e+00 -1.53311000e+01
 8.12537785e+00 -1.64659124e+01
 7.83911783e+00 -1.75455506e+01
 7.63051191e+00 -1.85497137e+01
 7.50482763e+00 -1.94604109e+01
 7.46597131e+00 -2.02616828e+01
 7.51853746e+00 -2.09393422e+01
 7.66945518e+00 -2.14801490e+01
 7.92822565e+00 -2.18705164e+01
 8.30575414e+00 -2.20955431e+01
 8.81280919e+00 -2.21392750e+01
 9.45912104e+00 -2.19863999e+01
 1.02531506e+01 -2.16246265e+01
 1.12014965e+01 -2.10469155e+01
 1.23069274e+01 -2.02534936e+01
 1.35654439e+01 -1.92538639e+01
 1.49641783e+01 -1.80682629e+01
 1.64816220e+01 -1.67273930e+01
 1.80897595e+01 -1.52700598e+01
 1.97561183e+01 -1.37399996e+01
 2.14443918e+01 -1.21835384e+01
 2.31146107e+01 -1.06481015e+01
 2.47250287e+01 -9.18013517e+00
 2.62364200e+01 -7.82166411e+00
 2.76173770e+01 -6.60627947e+00
 2.88489683e+01 -5.55547133e+00
 2.99282152e+01 -4.67487777e+00
 3.08698956e+01 -3.95021084e+00
 3.17047834e+01 -3.34616254e+00
 3.24722608e+01 -2.81386359e+00
 3.32088620e+01 -2.30673134e+00
 3.39389230e+01 -1.79496697e+00
 3.46727822e+01 -1.26867885e+00
 3.54116114e+01 -7.30365430e-01
 3.61534338e+01 -1.85626251e-01
 3.68964819e+01 3.61609348e-01
 3.76399001e+01 9.09577581e-01
 3.83834031e+01 1.45771084e+00
 3.91269210e+01 2.00587284e+00
 3.98704409e+01 2.55403867e+00
 4.06139599e+01 3.10220416e+00
 4.13574692e+01 3.65036246e+00
 4.21009041e+01 4.19846589e+00
 4.28438963e+01 4.74624295e+00
 4.35848210e+01 5.29249574e+00
 4.43181556e+01 5.83315269e+00
 4.50295532e+01 6.35763640e+00
 4.56909628e+01 6.84526601e+00
 4.62624461e+01 7.26659675e+00
 4.67060801e+01 7.59366953e+00
 4.67060801e+01 7.59366953e+00
 4.67060801e+01 7.59366953e+00
 4.67060801e+01 7.59366953e+00
 4.67060801e+01 7.59366953e+00
 4.67060801e+01 7.59366953e+00
 4.67060801e+01 7.59366953e+00
 4.67060801e+01 7.59366953e+00
 4.67060801e+01 7.59366953e+00
 4.67060801e+01 7.59366953e+00
 4.67060801e+01 7.59366953e+00
 4.67060801e+01 7.59366953e+00
 4.67060801e+01 7.59366953e+00
 4.67060801e+01 7.59366953e+00
 4.67060801e+01 7.59366953e+00
 4.67060801e+01 7.59366953e+00
 4.67060801e+01 7.59366953e+00
 4.67060801e+01 7.59366953e+00
 4.67060801e+01 7.59366953e+00
 4.67060801e+01 7.59366953e+00
 4.67060801e+01 7.59366953e+00
 4.67060801e+01 7.59366953e+00
 4.67060801e+01 7.59366953e+00
 4.67060801e+01 7.59366953e+00
 4.67060801e+01 7.59366953e+00
 4.67060801e+01 7.59366953e+00
 4.67060801e+01 7.59366953e+00
 4.67060801e+01 7.59366953e+00
 4.67060801e+01 7.59366953e+00
 4.67060801e+01 7.59366953e+00
 4.67060801e+01 7.59366953e+00
 4.67060801e+01 7.59366953e+00
 4.67060801e+01 7.59366953e+00
 4.67060801e+01 7.59366953e+00
 4.67060801e+01 7.59366953e+00
 4.67060801e+01 7.59366953e+00
 4.67060801e+01 7.59366953e+00
 4.67060801e+01 7.59366953e+00
 4.67060801e+01 7.59366953e+00
 4.67060801e+01 7.59366953e+00
 4.67060801e+01 7.59366953e+00
 4.67060801e+01 7.59366953e+00
 4.67060801e+01 7.59366953e+00
 4.67060801e+01 7.59366953e+00
 4.67060801e+01 7.59366953e+00
 4.67060801e+01 7.59366953e+00
 4.67060801e+01 7.59366953e+00
 4.67060801e+01 7.59366953e+00
 4.67060801e+01 7.59366953e+00
 4.67060801e+01 7.59366953e+00
 4.67060801e+01 7.59366953e+00
 4.67060801e+01 7.59366953e+00
 4.67060801e+01 7.59366953e+00
 4.67060801e+01 7.59366953e+00
 4.67060801e+01 7.59366953e+00
 4.67060801e+01 7.59366953e+00
 4.67060801e+01 7.59366953e+00
 4.67060801e+01 7.59366953e+00
 4.67060801e+01 7.59366953e+00
 4.67060801e+01 7.59366953e+00
 4.67060801e+01 7.59366953e+00
 4.67060801e+01 7.59366953e+00
 4.67060801e+01 7.59366953e+00
 4.67060801e+01 7.59366953e+00
 4.67060801e+01 7.59366953e+00
 4.67060801e+01 7.59366953e+00
 4.67060801e+01 7.59366953e+00
 4.67060801e+01 7.59366953e+00
 4.67060801e+01 7.59366953e+00
 4.67060801e+01 7.59366953e+00
 4.67060801e+01 7.59366953e+00
 4.67060801e+01 7.59366953e+00
 4.67060801e+01 7.59366953e+00
 4.67060801e+01 7.59366953e+00
 4.67060801e+01 7.59366953e+00
 4.67060801e+01 7.59366953e+00
 4.67060801e+01 7.59366953e+00
 4.67060801e+01 7.59366953e+00
 4.67060801e+01 7.59366953e+00
 4.67060801e+01 7.59366953e+00
 4.67060801e+01 7.59366953e+00
 4.67060801e+01 7.59366953e+00
 4.67060801e+01 7.59366953e+00
 4.67060801e+01 7.59366953e+00
 4.67060801e+01 7.59366953e+00
 4.67060801e+01 7.59366953e+00
 4.67060801e+01 7.59366953e+00
 4.67060801e+01 7.59366953e+00
 4.67060801e+01 7.59366953e+00
 4.67060801e+01 7.59366953e+00
 4.67060801e+01 7.59366953e+00
 4.67060801e+01 7.59366953e+00
 4.67060801e+01 7.59366953e+00
 4.67060801e+01 7.59366953e+00
 4.67060801e+01 7.59366953e+00
 4.67060801e+01 7.59366953e+00
 4.67060801e+01 7.59366953e+00
