 0.00000000e+00 0.00000000e+00
 0.00000000e+00 0.00000000e+00
 0.00000000e+00 0.00000000e+00
 0.00000000e+00 0.00000000e+00
 1.74256966e-01 1.15559492e-01
 3.58821265e-01 2.23421767e-01
 5.03201727e-01 2.72982813e-01
 5.55504176e-01 2.03987777e-01
 4.77705716e-01 -4.36878786e-02
 2.52255205e-01 -5.22457006e-01
 -1.20991837e-01 -1.27131890e+00
 -6.32412725e-01 -2.31135747e+00
 -1.26773610e+00 -3.64247719e+00
 -2.00758332e+00 -5.24166640e+00
 -2.82428302e+00 -7.06327010e+00
 -3.68038192e+00 -9.04203225e+00
 -4.53075364e+00 -1.10992997e+01
 -5.32788176e+00 -1.31516888e+01
 -6.02886809e+00 -1.51205567e+01
 -6.60175353e+00 -1.69403023e+01
 -7.02852094e+00 -1.85637276e+01
 -7.30397453e+00 -1.99634805e+01
 -7.43231087e+00 -2.11299139e+01
 -7.42394498e+00 -2.20667372e+01
 -7.29327434e+00 -2.27858920e+01
 -7.05596568e+00 -2.33024929e+01
 -6.72488136e+00 -2.36302062e+01
 -6.30610657e+00 -2.37775268e+01
 -5.79727775e+00 -2.37457328e+01
 -5.18869782e+00 -2.35290478e+01
 -4.46604315e+00 -2.31166851e+01
 -3.61361240e+00 -2.24959581e+01
 -2.61802177e+00 -2.16559855e+01
 -1.47221501e+00 -2.05919878e+01
 -1.78789856e-01 -1.93099204e+01
 1.24849397e+00 -1.78302119e+01
 2.78520295e+00 -1.61888564e+01
 4.39786351e+00 -1.44352073e+01
 6.04565816e+00 -1.26277243e+01
 7.68191324e+00 -1.08295039e+01
 9.25633440e+00 -9.10418311e+00
 1.07191700e+01 -7.51143449e+00
 1.20270897e+01 -6.10151129e+00
 1.31487268e+01 -4.91017565e+00
 1.40673112e+01 -3.95691458e+00
 1.47792381e+01 -3.24822135e+00
 1.52896864e+01 -2.78415474e+00
 1.56078208e+01 -2.56384459e+00
 1.57439767e+01 -2.58691271e+00
 1.57097539e+01 -2.85159470e+00
 1.55197862e+01 -3.35254423e+00
 1.51928623e+01 -4.07983342e+00
 1.47515072e+01 -5.01807698e+00
 1.42212965e+01 -6.14444294e+00
 1.36311081e+01 -7.42639709e+00
 1.30136891e+01 -8.82136082e+00
 1.24049451e+01 -1.02794582e+01
 1.18410994e+01 -1.17484907e+01
 1.13543932e+01 -1.31792411e+01
 1.09690535e+01 -1.45296641e+01
 1.06991214e+01 -1.57674872e+01
 1.05486515e+01 -1.68712206e+01
 1.05137542e+01 -1.78295230e+01
 1.05855684e+01 -1.86390748e+01
 1.07534027e+01 -1.93018680e+01
 1.10075634e+01 -1.98231346e+01
 1.13416104e+01 -2.02102436e+01
 1.17538709e+01 -2.04716626e+01
 1.22480802e+01 -2.06149686e+01
 1.28331152e+01 -2.06442330e+01
 1.35218395e+01 -2.05585071e+01
 1.43290977e+01 -2.03526724e+01
 1.52691652e+01 -2.00198006e+01
 1.63533990e+01 -1.95532035e+01
 1.75886451e+01 -1.89478166e+01
 1.89758732e+01 -1.82019900e+01
 2.05079205e+01 -1.73201768e+01
 2.21664246e+01 -1.63156961e+01
 2.39197786e+01 -1.52123711e+01
 2.57238264e+01 -1.40442502e+01
 2.75251863e+01 -1.28532269e+01
 2.92660273e+01 -1.16849575e+01
 3.08899438e+01 -1.05836228e+01
 3.23498727e+01 -9.58558876e+00
 3.36185933e+01 -8.71199595e+00
 3.46990781e+01 -7.96216685e+00
 3.56275311e+01 -7.31247694e+00
 3.64623000e+01 -6.72465796e+00
 3.72614379e+01 -6.16094939e+00
 3.80629603e+01 -5.59675784e+00
 3.88802908e+01 -5.02327239e+00
 3.97113165e+01 -4.44155681e+00
 4.05497625e+01 -3.85536023e+00
 4.13911076e+01 -3.26741081e+00
 4.22333055e+01 -2.67894559e+00
 4.30756958e+01 -2.09036407e+00
 4.39181196e+01 -1.50176229e+00
 4.47605478e+01 -9.13157839e-01
 4.56029753e+01 -3.24553898e-01
 4.64453918e+01 2.64042306e-01
 4.72877240e+01 8.52579604e-01
 4.81295546e+01 1.44076644e+00
 4.89690426e+01 2.02731657e+00
 4.97999309e+01 2.60785805e+00
 5.06059640e+01 3.17103318e+00
 5.13553593e+01 3.69463547e+00
 5.20028656e+01 4.14704799e+00
 5.25055151e+01 4.49824908e+00
 5.25055151e+01 4.49824908e+00
 5.25055151e+01 4.49824908e+00
 5.25055151e+01 4.49824908e+00
 5.25055151e+01 4.49824908e+00
 5.25055151e+01 4.49824908e+00
 5.25055151e+01 4.49824908e+00
 5.25055151e+01 4.49824908e+00
 5.25055151e+01 4.49824908e+00
 5.25055151e+01 4.49824908e+00
 5.25055151e+01 4.49824908e+00
 5.25055151e+01 4.49824908e+00
 5.25055151e+01 4.49824908e+00
 5.25055151e+01 4.49824908e+00
 5.25055151e+01 4.49824908e+00
 5.25055151e+01 4.49824908e+00
 5.25055151e+01 4.49824908e+00
 5.25055151e+01 4.49824908e+00
 5.25055151e+01 4.49824908e+00
 5.25055151e+01 4.49824908e+00
 5.25055151e+01 4.49824908e+00
 5.25055151e+01 4.49824908e+00
 5.25055151e+01 4.49824908e+00
 5.25055151e+01 4.49824908e+00
 5.25055151e+01 4.49824908e+00
 5.25055151e+01 4.49824908e+00
 5.25055151e+01 4.49824908e+00
 5.25055151e+01 4.49824908e+00
 5.25055151e+01 4.49824908e+00
 5.25055151e+01 4.49824908e+00
 5.25055151e+01 4.49824908e+00
 5.25055151e+01 4.49824908e+00
 5.25055151e+01 4.49824908e+00
 5.25055151e+01 4.49824908e+00
 5.25055151e+01 4.49824908e+00
 5.25055151e+01 4.49824908e+00
 5.25055151e+01 4.49824908e+00
 5.25055151e+01 4.49824908e+00
 5.25055151e+01 4.49824908e+00
 5.25055151e+01 4.49824908e+00
 5.25055151e+01 4.49824908e+00
 5.25055151e+01 4.49824908e+00
 5.25055151e+01 4.49824908e+00
 5.25055151e+01 4.49824908e+00
 5.25055151e+01 4.49824908e+00
 5.25055151e+01 4.49824908e+00
 5.25055151e+01 4.49824908e+00
 5.25055151e+01 4.49824908e+00
 5.25055151e+01 4.49824908e+00
 5.25055151e+01 4.49824908e+00
 5.25055151e+01 4.49824908e+00
 5.25055151e+01 4.49824908e+00
 5.25055151e+01 4.49824908e+00
 5.25055151e+01 4.49824908e+00
 5.25055151e+01 4.49824908e+00
 5.25055151e+01 4.49824908e+00
 5.25055151e+01 4.49824908e+00
 5.25055151e+01 4.49824908e+00
 5.25055151e+01 4.49824908e+00
 5.25055151e+01 4.49824908e+00
 5.25055151e+01 4.49824908e+00
 5.25055151e+01 4.49824908e+00
 5.25055151e+01 4.49824908e+00
 5.25055151e+01 4.49824908e+00
 5.25055151e+01 4.49824908e+00
 5.25055151e+01 4.49824908e+00
 5.25055151e+01 4.49824908e+00
 5.25055151e+01 4.49824908e+00
 5.25055151e+01 4.49824908e+00
 5.25055151e+01 4.49824908e+00
 5.25055151e+01 4.49824908e+00
 5.25055151e+01 4.49824908e+00
 5.25055151e+01 4.49824908e+00
 5.25055151e+01 4.49824908e+00
 5.25055151e+01 4.49824908e+00
 5.25055151e+01 4.49824908e+00
 5.25055151e+01 4.49824908e+00
 5.25055151e+01 4.49824908e+00
 5.25055151e+01 4.49824908e+00
 5.25055151e+01 4.49824908e+00
 5.25055151e+01 4.49824908e+00
 5.25055151e+01 4.49824908e+00
 5.25055151e+01 4.49824908e+00
 5.25055151e+01 4.49824908e+00
 5.25055151e+01 4.49824908e+00
 5.25055151e+01 4.49824908e+00
 5.25055151e+01 4.49824908e+00
 5.25055151e+01 4.49824908e+00
 5.25055151e+01 4.49824908e+00
 5.25055151e+01 4.49824908e+00
 5.25055151e+01 4.49824908e+00
 5.25055151e+01 4.49824908e+00
 5.25055151e+01 4.49824908e+00
 5.25055151e+01 4.49824908e+00
 5.25055151e+01 4.49824908e+00
 5.25055151e+01 4.49824908e+00
 5.25055151e+01 4.49824908e+00
 5.25055151e+01 4.49824908e+00
