 0.00000000e+00 0.00000000e+00
 0.00000000e+00 0.00000000e+00
 0.00000000e+00 0.00000000e+00
 0.00000000e+00 0.00000000e+00
 4.69340074e-02 3.10435485e-02
 7.01612428e-02 4.73916609e-02
 3.60726608e-02 2.47423079e-02
 -8.63103329e-02 -6.85833407e-02
 -3.15636367e-01 -2.71254473e-01
 -6.55575596e-01 -6.26364701e-01
 -1.10152473e+00 -1.17555678e+00
 -1.65126405e+00 -1.95247244e+00
 -2.30979206e+00 -2.97884352e+00
 -3.08428913e+00 -4.26352878e+00
 -3.97472731e+00 -5.80236063e+00
 -4.96783361e+00 -7.57730665e+00
 -6.03668524e+00 -9.55548223e+00
 -7.14343959e+00 -1.16895485e+01
 -8.24280652e+00 -1.39205830e+01
 -9.28611660e+00 -1.61833235e+01
 -1.02265483e+01 -1.84123971e+01
 -1.10249269e+01 -2.05476780e+01
 -1.16544618e+01 -2.25378700e+01
 -1.21030920e+01 -2.43427314e+01
 -1.23732024e+01 -2.59346327e+01
 -1.24795097e+01 -2.72996325e+01
 -1.24465794e+01 -2.84378180e+01
 -1.23067871e+01 -2.93622527e+01
 -1.20976383e+01 -3.00958321e+01
 -1.18571136e+01 -3.06663562e+01
 -1.16181310e+01 -3.11015287e+01
 -1.14045443e+01 -3.14258119e+01
 -1.12295189e+01 -3.16598190e+01
 -1.10957313e+01 -3.18212845e+01
 -1.09970169e+01 -3.19255618e+01
 -1.09207101e+01 -3.19837511e+01
 -1.08489940e+01 -3.19985015e+01
 -1.07584885e+01 -3.19600775e+01
 -1.06193219e+01 -3.18457208e+01
 -1.03954131e+01 -3.16229305e+01
 -1.00468532e+01 -3.12547007e+01
 -9.53444808e+00 -3.07045611e+01
 -8.82541590e+00 -2.99409233e+01
 -7.89841369e+00 -2.89414799e+01
 -6.74677507e+00 -2.76982229e+01
 -5.38038452e+00 -2.62226724e+01
 -3.82701651e+00 -2.45497852e+01
 -2.13287517e+00 -2.27382481e+01
 -3.60939975e-01 -2.08654614e+01
 1.41426048e+00 -1.90177752e+01
 3.11554033e+00 -1.72788084e+01
 4.67358232e+00 -1.57193090e+01
 6.03540719e+00 -1.43911895e+01
 7.16779068e+00 -1.33268116e+01
 8.05566790e+00 -1.25424802e+01
 8.69820394e+00 -1.20431985e+01
 9.10526378e+00 -1.18257337e+01
 9.29542154e+00 -1.18793746e+01
 9.29514402e+00 -1.21862174e+01
 9.13752704e+00 -1.27227583e+01
 8.85882651e+00 -1.34622772e+01
 8.49359120e+00 -1.43759528e+01
 8.07189147e+00 -1.54316744e+01
 7.62048104e+00 -1.65919220e+01
 7.16549449e+00 -1.78134443e+01
 6.73308987e+00 -1.90503733e+01
 6.34707516e+00 -2.02597168e+01
 6.02534636e+00 -2.14063927e+01
 5.77757661e+00 -2.24656144e+01
 5.60544286e+00 -2.34223711e+01
 5.50506263e+00 -2.42691123e+01
 5.47017626e+00 -2.50030651e+01
 5.49456185e+00 -2.56243236e+01
 5.57329169e+00 -2.61351028e+01
 5.70355003e+00 -2.65395898e+01
 5.88555625e+00 -2.68434063e+01
 6.12335625e+00 -2.70521068e+01
 6.42522526e+00 -2.71688970e+01
 6.80371892e+00 -2.71923277e+01
 7.27508524e+00 -2.71150840e+01
 7.85750574e+00 -2.69248520e+01
 8.56830039e+00 -2.66071248e+01
 9.42115759e+00 -2.61485404e+01
 1.04245769e+01 -2.55394208e+01
 1.15818208e+01 -2.47752776e+01
 1.28914771e+01 -2.38576456e+01
 1.43473543e+01 -2.27945834e+01
 1.59372340e+01 -2.16011806e+01
 1.76410229e+01 -2.03002388e+01
 1.94291434e+01 -1.89227069e+01
 2.12618619e+01 -1.75070531e+01
 2.30901386e+01 -1.60971409e+01
 2.48583506e+01 -1.47389608e+01
 2.65088586e+01 -1.34769991e+01
 2.79878813e+01 -1.23508902e+01
 2.92515215e+01 -1.13926418e+01
 3.02707394e+01 -1.06243001e+01
 3.10352033e+01 -1.00553264e+01
 3.15569585e+01 -9.67870406e+00
 3.18734019e+01 -9.46664513e+00
 3.20452063e+01 -9.37080123e+00
 3.21438189e+01 -9.33264171e+00
 3.22306122e+01 -9.30180277e+00
 3.23402419e+01 -9.25047190e+00
 3.24797034e+01 -9.17382329e+00
 3.26406059e+01 -9.07937727e+00
 3.28123536e+01 -8.97606144e+00
 3.29882030e+01 -8.86942873e+00
 3.31652387e+01 -8.76184532e+00
 3.33425393e+01 -8.65405107e+00
 3.35198859e+01 -8.54622050e+00
 3.36972386e+01 -8.43838507e+00
 3.38745917e+01 -8.33054927e+00
 3.40519426e+01 -8.22271485e+00
 3.42292756e+01 -8.11489123e+00
 3.44065031e+01 -8.00713180e+00
 3.45832375e+01 -7.89967224e+00
 3.47581613e+01 -7.79331350e+00
 3.49278525e+01 -7.69013637e+00
 3.50856199e+01 -7.59420923e+00
 3.52219370e+01 -7.51132450e+00
 3.53277580e+01 -7.44698231e+00
 3.53277580e+01 -7.44698231e+00
 3.53277580e+01 -7.44698231e+00
 3.53277580e+01 -7.44698231e+00
 3.53277580e+01 -7.44698231e+00
 3.53277580e+01 -7.44698231e+00
 3.53277580e+01 -7.44698231e+00
 3.53277580e+01 -7.44698231e+00
 3.53277580e+01 -7.44698231e+00
 3.53277580e+01 -7.44698231e+00
 3.53277580e+01 -7.44698231e+00
 3.53277580e+01 -7.44698231e+00
 3.53277580e+01 -7.44698231e+00
 3.53277580e+01 -7.44698231e+00
 3.53277580e+01 -7.44698231e+00
 3.53277580e+01 -7.44698231e+00
 3.53277580e+01 -7.44698231e+00
 3.53277580e+01 -7.44698231e+00
 3.53277580e+01 -7.44698231e+00
 3.53277580e+01 -7.44698231e+00
 3.53277580e+01 -7.44698231e+00
 3.53277580e+01 -7.44698231e+00
 3.53277580e+01 -7.44698231e+00
 3.53277580e+01 -7.44698231e+00
 3.53277580e+01 -7.44698231e+00
 3.53277580e+01 -7.44698231e+00
 3.53277580e+01 -7.44698231e+00
 3.53277580e+01 -7.44698231e+00
 3.53277580e+01 -7.44698231e+00
 3.53277580e+01 -7.44698231e+00
 3.53277580e+01 -7.44698231e+00
 3.53277580e+01 -7.44698231e+00
 3.53277580e+01 -7.44698231e+00
 3.53277580e+01 -7.44698231e+00
 3.53277580e+01 -7.44698231e+00
 3.53277580e+01 -7.44698231e+00
 3.53277580e+01 -7.44698231e+00
 3.53277580e+01 -7.44698231e+00
 3.53277580e+01 -7.44698231e+00
 3.53277580e+01 -7.44698231e+00
 3.53277580e+01 -7.44698231e+00
 3.53277580e+01 -7.44698231e+00
 3.53277580e+01 -7.44698231e+00
 3.53277580e+01 -7.44698231e+00
 3.53277580e+01 -7.44698231e+00
 3.53277580e+01 -7.44698231e+00
 3.53277580e+01 -7.44698231e+00
 3.53277580e+01 -7.44698231e+00
 3.53277580e+01 -7.44698231e+00
 3.53277580e+01 -7.44698231e+00
 3.53277580e+01 -7.44698231e+00
 3.53277580e+01 -7.44698231e+00
 3.53277580e+01 -7.44698231e+00
 3.53277580e+01 -7.44698231e+00
 3.53277580e+01 -7.44698231e+00
 3.53277580e+01 -7.44698231e+00
 3.53277580e+01 -7.44698231e+00
 3.53277580e+01 -7.44698231e+00
 3.53277580e+01 -7.44698231e+00
 3.53277580e+01 -7.44698231e+00
 3.53277580e+01 -7.44698231e+00
 3.53277580e+01 -7.44698231e+00
 3.53277580e+01 -7.44698231e+00
 3.53277580e+01 -7.44698231e+00
 3.53277580e+01 -7.44698231e+00
 3.53277580e+01 -7.44698231e+00
 3.53277580e+01 -7.44698231e+00
 3.53277580e+01 -7.44698231e+00
 3.53277580e+01 -7.44698231e+00
 3.53277580e+01 -7.44698231e+00
 3.53277580e+01 -7.44698231e+00
 3.53277580e+01 -7.44698231e+00
 3.53277580e+01 -7.44698231e+00
 3.53277580e+01 -7.44698231e+00
 3.53277580e+01 -7.44698231e+00
 3.53277580e+01 -7.44698231e+00
 3.53277580e+01 -7.44698231e+00
 3.53277580e+01 -7.44698231e+00
 3.53277580e+01 -7.44698231e+00
 3.53277580e+01 -7.44698231e+00
 3.53277580e+01 -7.44698231e+00
 3.53277580e+01 -7.44698231e+00
 3.53277580e+01 -7.44698231e+00
 3.53277580e+01 -7.44698231e+00
