 0.00000000e+00 0.00000000e+00
 0.00000000e+00 0.00000000e+00
 0.00000000e+00 0.00000000e+00
 0.00000000e+00 0.00000000e+00
 5.72830356e-02 4.64395506e-02
 3.70314154e-02 6.14359709e-02
 -1.25344335e-01 3.09786188e-03
 -4.73048089e-01 -1.74785504e-01
 -1.01385054e+00 -5.15587042e-01
 -1.72663897e+00 -1.05408119e+00
 -2.58065189e+00 -1.81267143e+00
 -3.55169483e+00 -2.80009657e+00
 -4.62567482e+00 -4.01216598e+00
 -5.79170601e+00 -5.43330023e+00
 -7.03318137e+00 -7.03798975e+00
 -8.32295083e+00 -8.79215971e+00
 -9.62381766e+00 -1.06548685e+01
 -1.08926905e+01 -1.25804572e+01
 -1.20861295e+01 -1.45208218e+01
 -1.31653099e+01 -1.64276517e+01
 -1.40992753e+01 -1.82549641e+01
 -1.48667735e+01 -1.99620355e+01
 -1.54576039e+01 -2.15159818e+01
 -1.58733668e+01 -2.28931087e+01
 -1.61265296e+01 -2.40790711e+01
 -1.62374930e+01 -2.50684974e+01
 -1.62306540e+01 -2.58643064e+01
 -1.61304455e+01 -2.64762019e+01
 -1.59574226e+01 -2.69176279e+01
 -1.57245009e+01 -2.72011383e+01
 -1.54343283e+01 -2.73333800e+01
 -1.50786787e+01 -2.73116636e+01
 -1.46397193e+01 -2.71235973e+01
 -1.40927749e+01 -2.67499710e+01
 -1.34106144e+01 -2.61699456e+01
 -1.25689021e+01 -2.53670841e+01
 -1.15515762e+01 -2.43349535e+01
 -1.03549321e+01 -2.30815800e+01
 -8.99017122e+00 -2.16322947e+01
 -7.48490380e+00 -2.00302997e+01
 -5.88352130e+00 -1.83342546e+01
 -4.24512758e+00 -1.66129053e+01
 -2.63770705e+00 -1.49378374e+01
 -1.12914681e+00 -1.33758850e+01
 2.22097353e-01 -1.19825218e+01
 1.37363542e+00 -1.07974736e+01
 2.30172321e+00 -9.84379840e+00
 3.00032439e+00 -9.13082263e+00
 3.47780918e+00 -8.65953140e+00
 3.75206371e+00 -8.42768518e+00
 3.84489150e+00 -8.43236035e+00
 3.77744807e+00 -8.66970278e+00
 3.56807406e+00 -9.13392057e+00
 3.23187513e+00 -9.81762127e+00
 2.78086768e+00 -1.07128820e+01
 2.22523921e+00 -1.18101561e+01
 1.57652930e+00 -1.30939560e+01
 8.51379816e-01 -1.45384961e+01
 7.34890309e-02 -1.61075103e+01
 -7.27163504e-01 -1.77585733e+01
 -1.51705322e+00 -1.94481169e+01
 -2.26238977e+00 -2.11336671e+01
 -2.93176241e+00 -2.27736000e+01
 -3.49782618e+00 -2.43272243e+01
 -3.93837720e+00 -2.57569003e+01
 -4.23696640e+00 -2.70311898e+01
 -4.38279227e+00 -2.81268624e+01
 -4.36972427e+00 -2.90286364e+01
 -4.19448819e+00 -2.97270829e+01
 -3.85420951e+00 -3.02157604e+01
 -3.34413132e+00 -3.04885467e+01
 -2.65657763e+00 -3.05378698e+01
 -1.78130640e+00 -3.03541812e+01
 -7.06595390e-01 -2.99266669e+01
 5.79227296e-01 -2.92452052e+01
 2.08564637e+00 -2.83036951e+01
 3.81726525e+00 -2.71043151e+01
 5.77084840e+00 -2.56612770e+01
 7.93246303e+00 -2.40024376e+01
 1.02752301e+01 -2.21681826e+01
 1.27582544e+01 -2.02084293e+01
 1.53271315e+01 -1.81794391e+01
 1.79161239e+01 -1.61416573e+01
 2.04517531e+01 -1.41579417e+01
 2.28574780e+01 -1.22901742e+01
 2.50594545e+01 -1.05936255e+01
 2.69934093e+01 -9.11126659e+00
 2.86120763e+01 -7.87062075e+00
 2.98926139e+01 -6.88267463e+00
 3.08440429e+01 -6.13945062e+00
 3.15129184e+01 -5.60899593e+00
 3.19803794e+01 -5.23374562e+00
 3.23433815e+01 -4.94132862e+00
 3.26848789e+01 -4.66703615e+00
 3.30515229e+01 -4.37305929e+00
 3.34534181e+01 -4.05058108e+00
 3.38808030e+01 -3.70721078e+00
 3.43210233e+01 -3.35323018e+00
 3.47660647e+01 -2.99524113e+00
 3.52124907e+01 -2.63609618e+00
 3.56592241e+01 -2.27669394e+00
 3.61060104e+01 -1.91724725e+00
 3.65528038e+01 -1.55779464e+00
 3.69995973e+01 -1.19834189e+00
 3.74463850e+01 -8.38893830e-01
 3.78931279e+01 -4.79481740e-01
 3.83396049e+01 -1.20283672e-01
 3.87848394e+01 2.37914881e-01
 3.92255130e+01 5.92444026e-01
 3.96530042e+01 9.36367772e-01
 4.00504568e+01 1.25612489e+00
 4.03938711e+01 1.53240735e+00
 4.06604584e+01 1.74688130e+00
 4.06604584e+01 1.74688130e+00
 4.06604584e+01 1.74688130e+00
 4.06604584e+01 1.74688130e+00
 4.06604584e+01 1.74688130e+00
 4.06604584e+01 1.74688130e+00
 4.06604584e+01 1.74688130e+00
 4.06604584e+01 1.74688130e+00
 4.06604584e+01 1.74688130e+00
 4.06604584e+01 1.74688130e+00
 4.06604584e+01 1.74688130e+00
 4.06604584e+01 1.74688130e+00
 4.06604584e+01 1.74688130e+00
 4.06604584e+01 1.74688130e+00
 4.06604584e+01 1.74688130e+00
 4.06604584e+01 1.74688130e+00
 4.06604584e+01 1.74688130e+00
 4.06604584e+01 1.74688130e+00
 4.06604584e+01 1.74688130e+00
 4.06604584e+01 1.74688130e+00
 4.06604584e+01 1.74688130e+00
 4.06604584e+01 1.74688130e+00
 4.06604584e+01 1.74688130e+00
 4.06604584e+01 1.74688130e+00
 4.06604584e+01 1.74688130e+00
 4.06604584e+01 1.74688130e+00
 4.06604584e+01 1.74688130e+00
 4.06604584e+01 1.74688130e+00
 4.06604584e+01 1.74688130e+00
 4.06604584e+01 1.74688130e+00
 4.06604584e+01 1.74688130e+00
 4.06604584e+01 1.74688130e+00
 4.06604584e+01 1.74688130e+00
 4.06604584e+01 1.74688130e+00
 4.06604584e+01 1.74688130e+00
 4.06604584e+01 1.74688130e+00
 4.06604584e+01 1.74688130e+00
 4.06604584e+01 1.74688130e+00
 4.06604584e+01 1.74688130e+00
 4.06604584e+01 1.74688130e+00
 4.06604584e+01 1.74688130e+00
 4.06604584e+01 1.74688130e+00
 4.06604584e+01 1.74688130e+00
 4.06604584e+01 1.74688130e+00
 4.06604584e+01 1.74688130e+00
 4.06604584e+01 1.74688130e+00
 4.06604584e+01 1.74688130e+00
 4.06604584e+01 1.74688130e+00
 4.06604584e+01 1.74688130e+00
 4.06604584e+01 1.74688130e+00
 4.06604584e+01 1.74688130e+00
 4.06604584e+01 1.74688130e+00
 4.06604584e+01 1.74688130e+00
 4.06604584e+01 1.74688130e+00
 4.06604584e+01 1.74688130e+00
 4.06604584e+01 1.74688130e+00
 4.06604584e+01 1.74688130e+00
 4.06604584e+01 1.74688130e+00
 4.06604584e+01 1.74688130e+00
 4.06604584e+01 1.74688130e+00
 4.06604584e+01 1.74688130e+00
 4.06604584e+01 1.74688130e+00
 4.06604584e+01 1.74688130e+00
 4.06604584e+01 1.74688130e+00
 4.06604584e+01 1.74688130e+00
 4.06604584e+01 1.74688130e+00
 4.06604584e+01 1.74688130e+00
 4.06604584e+01 1.74688130e+00
 4.06604584e+01 1.74688130e+00
 4.06604584e+01 1.74688130e+00
 4.06604584e+01 1.74688130e+00
 4.06604584e+01 1.74688130e+00
 4.06604584e+01 1.74688130e+00
 4.06604584e+01 1.74688130e+00
 4.06604584e+01 1.74688130e+00
 4.06604584e+01 1.74688130e+00
 4.06604584e+01 1.74688130e+00
 4.06604584e+01 1.74688130e+00
 4.06604584e+01 1.74688130e+00
 4.06604584e+01 1.74688130e+00
 4.06604584e+01 1.74688130e+00
 4.06604584e+01 1.74688130e+00
 4.06604584e+01 1.74688130e+00
 4.06604584e+01 1.74688130e+00
 4.06604584e+01 1.74688130e+00
 4.06604584e+01 1.74688130e+00
 4.06604584e+01 1.74688130e+00
 4.06604584e+01 1.74688130e+00
 4.06604584e+01 1.74688130e+00
 4.06604584e+01 1.74688130e+00
 4.06604584e+01 1.74688130e+00
 4.06604584e+01 1.74688130e+00
 4.06604584e+01 1.74688130e+00
