 0.00000000e+00 0.00000000e+00
 0.00000000e+00 0.00000000e+00
 0.00000000e+00 0.00000000e+00
 0.00000000e+00 0.00000000e+00
 1.83647431e-01 4.41839622e-02
 3.27813412e-01 4.71389991e-02
 3.54723220e-01 -4.33455155e-02
 2.02043882e-01 -2.86226480e-01
 -1.60636023e-01 -7.38726816e-01
 -7.36742794e-01 -1.44921583e+00
 -1.51975800e+00 -2.45145175e+00
 -2.50651646e+00 -3.76108665e+00
 -3.69798131e+00 -5.37502278e+00
 -5.09058224e+00 -7.27268103e+00
 -6.66702583e+00 -9.41792651e+00
 -8.39244149e+00 -1.17612034e+01
 -1.02160298e+01 -1.42418499e+01
 -1.20757757e+01 -1.67906479e+01
 -1.39041677e+01 -1.93330737e+01
 -1.56339516e+01 -2.17939972e+01
 -1.72036325e+01 -2.41038513e+01
 -1.85624344e+01 -2.62048143e+01
 -1.96739590e+01 -2.80549419e+01
 -2.05176021e+01 -2.96293383e+01
 -2.10874642e+01 -3.09189622e+01
 -2.13895571e+01 -3.19279456e+01
 -2.14384226e+01 -3.26699218e+01
 -2.12535582e+01 -3.31636856e+01
 -2.08555150e+01 -3.34283286e+01
 -2.02621280e+01 -3.34781355e+01
 -1.94860833e+01 -3.33186910e+01
 -1.85345971e+01 -3.29465148e+01
 -1.74108926e+01 -3.23530298e+01
 -1.61168435e+01 -3.15308865e+01
 -1.46565258e+01 -3.04798188e+01
 -1.30403710e+01 -2.92106810e+01
 -1.12890446e+01 -2.77476418e+01
 -9.43574245e+00 -2.61285130e+01
 -7.52575375e+00 -2.44028741e+01
 -5.61312227e+00 -2.26280761e+01
 -3.75558709e+00 -2.08643493e+01
 -2.00942244e+00 -1.91706803e+01
 -4.24914742e-01 -1.76016498e+01
 9.57839431e-01 -1.62037479e+01
 2.11300565e+00 -1.50107161e+01
 3.03180532e+00 -1.40404665e+01
 3.72186613e+00 -1.32968870e+01
 4.20201263e+00 -1.27766300e+01
 4.49422638e+00 -1.24768243e+01
 4.61665431e+00 -1.23987407e+01
 4.58076772e+00 -1.25459472e+01
 4.39250107e+00 -1.29202846e+01
 4.05456831e+00 -1.35201238e+01
 3.56797445e+00 -1.43415927e+01
 2.93357452e+00 -1.53794864e+01
 2.15515754e+00 -1.66251525e+01
 1.24323070e+00 -1.80624725e+01
 2.17182842e-01 -1.96654012e+01
 -8.95107738e-01 -2.13992203e+01
 -2.05917632e+00 -2.32243355e+01
 -3.23612757e+00 -2.50993473e+01
 -4.38467574e+00 -2.69813688e+01
 -5.46319567e+00 -2.88248401e+01
 -6.43186035e+00 -3.05817099e+01
 -7.25477255e+00 -3.22043717e+01
 -7.90194092e+00 -3.36502412e+01
 -8.35095739e+00 -3.48856403e+01
 -8.58800871e+00 -3.58872450e+01
 -8.60763921e+00 -3.66410167e+01
 -8.41114974e+00 -3.71399291e+01
 -8.00434573e+00 -3.73818595e+01
 -7.39551618e+00 -3.73681309e+01
 -6.59400276e+00 -3.71024353e+01
 -5.60926493e+00 -3.65898732e+01
 -4.45027720e+00 -3.58364867e+01
 -3.12529347e+00 -3.48500336e+01
 -1.64225538e+00 -3.36421633e+01
 -1.00351787e-02 -3.22312302e+01
 1.75973674e+00 -3.06444584e+01
 3.65089724e+00 -2.89180386e+01
 5.64185846e+00 -2.70943258e+01
 7.70622203e+00 -2.52168856e+01
 9.81451373e+00 -2.33256032e+01
 1.19356663e+01 -2.14540482e+01
 1.40373882e+01 -1.96297423e+01
 1.60859910e+01 -1.78759795e+01
 1.80467935e+01 -1.62130859e+01
 1.98857222e+01 -1.46583383e+01
 2.15721809e+01 -1.32253838e+01
 2.30832358e+01 -1.19235446e+01
 2.44094632e+01 -1.07557812e+01
 2.55616902e+01 -9.71452996e+00
 2.65740882e+01 -8.77813201e+00
 2.74972712e+01 -7.91315589e+00
 2.83816546e+01 -7.08422667e+00
 2.92615458e+01 -6.26522532e+00
 3.01507686e+01 -5.44373072e+00
 3.10495386e+01 -4.61744676e+00
 3.19537574e+01 -3.78805213e+00
 3.28601588e+01 -2.95733744e+00
 3.37672117e+01 -2.12621561e+00
 3.46744128e+01 -1.29499918e+00
 3.55816399e+01 -4.63765924e-01
 3.64888705e+01 3.67469549e-01
 3.73961002e+01 1.19870414e+00
 3.83033179e+01 2.02992778e+00
 3.92104449e+01 2.86106824e+00
 4.01170316e+01 3.69171378e+00
 4.10210957e+01 4.52004793e+00
 4.19158985e+01 5.33989658e+00
 4.27839341e+01 6.13522024e+00
 4.35909752e+01 6.87465859e+00
 4.42882897e+01 7.51356176e+00
 4.48296045e+01 8.00953278e+00
 4.48296045e+01 8.00953278e+00
 4.48296045e+01 8.00953278e+00
 4.48296045e+01 8.00953278e+00
 4.48296045e+01 8.00953278e+00
 4.48296045e+01 8.00953278e+00
 4.48296045e+01 8.00953278e+00
 4.48296045e+01 8.00953278e+00
 4.48296045e+01 8.00953278e+00
 4.48296045e+01 8.00953278e+00
 4.48296045e+01 8.00953278e+00
 4.48296045e+01 8.00953278e+00
 4.48296045e+01 8.00953278e+00
 4.48296045e+01 8.00953278e+00
 4.48296045e+01 8.00953278e+00
 4.48296045e+01 8.00953278e+00
 4.48296045e+01 8.00953278e+00
 4.48296045e+01 8.00953278e+00
 4.48296045e+01 8.00953278e+00
 4.48296045e+01 8.00953278e+00
 4.48296045e+01 8.00953278e+00
 4.48296045e+01 8.00953278e+00
 4.48296045e+01 8.00953278e+00
 4.48296045e+01 8.00953278e+00
 4.48296045e+01 8.00953278e+00
 4.48296045e+01 8.00953278e+00
 4.48296045e+01 8.00953278e+00
 4.48296045e+01 8.00953278e+00
 4.48296045e+01 8.00953278e+00
 4.48296045e+01 8.00953278e+00
 4.48296045e+01 8.00953278e+00
 4.48296045e+01 8.00953278e+00
 4.48296045e+01 8.00953278e+00
 4.48296045e+01 8.00953278e+00
 4.48296045e+01 8.00953278e+00
 4.48296045e+01 8.00953278e+00
 4.48296045e+01 8.00953278e+00
 4.48296045e+01 8.00953278e+00
 4.48296045e+01 8.00953278e+00
 4.48296045e+01 8.00953278e+00
 4.48296045e+01 8.00953278e+00
 4.48296045e+01 8.00953278e+00
 4.48296045e+01 8.00953278e+00
 4.48296045e+01 8.00953278e+00
 4.48296045e+01 8.00953278e+00
 4.48296045e+01 8.00953278e+00
 4.48296045e+01 8.00953278e+00
 4.48296045e+01 8.00953278e+00
 4.48296045e+01 8.00953278e+00
 4.48296045e+01 8.00953278e+00
 4.48296045e+01 8.00953278e+00
 4.48296045e+01 8.00953278e+00
 4.48296045e+01 8.00953278e+00
 4.48296045e+01 8.00953278e+00
 4.48296045e+01 8.00953278e+00
 4.48296045e+01 8.00953278e+00
 4.48296045e+01 8.00953278e+00
 4.48296045e+01 8.00953278e+00
 4.48296045e+01 8.00953278e+00
 4.48296045e+01 8.00953278e+00
 4.48296045e+01 8.00953278e+00
 4.48296045e+01 8.00953278e+00
 4.48296045e+01 8.00953278e+00
 4.48296045e+01 8.00953278e+00
 4.48296045e+01 8.00953278e+00
 4.48296045e+01 8.00953278e+00
 4.48296045e+01 8.00953278e+00
 4.48296045e+01 8.00953278e+00
 4.48296045e+01 8.00953278e+00
 4.48296045e+01 8.00953278e+00
 4.48296045e+01 8.00953278e+00
 4.48296045e+01 8.00953278e+00
 4.48296045e+01 8.00953278e+00
 4.48296045e+01 8.00953278e+00
 4.48296045e+01 8.00953278e+00
 4.48296045e+01 8.00953278e+00
 4.48296045e+01 8.00953278e+00
 4.48296045e+01 8.00953278e+00
 4.48296045e+01 8.00953278e+00
 4.48296045e+01 8.00953278e+00
 4.48296045e+01 8.00953278e+00
 4.48296045e+01 8.00953278e+00
 4.48296045e+01 8.00953278e+00
 4.48296045e+01 8.00953278e+00
 4.48296045e+01 8.00953278e+00
 4.48296045e+01 8.00953278e+00
 4.48296045e+01 8.00953278e+00
 4.48296045e+01 8.00953278e+00
 4.48296045e+01 8.00953278e+00
 4.48296045e+01 8.00953278e+00
 4.48296045e+01 8.00953278e+00
 4.48296045e+01 8.00953278e+00
