 0.00000000e+00 0.00000000e+00
 0.00000000e+00 0.00000000e+00
 0.00000000e+00 0.00000000e+00
 0.00000000e+00 0.00000000e+00
 2.20009978e-01 -6.65841456e-02
 4.04306389e-01 -2.00641966e-01
 4.66444209e-01 -4.37716725e-01
 3.37994130e-01 -8.14973217e-01
 -8.25258193e-03 -1.36709437e+00
 -5.60277622e-01 -2.12299590e+00
 -1.28835511e+00 -3.10276128e+00
 -2.16783636e+00 -4.31554372e+00
 -3.18771665e+00 -5.75948518e+00
 -4.34368557e+00 -7.42260715e+00
 -5.62547182e+00 -9.28237261e+00
 -7.00781027e+00 -1.13034871e+01
 -8.44801989e+00 -1.34362274e+01
 -9.88917002e+00 -1.56179388e+01
 -1.12669529e+01 -1.77782188e+01
 -1.25181683e+01 -1.98460840e+01
 -1.35885877e+01 -2.17570195e+01
 -1.44385162e+01 -2.34587540e+01
 -1.50454832e+01 -2.49152187e+01
 -1.54041740e+01 -2.61080619e+01
 -1.55236857e+01 -2.70352602e+01
 -1.54225856e+01 -2.77070437e+01
 -1.51232951e+01 -2.81400191e+01
 -1.46473291e+01 -2.83507740e+01
 -1.40117824e+01 -2.83505295e+01
 -1.32271455e+01 -2.81425026e+01
 -1.22970506e+01 -2.77229222e+01
 -1.12201793e+01 -2.70849343e+01
 -9.99355984e+00 -2.62233369e+01
 -8.61627212e+00 -2.51385912e+01
 -7.09313125e+00 -2.38400412e+01
 -5.43816056e+00 -2.23488342e+01
 -3.67722694e+00 -2.07002572e+01
 -1.84887721e+00 -1.89442806e+01
 -2.92698618e-03 -1.71431697e+01
 1.80294636e+00 -1.53661413e+01
 3.50836803e+00 -1.36822936e+01
 5.05691977e+00 -1.21536057e+01
 6.40299717e+00 -1.08296466e+01
 7.51662863e+00 -9.74504944e+00
 8.38466523e+00 -8.91985606e+00
 9.00860563e+00 -8.36180537e+00
 9.40077570e+00 -8.06915657e+00
 9.58081312e+00 -8.03309103e+00
 9.57343840e+00 -8.23971440e+00
 9.40686147e+00 -8.67214313e+00
 9.11055805e+00 -9.31242537e+00
 8.71274550e+00 -1.01420084e+01
 8.23945773e+00 -1.11398714e+01
 7.71586059e+00 -1.22794062e+01
 7.16802544e+00 -1.35265148e+01
 6.62315175e+00 -1.48405872e+01
 6.10801549e+00 -1.61779884e+01
 5.64679892e+00 -1.74963130e+01
 5.25934702e+00 -1.87576965e+01
 4.96012976e+00 -1.99304906e+01
 4.75802130e+00 -2.09896232e+01
 4.65728631e+00 -2.19162550e+01
 4.65976150e+00 -2.26971177e+01
 4.76732861e+00 -2.33236522e+01
 4.98364815e+00 -2.37908773e+01
 5.31482100e+00 -2.40958936e+01
 5.76926732e+00 -2.42363220e+01
 6.35730784e+00 -2.42094148e+01
 7.09076426e+00 -2.40122281e+01
 7.98249123e+00 -2.36423075e+01
 9.04548128e+00 -2.30982021e+01
 1.02912560e+01 -2.23799616e+01
 1.17275886e+01 -2.14900534e+01
 1.33561870e+01 -2.04342626e+01
 1.51714268e+01 -1.92215242e+01
 1.71607236e+01 -1.78623490e+01
 1.93058443e+01 -1.63669108e+01
 2.15838252e+01 -1.47445725e+01
 2.39668925e+01 -1.30058389e+01
 2.64218084e+01 -1.11658463e+01
 2.89093643e+01 -9.24725393e+00
 3.13847207e+01 -7.28101683e+00
 3.37998562e+01 -5.30474887e+00
 3.61101265e+01 -3.35830849e+00
 3.82854932e+01 -1.47599814e+00
 4.03217808e+01 3.22819652e-01
 4.22428221e+01 2.03912482e+00
 4.40887996e+01 3.69075098e+00
 4.58980431e+01 5.30181522e+00
 4.76951539e+01 6.89255983e+00
 4.94906603e+01 8.47521449e+00
 5.12870332e+01 1.00553267e+01
 5.30840939e+01 1.16348133e+01
 5.48814188e+01 1.32141807e+01
 5.66788125e+01 1.47935308e+01
 5.84762193e+01 1.63728791e+01
 6.02736277e+01 1.79522270e+01
 6.20710339e+01 1.95315727e+01
 6.38684165e+01 2.11108977e+01
 6.56656191e+01 2.26900645e+01
 6.74617516e+01 2.42682911e+01
 6.92528861e+01 2.58421259e+01
 7.10256720e+01 2.73998384e+01
 7.27454268e+01 2.89109533e+01
 7.43443390e+01 3.03158862e+01
 7.57258605e+01 3.15298022e+01
 7.67983152e+01 3.24721472e+01
 7.67983152e+01 3.24721472e+01
 7.67983152e+01 3.24721472e+01
 7.67983152e+01 3.24721472e+01
 7.67983152e+01 3.24721472e+01
 7.67983152e+01 3.24721472e+01
 7.67983152e+01 3.24721472e+01
 7.67983152e+01 3.24721472e+01
 7.67983152e+01 3.24721472e+01
 7.67983152e+01 3.24721472e+01
 7.67983152e+01 3.24721472e+01
 7.67983152e+01 3.24721472e+01
 7.67983152e+01 3.24721472e+01
 7.67983152e+01 3.24721472e+01
 7.67983152e+01 3.24721472e+01
 7.67983152e+01 3.24721472e+01
 7.67983152e+01 3.24721472e+01
 7.67983152e+01 3.24721472e+01
 7.67983152e+01 3.24721472e+01
 7.67983152e+01 3.24721472e+01
 7.67983152e+01 3.24721472e+01
 7.67983152e+01 3.24721472e+01
 7.67983152e+01 3.24721472e+01
 7.67983152e+01 3.24721472e+01
 7.67983152e+01 3.24721472e+01
 7.67983152e+01 3.24721472e+01
 7.67983152e+01 3.24721472e+01
 7.67983152e+01 3.24721472e+01
 7.67983152e+01 3.24721472e+01
 7.67983152e+01 3.24721472e+01
 7.67983152e+01 3.24721472e+01
 7.67983152e+01 3.24721472e+01
 7.67983152e+01 3.24721472e+01
 7.67983152e+01 3.24721472e+01
 7.67983152e+01 3.24721472e+01
 7.67983152e+01 3.24721472e+01
 7.67983152e+01 3.24721472e+01
 7.67983152e+01 3.24721472e+01
 7.67983152e+01 3.24721472e+01
 7.67983152e+01 3.24721472e+01
 7.67983152e+01 3.24721472e+01
 7.67983152e+01 3.24721472e+01
 7.67983152e+01 3.24721472e+01
 7.67983152e+01 3.24721472e+01
 7.67983152e+01 3.24721472e+01
 7.67983152e+01 3.24721472e+01
 7.67983152e+01 3.24721472e+01
 7.67983152e+01 3.24721472e+01
 7.67983152e+01 3.24721472e+01
 7.67983152e+01 3.24721472e+01
 7.67983152e+01 3.24721472e+01
 7.67983152e+01 3.24721472e+01
 7.67983152e+01 3.24721472e+01
 7.67983152e+01 3.24721472e+01
 7.67983152e+01 3.24721472e+01
 7.67983152e+01 3.24721472e+01
 7.67983152e+01 3.24721472e+01
 7.67983152e+01 3.24721472e+01
 7.67983152e+01 3.24721472e+01
 7.67983152e+01 3.24721472e+01
 7.67983152e+01 3.24721472e+01
 7.67983152e+01 3.24721472e+01
 7.67983152e+01 3.24721472e+01
 7.67983152e+01 3.24721472e+01
 7.67983152e+01 3.24721472e+01
 7.67983152e+01 3.24721472e+01
 7.67983152e+01 3.24721472e+01
 7.67983152e+01 3.24721472e+01
 7.67983152e+01 3.24721472e+01
 7.67983152e+01 3.24721472e+01
 7.67983152e+01 3.24721472e+01
 7.67983152e+01 3.24721472e+01
 7.67983152e+01 3.24721472e+01
 7.67983152e+01 3.24721472e+01
 7.67983152e+01 3.24721472e+01
 7.67983152e+01 3.24721472e+01
 7.67983152e+01 3.24721472e+01
 7.67983152e+01 3.24721472e+01
 7.67983152e+01 3.24721472e+01
 7.67983152e+01 3.24721472e+01
 7.67983152e+01 3.24721472e+01
 7.67983152e+01 3.24721472e+01
 7.67983152e+01 3.24721472e+01
 7.67983152e+01 3.24721472e+01
 7.67983152e+01 3.24721472e+01
 7.67983152e+01 3.24721472e+01
 7.67983152e+01 3.24721472e+01
 7.67983152e+01 3.24721472e+01
 7.67983152e+01 3.24721472e+01
 7.67983152e+01 3.24721472e+01
 7.67983152e+01 3.24721472e+01
 7.67983152e+01 3.24721472e+01
 7.67983152e+01 3.24721472e+01
 7.67983152e+01 3.24721472e+01
 7.67983152e+01 3.24721472e+01
 7.67983152e+01 3.24721472e+01
 7.67983152e+01 3.24721472e+01
 7.67983152e+01 3.24721472e+01
 7.67983152e+01 3.24721472e+01
