 0.00000000e+00 0.00000000e+00
 0.00000000e+00 0.00000000e+00
 0.00000000e+00 0.00000000e+00
 0.00000000e+00 0.00000000e+00
 3.99647471e-02 -4.62154120e-02
 4.11513999e-02 -1.38864588e-01
 -3.43162460e-02 -3.03020349e-01
 -2.15465567e-01 -5.66837511e-01
 -5.14182156e-01 -9.60263340e-01
 -9.27280941e-01 -1.51370457e+00
 -1.44577444e+00 -2.25530336e+00
 -2.06377271e+00 -3.20698824e+00
 -2.78117972e+00 -4.38099669e+00
 -3.60006041e+00 -5.77820644e+00
 -4.51887164e+00 -7.38822353e+00
 -5.52838211e+00 -9.19035040e+00
 -6.61021625e+00 -1.11545653e+01
 -7.73724811e+00 -1.32421035e+01
 -8.87512059e+00 -1.54058523e+01
 -9.98449182e+00 -1.75912990e+01
 -1.10236633e+01 -1.97390546e+01
 -1.19514354e+01 -2.17895023e+01
 -1.27302359e+01 -2.36885833e+01
 -1.33292244e+01 -2.53924861e+01
 -1.37265632e+01 -2.68697203e+01
 -1.39103626e+01 -2.81010169e+01
 -1.38787056e+01 -2.90784632e+01
 -1.36391808e+01 -2.98044425e+01
 -1.32074974e+01 -3.02895955e+01
 -1.26046645e+01 -3.05489361e+01
 -1.18532285e+01 -3.05968214e+01
 -1.09738135e+01 -3.04431242e+01
 -9.98311997e+00 -3.00927057e+01
 -8.89396609e+00 -2.95480864e+01
 -7.71698050e+00 -2.88132520e+01
 -6.46272814e+00 -2.78966531e+01
 -5.14335669e+00 -2.68129338e+01
 -3.77388111e+00 -2.55839075e+01
 -2.37346377e+00 -2.42392000e+01
 -9.66348488e-01 -2.28164094e+01
 4.18293244e-01 -2.13602342e+01
 1.74792573e+00 -1.99201035e+01
 2.98925483e+00 -1.85463693e+01
 4.11124458e+00 -1.72856349e+01
 5.08822950e+00 -1.61760484e+01
 5.90291024e+00 -1.52436478e+01
 6.54845007e+00 -1.45009699e+01
 7.02877443e+00 -1.39485389e+01
 7.35702828e+00 -1.35787407e+01
 7.55258973e+00 -1.33807899e+01
 7.63685116e+00 -1.33452484e+01
 7.62866984e+00 -1.34666567e+01
 7.54152167e+00 -1.37435422e+01
 7.38375118e+00 -1.41764583e+01
 7.16112062e+00 -1.47655487e+01
 6.87966931e+00 -1.55084008e+01
 6.54756331e+00 -1.63978457e+01
 6.17573320e+00 -1.74196604e+01
 5.77760067e+00 -1.85512901e+01
 5.36825300e+00 -1.97628103e+01
 4.96339526e+00 -2.10199075e+01
 4.57832910e+00 -2.22872364e+01
 4.22710681e+00 -2.35307016e+01
 3.92192265e+00 -2.47185596e+01
 3.67256630e+00 -2.58221231e+01
 3.48561064e+00 -2.68166942e+01
 3.36369104e+00 -2.76828033e+01
 3.30621728e+00 -2.84074279e+01
 3.31202592e+00 -2.89847318e+01
 3.38198180e+00 -2.94159550e+01
 3.51916678e+00 -2.97081434e+01
 3.72733387e+00 -2.98714642e+01
 4.01031310e+00 -2.99155082e+01
 4.37314263e+00 -2.98461932e+01
 4.82327047e+00 -2.96648931e+01
 5.37054452e+00 -2.93695325e+01
 6.02622531e+00 -2.89560611e+01
 6.80152708e+00 -2.84196486e+01
 7.70583538e+00 -2.77560172e+01
 8.74502830e+00 -2.69627637e+01
 9.92071184e+00 -2.60398116e+01
 1.12306510e+01 -2.49888083e+01
 1.26696097e+01 -2.38124328e+01
 1.42295245e+01 -2.25146701e+01
 1.58987699e+01 -2.11021764e+01
 1.76611166e+01 -1.95860651e+01
 1.94949711e+01 -1.79834834e+01
 2.13729795e+01 -1.63187566e+01
 2.32617607e+01 -1.46239102e+01
 2.51217915e+01 -1.29381185e+01
 2.69081693e+01 -1.13056414e+01
 2.85731986e+01 -9.77219594e+00
 3.00707877e+01 -8.38019675e+00
 3.13612690e+01 -7.16383125e+00
 3.24149644e+01 -6.14539489e+00
 3.32140117e+01 -5.33414972e+00
 3.37534710e+01 -4.72759895e+00
 3.40431458e+01 -4.31323128e+00
 3.41105066e+01 -4.06850978e+00
 3.40026521e+01 -3.95937430e+00
 3.37825531e+01 -3.94111614e+00
 3.35160338e+01 -3.96577383e+00
 3.32538077e+01 -3.99448902e+00
 3.30202074e+01 -4.00664744e+00
 3.28161656e+01 -3.99912514e+00
 3.26316034e+01 -3.97792087e+00
 3.24564175e+01 -3.94992554e+00
 3.22846621e+01 -3.91939378e+00
 3.21138756e+01 -3.88813494e+00
 3.19433017e+01 -3.85671476e+00
 3.17727641e+01 -3.82526675e+00
 3.16022314e+01 -3.79381501e+00
 3.14316995e+01 -3.76236293e+00
 3.12611698e+01 -3.73091122e+00
 3.10906573e+01 -3.69946267e+00
 3.09202462e+01 -3.66803283e+00
 3.07503093e+01 -3.63669046e+00
 3.05821133e+01 -3.60566916e+00
 3.04189487e+01 -3.57557583e+00
 3.02672493e+01 -3.54759709e+00
 3.01361751e+01 -3.52342237e+00
 3.00344242e+01 -3.50465590e+00
 3.00344242e+01 -3.50465590e+00
 3.00344242e+01 -3.50465590e+00
 3.00344242e+01 -3.50465590e+00
 3.00344242e+01 -3.50465590e+00
 3.00344242e+01 -3.50465590e+00
 3.00344242e+01 -3.50465590e+00
 3.00344242e+01 -3.50465590e+00
 3.00344242e+01 -3.50465590e+00
 3.00344242e+01 -3.50465590e+00
 3.00344242e+01 -3.50465590e+00
 3.00344242e+01 -3.50465590e+00
 3.00344242e+01 -3.50465590e+00
 3.00344242e+01 -3.50465590e+00
 3.00344242e+01 -3.50465590e+00
 3.00344242e+01 -3.50465590e+00
 3.00344242e+01 -3.50465590e+00
 3.00344242e+01 -3.50465590e+00
 3.00344242e+01 -3.50465590e+00
 3.00344242e+01 -3.50465590e+00
 3.00344242e+01 -3.50465590e+00
 3.00344242e+01 -3.50465590e+00
 3.00344242e+01 -3.50465590e+00
 3.00344242e+01 -3.50465590e+00
 3.00344242e+01 -3.50465590e+00
 3.00344242e+01 -3.50465590e+00
 3.00344242e+01 -3.50465590e+00
 3.00344242e+01 -3.50465590e+00
 3.00344242e+01 -3.50465590e+00
 3.00344242e+01 -3.50465590e+00
 3.00344242e+01 -3.50465590e+00
 3.00344242e+01 -3.50465590e+00
 3.00344242e+01 -3.50465590e+00
 3.00344242e+01 -3.50465590e+00
 3.00344242e+01 -3.50465590e+00
 3.00344242e+01 -3.50465590e+00
 3.00344242e+01 -3.50465590e+00
 3.00344242e+01 -3.50465590e+00
 3.00344242e+01 -3.50465590e+00
 3.00344242e+01 -3.50465590e+00
 3.00344242e+01 -3.50465590e+00
 3.00344242e+01 -3.50465590e+00
 3.00344242e+01 -3.50465590e+00
 3.00344242e+01 -3.50465590e+00
 3.00344242e+01 -3.50465590e+00
 3.00344242e+01 -3.50465590e+00
 3.00344242e+01 -3.50465590e+00
 3.00344242e+01 -3.50465590e+00
 3.00344242e+01 -3.50465590e+00
 3.00344242e+01 -3.50465590e+00
 3.00344242e+01 -3.50465590e+00
 3.00344242e+01 -3.50465590e+00
 3.00344242e+01 -3.50465590e+00
 3.00344242e+01 -3.50465590e+00
 3.00344242e+01 -3.50465590e+00
 3.00344242e+01 -3.50465590e+00
 3.00344242e+01 -3.50465590e+00
 3.00344242e+01 -3.50465590e+00
 3.00344242e+01 -3.50465590e+00
 3.00344242e+01 -3.50465590e+00
 3.00344242e+01 -3.50465590e+00
 3.00344242e+01 -3.50465590e+00
 3.00344242e+01 -3.50465590e+00
 3.00344242e+01 -3.50465590e+00
 3.00344242e+01 -3.50465590e+00
 3.00344242e+01 -3.50465590e+00
 3.00344242e+01 -3.50465590e+00
 3.00344242e+01 -3.50465590e+00
 3.00344242e+01 -3.50465590e+00
 3.00344242e+01 -3.50465590e+00
 3.00344242e+01 -3.50465590e+00
 3.00344242e+01 -3.50465590e+00
 3.00344242e+01 -3.50465590e+00
 3.00344242e+01 -3.50465590e+00
 3.00344242e+01 -3.50465590e+00
 3.00344242e+01 -3.50465590e+00
 3.00344242e+01 -3.50465590e+00
 3.00344242e+01 -3.50465590e+00
 3.00344242e+01 -3.50465590e+00
 3.00344242e+01 -3.50465590e+00
 3.00344242e+01 -3.50465590e+00
 3.00344242e+01 -3.50465590e+00
 3.00344242e+01 -3.50465590e+00
 3.00344242e+01 -3.50465590e+00
