 0.00000000e+00 0.00000000e+00
 0.00000000e+00 0.00000000e+00
 0.00000000e+00 0.00000000e+00
 0.00000000e+00 0.00000000e+00
 0.00000000e+00 0.00000000e+00
 0.00000000e+00 0.00000000e+00
 0.00000000e+00 0.00000000e+00
 0.00000000e+00 0.00000000e+00
 0.00000000e+00 0.00000000e+00
 0.00000000e+00 0.00000000e+00
 -7.28690730e-02 -1.43797166e-01
 -1.68408745e-01 -3.52358173e-01
 -2.81488850e-01 -6.37118548e-01
 -4.03882368e-01 -1.01361304e+00
 -5.23797163e-01 -1.50215272e+00
 -6.26131236e-01 -2.12455059e+00
 -6.95273495e-01 -2.89851279e+00
 -7.18944972e-01 -3.83211687e+00
 -6.90153609e-01 -4.92035765e+00
 -6.06589904e-01 -6.14463313e+00
 -4.69128467e-01 -7.47471440e+00
 -2.80983059e-01 -8.87193874e+00
 -4.76977272e-02 -1.02925505e+01
 2.22730244e-01 -1.16909278e+01
 5.20343238e-01 -1.30229580e+01
 8.34545594e-01 -1.42495850e+01
 1.15580144e+00 -1.53399426e+01
 1.47703770e+00 -1.62731704e+01
 1.79457366e+00 -1.70383010e+01
 2.10895182e+00 -1.76323324e+01
 2.42580051e+00 -1.80572462e+01
 2.75621335e+00 -1.83169339e+01
 3.11614487e+00 -1.84148483e+01
 3.52485734e+00 -1.83528458e+01
 4.00271299e+00 -1.81312466e+01
 4.56868250e+00 -1.77497387e+01
 5.23811015e+00 -1.72085535e+01
 6.02109798e+00 -1.65096334e+01
 6.92128719e+00 -1.56581711e+01
 7.93459549e+00 -1.46648991e+01
 9.04798152e+00 -1.35484082e+01
 1.02390076e+01 -1.23359518e+01
 1.14770388e+01 -1.10620098e+01
 1.27260561e+01 -9.76549597e+00
 1.39480448e+01 -8.48704906e+00
 1.51059035e+01 -7.26687085e+00
 1.61658246e+01 -6.14235896e+00
 1.70999062e+01 -5.14493314e+00
 1.78892154e+01 -4.29686408e+00
 1.85261238e+01 -3.60974560e+00
 1.90142761e+01 -3.08561324e+00
 1.93658036e+01 -2.72054297e+00
 1.95969355e+01 -2.50957331e+00
 1.97236011e+01 -2.45099824e+00
 1.97582956e+01 -2.54818476e+00
 1.97089706e+01 -2.80867890e+00
 1.95796797e+01 -3.24210919e+00
 1.93716089e+01 -3.85835642e+00
 1.90834029e+01 -4.66598902e+00
 1.87111360e+01 -5.67011231e+00
 1.82488116e+01 -6.86959351e+00
 1.76893438e+01 -8.25517620e+00
 1.70251916e+01 -9.81032872e+00
 1.62483399e+01 -1.15148606e+01
 1.53504102e+01 -1.33490403e+01
 1.43237681e+01 -1.52956512e+01
 1.31633257e+01 -1.73392900e+01
 1.18678898e+01 -1.94641512e+01
 1.04405451e+01 -2.16520209e+01
 8.88860034e+00 -2.38815531e+01
 7.22340082e+00 -2.61291064e+01
 5.45923081e+00 -2.83708479e+01
 3.61052136e+00 -3.05852634e+01
 1.68821913e+00 -3.27547994e+01
 -3.02287849e-01 -3.48657858e+01
 -2.35972746e+00 -3.69070502e+01
 -4.48238614e+00 -3.88684795e+01
 -6.66331995e+00 -4.07404299e+01
 -8.88857397e+00 -4.25140012e+01
 -1.11391627e+01 -4.41816063e+01
 -1.33944571e+01 -4.57371702e+01
 -1.56340873e+01 -4.71756270e+01
 -1.78377834e+01 -4.84919995e+01
 -1.99848487e+01 -4.96807290e+01
 -2.20547848e+01 -5.07355624e+01
 -2.40286986e+01 -5.16495455e+01
 -2.58901471e+01 -5.24147699e+01
 -2.76254128e+01 -5.30232727e+01
 -2.92253409e+01 -5.34721293e+01
 -3.06904573e+01 -5.37732099e+01
 -3.20367198e+01 -5.39607414e+01
 -3.32953363e+01 -5.40863085e+01
 -3.45034291e+01 -5.42003179e+01
 -3.56913340e+01 -5.43335150e+01
 -3.68759040e+01 -5.44928808e+01
 -3.80626052e+01 -5.46713357e+01
 -3.92514446e+01 -5.48595075e+01
 -4.04413192e+01 -5.50513628e+01
 -4.16315342e+01 -5.52442837e+01
 -4.28218313e+01 -5.54374425e+01
 -4.40121434e+01 -5.56306425e+01
 -4.52024575e+01 -5.58238480e+01
 -4.63927701e+01 -5.60170539e+01
 -4.75830671e+01 -5.62102572e+01
 -4.87732449e+01 -5.64034412e+01
 -4.99627141e+01 -5.65965101e+01
 -5.11488733e+01 -5.67890419e+01
 -5.23228815e+01 -5.69796013e+01
 -5.34617704e+01 -5.71644603e+01
 -5.45206325e+01 -5.73363298e+01
 -5.54355301e+01 -5.74848316e+01
 -5.61457514e+01 -5.76001113e+01
 -5.61457514e+01 -5.76001113e+01
 -5.61457514e+01 -5.76001113e+01
 -5.61457514e+01 -5.76001113e+01
 -5.61457514e+01 -5.76001113e+01
 -5.61457514e+01 -5.76001113e+01
 -5.61457514e+01 -5.76001113e+01
 -5.61457514e+01 -5.76001113e+01
 -5.61457514e+01 -5.76001113e+01
 -5.61457514e+01 -5.76001113e+01
 -5.61457514e+01 -5.76001113e+01
 -5.61457514e+01 -5.76001113e+01
 -5.61457514e+01 -5.76001113e+01
 -5.61457514e+01 -5.76001113e+01
 -5.61457514e+01 -5.76001113e+01
 -5.61457514e+01 -5.76001113e+01
 -5.61457514e+01 -5.76001113e+01
 -5.61457514e+01 -5.76001113e+01
 -5.61457514e+01 -5.76001113e+01
 -5.61457514e+01 -5.76001113e+01
 -5.61457514e+01 -5.76001113e+01
 -5.61457514e+01 -5.76001113e+01
 -5.61457514e+01 -5.76001113e+01
 -5.61457514e+01 -5.76001113e+01
 -5.61457514e+01 -5.76001113e+01
 -5.61457514e+01 -5.76001113e+01
 -5.61457514e+01 -5.76001113e+01
 -5.61457514e+01 -5.76001113e+01
 -5.61457514e+01 -5.76001113e+01
 -5.61457514e+01 -5.76001113e+01
 -5.61457514e+01 -5.76001113e+01
 -5.61457514e+01 -5.76001113e+01
 -5.61457514e+01 -5.76001113e+01
 -5.61457514e+01 -5.76001113e+01
 -5.61457514e+01 -5.76001113e+01
 -5.61457514e+01 -5.76001113e+01
 -5.61457514e+01 -5.76001113e+01
 -5.61457514e+01 -5.76001113e+01
 -5.61457514e+01 -5.76001113e+01
 -5.61457514e+01 -5.76001113e+01
 -5.61457514e+01 -5.76001113e+01
 -5.61457514e+01 -5.76001113e+01
 -5.61457514e+01 -5.76001113e+01
 -5.61457514e+01 -5.76001113e+01
 -5.61457514e+01 -5.76001113e+01
 -5.61457514e+01 -5.76001113e+01
 -5.61457514e+01 -5.76001113e+01
 -5.61457514e+01 -5.76001113e+01
 -5.61457514e+01 -5.76001113e+01
 -5.61457514e+01 -5.76001113e+01
 -5.61457514e+01 -5.76001113e+01
 -5.61457514e+01 -5.76001113e+01
