 0.00000000e+00 0.00000000e+00
 0.00000000e+00 0.00000000e+00
 0.00000000e+00 0.00000000e+00
 0.00000000e+00 0.00000000e+00
 0.00000000e+00 0.00000000e+00
 0.00000000e+00 0.00000000e+00
 0.00000000e+00 0.00000000e+00
 0.00000000e+00 0.00000000e+00
 0.00000000e+00 0.00000000e+00
 0.00000000e+00 0.00000000e+00
 0.00000000e+00 0.00000000e+00
 -2.52951607e-02 1.65729003e-01
 -7.13204844e-02 3.72781450e-01
 -1.44092072e-01 6.02889994e-01
 -2.47363998e-01 8.37615007e-01
 -3.83350557e-01 1.06401809e+00
 -5.54224604e-01 1.27554649e+00
 -7.63071230e-01 1.47026848e+00
 -1.01409928e+00 1.64880169e+00
 -1.31242813e+00 1.81261826e+00
 -1.66354586e+00 1.96263078e+00
 -2.07261876e+00 2.09820446e+00
 -2.54393604e+00 2.21690884e+00
 -3.08045156e+00 2.31482449e+00
 -3.68336152e+00 2.38641242e+00
 -4.35209341e+00 2.42305942e+00
 -5.08499581e+00 2.41125903e+00
 -5.88027725e+00 2.33298198e+00
 -6.73632566e+00 2.16905150e+00
 -7.65095410e+00 1.90296358e+00
 -8.61998648e+00 1.52254393e+00
 -9.63609111e+00 1.01993638e+00
 -1.06882984e+01 3.91875692e-01
 -1.17618262e+01 -3.59193187e-01
 -1.28377800e+01 -1.22392329e+00
 -1.38928196e+01 -2.18545824e+00
 -1.48992076e+01 -3.21960310e+00
 -1.58257964e+01 -4.29596958e+00
 -1.66403957e+01 -5.38029939e+00
 -1.73131729e+01 -6.43761699e+00
 -1.78197261e+01 -7.43511582e+00
 -1.81425115e+01 -8.34367099e+00
 -1.82707297e+01 -9.13777938e+00
 -1.82000367e+01 -9.79460520e+00
 -1.79326707e+01 -1.02928921e+01
 -1.74768385e+01 -1.06121543e+01
 -1.68445537e+01 -1.07324397e+01
 -1.60492869e+01 -1.06350738e+01
 -1.51051671e+01 -1.03046787e+01
 -1.40275843e+01 -9.73207235e+00
 -1.28338135e+01 -8.91677114e+00
 -1.15427981e+01 -7.86774962e+00
 -1.01741161e+01 -6.60217740e+00
 -8.74647749e+00 -5.14285775e+00
 -7.27613009e+00 -3.51492782e+00
 -5.77559373e+00 -1.74183082e+00
 -4.25302821e+00 1.58939426e-01
 -2.71224710e+00 2.17860856e+00
 -1.15335938e+00 4.31648863e+00
 4.25616330e-01 6.57560448e+00
 2.02575751e+00 8.95638850e+00
 3.64322473e+00 1.14510025e+01
 5.26560646e+00 1.40396068e+01
 6.87018521e+00 1.66882282e+01
 8.42480724e+00 1.93477489e+01
 9.89084652e+00 2.19549025e+01
 1.12270767e+01 2.44368603e+01
 1.23933271e+01 2.67193256e+01
 1.33532732e+01 2.87351865e+01
 1.40762452e+01 3.04298145e+01
 1.45384473e+01 3.17616641e+01
 1.47242891e+01 3.27007195e+01
 1.46281325e+01 3.32284389e+01
 1.42557877e+01 3.33398512e+01
 1.36245888e+01 3.30448487e+01
 1.27615875e+01 3.23657785e+01
 1.17007091e+01 3.13320180e+01
 1.04802900e+01 2.99753141e+01
 9.14147958e+00 2.83290457e+01
 7.72662424e+00 2.64308116e+01
 6.27685319e+00 2.43246169e+01
 4.82951980e+00 2.20596673e+01
 3.41671275e+00 1.96863803e+01
 2.06507542e+00 1.72526367e+01
 7.96303730e-01 1.48024151e+01
 -3.72134471e-01 1.23764292e+01
 -1.42613151e+00 1.00128478e+01
 -2.35406645e+00 7.74660206e+00
 -3.14626338e+00 5.60738002e+00
 -3.79504793e+00 3.61773545e+00
 -4.29536712e+00 1.79279833e+00
 -4.64546510e+00 1.41931060e-01
 -4.84667207e+00 -1.32869638e+00
 -4.90180245e+00 -2.61410540e+00
 -4.81318770e+00 -3.70980556e+00
 -4.58202931e+00 -4.61187710e+00
 -4.20916788e+00 -5.31683848e+00
 -3.69587225e+00 -5.82108272e+00
 -3.04412878e+00 -6.12082201e+00
 -2.25733374e+00 -6.21355311e+00
 -1.34199778e+00 -6.10088897e+00
 -3.09835635e-01 -5.79147022e+00
 8.20958282e-01 -5.30260578e+00
 2.02601109e+00 -4.66010852e+00
 3.27656656e+00 -3.89659723e+00
 4.54225600e+00 -3.04872789e+00
 5.79455122e+00 -2.15361776e+00
 7.01082598e+00 -1.24471291e+00
 8.17830560e+00 -3.47682420e-01
 9.29597947e+00 5.22589660e-01
 1.03726481e+01 1.36253192e+00
 1.14216548e+01 2.17716154e+00
 1.24553462e+01 2.97517937e+00
 1.34820975e+01 3.76449605e+00
 1.45062859e+01 4.55017063e+00
 1.55297067e+01 5.33463028e+00
 1.65529420e+01 6.11876810e+00
 1.75761413e+01 6.90283846e+00
 1.85993349e+01 7.68689765e+00
 1.96225278e+01 8.47095531e+00
 2.06457192e+01 9.25501175e+00
 2.16688971e+01 1.00390578e+01
 2.26919726e+01 1.08230255e+01
 2.37144389e+01 1.16065262e+01
 2.47340601e+01 1.23878468e+01
 2.57432362e+01 1.31611635e+01
 2.67222237e+01 1.39113472e+01
 2.76324204e+01 1.46088174e+01
 2.84188653e+01 1.52114585e+01
 2.90293708e+01 1.56792798e+01
 2.90293708e+01 1.56792798e+01
 2.90293708e+01 1.56792798e+01
 2.90293708e+01 1.56792798e+01
 2.90293708e+01 1.56792798e+01
 2.90293708e+01 1.56792798e+01
 2.90293708e+01 1.56792798e+01
 2.90293708e+01 1.56792798e+01
 2.90293708e+01 1.56792798e+01
 2.90293708e+01 1.56792798e+01
 2.90293708e+01 1.56792798e+01
 2.90293708e+01 1.56792798e+01
 2.90293708e+01 1.56792798e+01
 2.90293708e+01 1.56792798e+01
 2.90293708e+01 1.56792798e+01
 2.90293708e+01 1.56792798e+01
 2.90293708e+01 1.56792798e+01
 2.90293708e+01 1.56792798e+01
 2.90293708e+01 1.56792798e+01
 2.90293708e+01 1.56792798e+01
 2.90293708e+01 1.56792798e+01
 2.90293708e+01 1.56792798e+01
 2.90293708e+01 1.56792798e+01
 2.90293708e+01 1.56792798e+01
 2.90293708e+01 1.56792798e+01
 2.90293708e+01 1.56792798e+01
 2.90293708e+01 1.56792798e+01
 2.90293708e+01 1.56792798e+01
 2.90293708e+01 1.56792798e+01
 2.90293708e+01 1.56792798e+01
 2.90293708e+01 1.56792798e+01
