 0.00000000e+00 0.00000000e+00
 0.00000000e+00 0.00000000e+00
 0.00000000e+00 0.00000000e+00
 0.00000000e+00 0.00000000e+00
 0.00000000e+00 0.00000000e+00
 0.00000000e+00 0.00000000e+00
 0.00000000e+00 0.00000000e+00
 0.00000000e+00 0.00000000e+00
 7.38363750e-02 5.25922616e-02
 1.41935561e-01 9.43791354e-02
 1.84530338e-01 9.63821039e-02
 1.87365628e-01 2.44811849e-02
 1.43354360e-01 -1.55444371e-01
 5.00296901e-02 -4.73116038e-01
 -9.32218711e-02 -9.50603245e-01
 -2.86621060e-01 -1.60092573e+00
 -5.30338287e-01 -2.42844169e+00
 -8.23696724e-01 -3.42944606e+00
 -1.16347429e+00 -4.59154190e+00
 -1.54238733e+00 -5.89248038e+00
 -1.94869983e+00 -7.30068089e+00
 -2.36672292e+00 -8.77848905e+00
 -2.77734590e+00 -1.02866413e+01
 -3.15840175e+00 -1.17872703e+01
 -3.48544211e+00 -1.32443568e+01
 -3.73328772e+00 -1.46230569e+01
 -3.87793858e+00 -1.58900123e+01
 -3.89816245e+00 -1.70151737e+01
 -3.77671748e+00 -1.79739937e+01
 -3.50159966e+00 -1.87486000e+01
 -3.06703136e+00 -1.93274511e+01
 -2.47349359e+00 -1.97041176e+01
 -1.72698825e+00 -1.98763766e+01
 -8.38264505e-01 -1.98463050e+01
 1.77867147e-01 -1.96209129e+01
 1.30325787e+00 -1.92121962e+01
 2.51688932e+00 -1.86361133e+01
 3.79509879e+00 -1.79112251e+01
 5.11234197e+00 -1.70580160e+01
 6.44283246e+00 -1.60990007e+01
 7.76211448e+00 -1.50589018e+01
 9.04769276e+00 -1.39642396e+01
 1.02792658e+01 -1.28422197e+01
 1.14395201e+01 -1.17192515e+01
 1.25152343e+01 -1.06196280e+01
 1.34975501e+01 -9.56475325e+00
 1.43810069e+01 -8.57289589e+00
 1.51623353e+01 -7.65911254e+00
 1.58402059e+01 -6.83505166e+00
 1.64158474e+01 -6.10864320e+00
 1.68934834e+01 -5.48386501e+00
 1.72800050e+01 -4.96079217e+00
 1.75841495e+01 -4.53615674e+00
 1.78155986e+01 -4.20476120e+00
 1.79839344e+01 -3.96208533e+00
 1.80966925e+01 -3.80795402e+00
 1.81560170e+01 -3.75019116e+00
 1.81556839e+01 -3.80633973e+00
 1.80818311e+01 -4.00174383e+00
 1.79177992e+01 -4.36422032e+00
 1.76490009e+01 -4.91805624e+00
 1.72643796e+01 -5.68036024e+00
 1.67558287e+01 -6.66008167e+00
 1.61186907e+01 -7.85750333e+00
 1.53535027e+01 -9.26281247e+00
 1.44666798e+01 -1.08551923e+01
 1.34688698e+01 -1.26050847e+01
 1.23719166e+01 -1.44802294e+01
 1.11859420e+01 -1.64526490e+01
 9.91738270e+00 -1.85024317e+01
 8.56833016e+00 -2.06166040e+01
 7.13727785e+00 -2.27851784e+01
 5.62088262e+00 -2.49977774e+01
 4.01580964e+00 -2.72423938e+01
 2.31958031e+00 -2.95055526e+01
 5.30035386e-01 -3.17726570e+01
 -1.35552050e+00 -3.40282897e+01
 -3.33973361e+00 -3.62570106e+01
 -5.42270966e+00 -3.84447131e+01
 -7.59898763e+00 -4.05796177e+01
 -9.85561339e+00 -4.26519619e+01
 -1.21719468e+01 -4.46525029e+01
 -1.45210156e+01 -4.65707261e+01
 -1.68717637e+01 -4.83934515e+01
 -1.91911663e+01 -5.01039768e+01
 -2.14454665e+01 -5.16817370e+01
 -2.36009925e+01 -5.31027251e+01
 -2.56260225e+01 -5.43414361e+01
 -2.74948603e+01 -5.53757541e+01
 -2.91939794e+01 -5.61961357e+01
 -3.07283952e+01 -5.68173587e+01
 -3.21243734e+01 -5.72848288e+01
 -3.34240710e+01 -5.76654459e+01
 -3.46722446e+01 -5.80237890e+01
 -3.59025362e+01 -5.83998145e+01
 -3.71320627e+01 -5.88041722e+01
 -3.83653756e+01 -5.92299262e+01
 -3.96015965e+01 -5.96667275e+01
 -4.08391256e+01 -6.01077485e+01
 -4.20770703e+01 -6.05499960e+01
 -4.33151133e+01 -6.09925181e+01
 -4.45531740e+01 -6.14350879e+01
 -4.57912370e+01 -6.18776640e+01
 -4.70292986e+01 -6.23202402e+01
 -4.82673438e+01 -6.27628106e+01
 -4.95052652e+01 -6.32053368e+01
 -5.07424494e+01 -6.36475994e+01
 -5.19761910e+01 -6.40886314e+01
 -5.31972941e+01 -6.45251454e+01
 -5.43818690e+01 -6.49486015e+01
 -5.54832070e+01 -6.53423024e+01
 -5.64348053e+01 -6.56824752e+01
 -5.71735170e+01 -6.59465463e+01
 -5.71735170e+01 -6.59465463e+01
 -5.71735170e+01 -6.59465463e+01
 -5.71735170e+01 -6.59465463e+01
 -5.71735170e+01 -6.59465463e+01
 -5.71735170e+01 -6.59465463e+01
 -5.71735170e+01 -6.59465463e+01
 -5.71735170e+01 -6.59465463e+01
 -5.71735170e+01 -6.59465463e+01
 -5.71735170e+01 -6.59465463e+01
 -5.71735170e+01 -6.59465463e+01
 -5.71735170e+01 -6.59465463e+01
 -5.71735170e+01 -6.59465463e+01
 -5.71735170e+01 -6.59465463e+01
 -5.71735170e+01 -6.59465463e+01
 -5.71735170e+01 -6.59465463e+01
 -5.71735170e+01 -6.59465463e+01
 -5.71735170e+01 -6.59465463e+01
 -5.71735170e+01 -6.59465463e+01
 -5.71735170e+01 -6.59465463e+01
 -5.71735170e+01 -6.59465463e+01
 -5.71735170e+01 -6.59465463e+01
 -5.71735170e+01 -6.59465463e+01
 -5.71735170e+01 -6.59465463e+01
 -5.71735170e+01 -6.59465463e+01
 -5.71735170e+01 -6.59465463e+01
 -5.71735170e+01 -6.59465463e+01
 -5.71735170e+01 -6.59465463e+01
 -5.71735170e+01 -6.59465463e+01
 -5.71735170e+01 -6.59465463e+01
 -5.71735170e+01 -6.59465463e+01
 -5.71735170e+01 -6.59465463e+01
 -5.71735170e+01 -6.59465463e+01
 -5.71735170e+01 -6.59465463e+01
 -5.71735170e+01 -6.59465463e+01
 -5.71735170e+01 -6.59465463e+01
 -5.71735170e+01 -6.59465463e+01
 -5.71735170e+01 -6.59465463e+01
 -5.71735170e+01 -6.59465463e+01
 -5.71735170e+01 -6.59465463e+01
 -5.71735170e+01 -6.59465463e+01
 -5.71735170e+01 -6.59465463e+01
 -5.71735170e+01 -6.59465463e+01
 -5.71735170e+01 -6.59465463e+01
 -5.71735170e+01 -6.59465463e+01
 -5.71735170e+01 -6.59465463e+01
 -5.71735170e+01 -6.59465463e+01
 -5.71735170e+01 -6.59465463e+01
 -5.71735170e+01 -6.59465463e+01
 -5.71735170e+01 -6.59465463e+01
 -5.71735170e+01 -6.59465463e+01
