 0.00000000e+00 0.00000000e+00
 0.00000000e+00 0.00000000e+00
 0.00000000e+00 0.00000000e+00
 0.00000000e+00 0.00000000e+00
 -1.67785157e-02 3.04963945e-02
 -5.45281893e-02 6.20028820e-02
 -1.25508380e-01 8.32519575e-02
 -2.39087448e-01 7.73818226e-02
 -3.97713284e-01 2.09806477e-02
 -5.97693131e-01 -1.16258491e-01
 -8.34351392e-01 -3.69698721e-01
 -1.10665535e+00 -7.75793110e-01
 -1.41759345e+00 -1.36762700e+00
 -1.77131358e+00 -2.17112024e+00
 -2.17017607e+00 -3.20190455e+00
 -2.61334072e+00 -4.46283406e+00
 -3.09658449e+00 -5.94245714e+00
 -3.61255483e+00 -7.61475920e+00
 -4.15108083e+00 -9.44035778e+00
 -4.69959727e+00 -1.13692198e+01
 -5.24364235e+00 -1.33446840e+01
 -5.76717671e+00 -1.53081627e+01
 -6.25293160e+00 -1.72036258e+01
 -6.68351518e+00 -1.89811262e+01
 -7.04340263e+00 -2.05992224e+01
 -7.32077905e+00 -2.20266405e+01
 -7.50805805e+00 -2.32433727e+01
 -7.60096725e+00 -2.42409108e+01
 -7.59709648e+00 -2.50210956e+01
 -7.49473562e+00 -2.55933742e+01
 -7.29212441e+00 -2.59709957e+01
 -6.98694634e+00 -2.61673236e+01
 -6.57613004e+00 -2.61933108e+01
 -6.05616264e+00 -2.60564621e+01
 -5.42404564e+00 -2.57612254e+01
 -4.67889530e+00 -2.53107633e+01
 -3.82386762e+00 -2.47097278e+01
 -2.86765145e+00 -2.39670398e+01
 -1.82469929e+00 -2.30974807e+01
 -7.13803359e-01 -2.21214365e+01
 4.44798571e-01 -2.10629584e+01
 1.63316326e+00 -1.99468843e+01
 2.83922563e+00 -1.87959114e+01
 4.05894552e+00 -1.76284341e+01
 5.29591463e+00 -1.64577505e+01
 6.55820610e+00 -1.52927502e+01
 7.85357830e+00 -1.41395666e+01
 9.18494747e+00 -1.30035406e+01
 1.05473988e+01 -1.18911903e+01
 1.19265741e+01 -1.08120427e+01
 1.32978766e+01 -9.77989811e+00
 1.46270090e+01 -8.81278466e+00
 1.58732542e+01 -7.93106999e+00
 1.69959204e+01 -7.15415453e+00
 1.79618882e+01 -6.49726788e+00
 1.87505412e+01 -5.97019121e+00
 1.93536388e+01 -5.57891101e+00
 1.97710490e+01 -5.32948483e+00
 2.00055339e+01 -5.23157621e+00
 2.00593882e+01 -5.29896006e+00
 1.99340744e+01 -5.54675123e+00
 1.96320983e+01 -5.98795190e+00
 1.91587414e+01 -6.63176519e+00
 1.85220472e+01 -7.48326518e+00
 1.77324257e+01 -8.54228625e+00
 1.68038210e+01 -9.80079381e+00
 1.57554400e+01 -1.12405510e+01
 1.46112326e+01 -1.28337958e+01
 1.33961391e+01 -1.45478887e+01
 1.21308989e+01 -1.63518357e+01
 1.08280363e+01 -1.82211113e+01
 9.49046519e+00 -2.01388577e+01
 8.11251328e+00 -2.20944221e+01
 6.68224929e+00 -2.40813376e+01
 5.18398181e+00 -2.60958424e+01
 3.60029006e+00 -2.81358504e+01
 1.91352879e+00 -3.02001646e+01
 1.07117411e-01 -3.22880498e+01
 -1.83321429e+00 -3.43992482e+01
 -3.91853067e+00 -3.65341506e+01
 -6.15640345e+00 -3.86936154e+01
 -8.55053659e+00 -4.08782128e+01
 -1.10989669e+01 -4.30870954e+01
 -1.37904952e+01 -4.53165293e+01
 -1.66008616e+01 -4.75576195e+01
 -1.94909984e+01 -4.97931772e+01
 -2.24086871e+01 -5.19950620e+01
 -2.52928846e+01 -5.41239215e+01
 -2.80786525e+01 -5.61319070e+01
 -3.07015261e+01 -5.79670645e+01
 -3.31021200e+01 -5.95777093e+01
 -3.52318088e+01 -6.09161994e+01
 -3.70582140e+01 -6.19426081e+01
 -3.85682423e+01 -6.26292008e+01
 -3.97684323e+01 -6.29668150e+01
 -4.06850798e+01 -6.29738063e+01
 -4.13657509e+01 -6.27047412e+01
 -4.18782838e+01 -6.22496653e+01
 -4.23000971e+01 -6.17144844e+01
 -4.26980536e+01 -6.11873991e+01
 -4.31114546e+01 -6.07135347e+01
 -4.35506717e+01 -6.02957374e+01
 -4.40094237e+01 -5.99155033e+01
 -4.44782477e+01 -5.95535853e+01
 -4.49509129e+01 -5.91984361e+01
 -4.54246931e+01 -5.88452133e+01
 -4.58987228e+01 -5.84924158e+01
 -4.63727957e+01 -5.81396913e+01
 -4.68468743e+01 -5.77869766e+01
 -4.73209530e+01 -5.74342635e+01
 -4.77950254e+01 -5.70815551e+01
 -4.82690504e+01 -5.67288819e+01
 -4.87427931e+01 -5.63764188e+01
 -4.92152176e+01 -5.60249365e+01
 -4.96828025e+01 -5.56770548e+01
 -5.01364000e+01 -5.53395796e+01
 -5.05581245e+01 -5.50258179e+01
 -5.09225106e+01 -5.47547158e+01
 -5.12053782e+01 -5.45442632e+01
 -5.12053782e+01 -5.45442632e+01
 -5.12053782e+01 -5.45442632e+01
 -5.12053782e+01 -5.45442632e+01
 -5.12053782e+01 -5.45442632e+01
 -5.12053782e+01 -5.45442632e+01
 -5.12053782e+01 -5.45442632e+01
 -5.12053782e+01 -5.45442632e+01
 -5.12053782e+01 -5.45442632e+01
 -5.12053782e+01 -5.45442632e+01
 -5.12053782e+01 -5.45442632e+01
 -5.12053782e+01 -5.45442632e+01
 -5.12053782e+01 -5.45442632e+01
 -5.12053782e+01 -5.45442632e+01
 -5.12053782e+01 -5.45442632e+01
 -5.12053782e+01 -5.45442632e+01
 -5.12053782e+01 -5.45442632e+01
 -5.12053782e+01 -5.45442632e+01
 -5.12053782e+01 -5.45442632e+01
 -5.12053782e+01 -5.45442632e+01
 -5.12053782e+01 -5.45442632e+01
 -5.12053782e+01 -5.45442632e+01
 -5.12053782e+01 -5.45442632e+01
 -5.12053782e+01 -5.45442632e+01
 -5.12053782e+01 -5.45442632e+01
 -5.12053782e+01 -5.45442632e+01
 -5.12053782e+01 -5.45442632e+01
 -5.12053782e+01 -5.45442632e+01
 -5.12053782e+01 -5.45442632e+01
 -5.12053782e+01 -5.45442632e+01
 -5.12053782e+01 -5.45442632e+01
 -5.12053782e+01 -5.45442632e+01
 -5.12053782e+01 -5.45442632e+01
 -5.12053782e+01 -5.45442632e+01
 -5.12053782e+01 -5.45442632e+01
 -5.12053782e+01 -5.45442632e+01
 -5.12053782e+01 -5.45442632e+01
 -5.12053782e+01 -5.45442632e+01
 -5.12053782e+01 -5.45442632e+01
 -5.12053782e+01 -5.45442632e+01
 -5.12053782e+01 -5.45442632e+01
 -5.12053782e+01 -5.45442632e+01
 -5.12053782e+01 -5.45442632e+01
 -5.12053782e+01 -5.45442632e+01
 -5.12053782e+01 -5.45442632e+01
