 0.00000000e+00 0.00000000e+00
 0.00000000e+00 0.00000000e+00
 0.00000000e+00 0.00000000e+00
 0.00000000e+00 0.00000000e+00
 -1.00962909e-01 6.67045911e-02
 -2.37298552e-01 1.28608075e-01
 -4.08229888e-01 1.61028542e-01
 -6.13579680e-01 1.36402721e-01
 -8.54571312e-01 2.66508480e-02
 -1.13286425e+00 -1.95631410e-01
 -1.44920324e+00 -5.55041699e-01
 -1.80243562e+00 -1.07052485e+00
 -2.18900139e+00 -1.75337033e+00
 -2.60306328e+00 -2.60655875e+00
 -3.03740116e+00 -3.62490119e+00
 -3.48462215e+00 -4.79559057e+00
 -3.93794890e+00 -6.09934003e+00
 -4.39141937e+00 -7.51238073e+00
 -4.83992642e+00 -9.00916924e+00
 -5.27930557e+00 -1.05650051e+01
 -5.70615087e+00 -1.21573855e+01
 -6.11701904e+00 -1.37653280e+01
 -6.50717390e+00 -1.53670845e+01
 -6.86949668e+00 -1.69378319e+01
 -7.19419790e+00 -1.84489776e+01
 -7.46965586e+00 -1.98696152e+01
 -7.68439246e+00 -2.11695231e+01
 -7.82942892e+00 -2.23225354e+01
 -7.89911734e+00 -2.33090034e+01
 -7.88921319e+00 -2.41165217e+01
 -7.79410641e+00 -2.47391055e+01
 -7.60651744e+00 -2.51756821e+01
 -7.31978961e+00 -2.54286112e+01
 -6.92976178e+00 -2.55025457e+01
 -6.43461739e+00 -2.54037913e+01
 -5.83413296e+00 -2.51402542e+01
 -5.12999766e+00 -2.47219164e+01
 -4.32710207e+00 -2.41615516e+01
 -3.43461664e+00 -2.34751110e+01
 -2.46586021e+00 -2.26812211e+01
 -1.43672848e+00 -2.17996916e+01
 -3.63341520e-01 -2.08494665e+01
 7.39998136e-01 -1.98466004e+01
 1.86186309e+00 -1.88026593e+01
 2.99388039e+00 -1.77238429e+01
 4.13047258e+00 -1.66112711e+01
 5.26820704e+00 -1.54628474e+01
 6.40419822e+00 -1.42765994e+01
 7.53329648e+00 -1.30546888e+01
 8.64515123e+00 -1.18067894e+01
 9.72299138e+00 -1.05516406e+01
 1.07449623e+01 -9.31627865e+00
 1.16872934e+01 -8.13317425e+00
 1.25279429e+01 -7.03594647e+00
 1.32496430e+01 -6.05471354e+00
 1.38419406e+01 -5.21224349e+00
 1.43025667e+01 -4.52149495e+00
 1.46385021e+01 -3.98450323e+00
 1.48659217e+01 -3.59256903e+00
 1.50072080e+01 -3.32795780e+00
 1.50847643e+01 -3.16745317e+00
 1.51145535e+01 -3.08818170e+00
 1.51030441e+01 -3.07523668e+00
 1.50483627e+01 -3.12824530e+00
 1.49435175e+01 -3.26279102e+00
 1.47793943e+01 -3.50552202e+00
 1.45468755e+01 -3.88647317e+00
 1.42385571e+01 -4.43310129e+00
 1.38502480e+01 -5.16729398e+00
 1.33818239e+01 -6.10386410e+00
 1.28370674e+01 -7.24919245e+00
 1.22225111e+01 -8.59997870e+00
 1.15455270e+01 -1.01428286e+01
 1.08120198e+01 -1.18554358e+01
 1.00240474e+01 -1.37095556e+01
 9.17774049e+00 -1.56751918e+01
 8.26220095e+00 -1.77247479e+01
 7.26010299e+00 -1.98355940e+01
 6.15001802e+00 -2.19902917e+01
 4.90952913e+00 -2.41755805e+01
 3.51764984e+00 -2.63822988e+01
 1.95532000e+00 -2.86072497e+01
 2.04005445e-01 -3.08557562e+01
 -1.75602208e+00 -3.31424463e+01
 -3.94547659e+00 -3.54883688e+01
 -6.38225146e+00 -3.79144814e+01
 -9.07406226e+00 -4.04339383e+01
 -1.20100274e+01 -4.30464838e+01
 -1.51551970e+01 -4.57363587e+01
 -1.84508705e+01 -4.84724779e+01
 -2.18202392e+01 -5.12091314e+01
 -2.51761598e+01 -5.38870519e+01
 -2.84280277e+01 -5.64363087e+01
 -3.14874444e+01 -5.87824267e+01
 -3.42747605e+01 -6.08550247e+01
 -3.67277055e+01 -6.25959241e+01
 -3.88096033e+01 -6.39639123e+01
 -4.05125825e+01 -6.49364276e+01
 -4.18545085e+01 -6.55116962e+01
 -4.28742727e+01 -6.57151102e+01
 -4.36304342e+01 -6.56082850e+01
 -4.42001783e+01 -6.52899756e+01
 -4.46692873e+01 -6.48764787e+01
 -4.51114733e+01 -6.44656034e+01
 -4.55701998e+01 -6.41085730e+01
 -4.60571240e+01 -6.38102796e+01
 -4.65654872e+01 -6.35517871e+01
 -4.70849322e+01 -6.33128020e+01
 -4.76086105e+01 -6.30810451e+01
 -4.81335191e+01 -6.28513485e+01
 -4.86587031e+01 -6.26221071e+01
 -4.91839350e+01 -6.23929440e+01
 -4.97091732e+01 -6.21637913e+01
 -5.02344114e+01 -6.19346401e+01
 -5.07596427e+01 -6.17054919e+01
 -5.12848215e+01 -6.14763667e+01
 -5.18096875e+01 -6.12473779e+01
 -5.23330931e+01 -6.10190264e+01
 -5.28511368e+01 -6.07930140e+01
 -5.33536837e+01 -6.05737626e+01
 -5.38209180e+01 -6.03699175e+01
 -5.42246264e+01 -6.01937874e+01
 -5.45380192e+01 -6.00570603e+01
 -5.45380192e+01 -6.00570603e+01
 -5.45380192e+01 -6.00570603e+01
 -5.45380192e+01 -6.00570603e+01
 -5.45380192e+01 -6.00570603e+01
 -5.45380192e+01 -6.00570603e+01
 -5.45380192e+01 -6.00570603e+01
 -5.45380192e+01 -6.00570603e+01
 -5.45380192e+01 -6.00570603e+01
 -5.45380192e+01 -6.00570603e+01
 -5.45380192e+01 -6.00570603e+01
 -5.45380192e+01 -6.00570603e+01
 -5.45380192e+01 -6.00570603e+01
 -5.45380192e+01 -6.00570603e+01
 -5.45380192e+01 -6.00570603e+01
 -5.45380192e+01 -6.00570603e+01
 -5.45380192e+01 -6.00570603e+01
 -5.45380192e+01 -6.00570603e+01
 -5.45380192e+01 -6.00570603e+01
 -5.45380192e+01 -6.00570603e+01
 -5.45380192e+01 -6.00570603e+01
 -5.45380192e+01 -6.00570603e+01
 -5.45380192e+01 -6.00570603e+01
 -5.45380192e+01 -6.00570603e+01
 -5.45380192e+01 -6.00570603e+01
 -5.45380192e+01 -6.00570603e+01
 -5.45380192e+01 -6.00570603e+01
 -5.45380192e+01 -6.00570603e+01
 -5.45380192e+01 -6.00570603e+01
 -5.45380192e+01 -6.00570603e+01
 -5.45380192e+01 -6.00570603e+01
 -5.45380192e+01 -6.00570603e+01
 -5.45380192e+01 -6.00570603e+01
 -5.45380192e+01 -6.00570603e+01
 -5.45380192e+01 -6.00570603e+01
 -5.45380192e+01 -6.00570603e+01
 -5.45380192e+01 -6.00570603e+01
 -5.45380192e+01 -6.00570603e+01
 -5.45380192e+01 -6.00570603e+01
 -5.45380192e+01 -6.00570603e+01
 -5.45380192e+01 -6.00570603e+01
