 0.00000000e+00 0.00000000e+00
 0.00000000e+00 0.00000000e+00
 0.00000000e+00 0.00000000e+00
 0.00000000e+00 0.00000000e+00
 0.00000000e+00 0.00000000e+00
 0.00000000e+00 0.00000000e+00
 0.00000000e+00 0.00000000e+00
 0.00000000e+00 0.00000000e+00
 0.00000000e+00 0.00000000e+00
 0.00000000e+00 0.00000000e+00
 0.00000000e+00 0.00000000e+00
 0.00000000e+00 0.00000000e+00
 0.00000000e+00 0.00000000e+00
 0.00000000e+00 0.00000000e+00
 -1.24780820e-01 2.30595117e-01
 -3.06927248e-01 5.16380899e-01
 -5.52007800e-01 8.26923287e-01
 -8.63187885e-01 1.12970716e+00
 -1.24168182e+00 1.39943013e+00
 -1.68641462e+00 1.62010692e+00
 -2.19436047e+00 1.78271038e+00
 -2.76204075e+00 1.88202685e+00
 -3.38696914e+00 1.91393986e+00
 -4.06783105e+00 1.87322225e+00
 -4.80354540e+00 1.75261169e+00
 -5.59229003e+00 1.54385951e+00
 -6.43141250e+00 1.23980973e+00
 -7.31833542e+00 8.35707071e-01
 -8.25172099e+00 3.29119489e-01
 -9.23191252e+00 -2.80701328e-01
 -1.02602423e+01 -9.93176826e-01
 -1.13376197e+01 -1.80646699e+00
 -1.24630829e+01 -2.71767042e+00
 -1.36325222e+01 -3.72320621e+00
 -1.48371981e+01 -4.81874871e+00
 -1.60616743e+01 -5.99795308e+00
 -1.72814556e+01 -7.24999219e+00
 -1.84615144e+01 -8.55715406e+00
 -1.95572113e+01 -9.89427488e+00
 -2.05182162e+01 -1.12306602e+01
 -2.12942989e+01 -1.25330730e+01
 -2.18407955e+01 -1.37675865e+01
 -2.21221113e+01 -1.48996929e+01
 -2.21131550e+01 -1.58941493e+01
 -2.17997172e+01 -1.67161191e+01
 -2.11787237e+01 -1.73333608e+01
 -2.02581968e+01 -1.77178788e+01
 -1.90559795e+01 -1.78460864e+01
 -1.75970537e+01 -1.76982873e+01
 -1.59107668e+01 -1.72590943e+01
 -1.40295152e+01 -1.65195246e+01
 -1.19892370e+01 -1.54801072e+01
 -9.83086730e+00 -1.41536542e+01
 -7.60144452e+00 -1.25663612e+01
 -5.35358720e+00 -1.07562416e+01
 -3.14249869e+00 -8.76866293e+00
 -1.02072581e+00 -6.64999310e+00
 9.67729381e-01 -4.44143564e+00
 2.79179699e+00 -2.17510728e+00
 4.43500917e+00 1.26917798e-01
 5.89477326e+00 2.45136654e+00
 7.18030667e+00 4.79140263e+00
 8.30983900e+00 7.14337887e+00
 9.30689451e+00 9.50245077e+00
 1.01955232e+01 1.18575617e+01
 1.09953858e+01 1.41873865e+01
 1.17183388e+01 1.64588273e+01
 1.23676068e+01 1.86286669e+01
 1.29392869e+01 2.06479273e+01
 1.34249082e+01 2.24676332e+01
 1.38136421e+01 2.40439103e+01
 1.40933865e+01 2.53402869e+01
 1.42507981e+01 2.63267199e+01
 1.42711057e+01 2.69774761e+01
 1.41391035e+01 2.72709069e+01
 1.38421556e+01 2.71918928e+01
 1.33738732e+01 2.67344894e+01
 1.27358072e+01 2.59016959e+01
 1.19362460e+01 2.47021396e+01
 1.09877599e+01 2.31467764e+01
 9.90526524e+00 2.12488387e+01
 8.70478918e+00 1.90269918e+01
 7.40232571e+00 1.65084995e+01
 6.01279249e+00 1.37296056e+01
 4.55008087e+00 1.07337269e+01
 3.02938224e+00 7.57048287e+00
 1.47187354e+00 4.29731653e+00
 -8.99412236e-02 9.82087219e-01
 -1.60905316e+00 -2.29676351e+00
 -3.02525530e+00 -5.45452128e+00
 -4.27136340e+00 -8.40818781e+00
 -5.28258966e+00 -1.10852233e+01
 -6.00588188e+00 -1.34297626e+01
 -6.40600987e+00 -1.54045222e+01
 -6.46684394e+00 -1.69889367e+01
 -6.18889712e+00 -1.81753982e+01
 -5.58551573e+00 -1.89652046e+01
 -4.67883179e+00 -1.93651749e+01
 -3.49510997e+00 -1.93855931e+01
 -2.06007447e+00 -1.90398247e+01
 -3.96625148e-01 -1.83456947e+01
 1.47304589e+00 -1.73286832e+01
 3.52164250e+00 -1.60263199e+01
 5.71071814e+00 -1.44916435e+01
 7.98871142e+00 -1.27927320e+01
 1.02959234e+01 -1.10060976e+01
 1.25761708e+01 -9.20400407e+00
 1.47907226e+01 -7.43952311e+00
 1.69269015e+01 -5.73684569e+00
 1.89955057e+01 -4.09320370e+00
 2.10189135e+01 -2.49096960e+00
 2.30184157e+01 -9.11208462e-01
 2.50078716e+01 6.58964831e-01
 2.69939739e+01 2.22590791e+00
 2.89791889e+01 3.79199125e+00
 3.09642182e+01 5.35789403e+00
 3.29492168e+01 6.92376693e+00
 3.49342113e+01 8.48963577e+00
 3.69192027e+01 1.00555021e+01
 3.89041678e+01 1.16213477e+01
 4.08889343e+01 1.31870366e+01
 4.28725189e+01 1.47517932e+01
 4.48505840e+01 1.63121957e+01
 4.68083856e+01 1.78566132e+01
 4.87076214e+01 1.93548311e+01
 5.04734029e+01 2.07477730e+01
 5.19991061e+01 2.19513285e+01
 5.31834867e+01 2.28856306e+01
 5.31834867e+01 2.28856306e+01
 5.31834867e+01 2.28856306e+01
 5.31834867e+01 2.28856306e+01
 5.31834867e+01 2.28856306e+01
 5.31834867e+01 2.28856306e+01
 5.31834867e+01 2.28856306e+01
 5.31834867e+01 2.28856306e+01
 5.31834867e+01 2.28856306e+01
 5.31834867e+01 2.28856306e+01
 5.31834867e+01 2.28856306e+01
 5.31834867e+01 2.28856306e+01
 5.31834867e+01 2.28856306e+01
 5.31834867e+01 2.28856306e+01
 5.31834867e+01 2.28856306e+01
 5.31834867e+01 2.28856306e+01
 5.31834867e+01 2.28856306e+01
 5.31834867e+01 2.28856306e+01
 5.31834867e+01 2.28856306e+01
 5.31834867e+01 2.28856306e+01
 5.31834867e+01 2.28856306e+01
 5.31834867e+01 2.28856306e+01
 5.31834867e+01 2.28856306e+01
 5.31834867e+01 2.28856306e+01
 5.31834867e+01 2.28856306e+01
 5.31834867e+01 2.28856306e+01
 5.31834867e+01 2.28856306e+01
 5.31834867e+01 2.28856306e+01
 5.31834867e+01 2.28856306e+01
 5.31834867e+01 2.28856306e+01
 5.31834867e+01 2.28856306e+01
 5.31834867e+01 2.28856306e+01
 5.31834867e+01 2.28856306e+01
