 0.00000000e+00 0.00000000e+00
 0.00000000e+00 0.00000000e+00
 0.00000000e+00 0.00000000e+00
 0.00000000e+00 0.00000000e+00
 -1.42927025e-01 1.86737755e-01
 -3.06094849e-01 4.05968981e-01
 -4.64480948e-01 6.27204447e-01
 -5.96610072e-01 8.20808424e-01
 -6.91661222e-01 9.64546362e-01
 -7.49896328e-01 1.04242662e+00
 -7.78429786e-01 1.03959634e+00
 -7.86081233e-01 9.37992249e-01
 -7.80784125e-01 7.15436261e-01
 -7.70850321e-01 3.48284280e-01
 -7.67860504e-01 -1.84362646e-01
 -7.87444996e-01 -8.97105378e-01
 -8.46665151e-01 -1.79609602e+00
 -9.59978313e-01 -2.87773584e+00
 -1.13605547e+00 -4.12764582e+00
 -1.37586759e+00 -5.52016046e+00
 -1.67168617e+00 -7.01928245e+00
 -2.00738237e+00 -8.58178125e+00
 -2.36058540e+00 -1.01618859e+01
 -2.70616375e+00 -1.17158215e+01
 -3.01962588e+00 -1.32045407e+01
 -3.27951781e+00 -1.45945186e+01
 -3.46885018e+00 -1.58579422e+01
 -3.57579463e+00 -1.69735010e+01
 -3.59377536e+00 -1.79275381e+01
 -3.52132070e+00 -1.87143285e+01
 -3.36169425e+00 -1.93347438e+01
 -3.12140440e+00 -1.97937669e+01
 -2.80738615e+00 -2.00979465e+01
 -2.42461930e+00 -2.02535230e+01
 -1.97586747e+00 -2.02653361e+01
 -1.46301508e+00 -2.01365678e+01
 -8.88388664e-01 -1.98695367e+01
 -2.55371177e-01 -1.94673287e+01
 4.31325908e-01 -1.89354404e+01
 1.16535864e+00 -1.82827398e+01
 1.93856889e+00 -1.75216887e+01
 2.74124267e+00 -1.66679999e+01
 3.56284023e+00 -1.57396548e+01
 4.39299346e+00 -1.47552542e+01
 5.22250106e+00 -1.37322308e+01
 6.04400711e+00 -1.26857255e+01
 6.85217426e+00 -1.16284743e+01
 7.64353559e+00 -1.05714273e+01
 8.41633266e+00 -9.52460162e+00
 9.17014650e+00 -8.49792568e+00
 9.90466670e+00 -7.50217129e+00
 1.06174519e+01 -6.54997377e+00
 1.13017521e+01 -5.65633761e+00
 1.19460728e+01 -4.83776769e+00
 1.25362223e+01 -4.10994179e+00
 1.30586604e+01 -3.48500663e+00
 1.35030400e+01 -2.96987524e+00
 1.38631428e+01 -2.56607805e+00
 1.41372166e+01 -2.27079073e+00
 1.43282709e+01 -2.07860693e+00
 1.44430489e+01 -1.98406097e+00
 1.44889980e+01 -1.98460691e+00
 1.44714073e+01 -2.08273361e+00
 1.43930911e+01 -2.28572565e+00
 1.42558245e+01 -2.60310901e+00
 1.40612584e+01 -3.04355599e+00
 1.38109139e+01 -3.61287218e+00
 1.35063341e+01 -4.31293344e+00
 1.31498285e+01 -5.14058585e+00
 1.27452756e+01 -6.08668481e+00
 1.22982661e+01 -7.13668849e+00
 1.18152027e+01 -8.27349542e+00
 1.13016662e+01 -9.48128868e+00
 1.07609667e+01 -1.07482710e+01
 1.01934146e+01 -1.20671311e+01
 9.59586793e+00 -1.34337156e+01
 8.96107542e+00 -1.48452434e+01
 8.27722981e+00 -1.62991138e+01
 7.52839859e+00 -1.77926071e+01
 6.69578966e+00 -1.93231958e+01
 5.75938930e+00 -2.08888825e+01
 4.69984551e+00 -2.24880817e+01
 3.50075210e+00 -2.41190670e+01
 2.15108465e+00 -2.57793765e+01
 6.46807067e-01 -2.74655452e+01
 -1.00943264e+00 -2.91734143e+01
 -2.81058509e+00 -3.08990388e+01
 -4.74816774e+00 -3.26397106e+01
 -6.81408187e+00 -3.43941563e+01
 -8.99999380e+00 -3.61610453e+01
 -1.12942191e+01 -3.79357673e+01
 -1.36773830e+01 -3.97066449e+01
 -1.61189427e+01 -4.14523306e+01
 -1.85764579e+01 -4.31414009e+01
 -2.09981247e+01 -4.47338252e+01
 -2.33271825e+01 -4.61832220e+01
 -2.55061659e+01 -4.74390568e+01
 -2.74805703e+01 -4.84490711e+01
 -2.92036333e+01 -4.91639115e+01
 -3.06441976e+01 -4.95469434e+01
 -3.17974524e+01 -4.95904335e+01
 -3.26942972e+01 -4.93327862e+01
 -3.34010303e+01 -4.88628159e+01
 -3.40027395e+01 -4.82976173e+01
 -3.45754034e+01 -4.77400871e+01
 -3.51640471e+01 -4.72448002e+01
 -3.57807876e+01 -4.68161799e+01
 -3.64188930e+01 -4.64325660e+01
 -3.70680068e+01 -4.60709911e+01
 -3.77213111e+01 -4.57175812e+01
 -3.83758295e+01 -4.53664985e+01
 -3.90306190e+01 -4.50159299e+01
 -3.96854554e+01 -4.46654497e+01
 -4.03402981e+01 -4.43149814e+01
 -4.09951405e+01 -4.39645148e+01
 -4.16499744e+01 -4.36140530e+01
 -4.23047427e+01 -4.32636262e+01
 -4.29591211e+01 -4.29134081e+01
 -4.36116787e+01 -4.25641645e+01
 -4.42575514e+01 -4.22184986e+01
 -4.48841034e+01 -4.18831729e+01
 -4.54666293e+01 -4.15714097e+01
 -4.59699540e+01 -4.13020343e+01
 -4.63606775e+01 -4.10929222e+01
 -4.63606775e+01 -4.10929222e+01
 -4.63606775e+01 -4.10929222e+01
 -4.63606775e+01 -4.10929222e+01
 -4.63606775e+01 -4.10929222e+01
 -4.63606775e+01 -4.10929222e+01
 -4.63606775e+01 -4.10929222e+01
 -4.63606775e+01 -4.10929222e+01
 -4.63606775e+01 -4.10929222e+01
 -4.63606775e+01 -4.10929222e+01
 -4.63606775e+01 -4.10929222e+01
 -4.63606775e+01 -4.10929222e+01
 -4.63606775e+01 -4.10929222e+01
 -4.63606775e+01 -4.10929222e+01
 -4.63606775e+01 -4.10929222e+01
 -4.63606775e+01 -4.10929222e+01
 -4.63606775e+01 -4.10929222e+01
 -4.63606775e+01 -4.10929222e+01
 -4.63606775e+01 -4.10929222e+01
 -4.63606775e+01 -4.10929222e+01
 -4.63606775e+01 -4.10929222e+01
 -4.63606775e+01 -4.10929222e+01
 -4.63606775e+01 -4.10929222e+01
 -4.63606775e+01 -4.10929222e+01
 -4.63606775e+01 -4.10929222e+01
 -4.63606775e+01 -4.10929222e+01
 -4.63606775e+01 -4.10929222e+01
 -4.63606775e+01 -4.10929222e+01
 -4.63606775e+01 -4.10929222e+01
 -4.63606775e+01 -4.10929222e+01
 -4.63606775e+01 -4.10929222e+01
 -4.63606775e+01 -4.10929222e+01
 -4.63606775e+01 -4.10929222e+01
 -4.63606775e+01 -4.10929222e+01
 -4.63606775e+01 -4.10929222e+01
 -4.63606775e+01 -4.10929222e+01
 -4.63606775e+01 -4.10929222e+01
 -4.63606775e+01 -4.10929222e+01
 -4.63606775e+01 -4.10929222e+01
 -4.63606775e+01 -4.10929222e+01
