 0.00000000e+00 0.00000000e+00
 0.00000000e+00 0.00000000e+00
 0.00000000e+00 0.00000000e+00
 0.00000000e+00 0.00000000e+00
 -2.24437425e-02 8.59152719e-02
 -7.30728550e-02 1.60889371e-01
 -1.70512149e-01 1.86092635e-01
 -3.34461755e-01 1.18513220e-01
 -5.82001219e-01 -8.21296522e-02
 -9.25395636e-01 -4.49363345e-01
 -1.37058051e+00 -1.00719970e+00
 -1.91461264e+00 -1.76724184e+00
 -2.54231766e+00 -2.72563961e+00
 -3.22442540e+00 -3.86084469e+00
 -3.91924433e+00 -5.13375369e+00
 -4.57783215e+00 -6.49148878e+00
 -5.15083618e+00 -7.87441137e+00
 -5.59505510e+00 -9.22431712e+00
 -5.87863305e+00 -1.04915157e+01
 -5.98436050e+00 -1.16394871e+01
 -5.91064503e+00 -1.26469180e+01
 -5.66993056e+00 -1.35073871e+01
 -5.28502141e+00 -1.42269047e+01
 -4.78450456e+00 -1.48196702e+01
 -4.19854318e+00 -1.53030802e+01
 -3.55576360e+00 -1.56934284e+01
 -2.88145357e+00 -1.60033734e+01
 -2.19697742e+00 -1.62415468e+01
 -1.51993394e+00 -1.64139528e+01
 -8.64408226e-01 -1.65259335e+01
 -2.40979113e-01 -1.65828894e+01
 3.43543421e-01 -1.65887987e+01
 8.86697625e-01 -1.65438985e+01
 1.39114718e+00 -1.64441808e+01
 1.86499353e+00 -1.62835350e+01
 2.32084093e+00 -1.60565511e+01
 2.77363159e+00 -1.57597300e+01
 3.23828058e+00 -1.53909358e+01
 3.72818507e+00 -1.49484221e+01
 4.25451592e+00 -1.44304787e+01
 4.82527961e+00 -1.38358501e+01
 5.44392488e+00 -1.31646281e+01
 6.10865459e+00 -1.24191978e+01
 6.81329472e+00 -1.16048404e+01
 7.54885692e+00 -1.07299712e+01
 8.30425897e+00 -9.80647788e+00
 9.06582893e+00 -8.85059450e+00
 9.81661319e+00 -7.88400150e+00
 1.05367481e+01 -6.93391565e+00
 1.12053654e+01 -6.03091466e+00
 1.18034768e+01 -5.20467064e+00
 1.23166836e+01 -4.47943848e+00
 1.27367319e+01 -3.87120955e+00
 1.30618506e+01 -3.38694365e+00
 1.32967186e+01 -3.02515026e+00
 1.34527037e+01 -2.77730999e+00
 1.35475812e+01 -2.63014891e+00
 1.36030396e+01 -2.56848682e+00
 1.36396828e+01 -2.57772996e+00
 1.36719482e+01 -2.64520489e+00
 1.37061994e+01 -2.76053131e+00
 1.37426140e+01 -2.91586436e+00
 1.37781504e+01 -3.10627930e+00
 1.38080035e+01 -3.32982254e+00
 1.38257207e+01 -3.58714560e+00
 1.38230982e+01 -3.88160002e+00
 1.37901108e+01 -4.22042600e+00
 1.37153741e+01 -4.61609448e+00
 1.35877928e+01 -5.08603103e+00
 1.33983939e+01 -5.65004060e+00
 1.31406820e+01 -6.32649035e+00
 1.28097957e+01 -7.12910246e+00
 1.24020026e+01 -8.06567115e+00
 1.19147941e+01 -9.13861877e+00
 1.13465422e+01 -1.03462450e+01
 1.06952893e+01 -1.16838112e+01
 9.95732076e+00 -1.31445709e+01
 9.12614277e+00 -1.47210587e+01
 8.19178706e+00 -1.64062784e+01
 7.14016117e+00 -1.81940097e+01
 5.95267606e+00 -2.00780093e+01
 4.60691739e+00 -2.20509732e+01
 3.07884341e+00 -2.41044718e+01
 1.34590617e+00 -2.62299951e+01
 -6.10218637e-01 -2.84200199e+01
 -2.80195695e+00 -3.06682894e+01
 -5.23454409e+00 -3.29695872e+01
 -7.90405731e+00 -3.53194201e+01
 -1.07948308e+01 -3.77133314e+01
 -1.38776853e+01 -4.01453580e+01
 -1.71104717e+01 -4.26057076e+01
 -2.04411250e+01 -4.50783797e+01
 -2.38120067e+01 -4.75395848e+01
 -2.71637708e+01 -4.99574064e+01
 -3.04375031e+01 -5.22927271e+01
 -3.35753620e+01 -5.45014306e+01
 -3.65214975e+01 -5.65378474e+01
 -3.92249054e+01 -5.83587667e+01
 -4.16437540e+01 -5.99266608e+01
 -4.37488311e+01 -6.12111054e+01
 -4.55242354e+01 -6.21885284e+01
 -4.69656740e+01 -6.28414850e+01
 -4.80786925e+01 -6.31594118e+01
 -4.88796105e+01 -6.31432251e+01
 -4.94002655e+01 -6.28149475e+01
 -4.96936126e+01 -6.22287017e+01
 -4.98328530e+01 -6.14723464e+01
 -4.98979961e+01 -6.06492036e+01
 -4.99540676e+01 -5.98447718e+01
 -5.00355770e+01 -5.91012844e+01
 -5.01480526e+01 -5.84187354e+01
 -5.02820742e+01 -5.77763083e+01
 -5.04267517e+01 -5.71532883e+01
 -5.05753907e+01 -5.65374092e+01
 -5.07251599e+01 -5.59235571e+01
 -5.08751789e+01 -5.53101518e+01
 -5.10252408e+01 -5.46968231e+01
 -5.11753084e+01 -5.40835048e+01
 -5.13253764e+01 -5.34701883e+01
 -5.14754425e+01 -5.28568801e+01
 -5.16254936e+01 -5.22436332e+01
 -5.17754553e+01 -5.16307515e+01
 -5.19249997e+01 -5.10195752e+01
 -5.20730122e+01 -5.04146599e+01
 -5.22165971e+01 -4.98278400e+01
 -5.23500926e+01 -4.92822544e+01
 -5.24654378e+01 -4.88108474e+01
 -5.25549786e+01 -4.84449013e+01
 -5.25549786e+01 -4.84449013e+01
 -5.25549786e+01 -4.84449013e+01
 -5.25549786e+01 -4.84449013e+01
 -5.25549786e+01 -4.84449013e+01
 -5.25549786e+01 -4.84449013e+01
 -5.25549786e+01 -4.84449013e+01
 -5.25549786e+01 -4.84449013e+01
 -5.25549786e+01 -4.84449013e+01
 -5.25549786e+01 -4.84449013e+01
 -5.25549786e+01 -4.84449013e+01
 -5.25549786e+01 -4.84449013e+01
 -5.25549786e+01 -4.84449013e+01
 -5.25549786e+01 -4.84449013e+01
 -5.25549786e+01 -4.84449013e+01
 -5.25549786e+01 -4.84449013e+01
 -5.25549786e+01 -4.84449013e+01
 -5.25549786e+01 -4.84449013e+01
 -5.25549786e+01 -4.84449013e+01
 -5.25549786e+01 -4.84449013e+01
 -5.25549786e+01 -4.84449013e+01
 -5.25549786e+01 -4.84449013e+01
 -5.25549786e+01 -4.84449013e+01
 -5.25549786e+01 -4.84449013e+01
 -5.25549786e+01 -4.84449013e+01
 -5.25549786e+01 -4.84449013e+01
 -5.25549786e+01 -4.84449013e+01
 -5.25549786e+01 -4.84449013e+01
 -5.25549786e+01 -4.84449013e+01
 -5.25549786e+01 -4.84449013e+01
 -5.25549786e+01 -4.84449013e+01
 -5.25549786e+01 -4.84449013e+01
 -5.25549786e+01 -4.84449013e+01
 -5.25549786e+01 -4.84449013e+01
 -5.25549786e+01 -4.84449013e+01
 -5.25549786e+01 -4.84449013e+01
