 0.00000000e+00 0.00000000e+00
 0.00000000e+00 0.00000000e+00
 0.00000000e+00 0.00000000e+00
 0.00000000e+00 0.00000000e+00
 -3.45765940e-02 1.09599865e-02
 -7.16065734e-02 1.17231530e-02
 -1.06669799e-01 -9.71057928e-03
 -1.36790826e-01 -6.82603692e-02
 -1.61399765e-01 -1.81789616e-01
 -1.84095671e-01 -3.71011283e-01
 -2.14355198e-01 -6.58893095e-01
 -2.66956914e-01 -1.06956412e+00
 -3.58488777e-01 -1.62653305e+00
 -5.03101626e-01 -2.34993054e+00
 -7.10529792e-01 -3.25318012e+00
 -9.86879684e-01 -4.34042436e+00
 -1.33566024e+00 -5.60583757e+00
 -1.75696229e+00 -7.03452910e+00
 -2.24549563e+00 -8.60376628e+00
 -2.78941717e+00 -1.02838518e+01
 -3.37083839e+00 -1.20391202e+01
 -3.96754401e+00 -1.38296218e+01
 -4.55498731e+00 -1.56132877e+01
 -5.10811513e+00 -1.73480211e+01
 -5.60336377e+00 -1.89936473e+01
 -6.02113854e+00 -2.05140627e+01
 -6.34807264e+00 -2.18795314e+01
 -6.57770392e+00 -2.30685092e+01
 -6.70898058e+00 -2.40684009e+01
 -6.74358739e+00 -2.48750490e+01
 -6.68393770e+00 -2.54910159e+01
 -6.53276092e+00 -2.59230131e+01
 -6.29331144e+00 -2.61792451e+01
 -5.96873510e+00 -2.62675441e+01
 -5.56079505e+00 -2.61946892e+01
 -5.06959914e+00 -2.59667005e+01
 -4.49527612e+00 -2.55897304e+01
 -3.84074837e+00 -2.50713063e+01
 -3.11380324e+00 -2.44216855e+01
 -2.32726800e+00 -2.36549769e+01
 -1.49748118e+00 -2.27896136e+01
 -6.42113172e-01 -2.18477230e+01
 2.21839904e-01 -2.08531093e+01
 1.07972095e+00 -1.98282457e+01
 1.92059600e+00 -1.87915549e+01
 2.73818787e+00 -1.77562714e+01
 3.53099479e+00 -1.67310061e+01
 4.30143684e+00 -1.57210230e+01
 5.05443362e+00 -1.47293304e+01
 5.79613130e+00 -1.37575216e+01
 6.53295464e+00 -1.28068234e+01
 7.27024626e+00 -1.18796932e+01
 8.00986619e+00 -1.09817629e+01
 8.74758372e+00 -1.01232498e+01
 9.47218642e+00 -9.31865525e+00
 1.01673126e+01 -8.58433432e+00
 1.08148888e+01 -7.93506374e+00
 1.13980415e+01 -7.38147215e+00
 1.19024863e+01 -6.92909250e+00
 1.23173786e+01 -6.57811627e+00
 1.26371293e+01 -6.32284259e+00
 1.28639625e+01 -6.15159203e+00
 1.30089922e+01 -6.04914383e+00
 1.30897221e+01 -6.00224892e+00
 1.31241789e+01 -6.00565582e+00
 1.31244674e+01 -6.06511016e+00
 1.30933761e+01 -6.19614475e+00
 1.30257471e+01 -6.42030259e+00
 1.29127599e+01 -6.76110716e+00
 1.27453968e+01 -7.24095442e+00
 1.25152225e+01 -7.87873378e+00
 1.22138179e+01 -8.68746001e+00
 1.18329681e+01 -9.67182248e+00
 1.13659548e+01 -1.08266794e+01
 1.08087944e+01 -1.21377495e+01
 1.01602980e+01 -1.35845121e+01
 9.42072167e+00 -1.51439226e+01
 8.58964739e+00 -1.67935455e+01
 7.66403476e+00 -1.85137490e+01
 6.63678693e+00 -2.02892621e+01
 5.49550451e+00 -2.21102862e+01
 4.22161263e+00 -2.39730159e+01
 2.79106665e+00 -2.58793277e+01
 1.17733368e+00 -2.78356881e+01
 -6.44551200e-01 -2.98517214e+01
 -2.69490158e+00 -3.19388138e+01
 -4.98801927e+00 -3.41087216e+01
 -7.53143969e+00 -3.63719230e+01
 -1.03241624e+01 -3.87355678e+01
 -1.33535020e+01 -4.12011888e+01
 -1.65921257e+01 -4.37626335e+01
 -1.99975820e+01 -4.64045918e+01
 -2.35149526e+01 -4.91015303e+01
 -2.70805234e+01 -5.18164835e+01
 -3.06237163e+01 -5.44997745e+01
 -3.40672476e+01 -5.70889302e+01
 -3.73287307e+01 -5.95113275e+01
 -4.03265852e+01 -6.16896624e+01
 -4.29889059e+01 -6.35482864e+01
 -4.52605086e+01 -6.50181219e+01
 -4.71049640e+01 -6.60401076e+01
 -4.85037060e+01 -6.65699514e+01
 -4.94579628e+01 -6.65878469e+01
 -4.99972925e+01 -6.61145964e+01
 -5.01906174e+01 -6.52284874e+01
 -5.01466285e+01 -6.40665775e+01
 -4.99915616e+01 -6.27938995e+01
 -4.98307234e+01 -6.15485022e+01
 -4.97197420e+01 -6.03993414e+01
 -4.96656574e+01 -5.93472699e+01
 -4.96505217e+01 -5.83593308e+01
 -4.96545221e+01 -5.74024620e+01
 -4.96656126e+01 -5.64570358e+01
 -4.96787218e+01 -5.55148595e+01
 -4.96922765e+01 -5.45733998e+01
 -4.97059077e+01 -5.36320630e+01
 -4.97195491e+01 -5.26907429e+01
 -4.97331916e+01 -5.17494257e+01
 -4.97468339e+01 -5.08081211e+01
 -4.97604749e+01 -4.98669106e+01
 -4.97741078e+01 -4.89262607e+01
 -4.97877028e+01 -4.79882282e+01
 -4.98011584e+01 -4.70598050e+01
 -4.98142116e+01 -4.61591547e+01
 -4.98263476e+01 -4.53217908e+01
 -4.98368335e+01 -4.45982761e+01
 -4.98449736e+01 -4.40366224e+01
 -4.98449736e+01 -4.40366224e+01
 -4.98449736e+01 -4.40366224e+01
 -4.98449736e+01 -4.40366224e+01
 -4.98449736e+01 -4.40366224e+01
 -4.98449736e+01 -4.40366224e+01
 -4.98449736e+01 -4.40366224e+01
 -4.98449736e+01 -4.40366224e+01
 -4.98449736e+01 -4.40366224e+01
 -4.98449736e+01 -4.40366224e+01
 -4.98449736e+01 -4.40366224e+01
 -4.98449736e+01 -4.40366224e+01
 -4.98449736e+01 -4.40366224e+01
 -4.98449736e+01 -4.40366224e+01
 -4.98449736e+01 -4.40366224e+01
 -4.98449736e+01 -4.40366224e+01
 -4.98449736e+01 -4.40366224e+01
 -4.98449736e+01 -4.40366224e+01
 -4.98449736e+01 -4.40366224e+01
 -4.98449736e+01 -4.40366224e+01
 -4.98449736e+01 -4.40366224e+01
 -4.98449736e+01 -4.40366224e+01
 -4.98449736e+01 -4.40366224e+01
 -4.98449736e+01 -4.40366224e+01
 -4.98449736e+01 -4.40366224e+01
 -4.98449736e+01 -4.40366224e+01
 -4.98449736e+01 -4.40366224e+01
 -4.98449736e+01 -4.40366224e+01
 -4.98449736e+01 -4.40366224e+01
 -4.98449736e+01 -4.40366224e+01
 -4.98449736e+01 -4.40366224e+01
 -4.98449736e+01 -4.40366224e+01
 -4.98449736e+01 -4.40366224e+01
 -4.98449736e+01 -4.40366224e+01
 -4.98449736e+01 -4.40366224e+01
 -4.98449736e+01 -4.40366224e+01
 -4.98449736e+01 -4.40366224e+01
