 0.00000000e+00 0.00000000e+00
 0.00000000e+00 0.00000000e+00
 0.00000000e+00 0.00000000e+00
 0.00000000e+00 0.00000000e+00
 -1.53623403e-01 1.87580064e-01
 -3.50149490e-01 4.15350712e-01
 -5.77667052e-01 6.53822233e-01
 -8.26287640e-01 8.70473676e-01
 -1.09287451e+00 1.03693056e+00
 -1.38072364e+00 1.12942075e+00
 -1.69677863e+00 1.12524850e+00
 -2.04892452e+00 9.99746765e-01
 -2.44397172e+00 7.26250993e-01
 -2.88600885e+00 2.78878848e-01
 -3.37491357e+00 -3.63694559e-01
 -3.90521257e+00 -1.21478034e+00
 -4.46579821e+00 -2.27670940e+00
 -5.04081704e+00 -3.53861347e+00
 -5.61125434e+00 -4.97588132e+00
 -6.15621986e+00 -6.55185418e+00
 -6.65360700e+00 -8.22117143e+00
 -7.08105096e+00 -9.93366600e+00
 -7.41820659e+00 -1.16381528e+01
 -7.64979441e+00 -1.32859257e+01
 -7.76754875e+00 -1.48337706e+01
 -7.77002958e+00 -1.62461850e+01
 -7.66115361e+00 -1.74965358e+01
 -7.44880599e+00 -1.85670013e+01
 -7.14379013e+00 -1.94473052e+01
 -6.75846780e+00 -2.01325664e+01
 -6.30473034e+00 -2.06209589e+01
 -5.79184061e+00 -2.09120420e+01
 -5.22519819e+00 -2.10063255e+01
 -4.60666162e+00 -2.09059559e+01
 -3.93603472e+00 -2.06158122e+01
 -3.21273701e+00 -2.01442492e+01
 -2.43705008e+00 -1.95031957e+01
 -1.61093183e+00 -1.87078093e+01
 -7.38450316e-01 -1.77759790e+01
 1.74297770e-01 -1.67276963e+01
 1.11971698e+00 -1.55841417e+01
 2.08913551e+00 -1.43665670e+01
 3.07257326e+00 -1.30954832e+01
 4.05812514e+00 -1.17907245e+01
 5.03185176e+00 -1.04724243e+01
 5.97846939e+00 -9.16228615e+00
 6.88216168e+00 -7.88433856e+00
 7.72708379e+00 -6.66470849e+00
 8.49813608e+00 -5.53032358e+00
 9.18254184e+00 -4.50655493e+00
 9.77164372e+00 -3.61397329e+00
 1.02618477e+01 -2.86506010e+00
 1.06544451e+01 -2.26227938e+00
 1.09550566e+01 -1.79835025e+00
 1.11734470e+01 -1.45831239e+00
 1.13232797e+01 -1.22239296e+00
 1.14205202e+01 -1.06891217e+00
 1.14804489e+01 -9.76827249e-01
 1.15152680e+01 -9.27937395e-01
 1.15338038e+01 -9.09211203e-01
 1.15423797e+01 -9.15416199e-01
 1.15451903e+01 -9.51072486e-01
 1.15437584e+01 -1.03008472e+00
 1.15358927e+01 -1.17250129e+00
 1.15147331e+01 -1.39987147e+00
 1.14690501e+01 -1.73141615e+00
 1.13859189e+01 -2.18195870e+00
 1.12548178e+01 -2.76090730e+00
 1.10702514e+01 -3.47124924e+00
 1.08313843e+01 -4.30847380e+00
 1.05402414e+01 -5.26042971e+00
 1.02004179e+01 -6.30924140e+00
 9.81612055e+00 -7.43525001e+00
 9.39049674e+00 -8.62141715e+00
 8.92346160e+00 -9.85619717e+00
 8.41024891e+00 -1.11340964e+01
 7.84128347e+00 -1.24548660e+01
 7.20279752e+00 -1.38226946e+01
 6.47747149e+00 -1.52455205e+01
 5.64530119e+00 -1.67334435e+01
 4.68541864e+00 -1.82957723e+01
 3.57880185e+00 -1.99378235e+01
 2.31069047e+00 -2.16592555e+01
 8.71533924e-01 -2.34547279e+01
 -7.43715490e-01 -2.53161031e+01
 -2.53729798e+00 -2.72347573e+01
 -4.51014423e+00 -2.92031462e+01
 -6.66155795e+00 -3.12156057e+01
 -8.98592487e+00 -3.32684555e+01
 -1.14674955e+01 -3.53590836e+01
 -1.40766816e+01 -3.74838992e+01
 -1.67707963e+01 -3.96357580e+01
 -1.94985125e+01 -4.18015259e+01
 -2.22043410e+01 -4.39598441e+01
 -2.48304057e+01 -4.60792582e+01
 -2.73166852e+01 -4.81178873e+01
 -2.96034973e+01 -5.00260919e+01
 -3.16381496e+01 -5.17519095e+01
 -3.33829233e+01 -5.32467869e+01
 -3.48192977e+01 -5.44691401e+01
 -3.59465153e+01 -5.53862833e+01
 -3.67780316e+01 -5.59787022e+01
 -3.73413222e+01 -5.62503983e+01
 -3.76821525e+01 -5.62424120e+01
 -3.78665874e+01 -5.60369729e+01
 -3.79713960e+01 -5.57392640e+01
 -3.80630828e+01 -5.54412879e+01
 -3.81796282e+01 -5.51926504e+01
 -3.83288834e+01 -5.49990582e+01
 -3.85017298e+01 -5.48430956e+01
 -3.86865343e+01 -5.47056649e+01
 -3.88758678e+01 -5.45751215e+01
 -3.90665124e+01 -5.44465450e+01
 -3.92574499e+01 -5.43184037e+01
 -3.94484383e+01 -5.41903373e+01
 -3.96394335e+01 -5.40622809e+01
 -3.98304292e+01 -5.39342258e+01
 -4.00214224e+01 -5.38061724e+01
 -4.02123965e+01 -5.36781318e+01
 -4.04032569e+01 -5.35501675e+01
 -4.05935861e+01 -5.34225593e+01
 -4.07819657e+01 -5.32962583e+01
 -4.09647100e+01 -5.31737355e+01
 -4.11346134e+01 -5.30598220e+01
 -4.12814165e+01 -5.29613964e+01
 -4.13953775e+01 -5.28849900e+01
 -4.13953775e+01 -5.28849900e+01
 -4.13953775e+01 -5.28849900e+01
 -4.13953775e+01 -5.28849900e+01
 -4.13953775e+01 -5.28849900e+01
 -4.13953775e+01 -5.28849900e+01
 -4.13953775e+01 -5.28849900e+01
 -4.13953775e+01 -5.28849900e+01
 -4.13953775e+01 -5.28849900e+01
 -4.13953775e+01 -5.28849900e+01
 -4.13953775e+01 -5.28849900e+01
 -4.13953775e+01 -5.28849900e+01
 -4.13953775e+01 -5.28849900e+01
 -4.13953775e+01 -5.28849900e+01
 -4.13953775e+01 -5.28849900e+01
 -4.13953775e+01 -5.28849900e+01
 -4.13953775e+01 -5.28849900e+01
 -4.13953775e+01 -5.28849900e+01
 -4.13953775e+01 -5.28849900e+01
 -4.13953775e+01 -5.28849900e+01
 -4.13953775e+01 -5.28849900e+01
 -4.13953775e+01 -5.28849900e+01
 -4.13953775e+01 -5.28849900e+01
 -4.13953775e+01 -5.28849900e+01
 -4.13953775e+01 -5.28849900e+01
 -4.13953775e+01 -5.28849900e+01
 -4.13953775e+01 -5.28849900e+01
 -4.13953775e+01 -5.28849900e+01
 -4.13953775e+01 -5.28849900e+01
 -4.13953775e+01 -5.28849900e+01
 -4.13953775e+01 -5.28849900e+01
 -4.13953775e+01 -5.28849900e+01
 -4.13953775e+01 -5.28849900e+01
 -4.13953775e+01 -5.28849900e+01
 -4.13953775e+01 -5.28849900e+01
 -4.13953775e+01 -5.28849900e+01
 -4.13953775e+01 -5.28849900e+01
 -4.13953775e+01 -5.28849900e+01
