 0.00000000e+00 0.00000000e+00
 0.00000000e+00 0.00000000e+00
 0.00000000e+00 0.00000000e+00
 0.00000000e+00 0.00000000e+00
 -9.64805887e-02 9.13432544e-02
 -2.21026510e-01 1.96223209e-01
 -3.64920579e-01 2.97829660e-01
 -5.20318407e-01 3.78647371e-01
 -6.85465893e-01 4.21814107e-01
 -8.66467446e-01 4.07987422e-01
 -1.07584442e+00 3.11323637e-01
 -1.32960563e+00 9.88541596e-02
 -1.64421646e+00 -2.65351901e-01
 -2.03393245e+00 -8.13622004e-01
 -2.50844237e+00 -1.56914838e+00
 -3.07080361e+00 -2.54269284e+00
 -3.71587347e+00 -3.73075630e+00
 -4.42954415e+00 -5.11487134e+00
 -5.18907911e+00 -6.66261021e+00
 -5.96485934e+00 -8.33062343e+00
 -6.72363620e+00 -1.00692650e+01
 -7.43257533e+00 -1.18279174e+01
 -8.06264573e+00 -1.35598525e+01
 -8.59035697e+00 -1.52254525e+01
 -8.99808788e+00 -1.67932311e+01
 -9.27398465e+00 -1.82391349e+01
 -9.41211729e+00 -1.95453502e+01
 -9.41266328e+00 -2.06996671e+01
 -9.28125583e+00 -2.16953268e+01
 -9.02707822e+00 -2.25303338e+01
 -8.66036133e+00 -2.32057032e+01
 -8.19039043e+00 -2.37233742e+01
 -7.62465136e+00 -2.40847767e+01
 -6.96913412e+00 -2.42900917e+01
 -6.22940683e+00 -2.43378467e+01
 -5.41172979e+00 -2.42253281e+01
 -4.52354271e+00 -2.39505159e+01
 -3.57335369e+00 -2.35146677e+01
 -2.57063374e+00 -2.29237089e+01
 -1.52600892e+00 -2.21880557e+01
 -4.51269958e-01 -2.13220249e+01
 6.41360104e-01 -2.03434000e+01
 1.74042241e+00 -1.92725279e+01
 2.83600737e+00 -1.81304334e+01
 3.91973028e+00 -1.69364367e+01
 4.98440802e+00 -1.57063378e+01
 6.02413506e+00 -1.44519615e+01
 7.03458123e+00 -1.31823212e+01
 8.01240851e+00 -1.19062132e+01
 8.95326924e+00 -1.06354002e+01
 9.84959949e+00 -9.38680812e+00
 1.06900362e+01 -8.18242811e+00
 1.14609096e+01 -7.04712418e+00
 1.21486963e+01 -6.00575424e+00
 1.27420710e+01 -5.08067083e+00
 1.32330537e+01 -4.28947994e+00
 1.36178942e+01 -3.64254155e+00
 1.38986560e+01 -3.14059937e+00
 1.40851762e+01 -2.77386740e+00
 1.41952903e+01 -2.52363782e+00
 1.42514150e+01 -2.36664422e+00
 1.42743381e+01 -2.28181664e+00
 1.42774118e+01 -2.25782560e+00
 1.42636441e+01 -2.29801603e+00
 1.42259382e+01 -2.41967838e+00
 1.41497150e+01 -2.64814126e+00
 1.40170568e+01 -3.00946197e+00
 1.38109774e+01 -3.52513408e+00
 1.35181994e+01 -4.20945661e+00
 1.31298421e+01 -5.06838427e+00
 1.26406896e+01 -6.09880103e+00
 1.20480651e+01 -7.28814993e+00
 1.13509178e+01 -8.61528261e+00
 1.05491565e+01 -1.00535196e+01
 9.64297107e+00 -1.15756980e+01
 8.63191757e+00 -1.31592843e+01
 7.51369632e+00 -1.47892215e+01
 6.28286254e+00 -1.64575691e+01
 4.93007093e+00 -1.81609275e+01
 3.44239255e+00 -1.98978223e+01
 1.80458599e+00 -2.16680733e+01
 4.86387465e-04 -2.34746347e+01
 -1.98634908e+00 -2.53262332e+01
 -4.17255634e+00 -2.72380541e+01
 -6.57374151e+00 -2.92288902e+01
 -9.20013053e+00 -3.13157386e+01
 -1.20493142e+01 -3.35084968e+01
 -1.50995335e+01 -3.58067353e+01
 -1.83076565e+01 -3.81985545e+01
 -2.16129318e+01 -4.06602794e+01
 -2.49437285e+01 -4.31560361e+01
 -2.82235078e+01 -4.56375867e+01
 -3.13745949e+01 -4.80459426e+01
 -3.43211939e+01 -5.03158870e+01
 -3.69938655e+01 -5.23825823e+01
 -3.93358326e+01 -5.41877089e+01
 -4.13084931e+01 -5.56828659e+01
 -4.28926240e+01 -5.68301163e+01
 -4.40853314e+01 -5.76022726e+01
 -4.48980459e+01 -5.79874123e+01
 -4.53612366e+01 -5.80006687e+01
 -4.55339990e+01 -5.76987348e+01
 -4.55067117e+01 -5.71824503e+01
 -4.53846968e+01 -5.65740604e+01
 -4.52567959e+01 -5.59762661e+01
 -4.51706891e+01 -5.54414002e+01
 -4.51329460e+01 -5.49723218e+01
 -4.51285667e+01 -5.45471351e+01
 -4.51406746e+01 -5.41432878e+01
 -4.51589193e+01 -5.37473094e+01
 -4.51789181e+01 -5.33535671e+01
 -4.51993052e+01 -5.29603178e+01
 -4.52197591e+01 -5.25671531e+01
 -4.52402219e+01 -5.21739998e+01
 -4.52606857e+01 -5.17808482e+01
 -4.52811492e+01 -5.13877018e+01
 -4.53016107e+01 -5.09945949e+01
 -4.53220601e+01 -5.06017220e+01
 -4.53424525e+01 -5.02099423e+01
 -4.53626360e+01 -4.98221761e+01
 -4.53822158e+01 -4.94460095e+01
 -4.54004197e+01 -4.90962751e+01
 -4.54161486e+01 -4.87940912e+01
 -4.54283587e+01 -4.85595103e+01
 -4.54283587e+01 -4.85595103e+01
 -4.54283587e+01 -4.85595103e+01
 -4.54283587e+01 -4.85595103e+01
 -4.54283587e+01 -4.85595103e+01
 -4.54283587e+01 -4.85595103e+01
 -4.54283587e+01 -4.85595103e+01
 -4.54283587e+01 -4.85595103e+01
 -4.54283587e+01 -4.85595103e+01
 -4.54283587e+01 -4.85595103e+01
 -4.54283587e+01 -4.85595103e+01
 -4.54283587e+01 -4.85595103e+01
 -4.54283587e+01 -4.85595103e+01
 -4.54283587e+01 -4.85595103e+01
 -4.54283587e+01 -4.85595103e+01
 -4.54283587e+01 -4.85595103e+01
 -4.54283587e+01 -4.85595103e+01
 -4.54283587e+01 -4.85595103e+01
 -4.54283587e+01 -4.85595103e+01
 -4.54283587e+01 -4.85595103e+01
 -4.54283587e+01 -4.85595103e+01
 -4.54283587e+01 -4.85595103e+01
 -4.54283587e+01 -4.85595103e+01
 -4.54283587e+01 -4.85595103e+01
 -4.54283587e+01 -4.85595103e+01
 -4.54283587e+01 -4.85595103e+01
 -4.54283587e+01 -4.85595103e+01
 -4.54283587e+01 -4.85595103e+01
 -4.54283587e+01 -4.85595103e+01
 -4.54283587e+01 -4.85595103e+01
 -4.54283587e+01 -4.85595103e+01
 -4.54283587e+01 -4.85595103e+01
 -4.54283587e+01 -4.85595103e+01
 -4.54283587e+01 -4.85595103e+01
 -4.54283587e+01 -4.85595103e+01
 -4.54283587e+01 -4.85595103e+01
 -4.54283587e+01 -4.85595103e+01
 -4.54283587e+01 -4.85595103e+01
 -4.54283587e+01 -4.85595103e+01
 -4.54283587e+01 -4.85595103e+01
