 0.00000000e+00 0.00000000e+00
 0.00000000e+00 0.00000000e+00
 0.00000000e+00 0.00000000e+00
 0.00000000e+00 0.00000000e+00
 -1.42741229e-01 7.59728467e-02
 -3.25769121e-01 1.35468406e-01
 -5.37590433e-01 1.37994045e-01
 -7.67151440e-01 4.00791901e-02
 -1.00733359e+00 -1.95824464e-01
 -1.25381496e+00 -5.96393447e-01
 -1.50187754e+00 -1.17626742e+00
 -1.74399070e+00 -1.93894810e+00
 -1.96932294e+00 -2.87796681e+00
 -2.16517563e+00 -3.97734842e+00
 -2.31974003e+00 -5.21195570e+00
 -2.42484229e+00 -6.54933803e+00
 -2.47690139e+00 -7.95382990e+00
 -2.47557627e+00 -9.39156279e+00
 -2.42204462e+00 -1.08341011e+01
 -2.31918280e+00 -1.22595102e+01
 -2.17301498e+00 -1.36512891e+01
 -1.99285486e+00 -1.49961703e+01
 -1.78942838e+00 -1.62815662e+01
 -1.57273587e+00 -1.74934519e+01
 -1.35106520e+00 -1.86156375e+01
 -1.13072862e+00 -1.96308482e+01
 -9.15389057e-01 -2.05227758e+01
 -7.04530543e-01 -2.12774681e+01
 -4.91636016e-01 -2.18830356e+01
 -2.63171886e-01 -2.23281660e+01
 7.90496359e-04 -2.26009647e+01
 3.24246006e-01 -2.26893541e+01
 7.31759120e-01 -2.25830802e+01
 1.24470788e+00 -2.22761851e+01
 1.87836854e+00 -2.17685280e+01
 2.64065068e+00 -2.10658471e+01
 3.53260653e+00 -2.01791073e+01
 4.55016223e+00 -1.91241778e+01
 5.68598384e+00 -1.79220415e+01
 6.93046836e+00 -1.65987388e+01
 8.27183387e+00 -1.51840989e+01
 9.69602010e+00 -1.37091389e+01
 1.11866192e+01 -1.22032238e+01
 1.27242859e+01 -1.06926524e+01
 1.42852693e+01 -9.20154428e+00
 1.58397440e+01 -7.75421262e+00
 1.73515298e+01 -6.37702244e+00
 1.87805914e+01 -5.09802348e+00
 2.00881369e+01 -3.94410925e+00
 2.12423638e+01 -2.93701788e+00
 2.22225401e+01 -2.09013598e+00
 2.30203744e+01 -1.40755059e+00
 2.36390824e+01 -8.85701349e-01
 2.40910480e+01 -5.17033946e-01
 2.43947359e+01 -2.94325932e-01
 2.45711593e+01 -2.13694031e-01
 2.46401364e+01 -2.74626623e-01
 2.46170323e+01 -4.77687259e-01
 2.45111066e+01 -8.22739461e-01
 2.43259001e+01 -1.30934549e+00
 2.40608243e+01 -1.93768323e+00
 2.37129052e+01 -2.70758217e+00
 2.32783462e+01 -3.61589833e+00
 2.27538378e+01 -4.65472549e+00
 2.21371731e+01 -5.81247177e+00
 2.14267214e+01 -7.07764392e+00
 2.06200114e+01 -8.44328855e+00
 1.97123650e+01 -9.90963968e+00
 1.86964348e+01 -1.14837052e+01
 1.75628815e+01 -1.31761762e+01
 1.63020363e+01 -1.49967923e+01
 1.49062348e+01 -1.69492340e+01
 1.33722010e+01 -1.90268026e+01
 1.17026070e+01 -2.12104185e+01
 9.90615027e+00 -2.34697962e+01
 7.99592552e+00 -2.57673328e+01
 5.98641580e+00 -2.80634029e+01
 3.89034031e+00 -3.03215181e+01
 1.71731266e+00 -3.25119046e+01
 -5.24488560e-01 -3.46127593e+01
 -2.82462552e+00 -3.66094941e+01
 -5.16744816e+00 -3.84927556e+01
 -7.53224216e+00 -4.02559820e+01
 -9.89625234e+00 -4.18933236e+01
 -1.22376646e+01 -4.33984872e+01
 -1.45356069e+01 -4.47642129e+01
 -1.67673004e+01 -4.59817900e+01
 -1.89055347e+01 -4.70408909e+01
 -2.09194493e+01 -4.79305394e+01
 -2.27785631e+01 -4.86409941e+01
 -2.44572150e+01 -4.91648866e+01
 -2.59365459e+01 -4.94962806e+01
 -2.72039044e+01 -4.96290095e+01
 -2.82528121e+01 -4.95584560e+01
 -2.90872452e+01 -4.92899643e+01
 -2.97299518e+01 -4.88507963e+01
 -3.02275672e+01 -4.82952497e+01
 -3.06430891e+01 -4.76931386e+01
 -3.10357903e+01 -4.71049355e+01
 -3.14423211e+01 -4.65614144e+01
 -3.18729673e+01 -4.60628487e+01
 -3.23221271e+01 -4.55940504e+01
 -3.27809149e+01 -4.51397164e+01
 -3.32433959e+01 -4.46907237e+01
 -3.37069535e+01 -4.42432515e+01
 -3.41707527e+01 -4.37961151e+01
 -3.46345938e+01 -4.33490364e+01
 -3.50984406e+01 -4.29019655e+01
 -3.55622873e+01 -4.24548960e+01
 -3.60261279e+01 -4.20078324e+01
 -3.64899222e+01 -4.15608136e+01
 -3.69534402e+01 -4.11140610e+01
 -3.74156685e+01 -4.06685516e+01
 -3.78731616e+01 -4.02276060e+01
 -3.83169693e+01 -3.97998508e+01
 -3.87295918e+01 -3.94021529e+01
 -3.90861135e+01 -3.90585266e+01
 -3.93628760e+01 -3.87917746e+01
 -3.93628760e+01 -3.87917746e+01
 -3.93628760e+01 -3.87917746e+01
 -3.93628760e+01 -3.87917746e+01
 -3.93628760e+01 -3.87917746e+01
 -3.93628760e+01 -3.87917746e+01
 -3.93628760e+01 -3.87917746e+01
 -3.93628760e+01 -3.87917746e+01
 -3.93628760e+01 -3.87917746e+01
 -3.93628760e+01 -3.87917746e+01
 -3.93628760e+01 -3.87917746e+01
 -3.93628760e+01 -3.87917746e+01
 -3.93628760e+01 -3.87917746e+01
 -3.93628760e+01 -3.87917746e+01
 -3.93628760e+01 -3.87917746e+01
 -3.93628760e+01 -3.87917746e+01
 -3.93628760e+01 -3.87917746e+01
 -3.93628760e+01 -3.87917746e+01
 -3.93628760e+01 -3.87917746e+01
 -3.93628760e+01 -3.87917746e+01
 -3.93628760e+01 -3.87917746e+01
 -3.93628760e+01 -3.87917746e+01
 -3.93628760e+01 -3.87917746e+01
 -3.93628760e+01 -3.87917746e+01
 -3.93628760e+01 -3.87917746e+01
 -3.93628760e+01 -3.87917746e+01
 -3.93628760e+01 -3.87917746e+01
 -3.93628760e+01 -3.87917746e+01
 -3.93628760e+01 -3.87917746e+01
 -3.93628760e+01 -3.87917746e+01
 -3.93628760e+01 -3.87917746e+01
 -3.93628760e+01 -3.87917746e+01
 -3.93628760e+01 -3.87917746e+01
 -3.93628760e+01 -3.87917746e+01
 -3.93628760e+01 -3.87917746e+01
 -3.93628760e+01 -3.87917746e+01
 -3.93628760e+01 -3.87917746e+01
 -3.93628760e+01 -3.87917746e+01
 -3.93628760e+01 -3.87917746e+01
 -3.93628760e+01 -3.87917746e+01
 -3.93628760e+01 -3.87917746e+01
 -3.93628760e+01 -3.87917746e+01
 -3.93628760e+01 -3.87917746e+01
 -3.93628760e+01 -3.87917746e+01
 -3.93628760e+01 -3.87917746e+01
 -3.93628760e+01 -3.87917746e+01
