 0.00000000e+00 0.00000000e+00
 0.00000000e+00 0.00000000e+00
 0.00000000e+00 0.00000000e+00
 0.00000000e+00 0.00000000e+00
 0.00000000e+00 0.00000000e+00
 0.00000000e+00 0.00000000e+00
 0.00000000e+00 0.00000000e+00
 0.00000000e+00 0.00000000e+00
 0.00000000e+00 0.00000000e+00
 0.00000000e+00 0.00000000e+00
 0.00000000e+00 0.00000000e+00
 -4.24736086e-01 -6.59017926e-01
 -9.83087473e-01 -1.59614420e+00
 -1.63323259e+00 -2.80172571e+00
 -2.31679455e+00 -4.23600808e+00
 -2.97406423e+00 -5.84093336e+00
 -3.55292994e+00 -7.54950503e+00
 -4.01210748e+00 -9.29310010e+00
 -4.32218837e+00 -1.10082559e+01
 -4.46692841e+00 -1.26424808e+01
 -4.44504481e+00 -1.41580100e+01
 -4.27056853e+00 -1.55330035e+01
 -3.96914022e+00 -1.67600375e+01
 -3.57025230e+00 -1.78420142e+01
 -3.09908830e+00 -1.87863897e+01
 -2.57192293e+00 -1.95994534e+01
 -1.99585917e+00 -2.02823273e+01
 -1.37093191e+00 -2.08294035e+01
 -6.92540987e-01 -2.12289799e+01
 4.65471991e-02 -2.14653682e+01
 8.54618333e-01 -2.15216671e+01
 1.73970299e+00 -2.13826079e+01
 2.70826466e+00 -2.10372022e+01
 3.76359968e+00 -2.04811086e+01
 4.90421076e+00 -1.97185489e+01
 6.12305380e+00 -1.87632853e+01
 7.40833146e+00 -1.76380364e+01
 8.74531469e+00 -1.63721890e+01
 1.01177080e+01 -1.49984698e+01
 1.15076328e+01 -1.35495938e+01
 1.28950431e+01 -1.20556348e+01
 1.42582975e+01 -1.05424840e+01
 1.55764523e+01 -9.03157904e+00
 1.68318488e+01 -7.54081457e+00
 1.80110141e+01 -6.08615163e+00
 1.91034743e+01 -4.68327040e+00
 2.01001341e+01 -3.34878868e+00
 2.09930570e+01 -2.10076656e+00
 2.17766173e+01 -9.58211824e-01
 2.24485734e+01 6.06562375e-02
 2.30101650e+01 9.41161771e-01
 2.34656197e+01 1.67486195e+00
 2.38219855e+01 2.26053392e+00
 2.40897945e+01 2.70252562e+00
 2.42838137e+01 3.00728723e+00
 2.44220994e+01 3.18003454e+00
 2.45227184e+01 3.22308715e+00
 2.45999937e+01 3.13627155e+00
 2.46623908e+01 2.91850042e+00
 2.47120086e+01 2.56863322e+00
 2.47445590e+01 2.08456884e+00
 2.47494900e+01 1.46214705e+00
 2.47105594e+01 6.96294769e-01
 2.46073247e+01 -2.15681566e-01
 2.44179593e+01 -1.27126182e+00
 2.41228553e+01 -2.46230464e+00
 2.37074673e+01 -3.77656194e+00
 2.31634544e+01 -5.19925227e+00
 2.24886007e+01 -6.71357334e+00
 2.16863390e+01 -8.30066876e+00
 2.07650169e+01 -9.94034264e+00
 1.97366407e+01 -1.16130644e+01
 1.86152267e+01 -1.33024288e+01
 1.74152828e+01 -1.49967076e+01
 1.61505157e+01 -1.66889424e+01
 1.48323512e+01 -1.83761241e+01
 1.34681967e+01 -2.00581262e+01
 1.20599772e+01 -2.17364954e+01
 1.06033954e+01 -2.34131626e+01
 9.08802348e+00 -2.50895200e+01
 7.49830634e+00 -2.67661578e+01
 5.81550821e+00 -2.84430693e+01
 4.02040394e+00 -3.01200048e+01
 2.09639819e+00 -3.17966566e+01
 3.26386170e-02 -3.34723355e+01
 -2.17350955e+00 -3.51451113e+01
 -4.51517367e+00 -3.68107576e+01
 -6.97594454e+00 -3.84618032e+01
 -9.53068506e+00 -4.00868854e+01
 -1.21465118e+01 -4.16706013e+01
 -1.47835386e+01 -4.31937535e+01
 -1.73957193e+01 -4.46335698e+01
 -1.99326038e+01 -4.59639169e+01
 -2.23424127e+01 -4.71561632e+01
 -2.45760408e+01 -4.81809524e+01
 -2.65911079e+01 -4.90101199e+01
 -2.83551106e+01 -4.96180528e+01
 -2.98474307e+01 -4.99833262e+01
 -3.10614558e+01 -5.00930505e+01
 -3.20088300e+01 -4.99520327e+01
 -3.27253491e+01 -4.95943547e+01
 -3.32724225e+01 -4.90873390e+01
 -3.37260805e+01 -4.85168522e+01
 -3.41545909e+01 -4.79572761e+01
 -3.45989798e+01 -4.74471142e+01
 -3.50703726e+01 -4.69881122e+01
 -3.55623322e+01 -4.65632490e+01
 -3.60649406e+01 -4.61550096e+01
 -3.65716225e+01 -4.57529097e+01
 -3.70794896e+01 -4.53525564e+01
 -3.75876224e+01 -4.49525885e+01
 -3.80958013e+01 -4.45526868e+01
 -3.86039863e+01 -4.41527940e+01
 -3.91121713e+01 -4.37529027e+01
 -3.96203497e+01 -4.33530167e+01
 -4.01284772e+01 -4.29531708e+01
 -4.06363021e+01 -4.25535629e+01
 -4.11427140e+01 -4.21550670e+01
 -4.16439381e+01 -4.17606534e+01
 -4.21301686e+01 -4.13780382e+01
 -4.25822329e+01 -4.10223084e+01
 -4.29728339e+01 -4.07149442e+01
 -4.32760516e+01 -4.04763419e+01
 -4.32760516e+01 -4.04763419e+01
 -4.32760516e+01 -4.04763419e+01
 -4.32760516e+01 -4.04763419e+01
 -4.32760516e+01 -4.04763419e+01
 -4.32760516e+01 -4.04763419e+01
 -4.32760516e+01 -4.04763419e+01
 -4.32760516e+01 -4.04763419e+01
 -4.32760516e+01 -4.04763419e+01
 -4.32760516e+01 -4.04763419e+01
 -4.32760516e+01 -4.04763419e+01
 -4.32760516e+01 -4.04763419e+01
 -4.32760516e+01 -4.04763419e+01
 -4.32760516e+01 -4.04763419e+01
 -4.32760516e+01 -4.04763419e+01
 -4.32760516e+01 -4.04763419e+01
 -4.32760516e+01 -4.04763419e+01
 -4.32760516e+01 -4.04763419e+01
 -4.32760516e+01 -4.04763419e+01
 -4.32760516e+01 -4.04763419e+01
 -4.32760516e+01 -4.04763419e+01
 -4.32760516e+01 -4.04763419e+01
 -4.32760516e+01 -4.04763419e+01
 -4.32760516e+01 -4.04763419e+01
 -4.32760516e+01 -4.04763419e+01
 -4.32760516e+01 -4.04763419e+01
 -4.32760516e+01 -4.04763419e+01
 -4.32760516e+01 -4.04763419e+01
 -4.32760516e+01 -4.04763419e+01
 -4.32760516e+01 -4.04763419e+01
 -4.32760516e+01 -4.04763419e+01
 -4.32760516e+01 -4.04763419e+01
 -4.32760516e+01 -4.04763419e+01
 -4.32760516e+01 -4.04763419e+01
 -4.32760516e+01 -4.04763419e+01
 -4.32760516e+01 -4.04763419e+01
 -4.32760516e+01 -4.04763419e+01
 -4.32760516e+01 -4.04763419e+01
 -4.32760516e+01 -4.04763419e+01
 -4.32760516e+01 -4.04763419e+01
 -4.32760516e+01 -4.04763419e+01
