 0.00000000e+00 0.00000000e+00
 0.00000000e+00 0.00000000e+00
 0.00000000e+00 0.00000000e+00
 0.00000000e+00 0.00000000e+00
 -1.91308738e-01 6.78524680e-02
 -4.30739877e-01 1.31752249e-01
 -6.97734571e-01 1.69099228e-01
 -9.72351630e-01 1.57002397e-01
 -1.24195172e+00 7.46428090e-02
 -1.50186300e+00 -9.72473775e-02
 -1.75284502e+00 -3.77205988e-01
 -1.99845852e+00 -7.82854083e-01
 -2.24331241e+00 -1.32992718e+00
 -2.49199903e+00 -2.03099230e+00
 -2.74854802e+00 -2.89401982e+00
 -3.01643185e+00 -3.92074885e+00
 -3.29900366e+00 -5.10503556e+00
 -3.59980354e+00 -6.43210047e+00
 -3.92208335e+00 -7.87974158e+00
 -4.26755221e+00 -9.42143411e+00
 -4.63500819e+00 -1.10298331e+01
 -5.01946516e+00 -1.26789863e+01
 -5.41193194e+00 -1.43446043e+01
 -5.79966639e+00 -1.60030836e+01
 -6.16671311e+00 -1.76306652e+01
 -6.49491070e+00 -1.92035211e+01
 -6.76570072e+00 -2.06982603e+01
 -6.96226988e+00 -2.20919645e+01
 -7.07076896e+00 -2.33619084e+01
 -7.08016295e+00 -2.44859326e+01
 -6.98186518e+00 -2.54436362e+01
 -6.77012896e+00 -2.62173571e+01
 -6.44234456e+00 -2.67921525e+01
 -5.99810596e+00 -2.71553140e+01
 -5.43780829e+00 -2.72966229e+01
 -4.76245156e+00 -2.72098071e+01
 -3.97495568e+00 -2.68943803e+01
 -3.08184064e+00 -2.63566625e+01
 -2.09414551e+00 -2.56096994e+01
 -1.02723657e+00 -2.46728155e+01
 1.00335994e-01 -2.35712988e+01
 1.26863572e+00 -2.23355656e+01
 2.45846170e+00 -2.09987789e+01
 3.65355027e+00 -1.95930996e+01
 4.84266288e+00 -1.81461802e+01
 6.02092660e+00 -1.66794564e+01
 7.18928386e+00 -1.52085076e+01
 8.35155739e+00 -1.37448632e+01
 9.51027465e+00 -1.22986325e+01
 1.06631601e+01 -1.08814049e+01
 1.18012947e+01 -9.50865618e+00
 1.29087837e+01 -8.20077656e+00
 1.39637025e+01 -6.98201947e+00
 1.49405410e+01 -5.87731966e+00
 1.58141150e+01 -4.90806114e+00
 1.65640673e+01 -4.08859178e+00
 1.71785479e+01 -3.42483963e+00
 1.76558496e+01 -2.91535811e+00
 1.80035252e+01 -2.55430241e+00
 1.82355089e+01 -2.33513851e+00
 1.83684649e+01 -2.25328379e+00
 1.84186413e+01 -2.30632619e+00
 1.83999222e+01 -2.49253683e+00
 1.83228753e+01 -2.81010133e+00
 1.81941141e+01 -3.25819024e+00
 1.80158427e+01 -3.83801260e+00
 1.77862752e+01 -4.55148074e+00
 1.75013865e+01 -5.39771445e+00
 1.71573189e+01 -6.36992902e+00
 1.67521646e+01 -7.45497120e+00
 1.62864321e+01 -8.63570921e+00
 1.57624603e+01 -9.89452610e+00
 1.51833917e+01 -1.12156889e+01
 1.45521036e+01 -1.25857788e+01
 1.38702908e+01 -1.39933955e+01
 1.31376858e+01 -1.54298059e+01
 1.23511755e+01 -1.68906974e+01
 1.15037764e+01 -1.83775786e+01
 1.05839200e+01 -1.98973022e+01
 9.57545082e+00 -2.14595097e+01
 8.45823697e+00 -2.30732730e+01
 7.20931161e+00 -2.47445687e+01
 5.80481284e+00 -2.64753959e+01
 4.22246376e+00 -2.82644624e+01
 2.44329514e+00 -3.01090624e+01
 4.51532801e-01 -3.20074850e+01
 -1.76654113e+00 -3.39608032e+01
 -4.22219322e+00 -3.59728980e+01
 -6.92036411e+00 -3.80485408e+01
 -9.85350465e+00 -4.01905786e+01
 -1.29970611e+01 -4.23975213e+01
 -1.63098091e+01 -4.46619197e+01
 -1.97385731e+01 -4.69690703e+01
 -2.32238434e+01 -4.92957314e+01
 -2.67030295e+01 -5.16092099e+01
 -3.01109523e+01 -5.38676064e+01
 -3.33799858e+01 -5.60219351e+01
 -3.64426852e+01 -5.80201882e+01
 -3.92374448e+01 -5.98122380e+01
 -4.17145897e+01 -6.13535492e+01
 -4.38394703e+01 -6.26064533e+01
 -4.55921176e+01 -6.35406353e+01
 -4.69675587e+01 -6.41373227e+01
 -4.79820437e+01 -6.44007176e+01
 -4.86842534e+01 -6.43730276e+01
 -4.91599568e+01 -6.41395348e+01
 -4.95164332e+01 -6.38098933e+01
 -4.98491051e+01 -6.34803147e+01
 -5.02132054e+01 -6.32027630e+01
 -5.06209733e+01 -6.29831895e+01
 -5.10604723e+01 -6.28032558e+01
 -5.15160395e+01 -6.26428506e+01
 -5.19776714e+01 -6.24897056e+01
 -5.24410522e+01 -6.23386347e+01
 -5.29048223e+01 -6.21880228e+01
 -5.33686596e+01 -6.20374900e+01
 -5.38325060e+01 -6.18869677e+01
 -5.42963527e+01 -6.17364467e+01
 -5.47601933e+01 -6.15859279e+01
 -5.52239876e+01 -6.14354240e+01
 -5.56875056e+01 -6.12850099e+01
 -5.61497339e+01 -6.11350142e+01
 -5.66072270e+01 -6.09865551e+01
 -5.70510347e+01 -6.08425371e+01
 -5.74636572e+01 -6.07086388e+01
 -5.78201789e+01 -6.05929455e+01
 -5.80969414e+01 -6.05031345e+01
 -5.80969414e+01 -6.05031345e+01
 -5.80969414e+01 -6.05031345e+01
 -5.80969414e+01 -6.05031345e+01
 -5.80969414e+01 -6.05031345e+01
 -5.80969414e+01 -6.05031345e+01
 -5.80969414e+01 -6.05031345e+01
 -5.80969414e+01 -6.05031345e+01
 -5.80969414e+01 -6.05031345e+01
 -5.80969414e+01 -6.05031345e+01
 -5.80969414e+01 -6.05031345e+01
 -5.80969414e+01 -6.05031345e+01
 -5.80969414e+01 -6.05031345e+01
 -5.80969414e+01 -6.05031345e+01
 -5.80969414e+01 -6.05031345e+01
 -5.80969414e+01 -6.05031345e+01
 -5.80969414e+01 -6.05031345e+01
 -5.80969414e+01 -6.05031345e+01
 -5.80969414e+01 -6.05031345e+01
 -5.80969414e+01 -6.05031345e+01
 -5.80969414e+01 -6.05031345e+01
 -5.80969414e+01 -6.05031345e+01
 -5.80969414e+01 -6.05031345e+01
 -5.80969414e+01 -6.05031345e+01
 -5.80969414e+01 -6.05031345e+01
 -5.80969414e+01 -6.05031345e+01
 -5.80969414e+01 -6.05031345e+01
 -5.80969414e+01 -6.05031345e+01
 -5.80969414e+01 -6.05031345e+01
 -5.80969414e+01 -6.05031345e+01
 -5.80969414e+01 -6.05031345e+01
 -5.80969414e+01 -6.05031345e+01
 -5.80969414e+01 -6.05031345e+01
 -5.80969414e+01 -6.05031345e+01
 -5.80969414e+01 -6.05031345e+01
 -5.80969414e+01 -6.05031345e+01
 -5.80969414e+01 -6.05031345e+01
