 0.00000000e+00 0.00000000e+00
 0.00000000e+00 0.00000000e+00
 0.00000000e+00 0.00000000e+00
 0.00000000e+00 0.00000000e+00
 9.40044386e-02 2.41072439e-01
 2.01290162e-01 5.21050513e-01
 3.05821064e-01 7.97664018e-01
 3.94635760e-01 1.02959469e+00
 4.61183321e-01 1.18551272e+00
 5.03105353e-01 1.24339091e+00
 5.18264903e-01 1.18633772e+00
 5.03069293e-01 1.00083060e+00
 4.53734999e-01 6.77458909e-01
 3.68252544e-01 2.11327449e-01
 2.46535437e-01 -3.99040450e-01
 8.84222850e-02 -1.15298689e+00
 -1.08303520e-01 -2.04769670e+00
 -3.47744422e-01 -3.07700585e+00
 -6.33831958e-01 -4.23065191e+00
 -9.68263078e-01 -5.49538725e+00
 -1.34958554e+00 -6.85732176e+00
 -1.77307985e+00 -8.30290245e+00
 -2.23051524e+00 -9.81669752e+00
 -2.70930267e+00 -1.13772849e+01
 -3.19154432e+00 -1.29545882e+01
 -3.65436631e+00 -1.45107793e+01
 -4.07261299e+00 -1.60040720e+01
 -4.42334223e+00 -1.73933134e+01
 -4.69013517e+00 -1.86418691e+01
 -4.86498546e+00 -1.97203848e+01
 -4.94629568e+00 -2.06083165e+01
 -4.93382668e+00 -2.12938901e+01
 -4.82451702e+00 -2.17723649e+01
 -4.61273380e+00 -2.20434711e+01
 -4.29374553e+00 -2.21096175e+01
 -3.86625299e+00 -2.19757523e+01
 -3.33245243e+00 -2.16501785e+01
 -2.69745221e+00 -2.11450569e+01
 -1.96942837e+00 -2.04762956e+01
 -1.15994697e+00 -1.96634198e+01
 -2.83540611e-01 -1.87295364e+01
 6.43609816e-01 -1.77005501e+01
 1.60559678e+00 -1.66028959e+01
 2.58889997e+00 -1.54603512e+01
 3.58403448e+00 -1.42916507e+01
 4.58580967e+00 -1.31103919e+01
 5.59149483e+00 -1.19272481e+01
 6.59726924e+00 -1.07531503e+01
 7.59474984e+00 -9.60186420e+00
 8.56963806e+00 -8.49109663e+00
 9.50297963e+00 -7.44202211e+00
 1.03737708e+01 -6.47743334e+00
 1.11615325e+01 -5.61891790e+00
 1.18486741e+01 -4.88391549e+00
 1.24230504e+01 -4.28381762e+00
 1.28802345e+01 -3.82394656e+00
 1.32241702e+01 -3.50546886e+00
 1.34657104e+01 -3.32838470e+00
 1.36199270e+01 -3.29402504e+00
 1.37027916e+01 -3.40577171e+00
 1.37270171e+01 -3.66810925e+00
 1.36981998e+01 -4.08512332e+00
 1.36141479e+01 -4.65915059e+00
 1.34683450e+01 -5.38948216e+00
 1.32545744e+01 -6.27099630e+00
 1.29694103e+01 -7.29313880e+00
 1.26124210e+01 -8.44003369e+00
 1.21855453e+01 -9.69220221e+00
 1.16921518e+01 -1.10295542e+01
 1.11356050e+01 -1.24346993e+01
 1.05175568e+01 -1.38954866e+01
 9.83652738e+00 -1.54058718e+01
 9.08734376e+00 -1.69648587e+01
 8.26171325e+00 -1.85741780e+01
 7.34956154e+00 -2.02358494e+01
 6.34044672e+00 -2.19504969e+01
 5.22485413e+00 -2.37165500e+01
 3.99555962e+00 -2.55298860e+01
 2.64873975e+00 -2.73836010e+01
 1.18402046e+00 -2.92682173e+01
 -3.96723785e-01 -3.11726526e+01
 -2.09071059e+00 -3.30853347e+01
 -3.89402330e+00 -3.49942949e+01
 -5.79919096e+00 -3.68860677e+01
 -7.79204493e+00 -3.87446472e+01
 -9.85020399e+00 -4.05516142e+01
 -1.19439646e+01 -4.22868954e+01
 -1.40380313e+01 -4.39286649e+01
 -1.60922374e+01 -4.54521212e+01
 -1.80617864e+01 -4.68289310e+01
 -1.98997738e+01 -4.80292219e+01
 -2.15634526e+01 -4.90255758e+01
 -2.30217725e+01 -4.97965524e+01
 -2.42600396e+01 -5.03285958e+01
 -2.52805194e+01 -5.06182824e+01
 -2.61015640e+01 -5.06777382e+01
 -2.67572119e+01 -5.05422431e+01
 -2.72948603e+01 -5.02724780e+01
 -2.77669548e+01 -4.99425777e+01
 -2.82178554e+01 -4.96161738e+01
 -2.86738050e+01 -4.93268710e+01
 -2.91427567e+01 -4.90776233e+01
 -2.96221237e+01 -4.88554690e+01
 -3.01069632e+01 -4.86465880e+01
 -3.05939068e+01 -4.84426241e+01
 -3.10814638e+01 -4.82400611e+01
 -3.15691583e+01 -4.80378075e+01
 -3.20568767e+01 -4.78356071e+01
 -3.25445982e+01 -4.76334138e+01
 -3.30323194e+01 -4.74312216e+01
 -3.35200342e+01 -4.72290320e+01
 -3.40077002e+01 -4.70268627e+01
 -3.44950758e+01 -4.68248138e+01
 -3.49810952e+01 -4.66233271e+01
 -3.54621358e+01 -4.64239045e+01
 -3.59287866e+01 -4.62304474e+01
 -3.63626470e+01 -4.60505840e+01
 -3.67375190e+01 -4.58951751e+01
 -3.70285267e+01 -4.57745335e+01
 -3.70285267e+01 -4.57745335e+01
 -3.70285267e+01 -4.57745335e+01
 -3.70285267e+01 -4.57745335e+01
 -3.70285267e+01 -4.57745335e+01
 -3.70285267e+01 -4.57745335e+01
 -3.70285267e+01 -4.57745335e+01
 -3.70285267e+01 -4.57745335e+01
 -3.70285267e+01 -4.57745335e+01
 -3.70285267e+01 -4.57745335e+01
 -3.70285267e+01 -4.57745335e+01
 -3.70285267e+01 -4.57745335e+01
 -3.70285267e+01 -4.57745335e+01
 -3.70285267e+01 -4.57745335e+01
 -3.70285267e+01 -4.57745335e+01
 -3.70285267e+01 -4.57745335e+01
 -3.70285267e+01 -4.57745335e+01
 -3.70285267e+01 -4.57745335e+01
 -3.70285267e+01 -4.57745335e+01
 -3.70285267e+01 -4.57745335e+01
 -3.70285267e+01 -4.57745335e+01
 -3.70285267e+01 -4.57745335e+01
 -3.70285267e+01 -4.57745335e+01
 -3.70285267e+01 -4.57745335e+01
 -3.70285267e+01 -4.57745335e+01
 -3.70285267e+01 -4.57745335e+01
 -3.70285267e+01 -4.57745335e+01
 -3.70285267e+01 -4.57745335e+01
 -3.70285267e+01 -4.57745335e+01
 -3.70285267e+01 -4.57745335e+01
 -3.70285267e+01 -4.57745335e+01
 -3.70285267e+01 -4.57745335e+01
 -3.70285267e+01 -4.57745335e+01
 -3.70285267e+01 -4.57745335e+01
 -3.70285267e+01 -4.57745335e+01
 -3.70285267e+01 -4.57745335e+01
 -3.70285267e+01 -4.57745335e+01
 -3.70285267e+01 -4.57745335e+01
 -3.70285267e+01 -4.57745335e+01
 -3.70285267e+01 -4.57745335e+01
 -3.70285267e+01 -4.57745335e+01
 -3.70285267e+01 -4.57745335e+01
 -3.70285267e+01 -4.57745335e+01
 -3.70285267e+01 -4.57745335e+01
 -3.70285267e+01 -4.57745335e+01
