 0.00000000e+00 0.00000000e+00
 0.00000000e+00 0.00000000e+00
 0.00000000e+00 0.00000000e+00
 0.00000000e+00 0.00000000e+00
 -7.90797223e-02 1.06141448e-01
 -1.95593750e-01 2.05554717e-01
 -3.48236247e-01 2.59376261e-01
 -5.33529401e-01 2.26839816e-01
 -7.49673499e-01 7.10031956e-02
 -9.97116327e-01 -2.40281915e-01
 -1.27642209e+00 -7.34568311e-01
 -1.58607255e+00 -1.43379065e+00
 -1.92156248e+00 -2.35236324e+00
 -2.27565104e+00 -3.49527943e+00
 -2.63930306e+00 -4.85650557e+00
 -3.00297121e+00 -6.41789099e+00
 -3.35795302e+00 -8.14918195e+00
 -3.69762644e+00 -1.00099700e+01
 -4.01838318e+00 -1.19539575e+01
 -4.32001634e+00 -1.39345779e+01
 -4.60536617e+00 -1.59098785e+01
 -4.87936615e+00 -1.78450541e+01
 -5.14780959e+00 -1.97126201e+01
 -5.41562523e+00 -2.14910445e+01
 -5.68402471e+00 -2.31623242e+01
 -5.94690008e+00 -2.47090883e+01
 -6.18865185e+00 -2.61126977e+01
 -6.38576412e+00 -2.73535012e+01
 -6.51169707e+00 -2.84121686e+01
 -6.54144755e+00 -2.92697763e+01
 -6.45273333e+00 -2.99064533e+01
 -6.22526976e+00 -3.03014087e+01
 -5.84219188e+00 -3.04367911e+01
 -5.29460562e+00 -3.03039782e+01
 -4.58558001e+00 -2.99078722e+01
 -3.72959683e+00 -2.92661530e+01
 -2.74772792e+00 -2.84048186e+01
 -1.66242410e+00 -2.73538055e+01
 -4.94938087e-01 -2.61447442e+01
 7.34946547e-01 -2.48099434e+01
 2.00881971e+00 -2.33810835e+01
 3.31019478e+00 -2.18875506e+01
 4.62525792e+00 -2.03554291e+01
 5.94276444e+00 -1.88079871e+01
 7.25245555e+00 -1.72676983e+01
 8.54241538e+00 -1.57589706e+01
 9.79668760e+00 -1.43100319e+01
 1.09945296e+01 -1.29525790e+01
 1.21117558e+01 -1.17190274e+01
 1.31235056e+01 -1.06385740e+01
 1.40075236e+01 -9.73377584e+00
 1.47473187e+01 -9.01886728e+00
 1.53343615e+01 -8.50008872e+00
 1.57682714e+01 -8.17752142e+00
 1.60548374e+01 -8.04772815e+00
 1.62029298e+01 -8.10676711e+00
 1.62213911e+01 -8.35318568e+00
 1.61162174e+01 -8.79015259e+00
 1.58882241e+01 -9.42566362e+00
 1.55320090e+01 -1.02703790e+01
 1.50370955e+01 -1.13338936e+01
 1.43910700e+01 -1.26212961e+01
 1.35832668e+01 -1.41316637e+01
 1.26074081e+01 -1.58584659e+01
 1.14627680e+01 -1.77903669e+01
 1.01545630e+01 -1.99112461e+01
 8.69397313e+00 -2.21997666e+01
 7.09714632e+00 -2.46296411e+01
 5.38276420e+00 -2.71710845e+01
 3.56932836e+00 -2.97926652e+01
 1.67376809e+00 -3.24624889e+01
 -2.88755346e-01 -3.51489315e+01
 -2.30543989e+00 -3.78223357e+01
 -4.36748096e+00 -4.04581402e+01
 -6.47133540e+00 -4.30396603e+01
 -8.61755811e+00 -4.55581315e+01
 -1.08066269e+01 -4.80095312e+01
 -1.30333616e+01 -5.03899297e+01
 -1.52826008e+01 -5.26914433e+01
 -1.75278425e+01 -5.48994873e+01
 -1.97326368e+01 -5.69909952e+01
 -2.18535287e+01 -5.89337249e+01
 -2.38436537e+01 -6.06873857e+01
 -2.56565604e+01 -6.22066556e+01
 -2.72499890e+01 -6.34450642e+01
 -2.85894472e+01 -6.43588572e+01
 -2.96514819e+01 -6.49111465e+01
 -3.04266419e+01 -6.50774102e+01
 -3.09224346e+01 -6.48533714e+01
 -3.11665256e+01 -6.42654583e+01
 -3.12087452e+01 -6.33803601e+01
 -3.11174681e+01 -6.23035012e+01
 -3.09661224e+01 -6.11560429e+01
 -3.08133358e+01 -6.00363555e+01
 -3.06891563e+01 -5.89915845e+01
 -3.05968748e+01 -5.80198978e+01
 -3.05262918e+01 -5.70958728e+01
 -3.04663535e+01 -5.61947917e+01
 -3.04103607e+01 -5.53021298e+01
 -3.03554928e+01 -5.44118540e+01
 -3.03008734e+01 -5.35221035e+01
 -3.02462967e+01 -5.26324431e+01
 -3.01917258e+01 -5.17427948e+01
 -3.01371555e+01 -5.08531490e+01
 -3.00825860e+01 -4.99635150e+01
 -3.00280220e+01 -4.90739701e+01
 -2.99734905e+01 -4.81849549e+01
 -2.99191107e+01 -4.72984135e+01
 -2.98652879e+01 -4.64209538e+01
 -2.98130753e+01 -4.55697426e+01
 -2.97645315e+01 -4.47783437e+01
 -2.97225877e+01 -4.40945446e+01
 -2.96900274e+01 -4.35637216e+01
 -2.96900274e+01 -4.35637216e+01
 -2.96900274e+01 -4.35637216e+01
 -2.96900274e+01 -4.35637216e+01
 -2.96900274e+01 -4.35637216e+01
 -2.96900274e+01 -4.35637216e+01
 -2.96900274e+01 -4.35637216e+01
 -2.96900274e+01 -4.35637216e+01
 -2.96900274e+01 -4.35637216e+01
 -2.96900274e+01 -4.35637216e+01
 -2.96900274e+01 -4.35637216e+01
 -2.96900274e+01 -4.35637216e+01
 -2.96900274e+01 -4.35637216e+01
 -2.96900274e+01 -4.35637216e+01
 -2.96900274e+01 -4.35637216e+01
 -2.96900274e+01 -4.35637216e+01
 -2.96900274e+01 -4.35637216e+01
 -2.96900274e+01 -4.35637216e+01
 -2.96900274e+01 -4.35637216e+01
 -2.96900274e+01 -4.35637216e+01
 -2.96900274e+01 -4.35637216e+01
 -2.96900274e+01 -4.35637216e+01
 -2.96900274e+01 -4.35637216e+01
 -2.96900274e+01 -4.35637216e+01
 -2.96900274e+01 -4.35637216e+01
 -2.96900274e+01 -4.35637216e+01
 -2.96900274e+01 -4.35637216e+01
 -2.96900274e+01 -4.35637216e+01
 -2.96900274e+01 -4.35637216e+01
 -2.96900274e+01 -4.35637216e+01
 -2.96900274e+01 -4.35637216e+01
 -2.96900274e+01 -4.35637216e+01
 -2.96900274e+01 -4.35637216e+01
 -2.96900274e+01 -4.35637216e+01
 -2.96900274e+01 -4.35637216e+01
 -2.96900274e+01 -4.35637216e+01
 -2.96900274e+01 -4.35637216e+01
 -2.96900274e+01 -4.35637216e+01
 -2.96900274e+01 -4.35637216e+01
 -2.96900274e+01 -4.35637216e+01
 -2.96900274e+01 -4.35637216e+01
 -2.96900274e+01 -4.35637216e+01
 -2.96900274e+01 -4.35637216e+01
 -2.96900274e+01 -4.35637216e+01
 -2.96900274e+01 -4.35637216e+01
 -2.96900274e+01 -4.35637216e+01
 -2.96900274e+01 -4.35637216e+01
 -2.96900274e+01 -4.35637216e+01
 -2.96900274e+01 -4.35637216e+01
 -2.96900274e+01 -4.35637216e+01
 -2.96900274e+01 -4.35637216e+01
