 0.00000000e+00 0.00000000e+00
 0.00000000e+00 0.00000000e+00
 0.00000000e+00 0.00000000e+00
 0.00000000e+00 0.00000000e+00
 -7.20380183e-02 1.72817816e-01
 -1.80614653e-01 3.71609197e-01
 -3.26103385e-01 5.61111209e-01
 -5.06013799e-01 7.02292534e-01
 -7.18124573e-01 7.58988678e-01
 -9.61310360e-01 6.99175382e-01
 -1.23427298e+00 4.94418769e-01
 -1.53412698e+00 1.20817791e-01
 -1.85560792e+00 -4.38548371e-01
 -2.19053330e+00 -1.19147746e+00
 -2.52754077e+00 -2.13566571e+00
 -2.85264773e+00 -3.25817955e+00
 -3.15081636e+00 -4.53492851e+00
 -3.40818793e+00 -5.93117380e+00
 -3.61446432e+00 -7.40424433e+00
 -3.76449911e+00 -8.90802369e+00
 -3.85788302e+00 -1.03975007e+01
 -3.89671456e+00 -1.18320346e+01
 -3.88381893e+00 -1.31772015e+01
 -3.82291565e+00 -1.44058382e+01
 -3.71921629e+00 -1.54986827e+01
 -3.57840279e+00 -1.64444033e+01
 -3.40443773e+00 -1.72387697e+01
 -3.19800321e+00 -1.78832956e+01
 -2.95619995e+00 -1.83838533e+01
 -2.67286746e+00 -1.87490801e+01
 -2.33888115e+00 -1.89880413e+01
 -1.94237000e+00 -1.91074234e+01
 -1.46924267e+00 -1.91094785e+01
 -9.04526384e-01 -1.89918296e+01
 -2.34731589e-01 -1.87492588e+01
 5.49200709e-01 -1.83765650e+01
 1.44936967e+00 -1.78711959e+01
 2.45962932e+00 -1.72349452e+01
 3.56557917e+00 -1.64748665e+01
 4.74546996e+00 -1.56036757e+01
 5.97210036e+00 -1.46393877e+01
 7.21603470e+00 -1.36037522e+01
 8.44975712e+00 -1.25195802e+01
 9.65144936e+00 -1.14078662e+01
 1.08069433e+01 -1.02861367e+01
 1.19090622e+01 -9.16907309e+00
 1.29546480e+01 -8.07104937e+00
 1.39406889e+01 -7.00879041e+00
 1.48613984e+01 -6.00220687e+00
 1.57073684e+01 -5.07279617e+00
 1.64666137e+01 -4.24081985e+00
 1.71264631e+01 -3.52333219e+00
 1.76753318e+01 -2.93427736e+00
 1.81041377e+01 -2.48601955e+00
 1.84075008e+01 -2.19049947e+00
 1.85844348e+01 -2.05865156e+00
 1.86380887e+01 -2.09822067e+00
 1.85749439e+01 -2.31159041e+00
 1.84041369e+01 -2.69558105e+00
 1.81364838e+01 -3.24359017e+00
 1.77826079e+01 -3.94807652e+00
 1.73512004e+01 -4.80100809e+00
 1.68489376e+01 -5.79221289e+00
 1.62817189e+01 -6.90798080e+00
 1.56554606e+01 -8.13215083e+00
 1.49754927e+01 -9.44949764e+00
 1.42451945e+01 -1.08490505e+01
 1.34651699e+01 -1.23250985e+01
 1.26336926e+01 -1.38755947e+01
 1.17480024e+01 -1.54994661e+01
 1.08054351e+01 -1.71945407e+01
 9.80387759e+00 -1.89565144e+01
 8.74175295e+00 -2.07781787e+01
 7.61787253e+00 -2.26485060e+01
 6.43139692e+00 -2.45524036e+01
 5.18201660e+00 -2.64720099e+01
 3.87010308e+00 -2.83890906e+01
 2.49640316e+00 -3.02872414e+01
 1.06124280e+00 -3.21531796e+01
 -4.36176368e-01 -3.39773296e+01
 -1.99756312e+00 -3.57540215e+01
 -3.62413708e+00 -3.74810988e+01
 -5.31478785e+00 -3.91585121e+01
 -7.06475130e+00 -4.07860150e+01
 -8.86475389e+00 -4.23607162e+01
 -1.06997498e+01 -4.38751333e+01
 -1.25469806e+01 -4.53158816e+01
 -1.43745321e+01 -4.66631633e+01
 -1.61422878e+01 -4.78915985e+01
 -1.78061900e+01 -4.89725942e+01
 -1.93246515e+01 -4.98774345e+01
 -2.06648857e+01 -5.05802943e+01
 -2.18080575e+01 -5.10623632e+01
 -2.27538362e+01 -5.13198440e+01
 -2.35241904e+01 -5.13752485e+01
 -2.41627909e+01 -5.12831772e+01
 -2.47252775e+01 -5.11190011e+01
 -2.52620954e+01 -5.09517440e+01
 -2.58043206e+01 -5.08201718e+01
 -2.63617758e+01 -5.07298086e+01
 -2.69315987e+01 -5.06680013e+01
 -2.75079564e+01 -5.06203597e+01
 -2.80868330e+01 -5.05780054e+01
 -2.86664446e+01 -5.05371650e+01
 -2.92462210e+01 -5.04966601e+01
 -2.98260260e+01 -5.04562130e+01
 -3.04058348e+01 -5.04157736e+01
 -3.09856432e+01 -5.03753351e+01
 -3.15654440e+01 -5.03348972e+01
 -3.21451868e+01 -5.02944634e+01
 -3.27245844e+01 -5.02540536e+01
 -3.33023697e+01 -5.02137562e+01
 -3.38742362e+01 -5.01738717e+01
 -3.44289958e+01 -5.01351803e+01
 -3.49447739e+01 -5.00992076e+01
 -3.53904260e+01 -5.00681258e+01
 -3.57363791e+01 -5.00439975e+01
 -3.57363791e+01 -5.00439975e+01
 -3.57363791e+01 -5.00439975e+01
 -3.57363791e+01 -5.00439975e+01
 -3.57363791e+01 -5.00439975e+01
 -3.57363791e+01 -5.00439975e+01
 -3.57363791e+01 -5.00439975e+01
 -3.57363791e+01 -5.00439975e+01
 -3.57363791e+01 -5.00439975e+01
 -3.57363791e+01 -5.00439975e+01
 -3.57363791e+01 -5.00439975e+01
 -3.57363791e+01 -5.00439975e+01
 -3.57363791e+01 -5.00439975e+01
 -3.57363791e+01 -5.00439975e+01
 -3.57363791e+01 -5.00439975e+01
 -3.57363791e+01 -5.00439975e+01
 -3.57363791e+01 -5.00439975e+01
 -3.57363791e+01 -5.00439975e+01
 -3.57363791e+01 -5.00439975e+01
 -3.57363791e+01 -5.00439975e+01
 -3.57363791e+01 -5.00439975e+01
 -3.57363791e+01 -5.00439975e+01
 -3.57363791e+01 -5.00439975e+01
 -3.57363791e+01 -5.00439975e+01
 -3.57363791e+01 -5.00439975e+01
 -3.57363791e+01 -5.00439975e+01
 -3.57363791e+01 -5.00439975e+01
 -3.57363791e+01 -5.00439975e+01
 -3.57363791e+01 -5.00439975e+01
 -3.57363791e+01 -5.00439975e+01
 -3.57363791e+01 -5.00439975e+01
 -3.57363791e+01 -5.00439975e+01
 -3.57363791e+01 -5.00439975e+01
 -3.57363791e+01 -5.00439975e+01
 -3.57363791e+01 -5.00439975e+01
 -3.57363791e+01 -5.00439975e+01
 -3.57363791e+01 -5.00439975e+01
 -3.57363791e+01 -5.00439975e+01
 -3.57363791e+01 -5.00439975e+01
 -3.57363791e+01 -5.00439975e+01
 -3.57363791e+01 -5.00439975e+01
 -3.57363791e+01 -5.00439975e+01
 -3.57363791e+01 -5.00439975e+01
 -3.57363791e+01 -5.00439975e+01
 -3.57363791e+01 -5.00439975e+01
 -3.57363791e+01 -5.00439975e+01
 -3.57363791e+01 -5.00439975e+01
