 0.00000000e+00 0.00000000e+00
 0.00000000e+00 0.00000000e+00
 0.00000000e+00 0.00000000e+00
 0.00000000e+00 0.00000000e+00
 0.00000000e+00 0.00000000e+00
 0.00000000e+00 0.00000000e+00
 0.00000000e+00 0.00000000e+00
 0.00000000e+00 0.00000000e+00
 0.00000000e+00 0.00000000e+00
 0.00000000e+00 0.00000000e+00
 0.00000000e+00 0.00000000e+00
 0.00000000e+00 0.00000000e+00
 0.00000000e+00 0.00000000e+00
 0.00000000e+00 0.00000000e+00
 -1.11027065e-01 1.41890925e-01
 -2.67158808e-01 3.31009268e-01
 -4.70211252e-01 5.58003240e-01
 -7.21524198e-01 8.11115891e-01
 -1.02351848e+00 1.08060791e+00
 -1.37970381e+00 1.35988761e+00
 -1.79412561e+00 1.64436053e+00
 -2.27140434e+00 1.92981439e+00
 -2.81763332e+00 2.21109240e+00
 -3.44132074e+00 2.48097811e+00
 -4.15309149e+00 2.72923812e+00
 -4.96355308e+00 2.94218049e+00
 -5.88021850e+00 3.10312067e+00
 -6.90526431e+00 3.19331376e+00
 -8.03510221e+00 3.19221354e+00
 -9.26108733e+00 3.07701243e+00
 -1.05700843e+01 2.82323640e+00
 -1.19445651e+01 2.40766981e+00
 -1.33629840e+01 1.81244192e+00
 -1.48009388e+01 1.02829820e+00
 -1.62323515e+01 5.66391544e-02
 -1.76293544e+01 -1.08893259e+00
 -1.89608624e+01 -2.38152146e+00
 -2.01915178e+01 -3.78142455e+00
 -2.12825554e+01 -5.23915841e+00
 -2.21943413e+01 -6.70052377e+00
 -2.28892645e+01 -8.11187617e+00
 -2.33343626e+01 -9.42383563e+00
 -2.35039850e+01 -1.05930012e+01
 -2.33824598e+01 -1.15825117e+01
 -2.29656960e+01 -1.23623657e+01
 -2.22604999e+01 -1.29094707e+01
 -2.12817320e+01 -1.32066336e+01
 -2.00490798e+01 -1.32401950e+01
 -1.85852524e+01 -1.29977463e+01
 -1.69156012e+01 -1.24684185e+01
 -1.50678263e+01 -1.16465428e+01
 -1.30711653e+01 -1.05363795e+01
 -1.09557551e+01 -9.15470660e+00
 -8.75250927e+00 -7.52998016e+00
 -6.49262017e+00 -5.69886964e+00
 -4.20592868e+00 -3.70167764e+00
 -1.91877849e+00 -1.57787538e+00
 3.47440236e-01 6.37686670e-01
 2.57664296e+00 2.91780828e+00
 4.75779607e+00 5.24481500e+00
 6.88446287e+00 7.61029931e+00
 8.95367666e+00 1.00120714e+01
 1.09632764e+01 1.24489520e+01
 1.29078181e+01 1.49150156e+01
 1.47746796e+01 1.73946541e+01
 1.65422340e+01 1.98590555e+01
 1.81805080e+01 2.22645932e+01
 1.96531605e+01 2.45540711e+01
 2.09195659e+01 2.66612793e+01
 2.19370216e+01 2.85174350e+01
 2.26638603e+01 3.00567119e+01
 2.30634182e+01 3.12193741e+01
 2.31075404e+01 3.19540162e+01
 2.27787236e+01 3.22212350e+01
 2.20715976e+01 3.19982231e+01
 2.09943891e+01 3.12808623e+01
 1.95693825e+01 3.00808971e+01
 1.78313093e+01 2.84198243e+01
 1.58243216e+01 2.63239380e+01
 1.35989045e+01 2.38236085e+01
 1.12090656e+01 2.09558329e+01
 8.70950239e+00 1.77667671e+01
 6.15337131e+00 1.43125154e+01
 3.59234703e+00 1.06591411e+01
 1.07975456e+00 6.88310917e+00
 -1.32516852e+00 3.07155215e+00
 -3.55554794e+00 -6.79387541e-01
 -5.53983821e+00 -4.26925697e+00
 -7.20820232e+00 -7.60060549e+00
 -8.49902887e+00 -1.05870701e+01
 -9.36336864e+00 -1.31598923e+01
 -9.76774439e+00 -1.52712045e+01
 -9.69686388e+00 -1.68937978e+01
 -9.15569848e+00 -1.80184662e+01
 -8.16833240e+00 -1.86508505e+01
 -6.77315532e+00 -1.88093894e+01
 -5.01813119e+00 -1.85247925e+01
 -2.95975396e+00 -1.78404980e+01
 -6.64758961e-01 -1.68132668e+01
 1.78943057e+00 -1.55127585e+01
 4.31867700e+00 -1.40184947e+01
 6.84149961e+00 -1.24129441e+01
 9.29270763e+00 -1.07710936e+01
 1.16366303e+01 -9.14927287e+00
 1.38719606e+01 -7.57786048e+00
 1.60231729e+01 -6.06193497e+00
 1.81232330e+01 -4.58986635e+00
 2.01988723e+01 -3.14482844e+00
 2.22654584e+01 -1.71307884e+00
 2.43294937e+01 -2.86569252e-01
 2.63930054e+01 1.13828344e+00
 2.84564467e+01 2.56271715e+00
 3.05198845e+01 3.98706641e+00
 3.25833232e+01 5.41140214e+00
 3.46467620e+01 6.83573600e+00
 3.67101980e+01 8.26006775e+00
 3.87736068e+01 9.68438070e+00
 4.08368091e+01 1.11085511e+01
 4.28987828e+01 1.25318735e+01
 4.49550188e+01 1.39512352e+01
 4.69901905e+01 1.53560570e+01
 4.89644821e+01 1.67188548e+01
 5.08000454e+01 1.79858924e+01
 5.23860426e+01 1.90806616e+01
 5.36172287e+01 1.99305147e+01
 5.36172287e+01 1.99305147e+01
 5.36172287e+01 1.99305147e+01
 5.36172287e+01 1.99305147e+01
 5.36172287e+01 1.99305147e+01
 5.36172287e+01 1.99305147e+01
 5.36172287e+01 1.99305147e+01
 5.36172287e+01 1.99305147e+01
 5.36172287e+01 1.99305147e+01
 5.36172287e+01 1.99305147e+01
 5.36172287e+01 1.99305147e+01
 5.36172287e+01 1.99305147e+01
 5.36172287e+01 1.99305147e+01
 5.36172287e+01 1.99305147e+01
 5.36172287e+01 1.99305147e+01
 5.36172287e+01 1.99305147e+01
 5.36172287e+01 1.99305147e+01
 5.36172287e+01 1.99305147e+01
 5.36172287e+01 1.99305147e+01
 5.36172287e+01 1.99305147e+01
 5.36172287e+01 1.99305147e+01
 5.36172287e+01 1.99305147e+01
 5.36172287e+01 1.99305147e+01
 5.36172287e+01 1.99305147e+01
 5.36172287e+01 1.99305147e+01
 5.36172287e+01 1.99305147e+01
 5.36172287e+01 1.99305147e+01
 5.36172287e+01 1.99305147e+01
 5.36172287e+01 1.99305147e+01
 5.36172287e+01 1.99305147e+01
 5.36172287e+01 1.99305147e+01
 5.36172287e+01 1.99305147e+01
 5.36172287e+01 1.99305147e+01
 5.36172287e+01 1.99305147e+01
 5.36172287e+01 1.99305147e+01
 5.36172287e+01 1.99305147e+01
