 0.00000000e+00 0.00000000e+00
 0.00000000e+00 0.00000000e+00
 0.00000000e+00 0.00000000e+00
 0.00000000e+00 0.00000000e+00
 -1.30297160e-01 1.63304970e-01
 -2.99807177e-01 3.58823474e-01
 -4.98248612e-01 5.61788437e-01
 -7.15475904e-01 7.46543970e-01
 -9.46898405e-01 8.90821753e-01
 -1.19506548e+00 9.73548388e-01
 -1.46820068e+00 9.70267379e-01
 -1.77760448e+00 8.50882087e-01
 -2.13502164e+00 5.81484222e-01
 -2.55018794e+00 1.28945577e-01
 -3.02861762e+00 -5.34314892e-01
 -3.56981694e+00 -1.42715296e+00
 -4.16615931e+00 -2.55818897e+00
 -4.80268090e+00 -3.92493103e+00
 -5.45794069e+00 -5.51264417e+00
 -6.10587298e+00 -7.29322134e+00
 -6.71842708e+00 -9.22526184e+00
 -7.26855423e+00 -1.12562534e+01
 -7.73282575e+00 -1.33265216e+01
 -8.09311859e+00 -1.53737913e+01
 -8.33723313e+00 -1.73374734e+01
 -8.45857825e+00 -1.91624206e+01
 -8.45525774e+00 -2.08020232e+01
 -8.32893290e+00 -2.22203663e+01
 -8.08349093e+00 -2.33932823e+01
 -7.72341342e+00 -2.43082327e+01
 -7.25228559e+00 -2.49628594e+01
 -6.67227065e+00 -2.53622783e+01
 -5.98477400e+00 -2.55158191e+01
 -5.19158970e+00 -2.54342013e+01
 -4.29557801e+00 -2.51278544e+01
 -3.30039099e+00 -2.46065473e+01
 -2.20947779e+00 -2.38800489e+01
 -1.02525628e+00 -2.29594590e+01
 2.50512320e-01 -2.18589621e+01
 1.61478285e+00 -2.05975155e+01
 3.06038849e+00 -1.91995757e+01
 4.57359705e+00 -1.76942879e+01
 6.13320951e+00 -1.61136343e+01
 7.71145850e+00 -1.44908511e+01
 9.27589621e+00 -1.28601317e+01
 1.07913371e+01 -1.12572998e+01
 1.22219186e+01 -9.71986956e+00
 1.35339889e+01 -8.28508525e+00
 1.46998609e+01 -6.98616172e+00
 1.57013959e+01 -5.84838770e+00
 1.65320013e+01 -4.88670208e+00
 1.71961176e+01 -4.10519485e+00
 1.77064551e+01 -3.49791178e+00
 1.80805333e+01 -3.05018185e+00
 1.83383662e+01 -2.74042857e+00
 1.85017320e+01 -2.54328049e+00
 1.85933397e+01 -2.43472128e+00
 1.86337759e+01 -2.39853090e+00
 1.86365219e+01 -2.43149264e+00
 1.86041251e+01 -2.54495731e+00
 1.85283528e+01 -2.76244701e+00
 1.83939566e+01 -3.11468543e+00
 1.81831586e+01 -3.63377809e+00
 1.78786006e+01 -4.34810453e+00
 1.74647831e+01 -5.27880263e+00
 1.69292129e+01 -6.43743768e+00
 1.62640519e+01 -7.82404315e+00
 1.54680909e+01 -9.42587707e+00
 1.45480211e+01 -1.12182072e+01
 1.35177587e+01 -1.31677389e+01
 1.23954908e+01 -1.52377374e+01
 1.11994767e+01 -1.73930066e+01
 9.94419928e+00 -1.96032755e+01
 8.63783345e+00 -2.18447913e+01
 7.28096417e+00 -2.41009346e+01
 5.86609775e+00 -2.63626253e+01
 4.37788380e+00 -2.86285073e+01
 2.79432682e+00 -3.09043563e+01
 1.08921193e+00 -3.32013247e+01
 -7.64218891e-01 -3.55331603e+01
 -2.78857652e+00 -3.79128031e+01
 -4.99729454e+00 -4.03486791e+01
 -7.39030169e+00 -4.28410399e+01
 -9.95137522e+00 -4.53789159e+01
 -1.26473973e+01 -4.79380940e+01
 -1.54287674e+01 -5.04800296e+01
 -1.82303679e+01 -5.29517349e+01
 -2.09739755e+01 -5.52875260e+01
 -2.35738895e+01 -5.74135528e+01
 -2.59460456e+01 -5.92545568e+01
 -2.80180511e+01 -6.07409258e+01
 -2.97365985e+01 -6.18147324e+01
 -3.10712741e+01 -6.24356909e+01
 -3.20175430e+01 -6.25896235e+01
 -3.26019713e+01 -6.23008846e+01
 -3.28873856e+01 -6.16443570e+01
 -3.29689861e+01 -6.07439228e+01
 -3.29538268e+01 -5.97446049e+01
 -3.29297465e+01 -5.87658574e+01
 -3.29433700e+01 -5.78669657e+01
 -3.30016676e+01 -5.70490469e+01
 -3.30909878e+01 -5.62846023e+01
 -3.31957012e+01 -5.55460310e+01
 -3.33061647e+01 -5.48169745e+01
 -3.34182772e+01 -5.40906168e+01
 -3.35307558e+01 -5.33648533e+01
 -3.36432976e+01 -5.26391917e+01
 -3.37558479e+01 -5.19135438e+01
 -3.38683988e+01 -5.11878984e+01
 -3.39809484e+01 -5.04622626e+01
 -3.40934867e+01 -4.97366994e+01
 -3.42059580e+01 -4.90115683e+01
 -3.43181163e+01 -4.82884550e+01
 -3.44291257e+01 -4.75727493e+01
 -3.45368143e+01 -4.68784532e+01
 -3.46369360e+01 -4.62329435e+01
 -3.47234449e+01 -4.56751983e+01
 -3.47906005e+01 -4.52422290e+01
 -3.47906005e+01 -4.52422290e+01
 -3.47906005e+01 -4.52422290e+01
 -3.47906005e+01 -4.52422290e+01
 -3.47906005e+01 -4.52422290e+01
 -3.47906005e+01 -4.52422290e+01
 -3.47906005e+01 -4.52422290e+01
 -3.47906005e+01 -4.52422290e+01
 -3.47906005e+01 -4.52422290e+01
 -3.47906005e+01 -4.52422290e+01
 -3.47906005e+01 -4.52422290e+01
 -3.47906005e+01 -4.52422290e+01
 -3.47906005e+01 -4.52422290e+01
 -3.47906005e+01 -4.52422290e+01
 -3.47906005e+01 -4.52422290e+01
 -3.47906005e+01 -4.52422290e+01
 -3.47906005e+01 -4.52422290e+01
 -3.47906005e+01 -4.52422290e+01
 -3.47906005e+01 -4.52422290e+01
 -3.47906005e+01 -4.52422290e+01
 -3.47906005e+01 -4.52422290e+01
 -3.47906005e+01 -4.52422290e+01
 -3.47906005e+01 -4.52422290e+01
 -3.47906005e+01 -4.52422290e+01
 -3.47906005e+01 -4.52422290e+01
 -3.47906005e+01 -4.52422290e+01
 -3.47906005e+01 -4.52422290e+01
 -3.47906005e+01 -4.52422290e+01
 -3.47906005e+01 -4.52422290e+01
 -3.47906005e+01 -4.52422290e+01
 -3.47906005e+01 -4.52422290e+01
 -3.47906005e+01 -4.52422290e+01
 -3.47906005e+01 -4.52422290e+01
 -3.47906005e+01 -4.52422290e+01
 -3.47906005e+01 -4.52422290e+01
 -3.47906005e+01 -4.52422290e+01
 -3.47906005e+01 -4.52422290e+01
 -3.47906005e+01 -4.52422290e+01
 -3.47906005e+01 -4.52422290e+01
 -3.47906005e+01 -4.52422290e+01
 -3.47906005e+01 -4.52422290e+01
 -3.47906005e+01 -4.52422290e+01
 -3.47906005e+01 -4.52422290e+01
 -3.47906005e+01 -4.52422290e+01
 -3.47906005e+01 -4.52422290e+01
 -3.47906005e+01 -4.52422290e+01
