 0.00000000e+00 0.00000000e+00
 0.00000000e+00 0.00000000e+00
 0.00000000e+00 0.00000000e+00
 0.00000000e+00 0.00000000e+00
 3.51617650e-02 1.94723571e-01
 4.41552646e-02 4.20909490e-01
 6.42193705e-03 6.45988447e-01
 -8.61034814e-02 8.40516946e-01
 -2.26831394e-01 9.86331326e-01
 -4.01288296e-01 1.07542859e+00
 -5.95906843e-01 1.10318466e+00
 -8.02834966e-01 1.06155492e+00
 -1.02011970e+00 9.36515524e-01
 -1.24968285e+00 7.10701709e-01
 -1.49513651e+00 3.68202094e-01
 -1.76028270e+00 -1.02484711e-01
 -2.04852478e+00 -7.08161451e-01
 -2.36295095e+00 -1.45117426e+00
 -2.70628922e+00 -2.32859719e+00
 -3.08000157e+00 -3.33117196e+00
 -3.48273395e+00 -4.44374784e+00
 -3.90912612e+00 -5.64748078e+00
 -4.34973374e+00 -6.92218891e+00
 -4.79193997e+00 -8.24722678e+00
 -5.22113604e+00 -9.60069758e+00
 -5.62163129e+00 -1.09580803e+01
 -5.97751513e+00 -1.22916411e+01
 -6.27416293e+00 -1.35714237e+01
 -6.50058393e+00 -1.47676153e+01
 -6.65159593e+00 -1.58534467e+01
 -6.72803443e+00 -1.68078126e+01
 -6.73440705e+00 -1.76170294e+01
 -6.67598410e+00 -1.82753950e+01
 -6.55765250e+00 -1.87846557e+01
 -6.38396913e+00 -1.91527476e+01
 -6.15819031e+00 -1.93918899e+01
 -5.88006841e+00 -1.95157947e+01
 -5.54427959e+00 -1.95361835e+01
 -5.14062831e+00 -1.94597387e+01
 -4.65543923e+00 -1.92869585e+01
 -4.07306209e+00 -1.90133631e+01
 -3.37719533e+00 -1.86320106e+01
 -2.55260903e+00 -1.81358835e+01
 -1.58782409e+00 -1.75196653e+01
 -4.78479329e-01 -1.67813799e+01
 7.69562008e-01 -1.59241880e+01
 2.13844280e+00 -1.49578231e+01
 3.59872690e+00 -1.38989415e+01
 5.11213786e+00 -1.27703171e+01
 6.63569767e+00 -1.15994339e+01
 8.12582071e+00 -1.04169625e+01
 9.54144064e+00 -9.25513058e+00
 1.08462931e+01 -8.14572300e+00
 1.20111752e+01 -7.11765576e+00
 1.30165784e+01 -6.19453223e+00
 1.38545986e+01 -5.39287340e+00
 1.45281679e+01 -4.72154254e+00
 1.50470991e+01 -4.18252654e+00
 1.54230393e+01 -3.77310235e+00
 1.56661696e+01 -3.48924956e+00
 1.57845598e+01 -3.32953783e+00
 1.57848935e+01 -3.29807203e+00
 1.56728426e+01 -3.40528500e+00
 1.54524454e+01 -3.66646675e+00
 1.51252195e+01 -4.09901058e+00
 1.46902375e+01 -4.71960037e+00
 1.41454513e+01 -5.54197870e+00
 1.34892553e+01 -6.57522955e+00
 1.27213255e+01 -7.82229385e+00
 1.18429189e+01 -9.27874369e+00
 1.08572575e+01 -1.09322801e+01
 9.76991727e+00 -1.27635266e+01
 8.58863978e+00 -1.47481697e+01
 7.32247703e+00 -1.68596130e+01
 5.98084864e+00 -1.90709782e+01
 4.57292660e+00 -2.13559265e+01
 3.10704921e+00 -2.36887230e+01
 1.58967126e+00 -2.60444669e+01
 2.39680701e-02 -2.84002832e+01
 -1.59120019e+00 -3.07375147e+01
 -3.26137417e+00 -3.30439185e+01
 -4.99566590e+00 -3.53145295e+01
 -6.80544451e+00 -3.75506477e+01
 -8.70257800e+00 -3.97574649e+01
 -1.06966637e+01 -4.19411666e+01
 -1.27910475e+01 -4.41058346e+01
 -1.49786045e+01 -4.62499152e+01
 -1.72387416e+01 -4.83621962e+01
 -1.95364244e+01 -5.04182375e+01
 -2.18232961e+01 -5.23790149e+01
 -2.40408919e+01 -5.41928360e+01
 -2.61259404e+01 -5.57996877e+01
 -2.80169397e+01 -5.71360497e+01
 -2.96602029e+01 -5.81390980e+01
 -3.10139475e+01 -5.87509303e+01
 -3.20505430e+01 -5.89237513e+01
 -3.27576208e+01 -5.86256111e+01
 -3.31381390e+01 -5.78456700e+01
 -3.32100168e+01 -5.65997649e+01
 -3.30076446e+01 -5.49384544e+01
 -3.25859966e+01 -5.29551854e+01
 -3.20212661e+01 -5.07826125e+01
 -3.13985735e+01 -4.85645237e+01
 -3.07877678e+01 -4.64111190e+01
 -3.02239712e+01 -4.43684109e+01
 -2.97082254e+01 -4.24247367e+01
 -2.92244282e+01 -4.05432906e+01
 -2.87561782e+01 -3.86911889e+01
 -2.82936729e+01 -3.68497163e+01
 -2.78328033e+01 -3.50112297e+01
 -2.73722951e+01 -3.31733964e+01
 -2.69118491e+01 -3.13356747e+01
 -2.64514114e+01 -2.94979681e+01
 -2.59909752e+01 -2.76602655e+01
 -2.55305451e+01 -2.58225873e+01
 -2.50701611e+01 -2.39850929e+01
 -2.46100513e+01 -2.21486928e+01
 -2.41512218e+01 -2.03174027e+01
 -2.36970925e+01 -1.85048725e+01
 -2.32565481e+01 -1.67465623e+01
 -2.28469596e+01 -1.51118040e+01
 -2.24930594e+01 -1.36993100e+01
 -2.22183320e+01 -1.26028119e+01
 -2.22183320e+01 -1.26028119e+01
 -2.22183320e+01 -1.26028119e+01
 -2.22183320e+01 -1.26028119e+01
 -2.22183320e+01 -1.26028119e+01
 -2.22183320e+01 -1.26028119e+01
 -2.22183320e+01 -1.26028119e+01
 -2.22183320e+01 -1.26028119e+01
 -2.22183320e+01 -1.26028119e+01
 -2.22183320e+01 -1.26028119e+01
 -2.22183320e+01 -1.26028119e+01
 -2.22183320e+01 -1.26028119e+01
 -2.22183320e+01 -1.26028119e+01
 -2.22183320e+01 -1.26028119e+01
 -2.22183320e+01 -1.26028119e+01
 -2.22183320e+01 -1.26028119e+01
 -2.22183320e+01 -1.26028119e+01
 -2.22183320e+01 -1.26028119e+01
 -2.22183320e+01 -1.26028119e+01
 -2.22183320e+01 -1.26028119e+01
 -2.22183320e+01 -1.26028119e+01
 -2.22183320e+01 -1.26028119e+01
 -2.22183320e+01 -1.26028119e+01
 -2.22183320e+01 -1.26028119e+01
 -2.22183320e+01 -1.26028119e+01
 -2.22183320e+01 -1.26028119e+01
 -2.22183320e+01 -1.26028119e+01
 -2.22183320e+01 -1.26028119e+01
 -2.22183320e+01 -1.26028119e+01
 -2.22183320e+01 -1.26028119e+01
 -2.22183320e+01 -1.26028119e+01
 -2.22183320e+01 -1.26028119e+01
 -2.22183320e+01 -1.26028119e+01
 -2.22183320e+01 -1.26028119e+01
 -2.22183320e+01 -1.26028119e+01
 -2.22183320e+01 -1.26028119e+01
 -2.22183320e+01 -1.26028119e+01
 -2.22183320e+01 -1.26028119e+01
 -2.22183320e+01 -1.26028119e+01
 -2.22183320e+01 -1.26028119e+01
 -2.22183320e+01 -1.26028119e+01
