 0.00000000e+00 0.00000000e+00
 0.00000000e+00 0.00000000e+00
 0.00000000e+00 0.00000000e+00
 0.00000000e+00 0.00000000e+00
 0.00000000e+00 0.00000000e+00
 0.00000000e+00 0.00000000e+00
 0.00000000e+00 0.00000000e+00
 0.00000000e+00 0.00000000e+00
 0.00000000e+00 0.00000000e+00
 0.00000000e+00 0.00000000e+00
 0.00000000e+00 0.00000000e+00
 0.00000000e+00 0.00000000e+00
 0.00000000e+00 0.00000000e+00
 -6.27709805e-02 9.27357867e-02
 -1.62774622e-01 2.03346111e-01
 -3.06441889e-01 3.17418118e-01
 -4.98814289e-01 4.20381620e-01
 -7.45437945e-01 5.01201389e-01
 -1.05335745e+00 5.52687724e-01
 -1.43107619e+00 5.69408620e-01
 -1.88829145e+00 5.45187695e-01
 -2.43563797e+00 4.72145798e-01
 -3.08410437e+00 3.41848783e-01
 -3.84401427e+00 1.46984166e-01
 -4.72375683e+00 -1.18253062e-01
 -5.72842804e+00 -4.58929894e-01
 -6.85860418e+00 -8.79979269e-01
 -8.10956717e+00 -1.38610248e+00
 -9.47113607e+00 -1.98133763e+00
 -1.09280637e+01 -2.66853690e+00
 -1.24608812e+01 -3.44866309e+00
 -1.40469008e+01 -4.32001030e+00
 -1.56609589e+01 -5.27769002e+00
 -1.72756102e+01 -6.31338387e+00
 -1.88607200e+01 -7.41491471e+00
 -2.03827810e+01 -8.56550500e+00
 -2.18047979e+01 -9.74344363e+00
 -2.30875038e+01 -1.09230915e+01
 -2.41917848e+01 -1.20771890e+01
 -2.50814892e+01 -1.31792008e+01
 -2.57259480e+01 -1.42043630e+01
 -2.61019573e+01 -1.51293630e+01
 -2.61951009e+01 -1.59316840e+01
 -2.60001798e+01 -1.65893108e+01
 -2.55204291e+01 -1.70805237e+01
 -2.47654372e+01 -1.73834507e+01
 -2.37483644e+01 -1.74758268e+01
 -2.24837123e+01 -1.73357522e+01
 -2.09867468e+01 -1.69438206e+01
 -1.92747909e+01 -1.62863815e+01
 -1.73696492e+01 -1.53591666e+01
 -1.52997752e+01 -1.41700238e+01
 -1.31007040e+01 -1.27394719e+01
 -1.08131135e+01 -1.10985311e+01
 -8.47922622e+00 -9.28428217e+00
 -6.13888865e+00 -7.33424354e+00
 -3.82622202e+00 -5.28088509e+00
 -1.56709671e+00 -3.14757828e+00
 6.22375653e-01 -9.46873451e-01
 2.73570769e+00 1.31873052e+00
 4.77356149e+00 3.65388230e+00
 6.73926961e+00 6.06585428e+00
 8.63410655e+00 8.55902977e+00
 1.04541445e+01 1.11292160e+01
 1.21890454e+01 1.37587328e+01
 1.38219274e+01 1.64133107e+01
 1.53298348e+01 1.90417905e+01
 1.66853504e+01 2.15792685e+01
 1.78596487e+01 2.39535297e+01
 1.88257956e+01 2.60932662e+01
 1.95603351e+01 2.79352112e+01
 2.00424706e+01 2.94275085e+01
 2.02524817e+01 3.05292478e+01
 2.01719760e+01 3.12090583e+01
 1.97867324e+01 3.14457098e+01
 1.90902697e+01 3.12306176e+01
 1.80862115e+01 3.05694003e+01
 1.67894329e+01 2.94801294e+01
 1.52265620e+01 2.79888777e+01
 1.34354092e+01 2.61254759e+01
 1.14626993e+01 2.39219812e+01
 9.36040848e+00 2.14138995e+01
 7.18155840e+00 1.86420726e+01
 4.97628788e+00 1.56530987e+01
 2.78920438e+00 1.24979634e+01
 6.59072741e-01 9.23050382e+00
 -1.37903319e+00 5.90764954e+00
 -3.29045695e+00 2.59153088e+00
 -5.03846490e+00 -6.49017078e-01
 -6.58367552e+00 -3.74065691e+00
 -7.88552924e+00 -6.61225300e+00
 -8.90552449e+00 -9.20349998e+00
 -9.61178050e+00 -1.14713691e+01
 -9.98370610e+00 -1.33917181e+01
 -1.00147122e+01 -1.49563606e+01
 -9.71150366e+00 -1.61679137e+01
 -9.09036214e+00 -1.70347390e+01
 -8.17211795e+00 -1.75671118e+01
 -6.97749097e+00 -1.77748128e+01
 -5.52407826e+00 -1.76662036e+01
 -3.82597298e+00 -1.72490878e+01
 -1.89651040e+00 -1.65335923e+01
 2.46321627e-01 -1.55365558e+01
 2.57375737e+00 -1.42858137e+01
 5.04257272e+00 -1.28222736e+01
 7.59644956e+00 -1.11985286e+01
 1.01728125e+01 -9.47431844e+00
 1.27136321e+01 -7.70975973e+00
 1.51773038e+01 -5.95684887e+00
 1.75469745e+01 -4.25059691e+00
 1.98304300e+01 -2.60379119e+00
 2.20508415e+01 -1.00958955e+00
 2.42339695e+01 5.48892168e-01
 2.63992346e+01 2.08827925e+00
 2.85575830e+01 3.61957684e+00
 3.07137752e+01 5.14815689e+00
 3.28694286e+01 6.67601419e+00
 3.50249745e+01 8.20371965e+00
 3.71805033e+01 9.73139995e+00
 3.93360297e+01 1.12590768e+01
 4.14915529e+01 1.27867513e+01
 4.36470477e+01 1.43144055e+01
 4.58023268e+01 1.58419069e+01
 4.79563224e+01 1.73684987e+01
 5.01043243e+01 1.88908426e+01
 5.22303220e+01 2.03975914e+01
 5.42927224e+01 2.18592673e+01
 5.62102033e+01 2.32182351e+01
 5.78669806e+01 2.43924355e+01
 5.91531122e+01 2.53039498e+01
 5.91531122e+01 2.53039498e+01
 5.91531122e+01 2.53039498e+01
 5.91531122e+01 2.53039498e+01
 5.91531122e+01 2.53039498e+01
 5.91531122e+01 2.53039498e+01
 5.91531122e+01 2.53039498e+01
 5.91531122e+01 2.53039498e+01
 5.91531122e+01 2.53039498e+01
 5.91531122e+01 2.53039498e+01
 5.91531122e+01 2.53039498e+01
 5.91531122e+01 2.53039498e+01
 5.91531122e+01 2.53039498e+01
 5.91531122e+01 2.53039498e+01
 5.91531122e+01 2.53039498e+01
 5.91531122e+01 2.53039498e+01
 5.91531122e+01 2.53039498e+01
 5.91531122e+01 2.53039498e+01
 5.91531122e+01 2.53039498e+01
 5.91531122e+01 2.53039498e+01
 5.91531122e+01 2.53039498e+01
 5.91531122e+01 2.53039498e+01
 5.91531122e+01 2.53039498e+01
 5.91531122e+01 2.53039498e+01
 5.91531122e+01 2.53039498e+01
 5.91531122e+01 2.53039498e+01
 5.91531122e+01 2.53039498e+01
 5.91531122e+01 2.53039498e+01
 5.91531122e+01 2.53039498e+01
 5.91531122e+01 2.53039498e+01
 5.91531122e+01 2.53039498e+01
