 0.00000000e+00 0.00000000e+00
 0.00000000e+00 0.00000000e+00
 0.00000000e+00 0.00000000e+00
 0.00000000e+00 0.00000000e+00
 -3.66776654e-03 1.17672377e-01
 -1.31093420e-02 2.32026165e-01
 -3.36505198e-02 3.01200176e-01
 -7.24817837e-02 2.80144558e-01
 -1.38033104e-01 1.28402358e-01
 -2.39069020e-01 -1.86460990e-01
 -3.83572567e-01 -6.87938221e-01
 -5.77839726e-01 -1.39104553e+00
 -8.26232901e-01 -2.30352975e+00
 -1.13119762e+00 -3.42627575e+00
 -1.49291650e+00 -4.75217956e+00
 -1.90892707e+00 -6.26511074e+00
 -2.37436794e+00 -7.94107348e+00
 -2.88248092e+00 -9.75121671e+00
 -3.42423162e+00 -1.16639134e+01
 -3.98673067e+00 -1.36439747e+01
 -4.55163224e+00 -1.56504470e+01
 -5.09512422e+00 -1.76362887e+01
 -5.59012513e+00 -1.95513433e+01
 -6.00975949e+00 -2.13469327e+01
 -6.33019259e+00 -2.29797121e+01
 -6.53160984e+00 -2.44142352e+01
 -6.59848739e+00 -2.56251209e+01
 -6.52147318e+00 -2.65990456e+01
 -6.30059568e+00 -2.73352037e+01
 -5.94607699e+00 -2.78427562e+01
 -5.47426062e+00 -2.81357591e+01
 -4.90118335e+00 -2.82281173e+01
 -4.23851684e+00 -2.81309979e+01
 -3.49366398e+00 -2.78530993e+01
 -2.67203760e+00 -2.74024049e+01
 -1.77880233e+00 -2.67878875e+01
 -8.19124715e-01 -2.60205416e+01
 2.02102129e-01 -2.51139661e+01
 1.27958954e+00 -2.40848232e+01
 2.40578492e+00 -2.29529700e+01
 3.56929220e+00 -2.17407803e+01
 4.75527829e+00 -2.04717159e+01
 5.94778482e+00 -1.91689708e+01
 7.13212025e+00 -1.78549686e+01
 8.29567652e+00 -1.65516061e+01
 9.42725033e+00 -1.52804015e+01
 1.05163294e+01 -1.40620280e+01
 1.15532958e+01 -1.29156348e+01
 1.25298329e+01 -1.18585102e+01
 1.34383608e+01 -1.09058314e+01
 1.42707247e+01 -1.00697706e+01
 1.50175968e+01 -9.35798309e+00
 1.56695267e+01 -8.77244615e+00
 1.62191064e+01 -8.30936474e+00
 1.66629902e+01 -7.95977656e+00
 1.70029924e+01 -7.71014319e+00
 1.72464368e+01 -7.54314923e+00
 1.74061972e+01 -7.43987714e+00
 1.74999912e+01 -7.38370623e+00
 1.75478240e+01 -7.36415924e+00
 1.75677012e+01 -7.37831747e+00
 1.75716855e+01 -7.42944243e+00
 1.75643448e+01 -7.52473281e+00
 1.75436986e+01 -7.67427527e+00
 1.75033264e+01 -7.89134087e+00
 1.74344503e+01 -8.19242154e+00
 1.73277219e+01 -8.59564771e+00
 1.71748674e+01 -9.11783493e+00
 1.69699396e+01 -9.77140836e+00
 1.67098227e+01 -1.05622445e+01
 1.63942686e+01 -1.14888088e+01
 1.60258153e+01 -1.25424737e+01
 1.56093279e+01 -1.37087527e+01
 1.51509280e+01 -1.49693319e+01
 1.46565832e+01 -1.63047902e+01
 1.41305951e+01 -1.76975499e+01
 1.35739081e+01 -1.91344213e+01
 1.29822036e+01 -2.06083656e+01
 1.23439872e+01 -2.21192793e+01
 1.16391141e+01 -2.36735928e+01
 1.08385635e+01 -2.52827106e+01
 9.90645183e+00 -2.69606316e+01
 8.80453430e+00 -2.87212174e+01
 7.49786874e+00 -3.05756268e+01
 5.95937568e+00 -3.25303032e+01
 4.17197491e+00 -3.45854644e+01
 2.12905897e+00 -3.67338934e+01
 -1.65054737e-01 -3.89603008e+01
 -2.69427992e+00 -4.12418108e+01
 -5.43052278e+00 -4.35496608e+01
 -8.33476614e+00 -4.58515676e+01
 -1.13590125e+01 -4.81139549e+01
 -1.44482177e+01 -5.03034676e+01
 -1.75419103e+01 -5.23878399e+01
 -2.05758754e+01 -5.43366251e+01
 -2.34844094e+01 -5.61219987e+01
 -2.62032971e+01 -5.77193699e+01
 -2.86735179e+01 -5.91075829e+01
 -3.08457097e+01 -6.02687066e+01
 -3.26846914e+01 -6.11874458e+01
 -3.41722995e+01 -6.18505385e+01
 -3.53073516e+01 -6.22472025e+01
 -3.61037909e+01 -6.23718884e+01
 -3.65896009e+01 -6.22298170e+01
 -3.68080904e+01 -6.18444514e+01
 -3.68197185e+01 -6.12637796e+01
 -3.66988613e+01 -6.05589372e+01
 -3.65208754e+01 -5.98092507e+01
 -3.63434814e+01 -5.90779863e+01
 -3.61949279e+01 -5.83949696e+01
 -3.60773811e+01 -5.77586886e+01
 -3.59805263e+01 -5.71527624e+01
 -3.58936858e+01 -5.65614076e+01
 -3.58105188e+01 -5.59753888e+01
 -3.57283905e+01 -5.53908798e+01
 -3.56464903e+01 -5.48067028e+01
 -3.55646291e+01 -5.42225826e+01
 -3.54827730e+01 -5.36384702e+01
 -3.54009177e+01 -5.30543593e+01
 -3.53190635e+01 -5.24702562e+01
 -3.52372174e+01 -5.18862115e+01
 -3.51554201e+01 -5.13025147e+01
 -3.50738504e+01 -5.07204420e+01
 -3.49931163e+01 -5.01443322e+01
 -3.49147973e+01 -4.95854561e+01
 -3.48419816e+01 -4.90658508e+01
 -3.47790660e+01 -4.86168918e+01
 -3.47302256e+01 -4.82683716e+01
 -3.47302256e+01 -4.82683716e+01
 -3.47302256e+01 -4.82683716e+01
 -3.47302256e+01 -4.82683716e+01
 -3.47302256e+01 -4.82683716e+01
 -3.47302256e+01 -4.82683716e+01
 -3.47302256e+01 -4.82683716e+01
 -3.47302256e+01 -4.82683716e+01
 -3.47302256e+01 -4.82683716e+01
 -3.47302256e+01 -4.82683716e+01
 -3.47302256e+01 -4.82683716e+01
 -3.47302256e+01 -4.82683716e+01
 -3.47302256e+01 -4.82683716e+01
 -3.47302256e+01 -4.82683716e+01
 -3.47302256e+01 -4.82683716e+01
 -3.47302256e+01 -4.82683716e+01
 -3.47302256e+01 -4.82683716e+01
 -3.47302256e+01 -4.82683716e+01
 -3.47302256e+01 -4.82683716e+01
 -3.47302256e+01 -4.82683716e+01
 -3.47302256e+01 -4.82683716e+01
 -3.47302256e+01 -4.82683716e+01
 -3.47302256e+01 -4.82683716e+01
 -3.47302256e+01 -4.82683716e+01
 -3.47302256e+01 -4.82683716e+01
 -3.47302256e+01 -4.82683716e+01
 -3.47302256e+01 -4.82683716e+01
 -3.47302256e+01 -4.82683716e+01
 -3.47302256e+01 -4.82683716e+01
 -3.47302256e+01 -4.82683716e+01
 -3.47302256e+01 -4.82683716e+01
 -3.47302256e+01 -4.82683716e+01
 -3.47302256e+01 -4.82683716e+01
 -3.47302256e+01 -4.82683716e+01
 -3.47302256e+01 -4.82683716e+01
 -3.47302256e+01 -4.82683716e+01
