 0.00000000e+00 0.00000000e+00
 0.00000000e+00 0.00000000e+00
 0.00000000e+00 0.00000000e+00
 0.00000000e+00 0.00000000e+00
 0.00000000e+00 0.00000000e+00
 0.00000000e+00 0.00000000e+00
 0.00000000e+00 0.00000000e+00
 0.00000000e+00 0.00000000e+00
 0.00000000e+00 0.00000000e+00
 0.00000000e+00 0.00000000e+00
 0.00000000e+00 0.00000000e+00
 0.00000000e+00 0.00000000e+00
 0.00000000e+00 0.00000000e+00
 0.00000000e+00 0.00000000e+00
 0.00000000e+00 0.00000000e+00
 -2.53507632e-01 2.32115968e-01
 -6.05986982e-01 5.37178177e-01
 -1.05138707e+00 8.97157363e-01
 -1.57840741e+00 1.28962122e+00
 -2.17684069e+00 1.69403519e+00
 -2.83957434e+00 2.09286687e+00
 -3.56155901e+00 2.46987583e+00
 -4.33836516e+00 2.80857944e+00
 -5.16568313e+00 3.09197760e+00
 -6.03984917e+00 3.30329486e+00
 -6.95868143e+00 3.42690602e+00
 -7.92167717e+00 3.44854914e+00
 -8.92926092e+00 3.35488364e+00
 -9.98168400e+00 3.13345590e+00
 -1.10783349e+01 2.77354314e+00
 -1.22175708e+01 2.26706039e+00
 -1.33965076e+01 1.60881293e+00
 -1.46101548e+01 7.96409582e-01
 -1.58499292e+01 -1.69599200e-01
 -1.71022536e+01 -1.28535293e+00
 -1.83477595e+01 -2.54334830e+00
 -1.95609586e+01 -3.93197596e+00
 -2.07102462e+01 -5.43433416e+00
 -2.17586284e+01 -7.02624161e+00
 -2.26656645e+01 -8.67452092e+00
 -2.33906485e+01 -1.03370273e+01
 -2.38965184e+01 -1.19649562e+01
 -2.41536283e+01 -1.35065173e+01
 -2.41424183e+01 -1.49103978e+01
 -2.38543889e+01 -1.61280988e+01
 -2.32916023e+01 -1.71153821e+01
 -2.24654727e+01 -1.78335346e+01
 -2.13952403e+01 -1.82508187e+01
 -2.01058698e+01 -1.83439736e+01
 -1.86253546e+01 -1.80994339e+01
 -1.69822569e+01 -1.75141639e+01
 -1.52044675e+01 -1.65962770e+01
 -1.33192930e+01 -1.53653626e+01
 -1.13540509e+01 -1.38519169e+01
 -9.33618132e+00 -1.20952234e+01
 -7.29248923e+00 -1.01394970e+01
 -5.24788490e+00 -8.02866240e+00
 -3.22426882e+00 -5.80072754e+00
 -1.23983789e+00 -3.48323262e+00
 6.91453152e-01 -1.09124065e+00
 2.56052499e+00 1.37142570e+00
 4.36334595e+00 3.90805054e+00
 6.09956247e+00 6.52309507e+00
 7.76945516e+00 9.21580127e+00
 9.37065776e+00 1.19745382e+01
 1.08962572e+01 1.47729700e+01
 1.23345581e+01 1.75690924e+01
 1.36697530e+01 2.03078270e+01
 1.48830144e+01 2.29267795e+01
 1.59542216e+01 2.53634830e+01
 1.68643917e+01 2.75620062e+01
 1.75979923e+01 2.94774130e+01
 1.81438870e+01 3.10774744e+01
 1.84945442e+01 3.23417048e+01
 1.86447581e+01 3.32584125e+01
 1.85916885e+01 3.38211369e+01
 1.83363160e+01 3.40260196e+01
 1.78842600e+01 3.38708155e+01
 1.72444845e+01 3.33550248e+01
 1.64269660e+01 3.24801646e+01
 1.54411906e+01 3.12498439e+01
 1.42958438e+01 2.96700888e+01
 1.29990024e+01 2.77503026e+01
 1.15585475e+01 2.55045878e+01
 9.98302234e+00 2.29528546e+01
 8.28291852e+00 2.01213996e+01
 6.47195460e+00 1.70430916e+01
 4.56813721e+00 1.37576339e+01
 2.59515045e+00 1.03123696e+01
 5.84783137e-01 6.76371212e+00
 -1.42004320e+00 3.17870314e+00
 -3.36351640e+00 -3.64500575e-01
 -5.17839403e+00 -3.77884022e+00
 -6.79112913e+00 -6.97413299e+00
 -8.12910989e+00 -9.86511477e+00
 -9.12719733e+00 -1.23784847e+01
 -9.73127591e+00 -1.44560584e+01
 -9.89883478e+00 -1.60540837e+01
 -9.59870545e+00 -1.71418046e+01
 -8.81212964e+00 -1.77024139e+01
 -7.53569949e+00 -1.77364929e+01
 -5.78485231e+00 -1.72651401e+01
 -3.59578888e+00 -1.63302316e+01
 -1.02485780e+00 -1.49920168e+01
 1.85340349e+00 -1.33262143e+01
 4.94839512e+00 -1.14215425e+01
 8.15799667e+00 -9.37521151e+00
 1.13805817e+01 -7.28222566e+00
 1.45353980e+01 -5.21835755e+00
 1.75816224e+01 -3.22488414e+00
 2.05216362e+01 -1.30633234e+00
 2.33849686e+01 5.56366048e-01
 2.62055465e+01 2.38745424e+00
 2.90074528e+01 4.20463113e+00
 3.18029443e+01 6.01700869e+00
 3.45967008e+01 7.82808520e+00
 3.73900882e+01 9.63888451e+00
 4.01834139e+01 1.14496374e+01
 4.29767311e+01 1.32603841e+01
 4.57700437e+01 1.50711276e+01
 4.85633194e+01 1.68818473e+01
 5.13563156e+01 1.86923857e+01
 5.41476486e+01 2.05018459e+01
 5.69312143e+01 2.23062712e+01
 5.96862650e+01 2.40922117e+01
 6.23589010e+01 2.58247276e+01
 6.48437379e+01 2.74355041e+01
 6.69907325e+01 2.88272770e+01
 6.86574125e+01 2.99076895e+01
 6.86574125e+01 2.99076895e+01
 6.86574125e+01 2.99076895e+01
 6.86574125e+01 2.99076895e+01
 6.86574125e+01 2.99076895e+01
 6.86574125e+01 2.99076895e+01
 6.86574125e+01 2.99076895e+01
 6.86574125e+01 2.99076895e+01
 6.86574125e+01 2.99076895e+01
 6.86574125e+01 2.99076895e+01
 6.86574125e+01 2.99076895e+01
 6.86574125e+01 2.99076895e+01
 6.86574125e+01 2.99076895e+01
 6.86574125e+01 2.99076895e+01
 6.86574125e+01 2.99076895e+01
 6.86574125e+01 2.99076895e+01
 6.86574125e+01 2.99076895e+01
 6.86574125e+01 2.99076895e+01
 6.86574125e+01 2.99076895e+01
 6.86574125e+01 2.99076895e+01
 6.86574125e+01 2.99076895e+01
 6.86574125e+01 2.99076895e+01
 6.86574125e+01 2.99076895e+01
 6.86574125e+01 2.99076895e+01
 6.86574125e+01 2.99076895e+01
 6.86574125e+01 2.99076895e+01
 6.86574125e+01 2.99076895e+01
 6.86574125e+01 2.99076895e+01
 6.86574125e+01 2.99076895e+01
 6.86574125e+01 2.99076895e+01
 6.86574125e+01 2.99076895e+01
 6.86574125e+01 2.99076895e+01
