 0.00000000e+00 0.00000000e+00
 0.00000000e+00 0.00000000e+00
 0.00000000e+00 0.00000000e+00
 0.00000000e+00 0.00000000e+00
 2.91901881e-03 4.95033070e-02
 -1.32904789e-02 1.00290182e-01
 -5.69665879e-02 1.42718209e-01
 -1.28783408e-01 1.69238478e-01
 -2.22517925e-01 1.74066393e-01
 -3.30449459e-01 1.50215897e-01
 -4.48666498e-01 8.57977460e-02
 -5.79056437e-01 -3.89032229e-02
 -7.28573678e-01 -2.52230919e-01
 -9.07945854e-01 -5.89235933e-01
 -1.13087359e+00 -1.08767631e+00
 -1.41319671e+00 -1.78309961e+00
 -1.77116233e+00 -2.70402542e+00
 -2.21889381e+00 -3.86794528e+00
 -2.76592263e+00 -5.27834822e+00
 -3.41523041e+00 -6.92276410e+00
 -4.16157070e+00 -8.77222160e+00
 -4.98993928e+00 -1.07828144e+01
 -5.87462785e+00 -1.28995875e+01
 -6.77963379e+00 -1.50618882e+01
 -7.66108029e+00 -1.72085834e+01
 -8.47171318e+00 -1.92820035e+01
 -9.16657944e+00 -2.12307190e+01
 -9.70810144e+00 -2.30118681e+01
 -1.00688557e+01 -2.45931193e+01
 -1.02319265e+01 -2.59534383e+01
 -1.01903281e+01 -2.70818697e+01
 -9.94647982e+00 -2.79746256e+01
 -9.51068850e+00 -2.86316864e+01
 -8.89746568e+00 -2.90540184e+01
 -8.12106106e+00 -2.92420294e+01
 -7.19309408e+00 -2.91957132e+01
 -6.12316028e+00 -2.89163929e+01
 -4.92059225e+00 -2.84089289e+01
 -3.59570266e+00 -2.76833198e+01
 -2.16086456e+00 -2.67559298e+01
 -6.32224155e-01 -2.56508845e+01
 9.68798606e-01 -2.44008121e+01
 2.61586698e+00 -2.30453421e+01
 4.28009301e+00 -2.16271223e+01
 5.93282657e+00 -2.01871841e+01
 7.54730683e+00 -1.87619154e+01
 9.09882883e+00 -1.73823177e+01
 1.05641322e+01 -1.60744607e+01
 1.19211415e+01 -1.48598281e+01
 1.31498562e+01 -1.37553528e+01
 1.42342583e+01 -1.27736103e+01
 1.51643494e+01 -1.19230570e+01
 1.59374090e+01 -1.12077574e+01
 1.65579568e+01 -1.06267885e+01
 1.70364468e+01 -1.01741424e+01
 1.73874854e+01 -9.83935155e+00
 1.76287588e+01 -9.60834974e+00
 1.77808833e+01 -9.46446105e+00
 1.78667733e+01 -9.39024437e+00
 1.79091656e+01 -9.37045808e+00
 1.79270629e+01 -9.39460594e+00
 1.79334078e+01 -9.45695004e+00
 1.79352669e+01 -9.55401699e+00
 1.79357023e+01 -9.68183711e+00
 1.79357278e+01 -9.83457097e+00
 1.79354567e+01 -1.00041576e+01
 1.79344139e+01 -1.01801723e+01
 1.79313952e+01 -1.03502898e+01
 1.79245161e+01 -1.05022863e+01
 1.79121409e+01 -1.06272333e+01
 1.78945470e+01 -1.07218839e+01
 1.78747652e+01 -1.07884426e+01
 1.78571712e+01 -1.08321273e+01
 1.78447959e+01 -1.08587362e+01
 1.78379149e+01 -1.08737759e+01
 1.78348808e+01 -1.08829216e+01
 1.78337401e+01 -1.08931890e+01
 1.78329671e+01 -1.09147512e+01
 1.78309053e+01 -1.09629502e+01
 1.78242074e+01 -1.10593042e+01
 1.78057158e+01 -1.12309897e+01
 1.77626796e+01 -1.15096293e+01
 1.76765255e+01 -1.19300766e+01
 1.75244853e+01 -1.25286247e+01
 1.72818606e+01 -1.33399153e+01
 1.69235902e+01 -1.43931077e+01
 1.64251175e+01 -1.57087913e+01
 1.57632384e+01 -1.72976658e+01
 1.49169661e+01 -1.91608838e+01
 1.38679283e+01 -2.12912512e+01
 1.25999577e+01 -2.36746562e+01
 1.10976373e+01 -2.62917918e+01
 9.34394221e+00 -2.91204988e+01
 7.31839290e+00 -3.21382888e+01
 4.99791456e+00 -3.53237872e+01
 2.36104778e+00 -3.86564194e+01
 -6.06346898e-01 -4.21150562e+01
 -3.90602470e+00 -4.56765071e+01
 -7.52302843e+00 -4.93136730e+01
 -1.14211515e+01 -5.29929353e+01
 -1.55391707e+01 -5.66715452e+01
 -1.97913189e+01 -6.02966169e+01
 -2.40745537e+01 -6.38066506e+01
 -2.82807652e+01 -6.71351604e+01
 -3.23088068e+01 -7.02152711e+01
 -3.60726267e+01 -7.29844992e+01
 -3.95056417e+01 -7.53894467e+01
 -4.25631922e+01 -7.73897421e+01
 -4.52233266e+01 -7.89598094e+01
 -4.74843182e+01 -8.00876657e+01
 -4.93582356e+01 -8.07719286e+01
 -5.08627902e+01 -8.10193065e+01
 -5.20152174e+01 -8.08439324e+01
 -5.28308072e+01 -8.02686245e+01
 -5.33269141e+01 -7.93282453e+01
 -5.35320988e+01 -7.80757186e+01
 -5.34970205e+01 -7.65884534e+01
 -5.32980829e+01 -7.49666870e+01
 -5.30243516e+01 -7.33148544e+01
 -5.27509248e+01 -7.17112829e+01
 -5.25175454e+01 -7.01877954e+01
 -5.23285186e+01 -6.87352650e+01
 -5.21697194e+01 -6.73270820e+01
 -5.20257829e+01 -6.59397364e+01
 -5.18873650e+01 -6.45599188e+01
 -5.17505221e+01 -6.31822118e+01
 -5.16140275e+01 -6.18049659e+01
 -5.14775928e+01 -6.04277987e+01
 -5.13411662e+01 -5.90506421e+01
 -5.12047406e+01 -5.76734884e+01
 -5.10683169e+01 -5.62963530e+01
 -5.09319068e+01 -5.49193555e+01
 -5.07955780e+01 -5.35431779e+01
 -5.06596285e+01 -5.21708297e+01
 -5.05250717e+01 -5.08125399e+01
 -5.03945400e+01 -4.94948820e+01
 -5.02731805e+01 -4.82698126e+01
 -5.01683211e+01 -4.72113054e+01
 -5.00869204e+01 -4.63896021e+01
 -5.00869204e+01 -4.63896021e+01
 -5.00869204e+01 -4.63896021e+01
 -5.00869204e+01 -4.63896021e+01
 -5.00869204e+01 -4.63896021e+01
 -5.00869204e+01 -4.63896021e+01
 -5.00869204e+01 -4.63896021e+01
 -5.00869204e+01 -4.63896021e+01
 -5.00869204e+01 -4.63896021e+01
 -5.00869204e+01 -4.63896021e+01
 -5.00869204e+01 -4.63896021e+01
 -5.00869204e+01 -4.63896021e+01
 -5.00869204e+01 -4.63896021e+01
 -5.00869204e+01 -4.63896021e+01
 -5.00869204e+01 -4.63896021e+01
 -5.00869204e+01 -4.63896021e+01
 -5.00869204e+01 -4.63896021e+01
 -5.00869204e+01 -4.63896021e+01
 -5.00869204e+01 -4.63896021e+01
 -5.00869204e+01 -4.63896021e+01
 -5.00869204e+01 -4.63896021e+01
 -5.00869204e+01 -4.63896021e+01
 -5.00869204e+01 -4.63896021e+01
 -5.00869204e+01 -4.63896021e+01
 -5.00869204e+01 -4.63896021e+01
