 0.00000000e+00 0.00000000e+00
 0.00000000e+00 0.00000000e+00
 0.00000000e+00 0.00000000e+00
 0.00000000e+00 0.00000000e+00
 -2.74728310e-01 -4.39324226e-02
 -5.89451420e-01 -9.52882401e-02
 -8.92405370e-01 -1.46102327e-01
 -1.13229227e+00 -1.87195690e-01
 -1.26887278e+00 -2.08996990e-01
 -1.27321684e+00 -2.01957506e-01
 -1.12452630e+00 -1.58087232e-01
 -8.08704080e-01 -7.30717120e-02
 -3.17589511e-01 5.30334524e-02
 3.53279003e-01 2.16989433e-01
 1.20692420e+00 4.13811111e-01
 2.24451906e+00 6.37087919e-01
 3.46263609e+00 8.78522577e-01
 4.85107964e+00 1.12777204e+00
 6.39315949e+00 1.37319441e+00
 8.06763731e+00 1.60345582e+00
 9.85071336e+00 1.80948007e+00
 1.17173745e+01 1.98588969e+00
 1.36420802e+01 2.13128201e+00
 1.55986604e+01 2.24749860e+00
 1.75595688e+01 2.33866167e+00
 1.94953156e+01 2.41040795e+00
 2.13749074e+01 2.46897303e+00
 2.31671693e+01 2.51980342e+00
 2.48419651e+01 2.56619459e+00
 2.63707949e+01 2.60872774e+00
 2.77275383e+01 2.64559602e+00
 2.88902759e+01 2.67321526e+00
 2.98435280e+01 2.68626181e+00
 3.05790619e+01 2.67649069e+00
 3.10944458e+01 2.63090519e+00
 3.13903940e+01 2.53143331e+00
 3.14686885e+01 2.35772107e+00
 3.13320854e+01 2.09176102e+00
 3.09861686e+01 1.72149171e+00
 3.04410036e+01 1.24214356e+00
 2.97105859e+01 6.56196573e-01
 2.88111247e+01 -2.71292102e-02
 2.77604639e+01 -7.92868352e-01
 2.65783599e+01 -1.62213708e+00
 2.52854705e+01 -2.49485023e+00
 2.39007301e+01 -3.39290720e+00
 2.24390975e+01 -4.30294381e+00
 2.09112827e+01 -5.21755553e+00
 1.93252908e+01 -6.13432032e+00
 1.76887808e+01 -7.05301762e+00
 1.60113355e+01 -7.97254908e+00
 1.43060111e+01 -8.88917360e+00
 1.25898661e+01 -9.79650787e+00
 1.08834067e+01 -1.06864254e+01
 9.20903086e+00 -1.15497565e+01
 7.58888094e+00 -1.23765345e+01
 6.04296113e+00 -1.31563478e+01
 4.58849567e+00 -1.38792229e+01
 3.24082143e+00 -1.45366565e+01
 2.01467988e+00 -1.51221263e+01
 9.24046856e-01 -1.56310669e+01
 -1.99725536e-02 -1.60609231e+01
 -8.11496781e-01 -1.64116049e+01
 -1.45074910e+00 -1.66859465e+01
 -1.94386971e+00 -1.68897148e+01
 -2.30314847e+00 -1.70313282e+01
 -2.54751707e+00 -1.71216009e+01
 -2.70114954e+00 -1.71731578e+01
 -2.78895593e+00 -1.71989098e+01
 -2.83086015e+00 -1.72099118e+01
 -2.83803669e+00 -1.72138563e+01
 -2.81256416e+00 -1.72150246e+01
 -2.74981732e+00 -1.72153056e+01
 -2.64176946e+00 -1.72153494e+01
 -2.47913299e+00 -1.72152869e+01
 -2.25152677e+00 -1.72149310e+01
 -1.94674134e+00 -1.72134909e+01
 -1.55036130e+00 -1.72087729e+01
 -1.04578194e+00 -1.71960719e+01
 -4.14226203e-01 -1.71675371e+01
 3.65066973e-01 -1.71130033e+01
 1.31399947e+00 -1.70223318e+01
 2.45373791e+00 -1.68879461e+01
 3.80160747e+00 -1.67061791e+01
 5.36709413e+00 -1.64773569e+01
 7.14805907e+00 -1.62054789e+01
 9.12841079e+00 -1.58980661e+01
 1.12778328e+01 -1.55660684e+01
 1.35534308e+01 -1.52234030e+01
 1.59027395e+01 -1.48858486e+01
 1.82673945e+01 -1.45694118e+01
 2.05870801e+01 -1.42885429e+01
 2.28038568e+01 -1.40544465e+01
 2.48667136e+01 -1.38736191e+01
 2.67352729e+01 -1.37471680e+01
 2.83816196e+01 -1.36717213e+01
 2.97905786e+01 -1.36414822e+01
 3.09594045e+01 -1.36493901e+01
 3.18969898e+01 -1.36864641e+01
 3.26220029e+01 -1.37413199e+01
 3.31599129e+01 -1.38019667e+01
 3.35397202e+01 -1.38588241e+01
 3.37913018e+01 -1.39061756e+01
 3.39433935e+01 -1.39411939e+01
 3.40211632e+01 -1.39620694e+01
 3.40428224e+01 -1.39666004e+01
 3.40171018e+01 -1.39512749e+01
 3.39446636e+01 -1.39109310e+01
 3.38238447e+01 -1.38397702e+01
 3.36570838e+01 -1.37340619e+01
 3.34538834e+01 -1.35955564e+01
 3.32291926e+01 -1.34332906e+01
 3.29987811e+01 -1.32613555e+01
 3.27742129e+01 -1.30929884e+01
 3.25601967e+01 -1.29352210e+01
 3.23556566e+01 -1.27881309e+01
 3.21570678e+01 -1.26481376e+01
 3.19612843e+01 -1.25116023e+01
 3.17665171e+01 -1.23763463e+01
 3.15720356e+01 -1.22414548e+01
 3.13776167e+01 -1.21066439e+01
 3.11832084e+01 -1.19718468e+01
 3.09888017e+01 -1.18370516e+01
 3.07943953e+01 -1.17022568e+01
 3.05999915e+01 -1.15674638e+01
 3.04056071e+01 -1.14326843e+01
 3.02113385e+01 -1.12979850e+01
 3.00176105e+01 -1.11636605e+01
 2.98258670e+01 -1.10307121e+01
 2.96398594e+01 -1.09017407e+01
 2.94669220e+01 -1.07818318e+01
 2.93174975e+01 -1.06782259e+01
 2.92015015e+01 -1.05977981e+01
 2.92015015e+01 -1.05977981e+01
 2.92015015e+01 -1.05977981e+01
 2.92015015e+01 -1.05977981e+01
 2.92015015e+01 -1.05977981e+01
 2.92015015e+01 -1.05977981e+01
 2.92015015e+01 -1.05977981e+01
 2.92015015e+01 -1.05977981e+01
 2.92015015e+01 -1.05977981e+01
 2.92015015e+01 -1.05977981e+01
 2.92015015e+01 -1.05977981e+01
 2.92015015e+01 -1.05977981e+01
 2.92015015e+01 -1.05977981e+01
 2.92015015e+01 -1.05977981e+01
 2.92015015e+01 -1.05977981e+01
 2.92015015e+01 -1.05977981e+01
 2.92015015e+01 -1.05977981e+01
 2.92015015e+01 -1.05977981e+01
 2.92015015e+01 -1.05977981e+01
 2.92015015e+01 -1.05977981e+01
 2.92015015e+01 -1.05977981e+01
 2.92015015e+01 -1.05977981e+01
 2.92015015e+01 -1.05977981e+01
 2.92015015e+01 -1.05977981e+01
 2.92015015e+01 -1.05977981e+01
 2.92015015e+01 -1.05977981e+01
 2.92015015e+01 -1.05977981e+01
 2.92015015e+01 -1.05977981e+01
 2.92015015e+01 -1.05977981e+01
 2.92015015e+01 -1.05977981e+01
 2.92015015e+01 -1.05977981e+01
 2.92015015e+01 -1.05977981e+01
 2.92015015e+01 -1.05977981e+01
 2.92015015e+01 -1.05977981e+01
 2.92015015e+01 -1.05977981e+01
 2.92015015e+01 -1.05977981e+01
 2.92015015e+01 -1.05977981e+01
 2.92015015e+01 -1.05977981e+01
 2.92015015e+01 -1.05977981e+01
 2.92015015e+01 -1.05977981e+01
 2.92015015e+01 -1.05977981e+01
 2.92015015e+01 -1.05977981e+01
 2.92015015e+01 -1.05977981e+01
 2.92015015e+01 -1.05977981e+01
 2.92015015e+01 -1.05977981e+01
 2.92015015e+01 -1.05977981e+01
 2.92015015e+01 -1.05977981e+01
 2.92015015e+01 -1.05977981e+01
 2.92015015e+01 -1.05977981e+01
 2.92015015e+01 -1.05977981e+01
 2.92015015e+01 -1.05977981e+01
 2.92015015e+01 -1.05977981e+01
 2.92015015e+01 -1.05977981e+01
 2.92015015e+01 -1.05977981e+01
 2.92015015e+01 -1.05977981e+01
 2.92015015e+01 -1.05977981e+01
 2.92015015e+01 -1.05977981e+01
 2.92015015e+01 -1.05977981e+01
 2.92015015e+01 -1.05977981e+01
 2.92015015e+01 -1.05977981e+01
 2.92015015e+01 -1.05977981e+01
 2.92015015e+01 -1.05977981e+01
 2.92015015e+01 -1.05977981e+01
 2.92015015e+01 -1.05977981e+01
