 0.00000000e+00 0.00000000e+00
 0.00000000e+00 0.00000000e+00
 0.00000000e+00 0.00000000e+00
 0.00000000e+00 0.00000000e+00
 0.00000000e+00 0.00000000e+00
 0.00000000e+00 0.00000000e+00
 0.00000000e+00 0.00000000e+00
 0.00000000e+00 0.00000000e+00
 0.00000000e+00 0.00000000e+00
 0.00000000e+00 0.00000000e+00
 0.00000000e+00 0.00000000e+00
 0.00000000e+00 0.00000000e+00
 0.00000000e+00 0.00000000e+00
 0.00000000e+00 0.00000000e+00
 0.00000000e+00 0.00000000e+00
 0.00000000e+00 0.00000000e+00
 0.00000000e+00 0.00000000e+00
 0.00000000e+00 0.00000000e+00
 0.00000000e+00 0.00000000e+00
 0.00000000e+00 0.00000000e+00
 0.00000000e+00 0.00000000e+00
 0.00000000e+00 0.00000000e+00
 0.00000000e+00 0.00000000e+00
 0.00000000e+00 0.00000000e+00
 0.00000000e+00 0.00000000e+00
 0.00000000e+00 0.00000000e+00
 0.00000000e+00 0.00000000e+00
 0.00000000e+00 0.00000000e+00
 0.00000000e+00 0.00000000e+00
 0.00000000e+00 0.00000000e+00
 0.00000000e+00 0.00000000e+00
 0.00000000e+00 0.00000000e+00
 0.00000000e+00 0.00000000e+00
 0.00000000e+00 0.00000000e+00
 0.00000000e+00 0.00000000e+00
 0.00000000e+00 0.00000000e+00
 0.00000000e+00 0.00000000e+00
 0.00000000e+00 0.00000000e+00
 0.00000000e+00 0.00000000e+00
 0.00000000e+00 0.00000000e+00
 0.00000000e+00 0.00000000e+00
 0.00000000e+00 0.00000000e+00
 0.00000000e+00 0.00000000e+00
 0.00000000e+00 0.00000000e+00
 0.00000000e+00 0.00000000e+00
 0.00000000e+00 0.00000000e+00
 0.00000000e+00 0.00000000e+00
 0.00000000e+00 0.00000000e+00
 0.00000000e+00 0.00000000e+00
 0.00000000e+00 0.00000000e+00
 0.00000000e+00 0.00000000e+00
 0.00000000e+00 0.00000000e+00
 0.00000000e+00 0.00000000e+00
 0.00000000e+00 0.00000000e+00
 0.00000000e+00 0.00000000e+00
 0.00000000e+00 0.00000000e+00
 0.00000000e+00 0.00000000e+00
 0.00000000e+00 0.00000000e+00
 0.00000000e+00 0.00000000e+00
 0.00000000e+00 0.00000000e+00
 0.00000000e+00 0.00000000e+00
 0.00000000e+00 0.00000000e+00
 4.20501244e-01 6.92838662e-02
 1.01926955e+00 1.64133118e-01
 1.79720829e+00 2.81774593e-01
 2.74349282e+00 4.17551924e-01
 3.84228534e+00 5.66320530e-01
 5.07485414e+00 7.22746085e-01
 6.41896578e+00 8.81017911e-01
 7.84858449e+00 1.03462914e+00
 9.33484098e+00 1.17647713e+00
 1.08477268e+01 1.29935062e+00
 1.23578492e+01 1.39679265e+00
 1.38379337e+01 1.46406939e+00
 1.52640181e+01 1.49861119e+00
 1.66164630e+01 1.49950359e+00
 1.78808620e+01 1.46670744e+00
 1.90484616e+01 1.40118734e+00
 2.01154519e+01 1.30580556e+00
 2.10811378e+01 1.18556543e+00
 2.19458647e+01 1.04659937e+00
 2.27096151e+01 8.94726977e-01
 2.33715243e+01 7.34358070e-01
 2.39299015e+01 5.67706650e-01
 2.43821591e+01 3.94176488e-01
 2.47244398e+01 2.10097376e-01
 2.49513192e+01 8.97953815e-03
 2.50560722e+01 -2.17757017e-01
 2.50314473e+01 -4.79759689e-01
 2.48704031e+01 -7.86715465e-01
 2.45663826e+01 -1.14757195e+00
 2.41131967e+01 -1.56998246e+00
 2.35049538e+01 -2.05974849e+00
 2.27362917e+01 -2.62018797e+00
 2.18025633e+01 -3.25157116e+00
 2.06995928e+01 -3.95076612e+00
 1.94235484e+01 -4.71130473e+00
 1.79721030e+01 -5.52416999e+00
 1.63471437e+01 -6.37916950e+00
 1.45575847e+01 -7.26613933e+00
 1.26204414e+01 -8.17538480e+00
 1.05599947e+01 -9.09755120e+00
 8.40668105e+00 -1.00234847e+01
 6.19697435e+00 -1.09442673e+01
 3.97358392e+00 -1.18510749e+01
 1.78437691e+00 -1.27344517e+01
 -3.20531964e-01 -1.35831678e+01
 -2.29263421e+00 -1.43835290e+01
 -4.08865577e+00 -1.51200525e+01
 -5.67365099e+00 -1.57776293e+01
 -7.02385875e+00 -1.63443038e+01
 -8.12888517e+00 -1.68133878e+01
 -8.99186800e+00 -1.71841482e+01
 -9.62715013e+00 -1.74613798e+01
 -1.00567453e+01 -1.76547458e+01
 -1.03070173e+01 -1.77781894e+01
 -1.04058992e+01 -1.78487303e+01
 -1.03806885e+01 -1.78839818e+01
 -1.02565937e+01 -1.78990162e+01
 -1.00557714e+01 -1.79041990e+01
 -9.79676776e+00 -1.79049179e+01
 -9.49508837e+00 -1.79026206e+01
 -9.16496479e+00 -1.78961505e+01
 -8.82074660e+00 -1.78831508e+01
 -8.47656609e+00 -1.78617696e+01
 -8.14478062e+00 -1.78322587e+01
 -7.83446807e+00 -1.77973829e+01
 -7.55044034e+00 -1.77611278e+01
 -7.29260167e+00 -1.77266779e+01
 -7.05566468e+00 -1.76953529e+01
 -6.82935517e+00 -1.76671029e+01
 -6.59895720e+00 -1.76415963e+01
 -6.34597623e+00 -1.76188768e+01
 -6.04895337e+00 -1.75993378e+01
 -5.68458445e+00 -1.75829399e+01
 -5.22920751e+00 -1.75679771e+01
 -4.66060252e+00 -1.75505228e+01
 -3.95978818e+00 -1.75252614e+01
 -3.11222199e+00 -1.74869700e+01
 -2.10812846e+00 -1.74315634e+01
 -9.42563708e-01 -1.73564403e+01
 3.83842493e-01 -1.72603510e+01
 1.86335645e+00 -1.71431048e+01
 3.47983332e+00 -1.70056669e+01
 5.20888719e+00 -1.68508611e+01
 7.01994707e+00 -1.66840049e+01
 8.87939612e+00 -1.65127036e+01
 1.07534270e+01 -1.63458713e+01
 1.26098353e+01 -1.61924628e+01
 1.44191142e+01 -1.60600827e+01
 1.61556910e+01 -1.59535780e+01
 1.77994870e+01 -1.58742697e+01
 1.93369784e+01 -1.58206301e+01
 2.07607440e+01 -1.57900662e+01
 2.20673569e+01 -1.57801602e+01
 2.32546491e+01 -1.57883311e+01
 2.43199066e+01 -1.58109552e+01
 2.52599696e+01 -1.58435058e+01
 2.60728009e+01 -1.58815753e+01
 2.67590567e+01 -1.59214785e+01
 2.73226321e+01 -1.59599990e+01
 2.77704319e+01 -1.59940691e+01
 2.81121904e+01 -1.60211216e+01
 2.83606542e+01 -1.60399279e+01
 2.85315516e+01 -1.60510947e+01
 2.86423636e+01 -1.60566253e+01
 2.87097962e+01 -1.60588022e+01
 2.87473546e+01 -1.60591352e+01
 2.87644081e+01 -1.60576733e+01
 2.87667183e+01 -1.60523248e+01
 2.87578720e+01 -1.60380854e+01
 2.87412015e+01 -1.60072063e+01
 2.87209852e+01 -1.59518302e+01
 2.87015712e+01 -1.58688390e+01
 2.86852607e+01 -1.57635136e+01
 2.86715048e+01 -1.56480521e+01
 2.86583110e+01 -1.55352092e+01
 2.86441591e+01 -1.54321802e+01
 2.86287046e+01 -1.53393531e+01
 2.86123273e+01 -1.52533958e+01
 2.85954974e+01 -1.51708110e+01
 2.85785024e+01 -1.50894801e+01
 2.85614611e+01 -1.50085078e+01
 2.85444099e+01 -1.49276150e+01
 2.85273569e+01 -1.48467360e+01
 2.85103037e+01 -1.47658588e+01
 2.84932505e+01 -1.46849819e+01
 2.84761976e+01 -1.46041061e+01
 2.84591463e+01 -1.45232384e+01
 2.84421052e+01 -1.44424188e+01
 2.84251115e+01 -1.43618241e+01
 2.84082919e+01 -1.42820551e+01
 2.83919755e+01 -1.42046722e+01
 2.83768055e+01 -1.41327269e+01
 2.83636981e+01 -1.40705633e+01
 2.83535230e+01 -1.40223067e+01
