 0.00000000e+00 0.00000000e+00
 0.00000000e+00 0.00000000e+00
 0.00000000e+00 0.00000000e+00
 0.00000000e+00 0.00000000e+00
 0.00000000e+00 0.00000000e+00
 0.00000000e+00 0.00000000e+00
 0.00000000e+00 0.00000000e+00
 0.00000000e+00 0.00000000e+00
 0.00000000e+00 0.00000000e+00
 0.00000000e+00 0.00000000e+00
 0.00000000e+00 0.00000000e+00
 0.00000000e+00 0.00000000e+00
 0.00000000e+00 0.00000000e+00
 0.00000000e+00 0.00000000e+00
 0.00000000e+00 0.00000000e+00
 0.00000000e+00 0.00000000e+00
 0.00000000e+00 0.00000000e+00
 0.00000000e+00 0.00000000e+00
 0.00000000e+00 0.00000000e+00
 0.00000000e+00 0.00000000e+00
 0.00000000e+00 0.00000000e+00
 0.00000000e+00 0.00000000e+00
 0.00000000e+00 0.00000000e+00
 0.00000000e+00 0.00000000e+00
 0.00000000e+00 0.00000000e+00
 0.00000000e+00 0.00000000e+00
 0.00000000e+00 0.00000000e+00
 0.00000000e+00 0.00000000e+00
 0.00000000e+00 0.00000000e+00
 0.00000000e+00 0.00000000e+00
 0.00000000e+00 0.00000000e+00
 0.00000000e+00 0.00000000e+00
 0.00000000e+00 0.00000000e+00
 0.00000000e+00 0.00000000e+00
 0.00000000e+00 0.00000000e+00
 0.00000000e+00 0.00000000e+00
 0.00000000e+00 0.00000000e+00
 0.00000000e+00 0.00000000e+00
 0.00000000e+00 0.00000000e+00
 0.00000000e+00 0.00000000e+00
 0.00000000e+00 0.00000000e+00
 0.00000000e+00 0.00000000e+00
 0.00000000e+00 0.00000000e+00
 0.00000000e+00 0.00000000e+00
 0.00000000e+00 0.00000000e+00
 0.00000000e+00 0.00000000e+00
 0.00000000e+00 0.00000000e+00
 0.00000000e+00 0.00000000e+00
 0.00000000e+00 0.00000000e+00
 0.00000000e+00 0.00000000e+00
 0.00000000e+00 0.00000000e+00
 0.00000000e+00 0.00000000e+00
 0.00000000e+00 0.00000000e+00
 4.46034564e-02 -4.39322004e-03
 1.35327884e-01 -1.55534868e-02
 2.98586095e-01 -3.88748576e-02
 5.64795912e-01 -7.96766713e-02
 9.66331850e-01 -1.40797237e-01
 1.53520179e+00 -2.21259333e-01
 2.29979753e+00 -3.16793689e-01
 3.28090701e+00 -4.21179139e-01
 4.48824057e+00 -5.27183886e-01
 5.91886762e+00 -6.27223006e-01
 7.55792808e+00 -7.14519531e-01
 9.38062393e+00 -7.84731872e-01
 1.13542186e+01 -8.37013437e-01
 1.34396976e+01 -8.73909222e-01
 1.55934172e+01 -9.00831201e-01
 1.77688559e+01 -9.25837199e-01
 1.99184396e+01 -9.58915046e-01
 2.19956285e+01 -1.00964758e+00
 2.39572493e+01 -1.08404363e+00
 2.57655963e+01 -1.18278325e+00
 2.73900588e+01 -1.30186354e+00
 2.88086092e+01 -1.43436029e+00
 3.00093354e+01 -1.57176980e+00
 3.09915090e+01 -1.70497287e+00
 3.17653414e+01 -1.82563902e+00
 3.23499758e+01 -1.92799792e+00
 3.27703170e+01 -2.00996733e+00
 3.30542027e+01 -2.07291059e+00
 3.32307770e+01 -2.12033036e+00
 3.33289836e+01 -2.15641756e+00
 3.33743362e+01 -2.18516166e+00
 3.33839278e+01 -2.21045690e+00
 3.33621185e+01 -2.23745766e+00
 3.32998295e+01 -2.27438452e+00
 3.31782400e+01 -2.33297829e+00
 3.29744838e+01 -2.42698823e+00
 3.26657590e+01 -2.57019765e+00
 3.22307817e+01 -2.77543370e+00
 3.16505859e+01 -3.05425704e+00
 3.09103228e+01 -3.41628223e+00
 3.00014409e+01 -3.86773737e+00
 2.89230710e+01 -4.40970799e+00
 2.76823046e+01 -5.03703279e+00
 2.62933406e+01 -5.73872692e+00
 2.47754308e+01 -6.49983878e+00
 2.31501468e+01 -7.30365960e+00
 2.14392119e+01 -8.13327083e+00
 1.96639205e+01 -8.97228546e+00
 1.78459962e+01 -9.80529738e+00
 1.60087161e+01 -1.06184485e+01
 1.41772177e+01 -1.13999577e+01
 1.23777967e+01 -1.21402237e+01
 1.06367009e+01 -1.28315043e+01
 8.97901482e+00 -1.34675530e+01
 7.42786055e+00 -1.40435003e+01
 6.00356993e+00 -1.45560157e+01
 4.72234000e+00 -1.50035972e+01
 3.59459440e+00 -1.53866366e+01
 2.62403530e+00 -1.57070250e+01
 1.80808986e+00 -1.59676514e+01
 1.13943300e+00 -1.61724294e+01
 6.07563469e-01 -1.63269066e+01
 1.99519915e-01 -1.64386079e+01
 -1.00329865e-01 -1.65161928e+01
 -3.10461839e-01 -1.65677729e+01
 -4.51104131e-01 -1.65999082e+01
 -5.41647143e-01 -1.66179632e+01
 -5.97908959e-01 -1.66267315e+01
 -6.31115619e-01 -1.66302865e+01
 -6.48842710e-01 -1.66314603e+01
 -6.56190506e-01 -1.66317649e+01
 -6.55710306e-01 -1.66317885e+01
 -6.46387770e-01 -1.66315971e+01
 -6.22735451e-01 -1.66308186e+01
 -5.74362836e-01 -1.66283822e+01
 -4.85905985e-01 -1.66221066e+01
 -3.37644297e-01 -1.66084920e+01
 -1.07308963e-01 -1.65829919e+01
 2.27353776e-01 -1.65407387e+01
 6.86240816e-01 -1.64774862e+01
 1.28485341e+00 -1.63904199e+01
 2.03222225e+00 -1.62783488e+01
 2.92956279e+00 -1.61411298e+01
 3.97088733e+00 -1.59790138e+01
 5.14533493e+00 -1.57927079e+01
 6.43964221e+00 -1.55839631e+01
 7.83982447e+00 -1.53558388e+01
 9.33248130e+00 -1.51122892e+01
 1.09060734e+01 -1.48574680e+01
 1.25514519e+01 -1.45952678e+01
 1.42608195e+01 -1.43293012e+01
 1.60254923e+01 -1.40632433e+01
 1.78337542e+01 -1.38013368e+01
 1.96696873e+01 -1.35488167e+01
 2.15128321e+01 -1.33119512e+01
 2.33382791e+01 -1.30974929e+01
 2.51174743e+01 -1.29117109e+01
 2.68202831e+01 -1.27594252e+01
 2.84180000e+01 -1.26431880e+01
 2.98861755e+01 -1.25624761e+01
 3.12065421e+01 -1.25132842e+01
 3.23682045e+01 -1.24891120e+01
 3.33683565e+01 -1.24833891e+01
 3.42123275e+01 -1.24915699e+01
 3.49125964e+01 -1.25111524e+01
 3.54866411e+01 -1.25401003e+01
 3.59540259e+01 -1.25756639e+01
 3.63337418e+01 -1.26146604e+01
 3.66427033e+01 -1.26544789e+01
 3.68952823e+01 -1.26935450e+01
 3.71031283e+01 -1.27309144e+01
 3.72750522e+01 -1.27657544e+01
 3.74173485e+01 -1.27973025e+01
 3.75346022e+01 -1.28248721e+01
 3.76303141e+01 -1.28475446e+01
 3.77067377e+01 -1.28641692e+01
 3.77644440e+01 -1.28739079e+01
 3.78027433e+01 -1.28762779e+01
 3.78207734e+01 -1.28701798e+01
 3.78180266e+01 -1.28533483e+01
 3.77947123e+01 -1.28238393e+01
 3.77533791e+01 -1.27827195e+01
 3.77005265e+01 -1.27349984e+01
 3.76450874e+01 -1.26872211e+01
 3.75941388e+01 -1.26438426e+01
 3.75500429e+01 -1.26057191e+01
 3.75113725e+01 -1.25713584e+01
 3.74756443e+01 -1.25389113e+01
 3.74410879e+01 -1.25071914e+01
 3.74068838e+01 -1.24756826e+01
 3.73727608e+01 -1.24442210e+01
 3.73386522e+01 -1.24127677e+01
 3.73045456e+01 -1.23813154e+01
 3.72704392e+01 -1.23498632e+01
 3.72363332e+01 -1.23184115e+01
 3.72022307e+01 -1.22869630e+01
 3.71681485e+01 -1.22555331e+01
 3.71341611e+01 -1.22241908e+01
 3.71005219e+01 -1.21931695e+01
 3.70678890e+01 -1.21630761e+01
 3.70375491e+01 -1.21350974e+01
 3.70113343e+01 -1.21109227e+01
 3.69909841e+01 -1.20921562e+01
