 0.00000000e+00 0.00000000e+00
 0.00000000e+00 0.00000000e+00
 0.00000000e+00 0.00000000e+00
 0.00000000e+00 0.00000000e+00
 0.00000000e+00 0.00000000e+00
 0.00000000e+00 0.00000000e+00
 0.00000000e+00 0.00000000e+00
 0.00000000e+00 0.00000000e+00
 0.00000000e+00 0.00000000e+00
 0.00000000e+00 0.00000000e+00
 0.00000000e+00 0.00000000e+00
 -2.50584368e-01 1.30284974e-01
 -5.74821158e-01 3.13198587e-01
 -9.54497955e-01 5.45577115e-01
 -1.37511458e+00 8.19585325e-01
 -1.83554806e+00 1.12511675e+00
 -2.34805069e+00 1.45027022e+00
 -2.93185575e+00 1.78075331e+00
 -3.60641838e+00 2.09966275e+00
 -4.38731169e+00 2.38799707e+00
 -5.28438216e+00 2.62546812e+00
 -6.30107733e+00 2.79135304e+00
 -7.43462470e+00 2.86552036e+00
 -8.67685334e+00 2.82967509e+00
 -1.00151245e+01 2.66848331e+00
 -1.14331425e+01 2.37016370e+00
 -1.29119628e+01 1.92653390e+00
 -1.44314314e+01 1.33297062e+00
 -1.59717942e+01 5.88709377e-01
 -1.75149525e+01 -3.02716156e-01
 -1.90449481e+01 -1.33350385e+00
 -2.05475481e+01 -2.49220270e+00
 -2.20090524e+01 -3.76424062e+00
 -2.34145739e+01 -5.13157403e+00
 -2.47460789e+01 -6.57137337e+00
 -2.59805193e+01 -8.05449957e+00
 -2.70886944e+01 -9.54497154e+00
 -2.80358852e+01 -1.10014558e+01
 -2.87848759e+01 -1.23808040e+01
 -2.93005190e+01 -1.36421529e+01
 -2.95540319e+01 -1.47495256e+01
 -2.95258186e+01 -1.56721676e+01
 -2.92067402e+01 -1.63837913e+01
 -2.85980336e+01 -1.68624538e+01
 -2.77097325e+01 -1.70915588e+01
 -2.65577126e+01 -1.70608615e+01
 -2.51605439e+01 -1.67660377e+01
 -2.35378406e+01 -1.62068448e+01
 -2.17107574e+01 -1.53856980e+01
 -1.97035191e+01 -1.43083804e+01
 -1.75440997e+01 -1.29862926e+01
 -1.52631203e+01 -1.14376724e+01
 -1.28918820e+01 -9.68578732e+00
 -1.04611194e+01 -7.75454530e+00
 -8.00058548e+00 -5.66387604e+00
 -5.53794997e+00 -3.42714261e+00
 -3.09613022e+00 -1.05116430e+00
 -6.90401723e-01 1.46225865e+00
 1.67222745e+00 4.11462072e+00
 3.99023879e+00 6.90889003e+00
 6.26287719e+00 9.84686259e+00
 8.48621669e+00 1.29253687e+01
 1.06514390e+01 1.61314378e+01
 1.27443752e+01 1.94365665e+01
 1.47446900e+01 2.27913277e+01
 1.66247635e+01 2.61234373e+01
 1.83500785e+01 2.93421706e+01
 1.98823274e+01 3.23486455e+01
 2.11840314e+01 3.50477125e+01
 2.22221345e+01 3.73564306e+01
 2.29694458e+01 3.92073340e+01
 2.34052401e+01 4.05493096e+01
 2.35169401e+01 4.13502480e+01
 2.33029490e+01 4.16018505e+01
 2.27746047e+01 4.13222308e+01
 2.19554855e+01 4.05518964e+01
 2.08785502e+01 3.93435881e+01
 1.95828195e+01 3.77513466e+01
 1.81102416e+01 3.58245283e+01
 1.65020860e+01 3.36079464e+01
 1.47945514e+01 3.11439823e+01
 1.30146047e+01 2.84717010e+01
 1.11777152e+01 2.56225450e+01
 9.28849191e+00 2.26170034e+01
 7.34396850e+00 1.94666888e+01
 5.33853680e+00 1.61819300e+01
 3.26970505e+00 1.27808618e+01
 1.14422440e+00 9.29550113e+00
 -1.01621552e+00 5.77300825e+00
 -3.17135689e+00 2.27330078e+00
 -5.26256505e+00 -1.13492072e+00
 -7.21739928e+00 -4.37885491e+00
 -8.95738799e+00 -7.38731811e+00
 -1.04067587e+01 -1.00972374e+01
 -1.14999884e+01 -1.24589458e+01
 -1.21870018e+01 -1.44379581e+01
 -1.24358446e+01 -1.60128324e+01
 -1.22331239e+01 -1.71711277e+01
 -1.15825598e+01 -1.79062402e+01
 -1.05021885e+01 -1.82167393e+01
 -9.02132408e+00 -1.81079300e+01
 -7.17868200e+00 -1.75942292e+01
 -5.02235290e+00 -1.67013034e+01
 -2.61094662e+00 -1.54678214e+01
 -1.42364554e-02 -1.39464676e+01
 2.68846760e+00 -1.22028767e+01
 5.41363570e+00 -1.03112392e+01
 8.08359374e+00 -8.34666708e+00
 1.06408053e+01 -6.37556852e+00
 1.30611778e+01 -4.44617033e+00
 1.53570697e+01 -2.58249018e+00
 1.75649670e+01 -7.85094547e-01
 1.97249268e+01 9.60993041e-01
 2.18654843e+01 2.67534046e+00
 2.40007486e+01 4.37385245e+00
 2.61353971e+01 6.06599738e+00
 2.82702600e+01 7.75608712e+00
 3.04052672e+01 9.44564677e+00
 3.25403189e+01 1.11350977e+01
 3.46753799e+01 1.28245308e+01
 3.68104420e+01 1.45139616e+01
 3.89455014e+01 1.62033898e+01
 4.10805327e+01 1.78927957e+01
 4.32153502e+01 1.95820325e+01
 4.53488966e+01 2.12702634e+01
 4.74765060e+01 2.29537966e+01
 4.95823201e+01 2.46200836e+01
 5.16251408e+01 2.62365252e+01
 5.35244178e+01 2.77393837e+01
 5.51654662e+01 2.90379112e+01
 5.64393877e+01 3.00459388e+01
 5.64393877e+01 3.00459388e+01
 5.64393877e+01 3.00459388e+01
 5.64393877e+01 3.00459388e+01
 5.64393877e+01 3.00459388e+01
 5.64393877e+01 3.00459388e+01
 5.64393877e+01 3.00459388e+01
 5.64393877e+01 3.00459388e+01
 5.64393877e+01 3.00459388e+01
 5.64393877e+01 3.00459388e+01
 5.64393877e+01 3.00459388e+01
 5.64393877e+01 3.00459388e+01
 5.64393877e+01 3.00459388e+01
 5.64393877e+01 3.00459388e+01
 5.64393877e+01 3.00459388e+01
 5.64393877e+01 3.00459388e+01
 5.64393877e+01 3.00459388e+01
 5.64393877e+01 3.00459388e+01
 5.64393877e+01 3.00459388e+01
 5.64393877e+01 3.00459388e+01
 5.64393877e+01 3.00459388e+01
 5.64393877e+01 3.00459388e+01
 5.64393877e+01 3.00459388e+01
 5.64393877e+01 3.00459388e+01
 5.64393877e+01 3.00459388e+01
 5.64393877e+01 3.00459388e+01
 5.64393877e+01 3.00459388e+01
 5.64393877e+01 3.00459388e+01
 5.64393877e+01 3.00459388e+01
 5.64393877e+01 3.00459388e+01
