 0.00000000e+00 0.00000000e+00
 0.00000000e+00 0.00000000e+00
 0.00000000e+00 0.00000000e+00
 0.00000000e+00 0.00000000e+00
 2.78978755e-01 5.04662981e-02
 7.06265258e-01 1.17665828e-01
 1.30476782e+00 1.96093427e-01
 2.08772975e+00 2.76696977e-01
 3.06001468e+00 3.48667359e-01
 4.21943014e+00 4.01380275e-01
 5.55761710e+00 4.25838575e-01
 7.06054837e+00 4.15094243e-01
 8.70898397e+00 3.64266516e-01
 1.04796667e+01 2.71440070e-01
 1.23477055e+01 1.39309284e-01
 1.42894672e+01 -2.40907306e-02
 1.62845329e+01 -2.06464962e-01
 1.83157096e+01 -3.93345610e-01
 2.03674682e+01 -5.70084518e-01
 2.24243154e+01 -7.23495535e-01
 2.44703433e+01 -8.43295657e-01
 2.64897862e+01 -9.23059756e-01
 2.84674082e+01 -9.60133048e-01
 3.03879238e+01 -9.54801724e-01
 3.22347617e+01 -9.10085480e-01
 3.39891493e+01 -8.32643039e-01
 3.56303351e+01 -7.33147879e-01
 3.71371090e+01 -6.24589760e-01
 3.84900183e+01 -5.19433774e-01
 3.96732978e+01 -4.27657341e-01
 4.06758775e+01 -3.56405559e-01
 4.14914650e+01 -3.10947294e-01
 4.21179283e+01 -2.96672953e-01
 4.25561767e+01 -3.21572886e-01
 4.28087381e+01 -3.97685464e-01
 4.28782965e+01 -5.40147221e-01
 4.27668008e+01 -7.64410094e-01
 4.24757410e+01 -1.08372845e+00
 4.20070341e+01 -1.50819570e+00
 4.13633737e+01 -2.04471666e+00
 4.05481633e+01 -2.69670509e+00
 3.95659323e+01 -3.46323717e+00
 3.84230290e+01 -4.33841597e+00
 3.71276392e+01 -5.31173632e+00
 3.56890516e+01 -6.36944384e+00
 3.41170373e+01 -7.49616066e+00
 3.24220270e+01 -8.67605651e+00
 3.06158856e+01 -9.89337519e+00
 2.87125707e+01 -1.11325125e+01
 2.67283503e+01 -1.23778653e+01
 2.46818182e+01 -1.36136796e+01
 2.25937946e+01 -1.48242328e+01
 2.04867899e+01 -1.59945183e+01
 1.83839087e+01 -1.71110755e+01
 1.63077675e+01 -1.81623491e+01
 1.42803305e+01 -1.91383800e+01
 1.23240042e+01 -2.00302964e+01
 1.04631852e+01 -2.08302584e+01
 8.72475986e+00 -2.15320696e+01
 7.13654322e+00 -2.21321325e+01
 5.72395303e+00 -2.26302610e+01
 4.50627517e+00 -2.30299856e+01
 3.49383250e+00 -2.33382022e+01
 2.68653449e+00 -2.35644072e+01
 2.07376294e+00 -2.37199889e+01
 1.63566456e+00 -2.38175834e+01
 1.34602004e+00 -2.38698212e+01
 1.17663321e+00 -2.38870901e+01
 1.10263224e+00 -2.38754019e+01
 1.10689371e+00 -2.38362780e+01
 1.18107523e+00 -2.37690558e+01
 1.32277456e+00 -2.36736830e+01
 1.53175688e+00 -2.35519539e+01
 1.80827461e+00 -2.34071627e+01
 2.15319138e+00 -2.32434457e+01
 2.56805458e+00 -2.30655009e+01
 3.05491691e+00 -2.28783583e+01
 3.61698540e+00 -2.26866635e+01
 4.26026687e+00 -2.24934270e+01
 4.99508270e+00 -2.22987664e+01
 5.83632715e+00 -2.20993099e+01
 6.80231824e+00 -2.18885393e+01
 7.91276295e+00 -2.16578688e+01
 9.18622369e+00 -2.13981046e+01
 1.06372220e+01 -2.11010226e+01
 1.22732910e+01 -2.07609122e+01
 1.40924743e+01 -2.03759736e+01
 1.60815947e+01 -1.99493893e+01
 1.82154574e+01 -1.94897533e+01
 2.04573854e+01 -1.90104853e+01
 2.27616794e+01 -1.85281432e+01
 2.50780380e+01 -1.80601589e+01
 2.73568163e+01 -1.76228104e+01
 2.95535501e+01 -1.72298054e+01
 3.16321462e+01 -1.68912855e+01
 3.35673353e+01 -1.66130055e+01
 3.53467664e+01 -1.63956591e+01
 3.69717911e+01 -1.62345283e+01
 3.84555042e+01 -1.61199681e+01
 3.98179829e+01 -1.60393236e+01
 4.10805899e+01 -1.59799009e+01
 4.22616121e+01 -1.59314003e+01
 4.33741263e+01 -1.58866848e+01
 4.44255159e+01 -1.58414320e+01
 4.54177251e+01 -1.57936952e+01
 4.63478714e+01 -1.57436253e+01
 4.72093880e+01 -1.56933097e+01
 4.79938799e+01 -1.56466032e+01
 4.86933546e+01 -1.56082360e+01
 4.93021177e+01 -1.55819963e+01
 4.98178531e+01 -1.55695783e+01
 5.02419250e+01 -1.55715255e+01
 5.05792249e+01 -1.55889761e+01
 5.08378352e+01 -1.56237531e+01
 5.10284947e+01 -1.56767205e+01
 5.11634376e+01 -1.57467436e+01
 5.12541421e+01 -1.58316337e+01
 5.13085438e+01 -1.59297775e+01
 5.13296698e+01 -1.60404666e+01
 5.13175189e+01 -1.61626410e+01
 5.12736783e+01 -1.62934285e+01
 5.12053395e+01 -1.64280171e+01
 5.11248747e+01 -1.65612265e+01
 5.10447200e+01 -1.66896184e+01
 5.09720444e+01 -1.68124702e+01
 5.09076764e+01 -1.69310598e+01
 5.08489640e+01 -1.70472081e+01
 5.07930150e+01 -1.71622797e+01
 5.07380825e+01 -1.72769807e+01
 5.06834371e+01 -1.73915816e+01
 5.06288545e+01 -1.75061614e+01
 5.05742827e+01 -1.76207377e+01
 5.05197122e+01 -1.77353135e+01
 5.04651420e+01 -1.78498891e+01
 5.04105725e+01 -1.79644631e+01
 5.03560085e+01 -1.80790257e+01
 5.03014770e+01 -1.81935201e+01
 5.02470972e+01 -1.83076959e+01
 5.01932744e+01 -1.84207021e+01
 5.01410618e+01 -1.85303278e+01
 5.00925180e+01 -1.86322504e+01
 5.00505742e+01 -1.87203154e+01
 5.00180139e+01 -1.87886790e+01
 5.00180139e+01 -1.87886790e+01
 5.00180139e+01 -1.87886790e+01
 5.00180139e+01 -1.87886790e+01
 5.00180139e+01 -1.87886790e+01
 5.00180139e+01 -1.87886790e+01
 5.00180139e+01 -1.87886790e+01
 5.00180139e+01 -1.87886790e+01
 5.00180139e+01 -1.87886790e+01
 5.00180139e+01 -1.87886790e+01
 5.00180139e+01 -1.87886790e+01
 5.00180139e+01 -1.87886790e+01
 5.00180139e+01 -1.87886790e+01
 5.00180139e+01 -1.87886790e+01
 5.00180139e+01 -1.87886790e+01
 5.00180139e+01 -1.87886790e+01
 5.00180139e+01 -1.87886790e+01
 5.00180139e+01 -1.87886790e+01
 5.00180139e+01 -1.87886790e+01
 5.00180139e+01 -1.87886790e+01
 5.00180139e+01 -1.87886790e+01
 5.00180139e+01 -1.87886790e+01
 5.00180139e+01 -1.87886790e+01
 5.00180139e+01 -1.87886790e+01
 5.00180139e+01 -1.87886790e+01
 5.00180139e+01 -1.87886790e+01
 5.00180139e+01 -1.87886790e+01
 5.00180139e+01 -1.87886790e+01
 5.00180139e+01 -1.87886790e+01
 5.00180139e+01 -1.87886790e+01
 5.00180139e+01 -1.87886790e+01
 5.00180139e+01 -1.87886790e+01
 5.00180139e+01 -1.87886790e+01
 5.00180139e+01 -1.87886790e+01
 5.00180139e+01 -1.87886790e+01
 5.00180139e+01 -1.87886790e+01
 5.00180139e+01 -1.87886790e+01
 5.00180139e+01 -1.87886790e+01
 5.00180139e+01 -1.87886790e+01
 5.00180139e+01 -1.87886790e+01
 5.00180139e+01 -1.87886790e+01
 5.00180139e+01 -1.87886790e+01
 5.00180139e+01 -1.87886790e+01
 5.00180139e+01 -1.87886790e+01
 5.00180139e+01 -1.87886790e+01
 5.00180139e+01 -1.87886790e+01
 5.00180139e+01 -1.87886790e+01
 5.00180139e+01 -1.87886790e+01
 5.00180139e+01 -1.87886790e+01
 5.00180139e+01 -1.87886790e+01
 5.00180139e+01 -1.87886790e+01
 5.00180139e+01 -1.87886790e+01
 5.00180139e+01 -1.87886790e+01
 5.00180139e+01 -1.87886790e+01
