 0.00000000e+00 0.00000000e+00
 0.00000000e+00 0.00000000e+00
 0.00000000e+00 0.00000000e+00
 0.00000000e+00 0.00000000e+00
 2.42006881e-01 -1.13318856e-01
 6.14981535e-01 -2.87098643e-01
 1.14074926e+00 -5.28709699e-01
 1.83404932e+00 -8.39995423e-01
 2.70426136e+00 -1.21844490e+00
 3.75620315e+00 -1.65814537e+00
 4.98952133e+00 -2.14996244e+00
 6.39733519e+00 -2.68170119e+00
 7.96494171e+00 -3.23912911e+00
 9.66945638e+00 -3.80782931e+00
 1.14809454e+01 -4.37499527e+00
 1.33648348e+01 -4.93032063e+00
 1.52848123e+01 -5.46589209e+00
 1.72053405e+01 -5.97563390e+00
 1.90933273e+01 -6.45481215e+00
 2.09193643e+01 -6.89966187e+00
 2.26592593e+01 -7.30710507e+00
 2.42956945e+01 -7.67475233e+00
 2.58189504e+01 -8.00117574e+00
 2.72261902e+01 -8.28600710e+00
 2.85199445e+01 -8.52960562e+00
 2.97066217e+01 -8.73263158e+00
 3.07952856e+01 -8.89602247e+00
 3.17965349e+01 -9.02147401e+00
 3.27212308e+01 -9.11191188e+00
 3.35789931e+01 -9.17114047e+00
 3.43767891e+01 -9.20263367e+00
 3.51180927e+01 -9.20877328e+00
 3.58027516e+01 -9.19168987e+00
 3.64274554e+01 -9.15499600e+00
 3.69868181e+01 -9.10468219e+00
 3.74749770e+01 -9.04840537e+00
 3.78872155e+01 -8.99373456e+00
 3.82212984e+01 -8.94648564e+00
 3.84787526e+01 -8.90998510e+00
 3.86657647e+01 -8.88520056e+00
 3.87922028e+01 -8.87134777e+00
 3.88681516e+01 -8.86712456e+00
 3.89001015e+01 -8.87253622e+00
 3.88897340e+01 -8.89021649e+00
 3.88357173e+01 -8.92514168e+00
 3.87361771e+01 -8.98312631e+00
 3.85894208e+01 -9.06957612e+00
 3.83927808e+01 -9.18928307e+00
 3.81414750e+01 -9.34665890e+00
 3.78289933e+01 -9.54556124e+00
 3.74486369e+01 -9.78872042e+00
 3.69949049e+01 -1.00773266e+01
 3.64639202e+01 -1.04111014e+01
 3.58528505e+01 -1.07887503e+01
 3.51586391e+01 -1.12084709e+01
 3.43764978e+01 -1.16681678e+01
 3.34987629e+01 -1.21652530e+01
 3.25146576e+01 -1.26962521e+01
 3.14111049e+01 -1.32565315e+01
 3.01744122e+01 -1.38403239e+01
 2.87926480e+01 -1.44411301e+01
 2.72584617e+01 -1.50523330e+01
 2.55717283e+01 -1.56674966e+01
 2.37411830e+01 -1.62799973e+01
 2.17845961e+01 -1.68823684e+01
 1.97278224e+01 -1.74661257e+01
 1.76034957e+01 -1.80224596e+01
 1.54496459e+01 -1.85434768e+01
 1.33075919e+01 -1.90232609e+01
 1.12183941e+01 -1.94582854e+01
 9.21836985e+00 -1.98474639e+01
 7.33556235e+00 -2.01924043e+01
 5.58903898e+00 -2.04977306e+01
 3.99101629e+00 -2.07706374e+01
 2.54959999e+00 -2.10192862e+01
 1.26985137e+00 -2.12507636e+01
 1.53144849e-01 -2.14696677e+01
 -8.03415060e-01 -2.16776656e+01
 -1.60632868e+00 -2.18736986e+01
 -2.26425712e+00 -2.20545949e+01
 -2.78705830e+00 -2.22160834e+01
 -3.18620291e+00 -2.23540307e+01
 -3.47631637e+00 -2.24655050e+01
 -3.67610615e+00 -2.25494747e+01
 -3.80673191e+00 -2.26072714e+01
 -3.88806540e+00 -2.26427725e+01
 -3.93582906e+00 -2.26618684e+01
 -3.96150043e+00 -2.26711133e+01
 -3.97361323e+00 -2.26763244e+01
 -3.97844057e+00 -2.26818502e+01
 -3.98001708e+00 -2.26902503e+01
 -3.98040741e+00 -2.27018891e+01
 -3.98033009e+00 -2.27149263e+01
 -3.97952251e+00 -2.27265082e+01
 -3.97622846e+00 -2.27346106e+01
 -3.96549306e+00 -2.27389092e+01
 -3.93668407e+00 -2.27400239e+01
 -3.87180627e+00 -2.27380872e+01
 -3.74629371e+00 -2.27318941e+01
 -3.53191003e+00 -2.27191419e+01
 -3.19935118e+00 -2.26974002e+01
 -2.71927929e+00 -2.26648611e+01
 -2.06339133e+00 -2.26202190e+01
 -1.20754984e+00 -2.25621363e+01
 -1.36596698e-01 -2.24891501e+01
 1.15159541e+00 -2.24000673e+01
 2.64510556e+00 -2.22943667e+01
 4.32041844e+00 -2.21725086e+01
 6.14684998e+00 -2.20363503e+01
 8.09078912e+00 -2.18896307e+01
 1.01185239e+01 -2.17382543e+01
 1.21978019e+01 -2.15901338e+01
 1.42986832e+01 -2.14543784e+01
 1.63937144e+01 -2.13397729e+01
 1.84572864e+01 -2.12532101e+01
 2.04646839e+01 -2.11993326e+01
 2.23917249e+01 -2.11814995e+01
 2.42153578e+01 -2.12023178e+01
 2.59148441e+01 -2.12625528e+01
 2.74731346e+01 -2.13596840e+01
 2.88784280e+01 -2.14877646e+01
 3.01258784e+01 -2.16384079e+01
 3.12189627e+01 -2.18018899e+01
 3.21696604e+01 -2.19680324e+01
 3.29968347e+01 -2.21269259e+01
 3.37232738e+01 -2.22693835e+01
 3.43730299e+01 -2.23870073e+01
 3.49703399e+01 -2.24719105e+01
 3.55393685e+01 -2.25163350e+01
 3.61027363e+01 -2.25127804e+01
 3.66782070e+01 -2.24553301e+01
 3.72752513e+01 -2.23418478e+01
 3.78935063e+01 -2.21754431e+01
 3.85234457e+01 -2.19640501e+01
 3.91482979e+01 -2.17187604e+01
 3.97465179e+01 -2.14521511e+01
 4.02949021e+01 -2.11768282e+01
 4.07727353e+01 -2.09038402e+01
 4.11670995e+01 -2.06411436e+01
 4.14783778e+01 -2.03927266e+01
 4.17227743e+01 -2.01587477e+01
 4.19278757e+01 -1.99365956e+01
 4.21216568e+01 -1.97224574e+01
 4.23220250e+01 -1.95127875e+01
 4.25341759e+01 -1.93051353e+01
 4.27554363e+01 -1.90982051e+01
 4.29814486e+01 -1.88914738e+01
 4.32092862e+01 -1.86847827e+01
 4.34376560e+01 -1.84780969e+01
 4.36661452e+01 -1.82714113e+01
 4.38946552e+01 -1.80647257e+01
 4.41231679e+01 -1.78580401e+01
 4.43516807e+01 -1.76513547e+01
 4.45801904e+01 -1.74446721e+01
 4.48086772e+01 -1.72380101e+01
 4.50370281e+01 -1.70314712e+01
 4.52647434e+01 -1.68255071e+01
 4.54901261e+01 -1.66216528e+01
 4.57087667e+01 -1.64238966e+01
 4.59120439e+01 -1.62400363e+01
 4.60876833e+01 -1.60811739e+01
 4.62240295e+01 -1.59578514e+01
 4.62240295e+01 -1.59578514e+01
 4.62240295e+01 -1.59578514e+01
 4.62240295e+01 -1.59578514e+01
 4.62240295e+01 -1.59578514e+01
 4.62240295e+01 -1.59578514e+01
 4.62240295e+01 -1.59578514e+01
 4.62240295e+01 -1.59578514e+01
 4.62240295e+01 -1.59578514e+01
 4.62240295e+01 -1.59578514e+01
 4.62240295e+01 -1.59578514e+01
 4.62240295e+01 -1.59578514e+01
 4.62240295e+01 -1.59578514e+01
 4.62240295e+01 -1.59578514e+01
 4.62240295e+01 -1.59578514e+01
 4.62240295e+01 -1.59578514e+01
 4.62240295e+01 -1.59578514e+01
 4.62240295e+01 -1.59578514e+01
 4.62240295e+01 -1.59578514e+01
 4.62240295e+01 -1.59578514e+01
 4.62240295e+01 -1.59578514e+01
 4.62240295e+01 -1.59578514e+01
 4.62240295e+01 -1.59578514e+01
 4.62240295e+01 -1.59578514e+01
 4.62240295e+01 -1.59578514e+01
 4.62240295e+01 -1.59578514e+01
 4.62240295e+01 -1.59578514e+01
 4.62240295e+01 -1.59578514e+01
 4.62240295e+01 -1.59578514e+01
 4.62240295e+01 -1.59578514e+01
 4.62240295e+01 -1.59578514e+01
 4.62240295e+01 -1.59578514e+01
 4.62240295e+01 -1.59578514e+01
 4.62240295e+01 -1.59578514e+01
 4.62240295e+01 -1.59578514e+01
