 0.00000000e+00 0.00000000e+00
 0.00000000e+00 0.00000000e+00
 0.00000000e+00 0.00000000e+00
 0.00000000e+00 0.00000000e+00
 4.76878599e-01 4.04668355e-02
 1.16258384e+00 9.04650657e-02
 2.06014136e+00 1.43084887e-01
 3.15621548e+00 1.89582865e-01
 4.43025252e+00 2.21063595e-01
 5.86070750e+00 2.29192673e-01
 7.42779874e+00 2.06906697e-01
 9.11418539e+00 1.49985656e-01
 1.09046957e+01 5.86781698e-02
 1.27857613e+01 -6.18827293e-02
 1.47447595e+01 -2.02511320e-01
 1.67690214e+01 -3.51365659e-01
 1.88441875e+01 -4.95618999e-01
 2.09520197e+01 -6.23355144e-01
 2.30684397e+01 -7.25381935e-01
 2.51628308e+01 -7.96530784e-01
 2.71990956e+01 -8.36106655e-01
 2.91381407e+01 -8.47387939e-01
 3.09412305e+01 -8.36566489e-01
 3.25737803e+01 -8.11784390e-01
 3.40089936e+01 -7.82508145e-01
 3.52304663e+01 -7.59043614e-01
 3.62330692e+01 -7.52090082e-01
 3.70220819e+01 -7.72312770e-01
 3.76112924e+01 -8.29676261e-01
 3.80209954e+01 -9.32455368e-01
 3.82759297e+01 -1.08660768e+00
 3.84020293e+01 -1.29624880e+00
 3.84217731e+01 -1.56481900e+00
 3.83506190e+01 -1.89580121e+00
 3.81970565e+01 -2.29250989e+00
 3.79650447e+01 -2.75734645e+00
 3.76555240e+01 -3.29105743e+00
 3.72661769e+01 -3.89235752e+00
 3.67911242e+01 -4.55816991e+00
 3.62215302e+01 -5.28446657e+00
 3.55466168e+01 -6.06725923e+00
 3.47546525e+01 -6.90312967e+00
 3.38339998e+01 -7.78899065e+00
 3.27742338e+01 -8.72127388e+00
 3.15673657e+01 -9.69510791e+00
 3.02093474e+01 -1.07040397e+01
 2.87015009e+01 -1.17403717e+01
 2.70510788e+01 -1.27955908e+01
 2.52708323e+01 -1.38603621e+01
 2.33781669e+01 -1.49242034e+01
 2.13942302e+01 -1.59753679e+01
 1.93430698e+01 -1.70011723e+01
 1.72513226e+01 -1.79885751e+01
 1.51487265e+01 -1.89246839e+01
 1.30688290e+01 -1.97969777e+01
 1.10486649e+01 -2.05933732e+01
 9.12669536e+00 -2.13026632e+01
 7.33950932e+00 -2.19156857e+01
 5.71855105e+00 -2.24268434e+01
 4.28774641e+00 -2.28351614e+01
 3.06201145e+00 -2.31445472e+01
 2.04626134e+00 -2.33636863e+01
 1.23486517e+00 -2.35059347e+01
 6.12101424e-01 -2.35885627e+01
 1.54374064e-01 -2.36303245e+01
 -1.65939522e-01 -2.36477156e+01
 -3.76391982e-01 -2.36519464e+01
 -5.01444091e-01 -2.36484554e+01
 -5.60640981e-01 -2.36389715e+01
 -5.67663710e-01 -2.36244722e+01
 -5.30518423e-01 -2.36068624e+01
 -4.53022638e-01 -2.35884262e+01
 -3.36722970e-01 -2.35704931e+01
 -1.82284756e-01 -2.35534665e+01
 9.59743155e-03 -2.35380501e+01
 2.37465096e-01 -2.35256353e+01
 4.98854564e-01 -2.35172589e+01
 7.90873671e-01 -2.35126794e+01
 1.11130152e+00 -2.35106810e+01
 1.45975064e+00 -2.35099786e+01
 1.83872294e+00 -2.35097089e+01
 2.25442675e+00 -2.35092692e+01
 2.71704663e+00 -2.35077113e+01
 3.24025628e+00 -2.35028718e+01
 3.84003650e+00 -2.34906152e+01
 4.53300016e+00 -2.34650469e+01
 5.33455869e+00 -2.34202615e+01
 6.25742554e+00 -2.33526735e+01
 7.31085372e+00 -2.32619118e+01
 8.50065078e+00 -2.31494787e+01
 9.82966755e+00 -2.30165918e+01
 1.12981705e+01 -2.28631117e+01
 1.29034519e+01 -2.26880079e+01
 1.46385516e+01 -2.24903824e+01
 1.64907547e+01 -2.22699773e+01
 1.84407728e+01 -2.20270966e+01
 2.04630507e+01 -2.17626602e+01
 2.25269779e+01 -2.14787695e+01
 2.45983846e+01 -2.11794383e+01
 2.66409491e+01 -2.08710535e+01
 2.86179345e+01 -2.05624180e+01
 3.04949441e+01 -2.02643060e+01
 3.22435322e+01 -1.99885432e+01
 3.38443296e+01 -1.97467379e+01
 3.52881438e+01 -1.95487051e+01
 3.65746711e+01 -1.94007209e+01
 3.77099881e+01 -1.93043983e+01
 3.87043597e+01 -1.92571630e+01
 3.95709827e+01 -1.92540101e+01
 4.03253369e+01 -1.92887113e+01
 4.09845109e+01 -1.93533887e+01
 4.15661181e+01 -1.94377829e+01
 4.20870420e+01 -1.95300953e+01
 4.25626358e+01 -1.96192062e+01
 4.30065594e+01 -1.96964816e+01
 4.34307321e+01 -1.97559204e+01
 4.38448852e+01 -1.97927683e+01
 4.42557627e+01 -1.98018666e+01
 4.46664244e+01 -1.97773387e+01
 4.50761029e+01 -1.97139228e+01
 4.54807991e+01 -1.96085378e+01
 4.58745389e+01 -1.94610300e+01
 4.62511415e+01 -1.92747788e+01
 4.66063066e+01 -1.90577259e+01
 4.69394310e+01 -1.88224236e+01
 4.72540603e+01 -1.85832307e+01
 4.75563185e+01 -1.83514049e+01
 4.78522327e+01 -1.81316214e+01
 4.81458358e+01 -1.79225221e+01
 4.84389734e+01 -1.77201194e+01
 4.87321609e+01 -1.75208722e+01
 4.90254296e+01 -1.73227677e+01
 4.93187332e+01 -1.71249844e+01
 4.96120463e+01 -1.69272713e+01
 4.99053613e+01 -1.67295701e+01
 5.01986766e+01 -1.65318706e+01
 5.04919914e+01 -1.63341716e+01
 5.07853024e+01 -1.61364752e+01
 5.10785841e+01 -1.59387985e+01
 5.13716911e+01 -1.57412396e+01
 5.16639825e+01 -1.55442304e+01
 5.19532796e+01 -1.53492393e+01
 5.22339227e+01 -1.51600813e+01
 5.24948458e+01 -1.49842149e+01
 5.27202933e+01 -1.48322595e+01
 5.28953049e+01 -1.47142988e+01
 5.28953049e+01 -1.47142988e+01
 5.28953049e+01 -1.47142988e+01
 5.28953049e+01 -1.47142988e+01
 5.28953049e+01 -1.47142988e+01
 5.28953049e+01 -1.47142988e+01
 5.28953049e+01 -1.47142988e+01
 5.28953049e+01 -1.47142988e+01
 5.28953049e+01 -1.47142988e+01
 5.28953049e+01 -1.47142988e+01
 5.28953049e+01 -1.47142988e+01
 5.28953049e+01 -1.47142988e+01
 5.28953049e+01 -1.47142988e+01
 5.28953049e+01 -1.47142988e+01
 5.28953049e+01 -1.47142988e+01
 5.28953049e+01 -1.47142988e+01
 5.28953049e+01 -1.47142988e+01
 5.28953049e+01 -1.47142988e+01
 5.28953049e+01 -1.47142988e+01
 5.28953049e+01 -1.47142988e+01
 5.28953049e+01 -1.47142988e+01
 5.28953049e+01 -1.47142988e+01
 5.28953049e+01 -1.47142988e+01
 5.28953049e+01 -1.47142988e+01
 5.28953049e+01 -1.47142988e+01
 5.28953049e+01 -1.47142988e+01
 5.28953049e+01 -1.47142988e+01
 5.28953049e+01 -1.47142988e+01
 5.28953049e+01 -1.47142988e+01
 5.28953049e+01 -1.47142988e+01
 5.28953049e+01 -1.47142988e+01
 5.28953049e+01 -1.47142988e+01
 5.28953049e+01 -1.47142988e+01
 5.28953049e+01 -1.47142988e+01
 5.28953049e+01 -1.47142988e+01
 5.28953049e+01 -1.47142988e+01
 5.28953049e+01 -1.47142988e+01
 5.28953049e+01 -1.47142988e+01
 5.28953049e+01 -1.47142988e+01
 5.28953049e+01 -1.47142988e+01
 5.28953049e+01 -1.47142988e+01
 5.28953049e+01 -1.47142988e+01
 5.28953049e+01 -1.47142988e+01
 5.28953049e+01 -1.47142988e+01
 5.28953049e+01 -1.47142988e+01
 5.28953049e+01 -1.47142988e+01
 5.28953049e+01 -1.47142988e+01
 5.28953049e+01 -1.47142988e+01
 5.28953049e+01 -1.47142988e+01
 5.28953049e+01 -1.47142988e+01
 5.28953049e+01 -1.47142988e+01
