 0.00000000e+00 0.00000000e+00
 0.00000000e+00 0.00000000e+00
 0.00000000e+00 0.00000000e+00
 0.00000000e+00 0.00000000e+00
 0.00000000e+00 0.00000000e+00
 0.00000000e+00 0.00000000e+00
 0.00000000e+00 0.00000000e+00
 0.00000000e+00 0.00000000e+00
 0.00000000e+00 0.00000000e+00
 0.00000000e+00 0.00000000e+00
 0.00000000e+00 0.00000000e+00
 0.00000000e+00 0.00000000e+00
 0.00000000e+00 0.00000000e+00
 0.00000000e+00 0.00000000e+00
 0.00000000e+00 0.00000000e+00
 0.00000000e+00 0.00000000e+00
 0.00000000e+00 0.00000000e+00
 0.00000000e+00 0.00000000e+00
 0.00000000e+00 0.00000000e+00
 0.00000000e+00 0.00000000e+00
 0.00000000e+00 0.00000000e+00
 0.00000000e+00 0.00000000e+00
 0.00000000e+00 0.00000000e+00
 0.00000000e+00 0.00000000e+00
 0.00000000e+00 0.00000000e+00
 0.00000000e+00 0.00000000e+00
 0.00000000e+00 0.00000000e+00
 0.00000000e+00 0.00000000e+00
 0.00000000e+00 0.00000000e+00
 0.00000000e+00 0.00000000e+00
 0.00000000e+00 0.00000000e+00
 0.00000000e+00 0.00000000e+00
 0.00000000e+00 0.00000000e+00
 0.00000000e+00 0.00000000e+00
 0.00000000e+00 0.00000000e+00
 0.00000000e+00 0.00000000e+00
 0.00000000e+00 0.00000000e+00
 0.00000000e+00 0.00000000e+00
 0.00000000e+00 0.00000000e+00
 0.00000000e+00 0.00000000e+00
 0.00000000e+00 0.00000000e+00
 0.00000000e+00 0.00000000e+00
 0.00000000e+00 0.00000000e+00
 0.00000000e+00 0.00000000e+00
 0.00000000e+00 0.00000000e+00
 0.00000000e+00 0.00000000e+00
 0.00000000e+00 0.00000000e+00
 0.00000000e+00 0.00000000e+00
 0.00000000e+00 0.00000000e+00
 0.00000000e+00 0.00000000e+00
 4.10559186e-01 3.93763774e-02
 9.97864967e-01 8.53106728e-02
 1.76781855e+00 1.33333535e-01
 2.71842802e+00 1.80655505e-01
 3.84700246e+00 2.26892805e-01
 5.15223332e+00 2.73635145e-01
 6.63260935e+00 3.24085426e-01
 8.28424161e+00 3.83053097e-01
 1.00994782e+01 4.56657494e-01
 1.20663207e+01 5.51245331e-01
 1.41686214e+01 6.71960103e-01
 1.63871171e+01 8.21827821e-01
 1.87008312e+01 1.00149910e+00
 2.10878952e+01 1.20909943e+00
 2.35251477e+01 1.43998215e+00
 2.59867717e+01 1.68674159e+00
 2.84428825e+01 1.93969330e+00
 3.08588872e+01 2.18758693e+00
 3.31959257e+01 2.41842054e+00
 3.54123341e+01 2.62069172e+00
 3.74660205e+01 2.78531955e+00
 3.93176924e+01 2.90768443e+00
 4.09347950e+01 2.98861436e+00
 4.22955370e+01 3.03332840e+00
 4.33916948e+01 3.04848456e+00
 4.42287091e+01 3.03905657e+00
 4.48223597e+01 3.00701347e+00
 4.51927913e+01 2.95172123e+00
 4.53581820e+01 2.87008048e+00
 4.53306416e+01 2.75554029e+00
 4.51151894e+01 2.59756192e+00
 4.47105330e+01 2.38299457e+00
 4.41104652e+01 2.09851400e+00
 4.33063043e+01 1.73234237e+00
 4.22908623e+01 1.27480985e+00
 4.10627400e+01 7.18578986e-01
 3.96289352e+01 5.91337111e-02
 3.80047476e+01 -7.04638189e-01
 3.62114142e+01 -1.57018467e+00
 3.42728211e+01 -2.53143725e+00
 3.22129423e+01 -3.57901625e+00
 3.00551375e+01 -4.70019049e+00
 2.78230332e+01 -5.87896210e+00
 2.55415128e+01 -7.09696474e+00
 2.32367106e+01 -8.33503764e+00
 2.09353725e+01 -9.57447814e+00
 1.86645654e+01 -1.07974588e+01
 1.64518462e+01 -1.19871839e+01
 1.43250081e+01 -1.31284201e+01
 1.23106988e+01 -1.42080905e+01
 1.04323447e+01 -1.52151491e+01
 8.70861838e+00 -1.61397125e+01
 7.15316498e+00 -1.69724788e+01
 5.77509232e+00 -1.77053915e+01
 4.57933295e+00 -1.83332853e+01
 3.56649146e+00 -1.88552936e+01
 2.73226047e+00 -1.92751632e+01
 2.06679500e+00 -1.96006652e+01
 1.55474074e+00 -1.98427563e+01
 1.17634119e+00 -2.00147828e+01
 9.09165060e-01 -2.01314412e+01
 7.29797227e-01 -2.02071352e+01
 6.15670447e-01 -2.02541394e+01
 5.47341592e-01 -2.02816956e+01
 5.10499347e-01 -2.02964685e+01
 4.96905371e-01 -2.03034483e+01
 5.04463849e-01 -2.03063907e+01
 5.36502021e-01 -2.03079771e+01
 5.99773547e-01 -2.03101998e+01
 7.01957042e-01 -2.03147635e+01
 8.50797485e-01 -2.03228167e+01
 1.05551170e+00 -2.03338793e+01
 1.32855000e+00 -2.03448151e+01
 1.68592865e+00 -2.03496771e+01
 2.14627217e+00 -2.03401409e+01
 2.72947379e+00 -2.03059933e+01
 3.45536122e+00 -2.02361892e+01
 4.34234314e+00 -2.01209222e+01
 5.40591058e+00 -1.99536006e+01
 6.65679784e+00 -1.97314803e+01
 8.09878525e+00 -1.94554536e+01
 9.72661008e+00 -1.91301595e+01
 1.15247796e+01 -1.87643566e+01
 1.34678583e+01 -1.83706432e+01
 1.55222643e+01 -1.79641431e+01
 1.76493059e+01 -1.75605390e+01
 1.98090868e+01 -1.71740870e+01
 2.19645795e+01 -1.68161717e+01
 2.40848606e+01 -1.64946486e+01
 2.61468361e+01 -1.62137935e+01
 2.81355005e+01 -1.59746257e+01
 3.00431875e+01 -1.57756594e+01
 3.18681655e+01 -1.56140852e+01
 3.36126067e+01 -1.54868315e+01
 3.52799326e+01 -1.53907247e+01
 3.68720735e+01 -1.53218165e+01
 3.83877571e+01 -1.52752389e+01
 3.98226966e+01 -1.52468794e+01
 4.11714539e+01 -1.52359351e+01
 4.24297338e+01 -1.52454810e+01
 4.35958422e+01 -1.52797199e+01
 4.46709849e+01 -1.53402618e+01
 4.56590160e+01 -1.54248573e+01
 4.65662544e+01 -1.55290515e+01
 4.74012813e+01 -1.56482187e+01
 4.81741560e+01 -1.57779820e+01
 4.88947477e+01 -1.59135706e+01
 4.95706796e+01 -1.60496264e+01
 5.02059679e+01 -1.61808646e+01
 5.08010750e+01 -1.63028659e+01
 5.13539712e+01 -1.64123144e+01
 5.18610916e+01 -1.65067776e+01
 5.23176681e+01 -1.65846779e+01
 5.27180912e+01 -1.66456690e+01
 5.30571274e+01 -1.66908166e+01
 5.33316787e+01 -1.67221609e+01
 5.35418565e+01 -1.67421573e+01
 5.36905716e+01 -1.67535014e+01
 5.37817895e+01 -1.67590223e+01
 5.38181043e+01 -1.67612588e+01
 5.37988547e+01 -1.67619966e+01
 5.37207872e+01 -1.67621920e+01
 5.35824340e+01 -1.67622331e+01
 5.33901191e+01 -1.67622400e+01
 5.31607022e+01 -1.67622409e+01
 5.29174530e+01 -1.67622410e+01
 5.26808808e+01 -1.67622410e+01
 5.24612665e+01 -1.67622410e+01
 5.22582572e+01 -1.67622410e+01
 5.20661518e+01 -1.67622410e+01
 5.18793283e+01 -1.67622410e+01
 5.16944527e+01 -1.67622410e+01
 5.15101314e+01 -1.67622410e+01
 5.13259325e+01 -1.67622410e+01
 5.11417547e+01 -1.67622410e+01
 5.09575796e+01 -1.67622410e+01
 5.07734052e+01 -1.67622410e+01
 5.05892331e+01 -1.67622410e+01
 5.04050795e+01 -1.67622410e+01
 5.02210356e+01 -1.67622410e+01
 5.00375038e+01 -1.67622410e+01
 4.98558521e+01 -1.67622410e+01
 4.96796343e+01 -1.67622410e+01
 4.95157990e+01 -1.67622410e+01
 4.93742389e+01 -1.67622410e+01
 4.92643479e+01 -1.67622410e+01
