 0.00000000e+00 0.00000000e+00
 0.00000000e+00 0.00000000e+00
 0.00000000e+00 0.00000000e+00
 0.00000000e+00 0.00000000e+00
 0.00000000e+00 0.00000000e+00
 0.00000000e+00 0.00000000e+00
 0.00000000e+00 0.00000000e+00
 0.00000000e+00 0.00000000e+00
 0.00000000e+00 0.00000000e+00
 0.00000000e+00 0.00000000e+00
 0.00000000e+00 0.00000000e+00
 0.00000000e+00 0.00000000e+00
 0.00000000e+00 0.00000000e+00
 0.00000000e+00 0.00000000e+00
 0.00000000e+00 0.00000000e+00
 0.00000000e+00 0.00000000e+00
 0.00000000e+00 0.00000000e+00
 0.00000000e+00 0.00000000e+00
 0.00000000e+00 0.00000000e+00
 0.00000000e+00 0.00000000e+00
 0.00000000e+00 0.00000000e+00
 0.00000000e+00 0.00000000e+00
 0.00000000e+00 0.00000000e+00
 0.00000000e+00 0.00000000e+00
 0.00000000e+00 0.00000000e+00
 0.00000000e+00 0.00000000e+00
 0.00000000e+00 0.00000000e+00
 0.00000000e+00 0.00000000e+00
 0.00000000e+00 0.00000000e+00
 0.00000000e+00 0.00000000e+00
 0.00000000e+00 0.00000000e+00
 0.00000000e+00 0.00000000e+00
 0.00000000e+00 0.00000000e+00
 0.00000000e+00 0.00000000e+00
 0.00000000e+00 0.00000000e+00
 0.00000000e+00 0.00000000e+00
 0.00000000e+00 0.00000000e+00
 0.00000000e+00 0.00000000e+00
 0.00000000e+00 0.00000000e+00
 0.00000000e+00 0.00000000e+00
 0.00000000e+00 0.00000000e+00
 0.00000000e+00 0.00000000e+00
 0.00000000e+00 0.00000000e+00
 0.00000000e+00 0.00000000e+00
 0.00000000e+00 0.00000000e+00
 0.00000000e+00 0.00000000e+00
 4.80434920e-01 -7.02343456e-02
 1.15083009e+00 -1.66482025e-01
 2.00956546e+00 -2.85031102e-01
 3.05191788e+00 -4.18836142e-01
 4.28024433e+00 -5.58901251e-01
 5.70468078e+00 -6.95253619e-01
 7.33767650e+00 -8.17701395e-01
 9.18769972e+00 -9.16754298e-01
 1.12545998e+01 -9.84680793e-01
 1.35268064e+01 -1.01608026e+00
 1.59803510e+01 -1.00764292e+00
 1.85799568e+01 -9.58053699e-01
 2.12816425e+01 -8.69036751e-01
 2.40353416e+01 -7.46586695e-01
 2.67866610e+01 -6.00599027e-01
 2.94784745e+01 -4.42978866e-01
 3.20534860e+01 -2.85850357e-01
 3.44578067e+01 -1.40563380e-01
 3.66445275e+01 -1.67659955e-02
 3.85763943e+01 7.89934084e-02
 4.02274783e+01 1.44401380e-01
 4.15840134e+01 1.80825607e-01
 4.26441243e+01 1.90439984e-01
 4.34158694e+01 1.72298179e-01
 4.39135396e+01 1.19879354e-01
 4.41532161e+01 2.15571217e-02
 4.41491504e+01 -1.37062447e-01
 4.39117867e+01 -3.71047267e-01
 4.34471759e+01 -6.95078291e-01
 4.27576567e+01 -1.12265389e+00
 4.18442241e+01 -1.66478135e+00
 4.07102716e+01 -2.32822947e+00
 3.93650792e+01 -3.11397955e+00
 3.78253091e+01 -4.01663981e+00
 3.61138189e+01 -5.02527818e+00
 3.42564163e+01 -6.12536629e+00
 3.22783116e+01 -7.30091919e+00
 3.02021259e+01 -8.53602891e+00
 2.80478630e+01 -9.81554919e+00
 2.58336896e+01 -1.11251743e+01
 2.35765462e+01 -1.24513717e+01
 2.12930270e+01 -1.37813806e+01
 1.90013937e+01 -1.51028667e+01
 1.67243379e+01 -1.64027518e+01
 1.44908419e+01 -1.76656972e+01
 1.23357482e+01 -1.88734090e+01
 1.02970605e+01 -2.00053371e+01
 8.41219637e+00 -2.10404263e+01
 6.71450551e+00 -2.19594191e+01
 5.23048067e+00 -2.27473705e+01
 3.97726913e+00 -2.33959303e+01
 2.96033390e+00 -2.39047862e+01
 2.17202692e+00 -2.42818457e+01
 1.59203478e+00 -2.45423169e+01
 1.18981711e+00 -2.47071332e+01
 9.28525375e-01 -2.48006317e+01
 7.70023481e-01 -2.48471000e+01
 6.80218957e-01 -2.48668905e+01
 6.32773312e-01 -2.48739744e+01
 6.09698096e-01 -2.48760715e+01
 5.99647164e-01 -2.48765784e+01
 5.95860853e-01 -2.48766774e+01
 5.94666321e-01 -2.48766929e+01
 5.94358300e-01 -2.48766948e+01
 5.94294444e-01 -2.48766950e+01
 5.94283915e-01 -2.48766951e+01
 5.94282554e-01 -2.48766960e+01
 5.94282554e-01 -2.48767028e+01
 5.94283917e-01 -2.48767430e+01
 5.94294461e-01 -2.48769315e+01
 5.94358425e-01 -2.48776277e+01
 5.94666862e-01 -2.48796654e+01
 5.95860504e-01 -2.48844298e+01
 5.99620300e-01 -2.48934561e+01
 6.09453777e-01 -2.49076644e+01
 6.31373908e-01 -2.49270058e+01
 6.74282745e-01 -2.49509865e+01
 7.50170402e-01 -2.49792981e+01
 8.74152603e-01 -2.50115704e+01
 1.06419044e+00 -2.50464906e+01
 1.34066157e+00 -2.50810743e+01
 1.72600012e+00 -2.51101832e+01
 2.24395342e+00 -2.51261862e+01
 2.91796376e+00 -2.51192767e+01
 3.76901884e+00 -2.50788895e+01
 4.81360350e+00 -2.49957298e+01
 6.06199462e+00 -2.48634743e+01
 7.51693917e+00 -2.46797038e+01
 9.17276630e+00 -2.44461581e+01
 1.10149873e+01 -2.41683814e+01
 1.30205024e+01 -2.38547799e+01
 1.51586017e+01 -2.35154677e+01
 1.73929489e+01 -2.31614377e+01
 1.96845878e+01 -2.28040980e+01
 2.19954704e+01 -2.24547131e+01
 2.42914606e+01 -2.21234572e+01
 2.65440510e+01 -2.18183777e+01
 2.87309273e+01 -2.15449258e+01
 3.08358688e+01 -2.13063935e+01
 3.28480644e+01 -2.11047826e+01
 3.47606607e+01 -2.09411711e+01
 3.65687382e+01 -2.08151579e+01
 3.82675496e+01 -2.07240627e+01
 3.98519093e+01 -2.06631819e+01
 4.13167929e+01 -2.06275348e+01
 4.26583293e+01 -2.06137744e+01
 4.38743348e+01 -2.06204835e+01
 4.49642830e+01 -2.06467459e+01
 4.59292881e+01 -2.06905936e+01
 4.67724888e+01 -2.07486828e+01
 4.74993680e+01 -2.08170525e+01
 4.81173271e+01 -2.08920749e+01
 4.86346714e+01 -2.09710640e+01
 4.90597525e+01 -2.10523553e+01
 4.94007256e+01 -2.11348412e+01
 4.96659716e+01 -2.12172918e+01
 4.98649572e+01 -2.12979345e+01
 5.00086984e+01 -2.13745060e+01
 5.01088061e+01 -2.14447883e+01
 5.01754627e+01 -2.15074649e+01
 5.02160783e+01 -2.15627106e+01
 5.02352916e+01 -2.16118721e+01
 5.02350488e+01 -2.16563824e+01
 5.02142263e+01 -2.16967177e+01
 5.01691786e+01 -2.17320304e+01
 5.00960097e+01 -2.17606994e+01
 4.99933713e+01 -2.17816468e+01
 4.98643728e+01 -2.17955751e+01
 4.97169761e+01 -2.18050145e+01
 4.95621846e+01 -2.18130719e+01
 4.94100699e+01 -2.18219897e+01
 4.92660406e+01 -2.18325834e+01
 4.91302404e+01 -2.18446235e+01
 4.89999607e+01 -2.18575288e+01
 4.88723920e+01 -2.18708248e+01
 4.87458324e+01 -2.18842573e+01
 4.86195619e+01 -2.18977273e+01
 4.84933554e+01 -2.19112052e+01
 4.83671599e+01 -2.19246845e+01
 4.82409660e+01 -2.19381640e+01
 4.81147723e+01 -2.19516435e+01
 4.79885804e+01 -2.19651228e+01
 4.78624011e+01 -2.19786007e+01
 4.77362969e+01 -2.19920707e+01
 4.76105436e+01 -2.20055031e+01
 4.74860786e+01 -2.20187979e+01
 4.73653368e+01 -2.20316951e+01
 4.72530792e+01 -2.20436860e+01
 4.71560843e+01 -2.20540466e+01
 4.70807887e+01 -2.20620893e+01
