 0.00000000e+00 0.00000000e+00
 0.00000000e+00 0.00000000e+00
 0.00000000e+00 0.00000000e+00
 0.00000000e+00 0.00000000e+00
 0.00000000e+00 0.00000000e+00
 0.00000000e+00 0.00000000e+00
 0.00000000e+00 0.00000000e+00
 0.00000000e+00 0.00000000e+00
 1.47944448e-01 2.81003596e-01
 3.17502587e-01 6.35837454e-01
 4.80855138e-01 1.03393442e+00
 6.11783365e-01 1.44242075e+00
 6.91244664e-01 1.83627098e+00
 7.05542753e-01 2.20080263e+00
 6.42894678e-01 2.52935834e+00
 4.93107461e-01 2.82016599e+00
 2.48778503e-01 3.07396878e+00
 -9.50304086e-02 3.29231312e+00
 -5.42014336e-01 3.47629827e+00
 -1.09467196e+00 3.62590102e+00
 -1.75346945e+00 3.73975133e+00
 -2.51676019e+00 3.81469702e+00
 -3.38160012e+00 3.84458148e+00
 -4.34418711e+00 3.81884294e+00
 -5.39945041e+00 3.72260483e+00
 -6.54077520e+00 3.53898959e+00
 -7.76062690e+00 3.25224586e+00
 -9.05136978e+00 2.84985006e+00
 -1.04051101e+01 2.32336415e+00
 -1.18125051e+01 1.66891970e+00
 -1.32615266e+01 8.87689756e-01
 -1.47369165e+01 -1.39663851e-02
 -1.62201728e+01 -1.02489191e+00
 -1.76895319e+01 -2.12990668e+00
 -1.91197610e+01 -3.31069476e+00
 -2.04820791e+01 -4.54652250e+00
 -2.17446755e+01 -5.81464150e+00
 -2.28739554e+01 -7.09062743e+00
 -2.38363567e+01 -8.34914552e+00
 -2.46007651e+01 -9.56521481e+00
 -2.51414638e+01 -1.07153282e+01
 -2.54406542e+01 -1.17777515e+01
 -2.54891785e+01 -1.27321560e+01
 -2.52854314e+01 -1.35593616e+01
 -2.48340356e+01 -1.42415038e+01
 -2.41452736e+01 -1.47620698e+01
 -2.32344006e+01 -1.51052661e+01
 -2.21197650e+01 -1.52552389e+01
 -2.08202664e+01 -1.51963593e+01
 -1.93534572e+01 -1.49148364e+01
 -1.77347666e+01 -1.44004294e+01
 -1.59775874e+01 -1.36472398e+01
 -1.40940375e+01 -1.26540377e+01
 -1.20962314e+01 -1.14247049e+01
 -9.99755471e+00 -9.96820032e+00
 -7.81333490e+00 -8.29728163e+00
 -5.56068447e+00 -6.42633558e+00
 -3.25766490e+00 -4.36935576e+00
 -9.21854032e-01 -2.13873584e+00
 1.43165206e+00 2.55187714e-01
 3.79206733e+00 2.80420349e+00
 6.15309113e+00 5.50177500e+00
 8.51069030e+00 8.34127487e+00
 1.08594902e+01 1.13122440e+01
 1.31892478e+01 1.43948952e+01
 1.54817818e+01 1.75539765e+01
 1.77082755e+01 2.07339681e+01
 1.98278814e+01 2.38582904e+01
 2.17892375e+01 2.68345956e+01
 2.35354070e+01 2.95654259e+01
 2.50105302e+01 3.19599613e+01
 2.61651706e+01 3.39415827e+01
 2.69588252e+01 3.54495815e+01
 2.73611606e+01 3.64386880e+01
 2.73542824e+01 3.68811245e+01
 2.69356672e+01 3.67709023e+01
 2.61191713e+01 3.61251439e+01
 2.49325948e+01 3.49786528e+01
 2.34127992e+01 3.33742490e+01
 2.16007144e+01 3.13552797e+01
 1.95382172e+01 2.89641139e+01
 1.72673624e+01 2.62447698e+01
 1.48308465e+01 2.32454222e+01
 1.22722914e+01 2.00188299e+01
 9.63606166e+00 1.66216651e+01
 6.96744125e+00 1.31141789e+01
 4.31411282e+00 9.56051374e+00
 1.72889037e+00 6.02921703e+00
 -7.28023148e-01 2.59328624e+00
 -2.98980017e+00 -6.71330534e-01
 -4.98787935e+00 -3.69006208e+00
 -6.65946730e+00 -6.39683232e+00
 -7.95466170e+00 -8.74134384e+00
 -8.84060276e+00 -1.06926600e+01
 -9.30154446e+00 -1.22372678e+01
 -9.33553045e+00 -1.33735640e+01
 -8.94983382e+00 -1.41066243e+01
 -8.15764900e+00 -1.44457234e+01
 -6.97728717e+00 -1.44043668e+01
 -5.43329247e+00 -1.40013432e+01
 -3.55817344e+00 -1.32619655e+01
 -1.39406958e+00 -1.22195068e+01
 1.00592035e+00 -1.09165271e+01
 3.57752502e+00 -9.40499026e+00
 6.24727731e+00 -7.74415519e+00
 8.93757384e+00 -5.99619603e+00
 1.15758453e+01 -4.22018678e+00
 1.41077697e+01 -2.46514955e+00
 1.65098625e+01 -7.63424607e-01
 1.87925750e+01 8.72972544e-01
 2.09891882e+01 2.45019688e+00
 2.31370630e+01 3.98481658e+00
 2.52636409e+01 5.49460814e+00
 2.73832922e+01 6.99265539e+00
 2.95014082e+01 8.48620331e+00
 3.16193642e+01 9.97836067e+00
 3.37373502e+01 1.14701729e+01
 3.58553542e+01 1.29619165e+01
 3.79733627e+01 1.44536494e+01
 4.00913717e+01 1.59453807e+01
 4.22093779e+01 1.74371098e+01
 4.43273562e+01 1.89288193e+01
 4.64451225e+01 2.04203795e+01
 4.85616277e+01 2.19110514e+01
 5.06722435e+01 2.33975754e+01
 5.27612380e+01 2.48688714e+01
 5.47877422e+01 2.62961549e+01
 5.66718493e+01 2.76231470e+01
 5.82997903e+01 2.87697192e+01
 5.95635366e+01 2.96597861e+01
 5.95635366e+01 2.96597861e+01
 5.95635366e+01 2.96597861e+01
 5.95635366e+01 2.96597861e+01
 5.95635366e+01 2.96597861e+01
 5.95635366e+01 2.96597861e+01
 5.95635366e+01 2.96597861e+01
 5.95635366e+01 2.96597861e+01
 5.95635366e+01 2.96597861e+01
 5.95635366e+01 2.96597861e+01
 5.95635366e+01 2.96597861e+01
 5.95635366e+01 2.96597861e+01
 5.95635366e+01 2.96597861e+01
 5.95635366e+01 2.96597861e+01
 5.95635366e+01 2.96597861e+01
 5.95635366e+01 2.96597861e+01
 5.95635366e+01 2.96597861e+01
 5.95635366e+01 2.96597861e+01
 5.95635366e+01 2.96597861e+01
 5.95635366e+01 2.96597861e+01
 5.95635366e+01 2.96597861e+01
 5.95635366e+01 2.96597861e+01
 5.95635366e+01 2.96597861e+01
 5.95635366e+01 2.96597861e+01
 5.95635366e+01 2.96597861e+01
 5.95635366e+01 2.96597861e+01
 5.95635366e+01 2.96597861e+01
 5.95635366e+01 2.96597861e+01
 5.95635366e+01 2.96597861e+01
 5.95635366e+01 2.96597861e+01
 5.95635366e+01 2.96597861e+01
