 0.00000000e+00 0.00000000e+00
 0.00000000e+00 0.00000000e+00
 0.00000000e+00 0.00000000e+00
 0.00000000e+00 0.00000000e+00
 1.27404251e-01 -3.23633924e-02
 3.01630907e-01 -7.59686733e-02
 5.22711906e-01 -1.27949498e-01
 7.96281188e-01 -1.86578446e-01
 1.13995652e+00 -2.53515278e-01
 1.58406575e+00 -3.33527601e-01
 2.16633952e+00 -4.32813810e-01
 2.92408058e+00 -5.57434561e-01
 3.88838728e+00 -7.12233267e-01
 5.08231054e+00 -9.00105515e-01
 6.52123196e+00 -1.12133698e+00
 8.21309342e+00 -1.37263501e+00
 1.01581194e+01 -1.64597267e+00
 1.23488905e+01 -1.92813106e+00
 1.47706764e+01 -2.20180743e+00
 1.74009300e+01 -2.44819088e+00
 2.02076689e+01 -2.65000410e+00
 2.31480945e+01 -2.79405863e+00
 2.61690210e+01 -2.87308932e+00
 2.92093895e+01 -2.88699658e+00
 3.22040379e+01 -2.84322182e+00
 3.50878057e+01 -2.75565028e+00
 3.77994174e+01 -2.64201024e+00
 4.02849731e+01 -2.52061622e+00
 4.25011843e+01 -2.40743925e+00
 4.44184160e+01 -2.31403281e+00
 4.60229224e+01 -2.24657917e+00
 4.73168372e+01 -2.20647177e+00
 4.83147475e+01 -2.19284216e+00
 4.90375763e+01 -2.20648232e+00
 4.95062645e+01 -2.25330017e+00
 4.97373263e+01 -2.34561222e+00
 4.97405668e+01 -2.50125983e+00
 4.95182898e+01 -2.74164092e+00
 4.90655447e+01 -3.08942764e+00
 4.83713869e+01 -3.56612400e+00
 4.74213603e+01 -4.18947428e+00
 4.62013368e+01 -4.97090444e+00
 4.47022180e+01 -5.91349474e+00
 4.29241538e+01 -7.01117584e+00
 4.08786798e+01 -8.24946846e+00
 3.85879583e+01 -9.60735666e+00
 3.60818164e+01 -1.10596222e+01
 3.33945444e+01 -1.25792821e+01
 3.05633115e+01 -1.41398711e+01
 2.76285528e+01 -1.57169528e+01
 2.46352085e+01 -1.72881709e+01
 2.16334948e+01 -1.88319076e+01
 1.86785500e+01 -2.03257042e+01
 1.58286770e+01 -2.17459399e+01
 1.31420078e+01 -2.30693167e+01
 1.06719961e+01 -2.42752140e+01
 8.46290624e+00 -2.53474176e+01
 6.54637381e+00 -2.62747029e+01
 4.93922373e+00 -2.70511165e+01
 3.64221022e+00 -2.76768576e+01
 2.63981673e+00 -2.81594127e+01
 1.90197616e+00 -2.85136934e+01
 1.38820363e+00 -2.87604122e+01
 1.05311462e+00 -2.89230779e+01
 8.51433273e-01 -2.90246026e+01
 7.41642993e-01 -2.90845236e+01
 6.88828477e-01 -2.91176785e+01
 6.66895699e-01 -2.91344962e+01
 6.59196068e-01 -2.91420581e+01
 6.56950773e-01 -2.91449667e+01
 6.56414461e-01 -2.91458959e+01
 6.56310678e-01 -2.91461372e+01
 6.56294546e-01 -2.91461875e+01
 6.56292545e-01 -2.91461958e+01
 6.56292348e-01 -2.91461969e+01
 6.56292333e-01 -2.91461970e+01
 6.56292332e-01 -2.91461970e+01
 6.56292332e-01 -2.91461970e+01
 6.56292332e-01 -2.91461970e+01
 6.56292332e-01 -2.91461970e+01
 6.56292333e-01 -2.91461970e+01
 6.56292350e-01 -2.91461970e+01
 6.56292565e-01 -2.91461970e+01
 6.56294711e-01 -2.91461970e+01
 6.56311648e-01 -2.91461970e+01
 6.56417759e-01 -2.91461972e+01
 6.56948831e-01 -2.91461990e+01
 6.59089350e-01 -2.91462125e+01
 6.66113912e-01 -2.91462937e+01
 6.85162623e-01 -2.91466752e+01
 7.28684707e-01 -2.91480912e+01
 8.14538644e-01 -2.91522536e+01
 9.64925209e-01 -2.91619884e+01
 1.20552254e+00 -2.91801820e+01
 1.56545799e+00 -2.92074065e+01
 2.07697623e+00 -2.92396942e+01
 2.77339201e+00 -2.92683001e+01
 3.68531086e+00 -2.92815500e+01
 4.83634857e+00 -2.92675321e+01
 6.23989616e+00 -2.92169331e+01
 7.89804775e+00 -2.91257021e+01
 9.80269550e+00 -2.89965294e+01
 1.19376753e+01 -2.88383708e+01
 1.42808126e+01 -2.86646749e+01
 1.68054730e+01 -2.84913460e+01
 1.94816353e+01 -2.83345316e+01
 2.22766005e+01 -2.82080394e+01
 2.51556951e+01 -2.81210885e+01
 2.80833870e+01 -2.80775902e+01
 3.10248071e+01 -2.80770809e+01
 3.39470822e+01 -2.81159087e+01
 3.68197187e+01 -2.81876609e+01
 3.96140128e+01 -2.82837017e+01
 4.23025337e+01 -2.83948570e+01
 4.48596867e+01 -2.85134418e+01
 4.72630707e+01 -2.86342134e+01
 4.94943651e+01 -2.87540865e+01
 5.15390122e+01 -2.88712777e+01
 5.33853008e+01 -2.89843976e+01
 5.50240391e+01 -2.90918098e+01
 5.64493437e+01 -2.91914486e+01
 5.76600919e+01 -2.92810593e+01
 5.86611432e+01 -2.93587164e+01
 5.94636373e+01 -2.94233582e+01
 6.00843072e+01 -2.94750081e+01
 6.05443819e+01 -2.95147277e+01
 6.08685209e+01 -2.95446403e+01
 6.10831237e+01 -2.95677054e+01
 6.12127912e+01 -2.95865220e+01
 6.12755821e+01 -2.96017305e+01
 6.12803545e+01 -2.96116429e+01
 6.12284881e+01 -2.96134236e+01
 6.11178893e+01 -2.96044953e+01
 6.09455667e+01 -2.95832404e+01
 6.07086927e+01 -2.95492252e+01
 6.04072767e+01 -2.95033626e+01
 6.00492419e+01 -2.94480533e+01
 5.96535641e+01 -2.93869851e+01
 5.92462507e+01 -2.93242154e+01
 5.88500660e+01 -2.92628166e+01
 5.84758728e+01 -2.92040524e+01
 5.81222722e+01 -2.91476514e+01
 5.77819337e+01 -2.90927182e+01
 5.74479463e+01 -2.90384685e+01
 5.71162832e+01 -2.89844642e+01
 5.67852777e+01 -2.89305283e+01
 5.64544169e+01 -2.88766074e+01
 5.61235808e+01 -2.88226890e+01
 5.57927481e+01 -2.87687710e+01
 5.54619162e+01 -2.87148531e+01
 5.51310887e+01 -2.86609358e+01
 5.48002943e+01 -2.86070240e+01
 5.44696968e+01 -2.85531443e+01
 5.41400193e+01 -2.84994145e+01
 5.38137190e+01 -2.84462352e+01
 5.34971797e+01 -2.83946466e+01
 5.32028828e+01 -2.83466830e+01
 5.29485990e+01 -2.83052407e+01
 5.27512022e+01 -2.82730696e+01
 5.27512022e+01 -2.82730696e+01
 5.27512022e+01 -2.82730696e+01
 5.27512022e+01 -2.82730696e+01
 5.27512022e+01 -2.82730696e+01
 5.27512022e+01 -2.82730696e+01
 5.27512022e+01 -2.82730696e+01
 5.27512022e+01 -2.82730696e+01
 5.27512022e+01 -2.82730696e+01
 5.27512022e+01 -2.82730696e+01
 5.27512022e+01 -2.82730696e+01
 5.27512022e+01 -2.82730696e+01
 5.27512022e+01 -2.82730696e+01
 5.27512022e+01 -2.82730696e+01
 5.27512022e+01 -2.82730696e+01
 5.27512022e+01 -2.82730696e+01
 5.27512022e+01 -2.82730696e+01
 5.27512022e+01 -2.82730696e+01
 5.27512022e+01 -2.82730696e+01
 5.27512022e+01 -2.82730696e+01
 5.27512022e+01 -2.82730696e+01
 5.27512022e+01 -2.82730696e+01
 5.27512022e+01 -2.82730696e+01
 5.27512022e+01 -2.82730696e+01
 5.27512022e+01 -2.82730696e+01
 5.27512022e+01 -2.82730696e+01
 5.27512022e+01 -2.82730696e+01
 5.27512022e+01 -2.82730696e+01
 5.27512022e+01 -2.82730696e+01
 5.27512022e+01 -2.82730696e+01
 5.27512022e+01 -2.82730696e+01
 5.27512022e+01 -2.82730696e+01
 5.27512022e+01 -2.82730696e+01
 5.27512022e+01 -2.82730696e+01
 5.27512022e+01 -2.82730696e+01
 5.27512022e+01 -2.82730696e+01
 5.27512022e+01 -2.82730696e+01
 5.27512022e+01 -2.82730696e+01
