 0.00000000e+00 0.00000000e+00
 0.00000000e+00 0.00000000e+00
 0.00000000e+00 0.00000000e+00
 0.00000000e+00 0.00000000e+00
 3.70927405e-01 -2.00463092e-02
 8.66519462e-01 -6.47775848e-02
 1.47630584e+00 -1.49292055e-01
 2.20055253e+00 -2.87428639e-01
 3.06366930e+00 -4.87517113e-01
 4.11239184e+00 -7.50710056e-01
 5.40245941e+00 -1.07185875e+00
 6.98320848e+00 -1.44097521e+00
 8.88738573e+00 -1.84409890e+00
 1.11280935e+01 -2.26398529e+00
 1.37006268e+01 -2.68131091e+00
 1.65858134e+01 -3.07637179e+00
 1.97523750e+01 -3.43076013e+00
 2.31576144e+01 -3.72859886e+00
 2.67477602e+01 -3.95733915e+00
 3.04602576e+01 -4.10842803e+00
 3.42290080e+01 -4.17807457e+00
 3.79909149e+01 -4.16806967e+00
 4.16905265e+01 -4.08623346e+00
 4.52807025e+01 -3.94581074e+00
 4.87201228e+01 -3.76367809e+00
 5.19704359e+01 -3.55819632e+00
 5.49953051e+01 -3.34760252e+00
 5.77614466e+01 -3.14896562e+00
 6.02401699e+01 -2.97715748e+00
 6.24083100e+01 -2.84366894e+00
 6.42488586e+01 -2.75607668e+00
 6.57519171e+01 -2.71934927e+00
 6.69154951e+01 -2.73874398e+00
 6.77450950e+01 -2.82184851e+00
 6.82519632e+01 -2.97759393e+00
 6.84509733e+01 -3.21327122e+00
 6.83589567e+01 -3.53253884e+00
 6.79933939e+01 -3.93557443e+00
 6.73711141e+01 -4.41993867e+00
 6.65073345e+01 -4.98071294e+00
 6.54158740e+01 -5.61020685e+00
 6.41106909e+01 -6.29846256e+00
 6.26075188e+01 -7.03504610e+00
 6.09237527e+01 -7.81133272e+00
 5.90758856e+01 -8.62205301e+00
 5.70759881e+01 -9.46548168e+00
 5.49298428e+01 -1.03426622e+01
 5.26380439e+01 -1.12566171e+01
 5.01989515e+01 -1.22119957e+01
 4.76113999e+01 -1.32146122e+01
 4.48763524e+01 -1.42701364e+01
 4.19984049e+01 -1.53820594e+01
 3.89882295e+01 -1.65498961e+01
 3.58658616e+01 -1.77684002e+01
 3.26634670e+01 -1.90275784e+01
 2.94258454e+01 -2.03127029e+01
 2.62078764e+01 -2.16040586e+01
 2.30697442e+01 -2.28771333e+01
 2.00716155e+01 -2.41041776e+01
 1.72689869e+01 -2.52572081e+01
 1.47091262e+01 -2.63114090e+01
 1.24285859e+01 -2.72476558e+01
 1.04514575e+01 -2.80537259e+01
 8.78792712e+00 -2.87246608e+01
 7.43322346e+00 -2.92627564e+01
 6.36795745e+00 -2.96770465e+01
 5.56095023e+00 -2.99819337e+01
 4.97414271e+00 -3.01951161e+01
 4.56734124e+00 -3.03354221e+01
 4.30097792e+00 -3.04210978e+01
 4.13768128e+00 -3.04686714e+01
 4.04446013e+00 -3.04921117e+01
 3.99515479e+00 -3.05020725e+01
 3.97129258e+00 -3.05054925e+01
 3.96098014e+00 -3.05058839e+01
 3.95712530e+00 -3.05041593e+01
 3.95591660e+00 -3.04996802e+01
 3.95560626e+00 -3.04915368e+01
 3.95554211e+00 -3.04799479e+01
 3.95553155e+00 -3.04669110e+01
 3.95553017e+00 -3.04552818e+01
 3.95553003e+00 -3.04469429e+01
 3.95553002e+00 -3.04417236e+01
 3.95553002e+00 -3.04377466e+01
 3.95553002e+00 -3.04325273e+01
 3.95553002e+00 -3.04241884e+01
 3.95553002e+00 -3.04125592e+01
 3.95553003e+00 -3.03995222e+01
 3.95553019e+00 -3.03879323e+01
 3.95553174e+00 -3.03797816e+01
 3.95554401e+00 -3.03752573e+01
 3.95562135e+00 -3.03733107e+01
 3.95601190e+00 -3.03728243e+01
 3.95760622e+00 -3.03734130e+01
 3.96293347e+00 -3.03757980e+01
 3.97773857e+00 -3.03820541e+01
 4.01265058e+00 -3.03957472e+01
 4.08414417e+00 -3.04218000e+01
 4.21443605e+00 -3.04660256e+01
 4.43067612e+00 -3.05342136e+01
 4.76394540e+00 -3.06306942e+01
 5.24827916e+00 -3.07568902e+01
 5.91962725e+00 -3.09106152e+01
 6.81424976e+00 -3.10859873e+01
 7.96593649e+00 -3.12732055e+01
 9.40232803e+00 -3.14583743e+01
 1.11417011e+01 -3.16246544e+01
 1.31913631e+01 -3.17553263e+01
 1.55475149e+01 -3.18375199e+01
 1.81955878e+01 -3.18647760e+01
 2.11101731e+01 -3.18380584e+01
 2.42543391e+01 -3.17661287e+01
 2.75791369e+01 -3.16654256e+01
 3.10249097e+01 -3.15583378e+01
 3.45255189e+01 -3.14695150e+01
 3.80146948e+01 -3.14218217e+01
 4.14319899e+01 -3.14336945e+01
 4.47260660e+01 -3.15177025e+01
 4.78552233e+01 -3.16791422e+01
 5.07869099e+01 -3.19149125e+01
 5.34974701e+01 -3.22139639e+01
 5.59718110e+01 -3.25594915e+01
 5.82022725e+01 -3.29318001e+01
 6.01867499e+01 -3.33109755e+01
 6.19267488e+01 -3.36790667e+01
 6.34261893e+01 -3.40215556e+01
 6.46914158e+01 -3.43279771e+01
 6.57320652e+01 -3.45918581e+01
 6.65619642e+01 -3.48102826e+01
 6.71994442e+01 -3.49833366e+01
 6.76668649e+01 -3.51136059e+01
 6.79894980e+01 -3.52057362e+01
 6.81941221e+01 -3.52659647e+01
 6.83070916e+01 -3.53015716e+01
 6.83511261e+01 -3.53201226e+01
 6.83416771e+01 -3.53284176e+01
 6.82857753e+01 -3.53315106e+01
 6.81846328e+01 -3.53323484e+01
 6.80373412e+01 -3.53319804e+01
 6.78424036e+01 -3.53296316e+01
 6.75971106e+01 -3.53220338e+01
 6.72971283e+01 -3.53023935e+01
 6.69379103e+01 -3.52605856e+01
 6.65177224e+01 -3.51861305e+01
 6.60410861e+01 -3.50733043e+01
 6.55210600e+01 -3.49251964e+01
 6.49783158e+01 -3.47535891e+01
 6.44356497e+01 -3.45742526e+01
 6.39099628e+01 -3.44003399e+01
 6.34071390e+01 -3.42379829e+01
 6.29234920e+01 -3.40865440e+01
 6.24515591e+01 -3.39421661e+01
 6.19850686e+01 -3.38011828e+01
 6.15205326e+01 -3.36614469e+01
 6.10565428e+01 -3.35220651e+01
 6.05926720e+01 -3.33827615e+01
 6.01288216e+01 -3.32434713e+01
 5.96649738e+01 -3.31041830e+01
 5.92011271e+01 -3.29648950e+01
 5.87372864e+01 -3.28256089e+01
 5.82734922e+01 -3.26863367e+01
 5.78099741e+01 -3.25471474e+01
 5.73477459e+01 -3.24083455e+01
 5.68902527e+01 -3.22709655e+01
 5.64464450e+01 -3.21376950e+01
 5.60338225e+01 -3.20137891e+01
 5.56773008e+01 -3.19067297e+01
 5.54005383e+01 -3.18236210e+01
 5.54005383e+01 -3.18236210e+01
 5.54005383e+01 -3.18236210e+01
 5.54005383e+01 -3.18236210e+01
 5.54005383e+01 -3.18236210e+01
 5.54005383e+01 -3.18236210e+01
 5.54005383e+01 -3.18236210e+01
 5.54005383e+01 -3.18236210e+01
 5.54005383e+01 -3.18236210e+01
 5.54005383e+01 -3.18236210e+01
 5.54005383e+01 -3.18236210e+01
 5.54005383e+01 -3.18236210e+01
 5.54005383e+01 -3.18236210e+01
 5.54005383e+01 -3.18236210e+01
 5.54005383e+01 -3.18236210e+01
 5.54005383e+01 -3.18236210e+01
 5.54005383e+01 -3.18236210e+01
 5.54005383e+01 -3.18236210e+01
 5.54005383e+01 -3.18236210e+01
 5.54005383e+01 -3.18236210e+01
 5.54005383e+01 -3.18236210e+01
 5.54005383e+01 -3.18236210e+01
 5.54005383e+01 -3.18236210e+01
 5.54005383e+01 -3.18236210e+01
 5.54005383e+01 -3.18236210e+01
 5.54005383e+01 -3.18236210e+01
 5.54005383e+01 -3.18236210e+01
 5.54005383e+01 -3.18236210e+01
 5.54005383e+01 -3.18236210e+01
