 0.00000000e+00 0.00000000e+00
 0.00000000e+00 0.00000000e+00
 0.00000000e+00 0.00000000e+00
 0.00000000e+00 0.00000000e+00
 3.34791614e-01 4.35558904e-02
 8.26602859e-01 1.04217510e-01
 1.49068237e+00 1.76451498e-01
 2.33616750e+00 2.51775657e-01
 3.37149024e+00 3.22332302e-01
 4.60687774e+00 3.83101819e-01
 6.05322768e+00 4.31924104e-01
 7.71838201e+00 4.68377707e-01
 9.60279920e+00 4.93036503e-01
 1.16970733e+01 5.07460702e-01
 1.39824782e+01 5.13930893e-01
 1.64332062e+01 5.14297238e-01
 1.90179666e+01 5.08751554e-01
 2.17002941e+01 4.95669914e-01
 2.44389330e+01 4.72559669e-01
 2.71895800e+01 4.37064233e-01
 2.99077297e+01 3.87210202e-01
 3.25513282e+01 3.21229381e-01
 3.50821001e+01 2.37730126e-01
 3.74654493e+01 1.36321099e-01
 3.96700184e+01 1.82592056e-02
 4.16682318e+01 -1.13176021e-01
 4.34381468e+01 -2.52723291e-01
 4.49657522e+01 -3.93740407e-01
 4.62464610e+01 -5.29324428e-01
 4.72848578e+01 -6.53598974e-01
 4.80923073e+01 -7.62832140e-01
 4.86827053e+01 -8.56381725e-01
 4.90675406e+01 -9.37447166e-01
 4.92520370e+01 -1.01317883e+00
 4.92336203e+01 -1.09392185e+00
 4.90025070e+01 -1.19232254e+00
 4.85432161e+01 -1.32299574e+00
 4.78363370e+01 -1.50224224e+00
 4.68612972e+01 -1.74705147e+00
 4.56011444e+01 -2.07372251e+00
 4.40486391e+01 -2.49686785e+00
 4.22110046e+01 -3.02878814e+00
 4.01107509e+01 -3.67869302e+00
 3.77821055e+01 -4.45166049e+00
 3.52650842e+01 -5.34781905e+00
 3.26003939e+01 -6.36219691e+00
 2.98272661e+01 -7.48500767e+00
 2.69838956e+01 -8.70168219e+00
 2.41086239e+01 -9.99245143e+00
 2.12405112e+01 -1.13321308e+01
 1.84194003e+01 -1.26907590e+01
 1.56862672e+01 -1.40350467e+01
 1.30839515e+01 -1.53303302e+01
 1.06570412e+01 -1.65429872e+01
 8.44928350e+00 -1.76432095e+01
 6.49833030e+00 -1.86076426e+01
 4.82977798e+00 -1.94213622e+01
 3.45318038e+00 -2.00789344e+01
 2.36151723e+00 -2.05845226e+01
 1.53373580e+00 -2.09510860e+01
 9.38645733e-01 -2.11987082e+01
 5.38378152e-01 -2.13521314e+01
 2.91014549e-01 -2.14376390e+01
 1.53634859e-01 -2.14795723e+01
 8.69164373e-02 -2.14972385e+01
 6.03371791e-02 -2.15033552e+01
 5.55521568e-02 -2.15045192e+01
 6.65188342e-02 -2.15029227e+01
 9.68436353e-02 -2.14982073e+01
 1.55505363e-01 -2.14890488e+01
 2.52173347e-01 -2.14744048e+01
 3.93642369e-01 -2.14540047e+01
 5.82453143e-01 -2.14279158e+01
 8.17344802e-01 -2.13960348e+01
 1.09439499e+00 -2.13583142e+01
 1.40808263e+00 -2.13152401e+01
 1.75208421e+00 -2.12677933e+01
 2.11996766e+00 -2.12171262e+01
 2.50611650e+00 -2.11644223e+01
 2.90699168e+00 -2.11107477e+01
 3.32239396e+00 -2.10567775e+01
 3.75617910e+00 -2.10027402e+01
 4.21610626e+00 -2.09485613e+01
 4.71316774e+00 -2.08938317e+01
 5.26128247e+00 -2.08375758e+01
 5.87775208e+00 -2.07780014e+01
 6.58375493e+00 -2.07124349e+01
 7.40382661e+00 -2.06377080e+01
 8.36400678e+00 -2.05506699e+01
 9.48908512e+00 -2.04481034e+01
 1.07996945e+01 -2.03263147e+01
 1.23100503e+01 -2.01815062e+01
 1.40267800e+01 -2.00112692e+01
 1.59485807e+01 -1.98165020e+01
 1.80660270e+01 -1.96029572e+01
 2.03611096e+01 -1.93818400e+01
 2.28067795e+01 -1.91689886e+01
 2.53673435e+01 -1.89826139e+01
 2.80003885e+01 -1.88404291e+01
 3.06599566e+01 -1.87574415e+01
 3.32998013e+01 -1.87449497e+01
 3.58756894e+01 -1.88099256e+01
 3.83468772e+01 -1.89537773e+01
 4.06778309e+01 -1.91710344e+01
 4.28406874e+01 -1.94495011e+01
 4.48174400e+01 -1.97722078e+01
 4.66004305e+01 -2.01199123e+01
 4.81909265e+01 -2.04731100e+01
 4.95967316e+01 -2.08135405e+01
 5.08297801e+01 -2.11253778e+01
 5.19041142e+01 -2.13960523e+01
 5.28344374e+01 -2.16167775e+01
 5.36354750e+01 -2.17830567e+01
 5.43219290e+01 -2.18952151e+01
 5.49081532e+01 -2.19583536e+01
 5.54069755e+01 -2.19809246e+01
 5.58283746e+01 -2.19722985e+01
 5.61792323e+01 -2.19409999e+01
 5.64642690e+01 -2.18946324e+01
 5.66870838e+01 -2.18404328e+01
 5.68506262e+01 -2.17847639e+01
 5.69574173e+01 -2.17316270e+01
 5.70095760e+01 -2.16818467e+01
 5.70080953e+01 -2.16336511e+01
 5.69518582e+01 -2.15836744e+01
 5.68379639e+01 -2.15275032e+01
 5.66636138e+01 -2.14601167e+01
 5.64281158e+01 -2.13769334e+01
 5.61342327e+01 -2.12753249e+01
 5.57893977e+01 -2.11556496e+01
 5.54066997e+01 -2.10212576e+01
 5.50040396e+01 -2.08777416e+01
 5.46000990e+01 -2.07315670e+01
 5.42085002e+01 -2.05880652e+01
 5.38341395e+01 -2.04497557e+01
 5.34744092e+01 -2.03163111e+01
 5.31236784e+01 -2.01860057e+01
 5.27771509e+01 -2.00572045e+01
 5.24321395e+01 -1.99289532e+01
 5.20875533e+01 -1.98008572e+01
 5.17430601e+01 -1.96727953e+01
 5.13985828e+01 -1.95447391e+01
 5.10541077e+01 -1.94166838e+01
 5.07096332e+01 -1.92886288e+01
 5.03651633e+01 -1.91605754e+01
 5.00207279e+01 -1.90325348e+01
 4.96764976e+01 -1.89045705e+01
 4.93332251e+01 -1.87769623e+01
 4.89934692e+01 -1.86506613e+01
 4.86638767e+01 -1.85281384e+01
 4.83574438e+01 -1.84142250e+01
 4.80926740e+01 -1.83157993e+01
 4.78871372e+01 -1.82393930e+01
 4.78871372e+01 -1.82393930e+01
 4.78871372e+01 -1.82393930e+01
 4.78871372e+01 -1.82393930e+01
 4.78871372e+01 -1.82393930e+01
 4.78871372e+01 -1.82393930e+01
 4.78871372e+01 -1.82393930e+01
 4.78871372e+01 -1.82393930e+01
 4.78871372e+01 -1.82393930e+01
 4.78871372e+01 -1.82393930e+01
 4.78871372e+01 -1.82393930e+01
 4.78871372e+01 -1.82393930e+01
 4.78871372e+01 -1.82393930e+01
 4.78871372e+01 -1.82393930e+01
 4.78871372e+01 -1.82393930e+01
 4.78871372e+01 -1.82393930e+01
 4.78871372e+01 -1.82393930e+01
 4.78871372e+01 -1.82393930e+01
 4.78871372e+01 -1.82393930e+01
 4.78871372e+01 -1.82393930e+01
 4.78871372e+01 -1.82393930e+01
 4.78871372e+01 -1.82393930e+01
 4.78871372e+01 -1.82393930e+01
 4.78871372e+01 -1.82393930e+01
 4.78871372e+01 -1.82393930e+01
 4.78871372e+01 -1.82393930e+01
 4.78871372e+01 -1.82393930e+01
 4.78871372e+01 -1.82393930e+01
 4.78871372e+01 -1.82393930e+01
 4.78871372e+01 -1.82393930e+01
 4.78871372e+01 -1.82393930e+01
 4.78871372e+01 -1.82393930e+01
 4.78871372e+01 -1.82393930e+01
 4.78871372e+01 -1.82393930e+01
 4.78871372e+01 -1.82393930e+01
 4.78871372e+01 -1.82393930e+01
 4.78871372e+01 -1.82393930e+01
 4.78871372e+01 -1.82393930e+01
 4.78871372e+01 -1.82393930e+01
 4.78871372e+01 -1.82393930e+01
 4.78871372e+01 -1.82393930e+01
 4.78871372e+01 -1.82393930e+01
 4.78871372e+01 -1.82393930e+01
 4.78871372e+01 -1.82393930e+01
