 0.00000000e+00 0.00000000e+00
 0.00000000e+00 0.00000000e+00
 0.00000000e+00 0.00000000e+00
 0.00000000e+00 0.00000000e+00
 4.25150389e-02 5.58096037e-02
 1.53862882e-01 1.30212608e-01
 3.86790186e-01 2.21212803e-01
 8.00740716e-01 3.27631178e-01
 1.45107044e+00 4.50418935e-01
 2.38096768e+00 5.92327898e-01
 3.61841678e+00 7.56961527e-01
 5.17744843e+00 9.48003364e-01
 7.06118108e+00 1.16870703e+00
 9.26391156e+00 1.42151509e+00
 1.17707665e+01 1.70764240e+00
 1.45555665e+01 2.02637256e+00
 1.75790533e+01 2.37391679e+00
 2.07892649e+01 2.74208284e+00
 2.41241051e+01 3.11741522e+00
 2.75148204e+01 3.48155034e+00
 3.08893427e+01 3.81315907e+00
 3.41756482e+01 4.09108278e+00
 3.73058911e+01 4.29755603e+00
 4.02213860e+01 4.42051098e+00
 4.28773711e+01 4.45493799e+00
 4.52460623e+01 4.40394503e+00
 4.73169462e+01 4.27932236e+00
 4.90941860e+01 4.10015241e+00
 5.05922490e+01 3.88889246e+00
 5.18316630e+01 3.66684880e+00
 5.28362775e+01 3.45140618e+00
 5.36320214e+01 3.25529436e+00
 5.42461149e+01 3.08674272e+00
 5.47057481e+01 2.94974199e+00
 5.50364548e+01 2.84436960e+00
 5.52615532e+01 2.76749511e+00
 5.54031900e+01 2.71411272e+00
 5.54833805e+01 2.67889846e+00
 5.55230438e+01 2.65705102e+00
 5.55391539e+01 2.64401300e+00
 5.55418214e+01 2.63462956e+00
 5.55323003e+01 2.62237320e+00
 5.55014783e+01 2.59873971e+00
 5.54289236e+01 2.55271773e+00
 5.52838697e+01 2.47025450e+00
 5.50286035e+01 2.33379768e+00
 5.46222931e+01 2.12244406e+00
 5.40232951e+01 1.81323657e+00
 5.31907698e+01 1.38336060e+00
 5.20876698e+01 8.12531734e-01
 5.06850442e+01 8.52319910e-02
 4.89654193e+01 -8.07353904e-01
 4.69236984e+01 -1.86615569e+00
 4.45663208e+01 -3.08420692e+00
 4.19103850e+01 -4.44760897e+00
 3.89831970e+01 -5.93690542e+00
 3.58211667e+01 -7.52859215e+00
 3.24671976e+01 -9.19671714e+00
 2.89673785e+01 -1.09142892e+01
 2.53688394e+01 -1.26541543e+01
 2.17196367e+01 -1.43894605e+01
 1.80692732e+01 -1.60942757e+01
 1.44674983e+01 -1.77447534e+01
 1.09609110e+01 -1.93205342e+01
 7.58965081e+00 -2.08055233e+01
 4.38679460e+00 -2.21875131e+01
 1.38053205e+00 -2.34570937e+01
 -1.40334360e+00 -2.46068363e+01
 -3.94104106e+00 -2.56312616e+01
 -6.21261078e+00 -2.65272993e+01
 -8.20427838e+00 -2.72947092e+01
 -9.90985588e+00 -2.79361749e+01
 -1.13313574e+01 -2.84570990e+01
 -1.24794862e+01 -2.88654456e+01
 -1.33737702e+01 -2.91719856e+01
 -1.40414875e+01 -2.93907163e+01
 -1.45153152e+01 -2.95385180e+01
 -1.48307606e+01 -2.96332690e+01
 -1.50241771e+01 -2.96910188e+01
 -1.51307344e+01 -2.97240432e+01
 -1.51812294e+01 -2.97407151e+01
 -1.51981444e+01 -2.97461841e+01
 -1.51930796e+01 -2.97427201e+01
 -1.51674109e+01 -2.97300467e+01
 -1.51160143e+01 -2.97063740e+01
 -1.50319208e+01 -2.96697736e+01
 -1.49093936e+01 -2.96190691e+01
 -1.47446456e+01 -2.95540854e+01
 -1.45354781e+01 -2.94755195e+01
 -1.42810607e+01 -2.93845009e+01
 -1.39814458e+01 -2.92820373e+01
 -1.36359648e+01 -2.91687967e+01
 -1.32408634e+01 -2.90453586e+01
 -1.27874552e+01 -2.89126481e+01
 -1.22616702e+01 -2.87723469e+01
 -1.16448859e+01 -2.86272806e+01
 -1.09153083e+01 -2.84817099e+01
 -1.00492476e+01 -2.83412710e+01
 -9.02222837e+00 -2.82122991e+01
 -7.81039036e+00 -2.81005287e+01
 -6.39247557e+00 -2.80097152e+01
 -4.75200959e+00 -2.79411588e+01
 -2.87882983e+00 -2.78944569e+01
 -7.69451476e-01 -2.78684118e+01
 1.57351615e+00 -2.78609388e+01
 4.14241157e+00 -2.78684636e+01
 6.92555368e+00 -2.78862347e+01
 9.90750713e+00 -2.79098180e+01
 1.30678631e+01 -2.79365793e+01
 1.63789754e+01 -2.79662626e+01
 1.98042733e+01 -2.80009073e+01
 2.32985085e+01 -2.80442584e+01
 2.68099079e+01 -2.81003623e+01
 3.02829814e+01 -2.81718450e+01
 3.36607574e+01 -2.82589919e+01
 3.68866971e+01 -2.83598916e+01
 3.99078677e+01 -2.84710504e+01
 4.26799709e+01 -2.85880053e+01
 4.51721631e+01 -2.87058041e+01
 4.73687391e+01 -2.88194348e+01
 4.92671128e+01 -2.89244216e+01
 5.08743329e+01 -2.90175761e+01
 5.22045479e+01 -2.90974691e+01
 5.32778621e+01 -2.91642864e+01
 5.41194322e+01 -2.92192871e+01
 5.47578847e+01 -2.92643059e+01
 5.52235508e+01 -2.93014389e+01
 5.55475574e+01 -2.93326840e+01
 5.57613777e+01 -2.93593052e+01
 5.58951175e+01 -2.93812934e+01
 5.59742193e+01 -2.93977460e+01
 5.60166353e+01 -2.94080247e+01
 5.60319689e+01 -2.94122043e+01
 5.60218269e+01 -2.94098678e+01
 5.59808315e+01 -2.93982090e+01
 5.58993909e+01 -2.93713319e+01
 5.57685168e+01 -2.93219269e+01
 5.55848289e+01 -2.92448974e+01
 5.53538039e+01 -2.91409807e+01
 5.50901165e+01 -2.90178780e+01
 5.48138004e+01 -2.88875182e+01
 5.45427740e+01 -2.87607335e+01
 5.42863387e+01 -2.86430051e+01
 5.40444712e+01 -2.85341387e+01
 5.38122736e+01 -2.84310810e+01
 5.35847925e+01 -2.83308296e+01
 5.33590589e+01 -2.82316101e+01
 5.31338242e+01 -2.81326833e+01
 5.29086999e+01 -2.80338209e+01
 5.26835947e+01 -2.79349696e+01
 5.24584920e+01 -2.78361198e+01
 5.22333898e+01 -2.77372702e+01
 5.20082907e+01 -2.76384220e+01
 5.17832141e+01 -2.75395837e+01
 5.15582715e+01 -2.74408042e+01
 5.13339548e+01 -2.73422996e+01
 5.11119361e+01 -2.72448041e+01
 5.08965588e+01 -2.71502251e+01
 5.06963156e+01 -2.70622919e+01
 5.05232977e+01 -2.69863142e+01
 5.03889865e+01 -2.69273339e+01
 5.03889865e+01 -2.69273339e+01
 5.03889865e+01 -2.69273339e+01
 5.03889865e+01 -2.69273339e+01
 5.03889865e+01 -2.69273339e+01
 5.03889865e+01 -2.69273339e+01
 5.03889865e+01 -2.69273339e+01
 5.03889865e+01 -2.69273339e+01
 5.03889865e+01 -2.69273339e+01
 5.03889865e+01 -2.69273339e+01
 5.03889865e+01 -2.69273339e+01
 5.03889865e+01 -2.69273339e+01
 5.03889865e+01 -2.69273339e+01
 5.03889865e+01 -2.69273339e+01
 5.03889865e+01 -2.69273339e+01
 5.03889865e+01 -2.69273339e+01
 5.03889865e+01 -2.69273339e+01
 5.03889865e+01 -2.69273339e+01
 5.03889865e+01 -2.69273339e+01
 5.03889865e+01 -2.69273339e+01
 5.03889865e+01 -2.69273339e+01
 5.03889865e+01 -2.69273339e+01
 5.03889865e+01 -2.69273339e+01
 5.03889865e+01 -2.69273339e+01
 5.03889865e+01 -2.69273339e+01
 5.03889865e+01 -2.69273339e+01
 5.03889865e+01 -2.69273339e+01
 5.03889865e+01 -2.69273339e+01
 5.03889865e+01 -2.69273339e+01
 5.03889865e+01 -2.69273339e+01
 5.03889865e+01 -2.69273339e+01
 5.03889865e+01 -2.69273339e+01
 5.03889865e+01 -2.69273339e+01
 5.03889865e+01 -2.69273339e+01
 5.03889865e+01 -2.69273339e+01
 5.03889865e+01 -2.69273339e+01
