 0.00000000e+00 0.00000000e+00
 0.00000000e+00 0.00000000e+00
 0.00000000e+00 0.00000000e+00
 0.00000000e+00 0.00000000e+00
 0.00000000e+00 0.00000000e+00
 0.00000000e+00 0.00000000e+00
 0.00000000e+00 0.00000000e+00
 0.00000000e+00 0.00000000e+00
 0.00000000e+00 0.00000000e+00
 0.00000000e+00 0.00000000e+00
 -2.81621939e-02 1.32267652e-02
 -8.72203262e-02 2.55601783e-02
 -1.91234060e-01 3.59762536e-02
 -3.49417796e-01 4.61204922e-02
 -5.64797591e-01 5.96749936e-02
 -8.38273731e-01 8.07253598e-02
 -1.17396271e+00 1.12551291e-01
 -1.58108581e+00 1.57357230e-01
 -2.07205564e+00 2.16345728e-01
 -2.65933120e+00 2.89413978e-01
 -3.35292068e+00 3.74433533e-01
 -4.15907700e+00 4.66488183e-01
 -5.08030406e+00 5.57269780e-01
 -6.11629841e+00 6.34513009e-01
 -7.26480215e+00 6.81340876e-01
 -8.52166666e+00 6.75928077e-01
 -9.88061440e+00 5.92343989e-01
 -1.13336322e+01 4.02754868e-01
 -1.28719304e+01 7.99989614e-02
 -1.44863278e+01 -4.00281970e-01
 -1.61662590e+01 -1.05756506e+00
 -1.78978190e+01 -1.90384108e+00
 -1.96617560e+01 -2.94092189e+00
 -2.14318586e+01 -4.15865539e+00
 -2.31738924e+01 -5.53460664e+00
 -2.48457086e+01 -7.03534713e+00
 -2.63994954e+01 -8.61943753e+00
 -2.77862489e+01 -1.02417402e+01
 -2.89609928e+01 -1.18578288e+01
 -2.98869692e+01 -1.34270875e+01
 -3.05382285e+01 -1.49140433e+01
 -3.09007863e+01 -1.62885072e+01
 -3.09719680e+01 -1.75251615e+01
 -3.07575706e+01 -1.86026063e+01
 -3.02678933e+01 -1.95016945e+01
 -2.95144822e+01 -2.02036200e+01
 -2.85084477e+01 -2.06888094e+01
 -2.72600445e+01 -2.09372285e+01
 -2.57790077e+01 -2.09297371e+01
 -2.40754104e+01 -2.06498674e+01
 -2.21611069e+01 -2.00859227e+01
 -2.00518779e+01 -1.92334221e+01
 -1.77697373e+01 -1.80972831e+01
 -1.53440249e+01 -1.66926344e+01
 -1.28102595e+01 -1.50434701e+01
 -1.02071763e+01 -1.31792464e+01
 -7.57328797e+00 -1.11303704e+01
 -4.94379367e+00 -8.92384458e+00
 -2.34767726e+00 -6.58004300e+00
 1.95110976e-01 -4.11103307e+00
 2.67542770e+00 -1.52050289e+00
 5.09432240e+00 1.19452419e+00
 7.45980401e+00 4.03979060e+00
 9.78190085e+00 7.01781723e+00
 1.20669132e+01 1.01209440e+01
 1.43115532e+01 1.33249171e+01
 1.64983000e+01 1.65843220e+01
 1.85939003e+01 1.98314014e+01
 2.05521341e+01 2.29800121e+01
 2.23199168e+01 2.59348968e+01
 2.38441392e+01 2.86034000e+01
 2.50767715e+01 3.09049678e+01
 2.59776062e+01 3.27753690e+01
 2.65159349e+01 3.41666069e+01
 2.66725909e+01 3.50463455e+01
 2.64421370e+01 3.53992857e+01
 2.58337532e+01 3.52288614e+01
 2.48700060e+01 3.45558342e+01
 2.35840396e+01 3.34129924e+01
 2.20163124e+01 3.18390382e+01
 2.02116967e+01 2.98755330e+01
 1.82168636e+01 2.75674901e+01
 1.60771203e+01 2.49642469e+01
 1.38325321e+01 2.21172074e+01
 1.15148027e+01 1.90751323e+01
 9.14668376e+00 1.58808420e+01
 6.74422543e+00 1.25719366e+01
 4.32121011e+00 9.18472198e+00
 1.89532304e+00 5.75882378e+00
 -5.04925749e-01 2.34061470e+00
 -2.83518827e+00 -1.01520781e+00
 -5.03521887e+00 -4.24613119e+00
 -7.03450475e+00 -7.28487802e+00
 -8.76117663e+00 -1.00650921e+01
 -1.01505589e+01 -1.25282786e+01
 -1.11509398e+01 -1.46292703e+01
 -1.17260584e+01 -1.63378925e+01
 -1.18548814e+01 -1.76366521e+01
 -1.15297133e+01 -1.85166864e+01
 -1.07541852e+01 -1.89749862e+01
 -9.54277070e+00 -1.90144140e+01
 -7.92245620e+00 -1.86458632e+01
 -5.93547734e+00 -1.78910827e+01
 -3.64097705e+00 -1.67850433e+01
 -1.11425541e+00 -1.53770971e+01
 1.55592296e+00 -1.37303825e+01
 4.27154402e+00 -1.19189966e+01
 6.93329090e+00 -1.00221528e+01
 9.45568331e+00 -8.11462339e+00
 1.17879592e+01 -6.25458802e+00
 1.39296765e+01 -4.47335279e+00
 1.59264743e+01 -2.77314871e+00
 1.78437955e+01 -1.13559581e+00
 1.97358017e+01 4.64069585e-01
 2.16303446e+01 2.04572097e+00
 2.35337935e+01 3.62069112e+00
 2.54434059e+01 5.19376179e+00
 2.73557008e+01 6.76643201e+00
 2.92688345e+01 8.33904423e+00
 3.11821647e+01 9.91165212e+00
 3.30955300e+01 1.14842603e+01
 3.50089000e+01 1.30568684e+01
 3.69222679e+01 1.46294744e+01
 3.88356106e+01 1.62020597e+01
 4.07487618e+01 1.77744876e+01
 4.26607737e+01 1.93459792e+01
 4.45674653e+01 2.09130978e+01
 4.64546246e+01 2.24641628e+01
 4.82853313e+01 2.39688292e+01
 4.99873990e+01 2.53677666e+01
 5.14580510e+01 2.65765024e+01
 5.25996963e+01 2.75148259e+01
 5.25996963e+01 2.75148259e+01
 5.25996963e+01 2.75148259e+01
 5.25996963e+01 2.75148259e+01
 5.25996963e+01 2.75148259e+01
 5.25996963e+01 2.75148259e+01
 5.25996963e+01 2.75148259e+01
 5.25996963e+01 2.75148259e+01
 5.25996963e+01 2.75148259e+01
 5.25996963e+01 2.75148259e+01
 5.25996963e+01 2.75148259e+01
 5.25996963e+01 2.75148259e+01
 5.25996963e+01 2.75148259e+01
 5.25996963e+01 2.75148259e+01
 5.25996963e+01 2.75148259e+01
 5.25996963e+01 2.75148259e+01
 5.25996963e+01 2.75148259e+01
 5.25996963e+01 2.75148259e+01
 5.25996963e+01 2.75148259e+01
 5.25996963e+01 2.75148259e+01
 5.25996963e+01 2.75148259e+01
 5.25996963e+01 2.75148259e+01
 5.25996963e+01 2.75148259e+01
 5.25996963e+01 2.75148259e+01
 5.25996963e+01 2.75148259e+01
 5.25996963e+01 2.75148259e+01
 5.25996963e+01 2.75148259e+01
 5.25996963e+01 2.75148259e+01
 5.25996963e+01 2.75148259e+01
