 0.00000000e+00 0.00000000e+00
 0.00000000e+00 0.00000000e+00
 0.00000000e+00 0.00000000e+00
 0.00000000e+00 0.00000000e+00
 3.10181177e-01 8.14047281e-03
 7.68225277e-01 1.96609709e-02
 1.38953012e+00 3.23518383e-02
 2.18218314e+00 4.25980279e-02
 3.15055120e+00 4.64680763e-02
 4.29790973e+00 3.98962975e-02
 5.62836026e+00 1.81680319e-02
 7.14775597e+00 -2.35665781e-02
 8.86269993e+00 -8.82632431e-02
 1.07774478e+01 -1.75183778e-01
 1.28896403e+01 -2.79939699e-01
 1.51864043e+01 -3.95980202e-01
 1.76424247e+01 -5.16229851e-01
 2.02206899e+01 -6.34255525e-01
 2.28750553e+01 -7.44891770e-01
 2.55531522e+01 -8.44380214e-01
 2.81991983e+01 -9.30333311e-01
 3.07573609e+01 -1.00180387e+00
 3.31759534e+01 -1.05925539e+00
 3.54115005e+01 -1.10414923e+00
 3.74311937e+01 -1.13847027e+00
 3.92131544e+01 -1.16466965e+00
 4.07454455e+01 -1.18558941e+00
 4.20252713e+01 -1.20355529e+00
 4.30586041e+01 -1.21922459e+00
 4.38592043e+01 -1.23178355e+00
 4.44463759e+01 -1.24064437e+00
 4.48418391e+01 -1.24712484e+00
 4.50661296e+01 -1.25527712e+00
 4.51346395e+01 -1.27241580e+00
 4.50542814e+01 -1.30958318e+00
 4.48225495e+01 -1.38129862e+00
 4.44294328e+01 -1.50447006e+00
 4.38606890e+01 -1.69735048e+00
 4.31011184e+01 -1.97897865e+00
 4.21377365e+01 -2.36839450e+00
 4.09626773e+01 -2.88291305e+00
 3.95747894e+01 -3.53568193e+00
 3.79792565e+01 -4.33338109e+00
 3.61861197e+01 -5.27485164e+00
 3.42093943e+01 -6.35091341e+00
 3.20676089e+01 -7.54511354e+00
 2.97851101e+01 -8.83500625e+00
 2.73928428e+01 -1.01936458e+01
 2.49278389e+01 -1.15910603e+01
 2.24315726e+01 -1.29956462e+01
 1.99479544e+01 -1.43755730e+01
 1.75217481e+01 -1.57002058e+01
 1.51974985e+01 -1.69414592e+01
 1.30180812e+01 -1.80751188e+01
 1.10219507e+01 -1.90822093e+01
 9.23954879e+00 -1.99502560e+01
 7.69060017e+00 -2.06740595e+01
 6.38352364e+00 -2.12556075e+01
 5.31654195e+00 -2.17030989e+01
 4.47906974e+00 -2.20296367e+01
 3.85241786e+00 -2.22522924e+01
 3.41020055e+00 -2.23914471e+01
 3.11968200e+00 -2.24694100e+01
 2.94473720e+00 -2.25076849e+01
 2.84993468e+00 -2.25238018e+01
 2.80464835e+00 -2.25295140e+01
 2.78597758e+00 -2.25311912e+01
 2.77946382e+00 -2.25315940e+01
 2.77757346e+00 -2.25316722e+01
 2.77712350e+00 -2.25316844e+01
 2.77703663e+00 -2.25316859e+01
 2.77702315e+00 -2.25316861e+01
 2.77702148e+00 -2.25316861e+01
 2.77702132e+00 -2.25316861e+01
 2.77702132e+00 -2.25316861e+01
 2.77702156e+00 -2.25316861e+01
 2.77702398e+00 -2.25316860e+01
 2.77704296e+00 -2.25316846e+01
 2.77716120e+00 -2.25316739e+01
 2.77774859e+00 -2.25316078e+01
 2.78009352e+00 -2.25312829e+01
 2.78769418e+00 -2.25300051e+01
 2.80798269e+00 -2.25259487e+01
 2.85344192e+00 -2.25154352e+01
 2.94108055e+00 -2.24928278e+01
 3.09078559e+00 -2.24516201e+01
 3.32438597e+00 -2.23861574e+01
 3.66610203e+00 -2.22924922e+01
 4.14291178e+00 -2.21676732e+01
 4.78346185e+00 -2.20084850e+01
 5.61600844e+00 -2.18110801e+01
 6.66652322e+00 -2.15717607e+01
 7.95716529e+00 -2.12880860e+01
 9.50460431e+00 -2.09595732e+01
 1.13178050e+01 -2.05879489e+01
 1.33953984e+01 -2.01773062e+01
 1.57233482e+01 -1.97344796e+01
 1.82737310e+01 -1.92696387e+01
 2.10048861e+01 -1.87966446e+01
 2.38628438e+01 -1.83325434e+01
 2.67842627e+01 -1.78959899e+01
 2.97011513e+01 -1.75050545e+01
 3.25468493e+01 -1.71750931e+01
 3.52619426e+01 -1.69170647e+01
 3.77988146e+01 -1.67363739e+01
 4.01241505e+01 -1.66323179e+01
 4.22192829e+01 -1.65983580e+01
 4.40785989e+01 -1.66233601e+01
 4.57065282e+01 -1.66935380e+01
 4.71140205e+01 -1.67944267e+01
 4.83155795e+01 -1.69123227e+01
 4.93275467e+01 -1.70351722e+01
 5.01674974e+01 -1.71531973e+01
 5.08538799e+01 -1.72593362e+01
 5.14051577e+01 -1.73493090e+01
 5.18386860e+01 -1.74213692e+01
 5.21701470e+01 -1.74761230e+01
 5.24138461e+01 -1.75162560e+01
 5.25834758e+01 -1.75454304e+01
 5.26929293e+01 -1.75666063e+01
 5.27567328e+01 -1.75813063e+01
 5.27894021e+01 -1.75903754e+01
 5.28035934e+01 -1.75948753e+01
 5.28080779e+01 -1.75958266e+01
 5.28065224e+01 -1.75930767e+01
 5.27968111e+01 -1.75843332e+01
 5.27704359e+01 -1.75651172e+01
 5.27129625e+01 -1.75297974e+01
 5.26072841e+01 -1.74731216e+01
 5.24394171e+01 -1.73914248e+01
 5.22042842e+01 -1.72835679e+01
 5.19091223e+01 -1.71522132e+01
 5.15731195e+01 -1.70047181e+01
 5.12219061e+01 -1.68516559e+01
 5.08779237e+01 -1.67026908e+01
 5.05524956e+01 -1.65627453e+01
 5.02452966e+01 -1.64315204e+01
 4.99500850e+01 -1.63060224e+01
 4.96606811e+01 -1.61833060e+01
 4.93734178e+01 -1.60616188e+01
 4.90867631e+01 -1.59402253e+01
 4.88002426e+01 -1.58188969e+01
 4.85137451e+01 -1.56975798e+01
 4.82272508e+01 -1.55762641e+01
 4.79407572e+01 -1.54549488e+01
 4.76542673e+01 -1.53336350e+01
 4.73678062e+01 -1.52123335e+01
 4.70815156e+01 -1.50911041e+01
 4.67960217e+01 -1.49702121e+01
 4.65134524e+01 -1.48505585e+01
 4.62393359e+01 -1.47344843e+01
 4.59844808e+01 -1.46265662e+01
 4.57642763e+01 -1.45333209e+01
 4.55933347e+01 -1.44609359e+01
 4.55933347e+01 -1.44609359e+01
 4.55933347e+01 -1.44609359e+01
 4.55933347e+01 -1.44609359e+01
 4.55933347e+01 -1.44609359e+01
 4.55933347e+01 -1.44609359e+01
 4.55933347e+01 -1.44609359e+01
 4.55933347e+01 -1.44609359e+01
 4.55933347e+01 -1.44609359e+01
 4.55933347e+01 -1.44609359e+01
 4.55933347e+01 -1.44609359e+01
 4.55933347e+01 -1.44609359e+01
 4.55933347e+01 -1.44609359e+01
 4.55933347e+01 -1.44609359e+01
 4.55933347e+01 -1.44609359e+01
 4.55933347e+01 -1.44609359e+01
 4.55933347e+01 -1.44609359e+01
 4.55933347e+01 -1.44609359e+01
 4.55933347e+01 -1.44609359e+01
 4.55933347e+01 -1.44609359e+01
 4.55933347e+01 -1.44609359e+01
 4.55933347e+01 -1.44609359e+01
 4.55933347e+01 -1.44609359e+01
 4.55933347e+01 -1.44609359e+01
 4.55933347e+01 -1.44609359e+01
 4.55933347e+01 -1.44609359e+01
 4.55933347e+01 -1.44609359e+01
 4.55933347e+01 -1.44609359e+01
 4.55933347e+01 -1.44609359e+01
 4.55933347e+01 -1.44609359e+01
 4.55933347e+01 -1.44609359e+01
 4.55933347e+01 -1.44609359e+01
 4.55933347e+01 -1.44609359e+01
 4.55933347e+01 -1.44609359e+01
 4.55933347e+01 -1.44609359e+01
 4.55933347e+01 -1.44609359e+01
 4.55933347e+01 -1.44609359e+01
 4.55933347e+01 -1.44609359e+01
 4.55933347e+01 -1.44609359e+01
 4.55933347e+01 -1.44609359e+01
 4.55933347e+01 -1.44609359e+01
 4.55933347e+01 -1.44609359e+01
 4.55933347e+01 -1.44609359e+01
