 0.00000000e+00 0.00000000e+00
 0.00000000e+00 0.00000000e+00
 0.00000000e+00 0.00000000e+00
 0.00000000e+00 0.00000000e+00
 0.00000000e+00 0.00000000e+00
 0.00000000e+00 0.00000000e+00
 0.00000000e+00 0.00000000e+00
 0.00000000e+00 0.00000000e+00
 0.00000000e+00 0.00000000e+00
 0.00000000e+00 0.00000000e+00
 0.00000000e+00 0.00000000e+00
 0.00000000e+00 0.00000000e+00
 0.00000000e+00 0.00000000e+00
 0.00000000e+00 0.00000000e+00
 0.00000000e+00 0.00000000e+00
 0.00000000e+00 0.00000000e+00
 0.00000000e+00 0.00000000e+00
 0.00000000e+00 0.00000000e+00
 0.00000000e+00 0.00000000e+00
 0.00000000e+00 0.00000000e+00
 0.00000000e+00 0.00000000e+00
 0.00000000e+00 0.00000000e+00
 0.00000000e+00 0.00000000e+00
 0.00000000e+00 0.00000000e+00
 0.00000000e+00 0.00000000e+00
 0.00000000e+00 0.00000000e+00
 0.00000000e+00 0.00000000e+00
 0.00000000e+00 0.00000000e+00
 0.00000000e+00 0.00000000e+00
 0.00000000e+00 0.00000000e+00
 0.00000000e+00 0.00000000e+00
 0.00000000e+00 0.00000000e+00
 0.00000000e+00 0.00000000e+00
 0.00000000e+00 0.00000000e+00
 0.00000000e+00 0.00000000e+00
 0.00000000e+00 0.00000000e+00
 0.00000000e+00 0.00000000e+00
 0.00000000e+00 0.00000000e+00
 0.00000000e+00 0.00000000e+00
 0.00000000e+00 0.00000000e+00
 0.00000000e+00 0.00000000e+00
 0.00000000e+00 0.00000000e+00
 5.04980931e-01 1.28415390e-01
 1.21368831e+00 2.97715184e-01
 2.12065379e+00 4.96168378e-01
 3.20908570e+00 7.07046196e-01
 4.46201580e+00 9.12731006e-01
 5.86707514e+00 1.09752465e+00
 7.41644223e+00 1.24941552e+00
 9.10526645e+00 1.36095549e+00
 1.09299134e+01 1.42891855e+00
 1.28860673e+01 1.45298353e+00
 1.49668754e+01 1.43457982e+00
 1.71616893e+01 1.37686685e+00
 1.94556352e+01 1.28551352e+00
 2.18296217e+01 1.16898174e+00
 2.42604428e+01 1.03760969e+00
 2.67212199e+01 9.02119067e-01
 2.91824631e+01 7.72550144e-01
 3.16134897e+01 6.57825550e-01
 3.39837371e+01 5.65291366e-01
 3.62637098e+01 4.99711341e-01
 3.84254104e+01 4.62262655e-01
 4.04423435e+01 4.50677009e-01
 4.22896664e+01 4.60644865e-01
 4.39451355e+01 4.87250412e-01
 4.53910216e+01 5.25478336e-01
 4.66165809e+01 5.70166342e-01
 4.76201926e+01 6.16208464e-01
 4.84100347e+01 6.59040897e-01
 4.90025604e+01 6.94851636e-01
 4.94189221e+01 7.20285241e-01
 4.96803807e+01 7.31820507e-01
 4.98041605e+01 7.24758295e-01
 4.98007325e+01 6.91621683e-01
 4.96723947e+01 6.20572969e-01
 4.94126890e+01 4.95217027e-01
 4.90071029e+01 2.96248854e-01
 4.84359309e+01 3.60969161e-03
 4.76790074e+01 -4.02141273e-01
 4.67206625e+01 -9.38658775e-01
 4.55532290e+01 -1.61968469e+00
 4.41782840e+01 -2.45237098e+00
 4.26056063e+01 -3.43564618e+00
 4.08505558e+01 -4.56053191e+00
 3.89311604e+01 -5.81186036e+00
 3.68661383e+01 -7.17012411e+00
 3.46745319e+01 -8.61261405e+00
 3.23770919e+01 -1.01139311e+01
 2.99987685e+01 -1.16465048e+01
 2.75708087e+01 -1.31814891e+01
 2.51312854e+01 -1.46896476e+01
 2.27243326e+01 -1.61416246e+01
 2.03988548e+01 -1.75079393e+01
 1.82063370e+01 -1.87599953e+01
 1.61966285e+01 -1.98728242e+01
 1.44117997e+01 -2.08286123e+01
 1.28801916e+01 -2.16191693e+01
 1.16132333e+01 -2.22462223e+01
 1.06058668e+01 -2.27199582e+01
 9.83932227e+00 -2.30571851e+01
 9.28448347e+00 -2.32799457e+01
 8.90510781e+00 -2.34139910e+01
 8.66137128e+00 -2.34860255e+01
 8.51438339e+00 -2.35199253e+01
 8.43095148e+00 -2.35336415e+01
 8.38643816e+00 -2.35383336e+01
 8.36447014e+00 -2.35396707e+01
 8.35475877e+00 -2.35399840e+01
 8.35105637e+00 -2.35400437e+01
 8.34987845e+00 -2.35400529e+01
 8.34957305e+00 -2.35400540e+01
 8.34950952e+00 -2.35400541e+01
 8.34949902e+00 -2.35400542e+01
 8.34949766e+00 -2.35400542e+01
 8.34949751e+00 -2.35400542e+01
 8.34949750e+00 -2.35400542e+01
 8.34949750e+00 -2.35400542e+01
 8.34949751e+00 -2.35400542e+01
 8.34949766e+00 -2.35400542e+01
 8.34949903e+00 -2.35400541e+01
 8.34950958e+00 -2.35400540e+01
 8.34957362e+00 -2.35400530e+01
 8.34988285e+00 -2.35400445e+01
 8.35108312e+00 -2.35399905e+01
 8.35488744e+00 -2.35397148e+01
 8.36496214e+00 -2.35385756e+01
 8.38794402e+00 -2.35347301e+01
 8.43468230e+00 -2.35239822e+01
 8.52200555e+00 -2.34987144e+01
 8.67463165e+00 -2.34478144e+01
 8.92582940e+00 -2.33581385e+01
 9.31579567e+00 -2.32170117e+01
 9.88817364e+00 -2.30146538e+01
 1.06857589e+01 -2.27458593e+01
 1.17458642e+01 -2.24109566e+01
 1.30953564e+01 -2.20161633e+01
 1.47459067e+01 -2.15731937e+01
 1.66910377e+01 -2.10980045e+01
 1.89066026e+01 -2.06088605e+01
 2.13546205e+01 -2.01241572e+01
 2.39884648e+01 -1.96604904e+01
 2.67572738e+01 -1.92313082e+01
 2.96089070e+01 -1.88462988e+01
 3.24919130e+01 -1.85115330e+01
 3.53569896e+01 -1.82301172e+01
 3.81580506e+01 -1.80028179e+01
 4.08530589e+01 -1.78282279e+01
 4.34050636e+01 -1.77026879e+01
 4.57837519e+01 -1.76208413e+01
 4.79671440e+01 -1.75771682e+01
 4.99425051e+01 -1.75671388e+01
 5.17059860e+01 -1.75863635e+01
 5.32616194e+01 -1.76285603e+01
 5.46205551e+01 -1.76849936e+01
 5.58002088e+01 -1.77463990e+01
 5.68220796e+01 -1.78056681e+01
 5.77080907e+01 -1.78592160e+01
 5.84772906e+01 -1.79064984e+01
 5.91448483e+01 -1.79484001e+01
 5.97231722e+01 -1.79856992e+01
 6.02232782e+01 -1.80185714e+01
 6.06550431e+01 -1.80469923e+01
 6.10265376e+01 -1.80709850e+01
 6.13434481e+01 -1.80903262e+01
 6.16093271e+01 -1.81045340e+01
 6.18265493e+01 -1.81135588e+01
 6.19972554e+01 -1.81183120e+01
 6.21240161e+01 -1.81202835e+01
 6.22106321e+01 -1.81206671e+01
 6.22628980e+01 -1.81196920e+01
 6.22881704e+01 -1.81163044e+01
 6.22934929e+01 -1.81082847e+01
 6.22841152e+01 -1.80932584e+01
 6.22640833e+01 -1.80705574e+01
 6.22378005e+01 -1.80424601e+01
 6.22101072e+01 -1.80131938e+01
 6.21846367e+01 -1.79863373e+01
 6.21625892e+01 -1.79630995e+01
 6.21432540e+01 -1.79427217e+01
 6.21253899e+01 -1.79238944e+01
 6.21081117e+01 -1.79056846e+01
 6.20910097e+01 -1.78876605e+01
 6.20739482e+01 -1.78696791e+01
 6.20568939e+01 -1.78517053e+01
 6.20398406e+01 -1.78337325e+01
 6.20227874e+01 -1.78157598e+01
 6.20057344e+01 -1.77977874e+01
 6.19886831e+01 -1.77798168e+01
 6.19716420e+01 -1.77618569e+01
 6.19546483e+01 -1.77439470e+01
 6.19378287e+01 -1.77262205e+01
 6.19215123e+01 -1.77090243e+01
 6.19063423e+01 -1.76930365e+01
 6.18932349e+01 -1.76792224e+01
 6.18830598e+01 -1.76684987e+01
