 0.00000000e+00 0.00000000e+00
 0.00000000e+00 0.00000000e+00
 0.00000000e+00 0.00000000e+00
 0.00000000e+00 0.00000000e+00
 1.30225377e-01 3.43747287e-01
 2.78391183e-01 7.95449651e-01
 4.18261818e-01 1.32947209e+00
 5.20514681e-01 1.91419545e+00
 5.56940934e-01 2.52137102e+00
 5.02117574e-01 3.12836328e+00
 3.34534903e-01 3.71653518e+00
 3.77310853e-02 4.26953715e+00
 -3.99246822e-01 4.77239319e+00
 -9.82343301e-01 5.21079254e+00
 -1.71348044e+00 5.57035699e+00
 -2.59129555e+00 5.83627917e+00
 -3.61123287e+00 5.99373682e+00
 -4.76526952e+00 6.02903558e+00
 -6.04199455e+00 5.93103209e+00
 -7.42748194e+00 5.69239748e+00
 -8.90662045e+00 5.31048494e+00
 -1.04642087e+01 4.78752441e+00
 -1.20856564e+01 4.12986696e+00
 -1.37576443e+01 3.34651248e+00
 -1.54687210e+01 2.44761342e+00
 -1.72092960e+01 1.44336808e+00
 -1.89707871e+01 3.43221061e-01
 -2.07443352e+01 -8.44688624e-01
 -2.25196429e+01 -2.11358392e+00
 -2.42841329e+01 -3.45732549e+00
 -2.60222869e+01 -4.86898336e+00
 -2.77151837e+01 -6.33933080e+00
 -2.93406750e+01 -7.85614372e+00
 -3.08745241e+01 -9.40470341e+00
 -3.22921222e+01 -1.09690168e+01
 -3.35701161e+01 -1.25329493e+01
 -3.46877365e+01 -1.40809680e+01
 -3.56279975e+01 -1.55986936e+01
 -3.63786728e+01 -1.70733138e+01
 -3.69324601e+01 -1.84935496e+01
 -3.72858566e+01 -1.98489797e+01
 -3.74372919e+01 -2.11289532e+01
 -3.73858365e+01 -2.23213752e+01
 -3.71308869e+01 -2.34112775e+01
 -3.66716088e+01 -2.43789380e+01
 -3.60052013e+01 -2.51977916e+01
 -3.51250513e+01 -2.58331420e+01
 -3.40206527e+01 -2.62428826e+01
 -3.26798416e+01 -2.63806257e+01
 -3.10922918e+01 -2.62005695e+01
 -2.92527675e+01 -2.56631070e+01
 -2.71633251e+01 -2.47403525e+01
 -2.48346896e+01 -2.34206659e+01
 -2.22871963e+01 -2.17110875e+01
 -1.95509920e+01 -1.96369344e+01
 -1.66648621e+01 -1.72385048e+01
 -1.36735527e+01 -1.45654923e+01
 -1.06240670e+01 -1.16701755e+01
 -7.56171408e+00 -8.60071287e+00
 -4.52672471e+00 -5.39610145e+00
 -1.55204681e+00 -2.08432915e+00
 1.33741064e+00 1.31567093e+00
 4.12421689e+00 4.78918232e+00
 6.79691409e+00 8.31978913e+00
 9.34774213e+00 1.18840244e+01
 1.17695367e+01 1.54475989e+01
 1.40521764e+01 1.89636595e+01
 1.61797879e+01 2.23733876e+01
 1.81302012e+01 2.56094376e+01
 1.98772888e+01 2.86023023e+01
 2.13951323e+01 3.12883124e+01
 2.26617572e+01 3.36167131e+01
 2.36606403e+01 3.55533135e+01
 2.43799590e+01 3.70797015e+01
 2.48111495e+01 3.81891942e+01
 2.49485053e+01 3.88822528e+01
 2.47901242e+01 3.91636949e+01
 2.43390499e+01 3.90418127e+01
 2.36037408e+01 3.85276846e+01
 2.25984294e+01 3.76336377e+01
 2.13442683e+01 3.63719833e+01
 1.98707928e+01 3.47558656e+01
 1.82159189e+01 3.28022640e+01
 1.64231393e+01 3.05349559e+01
 1.45364416e+01 2.79851812e+01
 1.25948590e+01 2.51898711e+01
 1.06284068e+01 2.21892336e+01
 8.65636790e+00 1.90253740e+01
 6.68844013e+00 1.57422156e+01
 4.72892068e+00 1.23861333e+01
 2.78335598e+00 9.00689934e+00
 8.65912947e-01 5.65863646e+00
 -9.95173683e-01 2.39988004e+00
 -2.75624311e+00 -7.08411446e-01
 -4.36135054e+00 -3.60702213e+00
 -5.74878572e+00 -6.24339346e+00
 -6.85920588e+00 -8.57520602e+00
 -7.64327681e+00 -1.05712303e+01
 -8.06657176e+00 -1.22096197e+01
 -8.11037350e+00 -1.34752601e+01
 -7.76920607e+00 -1.43579358e+01
 -7.04771313e+00 -1.48520177e+01
 -5.95880908e+00 -1.49574653e+01
 -4.52284213e+00 -1.46817559e+01
 -2.76689207e+00 -1.40423301e+01
 -7.24549630e-01 -1.30689201e+01
 1.56287941e+00 -1.18049445e+01
 4.04386264e+00 -1.03071881e+01
 6.65445822e+00 -8.64318543e+00
 9.31872816e+00 -6.88613541e+00
 1.19535003e+01 -5.10779390e+00
 1.44782964e+01 -3.37039378e+00
 1.68301110e+01 -1.71888777e+00
 1.89798246e+01 -1.75042316e-01
 2.09418793e+01 1.26421886e+00
 2.27673120e+01 2.62161492e+00
 2.45198623e+01 3.92797811e+00
 2.62497874e+01 5.21002918e+00
 2.79822901e+01 6.48405464e+00
 2.97229559e+01 7.75686836e+00
 3.14692179e+01 9.03010843e+00
 3.32179065e+01 1.03037264e+01
 3.49673524e+01 1.15774920e+01
 3.67169757e+01 1.28512962e+01
 3.84666307e+01 1.41251078e+01
 4.02162899e+01 1.53989203e+01
 4.19659472e+01 1.66727311e+01
 4.37155814e+01 1.79465252e+01
 4.54650405e+01 1.92201918e+01
 4.72134579e+01 2.04931000e+01
 4.89570101e+01 2.17624661e+01
 5.06827012e+01 2.30188287e+01
 5.23567699e+01 2.42376085e+01
 5.39132062e+01 2.53707478e+01
 5.52580270e+01 2.63498238e+01
 5.63019913e+01 2.71098658e+01
 5.63019913e+01 2.71098658e+01
 5.63019913e+01 2.71098658e+01
 5.63019913e+01 2.71098658e+01
 5.63019913e+01 2.71098658e+01
 5.63019913e+01 2.71098658e+01
 5.63019913e+01 2.71098658e+01
 5.63019913e+01 2.71098658e+01
 5.63019913e+01 2.71098658e+01
 5.63019913e+01 2.71098658e+01
 5.63019913e+01 2.71098658e+01
 5.63019913e+01 2.71098658e+01
 5.63019913e+01 2.71098658e+01
 5.63019913e+01 2.71098658e+01
 5.63019913e+01 2.71098658e+01
 5.63019913e+01 2.71098658e+01
 5.63019913e+01 2.71098658e+01
 5.63019913e+01 2.71098658e+01
 5.63019913e+01 2.71098658e+01
 5.63019913e+01 2.71098658e+01
 5.63019913e+01 2.71098658e+01
 5.63019913e+01 2.71098658e+01
 5.63019913e+01 2.71098658e+01
 5.63019913e+01 2.71098658e+01
 5.63019913e+01 2.71098658e+01
