 0.00000000e+00 0.00000000e+00
 0.00000000e+00 0.00000000e+00
 0.00000000e+00 0.00000000e+00
 0.00000000e+00 0.00000000e+00
 -2.61609906e-02 5.37889856e-02
 -6.36614953e-02 1.28305427e-01
 -1.12613550e-01 2.22551570e-01
 -1.74051295e-01 3.34014684e-01
 -2.51071343e-01 4.59582751e-01
 -3.48383137e-01 5.96158649e-01
 -4.71375087e-01 7.40836664e-01
 -6.25900024e-01 8.90458042e-01
 -8.18281559e-01 1.04082260e+00
 -1.05452003e+00 1.18630323e+00
 -1.33901481e+00 1.32023715e+00
 -1.67390705e+00 1.43583105e+00
 -2.05932743e+00 1.52735616e+00
 -2.49390335e+00 1.59146710e+00
 -2.97501904e+00 1.62773619e+00
 -3.49903398e+00 1.63735321e+00
 -4.06184218e+00 1.62078205e+00
 -4.65963202e+00 1.57680376e+00
 -5.28939196e+00 1.50388905e+00
 -5.94899661e+00 1.40194670e+00
 -6.63700784e+00 1.27229141e+00
 -7.35227580e+00 1.11610124e+00
 -8.09327913e+00 9.33088962e-01
 -8.85722235e+00 7.21348106e-01
 -9.63925107e+00 4.78120188e-01
 -1.04323026e+01 2.00717650e-01
 -1.12276459e+01 -1.13096974e-01
 -1.20155218e+01 -4.65411904e-01
 -1.27853860e+01 -8.58559036e-01
 -1.35260412e+01 -1.29495669e+00
 -1.42262984e+01 -1.77650740e+00
 -1.48761947e+01 -2.30425149e+00
 -1.54680784e+01 -2.87867972e+00
 -1.59969592e+01 -3.50030025e+00
 -1.64601129e+01 -4.16966055e+00
 -1.68562730e+01 -4.88649684e+00
 -1.71847348e+01 -5.64853254e+00
 -1.74448602e+01 -6.45073048e+00
 -1.76366013e+01 -7.28525034e+00
 -1.77617871e+01 -8.14164110e+00
 -1.78245016e+01 -9.00672646e+00
 -1.78293454e+01 -9.86439909e+00
 -1.77790461e+01 -1.06962635e+01
 -1.76740459e+01 -1.14836221e+01
 -1.75142624e+01 -1.22099641e+01
 -1.73006675e+01 -1.28624891e+01
 -1.70350044e+01 -1.34320297e+01
 -1.67181270e+01 -1.39119985e+01
 -1.63483062e+01 -1.42972389e+01
 -1.59204544e+01 -1.45828591e+01
 -1.54266615e+01 -1.47627046e+01
 -1.48578808e+01 -1.48279423e+01
 -1.42060660e+01 -1.47671366e+01
 -1.34660222e+01 -1.45685479e+01
 -1.26368339e+01 -1.42236158e+01
 -1.17230769e+01 -1.37297944e+01
 -1.07355107e+01 -1.30918284e+01
 -9.69061932e+00 -1.23217861e+01
 -8.60905242e+00 -1.14384225e+01
 -7.51358567e+00 -1.04658915e+01
 -6.42682532e+00 -9.43142288e+00
 -5.36861001e+00 -8.36203724e+00
 -4.35363850e+00 -7.28122762e+00
 -3.39037224e+00 -6.20668469e+00
 -2.48182395e+00 -5.14954836e+00
 -1.62774325e+00 -4.11516754e+00
 -8.26951670e-01 -3.10514345e+00
 -7.88999786e-02 -2.12011886e+00
 6.15470153e-01 -1.16235289e+00
 1.25303234e+00 -2.37096403e-01
 1.82796219e+00 6.47456565e-01
 2.33194374e+00 1.48087745e+00
 2.75534043e+00 2.25106505e+00
 3.08886098e+00 2.94478753e+00
 3.32487170e+00 3.54881423e+00
 3.45783798e+00 4.05155133e+00
 3.48432131e+00 4.44422887e+00
 3.40356566e+00 4.72078081e+00
 3.21882633e+00 4.87654130e+00
 2.93815436e+00 4.90697688e+00
 2.57377215e+00 4.80801133e+00
 2.14095441e+00 4.57828686e+00
 1.65747147e+00 4.22165516e+00
 1.14322624e+00 3.74788261e+00
 6.19363200e-01 3.17160756e+00
 1.06971402e-01 2.51100435e+00
 -3.74251358e-01 1.78666857e+00
 -8.07460485e-01 1.01998354e+00
 -1.18036330e+00 2.30557872e-01
 -1.48669341e+00 -5.66486631e-01
 -1.72666968e+00 -1.36211401e+00
 -1.90614741e+00 -2.15329771e+00
 -2.03494692e+00 -2.94178100e+00
 -2.12493542e+00 -3.73252778e+00
 -2.18804505e+00 -4.53218621e+00
 -2.23432586e+00 -5.34739700e+00
 -2.27036968e+00 -6.18293480e+00
 -2.29879286e+00 -7.04001268e+00
 -2.31934969e+00 -7.91503320e+00
 -2.33079356e+00 -8.79889643e+00
 -2.33132377e+00 -9.67709753e+00
 -2.31695378e+00 -1.05309168e+01
 -2.28005374e+00 -1.13395452e+01
 -2.21065484e+00 -1.20824359e+01
 -2.10012791e+00 -1.27412595e+01
 -1.94418366e+00 -1.33013058e+01
 -1.74302691e+00 -1.37522625e+01
 -1.49948935e+00 -1.40881051e+01
 -1.21719299e+00 -1.43060737e+01
 -8.99641178e-01 -1.44053727e+01
 -5.50017406e-01 -1.43865071e+01
 -1.71329702e-01 -1.42515303e+01
 2.33495818e-01 -1.40045613e+01
 6.61914285e-01 -1.36519255e+01
 1.11207061e+00 -1.32022690e+01
 1.58206350e+00 -1.26675467e+01
 2.06791591e+00 -1.20648493e+01
 2.56188407e+00 -1.14173527e+01
 3.05333291e+00 -1.07520080e+01
 3.53242605e+00 -1.00933923e+01
 3.99410644e+00 -9.45677682e+00
 4.43930718e+00 -8.84534184e+00
 4.87278870e+00 -8.25348741e+00
 5.29979830e+00 -7.67304694e+00
 5.72400101e+00 -7.09774258e+00
 6.14724445e+00 -6.52424103e+00
 6.57022947e+00 -5.95123492e+00
 6.99315968e+00 -5.37833552e+00
 7.41608075e+00 -4.80545412e+00
 7.83900057e+00 -4.23257517e+00
 8.26191970e+00 -3.65969724e+00
 8.68483324e+00 -3.08682689e+00
 9.10770445e+00 -2.51401387e+00
 9.53032385e+00 -1.94154195e+00
 9.95176726e+00 -1.37066300e+00
 1.03688934e+01 -8.05632180e-01
 1.07735416e+01 -2.57503710e-01
 1.11497562e+01 2.52109204e-01
 1.14748201e+01 6.92434365e-01
 1.17271623e+01 1.03425223e+00
 1.17271623e+01 1.03425223e+00
 1.17271623e+01 1.03425223e+00
 1.17271623e+01 1.03425223e+00
 1.17271623e+01 1.03425223e+00
 1.17271623e+01 1.03425223e+00
 1.17271623e+01 1.03425223e+00
 1.17271623e+01 1.03425223e+00
 1.17271623e+01 1.03425223e+00
 1.17271623e+01 1.03425223e+00
 1.17271623e+01 1.03425223e+00
 1.17271623e+01 1.03425223e+00
 1.17271623e+01 1.03425223e+00
 1.17271623e+01 1.03425223e+00
 1.17271623e+01 1.03425223e+00
 1.17271623e+01 1.03425223e+00
 1.17271623e+01 1.03425223e+00
 1.17271623e+01 1.03425223e+00
 1.17271623e+01 1.03425223e+00
 1.17271623e+01 1.03425223e+00
 1.17271623e+01 1.03425223e+00
 1.17271623e+01 1.03425223e+00
 1.17271623e+01 1.03425223e+00
 1.17271623e+01 1.03425223e+00
 1.17271623e+01 1.03425223e+00
 1.17271623e+01 1.03425223e+00
 1.17271623e+01 1.03425223e+00
 1.17271623e+01 1.03425223e+00
 1.17271623e+01 1.03425223e+00
 1.17271623e+01 1.03425223e+00
 1.17271623e+01 1.03425223e+00
 1.17271623e+01 1.03425223e+00
 1.17271623e+01 1.03425223e+00
 1.17271623e+01 1.03425223e+00
 1.17271623e+01 1.03425223e+00
