 0.00000000e+00 0.00000000e+00
 0.00000000e+00 0.00000000e+00
 0.00000000e+00 0.00000000e+00
 0.00000000e+00 0.00000000e+00
 0.00000000e+00 0.00000000e+00
 0.00000000e+00 0.00000000e+00
 2.31466406e-01 3.75714569e-01
 4.87658201e-01 8.40683775e-01
 7.21957138e-01 1.34866678e+00
 8.91543377e-01 1.85271222e+00
 9.66188399e-01 2.31848407e+00
 9.27215258e-01 2.72584142e+00
 7.63077578e-01 3.06465014e+00
 4.66174006e-01 3.33098478e+00
 3.09906717e-02 3.52494978e+00
 -5.47349207e-01 3.64867911e+00
 -1.27387316e+00 3.70354096e+00
 -2.15318669e+00 3.68742774e+00
 -3.18755467e+00 3.59417644e+00
 -4.37452542e+00 3.41581736e+00
 -5.70532468e+00 3.14575072e+00
 -7.16483264e+00 2.78045776e+00
 -8.73293182e+00 2.31928008e+00
 -1.03862605e+01 1.76340148e+00
 -1.20998699e+01 1.11511201e+00
 -1.38492243e+01 3.77672774e-01
 -1.56126773e+01 -4.44414067e-01
 -1.73732801e+01 -1.34509240e+00
 -1.91186749e+01 -2.31671936e+00
 -2.08392889e+01 -3.35042982e+00
 -2.25261512e+01 -4.43679156e+00
 -2.41693644e+01 -5.56658924e+00
 -2.57573653e+01 -6.73153385e+00
 -2.72765574e+01 -7.92451759e+00
 -2.87109756e+01 -9.13908802e+00
 -3.00420574e+01 -1.03682879e+01
 -3.12487264e+01 -1.16033863e+01
 -3.23078393e+01 -1.28329782e+01
 -3.31951031e+01 -1.40426566e+01
 -3.38866363e+01 -1.52150990e+01
 -3.43609437e+01 -1.63302055e+01
 -3.46005071e+01 -1.73651876e+01
 -3.45923233e+01 -1.82948679e+01
 -3.43277269e+01 -1.90923558e+01
 -3.38024377e+01 -1.97298933e+01
 -3.30169128e+01 -2.01795071e+01
 -3.19760547e+01 -2.04134076e+01
 -3.06879480e+01 -2.04046810e+01
 -2.91628030e+01 -2.01290478e+01
 -2.74135703e+01 -1.95677703e+01
 -2.54582073e+01 -1.87108639e+01
 -2.33218481e+01 -1.75595950e+01
 -2.10370506e+01 -1.61275611e+01
 -1.86419240e+01 -1.44398031e+01
 -1.61772545e+01 -1.25295938e+01
 -1.36834194e+01 -1.04332128e+01
 -1.11968698e+01 -8.18397184e+00
 -8.74599403e+00 -5.80733050e+00
 -6.34732203e+00 -3.31850529e+00
 -4.00377436e+00 -7.22696093e-01
 -1.70613623e+00 1.98280996e+00
 5.62209981e-01 4.80505537e+00
 2.81836283e+00 7.75026365e+00
 5.07270314e+00 1.08175742e+01
 7.32332245e+00 1.39929029e+01
 9.55288179e+00 1.72440095e+01
 1.17277289e+01 2.05174464e+01
 1.37993635e+01 2.37387275e+01
 1.57088938e+01 2.68176774e+01
 1.73942300e+01 2.96590391e+01
 1.87977402e+01 3.21745994e+01
 1.98714408e+01 3.42914193e+01
 2.05788466e+01 3.59538474e+01
 2.08952847e+01 3.71222689e+01
 2.08088754e+01 3.77734423e+01
 2.03224528e+01 3.79035722e+01
 1.94548433e+01 3.75302007e+01
 1.82398875e+01 3.66886495e+01
 1.67230702e+01 3.54235995e+01
 1.49570298e+01 3.37808960e+01
 1.29970826e+01 3.18039075e+01
 1.08965874e+01 2.95338993e+01
 8.70158383e+00 2.70103871e+01
 6.44555264e+00 2.42688131e+01
 4.14665881e+00 2.13371205e+01
 1.80952891e+00 1.82351103e+01
 -5.68332472e-01 1.49787169e+01
 -2.98731314e+00 1.15877309e+01
 -5.43620170e+00 8.09345218e+00
 -7.88476673e+00 4.54333267e+00
 -1.02803172e+01 1.00146430e+00
 -1.25493224e+01 -2.45481710e+00
 -1.46037353e+01 -5.74132742e+00
 -1.63505294e+01 -8.77522103e+00
 -1.77024947e+01 -1.14831189e+01
 -1.85879723e+01 -1.38068102e+01
 -1.89573427e+01 -1.57049301e+01
 -1.87853992e+01 -1.71510233e+01
 -1.80702477e+01 -1.81301214e+01
 -1.68300469e+01 -1.86362368e+01
 -1.50992857e+01 -1.86721421e+01
 -1.29265086e+01 -1.82513173e+01
 -1.03744225e+01 -1.74008999e+01
 -7.52122501e+00 -1.61640938e+01
 -4.46035351e+00 -1.46006168e+01
 -1.29551155e+00 -1.27843946e+01
 1.87118126e+00 -1.07985490e+01
 4.95686726e+00 -8.72778609e+00
 7.91489141e+00 -6.64784507e+00
 1.07408791e+01 -4.61325496e+00
 1.34624773e+01 -2.64875392e+00
 1.61187882e+01 -7.50930782e-01
 1.87425858e+01 1.09973498e+00
 2.13535240e+01 2.92450578e+00
 2.39604489e+01 4.73809551e+00
 2.65663943e+01 6.54787656e+00
 2.91721550e+01 8.35663416e+00
 3.17778893e+01 1.01651751e+01
 3.43836208e+01 1.19736799e+01
 3.69893518e+01 1.37821798e+01
 3.95950792e+01 1.55906768e+01
 4.22007723e+01 1.73991499e+01
 4.48062046e+01 1.92074419e+01
 4.74100854e+01 2.10146572e+01
 5.00067206e+01 2.28168437e+01
 5.25767557e+01 2.46005684e+01
 5.50699107e+01 2.63309348e+01
 5.73878782e+01 2.79397128e+01
 5.93906912e+01 2.93297589e+01
 6.09454452e+01 3.04088310e+01
 6.09454452e+01 3.04088310e+01
 6.09454452e+01 3.04088310e+01
 6.09454452e+01 3.04088310e+01
 6.09454452e+01 3.04088310e+01
 6.09454452e+01 3.04088310e+01
 6.09454452e+01 3.04088310e+01
 6.09454452e+01 3.04088310e+01
 6.09454452e+01 3.04088310e+01
 6.09454452e+01 3.04088310e+01
 6.09454452e+01 3.04088310e+01
 6.09454452e+01 3.04088310e+01
 6.09454452e+01 3.04088310e+01
 6.09454452e+01 3.04088310e+01
 6.09454452e+01 3.04088310e+01
 6.09454452e+01 3.04088310e+01
 6.09454452e+01 3.04088310e+01
 6.09454452e+01 3.04088310e+01
 6.09454452e+01 3.04088310e+01
 6.09454452e+01 3.04088310e+01
 6.09454452e+01 3.04088310e+01
 6.09454452e+01 3.04088310e+01
 6.09454452e+01 3.04088310e+01
 6.09454452e+01 3.04088310e+01
 6.09454452e+01 3.04088310e+01
 6.09454452e+01 3.04088310e+01
 6.09454452e+01 3.04088310e+01
 6.09454452e+01 3.04088310e+01
 6.09454452e+01 3.04088310e+01
 6.09454452e+01 3.04088310e+01
 6.09454452e+01 3.04088310e+01
