 0.00000000e+00 0.00000000e+00
 0.00000000e+00 0.00000000e+00
 0.00000000e+00 0.00000000e+00
 0.00000000e+00 0.00000000e+00
 0.00000000e+00 0.00000000e+00
 0.00000000e+00 0.00000000e+00
 0.00000000e+00 0.00000000e+00
 0.00000000e+00 0.00000000e+00
 -2.31733963e-02 9.82728002e-02
 -3.70690137e-02 2.26651296e-01
 -3.37681476e-02 3.75439168e-01
 -1.08635694e-02 5.31770593e-01
 2.78739779e-02 6.83240418e-01
 7.48906598e-02 8.20170639e-01
 1.21450452e-01 9.36867783e-01
 1.57925118e-01 1.03209857e+00
 1.72128560e-01 1.10830483e+00
 1.48525336e-01 1.16971741e+00
 7.03397495e-02 1.22072212e+00
 -7.66627606e-02 1.26549022e+00
 -3.01863876e-01 1.30826631e+00
 -6.10448554e-01 1.35295662e+00
 -1.00542873e+00 1.40151728e+00
 -1.48862264e+00 1.45207762e+00
 -2.06016207e+00 1.49837514e+00
 -2.71795042e+00 1.53088550e+00
 -3.45821209e+00 1.53792410e+00
 -4.27681811e+00 1.50492198e+00
 -5.17019661e+00 1.41268925e+00
 -6.13490089e+00 1.23722923e+00
 -7.16581806e+00 9.52125573e-01
 -8.25382132e+00 5.32161243e-01
 -9.38392252e+00 -4.33747631e-02
 -1.05346415e+01 -7.88060315e-01
 -1.16786498e+01 -1.70616227e+00
 -1.27841048e+01 -2.79081535e+00
 -1.38159002e+01 -4.02281500e+00
 -1.47367128e+01 -5.37068837e+00
 -1.55087400e+01 -6.79276778e+00
 -1.60970791e+01 -8.24121898e+00
 -1.64743356e+01 -9.66677238e+00
 -1.66247013e+01 -1.10224886e+01
 -1.65459084e+01 -1.22658449e+01
 -1.62487965e+01 -1.33597154e+01
 -1.57552826e+01 -1.42730063e+01
 -1.50954733e+01 -1.49808346e+01
 -1.43039678e+01 -1.54635901e+01
 -1.34153266e+01 -1.57048642e+01
 -1.24594795e+01 -1.56894333e+01
 -1.14582942e+01 -1.54029854e+01
 -1.04239004e+01 -1.48342848e+01
 -9.35859344e+00 -1.39784194e+01
 -8.25611388e+00 -1.28387031e+01
 -7.10426483e+00 -1.14261461e+01
 -5.88835285e+00 -9.75745733e+00
 -4.59418966e+00 -7.85271777e+00
 -3.20950052e+00 -5.73265900e+00
 -1.72386591e+00 -3.41528008e+00
 -1.28705279e-01 -9.12925760e-01
 1.58128267e+00 1.76793329e+00
 3.40554696e+00 4.62288500e+00
 5.33557617e+00 7.64273803e+00
 7.35393036e+00 1.08063113e+01
 9.43351815e+00 1.40753038e+01
 1.15365721e+01 1.73924575e+01
 1.36145212e+01 2.06831890e+01
 1.56104581e+01 2.38604892e+01
 1.74643663e+01 2.68328127e+01
 1.91194167e+01 2.95141126e+01
 2.05270962e+01 3.18337487e+01
 2.16499046e+01 3.37428999e+01
 2.24618704e+01 3.52151875e+01
 2.29479647e+01 3.62423238e+01
 2.31033508e+01 3.68281370e+01
 2.29328970e+01 3.69840906e+01
 2.24507961e+01 3.67270106e+01
 2.16797138e+01 3.60776924e+01
 2.06492856e+01 3.50591550e+01
 1.93946674e+01 3.36950191e+01
 1.79557191e+01 3.20095545e+01
 1.63761329e+01 3.00297563e+01
 1.47012924e+01 2.77875712e+01
 1.29747716e+01 2.53198952e+01
 1.12347158e+01 2.26658942e+01
 9.51153330e+00 1.98633724e+01
 7.82767400e+00 1.69464198e+01
 6.19944349e+00 1.39454168e+01
 4.63994323e+00 1.08888814e+01
 3.16189777e+00 7.80584924e+00
 1.77975840e+00 4.72788286e+00
 5.11293848e-01 1.69067068e+00
 -6.21241666e-01 -1.26469655e+00
 -1.59115008e+00 -4.09155727e+00
 -2.36952232e+00 -6.73988745e+00
 -2.92936466e+00 -9.16078014e+00
 -3.24961954e+00 -1.13110233e+01
 -3.31684532e+00 -1.31555350e+01
 -3.12428309e+00 -1.46676031e+01
 -2.67033752e+00 -1.58287080e+01
 -1.95825433e+00 -1.66291602e+01
 -9.96540467e-01 -1.70686835e+01
 2.00955640e-01 -1.71552009e+01
 1.61487641e+00 -1.69020785e+01
 3.21916801e+00 -1.63266676e+01
 4.97941073e+00 -1.54522397e+01
 6.85234568e+00 -1.43118663e+01
 8.78791503e+00 -1.29510478e+01
 1.07343884e+01 -1.14273677e+01
 1.26464020e+01 -9.80680290e+00
 1.44938815e+01 -8.15574459e+00
 1.62674617e+01 -6.52864557e+00
 1.79764861e+01 -4.95613081e+00
 1.96403299e+01 -3.44192772e+00
 2.12784953e+01 -1.97163571e+00
 2.29047817e+01 -5.26453106e-01
 2.45266040e+01 9.07577924e-01
 2.61470690e+01 2.33773235e+00
 2.77672014e+01 3.76682935e+00
 2.93872685e+01 5.19569995e+00
 3.10073253e+01 6.62453251e+00
 3.26273807e+01 8.05335991e+00
 3.42474338e+01 9.48218486e+00
 3.58674655e+01 1.09109909e+01
 3.74873351e+01 1.23396540e+01
 3.91062400e+01 1.37674663e+01
 4.07206402e+01 1.51913055e+01
 4.23185023e+01 1.66005589e+01
 4.38685659e+01 1.79676558e+01
 4.53097106e+01 1.92386903e+01
 4.65549151e+01 2.03369131e+01
 4.75215488e+01 2.11894471e+01
 4.75215488e+01 2.11894471e+01
 4.75215488e+01 2.11894471e+01
 4.75215488e+01 2.11894471e+01
 4.75215488e+01 2.11894471e+01
 4.75215488e+01 2.11894471e+01
 4.75215488e+01 2.11894471e+01
 4.75215488e+01 2.11894471e+01
 4.75215488e+01 2.11894471e+01
 4.75215488e+01 2.11894471e+01
 4.75215488e+01 2.11894471e+01
 4.75215488e+01 2.11894471e+01
 4.75215488e+01 2.11894471e+01
 4.75215488e+01 2.11894471e+01
 4.75215488e+01 2.11894471e+01
 4.75215488e+01 2.11894471e+01
 4.75215488e+01 2.11894471e+01
 4.75215488e+01 2.11894471e+01
 4.75215488e+01 2.11894471e+01
 4.75215488e+01 2.11894471e+01
 4.75215488e+01 2.11894471e+01
 4.75215488e+01 2.11894471e+01
 4.75215488e+01 2.11894471e+01
 4.75215488e+01 2.11894471e+01
 4.75215488e+01 2.11894471e+01
 4.75215488e+01 2.11894471e+01
 4.75215488e+01 2.11894471e+01
 4.75215488e+01 2.11894471e+01
 4.75215488e+01 2.11894471e+01
 4.75215488e+01 2.11894471e+01
