 0.00000000e+00 0.00000000e+00
 0.00000000e+00 0.00000000e+00
 0.00000000e+00 0.00000000e+00
 0.00000000e+00 0.00000000e+00
 0.00000000e+00 0.00000000e+00
 0.00000000e+00 0.00000000e+00
 0.00000000e+00 0.00000000e+00
 0.00000000e+00 0.00000000e+00
 0.00000000e+00 0.00000000e+00
 0.00000000e+00 0.00000000e+00
 1.10050747e-01 2.41731438e-01
 2.30314376e-01 5.34209643e-01
 3.39162177e-01 8.44259549e-01
 4.17847677e-01 1.14043128e+00
 4.53616464e-01 1.40261040e+00
 4.37037523e-01 1.62304145e+00
 3.57848290e-01 1.80263802e+00
 2.03229468e-01 1.94682780e+00
 -4.14251954e-02 2.06237156e+00
 -3.91378619e-01 2.15510174e+00
 -8.61772121e-01 2.22823669e+00
 -1.46608358e+00 2.28073265e+00
 -2.21340986e+00 2.30562298e+00
 -3.10590446e+00 2.28941762e+00
 -4.13777080e+00 2.21351881e+00
 -5.29569975e+00 2.05697126e+00
 -6.55970584e+00 1.79907396e+00
 -7.90399813e+00 1.42135218e+00
 -9.29857073e+00 9.09289105e-01
 -1.07120600e+01 2.53981438e-01
 -1.21151854e+01 -5.46515202e-01
 -1.34831500e+01 -1.48630038e+00
 -1.47958557e+01 -2.55130970e+00
 -1.60363308e+01 -3.71986237e+00
 -1.71887745e+01 -4.96429502e+00
 -1.82373080e+01 -6.25338008e+00
 -1.91657166e+01 -7.55479819e+00
 -1.99580577e+01 -8.83713207e+00
 -2.05998513e+01 -1.00713922e+01
 -2.10793740e+01 -1.12322176e+01
 -2.13885870e+01 -1.22985791e+01
 -2.15237228e+01 -1.32537157e+01
 -2.14859296e+01 -1.40843198e+01
 -2.12816831e+01 -1.47791978e+01
 -2.09215957e+01 -1.53275319e+01
 -2.04169367e+01 -1.57168709e+01
 -1.97755282e+01 -1.59314350e+01
 -1.89996443e+01 -1.59518222e+01
 -1.80868185e+01 -1.57569099e+01
 -1.70323675e+01 -1.53275272e+01
 -1.58321615e+01 -1.46503402e+01
 -1.44850754e+01 -1.37203879e+01
 -1.29950078e+01 -1.25417574e+01
 -1.13720574e+01 -1.11268866e+01
 -9.63229655e+00 -9.49507388e+00
 -7.79605905e+00 -7.67022300e+00
 -5.88531515e+00 -5.67750438e+00
 -3.92096414e+00 -3.53906678e+00
 -1.92069741e+00 -1.27008648e+00
 1.02138115e-01 1.12271883e+00
 2.13837932e+00 3.63862726e+00
 4.18148628e+00 6.27695335e+00
 6.22470440e+00 9.02976600e+00
 8.25731322e+00 1.18756783e+01
 1.02608991e+01 1.47760539e+01
 1.22072652e+01 1.76741340e+01
 1.40592715e+01 2.04976173e+01
 1.57743329e+01 2.31650048e+01
 1.73088554e+01 2.55947287e+01
 1.86218231e+01 2.77145491e+01
 1.96769007e+01 2.94681453e+01
 2.04436263e+01 3.08169792e+01
 2.08986245e+01 3.17381974e+01
 2.10273599e+01 3.22214296e+01
 2.08262099e+01 3.22665917e+01
 2.03037733e+01 3.18822671e+01
 1.94800759e+01 3.10830972e+01
 1.83835256e+01 2.98860619e+01
 1.70471957e+01 2.83077374e+01
 1.55062567e+01 2.63648986e+01
 1.37967838e+01 2.40783003e+01
 1.19546080e+01 2.14765822e+01
 1.00130950e+01 1.85972128e+01
 8.00061167e+00 1.54841103e+01
 5.94002850e+00 1.21841150e+01
 3.85202515e+00 8.74493571e+00
 1.76144903e+00 5.21590562e+00
 -2.96347666e-01 1.65092935e+00
 -2.27241977e+00 -1.88858517e+00
 -4.10552713e+00 -5.33337930e+00
 -5.72661870e+00 -8.60985522e+00
 -7.06467324e+00 -1.16462929e+01
 -8.05300837e+00 -1.43787688e+01
 -8.63594960e+00 -1.67542796e+01
 -8.77516826e+00 -1.87310456e+01
 -8.45384844e+00 -2.02778103e+01
 -7.67701920e+00 -2.13735737e+01
 -6.46827491e+00 -2.20078153e+01
 -4.86497321e+00 -2.21807613e+01
 -2.91429461e+00 -2.19037322e+01
 -6.71416126e-01 -2.12000370e+01
 1.80043840e+00 -2.01064710e+01
 4.42938256e+00 -1.86744706e+01
 7.13549633e+00 -1.69693971e+01
 9.83449185e+00 -1.50669720e+01
 1.24457294e+01 -1.30469692e+01
 1.49048503e+01 -1.09849248e+01
 1.71785811e+01 -8.94294207e+00
 1.92743554e+01 -6.96153201e+00
 2.12352696e+01 -5.05575645e+00
 2.31190280e+01 -3.21857234e+00
 2.49735113e+01 -1.43059623e+00
 2.68247555e+01 3.28849965e-01
 2.86805314e+01 2.07487391e+00
 3.05401901e+01 3.81578249e+00
 3.24016523e+01 5.55511763e+00
 3.42636958e+01 7.29406386e+00
 3.61258780e+01 9.03293317e+00
 3.79880852e+01 1.07717903e+01
 3.98502957e+01 1.25106458e+01
 4.17125040e+01 1.42494988e+01
 4.35746878e+01 1.59883288e+01
 4.54366852e+01 1.77269848e+01
 4.72975739e+01 1.94646054e+01
 4.91532844e+01 2.11973909e+01
 5.09899849e+01 2.29124257e+01
 5.27717422e+01 2.45761568e+01
 5.44283001e+01 2.61229819e+01
 5.58596299e+01 2.74594982e+01
 5.69707498e+01 2.84970160e+01
 5.69707498e+01 2.84970160e+01
 5.69707498e+01 2.84970160e+01
 5.69707498e+01 2.84970160e+01
 5.69707498e+01 2.84970160e+01
 5.69707498e+01 2.84970160e+01
 5.69707498e+01 2.84970160e+01
 5.69707498e+01 2.84970160e+01
 5.69707498e+01 2.84970160e+01
 5.69707498e+01 2.84970160e+01
 5.69707498e+01 2.84970160e+01
 5.69707498e+01 2.84970160e+01
 5.69707498e+01 2.84970160e+01
 5.69707498e+01 2.84970160e+01
 5.69707498e+01 2.84970160e+01
 5.69707498e+01 2.84970160e+01
 5.69707498e+01 2.84970160e+01
 5.69707498e+01 2.84970160e+01
 5.69707498e+01 2.84970160e+01
 5.69707498e+01 2.84970160e+01
 5.69707498e+01 2.84970160e+01
 5.69707498e+01 2.84970160e+01
 5.69707498e+01 2.84970160e+01
 5.69707498e+01 2.84970160e+01
 5.69707498e+01 2.84970160e+01
 5.69707498e+01 2.84970160e+01
 5.69707498e+01 2.84970160e+01
 5.69707498e+01 2.84970160e+01
 5.69707498e+01 2.84970160e+01
 5.69707498e+01 2.84970160e+01
 5.69707498e+01 2.84970160e+01
