 0.00000000e+00 0.00000000e+00
 0.00000000e+00 0.00000000e+00
 0.00000000e+00 0.00000000e+00
 0.00000000e+00 0.00000000e+00
 1.41692747e-04 -3.59854691e-02
 8.35685883e-04 -8.00943407e-02
 3.55313048e-03 -1.30565730e-01
 1.21333894e-02 -1.86884194e-01
 3.42448251e-02 -2.49465407e-01
 8.15492004e-02 -3.18582183e-01
 1.67558010e-01 -3.93695251e-01
 3.04545869e-01 -4.73269363e-01
 5.02343551e-01 -5.54529682e-01
 7.69622691e-01 -6.33110126e-01
 1.11523517e+00 -7.03004323e-01
 1.54764533e+00 -7.56756527e-01
 2.07317802e+00 -7.85251605e-01
 2.69479285e+00 -7.77250759e-01
 3.41202465e+00 -7.20130207e-01
 4.22144675e+00 -6.02386212e-01
 5.11666982e+00 -4.15987837e-01
 6.08775210e+00 -1.56595874e-01
 7.12095346e+00 1.77674668e-01
 8.19953947e+00 5.86951010e-01
 9.30513888e+00 1.06915253e+00
 1.04185836e+01 1.61929627e+00
 1.15198208e+01 2.22945174e+00
 1.25875772e+01 2.88945696e+00
 1.35998167e+01 3.58789385e+00
 1.45352215e+01 4.31275301e+00
 1.53748229e+01 5.05173349e+00
 1.61028489e+01 5.79266549e+00
 1.67068292e+01 6.52441953e+00
 1.71776449e+01 7.23802587e+00
 1.75097346e+01 7.92733208e+00
 1.77009416e+01 8.58879775e+00
 1.77517776e+01 9.22064000e+00
 1.76649012e+01 9.82183006e+00
 1.74455215e+01 1.03912378e+01
 1.71018559e+01 1.09269800e+01
 1.66443514e+01 1.14259424e+01
 1.60841369e+01 1.18833872e+01
 1.54321654e+01 1.22926691e+01
 1.46993569e+01 1.26453758e+01
 1.38970353e+01 1.29322120e+01
 1.30371602e+01 1.31444169e+01
 1.21321631e+01 1.32747853e+01
 1.11941840e+01 1.33172185e+01
 1.02337047e+01 1.32648390e+01
 9.25797608e+00 1.31082993e+01
 8.26990530e+00 1.28359353e+01
 7.26806185e+00 1.24355698e+01
 6.24814303e+00 1.18966083e+01
 5.20559292e+00 1.12117426e+01
 4.13840046e+00 1.03783801e+01
 3.04905777e+00 9.39976883e+00
 1.94543197e+00 8.28561679e+00
 8.41021121e-01 7.05236151e+00
 -2.45141180e-01 5.72340606e+00
 -1.28933391e+00 4.32905455e+00
 -2.26524948e+00 2.90522519e+00
 -3.14720473e+00 1.49041578e+00
 -3.91346129e+00 1.21759086e-01
 -4.54828220e+00 -1.16821813e+00
 -5.04202479e+00 -2.35330898e+00
 -5.38974208e+00 -3.41431687e+00
 -5.58910462e+00 -4.33950634e+00
 -5.63809649e+00 -5.12475620e+00
 -5.53311525e+00 -5.77262372e+00
 -5.26821136e+00 -6.28985877e+00
 -4.83512552e+00 -6.68402425e+00
 -4.22319678e+00 -6.96057187e+00
 -3.41947174e+00 -7.12128131e+00
 -2.41011002e+00 -7.16409891e+00
 -1.18287125e+00 -7.08402990e+00
 2.70634222e-01 -6.87476588e+00
 1.95335147e+00 -6.53075818e+00
 3.86089465e+00 -6.04945120e+00
 5.97859668e+00 -5.43338985e+00
 8.27827776e+00 -4.69191295e+00
 1.07167492e+01 -3.84216578e+00
 1.32377669e+01 -2.90902919e+00
 1.57776302e+01 -1.92334759e+00
 1.82733533e+01 -9.18151091e-01
 2.06723088e+01 7.65158401e-02
 2.29422150e+01 1.03875636e+00
 2.50782258e+01 1.95824137e+00
 2.71017312e+01 2.83629665e+00
 2.90488609e+01 3.68227342e+00
 3.09548179e+01 4.50799371e+00
 3.28436548e+01 5.32324528e+00
 3.47272890e+01 6.13407623e+00
 3.66099240e+01 6.94338680e+00
 3.84925231e+01 7.75227295e+00
 4.03751725e+01 8.56106328e+00
 4.22578422e+01 9.36983616e+00
 4.41405163e+01 1.01786065e+01
 4.60231910e+01 1.09873764e+01
 4.79058631e+01 1.17961452e+01
 4.97885105e+01 1.26049034e+01
 5.16709695e+01 1.34135806e+01
 5.35523074e+01 1.42217762e+01
 5.54284103e+01 1.50277230e+01
 5.72852943e+01 1.58254136e+01
 5.90866314e+01 1.65992420e+01
 6.07613933e+01 1.73186955e+01
 6.22084519e+01 1.79403310e+01
 6.33317820e+01 1.84228974e+01
 6.33317820e+01 1.84228974e+01
 6.33317820e+01 1.84228974e+01
 6.33317820e+01 1.84228974e+01
 6.33317820e+01 1.84228974e+01
 6.33317820e+01 1.84228974e+01
 6.33317820e+01 1.84228974e+01
 6.33317820e+01 1.84228974e+01
 6.33317820e+01 1.84228974e+01
 6.33317820e+01 1.84228974e+01
 6.33317820e+01 1.84228974e+01
 6.33317820e+01 1.84228974e+01
 6.33317820e+01 1.84228974e+01
 6.33317820e+01 1.84228974e+01
 6.33317820e+01 1.84228974e+01
 6.33317820e+01 1.84228974e+01
 6.33317820e+01 1.84228974e+01
 6.33317820e+01 1.84228974e+01
 6.33317820e+01 1.84228974e+01
 6.33317820e+01 1.84228974e+01
 6.33317820e+01 1.84228974e+01
 6.33317820e+01 1.84228974e+01
 6.33317820e+01 1.84228974e+01
 6.33317820e+01 1.84228974e+01
 6.33317820e+01 1.84228974e+01
 6.33317820e+01 1.84228974e+01
 6.33317820e+01 1.84228974e+01
 6.33317820e+01 1.84228974e+01
 6.33317820e+01 1.84228974e+01
 6.33317820e+01 1.84228974e+01
 6.33317820e+01 1.84228974e+01
 6.33317820e+01 1.84228974e+01
 6.33317820e+01 1.84228974e+01
 6.33317820e+01 1.84228974e+01
 6.33317820e+01 1.84228974e+01
 6.33317820e+01 1.84228974e+01
 6.33317820e+01 1.84228974e+01
 6.33317820e+01 1.84228974e+01
 6.33317820e+01 1.84228974e+01
 6.33317820e+01 1.84228974e+01
 6.33317820e+01 1.84228974e+01
 6.33317820e+01 1.84228974e+01
 6.33317820e+01 1.84228974e+01
 6.33317820e+01 1.84228974e+01
 6.33317820e+01 1.84228974e+01
 6.33317820e+01 1.84228974e+01
 6.33317820e+01 1.84228974e+01
 6.33317820e+01 1.84228974e+01
 6.33317820e+01 1.84228974e+01
 6.33317820e+01 1.84228974e+01
 6.33317820e+01 1.84228974e+01
 6.33317820e+01 1.84228974e+01
 6.33317820e+01 1.84228974e+01
 6.33317820e+01 1.84228974e+01
 6.33317820e+01 1.84228974e+01
 6.33317820e+01 1.84228974e+01
 6.33317820e+01 1.84228974e+01
 6.33317820e+01 1.84228974e+01
 6.33317820e+01 1.84228974e+01
 6.33317820e+01 1.84228974e+01
 6.33317820e+01 1.84228974e+01
 6.33317820e+01 1.84228974e+01
 6.33317820e+01 1.84228974e+01
 6.33317820e+01 1.84228974e+01
 6.33317820e+01 1.84228974e+01
 6.33317820e+01 1.84228974e+01
 6.33317820e+01 1.84228974e+01
