 0.00000000e+00 0.00000000e+00
 0.00000000e+00 0.00000000e+00
 0.00000000e+00 0.00000000e+00
 0.00000000e+00 0.00000000e+00
 0.00000000e+00 0.00000000e+00
 0.00000000e+00 0.00000000e+00
 0.00000000e+00 0.00000000e+00
 0.00000000e+00 0.00000000e+00
 0.00000000e+00 0.00000000e+00
 0.00000000e+00 0.00000000e+00
 0.00000000e+00 0.00000000e+00
 0.00000000e+00 0.00000000e+00
 0.00000000e+00 0.00000000e+00
 1.00259219e-02 -1.94493978e-02
 3.61723982e-02 -4.62446474e-02
 9.27744041e-02 -7.88991876e-02
 1.96719121e-01 -1.15439658e-01
 3.63272758e-01 -1.53765954e-01
 6.03987565e-01 -1.90804676e-01
 9.28430002e-01 -2.21057418e-01
 1.34726325e+00 -2.35408588e-01
 1.87334429e+00 -2.20677306e-01
 2.52022176e+00 -1.60168783e-01
 3.29946388e+00 -3.53071045e-02
 4.21798915e+00 1.71927322e-01
 5.27571248e+00 4.76402309e-01
 6.46367160e+00 8.87865258e-01
 7.76328019e+00 1.41015862e+00
 9.14758451e+00 2.04163002e+00
 1.05845714e+01 2.77627784e+00
 1.20412621e+01 3.60514531e+00
 1.34870317e+01 4.51764179e+00
 1.48955081e+01 5.50246607e+00
 1.62452523e+01 6.54787038e+00
 1.75195885e+01 7.64136729e+00
 1.87057868e+01 8.76925696e+00
 1.97935143e+01 9.91620726e+00
 2.07724539e+01 1.10648567e+01
 2.16297496e+01 1.21955018e+01
 2.23486606e+01 1.32863500e+01
 2.29092591e+01 1.43148920e+01
 2.32907555e+01 1.52601489e+01
 2.34744379e+01 1.61046005e+01
 2.34462551e+01 1.68347247e+01
 2.31982529e+01 1.74402655e+01
 2.27286516e+01 1.79132747e+01
 2.20412113e+01 1.82476107e+01
 2.11447116e+01 1.84384418e+01
 2.00527854e+01 1.84811864e+01
 1.87839371e+01 1.83708085e+01
 1.73615848e+01 1.81030872e+01
 1.58138566e+01 1.76775671e+01
 1.41728090e+01 1.70998670e+01
 1.24730220e+01 1.63817494e+01
 1.07497765e+01 1.55393485e+01
 9.03687032e+00 1.45906863e+01
 7.36396745e+00 1.35532896e+01
 5.75371286e+00 1.24423494e+01
 4.21957214e+00 1.12695001e+01
 2.76561630e+00 1.00420796e+01
 1.38869713e+00 8.76297952e+00
 8.22731939e-02 7.43157242e+00
 -1.15937150e+00 6.04604700e+00
 -2.33745983e+00 4.60681107e+00
 -3.44607310e+00 3.11996354e+00
 -4.47083738e+00 1.59956480e+00
 -5.38937092e+00 6.78164422e-02
 -6.17385319e+00 -1.44676801e+00
 -6.79529769e+00 -2.91230222e+00
 -7.22791448e+00 -4.29652774e+00
 -7.45169983e+00 -5.56908718e+00
 -7.45270024e+00 -6.70273282e+00
 -7.22189219e+00 -7.67366534e+00
 -6.75370733e+00 -8.46133842e+00
 -6.04423938e+00 -9.04782744e+00
 -5.08877660e+00 -9.41699222e+00
 -3.87936213e+00 -9.55415004e+00
 -2.40449321e+00 -9.44694592e+00
 -6.52941733e-01 -9.08752122e+00
 1.37855928e+00 -8.47566177e+00
 3.67676842e+00 -7.62236123e+00
 6.20639052e+00 -6.55274447e+00
 8.90970660e+00 -5.30685543e+00
 1.17113061e+01 -3.93708867e+00
 1.45272791e+01 -2.50203684e+00
 1.72788103e+01 -1.05763851e+00
 1.99088058e+01 3.52487068e-01
 2.23956016e+01 1.70445824e+00
 2.47546528e+01 2.99566392e+00
 2.70246560e+01 4.23890715e+00
 2.92465343e+01 5.45232490e+00
 3.14489019e+01 6.65102044e+00
 3.36458074e+01 7.84396912e+00
 3.58419556e+01 9.03515954e+00
 3.80382447e+01 1.02259339e+01
 4.02346518e+01 1.14166337e+01
 4.24310967e+01 1.26073238e+01
 4.46275495e+01 1.37980130e+01
 4.68240032e+01 1.49887020e+01
 4.90204541e+01 1.61793894e+01
 5.12168760e+01 1.73700611e+01
 5.34130781e+01 1.85606137e+01
 5.56079724e+01 1.97504573e+01
 5.77967591e+01 2.09369900e+01
 5.99631238e+01 2.21113678e+01
 6.20646837e+01 2.32506152e+01
 6.40185726e+01 2.43098107e+01
 6.57068076e+01 2.52249963e+01
 6.70173594e+01 2.59354412e+01
 6.70173594e+01 2.59354412e+01
 6.70173594e+01 2.59354412e+01
 6.70173594e+01 2.59354412e+01
 6.70173594e+01 2.59354412e+01
 6.70173594e+01 2.59354412e+01
 6.70173594e+01 2.59354412e+01
 6.70173594e+01 2.59354412e+01
 6.70173594e+01 2.59354412e+01
 6.70173594e+01 2.59354412e+01
 6.70173594e+01 2.59354412e+01
 6.70173594e+01 2.59354412e+01
 6.70173594e+01 2.59354412e+01
 6.70173594e+01 2.59354412e+01
 6.70173594e+01 2.59354412e+01
 6.70173594e+01 2.59354412e+01
 6.70173594e+01 2.59354412e+01
 6.70173594e+01 2.59354412e+01
 6.70173594e+01 2.59354412e+01
 6.70173594e+01 2.59354412e+01
 6.70173594e+01 2.59354412e+01
 6.70173594e+01 2.59354412e+01
 6.70173594e+01 2.59354412e+01
 6.70173594e+01 2.59354412e+01
 6.70173594e+01 2.59354412e+01
 6.70173594e+01 2.59354412e+01
 6.70173594e+01 2.59354412e+01
 6.70173594e+01 2.59354412e+01
 6.70173594e+01 2.59354412e+01
 6.70173594e+01 2.59354412e+01
 6.70173594e+01 2.59354412e+01
 6.70173594e+01 2.59354412e+01
 6.70173594e+01 2.59354412e+01
 6.70173594e+01 2.59354412e+01
 6.70173594e+01 2.59354412e+01
 6.70173594e+01 2.59354412e+01
 6.70173594e+01 2.59354412e+01
 6.70173594e+01 2.59354412e+01
 6.70173594e+01 2.59354412e+01
 6.70173594e+01 2.59354412e+01
 6.70173594e+01 2.59354412e+01
 6.70173594e+01 2.59354412e+01
 6.70173594e+01 2.59354412e+01
 6.70173594e+01 2.59354412e+01
 6.70173594e+01 2.59354412e+01
 6.70173594e+01 2.59354412e+01
 6.70173594e+01 2.59354412e+01
 6.70173594e+01 2.59354412e+01
 6.70173594e+01 2.59354412e+01
 6.70173594e+01 2.59354412e+01
 6.70173594e+01 2.59354412e+01
 6.70173594e+01 2.59354412e+01
 6.70173594e+01 2.59354412e+01
 6.70173594e+01 2.59354412e+01
 6.70173594e+01 2.59354412e+01
 6.70173594e+01 2.59354412e+01
 6.70173594e+01 2.59354412e+01
 6.70173594e+01 2.59354412e+01
 6.70173594e+01 2.59354412e+01
 6.70173594e+01 2.59354412e+01
 6.70173594e+01 2.59354412e+01
 6.70173594e+01 2.59354412e+01
 6.70173594e+01 2.59354412e+01
 6.70173594e+01 2.59354412e+01
 6.70173594e+01 2.59354412e+01
 6.70173594e+01 2.59354412e+01
