 0.00000000e+00 0.00000000e+00
 0.00000000e+00 0.00000000e+00
 0.00000000e+00 0.00000000e+00
 0.00000000e+00 0.00000000e+00
 8.85268480e-05 -5.73681604e-02
 5.27868297e-04 -1.34548362e-01
 2.27881042e-03 -2.29531460e-01
 7.93875075e-03 -3.40579577e-01
 2.29799721e-02 -4.67547115e-01
 5.64395461e-02 -6.11312303e-01
 1.20211331e-01 -7.71974037e-01
 2.27308001e-01 -9.46962699e-01
 3.90654126e-01 -1.12989997e+00
 6.23384934e-01 -1.31040922e+00
 9.39941629e-01 -1.47459977e+00
 1.35656909e+00 -1.60600912e+00
 1.89045441e+00 -1.68686339e+00
 2.55759206e+00 -1.69909761e+00
 3.36997318e+00 -1.62470433e+00
 4.33285957e+00 -1.44624194e+00
 5.44277194e+00 -1.14875904e+00
 6.68658524e+00 -7.22737717e-01
 8.04191650e+00 -1.66157907e-01
 9.47882696e+00 5.15513184e-01
 1.09627585e+01 1.31092791e+00
 1.24584534e+01 2.20492952e+00
 1.39341523e+01 3.18040051e+00
 1.53648416e+01 4.21968616e+00
 1.67333953e+01 5.30547915e+00
 1.80293290e+01 6.42111122e+00
 1.92459662e+01 7.55043456e+00
 2.03773893e+01 8.67761044e+00
 2.14163029e+01 9.78702558e+00
 2.23530626e+01 1.08634510e+01
 2.31754730e+01 1.18925650e+01
 2.38692667e+01 1.28619557e+01
 2.44197506e+01 1.37625419e+01
 2.48145182e+01 1.45899465e+01
 2.50456910e+01 1.53450453e+01
 2.51101209e+01 1.60332360e+01
 2.50080633e+01 1.66627509e+01
 2.47421950e+01 1.72426481e+01
 2.43173310e+01 1.77807328e+01
 2.37394435e+01 1.82813596e+01
 2.30135559e+01 1.87432950e+01
 2.21419330e+01 1.91582389e+01
 2.11239283e+01 1.95107569e+01
 1.99575110e+01 1.97799678e+01
 1.86417083e+01 1.99425311e+01
 1.71793008e+01 1.99760143e+01
 1.55793452e+01 1.98619215e+01
 1.38590375e+01 1.95880842e+01
 1.20443268e+01 1.91502963e+01
 1.01689028e+01 1.85531042e+01
 8.27171082e+00 1.78095854e+01
 6.39373868e+00 1.69398387e+01
 4.57490838e+00 1.59681121e+01
 2.85130864e+00 1.49191439e+01
 1.25254477e+00 1.38149061e+01
 -2.00612230e-01 1.26727871e+01
 -1.49734783e+00 1.15052729e+01
 -2.63576337e+00 1.03204073e+01
 -3.61978827e+00 9.12263293e+00
 -4.45541192e+00 7.91430938e+00
 -5.14791773e+00 6.69805192e+00
 -5.70091199e+00 5.47915622e+00
 -6.11657890e+00 4.26693467e+00
 -6.39586661e+00 3.07448882e+00
 -6.53784215e+00 1.91760165e+00
 -6.53863096e+00 8.13688666e-01
 -6.39089011e+00 -2.19035853e-01
 -6.08419304e+00 -1.16250246e+00
 -5.60578073e+00 -1.99977316e+00
 -4.94093666e+00 -2.71564115e+00
 -4.07305469e+00 -3.29658891e+00
 -2.98434780e+00 -3.73017242e+00
 -1.65804094e+00 -4.00428185e+00
 -8.19873981e-02 -4.10724205e+00
 1.74714371e+00 -4.02966249e+00
 3.82018775e+00 -3.76766557e+00
 6.11311467e+00 -3.32568500e+00
 8.58628681e+00 -2.71738477e+00
 1.11854836e+01 -1.96499869e+00
 1.38451303e+01 -1.09801105e+00
 1.64943097e+01 -1.51155716e-01
 1.90656044e+01 8.38778482e-01
 2.15059683e+01 1.83724177e+00
 2.37876177e+01 2.81664871e+00
 2.59145554e+01 3.76044571e+00
 2.79189496e+01 4.66471039e+00
 2.98462001e+01 5.53574716e+00
 3.17366903e+01 6.38454761e+00
 3.36153735e+01 7.22133663e+00
 3.54926462e+01 8.05287082e+00
 3.73708538e+01 8.88254335e+00
 3.92497662e+01 9.71168260e+00
 4.11289460e+01 1.05406986e+01
 4.30081951e+01 1.13696917e+01
 4.48874573e+01 1.21986814e+01
 4.67667212e+01 1.30276706e+01
 4.86459827e+01 1.38566587e+01
 5.05252195e+01 1.46856358e+01
 5.24042682e+01 1.55145299e+01
 5.42821979e+01 1.63429304e+01
 5.61549021e+01 1.71690259e+01
 5.80084222e+01 1.79866587e+01
 5.98064960e+01 1.87798328e+01
 6.14782239e+01 1.95172727e+01
 6.29226610e+01 2.01544491e+01
 6.40439561e+01 2.06490797e+01
 6.40439561e+01 2.06490797e+01
 6.40439561e+01 2.06490797e+01
 6.40439561e+01 2.06490797e+01
 6.40439561e+01 2.06490797e+01
 6.40439561e+01 2.06490797e+01
 6.40439561e+01 2.06490797e+01
 6.40439561e+01 2.06490797e+01
 6.40439561e+01 2.06490797e+01
 6.40439561e+01 2.06490797e+01
 6.40439561e+01 2.06490797e+01
 6.40439561e+01 2.06490797e+01
 6.40439561e+01 2.06490797e+01
 6.40439561e+01 2.06490797e+01
 6.40439561e+01 2.06490797e+01
 6.40439561e+01 2.06490797e+01
 6.40439561e+01 2.06490797e+01
 6.40439561e+01 2.06490797e+01
 6.40439561e+01 2.06490797e+01
 6.40439561e+01 2.06490797e+01
 6.40439561e+01 2.06490797e+01
 6.40439561e+01 2.06490797e+01
 6.40439561e+01 2.06490797e+01
 6.40439561e+01 2.06490797e+01
 6.40439561e+01 2.06490797e+01
 6.40439561e+01 2.06490797e+01
 6.40439561e+01 2.06490797e+01
 6.40439561e+01 2.06490797e+01
 6.40439561e+01 2.06490797e+01
 6.40439561e+01 2.06490797e+01
 6.40439561e+01 2.06490797e+01
 6.40439561e+01 2.06490797e+01
 6.40439561e+01 2.06490797e+01
 6.40439561e+01 2.06490797e+01
 6.40439561e+01 2.06490797e+01
 6.40439561e+01 2.06490797e+01
 6.40439561e+01 2.06490797e+01
 6.40439561e+01 2.06490797e+01
 6.40439561e+01 2.06490797e+01
 6.40439561e+01 2.06490797e+01
 6.40439561e+01 2.06490797e+01
 6.40439561e+01 2.06490797e+01
 6.40439561e+01 2.06490797e+01
 6.40439561e+01 2.06490797e+01
 6.40439561e+01 2.06490797e+01
 6.40439561e+01 2.06490797e+01
 6.40439561e+01 2.06490797e+01
 6.40439561e+01 2.06490797e+01
 6.40439561e+01 2.06490797e+01
 6.40439561e+01 2.06490797e+01
 6.40439561e+01 2.06490797e+01
 6.40439561e+01 2.06490797e+01
 6.40439561e+01 2.06490797e+01
 6.40439561e+01 2.06490797e+01
 6.40439561e+01 2.06490797e+01
 6.40439561e+01 2.06490797e+01
 6.40439561e+01 2.06490797e+01
 6.40439561e+01 2.06490797e+01
 6.40439561e+01 2.06490797e+01
 6.40439561e+01 2.06490797e+01
 6.40439561e+01 2.06490797e+01
 6.40439561e+01 2.06490797e+01
 6.40439561e+01 2.06490797e+01
 6.40439561e+01 2.06490797e+01
 6.40439561e+01 2.06490797e+01
