 0.00000000e+00 0.00000000e+00
 0.00000000e+00 0.00000000e+00
 0.00000000e+00 0.00000000e+00
 0.00000000e+00 0.00000000e+00
 -5.36448997e-02 -1.48389451e-01
 -1.09531486e-01 -3.45917668e-01
 -1.52185675e-01 -5.85050978e-01
 -1.64587545e-01 -8.56535219e-01
 -1.30823402e-01 -1.15232929e+00
 -3.72967184e-02 -1.46540718e+00
 1.27234108e-01 -1.78807714e+00
 3.72322036e-01 -2.11051081e+00
 7.06306413e-01 -2.42001619e+00
 1.13621048e+00 -2.70120387e+00
 1.66758481e+00 -2.93723283e+00
 2.30453570e+00 -3.11174023e+00
 3.04944919e+00 -3.21030429e+00
 3.90214938e+00 -3.22075025e+00
 4.85890432e+00 -3.13310764e+00
 5.91182826e+00 -2.94036576e+00
 7.04897524e+00 -2.63960822e+00
 8.25518409e+00 -2.23214115e+00
 9.51338901e+00 -1.72242599e+00
 1.08058031e+01 -1.11690731e+00
 1.21146787e+01 -4.23442204e-01
 1.34229306e+01 3.48877301e-01
 1.47148568e+01 1.18987757e+00
 1.59766578e+01 2.08846845e+00
 1.71963480e+01 3.03265082e+00
 1.83630077e+01 4.00929742e+00
 1.94656922e+01 5.00391751e+00
 2.04925758e+01 6.00083815e+00
 2.14308889e+01 6.98415979e+00
 2.22676690e+01 7.93934835e+00
 2.29908055e+01 8.85472231e+00
 2.35899476e+01 9.72211505e+00
 2.40572380e+01 1.05367424e+01
 2.43877114e+01 1.12968055e+01
 2.45788858e+01 1.20029897e+01
 2.46296082e+01 1.26575061e+01
 2.45393584e+01 1.32625776e+01
 2.43090246e+01 1.38189210e+01
 2.39422350e+01 1.43247952e+01
 2.34454039e+01 1.47755215e+01
 2.28263669e+01 1.51632183e+01
 2.20931347e+01 1.54771200e+01
 2.12535170e+01 1.57048824e+01
 2.03149699e+01 1.58341318e+01
 1.92841919e+01 1.58529914e+01
 1.81668052e+01 1.57497545e+01
 1.69673827e+01 1.55131444e+01
 1.56895346e+01 1.51334988e+01
 1.43357868e+01 1.46036120e+01
 1.29074937e+01 1.39184553e+01
 1.14053850e+01 1.30745079e+01
 9.83124801e+00 1.20698747e+01
 8.19076178e+00 1.09057263e+01
 6.49676758e+00 9.58861164e+00
 4.77170214e+00 8.13248942e+00
 3.04801110e+00 6.55951839e+00
 1.36626380e+00 4.89941291e+00
 -2.28147410e-01 3.18759138e+00
 -1.68849686e+00 1.46238761e+00
 -2.97003415e+00 -2.38192464e-01
 -4.03357247e+00 -1.87941765e+00
 -4.84925861e+00 -3.43188355e+00
 -5.39917737e+00 -4.87257516e+00
 -5.67746967e+00 -6.18514519e+00
 -5.68810848e+00 -7.35938707e+00
 -5.44138659e+00 -8.38959150e+00
 -4.94979533e+00 -9.27189524e+00
 -4.22387624e+00 -1.00015957e+01
 -3.26920721e+00 -1.05715477e+01
 -2.08542786e+00 -1.09719744e+01
 -6.67119811e-01 -1.11913427e+01
 9.93970112e-01 -1.12179317e+01
 2.90536381e+00 -1.10418797e+01
 5.06894653e+00 -1.06574172e+01
 7.47562750e+00 -1.00648104e+01
 1.01012356e+01 -9.27150705e+00
 1.29050073e+01 -8.29231852e+00
 1.58309083e+01 -7.14909794e+00
 1.88110517e+01 -5.87057088e+00
 2.17701704e+01 -4.49226772e+00
 2.46306322e+01 -3.05564758e+00
 2.73186800e+01 -1.60548310e+00
 2.97734857e+01 -1.85155309e-01
 3.19597209e+01 1.16994086e+00
 3.38804906e+01 2.43964007e+00
 3.55819504e+01 3.62363225e+00
 3.71405005e+01 4.73936124e+00
 3.86347346e+01 5.81262714e+00
 4.01191997e+01 6.86632882e+00
 4.16166609e+01 7.91429673e+00
 4.31283280e+01 8.96200050e+00
 4.46482612e+01 1.00104601e+01
 4.61715383e+01 1.10593925e+01
 4.76958197e+01 1.21084948e+01
 4.92203306e+01 1.31576399e+01
 5.07448819e+01 1.42067931e+01
 5.22694385e+01 1.52559472e+01
 5.37939937e+01 1.63051001e+01
 5.53185288e+01 1.73542391e+01
 5.68429113e+01 1.84032732e+01
 5.83663861e+01 1.94516825e+01
 5.98856216e+01 2.04971745e+01
 6.13892939e+01 2.15319565e+01
 6.28479854e+01 2.25357839e+01
 6.42041784e+01 2.34690750e+01
 6.53759813e+01 2.42754744e+01
 6.62856345e+01 2.49014703e+01
 6.62856345e+01 2.49014703e+01
 6.62856345e+01 2.49014703e+01
 6.62856345e+01 2.49014703e+01
 6.62856345e+01 2.49014703e+01
 6.62856345e+01 2.49014703e+01
 6.62856345e+01 2.49014703e+01
 6.62856345e+01 2.49014703e+01
 6.62856345e+01 2.49014703e+01
 6.62856345e+01 2.49014703e+01
 6.62856345e+01 2.49014703e+01
 6.62856345e+01 2.49014703e+01
 6.62856345e+01 2.49014703e+01
 6.62856345e+01 2.49014703e+01
 6.62856345e+01 2.49014703e+01
 6.62856345e+01 2.49014703e+01
 6.62856345e+01 2.49014703e+01
 6.62856345e+01 2.49014703e+01
 6.62856345e+01 2.49014703e+01
 6.62856345e+01 2.49014703e+01
 6.62856345e+01 2.49014703e+01
 6.62856345e+01 2.49014703e+01
 6.62856345e+01 2.49014703e+01
 6.62856345e+01 2.49014703e+01
 6.62856345e+01 2.49014703e+01
 6.62856345e+01 2.49014703e+01
 6.62856345e+01 2.49014703e+01
 6.62856345e+01 2.49014703e+01
 6.62856345e+01 2.49014703e+01
 6.62856345e+01 2.49014703e+01
 6.62856345e+01 2.49014703e+01
 6.62856345e+01 2.49014703e+01
 6.62856345e+01 2.49014703e+01
 6.62856345e+01 2.49014703e+01
 6.62856345e+01 2.49014703e+01
 6.62856345e+01 2.49014703e+01
 6.62856345e+01 2.49014703e+01
 6.62856345e+01 2.49014703e+01
 6.62856345e+01 2.49014703e+01
 6.62856345e+01 2.49014703e+01
 6.62856345e+01 2.49014703e+01
 6.62856345e+01 2.49014703e+01
 6.62856345e+01 2.49014703e+01
 6.62856345e+01 2.49014703e+01
 6.62856345e+01 2.49014703e+01
 6.62856345e+01 2.49014703e+01
 6.62856345e+01 2.49014703e+01
 6.62856345e+01 2.49014703e+01
 6.62856345e+01 2.49014703e+01
 6.62856345e+01 2.49014703e+01
 6.62856345e+01 2.49014703e+01
 6.62856345e+01 2.49014703e+01
 6.62856345e+01 2.49014703e+01
 6.62856345e+01 2.49014703e+01
 6.62856345e+01 2.49014703e+01
 6.62856345e+01 2.49014703e+01
 6.62856345e+01 2.49014703e+01
 6.62856345e+01 2.49014703e+01
 6.62856345e+01 2.49014703e+01
 6.62856345e+01 2.49014703e+01
 6.62856345e+01 2.49014703e+01
 6.62856345e+01 2.49014703e+01
 6.62856345e+01 2.49014703e+01
 6.62856345e+01 2.49014703e+01
