 0.00000000e+00 0.00000000e+00
 0.00000000e+00 0.00000000e+00
 0.00000000e+00 0.00000000e+00
 0.00000000e+00 0.00000000e+00
 -2.01601064e-01 -1.88064834e-01
 -4.59658254e-01 -4.32563323e-01
 -7.45463055e-01 -7.20194392e-01
 -1.02010926e+00 -1.03628298e+00
 -1.24542199e+00 -1.36870268e+00
 -1.39162090e+00 -1.70740339e+00
 -1.43843496e+00 -2.04236826e+00
 -1.37071654e+00 -2.36227936e+00
 -1.17320153e+00 -2.65401656e+00
 -8.28683283e-01 -2.90246947e+00
 -3.19835172e-01 -3.09067803e+00
 3.68067149e-01 -3.20047128e+00
 1.24554812e+00 -3.21345457e+00
 2.31833436e+00 -3.11239877e+00
 3.58682267e+00 -2.88340318e+00
 5.04516603e+00 -2.51835465e+00
 6.68014630e+00 -2.01621113e+00
 8.47041389e+00 -1.38249175e+00
 1.03867796e+01 -6.28045267e-01
 1.23936850e+01 2.31734631e-01
 1.44512141e+01 1.17739571e+00
 1.65170518e+01 2.18650794e+00
 1.85484060e+01 3.23559559e+00
 2.05040289e+01 4.30215262e+00
 2.23461900e+01 5.36588747e+00
 2.40425006e+01 6.40921801e+00
 2.55675722e+01 7.41768678e+00
 2.69042205e+01 8.38071842e+00
 2.80438192e+01 9.29247096e+00
 2.89856707e+01 1.01521750e+01
 2.97354166e+01 1.09636201e+01
 3.03027247e+01 1.17340212e+01
 3.06989828e+01 1.24727155e+01
 3.09355230e+01 1.31898130e+01
 3.10218427e+01 1.38946346e+01
 3.09634208e+01 1.45939995e+01
 3.07604530e+01 1.52908299e+01
 3.04091054e+01 1.59835240e+01
 2.99046914e+01 1.66661296e+01
 2.92447016e+01 1.73290135e+01
 2.84304545e+01 1.79596502e+01
 2.74673654e+01 1.85433279e+01
 2.63642101e+01 1.90639162e+01
 2.51317911e+01 1.95050234e+01
 2.37814502e+01 1.98516060e+01
 2.23238859e+01 2.00915880e+01
 2.07686294e+01 2.02166831e+01
 1.91242622e+01 2.02218680e+01
 1.73991797e+01 2.01039205e+01
 1.56025885e+01 1.98600982e+01
 1.37454042e+01 1.94874689e+01
 1.18408011e+01 1.89825228e+01
 9.90437949e+00 1.83407663e+01
 7.95407580e+00 1.75565758e+01
 6.00992785e+00 1.66237554e+01
 4.09375738e+00 1.55370172e+01
 2.22878518e+00 1.42941824e+01
 4.39167051e-01 1.28984533e+01
 -1.25043340e+00 1.13600932e+01
 -2.81496650e+00 9.69729912e+00
 -4.22875183e+00 7.93627217e+00
 -5.46536055e+00 6.11031070e+00
 -6.49852758e+00 4.25776335e+00
 -7.30469519e+00 2.41901151e+00
 -7.86658125e+00 6.32977201e-01
 -8.17589169e+00 -1.06603806e+00
 -8.23350613e+00 -2.65021992e+00
 -8.04736652e+00 -4.09837075e+00
 -7.62978487e+00 -5.39483800e+00
 -6.99517134e+00 -6.52812974e+00
 -6.15767339e+00 -7.48960355e+00
 -5.12836363e+00 -8.27223073e+00
 -3.91292404e+00 -8.86962088e+00
 -2.51111183e+00 -9.27560126e+00
 -9.18490601e-01 -9.48434605e+00
 8.69952947e-01 -9.49083645e+00
 2.85541850e+00 -9.29161923e+00
 5.03173827e+00 -8.88599367e+00
 7.38378046e+00 -8.27744788e+00
 9.88747265e+00 -7.47477618e+00
 1.25101037e+01 -6.49255524e+00
 1.52101595e+01 -5.35127512e+00
 1.79374801e+01 -4.07748473e+00
 2.06351335e+01 -2.70378761e+00
 2.32433146e+01 -1.26813116e+00
 2.57045637e+01 1.88216729e-01
 2.79705055e+01 1.62448624e+00
 3.00113870e+01 3.00610852e+00
 3.18271801e+01 4.31138044e+00
 3.34532386e+01 5.53636541e+00
 3.49516989e+01 6.69419633e+00
 3.63889193e+01 7.80748312e+00
 3.78127677e+01 8.89799355e+00
 3.92446884e+01 9.98007327e+00
 4.06873269e+01 1.10602847e+01
 4.21365051e+01 1.21405314e+01
 4.35883879e+01 1.32210007e+01
 4.50410936e+01 1.43015723e+01
 4.64939889e+01 1.53821723e+01
 4.79469177e+01 1.64627780e+01
 4.93998509e+01 1.75433844e+01
 5.08527827e+01 1.86239894e+01
 5.23056953e+01 1.97045801e+01
 5.37584626e+01 2.07850627e+01
 5.52103647e+01 2.18649019e+01
 5.66582267e+01 2.29417363e+01
 5.80912568e+01 2.40075395e+01
 5.94814191e+01 2.50414603e+01
 6.07738983e+01 2.60027301e+01
 6.18906501e+01 2.68333043e+01
 6.27575679e+01 2.74780666e+01
 6.27575679e+01 2.74780666e+01
 6.27575679e+01 2.74780666e+01
 6.27575679e+01 2.74780666e+01
 6.27575679e+01 2.74780666e+01
 6.27575679e+01 2.74780666e+01
 6.27575679e+01 2.74780666e+01
 6.27575679e+01 2.74780666e+01
 6.27575679e+01 2.74780666e+01
 6.27575679e+01 2.74780666e+01
 6.27575679e+01 2.74780666e+01
 6.27575679e+01 2.74780666e+01
 6.27575679e+01 2.74780666e+01
 6.27575679e+01 2.74780666e+01
 6.27575679e+01 2.74780666e+01
 6.27575679e+01 2.74780666e+01
 6.27575679e+01 2.74780666e+01
 6.27575679e+01 2.74780666e+01
 6.27575679e+01 2.74780666e+01
 6.27575679e+01 2.74780666e+01
 6.27575679e+01 2.74780666e+01
 6.27575679e+01 2.74780666e+01
 6.27575679e+01 2.74780666e+01
 6.27575679e+01 2.74780666e+01
 6.27575679e+01 2.74780666e+01
 6.27575679e+01 2.74780666e+01
 6.27575679e+01 2.74780666e+01
 6.27575679e+01 2.74780666e+01
 6.27575679e+01 2.74780666e+01
 6.27575679e+01 2.74780666e+01
 6.27575679e+01 2.74780666e+01
 6.27575679e+01 2.74780666e+01
 6.27575679e+01 2.74780666e+01
 6.27575679e+01 2.74780666e+01
 6.27575679e+01 2.74780666e+01
 6.27575679e+01 2.74780666e+01
 6.27575679e+01 2.74780666e+01
 6.27575679e+01 2.74780666e+01
 6.27575679e+01 2.74780666e+01
 6.27575679e+01 2.74780666e+01
 6.27575679e+01 2.74780666e+01
 6.27575679e+01 2.74780666e+01
 6.27575679e+01 2.74780666e+01
 6.27575679e+01 2.74780666e+01
 6.27575679e+01 2.74780666e+01
 6.27575679e+01 2.74780666e+01
 6.27575679e+01 2.74780666e+01
 6.27575679e+01 2.74780666e+01
 6.27575679e+01 2.74780666e+01
 6.27575679e+01 2.74780666e+01
 6.27575679e+01 2.74780666e+01
 6.27575679e+01 2.74780666e+01
 6.27575679e+01 2.74780666e+01
 6.27575679e+01 2.74780666e+01
 6.27575679e+01 2.74780666e+01
 6.27575679e+01 2.74780666e+01
 6.27575679e+01 2.74780666e+01
 6.27575679e+01 2.74780666e+01
 6.27575679e+01 2.74780666e+01
 6.27575679e+01 2.74780666e+01
