 0.00000000e+00 0.00000000e+00
 0.00000000e+00 0.00000000e+00
 0.00000000e+00 0.00000000e+00
 0.00000000e+00 0.00000000e+00
 -6.51592938e-02 -4.94945365e-02
 -1.52693688e-01 -1.22823851e-01
 -2.51837804e-01 -2.20129699e-01
 -3.48079873e-01 -3.40676550e-01
 -4.28202851e-01 -4.84980869e-01
 -4.81273282e-01 -6.54895518e-01
 -4.96249797e-01 -8.52023718e-01
 -4.60629942e-01 -1.07598784e+00
 -3.62284582e-01 -1.32348218e+00
 -1.92205535e-01 -1.58826312e+00
 5.45674006e-02 -1.86185793e+00
 3.79613877e-01 -2.13459317e+00
 7.81864469e-01 -2.39658830e+00
 1.25819603e+00 -2.63859377e+00
 1.80439779e+00 -2.85269380e+00
 2.41607372e+00 -3.03287747e+00
 3.08866115e+00 -3.17552444e+00
 3.81686215e+00 -3.27988555e+00
 4.59464359e+00 -3.34825546e+00
 5.41623162e+00 -3.38501196e+00
 6.27729553e+00 -3.39416971e+00
 7.17542663e+00 -3.37668339e+00
 8.11001450e+00 -3.32948520e+00
 9.08236953e+00 -3.24660932e+00
 1.00965294e+01 -3.12055413e+00
 1.11601023e+01 -2.94233023e+00
 1.22840516e+01 -2.70089170e+00
 1.34809810e+01 -2.38356237e+00
 1.47624258e+01 -1.97789566e+00
 1.61360608e+01 -1.47422521e+00
 1.76034502e+01 -8.68030255e-01
 1.91584484e+01 -1.61538334e-01
 2.07862997e+01 6.35746106e-01
 2.24637696e+01 1.50763528e+00
 2.41605276e+01 2.43277185e+00
 2.58416251e+01 3.38675850e+00
 2.74707936e+01 4.34463379e+00
 2.90141092e+01 5.28333466e+00
 3.04431308e+01 6.18360133e+00
 3.17366840e+01 7.03096435e+00
 3.28811753e+01 7.81598411e+00
 3.38699047e+01 8.53420458e+00
 3.47019427e+01 9.18613007e+00
 3.53808074e+01 9.77716646e+00
 3.59125772e+01 1.03171526e+01
 3.63031990e+01 1.08192312e+01
 3.65560033e+01 1.12983813e+01
 3.66710776e+01 1.17701671e+01
 3.66467294e+01 1.22496853e+01
 3.64812939e+01 1.27501165e+01
 3.61735589e+01 1.32805419e+01
 3.57220786e+01 1.38435221e+01
 3.51250393e+01 1.44335278e+01
 3.43814440e+01 1.50370668e+01
 3.34926963e+01 1.56343111e+01
 3.24634073e+01 1.62011323e+01
 3.13012827e+01 1.67107557e+01
 3.00166168e+01 1.71353278e+01
 2.86217194e+01 1.74480797e+01
 2.71303226e+01 1.76258198e+01
 2.55571159e+01 1.76505472e+01
 2.39176194e+01 1.75096850e+01
 2.22282879e+01 1.71959222e+01
 2.05062870e+01 1.67075155e+01
 1.87684855e+01 1.60484879e+01
 1.70300320e+01 1.52279645e+01
 1.53035996e+01 1.42589364e+01
 1.36000451e+01 1.31570917e+01
 1.19300455e+01 1.19398138e+01
 1.03054641e+01 1.06251114e+01
 8.73953252e+00 9.23044383e+00
 7.24599043e+00 7.77178256e+00
 5.83811885e+00 6.26337689e+00
 4.52855363e+00 4.71838050e+00
 3.32996231e+00 3.14999348e+00
 2.25579950e+00 1.57251138e+00
 1.32016614e+00 1.78900601e-03
 5.36467485e-01 -1.54495570e+00
 -8.43542399e-02 -3.04963147e+00
 -5.34487865e-01 -4.49369319e+00
 -8.07716434e-01 -5.85853671e+00
 -8.96392606e-01 -7.12601774e+00
 -7.89227749e-01 -8.27884646e+00
 -4.71177844e-01 -9.30037593e+00
 7.59270980e-02 -1.01735725e+01
 8.73703208e-01 -1.08795698e+01
 1.94774084e+00 -1.13968904e+01
 3.32618175e+00 -1.17024173e+01
 5.03539376e+00 -1.17740935e+01
 7.09348541e+00 -1.15943443e+01
 9.50299457e+00 -1.11535132e+01
 1.22440297e+01 -1.04533181e+01
 1.52693591e+01 -9.51013771e+00
 1.85033759e+01 -8.35711956e+00
 2.18462604e+01 -7.04381502e+00
 2.51826231e+01 -5.63271799e+00
 2.83923740e+01 -4.19319503e+00
 3.13621299e+01 -2.79399094e+00
 3.39971181e+01 -1.49537463e+00
 3.62343527e+01 -3.41415641e-01
 3.80567977e+01 6.47213645e-01
 3.95041914e+01 1.47813028e+00
 4.06704085e+01 2.18573097e+00
 4.16782953e+01 2.81976294e+00
 4.26386912e+01 3.42711509e+00
 4.36182475e+01 4.03733234e+00
 4.46360365e+01 4.66031281e+00
 4.56835060e+01 5.29403885e+00
 4.67463896e+01 5.93350962e+00
 4.78151631e+01 6.57520608e+00
 4.88856465e+01 7.21755353e+00
 4.99565123e+01 7.86004716e+00
 5.10274443e+01 8.50256618e+00
 5.20983850e+01 9.14508855e+00
 5.31693253e+01 9.78761041e+00
 5.42402515e+01 1.04301238e+01
 5.53110706e+01 1.10725729e+01
 5.63812519e+01 1.17146395e+01
 5.74484554e+01 1.23549194e+01
 5.85047264e+01 1.29886402e+01
 5.95294000e+01 1.36034039e+01
 6.04820725e+01 1.41749698e+01
 6.13052182e+01 1.46688247e+01
 6.19442139e+01 1.50521969e+01
 6.19442139e+01 1.50521969e+01
 6.19442139e+01 1.50521969e+01
 6.19442139e+01 1.50521969e+01
 6.19442139e+01 1.50521969e+01
 6.19442139e+01 1.50521969e+01
 6.19442139e+01 1.50521969e+01
 6.19442139e+01 1.50521969e+01
 6.19442139e+01 1.50521969e+01
 6.19442139e+01 1.50521969e+01
 6.19442139e+01 1.50521969e+01
 6.19442139e+01 1.50521969e+01
 6.19442139e+01 1.50521969e+01
 6.19442139e+01 1.50521969e+01
 6.19442139e+01 1.50521969e+01
 6.19442139e+01 1.50521969e+01
 6.19442139e+01 1.50521969e+01
 6.19442139e+01 1.50521969e+01
 6.19442139e+01 1.50521969e+01
 6.19442139e+01 1.50521969e+01
 6.19442139e+01 1.50521969e+01
 6.19442139e+01 1.50521969e+01
 6.19442139e+01 1.50521969e+01
 6.19442139e+01 1.50521969e+01
 6.19442139e+01 1.50521969e+01
 6.19442139e+01 1.50521969e+01
 6.19442139e+01 1.50521969e+01
 6.19442139e+01 1.50521969e+01
 6.19442139e+01 1.50521969e+01
 6.19442139e+01 1.50521969e+01
 6.19442139e+01 1.50521969e+01
 6.19442139e+01 1.50521969e+01
 6.19442139e+01 1.50521969e+01
 6.19442139e+01 1.50521969e+01
 6.19442139e+01 1.50521969e+01
 6.19442139e+01 1.50521969e+01
 6.19442139e+01 1.50521969e+01
 6.19442139e+01 1.50521969e+01
 6.19442139e+01 1.50521969e+01
 6.19442139e+01 1.50521969e+01
 6.19442139e+01 1.50521969e+01
 6.19442139e+01 1.50521969e+01
 6.19442139e+01 1.50521969e+01
 6.19442139e+01 1.50521969e+01
 6.19442139e+01 1.50521969e+01
 6.19442139e+01 1.50521969e+01
 6.19442139e+01 1.50521969e+01
