 0.00000000e+00 0.00000000e+00
 0.00000000e+00 0.00000000e+00
 0.00000000e+00 0.00000000e+00
 0.00000000e+00 0.00000000e+00
 -1.51546620e-01 -5.50617840e-02
 -3.36092128e-01 -1.30581430e-01
 -5.31980753e-01 -2.29932218e-01
 -7.16615742e-01 -3.59136489e-01
 -8.72530402e-01 -5.26919117e-01
 -9.88358329e-01 -7.43415872e-01
 -1.05597139e+00 -1.01822132e+00
 -1.06656539e+00 -1.35832133e+00
 -1.00859770e+00 -1.76617723e+00
 -8.68691411e-01 -2.23823450e+00
 -6.33699001e-01 -2.76430001e+00
 -2.91775853e-01 -3.32805851e+00
 1.67353138e-01 -3.90853467e+00
 7.51696703e-01 -4.48204806e+00
 1.46584645e+00 -5.02421748e+00
 2.31027502e+00 -5.51171090e+00
 3.28144643e+00 -5.92373156e+00
 4.37231308e+00 -6.24340249e+00
 5.57284970e+00 -6.45888599e+00
 6.87082383e+00 -6.56362067e+00
 8.25304844e+00 -6.55529467e+00
 9.70674859e+00 -6.43414335e+00
 1.12201649e+01 -6.20178377e+00
 1.27818982e+01 -5.86115650e+00
 1.43795274e+01 -5.41690061e+00
 1.59984703e+01 -4.87520637e+00
 1.76215197e+01 -4.24316013e+00
 1.92289632e+01 -3.52844136e+00
 2.07991408e+01 -2.73990855e+00
 2.23092998e+01 -1.88859890e+00
 2.37366760e+01 -9.88061457e-01
 2.50598803e+01 -5.33381312e-02
 2.62604533e+01 9.01013268e-01
 2.73240349e+01 1.86273828e+00
 2.82406293e+01 2.82276998e+00
 2.90039627e+01 3.77529629e+00
 2.96103376e+01 4.71761514e+00
 3.00574378e+01 5.65012953e+00
 3.03434920e+01 6.57618083e+00
 3.04672927e+01 7.50101004e+00
 3.04293046e+01 8.42954840e+00
 3.02329930e+01 9.36373808e+00
 2.98847444e+01 1.03005885e+01
 2.93921318e+01 1.12315475e+01
 2.87623984e+01 1.21427753e+01
 2.80026865e+01 1.30157670e+01
 2.71212036e+01 1.38284327e+01
 2.61276978e+01 1.45569506e+01
 2.50329416e+01 1.51780165e+01
 2.38479356e+01 1.56706190e+01
 2.25831920e+01 1.60168683e+01
 2.12479958e+01 1.62020560e+01
 1.98497896e+01 1.62143601e+01
 1.83942180e+01 1.60446948e+01
 1.68861965e+01 1.56871809e+01
 1.53316461e+01 1.51402174e+01
 1.37389709e+01 1.44074716e+01
 1.21196108e+01 1.34981336e+01
 1.04877981e+01 1.24263059e+01
 8.86015893e+00 1.12095992e+01
 7.25560773e+00 9.86698505e+00
 5.69541082e+00 8.41637202e+00
 4.20283920e+00 6.87294259e+00
 2.80197933e+00 5.24909139e+00
 1.51602577e+00 3.55573305e+00
 3.66005551e-01 1.80393522e+00
 -6.29367173e-01 6.19866661e-03
 -1.45296899e+00 -1.82244878e+00
 -2.08873420e+00 -3.66335242e+00
 -2.52218282e+00 -5.49352816e+00
 -2.74174551e+00 -7.28583032e+00
 -2.73970107e+00 -9.01001407e+00
 -2.51194907e+00 -1.06345348e+01
 -2.05704636e+00 -1.21289020e+01
 -1.37548079e+00 -1.34659886e+01
 -4.69677401e-01 -1.46232692e+01
 6.55479009e-01 -1.55824516e+01
 1.99212911e+00 -1.63283905e+01
 3.52919895e+00 -1.68489810e+01
 5.25217032e+00 -1.71365525e+01
 7.14247220e+00 -1.71893175e+01
 9.17650759e+00 -1.70115029e+01
 1.13246324e+01 -1.66129323e+01
 1.35504184e+01 -1.60096756e+01
 1.58106537e+01 -1.52256069e+01
 1.80566818e+01 -1.42930730e+01
 2.02373767e+01 -1.32513843e+01
 2.23035692e+01 -1.21433159e+01
 2.42139527e+01 -1.10105501e+01
 2.59429613e+01 -9.88884582e+00
 2.74895112e+01 -8.80353239e+00
 2.88812963e+01 -7.76645537e+00
 3.01678033e+01 -6.77615265e+00
 3.14022862e+01 -5.82204567e+00
 3.26236075e+01 -4.89077844e+00
 3.38497301e+01 -3.97131855e+00
 3.50835294e+01 -3.05685653e+00
 3.63221739e+01 -2.14412243e+00
 3.75628510e+01 -1.23187467e+00
 3.88041512e+01 -3.19737923e-01
 4.00455957e+01 5.92378349e-01
 4.12870658e+01 1.50449158e+00
 4.25285394e+01 2.41660435e+00
 4.37700116e+01 3.32871584e+00
 4.50114674e+01 4.24081530e+00
 4.62527991e+01 5.15282348e+00
 4.74933915e+01 6.06428858e+00
 4.87305318e+01 6.97321741e+00
 4.99549988e+01 7.87283511e+00
 5.11428370e+01 8.74554162e+00
 5.22472090e+01 9.55692532e+00
 5.32014288e+01 1.02579920e+01
 5.39421755e+01 1.08022197e+01
 5.39421755e+01 1.08022197e+01
 5.39421755e+01 1.08022197e+01
 5.39421755e+01 1.08022197e+01
 5.39421755e+01 1.08022197e+01
 5.39421755e+01 1.08022197e+01
 5.39421755e+01 1.08022197e+01
 5.39421755e+01 1.08022197e+01
 5.39421755e+01 1.08022197e+01
 5.39421755e+01 1.08022197e+01
 5.39421755e+01 1.08022197e+01
 5.39421755e+01 1.08022197e+01
 5.39421755e+01 1.08022197e+01
 5.39421755e+01 1.08022197e+01
 5.39421755e+01 1.08022197e+01
 5.39421755e+01 1.08022197e+01
 5.39421755e+01 1.08022197e+01
 5.39421755e+01 1.08022197e+01
 5.39421755e+01 1.08022197e+01
 5.39421755e+01 1.08022197e+01
 5.39421755e+01 1.08022197e+01
 5.39421755e+01 1.08022197e+01
 5.39421755e+01 1.08022197e+01
 5.39421755e+01 1.08022197e+01
 5.39421755e+01 1.08022197e+01
 5.39421755e+01 1.08022197e+01
 5.39421755e+01 1.08022197e+01
 5.39421755e+01 1.08022197e+01
 5.39421755e+01 1.08022197e+01
 5.39421755e+01 1.08022197e+01
 5.39421755e+01 1.08022197e+01
 5.39421755e+01 1.08022197e+01
 5.39421755e+01 1.08022197e+01
 5.39421755e+01 1.08022197e+01
 5.39421755e+01 1.08022197e+01
 5.39421755e+01 1.08022197e+01
 5.39421755e+01 1.08022197e+01
 5.39421755e+01 1.08022197e+01
 5.39421755e+01 1.08022197e+01
 5.39421755e+01 1.08022197e+01
 5.39421755e+01 1.08022197e+01
 5.39421755e+01 1.08022197e+01
 5.39421755e+01 1.08022197e+01
 5.39421755e+01 1.08022197e+01
 5.39421755e+01 1.08022197e+01
 5.39421755e+01 1.08022197e+01
 5.39421755e+01 1.08022197e+01
 5.39421755e+01 1.08022197e+01
 5.39421755e+01 1.08022197e+01
 5.39421755e+01 1.08022197e+01
 5.39421755e+01 1.08022197e+01
 5.39421755e+01 1.08022197e+01
 5.39421755e+01 1.08022197e+01
 5.39421755e+01 1.08022197e+01
 5.39421755e+01 1.08022197e+01
 5.39421755e+01 1.08022197e+01
 5.39421755e+01 1.08022197e+01
 5.39421755e+01 1.08022197e+01
