 0.00000000e+00 0.00000000e+00
 0.00000000e+00 0.00000000e+00
 0.00000000e+00 0.00000000e+00
 0.00000000e+00 0.00000000e+00
 -1.75695661e-01 -1.80798508e-01
 -3.84243229e-01 -4.00940825e-01
 -5.98690615e-01 -6.38862059e-01
 -7.91427696e-01 -8.76686365e-01
 -9.38977568e-01 -1.10688660e+00
 -1.02145549e+00 -1.33129431e+00
 -1.02099380e+00 -1.55610176e+00
 -9.22027187e-01 -1.78725195e+00
 -7.12629235e-01 -2.02783138e+00
 -3.84634990e-01 -2.27703109e+00
 6.81328023e-02 -2.52996674e+00
 6.51908279e-01 -2.77799786e+00
 1.37345514e+00 -3.00934564e+00
 2.23882575e+00 -3.20977563e+00
 3.25155353e+00 -3.36313659e+00
 4.41146646e+00 -3.45175273e+00
 5.71480744e+00 -3.45693103e+00
 7.15565592e+00 -3.35997025e+00
 8.72782365e+00 -3.14381820e+00
 1.04259355e+01 -2.79487972e+00
 1.22449093e+01 -2.30414792e+00
 1.41782502e+01 -1.66745711e+00
 1.62161515e+01 -8.85476108e-01
 1.83437160e+01 3.59420356e-02
 2.05389783e+01 1.08505807e+00
 2.27710278e+01 2.24376473e+00
 2.49994618e+01 3.48803134e+00
 2.71762012e+01 4.78949963e+00
 2.92495047e+01 6.11777039e+00
 3.11689498e+01 7.44280245e+00
 3.28900346e+01 8.73726442e+00
 3.43778233e+01 9.97886693e+00
 3.56095937e+01 1.11523818e+01
 3.65758831e+01 1.22507005e+01
 3.72788586e+01 1.32743973e+01
 3.77281216e+01 1.42298394e+01
 3.79359618e+01 1.51264262e+01
 3.79142737e+01 1.59736172e+01
 3.76735022e+01 1.67782185e+01
 3.72224451e+01 1.75423621e+01
 3.65682725e+01 1.82626412e+01
 3.57173466e+01 1.89305977e+01
 3.46771635e+01 1.95342601e+01
 3.34584688e+01 2.00601164e+01
 3.20763060e+01 2.04949438e+01
 3.05496324e+01 2.08271384e+01
 2.88999867e+01 2.10473785e+01
 2.71498629e+01 2.11487010e+01
 2.53212405e+01 2.11263791e+01
 2.34345283e+01 2.09780052e+01
 2.15080459e+01 2.07038041e+01
 1.95580282e+01 2.03069243e+01
 1.75991306e+01 1.97933510e+01
 1.56453922e+01 1.91709723e+01
 1.37112442e+01 1.84477109e+01
 1.18118504e+01 1.76295805e+01
 9.96247531e+00 1.67197373e+01
 8.17736218e+00 1.57185842e+01
 6.46882651e+00 1.46242710e+01
 4.84679078e+00 1.34334554e+01
 3.31865625e+00 1.21427640e+01
 1.88960246e+00 1.07509093e+01
 5.63526679e-01 9.26064359e+00
 -6.55459149e-01 7.67978845e+00
 -1.76135561e+00 6.02134850e+00
 -2.74486373e+00 4.30329122e+00
 -3.59268605e+00 2.54838876e+00
 -4.28789444e+00 7.83816406e-01
 -4.81121492e+00 -9.60115767e-01
 -5.14264333e+00 -2.65211889e+00
 -5.26327451e+00 -4.26218108e+00
 -5.15787272e+00 -5.76318744e+00
 -4.81780824e+00 -7.13188805e+00
 -4.24246009e+00 -8.34956333e+00
 -3.43800663e+00 -9.40251893e+00
 -2.41508134e+00 -1.02822864e+01
 -1.18733596e+00 -1.09853670e+01
 2.28827498e-01 -1.15124560e+01
 1.81434264e+00 -1.18672937e+01
 3.54811925e+00 -1.20553850e+01
 5.40831117e+00 -1.20827120e+01
 7.37377734e+00 -1.19547270e+01
 9.42505896e+00 -1.16763298e+01
 1.15444441e+01 -1.12530719e+01
 1.37152216e+01 -1.06926019e+01
 1.59205226e+01 -1.00051723e+01
 1.81421405e+01 -9.20317171e+00
 2.03595922e+01 -8.30049233e+00
 2.25494705e+01 -7.31231044e+00
 2.46850793e+01 -6.25528669e+00
 2.67367397e+01 -5.14789397e+00
 2.86736221e+01 -4.01048575e+00
 3.04679862e+01 -2.86463285e+00
 3.21021515e+01 -1.73126779e+00
 3.35766892e+01 -6.27664037e-01
 3.49150551e+01 4.35766609e-01
 3.61587801e+01 1.45722355e+00
 3.73531078e+01 2.44260594e+00
 3.85319116e+01 3.40215311e+00
 3.97118416e+01 4.34632630e+00
 4.08966759e+01 5.28296201e+00
 4.20849182e+01 6.21658306e+00
 4.32746408e+01 7.14922962e+00
 4.44648251e+01 8.08162362e+00
 4.56551172e+01 9.01396547e+00
 4.68454287e+01 9.94629877e+00
 4.80357427e+01 1.08786309e+01
 4.92260553e+01 1.18109616e+01
 5.04163523e+01 1.27432800e+01
 5.16065302e+01 1.36755051e+01
 5.27959993e+01 1.46071751e+01
 5.39821585e+01 1.55362526e+01
 5.51561667e+01 1.64558126e+01
 5.62950556e+01 1.73478648e+01
 5.73539177e+01 1.81772348e+01
 5.82688153e+01 1.88938424e+01
 5.89790366e+01 1.94501343e+01
 5.89790366e+01 1.94501343e+01
 5.89790366e+01 1.94501343e+01
 5.89790366e+01 1.94501343e+01
 5.89790366e+01 1.94501343e+01
 5.89790366e+01 1.94501343e+01
 5.89790366e+01 1.94501343e+01
 5.89790366e+01 1.94501343e+01
 5.89790366e+01 1.94501343e+01
 5.89790366e+01 1.94501343e+01
 5.89790366e+01 1.94501343e+01
 5.89790366e+01 1.94501343e+01
 5.89790366e+01 1.94501343e+01
 5.89790366e+01 1.94501343e+01
 5.89790366e+01 1.94501343e+01
 5.89790366e+01 1.94501343e+01
 5.89790366e+01 1.94501343e+01
 5.89790366e+01 1.94501343e+01
 5.89790366e+01 1.94501343e+01
 5.89790366e+01 1.94501343e+01
 5.89790366e+01 1.94501343e+01
 5.89790366e+01 1.94501343e+01
 5.89790366e+01 1.94501343e+01
 5.89790366e+01 1.94501343e+01
 5.89790366e+01 1.94501343e+01
 5.89790366e+01 1.94501343e+01
 5.89790366e+01 1.94501343e+01
 5.89790366e+01 1.94501343e+01
 5.89790366e+01 1.94501343e+01
 5.89790366e+01 1.94501343e+01
 5.89790366e+01 1.94501343e+01
 5.89790366e+01 1.94501343e+01
 5.89790366e+01 1.94501343e+01
 5.89790366e+01 1.94501343e+01
 5.89790366e+01 1.94501343e+01
 5.89790366e+01 1.94501343e+01
 5.89790366e+01 1.94501343e+01
 5.89790366e+01 1.94501343e+01
 5.89790366e+01 1.94501343e+01
 5.89790366e+01 1.94501343e+01
 5.89790366e+01 1.94501343e+01
 5.89790366e+01 1.94501343e+01
 5.89790366e+01 1.94501343e+01
 5.89790366e+01 1.94501343e+01
 5.89790366e+01 1.94501343e+01
 5.89790366e+01 1.94501343e+01
 5.89790366e+01 1.94501343e+01
 5.89790366e+01 1.94501343e+01
 5.89790366e+01 1.94501343e+01
 5.89790366e+01 1.94501343e+01
 5.89790366e+01 1.94501343e+01
 5.89790366e+01 1.94501343e+01
 5.89790366e+01 1.94501343e+01
 5.89790366e+01 1.94501343e+01
