 0.00000000e+00 0.00000000e+00
 0.00000000e+00 0.00000000e+00
 0.00000000e+00 0.00000000e+00
 0.00000000e+00 0.00000000e+00
 -1.43017249e-01 -1.39070871e-02
 -2.80049536e-01 -2.95450880e-02
 -3.69780935e-01 -4.34653629e-02
 -3.79824507e-01 -5.33290142e-02
 -2.95185636e-01 -5.91638054e-02
 -1.15939672e-01 -6.30855398e-02
 1.50014961e-01 -6.86656134e-02
 4.93086195e-01 -8.07782425e-02
 9.04983585e-01 -1.05075174e-01
 1.37959570e+00 -1.45965612e-01
 1.91350961e+00 -2.03859666e-01
 2.50678207e+00 -2.73997960e-01
 3.16317125e+00 -3.47988909e-01
 3.88924363e+00 -4.16513352e-01
 4.69299946e+00 -4.70763678e-01
 5.58294956e+00 -5.01728810e-01
 6.56768766e+00 -4.98587228e-01
 7.65521422e+00 -4.48323360e-01
 8.85140709e+00 -3.37290084e-01
 1.01579181e+01 -1.53182433e-01
 1.15705259e+01 1.14282070e-01
 1.30787305e+01 4.73655572e-01
 1.46663447e+01 9.31603870e-01
 1.63121839e+01 1.49194175e+00
 1.79903544e+01 2.15464837e+00
 1.96705803e+01 2.91543310e+00
 2.13194902e+01 3.76580614e+00
 2.29032170e+01 4.69363715e+00
 2.43904317e+01 5.68434982e+00
 2.57543388e+01 6.72253094e+00
 2.69729821e+01 7.79334844e+00
 2.80286330e+01 8.88347968e+00
 2.89075728e+01 9.98178613e+00
 2.96005519e+01 1.10798624e+01
 3.01026862e+01 1.21720899e+01
 3.04117234e+01 1.32548331e+01
 3.05258383e+01 1.43249558e+01
 3.04433452e+01 1.53782142e+01
 3.01645859e+01 1.64080048e+01
 2.96934576e+01 1.74046412e+01
 2.90368108e+01 1.83550979e+01
 2.82030599e+01 1.92431838e+01
 2.72020121e+01 2.00502544e+01
 2.60456110e+01 2.07564661e+01
 2.47479480e+01 2.13422178e+01
 2.33241876e+01 2.17893276e+01
 2.17894894e+01 2.20819280e+01
 2.01585726e+01 2.22075941e+01
 1.84454210e+01 2.21590596e+01
 1.66626349e+01 2.19358629e+01
 1.48207418e+01 2.15445953e+01
 1.29280214e+01 2.09973470e+01
 1.09910063e+01 2.03094126e+01
 9.01549640e+00 1.94973898e+01
 7.00778898e+00 1.85778598e+01
 4.97574059e+00 1.75663925e+01
 2.92939987e+00 1.64767676e+01
 8.81347234e-01 1.53205044e+01
 -1.15297067e+00 1.41068266e+01
 -3.15513927e+00 1.28429264e+01
 -5.10456151e+00 1.15341636e+01
 -6.98012791e+00 1.01840583e+01
 -8.76186043e+00 8.79422840e+00
 -1.04319339e+01 7.36438469e+00
 -1.19753345e+01 5.89251926e+00
 -1.33802329e+01 4.37566692e+00
 -1.46373969e+01 2.81158609e+00
 -1.57381714e+01 1.20122318e+00
 -1.66716859e+01 -4.48708975e-01
 -1.74226903e+01 -2.12398159e+00
 -1.79710296e+01 -3.80272930e+00
 -1.82928110e+01 -5.45707370e+00
 -1.83627070e+01 -7.05573600e+00
 -1.81567997e+01 -8.56660972e+00
 -1.76554946e+01 -9.95882903e+00
 -1.68461241e+01 -1.12045438e+01
 -1.57249977e+01 -1.22806030e+01
 -1.42986299e+01 -1.31698119e+01
 -1.25836891e+01 -1.38612398e+01
 -1.06053838e+01 -1.43495781e+01
 -8.39464657e+00 -1.46341762e+01
 -5.98505599e+00 -1.47183703e+01
 -3.41059131e+00 -1.46091897e+01
 -7.04959669e-01 -1.43172087e+01
 2.09760199e+00 -1.38564369e+01
 4.96079232e+00 -1.32442372e+01
 7.84469129e+00 -1.25011332e+01
 1.07047501e+01 -1.16503611e+01
 1.34919591e+01 -1.07170889e+01
 1.61546326e+01 -9.72716051e+00
 1.86417046e+01 -8.70540191e+00
 2.09069720e+01 -7.67408218e+00
 2.29134791e+01 -6.65216321e+00
 2.46371611e+01 -5.65522145e+00
 2.60692361e+01 -4.69537296e+00
 2.72177648e+01 -3.78081464e+00
 2.81093318e+01 -2.91522919e+00
 2.87902890e+01 -2.09763607e+00
 2.93237663e+01 -1.32304284e+00
 2.97783177e+01 -5.83704799e-01
 3.02107360e+01 1.29426501e-01
 3.06535136e+01 8.25250044e-01
 3.11153499e+01 1.51118390e+00
 3.15917129e+01 2.19235416e+00
 3.20755518e+01 2.87163102e+00
 3.25622320e+01 3.55029660e+00
 3.30497341e+01 4.22880367e+00
 3.35374196e+01 4.90727797e+00
 3.40251368e+01 5.58574691e+00
 3.45128582e+01 6.26421507e+00
 3.50005794e+01 6.94268225e+00
 3.54882942e+01 7.62114047e+00
 3.59759602e+01 8.29953079e+00
 3.64633358e+01 8.97751714e+00
 3.69493553e+01 9.65361691e+00
 3.74303959e+01 1.03227907e+01
 3.78970466e+01 1.09719467e+01
 3.83309070e+01 1.15754883e+01
 3.87057791e+01 1.20969714e+01
 3.89967867e+01 1.25017910e+01
 3.89967867e+01 1.25017910e+01
 3.89967867e+01 1.25017910e+01
 3.89967867e+01 1.25017910e+01
 3.89967867e+01 1.25017910e+01
 3.89967867e+01 1.25017910e+01
 3.89967867e+01 1.25017910e+01
 3.89967867e+01 1.25017910e+01
 3.89967867e+01 1.25017910e+01
 3.89967867e+01 1.25017910e+01
 3.89967867e+01 1.25017910e+01
 3.89967867e+01 1.25017910e+01
 3.89967867e+01 1.25017910e+01
 3.89967867e+01 1.25017910e+01
 3.89967867e+01 1.25017910e+01
 3.89967867e+01 1.25017910e+01
 3.89967867e+01 1.25017910e+01
 3.89967867e+01 1.25017910e+01
 3.89967867e+01 1.25017910e+01
 3.89967867e+01 1.25017910e+01
 3.89967867e+01 1.25017910e+01
 3.89967867e+01 1.25017910e+01
 3.89967867e+01 1.25017910e+01
 3.89967867e+01 1.25017910e+01
 3.89967867e+01 1.25017910e+01
 3.89967867e+01 1.25017910e+01
 3.89967867e+01 1.25017910e+01
 3.89967867e+01 1.25017910e+01
 3.89967867e+01 1.25017910e+01
 3.89967867e+01 1.25017910e+01
 3.89967867e+01 1.25017910e+01
 3.89967867e+01 1.25017910e+01
 3.89967867e+01 1.25017910e+01
 3.89967867e+01 1.25017910e+01
 3.89967867e+01 1.25017910e+01
 3.89967867e+01 1.25017910e+01
 3.89967867e+01 1.25017910e+01
 3.89967867e+01 1.25017910e+01
 3.89967867e+01 1.25017910e+01
 3.89967867e+01 1.25017910e+01
 3.89967867e+01 1.25017910e+01
 3.89967867e+01 1.25017910e+01
 3.89967867e+01 1.25017910e+01
 3.89967867e+01 1.25017910e+01
 3.89967867e+01 1.25017910e+01
 3.89967867e+01 1.25017910e+01
 3.89967867e+01 1.25017910e+01
 3.89967867e+01 1.25017910e+01
 3.89967867e+01 1.25017910e+01
 3.89967867e+01 1.25017910e+01
 3.89967867e+01 1.25017910e+01
