 0.00000000e+00 0.00000000e+00
 0.00000000e+00 0.00000000e+00
 0.00000000e+00 0.00000000e+00
 0.00000000e+00 0.00000000e+00
 0.00000000e+00 0.00000000e+00
 0.00000000e+00 0.00000000e+00
 6.59879065e-02 5.73231870e-02
 1.44489320e-01 1.32189270e-01
 2.25877792e-01 2.19996970e-01
 3.00427487e-01 3.15805880e-01
 3.59115622e-01 4.16726496e-01
 3.91834347e-01 5.22562809e-01
 3.86299203e-01 6.34956649e-01
 3.29935486e-01 7.56091201e-01
 2.13157936e-01 8.87662791e-01
 3.08674529e-02 1.03024015e+00
 -2.18642577e-01 1.18284992e+00
 -5.35393118e-01 1.34260113e+00
 -9.18219485e-01 1.50438285e+00
 -1.36438739e+00 1.66093256e+00
 -1.86968526e+00 1.80344140e+00
 -2.42939993e+00 1.92239590e+00
 -3.03940739e+00 2.00804463e+00
 -3.69661665e+00 2.05007596e+00
 -4.39874054e+00 2.03687549e+00
 -5.14385819e+00 1.95545682e+00
 -5.93021267e+00 1.79268833e+00
 -6.75632680e+00 1.53710871e+00
 -7.62103111e+00 1.18032411e+00
 -8.52287944e+00 7.17910253e-01
 -9.45906937e+00 1.50079310e-01
 -1.04247109e+01 -5.18121224e-01
 -1.14130376e+01 -1.27724288e+00
 -1.24160949e+01 -2.11417361e+00
 -1.34248963e+01 -3.01302472e+00
 -1.44288191e+01 -3.95649426e+00
 -1.54151422e+01 -4.92782494e+00
 -1.63695417e+01 -5.91279859e+00
 -1.72772122e+01 -6.90092909e+00
 -1.81236319e+01 -7.88536963e+00
 -1.88944632e+01 -8.86165802e+00
 -1.95750688e+01 -9.82585771e+00
 -2.01506894e+01 -1.07727312e+01
 -2.06077448e+01 -1.16944175e+01
 -2.09353986e+01 -1.25798724e+01
 -2.11259746e+01 -1.34150908e+01
 -2.11738357e+01 -1.41838430e+01
 -2.10740802e+01 -1.48684950e+01
 -2.08228243e+01 -1.54507557e+01
 -2.04189969e+01 -1.59127167e+01
 -1.98657255e+01 -1.62385354e+01
 -1.91701450e+01 -1.64162895e+01
 -1.83424965e+01 -1.64390036e+01
 -1.73959051e+01 -1.63046462e+01
 -1.63470936e+01 -1.60160402e+01
 -1.52171160e+01 -1.55813516e+01
 -1.40309832e+01 -1.50145187e+01
 -1.28157404e+01 -1.43346164e+01
 -1.15975272e+01 -1.35639866e+01
 -1.03987983e+01 -1.27257365e+01
 -9.23677461e+00 -1.18413120e+01
 -8.12334529e+00 -1.09286401e+01
 -7.06579909e+00 -1.00010680e+01
 -6.06771719e+00 -9.06707454e+00
 -5.12990381e+00 -8.13067016e+00
 -4.25152071e+00 -7.19248609e+00
 -3.43134505e+00 -6.25143116e+00
 -2.66877122e+00 -5.30648719e+00
 -1.96423542e+00 -4.35827257e+00
 -1.31909105e+00 -3.41041861e+00
 -7.35340782e-01 -2.47077121e+00
 -2.15599232e-01 -1.55186362e+00
 2.36943321e-01 -6.70081513e-01
 6.19099030e-01 1.56193845e-01
 9.28615538e-01 9.08550975e-01
 1.16442114e+00 1.57004936e+00
 1.32551126e+00 2.12628486e+00
 1.40917852e+00 2.56607200e+00
 1.41031966e+00 2.88149640e+00
 1.32313384e+00 3.06728062e+00
 1.14448243e+00 3.12007309e+00
 8.76307816e-01 3.03841031e+00
 5.25473854e-01 2.82329363e+00
 1.02314819e-01 2.47860947e+00
 -3.80074009e-01 2.01100104e+00
 -9.05912363e-01 1.42957986e+00
 -1.45758164e+00 7.45758005e-01
 -2.01750144e+00 -2.72192773e-02
 -2.57010448e+00 -8.75395496e-01
 -3.10328741e+00 -1.78541148e+00
 -3.60930410e+00 -2.74531770e+00
 -4.08496305e+00 -3.74486240e+00
 -4.53085513e+00 -4.77554715e+00
 -4.94960454e+00 -5.83025612e+00
 -5.34348152e+00 -6.90195598e+00
 -5.71211983e+00 -7.98156546e+00
 -6.05126608e+00 -9.05603337e+00
 -6.35282367e+00 -1.01078905e+01
 -6.60568155e+00 -1.11166974e+01
 -6.79700035e+00 -1.20615510e+01
 -6.91374286e+00 -1.29232379e+01
 -6.94346901e+00 -1.36852374e+01
 -6.87367183e+00 -1.43338749e+01
 -6.69089399e+00 -1.48583364e+01
 -6.38153197e+00 -1.52507877e+01
 -5.93430652e+00 -1.55063894e+01
 -5.34284944e+00 -1.56231712e+01
 -4.60752304e+00 -1.56020864e+01
 -3.73657897e+00 -1.54473558e+01
 -2.74668928e+00 -1.51667084e+01
 -1.66261433e+00 -1.47712674e+01
 -5.15997419e-01 -1.42753945e+01
 6.56432835e-01 -1.36967042e+01
 1.81504517e+00 -1.30558334e+01
 2.92012072e+00 -1.23754509e+01
 3.93590914e+00 -1.16784629e+01
 4.83609061e+00 -1.09857317e+01
 5.60962264e+00 -1.03136915e+01
 6.26469214e+00 -9.67232195e+00
 6.82768845e+00 -9.06417812e+00
 7.33518539e+00 -8.48522327e+00
 7.82136135e+00 -7.92752482e+00
 8.30799698e+00 -7.38266622e+00
 8.80283188e+00 -6.84420510e+00
 9.30492606e+00 -6.30835556e+00
 9.81097872e+00 -5.77337405e+00
 1.03185829e+01 -5.23862622e+00
 1.08266447e+01 -4.70392913e+00
 1.13348097e+01 -4.16924090e+00
 1.18429928e+01 -3.63455392e+00
 1.23511783e+01 -3.09986713e+00
 1.28593633e+01 -2.56518108e+00
 1.33675417e+01 -2.03050209e+00
 1.38756692e+01 -1.49587660e+00
 1.43834941e+01 -9.61569477e-01
 1.48899060e+01 -4.28749129e-01
 1.53911301e+01 9.86129734e-02
 1.58773606e+01 6.10199546e-01
 1.63294249e+01 1.08583827e+00
 1.67200259e+01 1.49680842e+00
 1.70232436e+01 1.81583842e+00
 1.70232436e+01 1.81583842e+00
 1.70232436e+01 1.81583842e+00
 1.70232436e+01 1.81583842e+00
 1.70232436e+01 1.81583842e+00
 1.70232436e+01 1.81583842e+00
 1.70232436e+01 1.81583842e+00
 1.70232436e+01 1.81583842e+00
 1.70232436e+01 1.81583842e+00
 1.70232436e+01 1.81583842e+00
 1.70232436e+01 1.81583842e+00
 1.70232436e+01 1.81583842e+00
 1.70232436e+01 1.81583842e+00
 1.70232436e+01 1.81583842e+00
 1.70232436e+01 1.81583842e+00
 1.70232436e+01 1.81583842e+00
 1.70232436e+01 1.81583842e+00
 1.70232436e+01 1.81583842e+00
 1.70232436e+01 1.81583842e+00
 1.70232436e+01 1.81583842e+00
 1.70232436e+01 1.81583842e+00
 1.70232436e+01 1.81583842e+00
 1.70232436e+01 1.81583842e+00
 1.70232436e+01 1.81583842e+00
 1.70232436e+01 1.81583842e+00
 1.70232436e+01 1.81583842e+00
 1.70232436e+01 1.81583842e+00
 1.70232436e+01 1.81583842e+00
 1.70232436e+01 1.81583842e+00
 1.70232436e+01 1.81583842e+00
 1.70232436e+01 1.81583842e+00
 1.70232436e+01 1.81583842e+00
 1.70232436e+01 1.81583842e+00
 1.70232436e+01 1.81583842e+00
 1.70232436e+01 1.81583842e+00
 1.70232436e+01 1.81583842e+00
 1.70232436e+01 1.81583842e+00
 1.70232436e+01 1.81583842e+00
