 0.00000000e+00 0.00000000e+00
 0.00000000e+00 0.00000000e+00
 0.00000000e+00 0.00000000e+00
 0.00000000e+00 0.00000000e+00
 0.00000000e+00 0.00000000e+00
 0.00000000e+00 0.00000000e+00
 0.00000000e+00 0.00000000e+00
 0.00000000e+00 0.00000000e+00
 0.00000000e+00 0.00000000e+00
 0.00000000e+00 0.00000000e+00
 -7.41450448e-02 -2.03305967e-01
 -1.50808996e-01 -4.76288987e-01
 -2.08967094e-01 -8.07409931e-01
 -2.26235317e-01 -1.18079453e+00
 -1.81069137e-01 -1.58115882e+00
 -5.27705188e-02 -1.99445817e+00
 1.77403776e-01 -2.40599456e+00
 5.24136836e-01 -2.79873363e+00
 9.97820967e-01 -3.15306441e+00
 1.60659086e+00 -3.44790585e+00
 2.35782152e+00 -3.66262590e+00
 3.25710123e+00 -3.77906095e+00
 4.30558348e+00 -3.78295479e+00
 5.49792513e+00 -3.66468957e+00
 6.82208345e+00 -3.41971710e+00
 8.26051501e+00 -3.04885474e+00
 9.79140300e+00 -2.55808176e+00
 1.13891453e+01 -1.95760942e+00
 1.30247011e+01 -1.26052983e+00
 1.46669868e+01 -4.81485896e-01
 1.62856474e+01 3.64406531e-01
 1.78541149e+01 1.26234646e+00
 1.93513457e+01 2.19840376e+00
 2.07614423e+01 3.15984750e+00
 2.20717183e+01 4.13513301e+00
 2.32705283e+01 5.11356032e+00
 2.43458168e+01 6.08493031e+00
 2.52843835e+01 7.03958578e+00
 2.60715147e+01 7.96885857e+00
 2.66912144e+01 8.86546337e+00
 2.71275550e+01 9.72330516e+00
 2.73666395e+01 1.05366498e+01
 2.73977037e+01 1.12991046e+01
 2.72129143e+01 1.20028758e+01
 2.68072823e+01 1.26385446e+01
 2.61798836e+01 1.31953994e+01
 2.53355402e+01 1.36620856e+01
 2.42854069e+01 1.40272413e+01
 2.30462663e+01 1.42802088e+01
 2.16395079e+01 1.44121936e+01
 2.00904427e+01 1.44177372e+01
 1.84278097e+01 1.42957209e+01
 1.66831565e+01 1.40492448e+01
 1.48899388e+01 1.36844776e+01
 1.30820732e+01 1.32090875e+01
 1.12917079e+01 1.26308188e+01
 9.54664111e+00 1.19565426e+01
 7.86847984e+00 1.11920081e+01
 6.27240357e+00 1.03423239e+01
 4.76841975e+00 9.41274991e+00
 3.36317999e+00 8.40923705e+00
 2.06155242e+00 7.33860673e+00
 8.67997678e-01 6.20869237e+00
 -2.11866113e-01 5.02866987e+00
 -1.16978634e+00 3.80951708e+00
 -1.99432805e+00 2.56441930e+00
 -2.67168656e+00 1.30889940e+00
 -3.18741015e+00 6.04333107e-02
 -3.52813188e+00 -1.16249789e+00
 -3.68276303e+00 -2.34153204e+00
 -3.64325907e+00 -3.45913987e+00
 -3.40509295e+00 -4.49884444e+00
 -2.96714898e+00 -5.44557435e+00
 -2.33102865e+00 -6.28666210e+00
 -1.50038796e+00 -7.01305837e+00
 -4.80656948e-01 -7.61984588e+00
 7.21036804e-01 -8.10578524e+00
 2.09560105e+00 -8.47248653e+00
 3.63094988e+00 -8.72373301e+00
 5.31040787e+00 -8.86475084e+00
 7.11136283e+00 -8.90118727e+00
 9.00488667e+00 -8.83853708e+00
 1.09566033e+01 -8.68291150e+00
 1.29287740e+01 -8.44248745e+00
 1.48835725e+01 -8.12822910e+00
 1.67875834e+01 -7.75401114e+00
 1.86170857e+01 -7.33708525e+00
 2.03625361e+01 -6.89791003e+00
 2.20297379e+01 -6.45705815e+00
 2.36360165e+01 -6.02959177e+00
 2.52027348e+01 -5.62109521e+00
 2.67481819e+01 -5.22883545e+00
 2.82842298e+01 -4.84662565e+00
 2.98168876e+01 -4.46913233e+00
 3.13485531e+01 -4.09334657e+00
 3.28799840e+01 -3.71804114e+00
 3.44113705e+01 -3.34284103e+00
 3.59427501e+01 -2.96765893e+00
 3.74741287e+01 -2.59247929e+00
 3.90055052e+01 -2.21730040e+00
 4.05368615e+01 -1.84212648e+00
 4.20680645e+01 -1.46699011e+00
 4.35983557e+01 -1.09207713e+00
 4.51243887e+01 -7.18207388e-01
 4.66347889e+01 -3.48167594e-01
 4.81000070e+01 1.08028162e-02
 4.94622679e+01 3.44549313e-01
 5.06393138e+01 6.32919124e-01
 5.15530370e+01 8.56776313e-01
 5.15530370e+01 8.56776313e-01
 5.15530370e+01 8.56776313e-01
 5.15530370e+01 8.56776313e-01
 5.15530370e+01 8.56776313e-01
 5.15530370e+01 8.56776313e-01
 5.15530370e+01 8.56776313e-01
 5.15530370e+01 8.56776313e-01
 5.15530370e+01 8.56776313e-01
 5.15530370e+01 8.56776313e-01
 5.15530370e+01 8.56776313e-01
 5.15530370e+01 8.56776313e-01
 5.15530370e+01 8.56776313e-01
 5.15530370e+01 8.56776313e-01
 5.15530370e+01 8.56776313e-01
 5.15530370e+01 8.56776313e-01
 5.15530370e+01 8.56776313e-01
 5.15530370e+01 8.56776313e-01
 5.15530370e+01 8.56776313e-01
 5.15530370e+01 8.56776313e-01
 5.15530370e+01 8.56776313e-01
 5.15530370e+01 8.56776313e-01
 5.15530370e+01 8.56776313e-01
 5.15530370e+01 8.56776313e-01
 5.15530370e+01 8.56776313e-01
 5.15530370e+01 8.56776313e-01
 5.15530370e+01 8.56776313e-01
 5.15530370e+01 8.56776313e-01
 5.15530370e+01 8.56776313e-01
 5.15530370e+01 8.56776313e-01
 5.15530370e+01 8.56776313e-01
 5.15530370e+01 8.56776313e-01
 5.15530370e+01 8.56776313e-01
 5.15530370e+01 8.56776313e-01
 5.15530370e+01 8.56776313e-01
 5.15530370e+01 8.56776313e-01
 5.15530370e+01 8.56776313e-01
 5.15530370e+01 8.56776313e-01
 5.15530370e+01 8.56776313e-01
 5.15530370e+01 8.56776313e-01
 5.15530370e+01 8.56776313e-01
 5.15530370e+01 8.56776313e-01
 5.15530370e+01 8.56776313e-01
 5.15530370e+01 8.56776313e-01
 5.15530370e+01 8.56776313e-01
 5.15530370e+01 8.56776313e-01
 5.15530370e+01 8.56776313e-01
 5.15530370e+01 8.56776313e-01
 5.15530370e+01 8.56776313e-01
 5.15530370e+01 8.56776313e-01
 5.15530370e+01 8.56776313e-01
 5.15530370e+01 8.56776313e-01
 5.15530370e+01 8.56776313e-01
 5.15530370e+01 8.56776313e-01
 5.15530370e+01 8.56776313e-01
 5.15530370e+01 8.56776313e-01
 5.15530370e+01 8.56776313e-01
 5.15530370e+01 8.56776313e-01
 5.15530370e+01 8.56776313e-01
 5.15530370e+01 8.56776313e-01
 5.15530370e+01 8.56776313e-01
 5.15530370e+01 8.56776313e-01
 5.15530370e+01 8.56776313e-01
 5.15530370e+01 8.56776313e-01
 5.15530370e+01 8.56776313e-01
 5.15530370e+01 8.56776313e-01
