 0.00000000e+00 0.00000000e+00
 0.00000000e+00 0.00000000e+00
 0.00000000e+00 0.00000000e+00
 0.00000000e+00 0.00000000e+00
 -6.84491594e-02 -1.11042751e-01
 -1.43652688e-01 -2.56119958e-01
 -2.12835498e-01 -4.28308278e-01
 -2.63726107e-01 -6.20234144e-01
 -2.84669704e-01 -8.26022270e-01
 -2.63393392e-01 -1.04070369e+00
 -1.88079972e-01 -1.25933739e+00
 -5.02423169e-02 -1.47720923e+00
 1.54258864e-01 -1.69041976e+00
 4.27198422e-01 -1.89579152e+00
 7.70265629e-01 -2.09012387e+00
 1.18544277e+00 -2.26964409e+00
 1.67441632e+00 -2.43022679e+00
 2.23864342e+00 -2.56813114e+00
 2.87990311e+00 -2.68045860e+00
 3.60029139e+00 -2.76450515e+00
 4.40140962e+00 -2.81578760e+00
 5.28322321e+00 -2.82596075e+00
 6.24305719e+00 -2.78278873e+00
 7.27502888e+00 -2.67266523e+00
 8.37020738e+00 -2.48334545e+00
 9.51771654e+00 -2.20464068e+00
 1.07065082e+01 -1.82770603e+00
 1.19267503e+01 -1.34502399e+00
 1.31697058e+01 -7.51880227e-01
 1.44262169e+01 -4.84370434e-02
 1.56852465e+01 7.58959031e-01
 1.69337060e+01 1.65816998e+00
 1.81572462e+01 2.63335231e+00
 1.93406364e+01 3.66757481e+00
 2.04670068e+01 4.74439538e+00
 2.15168059e+01 5.84780314e+00
 2.24679767e+01 6.96143953e+00
 2.32977847e+01 8.06853479e+00
 2.39852490e+01 9.15301253e+00
 2.45128905e+01 1.02007074e+01
 2.48674029e+01 1.11992615e+01
 2.50396847e+01 1.21365674e+01
 2.50248047e+01 1.29991129e+01
 2.48219559e+01 1.37715213e+01
 2.44338735e+01 1.44372688e+01
 2.38654302e+01 1.49797118e+01
 2.31220041e+01 1.53828406e+01
 2.22085584e+01 1.56318973e+01
 2.11298953e+01 1.57142896e+01
 1.98920428e+01 1.56209286e+01
 1.85043960e+01 1.53475629e+01
 1.69817774e+01 1.48954691e+01
 1.53453603e+01 1.42712241e+01
 1.36219634e+01 1.34858531e+01
 1.18422134e+01 1.25538209e+01
 1.00384628e+01 1.14920523e+01
 8.24281860e+00 1.03189451e+01
 6.48500357e+00 9.05343276e+00
 4.78997734e+00 7.71429211e+00
 3.17624724e+00 6.31989395e+00
 1.65638073e+00 4.88850330e+00
 2.40129914e-01 3.43893748e+00
 -1.06160049e+00 1.99098450e+00
 -2.23452800e+00 5.64990235e-01
 -3.26149578e+00 -8.19428644e-01
 -4.12467689e+00 -2.14500520e+00
 -4.80813381e+00 -3.39805695e+00
 -5.30013400e+00 -4.56895688e+00
 -5.59471509e+00 -5.65203519e+00
 -5.69178298e+00 -6.64521032e+00
 -5.59597550e+00 -7.54920166e+00
 -5.31554118e+00 -8.36607114e+00
 -4.86148109e+00 -9.09740304e+00
 -4.24589155e+00 -9.74282584e+00
 -3.47949799e+00 -1.02993355e+01
 -2.56997869e+00 -1.07614877e+01
 -1.52213685e+00 -1.11223412e+01
 -3.39426968e-01 -1.13749108e+01
 9.74160212e-01 -1.15137640e+01
 2.41231179e+00 -1.15364169e+01
 3.96451251e+00 -1.14443592e+01
 5.61387906e+00 -1.12436659e+01
 7.33533447e+00 -1.09450994e+01
 9.09541377e+00 -1.05635815e+01
 1.08543913e+01 -1.01171393e+01
 1.25699681e+01 -9.62564690e+00
 1.42010783e+01 -9.10958389e+00
 1.57113076e+01 -8.58876756e+00
 1.70729669e+01 -8.08080901e+00
 1.82730159e+01 -7.59904549e+00
 1.93194165e+01 -7.15023951e+00
 2.02427524e+01 -6.73335055e+00
 2.10881646e+01 -6.34093157e+00
 2.18996867e+01 -5.96305746e+00
 2.27067385e+01 -5.59146525e+00
 2.35210960e+01 -5.22146589e+00
 2.43430937e+01 -4.85136432e+00
 2.51694633e+01 -4.48093568e+00
 2.59975842e+01 -4.11032839e+00
 2.68262276e+01 -3.73966018e+00
 2.76549898e+01 -3.36897708e+00
 2.84837729e+01 -2.99829125e+00
 2.93125588e+01 -2.62760509e+00
 3.01413438e+01 -2.25691939e+00
 3.09701179e+01 -1.88623857e+00
 3.17988091e+01 -1.51559485e+00
 3.26270067e+01 -1.14517185e+00
 3.34528999e+01 -7.75779587e-01
 3.42703325e+01 -4.10171407e-01
 3.50633124e+01 -5.55000439e-02
 3.58005717e+01 2.74249489e-01
 3.64375921e+01 5.59165769e-01
 3.69321015e+01 7.80342034e-01
 3.69321015e+01 7.80342034e-01
 3.69321015e+01 7.80342034e-01
 3.69321015e+01 7.80342034e-01
 3.69321015e+01 7.80342034e-01
 3.69321015e+01 7.80342034e-01
 3.69321015e+01 7.80342034e-01
 3.69321015e+01 7.80342034e-01
 3.69321015e+01 7.80342034e-01
 3.69321015e+01 7.80342034e-01
 3.69321015e+01 7.80342034e-01
 3.69321015e+01 7.80342034e-01
 3.69321015e+01 7.80342034e-01
 3.69321015e+01 7.80342034e-01
 3.69321015e+01 7.80342034e-01
 3.69321015e+01 7.80342034e-01
 3.69321015e+01 7.80342034e-01
 3.69321015e+01 7.80342034e-01
 3.69321015e+01 7.80342034e-01
 3.69321015e+01 7.80342034e-01
 3.69321015e+01 7.80342034e-01
 3.69321015e+01 7.80342034e-01
 3.69321015e+01 7.80342034e-01
 3.69321015e+01 7.80342034e-01
 3.69321015e+01 7.80342034e-01
 3.69321015e+01 7.80342034e-01
 3.69321015e+01 7.80342034e-01
 3.69321015e+01 7.80342034e-01
 3.69321015e+01 7.80342034e-01
 3.69321015e+01 7.80342034e-01
 3.69321015e+01 7.80342034e-01
 3.69321015e+01 7.80342034e-01
 3.69321015e+01 7.80342034e-01
 3.69321015e+01 7.80342034e-01
 3.69321015e+01 7.80342034e-01
 3.69321015e+01 7.80342034e-01
 3.69321015e+01 7.80342034e-01
 3.69321015e+01 7.80342034e-01
 3.69321015e+01 7.80342034e-01
 3.69321015e+01 7.80342034e-01
 3.69321015e+01 7.80342034e-01
 3.69321015e+01 7.80342034e-01
 3.69321015e+01 7.80342034e-01
 3.69321015e+01 7.80342034e-01
 3.69321015e+01 7.80342034e-01
 3.69321015e+01 7.80342034e-01
 3.69321015e+01 7.80342034e-01
 3.69321015e+01 7.80342034e-01
 3.69321015e+01 7.80342034e-01
 3.69321015e+01 7.80342034e-01
 3.69321015e+01 7.80342034e-01
 3.69321015e+01 7.80342034e-01
 3.69321015e+01 7.80342034e-01
 3.69321015e+01 7.80342034e-01
 3.69321015e+01 7.80342034e-01
 3.69321015e+01 7.80342034e-01
 3.69321015e+01 7.80342034e-01
 3.69321015e+01 7.80342034e-01
 3.69321015e+01 7.80342034e-01
 3.69321015e+01 7.80342034e-01
 3.69321015e+01 7.80342034e-01
 3.69321015e+01 7.80342034e-01
