 0.00000000e+00 0.00000000e+00
 0.00000000e+00 0.00000000e+00
 0.00000000e+00 0.00000000e+00
 0.00000000e+00 0.00000000e+00
 -5.77280722e-02 -4.37310462e-02
 -1.25932229e-01 -1.05439298e-01
 -1.97222616e-01 -1.88812754e-01
 -2.66113758e-01 -2.98807405e-01
 -3.29671622e-01 -4.40987901e-01
 -3.85025283e-01 -6.20673129e-01
 -4.26919595e-01 -8.42088538e-01
 -4.47550521e-01 -1.10729509e+00
 -4.37921168e-01 -1.41527033e+00
 -3.88878876e-01 -1.76165038e+00
 -2.91368448e-01 -2.13903510e+00
 -1.36630323e-01 -2.53750504e+00
 8.32685632e-02 -2.94526979e+00
 3.74948324e-01 -3.34956355e+00
 7.43788353e-01 -3.73775595e+00
 1.19460542e+00 -4.09831922e+00
 1.73247527e+00 -4.42116108e+00
 2.36325514e+00 -4.69717887e+00
 3.09370698e+00 -4.91754057e+00
 3.93112722e+00 -5.07352734e+00
 4.88223654e+00 -5.15725001e+00
 5.95146443e+00 -5.16260566e+00
 7.13943978e+00 -5.08567844e+00
 8.44252129e+00 -4.92460751e+00
 9.85341992e+00 -4.67945187e+00
 1.13621671e+01 -4.35220516e+00
 1.29565229e+01 -3.94673259e+00
 1.46215386e+01 -3.46841881e+00
 1.63389563e+01 -2.92336648e+00
 1.80874697e+01 -2.31717745e+00
 1.98441233e+01 -1.65379272e+00
 2.15861855e+01 -9.35068798e-01
 2.32926304e+01 -1.61421628e-01
 2.49447787e+01 6.66781548e-01
 2.65262911e+01 1.54785297e+00
 2.80231944e+01 2.47798717e+00
 2.94242713e+01 3.45097005e+00
 3.07211391e+01 4.45821648e+00
 3.19071975e+01 5.48937615e+00
 3.29757511e+01 6.53369268e+00
 3.39184640e+01 7.58152621e+00
 3.47249506e+01 8.62505714e+00
 3.53834880e+01 9.65788892e+00
 3.58822633e+01 1.06742020e+01
 3.62104611e+01 1.16681360e+01
 3.63590862e+01 1.26333793e+01
 3.63220038e+01 1.35624917e+01
 3.60970381e+01 1.44456733e+01
 3.56858781e+01 1.52692746e+01
 3.50921219e+01 1.60148819e+01
 3.43187266e+01 1.66597477e+01
 3.33668361e+01 1.71785949e+01
 3.22367140e+01 1.75461364e+01
 3.09300182e+01 1.77395276e+01
 2.94521644e+01 1.77401977e+01
 2.78139295e+01 1.75350394e+01
 2.60320901e+01 1.71175330e+01
 2.41291961e+01 1.64890552e+01
 2.21325859e+01 1.56594708e+01
 2.00728557e+01 1.46459889e+01
 1.79821615e+01 1.34706609e+01
 1.58926539e+01 1.21578643e+01
 1.38351469e+01 1.07326211e+01
 1.18380867e+01 9.21973128e+00
 9.92707956e+00 7.64336817e+00
 8.12530747e+00 6.02680737e+00
 6.45469234e+00 4.39219878e+00
 4.93694529e+00 2.76061813e+00
 3.59354697e+00 1.15248904e+00
 2.44446037e+00 -4.12206647e-01
 1.50626919e+00 -1.91465065e+00
 7.90703307e-01 -3.33862607e+00
 3.04017622e-01 -4.67158226e+00
 4.71281222e-02 -5.90460755e+00
 1.64193187e-02 -7.03166927e+00
 2.05193270e-01 -8.04888171e+00
 6.05258466e-01 -8.95399474e+00
 1.20788632e+00 -9.74575271e+00
 2.00393065e+00 -1.04229575e+01
 2.98356801e+00 -1.09835538e+01
 4.13603678e+00 -1.14241853e+01
 5.44929488e+00 -1.17403614e+01
 6.90950356e+00 -1.19268841e+01
 8.50055833e+00 -1.19780627e+01
 1.02037133e+01 -1.18880169e+01
 1.19968598e+01 -1.16520749e+01
 1.38533183e+01 -1.12693746e+01
 1.57410141e+01 -1.07451708e+01
 1.76231761e+01 -1.00914485e+01
 1.94606605e+01 -9.32602258e+00
 2.12149010e+01 -8.47114896e+00
 2.28506139e+01 -7.55208966e+00
 2.43383245e+01 -6.59522425e+00
 2.56571995e+01 -5.62539004e+00
 2.67982773e+01 -4.66316159e+00
 2.77676397e+01 -3.72337629e+00
 2.85882534e+01 -2.81524856e+00
 2.92979477e+01 -1.94297959e+00
 2.99413528e+01 -1.10591953e+00
 3.05578218e+01 -2.98857889e-01
 3.11721463e+01 4.86421432e-01
 3.17936269e+01 1.25847584e+00
 3.24220214e+01 2.02392060e+00
 3.30542852e+01 2.78667898e+00
 3.36880844e+01 3.54855786e+00
 3.43223396e+01 4.31020653e+00
 3.49566983e+01 5.07180730e+00
 3.55910752e+01 5.83340019e+00
 3.62254545e+01 6.59499197e+00
 3.68598331e+01 7.35658260e+00
 3.74942034e+01 8.11816319e+00
 3.81285102e+01 8.87966756e+00
 3.87624393e+01 9.64071846e+00
 3.93946044e+01 1.03996516e+01
 4.00202936e+01 1.11508103e+01
 4.06272659e+01 1.18794987e+01
 4.11915878e+01 1.25569841e+01
 4.16791837e+01 1.31423576e+01
 4.20576971e+01 1.35967743e+01
 4.20576971e+01 1.35967743e+01
 4.20576971e+01 1.35967743e+01
 4.20576971e+01 1.35967743e+01
 4.20576971e+01 1.35967743e+01
 4.20576971e+01 1.35967743e+01
 4.20576971e+01 1.35967743e+01
 4.20576971e+01 1.35967743e+01
 4.20576971e+01 1.35967743e+01
 4.20576971e+01 1.35967743e+01
 4.20576971e+01 1.35967743e+01
 4.20576971e+01 1.35967743e+01
 4.20576971e+01 1.35967743e+01
 4.20576971e+01 1.35967743e+01
 4.20576971e+01 1.35967743e+01
 4.20576971e+01 1.35967743e+01
 4.20576971e+01 1.35967743e+01
 4.20576971e+01 1.35967743e+01
 4.20576971e+01 1.35967743e+01
 4.20576971e+01 1.35967743e+01
 4.20576971e+01 1.35967743e+01
 4.20576971e+01 1.35967743e+01
 4.20576971e+01 1.35967743e+01
 4.20576971e+01 1.35967743e+01
 4.20576971e+01 1.35967743e+01
 4.20576971e+01 1.35967743e+01
 4.20576971e+01 1.35967743e+01
 4.20576971e+01 1.35967743e+01
 4.20576971e+01 1.35967743e+01
 4.20576971e+01 1.35967743e+01
 4.20576971e+01 1.35967743e+01
 4.20576971e+01 1.35967743e+01
 4.20576971e+01 1.35967743e+01
 4.20576971e+01 1.35967743e+01
 4.20576971e+01 1.35967743e+01
 4.20576971e+01 1.35967743e+01
 4.20576971e+01 1.35967743e+01
 4.20576971e+01 1.35967743e+01
 4.20576971e+01 1.35967743e+01
 4.20576971e+01 1.35967743e+01
 4.20576971e+01 1.35967743e+01
 4.20576971e+01 1.35967743e+01
 4.20576971e+01 1.35967743e+01
 4.20576971e+01 1.35967743e+01
 4.20576971e+01 1.35967743e+01
 4.20576971e+01 1.35967743e+01
 4.20576971e+01 1.35967743e+01
 4.20576971e+01 1.35967743e+01
 4.20576971e+01 1.35967743e+01
 4.20576971e+01 1.35967743e+01
 4.20576971e+01 1.35967743e+01
 4.20576971e+01 1.35967743e+01
