 0.00000000e+00 0.00000000e+00
 0.00000000e+00 0.00000000e+00
 0.00000000e+00 0.00000000e+00
 0.00000000e+00 0.00000000e+00
 -2.95996290e-02 -1.29330395e-01
 -5.11581841e-02 -3.02327301e-01
 -4.82207908e-02 -5.11655177e-01
 -4.14016927e-03 -7.48000906e-01
 9.33016946e-02 -1.00347289e+00
 2.50253894e-01 -1.27221135e+00
 4.68774379e-01 -1.54937648e+00
 7.50109766e-01 -1.83003243e+00
 1.09676834e+00 -2.10838445e+00
 1.51292498e+00 -2.37729102e+00
 2.00404980e+00 -2.62815356e+00
 2.57644781e+00 -2.85134694e+00
 3.23677954e+00 -3.03703000e+00
 3.99144443e+00 -3.17594421e+00
 4.84580525e+00 -3.25985988e+00
 5.80320268e+00 -3.28147865e+00
 6.86372497e+00 -3.23401040e+00
 8.02307464e+00 -3.11113330e+00
 9.27219859e+00 -2.90767350e+00
 1.05980889e+01 -2.62030539e+00
 1.19855228e+01 -2.24743293e+00
 1.34190679e+01 -1.78839032e+00
 1.48846945e+01 -1.24282592e+00
 1.63705336e+01 -6.10934298e-01
 1.78664305e+01 1.05439695e-01
 1.93621577e+01 9.01249989e-01
 2.08445853e+01 1.76670233e+00
 2.22947099e+01 2.68614812e+00
 2.36860489e+01 3.63814337e+00
 2.49857563e+01 4.59737468e+00
 2.61582245e+01 5.53819114e+00
 2.71691900e+01 6.43837059e+00
 2.79887000e+01 7.28175658e+00
 2.85932095e+01 8.05939910e+00
 2.89677438e+01 8.76956581e+00
 2.91076389e+01 9.41684664e+00
 2.90183714e+01 1.00101868e+01
 2.87131083e+01 1.05598278e+01
 2.82094005e+01 1.10737915e+01
 2.75268057e+01 1.15551309e+01
 2.66860846e+01 1.20010883e+01
 2.57092380e+01 1.24043390e+01
 2.46192684e+01 1.27553811e+01
 2.34394398e+01 1.30448582e+01
 2.21926726e+01 1.32651780e+01
 2.09013073e+01 1.34114024e+01
 1.95865960e+01 1.34816058e+01
 1.82674358e+01 1.34767837e+01
 1.69588535e+01 1.34000652e+01
 1.56713006e+01 1.32550160e+01
 1.44113046e+01 1.30435601e+01
 1.31829967e+01 1.27646149e+01
 1.19894494e+01 1.24139869e+01
 1.08331073e+01 1.19851536e+01
 9.71559569e+00 1.14703626e+01
 8.63787712e+00 1.08618451e+01
 7.60133244e+00 1.01532004e+01
 6.60923727e+00 9.34091859e+00
 5.66755752e+00 8.42572400e+00
 4.78467721e+00 7.41326528e+00
 3.97070822e+00 6.31385449e+00
 3.23710088e+00 5.14131110e+00
 2.59643017e+00 3.91131162e+00
 2.06172426e+00 2.63995996e+00
 1.64517917e+00 1.34331304e+00
 1.35688453e+00 3.78876957e-02
 1.20431813e+00 -1.25879883e+00
 1.19274706e+00 -2.52858810e+00
 1.32593355e+00 -3.75377429e+00
 1.60643575e+00 -4.91806399e+00
 2.03553649e+00 -6.00698668e+00
 2.61349206e+00 -7.00803100e+00
 3.34024347e+00 -7.91085930e+00
 4.21563686e+00 -8.70760293e+00
 5.23826810e+00 -9.39295764e+00
 6.40332597e+00 -9.96390179e+00
 7.70066235e+00 -1.04192595e+01
 9.11401096e+00 -1.07594373e+01
 1.06214695e+01 -1.09862857e+01
 1.21967866e+01 -1.11028207e+01
 1.38108772e+01 -1.11127696e+01
 1.54332598e+01 -1.10201225e+01
 1.70334690e+01 -1.08288771e+01
 1.85826008e+01 -1.05430977e+01
 2.00549304e+01 -1.01672238e+01
 2.14293634e+01 -9.70650721e+00
 2.26908478e+01 -9.16794102e+00
 2.38325989e+01 -8.56235578e+00
 2.48595065e+01 -7.90714185e+00
 2.57904080e+01 -7.22669577e+00
 2.66550499e+01 -6.54753256e+00
 2.74849167e+01 -5.88948934e+00
 2.83034365e+01 -5.25952939e+00
 2.91222171e+01 -4.65315859e+00
 2.99440537e+01 -4.06125320e+00
 3.07680818e+01 -3.47609579e+00
 3.15930712e+01 -2.89337060e+00
 3.24183617e+01 -2.31132722e+00
 3.32437227e+01 -1.72943292e+00
 3.40690964e+01 -1.14756406e+00
 3.48944717e+01 -5.65698655e-01
 3.57198461e+01 1.61656021e-02
 3.65452096e+01 5.98022158e-01
 3.73704905e+01 1.17982048e+00
 3.81952800e+01 1.76127235e+00
 3.90177744e+01 2.34110626e+00
 3.98318431e+01 2.91500031e+00
 4.06215597e+01 3.47172688e+00
 4.13557850e+01 3.98933372e+00
 4.19901839e+01 4.43656594e+00
 4.24826584e+01 4.78374565e+00
 4.24826584e+01 4.78374565e+00
 4.24826584e+01 4.78374565e+00
 4.24826584e+01 4.78374565e+00
 4.24826584e+01 4.78374565e+00
 4.24826584e+01 4.78374565e+00
 4.24826584e+01 4.78374565e+00
 4.24826584e+01 4.78374565e+00
 4.24826584e+01 4.78374565e+00
 4.24826584e+01 4.78374565e+00
 4.24826584e+01 4.78374565e+00
 4.24826584e+01 4.78374565e+00
 4.24826584e+01 4.78374565e+00
 4.24826584e+01 4.78374565e+00
 4.24826584e+01 4.78374565e+00
 4.24826584e+01 4.78374565e+00
 4.24826584e+01 4.78374565e+00
 4.24826584e+01 4.78374565e+00
 4.24826584e+01 4.78374565e+00
 4.24826584e+01 4.78374565e+00
 4.24826584e+01 4.78374565e+00
 4.24826584e+01 4.78374565e+00
 4.24826584e+01 4.78374565e+00
 4.24826584e+01 4.78374565e+00
 4.24826584e+01 4.78374565e+00
 4.24826584e+01 4.78374565e+00
 4.24826584e+01 4.78374565e+00
 4.24826584e+01 4.78374565e+00
 4.24826584e+01 4.78374565e+00
 4.24826584e+01 4.78374565e+00
 4.24826584e+01 4.78374565e+00
 4.24826584e+01 4.78374565e+00
 4.24826584e+01 4.78374565e+00
 4.24826584e+01 4.78374565e+00
 4.24826584e+01 4.78374565e+00
 4.24826584e+01 4.78374565e+00
 4.24826584e+01 4.78374565e+00
 4.24826584e+01 4.78374565e+00
 4.24826584e+01 4.78374565e+00
 4.24826584e+01 4.78374565e+00
 4.24826584e+01 4.78374565e+00
 4.24826584e+01 4.78374565e+00
 4.24826584e+01 4.78374565e+00
 4.24826584e+01 4.78374565e+00
 4.24826584e+01 4.78374565e+00
 4.24826584e+01 4.78374565e+00
 4.24826584e+01 4.78374565e+00
 4.24826584e+01 4.78374565e+00
 4.24826584e+01 4.78374565e+00
 4.24826584e+01 4.78374565e+00
 4.24826584e+01 4.78374565e+00
 4.24826584e+01 4.78374565e+00
 4.24826584e+01 4.78374565e+00
 4.24826584e+01 4.78374565e+00
 4.24826584e+01 4.78374565e+00
 4.24826584e+01 4.78374565e+00
 4.24826584e+01 4.78374565e+00
 4.24826584e+01 4.78374565e+00
 4.24826584e+01 4.78374565e+00
 4.24826584e+01 4.78374565e+00
