 0.00000000e+00 0.00000000e+00
 0.00000000e+00 0.00000000e+00
 0.00000000e+00 0.00000000e+00
 0.00000000e+00 0.00000000e+00
 0.00000000e+00 0.00000000e+00
 0.00000000e+00 0.00000000e+00
 4.36041813e-02 9.02896375e-03
 9.07828392e-02 2.89803389e-02
 1.30138098e-01 6.61118776e-02
 1.47803804e-01 1.25524840e-01
 1.29229732e-01 2.09325688e-01
 6.18650252e-02 3.16510079e-01
 -6.17683860e-02 4.44322830e-01
 -2.43027129e-01 5.89431275e-01
 -4.79119517e-01 7.47786389e-01
 -7.66126140e-01 9.13737602e-01
 -1.10068953e+00 1.07971295e+00
 -1.48002647e+00 1.23692792e+00
 -1.90135569e+00 1.37644381e+00
 -2.36159215e+00 1.48970512e+00
 -2.85740573e+00 1.56838473e+00
 -3.38550138e+00 1.60415202e+00
 -3.94309722e+00 1.58903866e+00
 -4.52844193e+00 1.51627211e+00
 -5.14093816e+00 1.38079117e+00
 -5.78071141e+00 1.17909066e+00
 -6.44814457e+00 9.08906767e-01
 -7.14397853e+00 5.69305243e-01
 -7.86975191e+00 1.61018226e-01
 -8.62768989e+00 -3.13567549e-01
 -9.41969484e+00 -8.51026082e-01
 -1.02462050e+01 -1.44769196e+00
 -1.11057931e+01 -2.10004053e+00
 -1.19953419e+01 -2.80461303e+00
 -1.29099908e+01 -3.55801598e+00
 -1.38425821e+01 -4.35723933e+00
 -1.47831180e+01 -5.19978183e+00
 -1.57187372e+01 -6.08295421e+00
 -1.66340724e+01 -7.00248072e+00
 -1.75114118e+01 -7.95122268e+00
 -1.83305154e+01 -8.91871052e+00
 -1.90688567e+01 -9.89144322e+00
 -1.97032515e+01 -1.08534322e+01
 -2.02128195e+01 -1.17866934e+01
 -2.05820115e+01 -1.26720250e+01
 -2.08021316e+01 -1.34905734e+01
 -2.08708018e+01 -1.42259054e+01
 -2.07905876e+01 -1.48654557e+01
 -2.05684908e+01 -1.54006122e+01
 -2.02159312e+01 -1.58258799e+01
 -1.97471935e+01 -1.61379572e+01
 -1.91762355e+01 -1.63350224e+01
 -1.85144590e+01 -1.64162688e+01
 -1.77713006e+01 -1.63819584e+01
 -1.69566109e+01 -1.62340305e+01
 -1.60826447e+01 -1.59766753e+01
 -1.51646373e+01 -1.56164081e+01
 -1.42202747e+01 -1.51619150e+01
 -1.32685513e+01 -1.46239333e+01
 -1.23281255e+01 -1.40148224e+01
 -1.14153520e+01 -1.33475460e+01
 -1.05426025e+01 -1.26344032e+01
 -9.71746097e+00 -1.18859872e+01
 -8.94274650e+00 -1.11105135e+01
 -8.21693554e+00 -1.03134566e+01
 -7.53493041e+00 -9.49747052e+00
 -6.88951638e+00 -8.66270616e+00
 -6.27339249e+00 -7.80777693e+00
 -5.68091166e+00 -6.93151372e+00
 -5.10886641e+00 -6.03512305e+00
 -4.55658561e+00 -5.12390218e+00
 -4.02598719e+00 -4.20794195e+00
 -3.52179306e+00 -3.30198321e+00
 -3.05156232e+00 -2.42478654e+00
 -2.62512191e+00 -1.59786484e+00
 -2.25341807e+00 -8.43205945e-01
 -1.94706623e+00 -1.80279502e-01
 -1.71457871e+00 3.76468161e-01
 -1.56062894e+00 8.18308475e-01
 -1.48601827e+00 1.14079588e+00
 -1.49039622e+00 1.34133217e+00
 -1.57532939e+00 1.41760957e+00
 -1.74385810e+00 1.36812088e+00
 -1.99641551e+00 1.19404932e+00
 -2.32704749e+00 9.00494660e-01
 -2.72296737e+00 4.95884990e-01
 -3.16685408e+00 -9.50300957e-03
 -3.63975673e+00 -6.04448289e-01
 -4.12343859e+00 -1.27687490e+00
 -4.60209336e+00 -2.01393263e+00
 -5.06359758e+00 -2.80285445e+00
 -5.50044690e+00 -3.63274508e+00
 -5.91047766e+00 -4.49657021e+00
 -6.29700259e+00 -5.39189690e+00
 -6.66748853e+00 -6.31931444e+00
 -7.03041739e+00 -7.27915875e+00
 -7.39141750e+00 -8.26857590e+00
 -7.75059933e+00 -9.28040149e+00
 -8.10215618e+00 -1.03035159e+01
 -8.43554532e+00 -1.13234553e+01
 -8.73686981e+00 -1.23228150e+01
 -8.98992279e+00 -1.32819873e+01
 -9.17720060e+00 -1.41806675e+01
 -9.28096354e+00 -1.49996780e+01
 -9.28415008e+00 -1.57222992e+01
 -9.17151868e+00 -1.63348385e+01
 -8.93143217e+00 -1.68267225e+01
 -8.55740866e+00 -1.71903296e+01
 -8.04819113e+00 -1.74206017e+01
 -7.40687113e+00 -1.75147804e+01
 -6.64087238e+00 -1.74728712e+01
 -5.76337957e+00 -1.72987463e+01
 -4.79492397e+00 -1.70008599e+01
 -3.76359628e+00 -1.65919659e+01
 -2.70351292e+00 -1.60885063e+01
 -1.65211479e+00 -1.55104144e+01
 -6.46897139e-01 -1.48808706e+01
 2.78309981e-01 -1.42249508e+01
 1.09782373e+00 -1.35668612e+01
 1.79944414e+00 -1.29264829e+01
 2.38910372e+00 -1.23163423e+01
 2.89109469e+00 -1.17400831e+01
 3.34070880e+00 -1.11933673e+01
 3.77144314e+00 -1.06672764e+01
 4.20452052e+00 -1.01526393e+01
 4.64706085e+00 -9.64294995e+00
 5.09755270e+00 -9.13485484e+00
 5.55230548e+00 -8.62710753e+00
 6.00871434e+00 -8.11939366e+00
 6.46560914e+00 -7.61167163e+00
 6.92261338e+00 -7.10394510e+00
 7.37963667e+00 -6.59621747e+00
 7.83666249e+00 -6.08848971e+00
 8.29368797e+00 -5.58076263e+00
 8.75070743e+00 -5.07304224e+00
 9.20768116e+00 -4.56537266e+00
 9.66438277e+00 -4.05800539e+00
 1.01198136e+01 -3.55204993e+00
 1.05705789e+01 -3.05127752e+00
 1.10078600e+01 -2.56548523e+00
 1.14144145e+01 -2.11382829e+00
 1.17656932e+01 -1.72357932e+00
 1.20383857e+01 -1.42063487e+00
 1.20383857e+01 -1.42063487e+00
 1.20383857e+01 -1.42063487e+00
 1.20383857e+01 -1.42063487e+00
 1.20383857e+01 -1.42063487e+00
 1.20383857e+01 -1.42063487e+00
 1.20383857e+01 -1.42063487e+00
 1.20383857e+01 -1.42063487e+00
 1.20383857e+01 -1.42063487e+00
 1.20383857e+01 -1.42063487e+00
 1.20383857e+01 -1.42063487e+00
 1.20383857e+01 -1.42063487e+00
 1.20383857e+01 -1.42063487e+00
 1.20383857e+01 -1.42063487e+00
 1.20383857e+01 -1.42063487e+00
 1.20383857e+01 -1.42063487e+00
 1.20383857e+01 -1.42063487e+00
 1.20383857e+01 -1.42063487e+00
 1.20383857e+01 -1.42063487e+00
 1.20383857e+01 -1.42063487e+00
 1.20383857e+01 -1.42063487e+00
 1.20383857e+01 -1.42063487e+00
 1.20383857e+01 -1.42063487e+00
 1.20383857e+01 -1.42063487e+00
 1.20383857e+01 -1.42063487e+00
 1.20383857e+01 -1.42063487e+00
 1.20383857e+01 -1.42063487e+00
 1.20383857e+01 -1.42063487e+00
 1.20383857e+01 -1.42063487e+00
 1.20383857e+01 -1.42063487e+00
 1.20383857e+01 -1.42063487e+00
 1.20383857e+01 -1.42063487e+00
 1.20383857e+01 -1.42063487e+00
 1.20383857e+01 -1.42063487e+00
 1.20383857e+01 -1.42063487e+00
 1.20383857e+01 -1.42063487e+00
