 0.00000000e+00 0.00000000e+00
 0.00000000e+00 0.00000000e+00
 0.00000000e+00 0.00000000e+00
 0.00000000e+00 0.00000000e+00
 -9.80621861e-02 -1.31835523e-01
 -1.83937674e-01 -2.98874215e-01
 -2.21477250e-01 -4.86795845e-01
 -1.79480566e-01 -6.81008309e-01
 -3.93756495e-02 -8.72259702e-01
 2.05064317e-01 -1.05758827e+00
 5.52610326e-01 -1.23750381e+00
 9.99276984e-01 -1.41208588e+00
 1.54068580e+00 -1.57841527e+00
 2.17299006e+00 -1.73043720e+00
 2.89392336e+00 -1.86079191e+00
 3.70402601e+00 -1.96326719e+00
 4.60686848e+00 -2.03454235e+00
 5.60762055e+00 -2.07424046e+00
 6.71066936e+00 -2.08311673e+00
 7.91750646e+00 -2.06087074e+00
 9.22539008e+00 -2.00588969e+00
 1.06263605e+01 -1.91711979e+00
 1.21061820e+01 -1.79543623e+00
 1.36436635e+01 -1.64260045e+00
 1.52113869e+01 -1.45913474e+00
 1.67783196e+01 -1.24334558e+00
 1.83136906e+01 -9.91673791e-01
 1.97909956e+01 -6.99183560e-01
 2.11912006e+01 -3.59727289e-01
 2.25045379e+01 3.37450452e-02
 2.37305688e+01 4.88391347e-01
 2.48765700e+01 1.01038400e+00
 2.59546436e+01 1.60386846e+00
 2.69781750e+01 2.27025537e+00
 2.79584842e+01 3.00808155e+00
 2.89025295e+01 3.81348203e+00
 2.98120556e+01 4.68089584e+00
 3.06838178e+01 5.60344940e+00
 3.15100317e+01 6.57290532e+00
 3.22785310e+01 7.57960883e+00
 3.29730138e+01 8.61276814e+00
 3.35741322e+01 9.66088124e+00
 3.40615341e+01 1.07118699e+01
 3.44160277e+01 1.17527079e+01
 3.46207419e+01 1.27688373e+01
 3.46610006e+01 1.37440147e+01
 3.45242414e+01 1.46609141e+01
 3.42015495e+01 1.55021303e+01
 3.36900665e+01 1.62510001e+01
 3.29937625e+01 1.68920245e+01
 3.21217566e+01 1.74110754e+01
 3.10859951e+01 1.77957214e+01
 2.99000725e+01 1.80358950e+01
 2.85792366e+01 1.81247251e+01
 2.71407566e+01 1.80590654e+01
 2.56041650e+01 1.78395206e+01
 2.39912312e+01 1.74702167e+01
 2.23254930e+01 1.69584862e+01
 2.06312756e+01 1.63142758e+01
 1.89324450e+01 1.55491299e+01
 1.72512639e+01 1.46750514e+01
 1.56075984e+01 1.37038413e+01
 1.40185395e+01 1.26473593e+01
 1.24982554e+01 1.15186171e+01
 1.10580099e+01 1.03329862e+01
 9.70683018e+00 9.10861112e+00
 8.45327237e+00 7.86565426e+00
 7.30758235e+00 6.62474444e+00
 6.28271135e+00 5.40519754e+00
 5.39350035e+00 4.22331314e+00
 4.65493888e+00 3.09092200e+00
 4.08077841e+00 2.01453593e+00
 3.68270450e+00 9.95524658e-01
 3.46945095e+00 3.13965615e-02
 3.44588017e+00 -8.82194552e-01
 3.61302914e+00 -1.74910015e+00
 3.96975318e+00 -2.57016419e+00
 4.51537039e+00 -3.34099346e+00
 5.25211579e+00 -4.05089325e+00
 6.18646412e+00 -4.68356104e+00
 7.32887026e+00 -5.21924083e+00
 8.69178371e+00 -5.63742760e+00
 1.02858719e+01 -5.91928802e+00
 1.21147661e+01 -6.04952242e+00
 1.41695428e+01 -6.01795403e+00
 1.64246294e+01 -5.82122810e+00
 1.88362272e+01 -5.46455095e+00
 2.13434704e+01 -4.96279447e+00
 2.38722244e+01 -4.34013992e+00
 2.63413921e+01 -3.62798639e+00
 2.86713467e+01 -2.86160437e+00
 3.07936622e+01 -2.07620830e+00
 3.26611508e+01 -1.30276189e+00
 3.42573222e+01 -5.63787779e-01
 3.56031004e+01 1.29785888e-01
 3.67552988e+01 7.79009624e-01
 3.77912411e+01 1.39359323e+00
 3.87830702e+01 1.98624634e+00
 3.97766892e+01 2.56770601e+00
 4.07882175e+01 3.14462925e+00
 4.18154044e+01 3.72013058e+00
 4.28510883e+01 4.29530423e+00
 4.38900928e+01 4.87042946e+00
 4.49300744e+01 5.44555302e+00
 4.59702764e+01 6.02067787e+00
 4.70105167e+01 6.59580312e+00
 4.80507621e+01 7.17092838e+00
 4.90910067e+01 7.74605287e+00
 5.01312376e+01 8.32116977e+00
 5.11713643e+01 8.89622912e+00
 5.22108717e+01 9.47094603e+00
 5.32474866e+01 1.00440637e+01
 5.42734823e+01 1.06113103e+01
 5.52687863e+01 1.11615883e+01
 5.61941529e+01 1.16731997e+01
 5.69937052e+01 1.21152517e+01
 5.76143858e+01 1.24584100e+01
 5.76143858e+01 1.24584100e+01
 5.76143858e+01 1.24584100e+01
 5.76143858e+01 1.24584100e+01
 5.76143858e+01 1.24584100e+01
 5.76143858e+01 1.24584100e+01
 5.76143858e+01 1.24584100e+01
 5.76143858e+01 1.24584100e+01
 5.76143858e+01 1.24584100e+01
 5.76143858e+01 1.24584100e+01
 5.76143858e+01 1.24584100e+01
 5.76143858e+01 1.24584100e+01
 5.76143858e+01 1.24584100e+01
 5.76143858e+01 1.24584100e+01
 5.76143858e+01 1.24584100e+01
 5.76143858e+01 1.24584100e+01
 5.76143858e+01 1.24584100e+01
 5.76143858e+01 1.24584100e+01
 5.76143858e+01 1.24584100e+01
 5.76143858e+01 1.24584100e+01
 5.76143858e+01 1.24584100e+01
 5.76143858e+01 1.24584100e+01
 5.76143858e+01 1.24584100e+01
 5.76143858e+01 1.24584100e+01
 5.76143858e+01 1.24584100e+01
 5.76143858e+01 1.24584100e+01
 5.76143858e+01 1.24584100e+01
 5.76143858e+01 1.24584100e+01
 5.76143858e+01 1.24584100e+01
 5.76143858e+01 1.24584100e+01
 5.76143858e+01 1.24584100e+01
 5.76143858e+01 1.24584100e+01
 5.76143858e+01 1.24584100e+01
 5.76143858e+01 1.24584100e+01
 5.76143858e+01 1.24584100e+01
 5.76143858e+01 1.24584100e+01
 5.76143858e+01 1.24584100e+01
 5.76143858e+01 1.24584100e+01
 5.76143858e+01 1.24584100e+01
 5.76143858e+01 1.24584100e+01
 5.76143858e+01 1.24584100e+01
 5.76143858e+01 1.24584100e+01
 5.76143858e+01 1.24584100e+01
 5.76143858e+01 1.24584100e+01
 5.76143858e+01 1.24584100e+01
 5.76143858e+01 1.24584100e+01
 5.76143858e+01 1.24584100e+01
 5.76143858e+01 1.24584100e+01
 5.76143858e+01 1.24584100e+01
 5.76143858e+01 1.24584100e+01
 5.76143858e+01 1.24584100e+01
 5.76143858e+01 1.24584100e+01
 5.76143858e+01 1.24584100e+01
 5.76143858e+01 1.24584100e+01
 5.76143858e+01 1.24584100e+01
 5.76143858e+01 1.24584100e+01
 5.76143858e+01 1.24584100e+01
 5.76143858e+01 1.24584100e+01
