 0.00000000e+00 0.00000000e+00
 0.00000000e+00 0.00000000e+00
 0.00000000e+00 0.00000000e+00
 0.00000000e+00 0.00000000e+00
 -1.96935495e-02 -4.62228373e-02
 -3.68502332e-02 -1.17311406e-01
 -4.74869844e-02 -2.18080069e-01
 -4.87657508e-02 -3.51865878e-01
 -3.69698352e-02 -5.20850136e-01
 -5.24993080e-03 -7.26455893e-01
 5.64746948e-02 -9.69030965e-01
 1.59688703e-01 -1.24696254e+00
 3.15592721e-01 -1.55614167e+00
 5.34710095e-01 -1.89040179e+00
 8.27118928e-01 -2.24260842e+00
 1.20235742e+00 -2.60550489e+00
 1.66892756e+00 -2.97175287e+00
 2.23383047e+00 -3.33332376e+00
 2.90248427e+00 -3.68074072e+00
 3.67896376e+00 -4.00263769e+00
 4.56599941e+00 -4.28595352e+00
 5.56426951e+00 -4.51674857e+00
 6.67125824e+00 -4.68130841e+00
 7.88032654e+00 -4.76733573e+00
 9.18032061e+00 -4.76530981e+00
 1.05557594e+01 -4.66983949e+00
 1.19875788e+01 -4.48041836e+00
 1.34541466e+01 -4.20119948e+00
 1.49320869e+01 -3.83999849e+00
 1.63968940e+01 -3.40700835e+00
 1.78238971e+01 -2.91357824e+00
 1.91899680e+01 -2.37109875e+00
 2.04755478e+01 -1.78981773e+00
 2.16661550e+01 -1.17761323e+00
 2.27530369e+01 -5.39168349e-01
 2.37332136e+01 1.24082615e-01
 2.46090651e+01 8.13467930e-01
 2.53872888e+01 1.53253352e+00
 2.60771727e+01 2.28645910e+00
 2.66885148e+01 3.08102362e+00
 2.72297491e+01 3.92092349e+00
 2.77066460e+01 4.80779715e+00
 2.81214530e+01 5.73863055e+00
 2.84722133e+01 6.70505533e+00
 2.87525132e+01 7.69348967e+00
 2.89521552e+01 8.68569756e+00
 2.90586315e+01 9.65968401e+00
 2.90588989e+01 1.05913062e+01
 2.89414737e+01 1.14565804e+01
 2.86986601e+01 1.22338004e+01
 2.83274847e+01 1.29045659e+01
 2.78284532e+01 1.34537648e+01
 2.72036911e+01 1.38692876e+01
 2.64564464e+01 1.41420397e+01
 2.55917978e+01 1.42662211e+01
 2.46174802e+01 1.42396142e+01
 2.35447250e+01 1.40637392e+01
 2.23892997e+01 1.37438688e+01
 2.11720289e+01 1.32889570e+01
 1.99176997e+01 1.27114605e+01
 1.86520457e+01 1.20267093e+01
 1.73977757e+01 1.12514328e+01
 1.61713880e+01 1.04016857e+01
 1.49820061e+01 9.49103777e+00
 1.38320743e+01 8.52976478e+00
 1.27189380e+01 7.52514422e+00
 1.16367171e+01 6.48236784e+00
 1.05786670e+01 5.40540803e+00
 9.54036931e+00 4.29764011e+00
 8.52336181e+00 3.16263133e+00
 7.53783915e+00 2.00536011e+00
 6.60286861e+00 8.33375984e-01
 5.74365935e+00 -3.42884751e-01
 4.98718863e+00 -1.51090694e+00
 4.35842465e+00 -2.65753674e+00
 3.87854645e+00 -3.77008313e+00
 3.56475049e+00 -4.83639924e+00
 3.43012656e+00 -5.84428061e+00
 3.48258717e+00 -6.78119792e+00
 3.72354690e+00 -7.63490428e+00
 4.14820358e+00 -8.39448176e+00
 4.74812728e+00 -9.05102823e+00
 5.51457573e+00 -9.59759739e+00
 6.44050431e+00 -1.00285785e+01
 7.52076625e+00 -1.03389820e+01
 8.75103876e+00 -1.05240981e+01
 1.01258540e+01 -1.05798221e+01
 1.16360203e+01 -1.05036152e+01
 1.32660946e+01 -1.02957320e+01
 1.49927279e+01 -9.96032393e+00
 1.67843195e+01 -9.50627666e+00
 1.86018684e+01 -8.94775556e+00
 2.04008190e+01 -8.30421195e+00
 2.21340163e+01 -7.59945972e+00
 2.37557837e+01 -6.85967379e+00
 2.52264455e+01 -6.11056138e+00
 2.65164038e+01 -5.37429735e+00
 2.76097860e+01 -4.66706028e+00
 2.85084338e+01 -3.99787265e+00
 2.92355624e+01 -3.36884529e+00
 2.98350371e+01 -2.77644047e+00
 3.03616605e+01 -2.21338518e+00
 3.08644665e+01 -1.67094697e+00
 3.13732588e+01 -1.14107172e+00
 3.18971709e+01 -6.17749813e-01
 3.24331839e+01 -9.73140485e-02
 3.29755485e+01 4.22062970e-01
 3.35203515e+01 9.41120495e-01
 3.40658639e+01 1.46009958e+00
 3.46115352e+01 1.97906313e+00
 3.51572339e+01 2.49802422e+00
 3.57029363e+01 3.01698495e+00
 3.62486384e+01 3.53594494e+00
 3.67943333e+01 4.05489808e+00
 3.73399736e+01 4.57379928e+00
 3.78852889e+01 5.09239150e+00
 3.84290869e+01 5.60954066e+00
 3.89673141e+01 6.12139211e+00
 3.94894408e+01 6.61793202e+00
 3.99748790e+01 7.07958136e+00
 4.03943163e+01 7.47846416e+00
 4.07199192e+01 7.78811093e+00
 4.07199192e+01 7.78811093e+00
 4.07199192e+01 7.78811093e+00
 4.07199192e+01 7.78811093e+00
 4.07199192e+01 7.78811093e+00
 4.07199192e+01 7.78811093e+00
 4.07199192e+01 7.78811093e+00
 4.07199192e+01 7.78811093e+00
 4.07199192e+01 7.78811093e+00
 4.07199192e+01 7.78811093e+00
 4.07199192e+01 7.78811093e+00
 4.07199192e+01 7.78811093e+00
 4.07199192e+01 7.78811093e+00
 4.07199192e+01 7.78811093e+00
 4.07199192e+01 7.78811093e+00
 4.07199192e+01 7.78811093e+00
 4.07199192e+01 7.78811093e+00
 4.07199192e+01 7.78811093e+00
 4.07199192e+01 7.78811093e+00
 4.07199192e+01 7.78811093e+00
 4.07199192e+01 7.78811093e+00
 4.07199192e+01 7.78811093e+00
 4.07199192e+01 7.78811093e+00
 4.07199192e+01 7.78811093e+00
 4.07199192e+01 7.78811093e+00
 4.07199192e+01 7.78811093e+00
 4.07199192e+01 7.78811093e+00
 4.07199192e+01 7.78811093e+00
 4.07199192e+01 7.78811093e+00
 4.07199192e+01 7.78811093e+00
 4.07199192e+01 7.78811093e+00
 4.07199192e+01 7.78811093e+00
 4.07199192e+01 7.78811093e+00
 4.07199192e+01 7.78811093e+00
 4.07199192e+01 7.78811093e+00
 4.07199192e+01 7.78811093e+00
 4.07199192e+01 7.78811093e+00
 4.07199192e+01 7.78811093e+00
 4.07199192e+01 7.78811093e+00
 4.07199192e+01 7.78811093e+00
 4.07199192e+01 7.78811093e+00
 4.07199192e+01 7.78811093e+00
 4.07199192e+01 7.78811093e+00
 4.07199192e+01 7.78811093e+00
 4.07199192e+01 7.78811093e+00
 4.07199192e+01 7.78811093e+00
 4.07199192e+01 7.78811093e+00
 4.07199192e+01 7.78811093e+00
 4.07199192e+01 7.78811093e+00
 4.07199192e+01 7.78811093e+00
 4.07199192e+01 7.78811093e+00
 4.07199192e+01 7.78811093e+00
 4.07199192e+01 7.78811093e+00
