 0.00000000e+00 0.00000000e+00
 0.00000000e+00 0.00000000e+00
 0.00000000e+00 0.00000000e+00
 0.00000000e+00 0.00000000e+00
 -3.86720090e-02 -1.23233361e-01
 -7.64513748e-02 -2.95456546e-01
 -9.71746543e-02 -5.17321414e-01
 -8.01497185e-02 -7.88347689e-01
 -3.99202064e-03 -1.10796739e+00
 1.49517530e-01 -1.47437159e+00
 3.93424648e-01 -1.88270876e+00
 7.35990175e-01 -2.32406326e+00
 1.18205745e+00 -2.78563220e+00
 1.73362644e+00 -3.25190861e+00
 2.38945415e+00 -3.70631308e+00
 3.14482322e+00 -4.13250952e+00
 3.99219195e+00 -4.51500667e+00
 4.92239159e+00 -4.83941458e+00
 5.92575234e+00 -5.09295423e+00
 6.99275472e+00 -5.26520686e+00
 8.11407581e+00 -5.34856075e+00
 9.28050500e+00 -5.33806747e+00
 1.04836541e+01 -5.23097229e+00
 1.17176061e+01 -5.02631436e+00
 1.29803366e+01 -4.72465044e+00
 1.42738012e+01 -4.32760566e+00
 1.56028962e+01 -3.83706902e+00
 1.69741884e+01 -3.25441099e+00
 1.83947837e+01 -2.58044730e+00
 1.98709640e+01 -1.81643471e+00
 2.14060025e+01 -9.65550057e-01
 2.29970419e+01 -3.40080357e-02
 2.46320351e+01 9.68589365e-01
 2.62885357e+01 2.02954076e+00
 2.79354120e+01 3.13365140e+00
 2.95366592e+01 4.26396235e+00
 3.10553784e+01 5.40267617e+00
 3.24566993e+01 6.53247264e+00
 3.37097659e+01 7.63810315e+00
 3.47892980e+01 8.70767954e+00
 3.56767139e+01 9.73305727e+00
 3.63605063e+01 1.07092746e+01
 3.68358722e+01 1.16335285e+01
 3.71037815e+01 1.25041057e+01
 3.71694643e+01 1.33193365e+01
 3.70405509e+01 1.40765990e+01
 3.67257627e+01 1.47716411e+01
 3.62347472e+01 1.53985008e+01
 3.55783977e+01 1.59499549e+01
 3.47685866e+01 1.64181088e+01
 3.38171052e+01 1.67948334e+01
 3.27345046e+01 1.70721485e+01
 3.15297607e+01 1.72427835e+01
 3.02111937e+01 1.73008685e+01
 2.87881494e+01 1.72424074e+01
 2.72723910e+01 1.70651984e+01
 2.56784565e+01 1.67682031e+01
 2.40230665e+01 1.63508430e+01
 2.23243004e+01 1.58128500e+01
 2.06010270e+01 1.51548803e+01
 1.88722020e+01 1.43794048e+01
 1.71554989e+01 1.34910321e+01
 1.54657209e+01 1.24958219e+01
 1.38141684e+01 1.14001234e+01
 1.22096906e+01 1.02100432e+01
 1.06610692e+01 8.93200908e+00
 9.17955820e+00 7.57377175e+00
 7.78035705e+00 6.14501465e+00
 6.48260827e+00 4.65747968e+00
 5.30837066e+00 3.12497945e+00
 4.28112653e+00 1.56349615e+00
 3.42404462e+00 -8.67579974e-03
 2.75807575e+00 -1.57089671e+00
 2.30001420e+00 -3.10047481e+00
 2.06075718e+00 -4.57341436e+00
 2.04427556e+00 -5.96555141e+00
 2.24805288e+00 -7.25388389e+00
 2.66521983e+00 -8.41779174e+00
 3.28744416e+00 -9.43982275e+00
 4.10726133e+00 -1.03060392e+01
 5.11938434e+00 -1.10062144e+01
 6.32121040e+00 -1.15339061e+01
 7.71248594e+00 -1.18861375e+01
 9.29373173e+00 -1.20627825e+01
 1.10632390e+01 -1.20661981e+01
 1.30131789e+01 -1.19012909e+01
 1.51262104e+01 -1.15755281e+01
 1.73739943e+01 -1.10984866e+01
 1.97179305e+01 -1.04813224e+01
 2.21114670e+01 -9.73689665e+00
 2.45033035e+01 -8.88065739e+00
 2.68409553e+01 -7.93145301e+00
 2.90740611e+01 -6.91133404e+00
 3.11570423e+01 -5.84426188e+00
 3.30511861e+01 -4.75457855e+00
 3.47263359e+01 -3.66603060e+00
 3.61623913e+01 -2.60106736e+00
 3.73514573e+01 -1.57937314e+00
 3.83020566e+01 -6.15176731e-01
 3.90447915e+01 2.85786462e-01
 3.96338096e+01 1.12782452e+00
 4.01367750e+01 1.92363238e+00
 4.06146106e+01 2.68945326e+00
 4.11041292e+01 3.43957910e+00
 4.16157794e+01 4.18328527e+00
 4.21445353e+01 4.92504378e+00
 4.26821762e+01 5.66641627e+00
 4.32232156e+01 6.40776577e+00
 4.37652428e+01 7.14913012e+00
 4.43074909e+01 7.89050088e+00
 4.48497774e+01 8.63187312e+00
 4.53920690e+01 9.37324551e+00
 4.59343604e+01 1.01146169e+01
 4.64766447e+01 1.08559785e+01
 4.70188747e+01 1.15972660e+01
 4.75607819e+01 1.23381120e+01
 4.81011811e+01 1.30768965e+01
 4.86360444e+01 1.38081129e+01
 4.91549078e+01 1.45174556e+01
 4.96373120e+01 1.51769547e+01
 5.00541278e+01 1.57467872e+01
 5.03776957e+01 1.61891398e+01
 5.03776957e+01 1.61891398e+01
 5.03776957e+01 1.61891398e+01
 5.03776957e+01 1.61891398e+01
 5.03776957e+01 1.61891398e+01
 5.03776957e+01 1.61891398e+01
 5.03776957e+01 1.61891398e+01
 5.03776957e+01 1.61891398e+01
 5.03776957e+01 1.61891398e+01
 5.03776957e+01 1.61891398e+01
 5.03776957e+01 1.61891398e+01
 5.03776957e+01 1.61891398e+01
 5.03776957e+01 1.61891398e+01
 5.03776957e+01 1.61891398e+01
 5.03776957e+01 1.61891398e+01
 5.03776957e+01 1.61891398e+01
 5.03776957e+01 1.61891398e+01
 5.03776957e+01 1.61891398e+01
 5.03776957e+01 1.61891398e+01
 5.03776957e+01 1.61891398e+01
 5.03776957e+01 1.61891398e+01
 5.03776957e+01 1.61891398e+01
 5.03776957e+01 1.61891398e+01
 5.03776957e+01 1.61891398e+01
 5.03776957e+01 1.61891398e+01
 5.03776957e+01 1.61891398e+01
 5.03776957e+01 1.61891398e+01
 5.03776957e+01 1.61891398e+01
 5.03776957e+01 1.61891398e+01
 5.03776957e+01 1.61891398e+01
 5.03776957e+01 1.61891398e+01
 5.03776957e+01 1.61891398e+01
 5.03776957e+01 1.61891398e+01
 5.03776957e+01 1.61891398e+01
 5.03776957e+01 1.61891398e+01
 5.03776957e+01 1.61891398e+01
 5.03776957e+01 1.61891398e+01
 5.03776957e+01 1.61891398e+01
 5.03776957e+01 1.61891398e+01
 5.03776957e+01 1.61891398e+01
 5.03776957e+01 1.61891398e+01
 5.03776957e+01 1.61891398e+01
 5.03776957e+01 1.61891398e+01
 5.03776957e+01 1.61891398e+01
 5.03776957e+01 1.61891398e+01
 5.03776957e+01 1.61891398e+01
 5.03776957e+01 1.61891398e+01
 5.03776957e+01 1.61891398e+01
 5.03776957e+01 1.61891398e+01
 5.03776957e+01 1.61891398e+01
 5.03776957e+01 1.61891398e+01
 5.03776957e+01 1.61891398e+01
 5.03776957e+01 1.61891398e+01
