 0.00000000e+00 0.00000000e+00
 0.00000000e+00 0.00000000e+00
 0.00000000e+00 0.00000000e+00
 0.00000000e+00 0.00000000e+00
 3.69638449e-02 -2.30974985e-02
 8.63811732e-02 -5.57758418e-02
 1.48095404e-01 -9.99141716e-02
 2.26235200e-01 -1.60183184e-01
 3.30102660e-01 -2.43899787e-01
 4.71844484e-01 -3.59114807e-01
 6.63882747e-01 -5.12809439e-01
 9.17762640e-01 -7.09889527e-01
 1.24379606e+00 -9.52325770e-01
 1.65067903e+00 -1.23800615e+00
 2.14487936e+00 -1.55958163e+00
 2.72992225e+00 -1.90403055e+00
 3.40588921e+00 -2.25364754e+00
 4.16936063e+00 -2.58835791e+00
 5.01376929e+00 -2.88831469e+00
 5.93005135e+00 -3.13574125e+00
 6.90750118e+00 -3.31569065e+00
 7.93471078e+00 -3.41590385e+00
 9.00053404e+00 -3.42631565e+00
 1.00951947e+01 -3.33906538e+00
 1.12116041e+01 -3.14922261e+00
 1.23463542e+01 -2.85512096e+00
 1.34993821e+01 -2.45740322e+00
 1.46720319e+01 -1.95770873e+00
 1.58646018e+01 -1.35848867e+00
 1.70747280e+01 -6.63946066e-01
 1.82968768e+01 1.18999914e-01
 1.95221997e+01 9.80390983e-01
 2.07381534e+01 1.90749849e+00
 2.19282587e+01 2.88549851e+00
 2.30729424e+01 3.89844704e+00
 2.41517762e+01 4.93039536e+00
 2.51461495e+01 5.96642095e+00
 2.60409330e+01 6.99338591e+00
 2.68246367e+01 8.00031035e+00
 2.74888592e+01 8.97837124e+00
 2.80279859e+01 9.92072381e+00
 2.84392691e+01 1.08223684e+01
 2.87226505e+01 1.16800088e+01
 2.88794733e+01 1.24916001e+01
 2.89099736e+01 1.32554245e+01
 2.88109850e+01 1.39689297e+01
 2.85755813e+01 1.46278364e+01
 2.81944749e+01 1.52258706e+01
 2.76576064e+01 1.57550198e+01
 2.69554915e+01 1.62060092e+01
 2.60811483e+01 1.65690048e+01
 2.50327611e+01 1.68347363e+01
 2.38160562e+01 1.69957440e+01
 2.24453196e+01 1.70470057e+01
 2.09426440e+01 1.69858422e+01
 1.93356540e+01 1.68119336e+01
 1.76545249e+01 1.65277213e+01
 1.59292336e+01 1.61382487e+01
 1.41874779e+01 1.56499146e+01
 1.24533324e+01 1.50690554e+01
 1.07469010e+01 1.44014153e+01
 9.08523924e+00 1.36525625e+01
 7.48410862e+00 1.28287440e+01
 5.95949377e+00 1.19377145e+01
 4.52802111e+00 1.09890772e+01
 3.20612365e+00 9.99378252e+00
 2.00848041e+00 8.96297201e+00
 9.46677760e-01 7.90680341e+00
 2.88222796e-02 6.83358057e+00
 -7.39933384e-01 5.74893336e+00
 -1.35655411e+00 4.65497549e+00
 -1.81953100e+00 3.55012975e+00
 -2.12865674e+00 2.43044359e+00
 -2.28480492e+00 1.29234487e+00
 -2.28925063e+00 1.35820118e-01
 -2.14260476e+00 -1.03318093e+00
 -1.84403222e+00 -2.20175625e+00
 -1.39128760e+00 -3.35046811e+00
 -7.81406441e-01 -4.45485785e+00
 -1.15333203e-02 -5.48768851e+00
 9.20298018e-01 -6.42143739e+00
 2.01421534e+00 -7.23054477e+00
 3.26742434e+00 -7.89314023e+00
 4.67361194e+00 -8.39209371e+00
 6.22332511e+00 -8.71525514e+00
 7.90478414e+00 -8.85520109e+00
 9.70381741e+00 -8.80939894e+00
 1.16022495e+01 -8.58116019e+00
 1.35758225e+01 -8.18042524e+00
 1.55936791e+01 -7.62338233e+00
 1.76202185e+01 -6.93124395e+00
 1.96181082e+01 -6.12902383e+00
 2.15508359e+01 -5.24449672e+00
 2.33845141e+01 -4.30712975e+00
 2.50897281e+01 -3.34684963e+00
 2.66440523e+01 -2.39241949e+00
 2.80351636e+01 -1.46912138e+00
 2.92640410e+01 -5.95687447e-01
 3.03472710e+01 2.18965077e-01
 3.13163400e+01 9.77551595e-01
 3.22114171e+01 1.69261013e+00
 3.30704539e+01 2.38079639e+00
 3.39195599e+01 3.05640697e+00
 3.47706262e+01 3.72802725e+00
 3.56258405e+01 4.39915116e+00
 3.64837450e+01 5.07055738e+00
 3.73427832e+01 5.74217926e+00
 3.82021687e+01 6.41388233e+00
 3.90616344e+01 7.08560622e+00
 3.99211143e+01 7.75733401e+00
 4.07805960e+01 8.42906229e+00
 4.16400768e+01 9.10078971e+00
 4.24995462e+01 9.77250828e+00
 4.33589296e+01 1.04441596e+01
 4.42178013e+01 1.11154110e+01
 4.50742831e+01 1.17847946e+01
 4.59219910e+01 1.24473209e+01
 4.67443406e+01 1.30900284e+01
 4.75089057e+01 1.36875745e+01
 4.81695195e+01 1.42038774e+01
 4.86823441e+01 1.46046756e+01
 4.86823441e+01 1.46046756e+01
 4.86823441e+01 1.46046756e+01
 4.86823441e+01 1.46046756e+01
 4.86823441e+01 1.46046756e+01
 4.86823441e+01 1.46046756e+01
 4.86823441e+01 1.46046756e+01
 4.86823441e+01 1.46046756e+01
 4.86823441e+01 1.46046756e+01
 4.86823441e+01 1.46046756e+01
 4.86823441e+01 1.46046756e+01
 4.86823441e+01 1.46046756e+01
 4.86823441e+01 1.46046756e+01
 4.86823441e+01 1.46046756e+01
 4.86823441e+01 1.46046756e+01
 4.86823441e+01 1.46046756e+01
 4.86823441e+01 1.46046756e+01
 4.86823441e+01 1.46046756e+01
 4.86823441e+01 1.46046756e+01
 4.86823441e+01 1.46046756e+01
 4.86823441e+01 1.46046756e+01
 4.86823441e+01 1.46046756e+01
 4.86823441e+01 1.46046756e+01
 4.86823441e+01 1.46046756e+01
 4.86823441e+01 1.46046756e+01
 4.86823441e+01 1.46046756e+01
 4.86823441e+01 1.46046756e+01
 4.86823441e+01 1.46046756e+01
 4.86823441e+01 1.46046756e+01
 4.86823441e+01 1.46046756e+01
 4.86823441e+01 1.46046756e+01
 4.86823441e+01 1.46046756e+01
 4.86823441e+01 1.46046756e+01
 4.86823441e+01 1.46046756e+01
 4.86823441e+01 1.46046756e+01
 4.86823441e+01 1.46046756e+01
 4.86823441e+01 1.46046756e+01
 4.86823441e+01 1.46046756e+01
 4.86823441e+01 1.46046756e+01
 4.86823441e+01 1.46046756e+01
 4.86823441e+01 1.46046756e+01
 4.86823441e+01 1.46046756e+01
 4.86823441e+01 1.46046756e+01
 4.86823441e+01 1.46046756e+01
 4.86823441e+01 1.46046756e+01
 4.86823441e+01 1.46046756e+01
 4.86823441e+01 1.46046756e+01
 4.86823441e+01 1.46046756e+01
 4.86823441e+01 1.46046756e+01
 4.86823441e+01 1.46046756e+01
 4.86823441e+01 1.46046756e+01
 4.86823441e+01 1.46046756e+01
 4.86823441e+01 1.46046756e+01
 4.86823441e+01 1.46046756e+01
