 0.00000000e+00 0.00000000e+00
 0.00000000e+00 0.00000000e+00
 0.00000000e+00 0.00000000e+00
 0.00000000e+00 0.00000000e+00
 -7.10468670e-03 -4.03518496e-02
 -2.43126362e-02 -1.12378788e-01
 -5.75584737e-02 -2.23328478e-01
 -1.08803167e-01 -3.75249858e-01
 -1.71444008e-01 -5.65866733e-01
 -2.30312429e-01 -7.90622473e-01
 -2.66380893e-01 -1.04367510e+00
 -2.60662939e-01 -1.31769868e+00
 -1.93937191e-01 -1.60355489e+00
 -4.58510494e-02 -1.89042328e+00
 2.02655755e-01 -2.16627941e+00
 5.65893052e-01 -2.41832965e+00
 1.05319917e+00 -2.63316032e+00
 1.67141641e+00 -2.79693666e+00
 2.42627108e+00 -2.89631291e+00
 3.32111473e+00 -2.92014574e+00
 4.35455968e+00 -2.86123907e+00
 5.51870418e+00 -2.71721869e+00
 6.79826202e+00 -2.49035175e+00
 8.17035434e+00 -2.18688908e+00
 9.60520188e+00 -1.81650185e+00
 1.10682179e+01 -1.39164972e+00
 1.25233607e+01 -9.26246735e-01
 1.39367971e+01 -4.33554681e-01
 1.52799695e+01 7.58139120e-02
 1.65318817e+01 5.94880641e-01
 1.76807661e+01 1.12031568e+00
 1.87248554e+01 1.65214443e+00
 1.96716496e+01 2.19349271e+00
 2.05356335e+01 2.75014751e+00
 2.13353076e+01 3.32960481e+00
 2.20904304e+01 3.93966073e+00
 2.28194127e+01 4.58702813e+00
 2.35362371e+01 5.27637805e+00
 2.42471380e+01 6.00963528e+00
 2.49484703e+01 6.78511699e+00
 2.56268670e+01 7.59666412e+00
 2.62611919e+01 8.43352544e+00
 2.68250487e+01 9.28148880e+00
 2.72894240e+01 1.01248566e+01
 2.76257758e+01 1.09483278e+01
 2.78092686e+01 1.17381093e+01
 2.78209879e+01 1.24821673e+01
 2.76485790e+01 1.31698796e+01
 2.72861774e+01 1.37914001e+01
 2.67343864e+01 1.43369568e+01
 2.59995609e+01 1.47961660e+01
 2.50916311e+01 1.51574656e+01
 2.40216502e+01 1.54080204e+01
 2.28011892e+01 1.55344878e+01
 2.14439296e+01 1.55246157e+01
 1.99675584e+01 1.53691628e+01
 1.83940718e+01 1.50635909e+01
 1.67485002e+01 1.46092695e+01
 1.50574267e+01 1.40140796e+01
 1.33481618e+01 1.32921724e+01
 1.16480677e+01 1.24626260e+01
 9.98310265e+00 1.15471037e+01
 8.37557669e+00 1.05671437e+01
 6.84224905e+00 9.54197541e+00
 5.39393785e+00 8.48754735e+00
 4.03664531e+00 7.41665556e+00
 2.77321169e+00 6.33929721e+00
 1.60493414e+00 5.26270901e+00
 5.33467697e-01 4.19157837e+00
 -4.36975499e-01 3.12895304e+00
 -1.29809797e+00 2.07737539e+00
 -2.03764970e+00 1.03940322e+00
 -2.64119422e+00 1.74571561e-02
 -3.09461404e+00 -9.86336913e-01
 -3.38632275e+00 -1.96984406e+00
 -3.50853855e+00 -2.93041138e+00
 -3.45754498e+00 -3.86463673e+00
 -3.23314190e+00 -4.76829083e+00
 -2.83738637e+00 -5.63574013e+00
 -2.27283890e+00 -6.45866783e+00
 -1.54075939e+00 -7.22476262e+00
 -6.39400680e-01 -7.91724800e+00
 4.37535564e-01 -8.51565958e+00
 1.70129398e+00 -8.99771537e+00
 3.16577759e+00 -9.34159036e+00
 4.84242502e+00 -9.52763080e+00
 6.73429990e+00 -9.53919872e+00
 8.83189172e+00 -9.36368825e+00
 1.11113538e+01 -8.99499795e+00
 1.35342594e+01 -8.43692864e+00
 1.60483044e+01 -7.70522181e+00
 1.85896066e+01 -6.82674198e+00
 2.10872988e+01 -5.83657436e+00
 2.34700659e+01 -4.77465814e+00
 2.56738232e+01 -3.68249127e+00
 2.76504317e+01 -2.59924862e+00
 2.93776076e+01 -1.55671821e+00
 3.08677695e+01 -5.73819419e-01
 3.21691882e+01 3.46683005e-01
 3.33527360e+01 1.21624456e+00
 3.44872332e+01 2.05323370e+00
 3.56181811e+01 2.87441856e+00
 3.67630477e+01 3.69026046e+00
 3.79213074e+01 4.50521131e+00
 3.90870623e+01 5.32038232e+00
 4.02557903e+01 6.13577523e+00
 4.14254006e+01 6.95125659e+00
 4.25952109e+01 7.76676119e+00
 4.37650562e+01 8.58227023e+00
 4.49349060e+01 9.39777981e+00
 4.61047548e+01 1.02132884e+01
 4.72745883e+01 1.10287862e+01
 4.84443046e+01 1.18442023e+01
 4.96133244e+01 1.26591329e+01
 5.07790912e+01 1.34717959e+01
 5.19329159e+01 1.42761339e+01
 5.30522250e+01 1.50564109e+01
 5.40928832e+01 1.57818599e+01
 5.49920519e+01 1.64086757e+01
 5.56900631e+01 1.68952635e+01
 5.56900631e+01 1.68952635e+01
 5.56900631e+01 1.68952635e+01
 5.56900631e+01 1.68952635e+01
 5.56900631e+01 1.68952635e+01
 5.56900631e+01 1.68952635e+01
 5.56900631e+01 1.68952635e+01
 5.56900631e+01 1.68952635e+01
 5.56900631e+01 1.68952635e+01
 5.56900631e+01 1.68952635e+01
 5.56900631e+01 1.68952635e+01
 5.56900631e+01 1.68952635e+01
 5.56900631e+01 1.68952635e+01
 5.56900631e+01 1.68952635e+01
 5.56900631e+01 1.68952635e+01
 5.56900631e+01 1.68952635e+01
 5.56900631e+01 1.68952635e+01
 5.56900631e+01 1.68952635e+01
 5.56900631e+01 1.68952635e+01
 5.56900631e+01 1.68952635e+01
 5.56900631e+01 1.68952635e+01
 5.56900631e+01 1.68952635e+01
 5.56900631e+01 1.68952635e+01
 5.56900631e+01 1.68952635e+01
 5.56900631e+01 1.68952635e+01
 5.56900631e+01 1.68952635e+01
 5.56900631e+01 1.68952635e+01
 5.56900631e+01 1.68952635e+01
 5.56900631e+01 1.68952635e+01
 5.56900631e+01 1.68952635e+01
 5.56900631e+01 1.68952635e+01
 5.56900631e+01 1.68952635e+01
 5.56900631e+01 1.68952635e+01
 5.56900631e+01 1.68952635e+01
 5.56900631e+01 1.68952635e+01
 5.56900631e+01 1.68952635e+01
 5.56900631e+01 1.68952635e+01
 5.56900631e+01 1.68952635e+01
 5.56900631e+01 1.68952635e+01
 5.56900631e+01 1.68952635e+01
 5.56900631e+01 1.68952635e+01
 5.56900631e+01 1.68952635e+01
 5.56900631e+01 1.68952635e+01
 5.56900631e+01 1.68952635e+01
 5.56900631e+01 1.68952635e+01
 5.56900631e+01 1.68952635e+01
 5.56900631e+01 1.68952635e+01
 5.56900631e+01 1.68952635e+01
 5.56900631e+01 1.68952635e+01
 5.56900631e+01 1.68952635e+01
 5.56900631e+01 1.68952635e+01
 5.56900631e+01 1.68952635e+01
 5.56900631e+01 1.68952635e+01
 5.56900631e+01 1.68952635e+01
 5.56900631e+01 1.68952635e+01
