 0.00000000e+00 0.00000000e+00
 0.00000000e+00 0.00000000e+00
 0.00000000e+00 0.00000000e+00
 0.00000000e+00 0.00000000e+00
 -2.30659609e-01 -7.41358211e-02
 -4.89620560e-01 -1.60407964e-01
 -7.34637330e-01 -2.49505842e-01
 -9.31657691e-01 -3.36158707e-01
 -1.06576396e+00 -4.21305977e-01
 -1.13882751e+00 -5.10055786e-01
 -1.15957209e+00 -6.08517187e-01
 -1.13471383e+00 -7.22063704e-01
 -1.06621953e+00 -8.54770416e-01
 -9.53479535e-01 -1.00879828e+00
 -7.95429249e-01 -1.18361463e+00
 -5.89795979e-01 -1.37553953e+00
 -3.31153935e-01 -1.57765868e+00
 -1.03548039e-02 -1.77999206e+00
 3.84534371e-01 -1.97009268e+00
 8.66944233e-01 -2.13418400e+00
 1.45042655e+00 -2.25851265e+00
 2.14687936e+00 -2.33032027e+00
 2.96486826e+00 -2.33810926e+00
 3.90904651e+00 -2.27166635e+00
 4.98069533e+00 -2.12265171e+00
 6.17798161e+00 -1.88567625e+00
 7.49443968e+00 -1.55895746e+00
 8.91591645e+00 -1.14426479e+00
 1.04182656e+01 -6.46720261e-01
 1.19681387e+01 -7.46945252e-02
 1.35269182e+01 5.60519541e-01
 1.50555267e+01 1.24536849e+00
 1.65178286e+01 1.96483691e+00
 1.78822238e+01 2.70333268e+00
 1.91226299e+01 3.44582589e+00
 2.02198899e+01 4.17934108e+00
 2.11631900e+01 4.89457498e+00
 2.19500466e+01 5.58702989e+00
 2.25840993e+01 6.25701158e+00
 2.30717875e+01 6.90838047e+00
 2.34199604e+01 7.54667539e+00
 2.36351521e+01 8.17745485e+00
 2.37230315e+01 8.80520872e+00
 2.36867241e+01 9.43256303e+00
 2.35253870e+01 1.00594876e+01
 2.32351143e+01 1.06827334e+01
 2.28112931e+01 1.12958698e+01
 2.22497936e+01 1.18897697e+01
 2.15467357e+01 1.24530433e+01
 2.06989098e+01 1.29723049e+01
 1.97057841e+01 1.34326304e+01
 1.85718371e+01 1.38185139e+01
 1.73078825e+01 1.41152196e+01
 1.59313225e+01 1.43101187e+01
 1.44657268e+01 1.43937439e+01
 1.29396720e+01 1.43606700e+01
 1.13845898e+01 1.42101415e+01
 9.83180907e+00 1.39457595e+01
 8.30945454e+00 1.35738833e+01
 6.83990023e+00 1.31016068e+01
 5.43817545e+00 1.25353552e+01
 4.11154406e+00 1.18802117e+01
 2.86051662e+00 1.11396656e+01
 1.68116364e+00 1.03157800e+01
 5.67752559e-01 9.40985350e+00
 -4.85386195e-01 8.42340650e+00
 -1.48280291e+00 7.35917186e+00
 -2.42682983e+00 6.22178893e+00
 -3.31601936e+00 5.01823464e+00
 -4.14381599e+00 3.75837588e+00
 -4.89855909e+00 2.45568573e+00
 -5.56511265e+00 1.12745430e+00
 -6.12727121e+00 -2.06060544e-01
 -6.56985848e+00 -1.52321529e+00
 -6.88016813e+00 -2.80252661e+00
 -7.04883567e+00 -4.02376268e+00
 -7.06995973e+00 -5.16871523e+00
 -6.94036760e+00 -6.22201627e+00
 -6.65851172e+00 -7.17200122e+00
 -6.22350856e+00 -8.01104688e+00
 -5.63437002e+00 -8.73491257e+00
 -4.88949049e+00 -9.34136972e+00
 -3.98664179e+00 -9.82882477e+00
 -2.92352749e+00 -1.01953746e+01
 -1.69890771e+00 -1.04384297e+01
 -3.14498899e-01 -1.05550056e+01
 1.22254067e+00 -1.05426294e+01
 2.89746201e+00 -1.04005501e+01
 4.68701491e+00 -1.01309772e+01
 6.55994040e+00 -9.74024364e+00
 8.47846527e+00 -9.23956468e+00
 1.04003548e+01 -8.64480735e+00
 1.22813545e+01 -7.97514651e+00
 1.40780848e+01 -7.25130100e+00
 1.57513709e+01 -6.49411388e+00
 1.72697898e+01 -5.72342689e+00
 1.86134284e+01 -4.95670467e+00
 1.97781804e+01 -4.20744165e+00
 2.07798520e+01 -3.48409415e+00
 2.16544671e+01 -2.79000108e+00
 2.24503533e+01 -2.12402381e+00
 2.32132074e+01 -1.48158169e+00
 2.39730674e+01 -8.56149626e-01
 2.47415821e+01 -2.41126185e-01
 2.55186090e+01 3.68613113e-01
 2.63004293e+01 9.76163958e-01
 2.70841561e+01 1.58298473e+00
 2.78684495e+01 2.18961111e+00
 2.86528715e+01 2.79619645e+00
 2.94373160e+01 3.40277494e+00
 3.02217635e+01 4.00935247e+00
 3.10062102e+01 4.61592909e+00
 3.17906466e+01 5.22249770e+00
 3.25750045e+01 5.82900560e+00
 3.33588953e+01 6.43515234e+00
 3.41406049e+01 7.03961240e+00
 3.49143066e+01 7.63788033e+00
 3.56648637e+01 8.21825165e+00
 3.63626811e+01 8.75784180e+00
 3.69656222e+01 9.22406844e+00
 3.74336764e+01 9.58599323e+00
 3.74336764e+01 9.58599323e+00
 3.74336764e+01 9.58599323e+00
 3.74336764e+01 9.58599323e+00
 3.74336764e+01 9.58599323e+00
 3.74336764e+01 9.58599323e+00
 3.74336764e+01 9.58599323e+00
 3.74336764e+01 9.58599323e+00
 3.74336764e+01 9.58599323e+00
 3.74336764e+01 9.58599323e+00
 3.74336764e+01 9.58599323e+00
 3.74336764e+01 9.58599323e+00
 3.74336764e+01 9.58599323e+00
 3.74336764e+01 9.58599323e+00
 3.74336764e+01 9.58599323e+00
 3.74336764e+01 9.58599323e+00
 3.74336764e+01 9.58599323e+00
 3.74336764e+01 9.58599323e+00
 3.74336764e+01 9.58599323e+00
 3.74336764e+01 9.58599323e+00
 3.74336764e+01 9.58599323e+00
 3.74336764e+01 9.58599323e+00
 3.74336764e+01 9.58599323e+00
 3.74336764e+01 9.58599323e+00
 3.74336764e+01 9.58599323e+00
 3.74336764e+01 9.58599323e+00
 3.74336764e+01 9.58599323e+00
 3.74336764e+01 9.58599323e+00
 3.74336764e+01 9.58599323e+00
 3.74336764e+01 9.58599323e+00
 3.74336764e+01 9.58599323e+00
 3.74336764e+01 9.58599323e+00
 3.74336764e+01 9.58599323e+00
 3.74336764e+01 9.58599323e+00
 3.74336764e+01 9.58599323e+00
 3.74336764e+01 9.58599323e+00
 3.74336764e+01 9.58599323e+00
 3.74336764e+01 9.58599323e+00
 3.74336764e+01 9.58599323e+00
 3.74336764e+01 9.58599323e+00
 3.74336764e+01 9.58599323e+00
 3.74336764e+01 9.58599323e+00
 3.74336764e+01 9.58599323e+00
 3.74336764e+01 9.58599323e+00
 3.74336764e+01 9.58599323e+00
 3.74336764e+01 9.58599323e+00
 3.74336764e+01 9.58599323e+00
 3.74336764e+01 9.58599323e+00
 3.74336764e+01 9.58599323e+00
 3.74336764e+01 9.58599323e+00
 3.74336764e+01 9.58599323e+00
 3.74336764e+01 9.58599323e+00
 3.74336764e+01 9.58599323e+00
 3.74336764e+01 9.58599323e+00
