 0.00000000e+00 0.00000000e+00
 0.00000000e+00 0.00000000e+00
 0.00000000e+00 0.00000000e+00
 0.00000000e+00 0.00000000e+00
 6.08898239e-04 -3.95945918e-02
 3.04854163e-03 -9.19073559e-02
 1.09634552e-02 -1.57871723e-01
 3.19965409e-02 -2.39766672e-01
 7.84796161e-02 -3.40982923e-01
 1.65619670e-01 -4.65030187e-01
 3.07670064e-01 -6.14244365e-01
 5.14901951e-01 -7.88616099e-01
 7.93524228e-01 -9.85211813e-01
 1.14752889e+00 -1.19833047e+00
 1.57993542e+00 -1.42008412e+00
 2.09255809e+00 -1.64108494e+00
 2.68533643e+00 -1.85121759e+00
 3.35620946e+00 -2.04053349e+00
 4.10154285e+00 -2.20013577e+00
 4.91681702e+00 -2.32291139e+00
 5.79738111e+00 -2.40388169e+00
 6.73893686e+00 -2.43956513e+00
 7.73750180e+00 -2.42615599e+00
 8.78912760e+00 -2.35790748e+00
 9.88987096e+00 -2.22744508e+00
 1.10361556e+01 -2.02748852e+00
 1.22252886e+01 -1.75177455e+00
 1.34557794e+01 -1.39439756e+00
 1.47270440e+01 -9.48930533e-01
 1.60382182e+01 -4.08663245e-01
 1.73865833e+01 2.32151955e-01
 1.87668103e+01 9.77004557e-01
 2.01714993e+01 1.82649042e+00
 2.15918914e+01 2.77834804e+00
 2.30173954e+01 3.82772057e+00
 2.44341065e+01 4.96727253e+00
 2.58237516e+01 6.18713406e+00
 2.71640812e+01 7.47478651e+00
 2.84303630e+01 8.81493484e+00
 2.95968011e+01 1.01894481e+01
 3.06370680e+01 1.15775394e+01
 3.15242230e+01 1.29562886e+01
 3.22310716e+01 1.43015104e+01
 3.27317713e+01 1.55889090e+01
 3.30043028e+01 1.67952504e+01
 3.30323539e+01 1.78991023e+01
 3.28055277e+01 1.88809389e+01
 3.23183576e+01 1.97228547e+01
 3.15694500e+01 2.04082913e+01
 3.05614246e+01 2.09221382e+01
 2.93015716e+01 2.12514090e+01
 2.78030268e+01 2.13862625e+01
 2.60860548e+01 2.13208884e+01
 2.41786783e+01 2.10541153e+01
 2.21161211e+01 2.05899303e+01
 1.99392878e+01 1.99379207e+01
 1.76928572e+01 1.91132869e+01
 1.54230961e+01 1.81359764e+01
 1.31749739e+01 1.70287589e+01
 1.09884555e+01 1.58146311e+01
 8.89473340e+00 1.45144122e+01
 6.91373072e+00 1.31453217e+01
 5.05404329e+00 1.17207589e+01
 3.31564815e+00 1.02509784e+01
 1.69453284e+00 8.74424766e+00
 1.87565184e-01 7.20817068e+00
 -1.20395324e+00 5.65084476e+00
 -2.47264068e+00 4.08154746e+00
 -3.60492227e+00 2.51089274e+00
 -4.58182721e+00 9.50558040e-01
 -5.38043547e+00 -5.87310884e-01
 -5.97614570e+00 -2.09082856e+00
 -6.34595774e+00 -3.54899504e+00
 -6.47229217e+00 -4.95207267e+00
 -6.34601735e+00 -6.29150653e+00
 -5.96748246e+00 -7.55912343e+00
 -5.34557079e+00 -8.74582100e+00
 -4.49572689e+00 -9.84056027e+00
 -3.43774077e+00 -1.08302904e+01
 -2.19348614e+00 -1.17006958e+01
 -7.84653399e-01 -1.24373306e+01
 7.69254063e-01 -1.30268800e+01
 2.45217996e+00 -1.34583598e+01
 4.25150543e+00 -1.37239799e+01
 6.15649329e+00 -1.38195731e+01
 8.15551865e+00 -1.37448285e+01
 1.02329832e+01 -1.35035701e+01
 1.23669680e+01 -1.31039459e+01
 1.45285716e+01 -1.25581545e+01
 1.66833978e+01 -1.18816084e+01
 1.87945761e+01 -1.10919761e+01
 2.08259461e+01 -1.02086351e+01
 2.27446604e+01 -9.25248391e+00
 2.45236642e+01 -8.24554906e+00
 2.61448871e+01 -7.21006120e+00
 2.76032996e+01 -6.16721597e+00
 2.89105688e+01 -5.13581357e+00
 3.00953851e+01 -4.13048063e+00
 3.11975053e+01 -3.15937895e+00
 3.22563749e+01 -2.22266389e+00
 3.33005129e+01 -1.31361347e+00
 3.43440662e+01 -4.22496345e-01
 3.53907108e+01 4.59280189e-01
 3.64397080e+01 1.33716464e+00
 3.74897580e+01 2.21375701e+00
 3.85401411e+01 3.09000889e+00
 3.95906029e+01 3.96618976e+00
 4.06410787e+01 4.84235894e+00
 4.16915564e+01 5.71852651e+00
 4.27420329e+01 6.59469273e+00
 4.37924956e+01 7.47084739e+00
 4.48428531e+01 8.34691436e+00
 4.58925852e+01 9.22245965e+00
 4.69393962e+01 1.00955686e+01
 4.79754837e+01 1.09597334e+01
 4.89805776e+01 1.17980475e+01
 4.99150461e+01 1.25774555e+01
 5.07224629e+01 1.32508940e+01
 5.13492485e+01 1.37736743e+01
 5.13492485e+01 1.37736743e+01
 5.13492485e+01 1.37736743e+01
 5.13492485e+01 1.37736743e+01
 5.13492485e+01 1.37736743e+01
 5.13492485e+01 1.37736743e+01
 5.13492485e+01 1.37736743e+01
 5.13492485e+01 1.37736743e+01
 5.13492485e+01 1.37736743e+01
 5.13492485e+01 1.37736743e+01
 5.13492485e+01 1.37736743e+01
 5.13492485e+01 1.37736743e+01
 5.13492485e+01 1.37736743e+01
 5.13492485e+01 1.37736743e+01
 5.13492485e+01 1.37736743e+01
 5.13492485e+01 1.37736743e+01
 5.13492485e+01 1.37736743e+01
 5.13492485e+01 1.37736743e+01
 5.13492485e+01 1.37736743e+01
 5.13492485e+01 1.37736743e+01
 5.13492485e+01 1.37736743e+01
 5.13492485e+01 1.37736743e+01
 5.13492485e+01 1.37736743e+01
 5.13492485e+01 1.37736743e+01
 5.13492485e+01 1.37736743e+01
 5.13492485e+01 1.37736743e+01
 5.13492485e+01 1.37736743e+01
 5.13492485e+01 1.37736743e+01
 5.13492485e+01 1.37736743e+01
 5.13492485e+01 1.37736743e+01
 5.13492485e+01 1.37736743e+01
 5.13492485e+01 1.37736743e+01
 5.13492485e+01 1.37736743e+01
 5.13492485e+01 1.37736743e+01
 5.13492485e+01 1.37736743e+01
 5.13492485e+01 1.37736743e+01
 5.13492485e+01 1.37736743e+01
 5.13492485e+01 1.37736743e+01
 5.13492485e+01 1.37736743e+01
 5.13492485e+01 1.37736743e+01
 5.13492485e+01 1.37736743e+01
 5.13492485e+01 1.37736743e+01
 5.13492485e+01 1.37736743e+01
 5.13492485e+01 1.37736743e+01
 5.13492485e+01 1.37736743e+01
 5.13492485e+01 1.37736743e+01
 5.13492485e+01 1.37736743e+01
 5.13492485e+01 1.37736743e+01
 5.13492485e+01 1.37736743e+01
 5.13492485e+01 1.37736743e+01
 5.13492485e+01 1.37736743e+01
 5.13492485e+01 1.37736743e+01
 5.13492485e+01 1.37736743e+01
 5.13492485e+01 1.37736743e+01
 5.13492485e+01 1.37736743e+01
 5.13492485e+01 1.37736743e+01
