 0.00000000e+00 0.00000000e+00
 0.00000000e+00 0.00000000e+00
 0.00000000e+00 0.00000000e+00
 0.00000000e+00 0.00000000e+00
 -1.04576372e-01 -8.34448448e-02
 -2.33017416e-01 -1.89264051e-01
 -3.69658832e-01 -3.10668890e-01
 -4.97694532e-01 -4.42687177e-01
 -6.04247587e-01 -5.85187112e-01
 -6.80525234e-01 -7.42669425e-01
 -7.17935052e-01 -9.21926587e-01
 -7.04677158e-01 -1.12927016e+00
 -6.26305951e-01 -1.36847272e+00
 -4.69095913e-01 -1.63977580e+00
 -2.22401039e-01 -1.93961925e+00
 1.21682695e-01 -2.26065799e+00
 5.69771155e-01 -2.59207496e+00
 1.12772950e+00 -2.92028207e+00
 1.79998393e+00 -3.22975566e+00
 2.58858722e+00 -3.50380766e+00
 3.49300798e+00 -3.72545952e+00
 4.51076846e+00 -3.87856336e+00
 5.63805331e+00 -3.94905763e+00
 6.86924263e+00 -3.92614286e+00
 8.19537762e+00 -3.80310168e+00
 9.60278251e+00 -3.57749486e+00
 1.10731563e+01 -3.25072902e+00
 1.25853715e+01 -2.82727470e+00
 1.41180167e+01 -2.31382703e+00
 1.56513928e+01 -1.71855170e+00
 1.71682361e+01 -1.05045146e+00
 1.86532867e+01 -3.18903036e-01
 2.00924929e+01 4.66526521e-01
 2.14727588e+01 1.29601990e+00
 2.27823412e+01 2.15957767e+00
 2.40109765e+01 3.04757887e+00
 2.51489715e+01 3.95160594e+00
 2.61857686e+01 4.86483192e+00
 2.71092355e+01 5.78165159e+00
 2.79061924e+01 6.69702729e+00
 2.85634882e+01 7.60617419e+00
 2.90685675e+01 8.50464762e+00
 2.94091439e+01 9.38842131e+00
 2.95726544e+01 1.02535720e+01
 2.95466231e+01 1.10955068e+01
 2.93203736e+01 1.19080230e+01
 2.88874187e+01 1.26826211e+01
 2.82473558e+01 1.34082807e+01
 2.74063834e+01 1.40716121e+01
 2.63761993e+01 1.46571851e+01
 2.51717760e+01 1.51479310e+01
 2.38090060e+01 1.55257633e+01
 2.23032160e+01 1.57727617e+01
 2.06691067e+01 1.58731935e+01
 1.89220450e+01 1.58162489e+01
 1.70800050e+01 1.55986834e+01
 1.51651179e+01 1.52260194e+01
 1.32040140e+01 1.47114973e+01
 1.12268217e+01 1.40733922e+01
 9.26522428e+00 1.33320151e+01
 7.35004446e+00 1.25070964e+01
 5.50866609e+00 1.16155711e+01
 3.76259730e+00 1.06698466e+01
 2.12570133e+00 9.67687964e+00
 6.03802153e-01 8.63822126e+00
 -8.03879412e-01 7.55092639e+00
 -2.10160011e+00 6.40924152e+00
 -3.29299049e+00 5.20698179e+00
 -4.37714965e+00 3.94017145e+00
 -5.34631571e+00 2.60924991e+00
 -6.18600704e+00 1.22034701e+00
 -6.87737539e+00 -2.14476969e-01
 -7.40037478e+00 -1.67786000e+00
 -7.73623424e+00 -3.14819840e+00
 -7.86906779e+00 -4.60058455e+00
 -7.78774887e+00 -6.00755430e+00
 -7.48819307e+00 -7.34033142e+00
 -6.97413575e+00 -8.57118854e+00
 -6.25506526e+00 -9.67632770e+00
 -5.34276552e+00 -1.06376189e+01
 -4.24878761e+00 -1.14421820e+01
 -2.98350084e+00 -1.20807407e+01
 -1.55612914e+00 -1.25466137e+01
 2.46569765e-02 -1.28359541e+01
 1.74961583e+00 -1.29481068e+01
 3.60732723e+00 -1.28849454e+01
 5.58258829e+00 -1.26495478e+01
 7.65565661e+00 -1.22455570e+01
 9.80273420e+00 -1.16780532e+01
 1.19969841e+01 -1.09555675e+01
 1.42088346e+01 -1.00921960e+01
 1.64051459e+01 -9.10896739e+00
 1.85482865e+01 -8.03409406e+00
 2.05967491e+01 -6.90191795e+00
 2.25079575e+01 -5.75052792e+00
 2.42424424e+01 -4.61846724e+00
 2.57681908e+01 -3.54106728e+00
 2.70652368e+01 -2.54639750e+00
 2.81317949e+01 -1.65062055e+00
 2.89912442e+01 -8.53818371e-01
 2.96939732e+01 -1.39323842e-01
 3.03066841e+01 5.20657227e-01
 3.08909314e+01 1.15457159e+00
 3.14846757e+01 1.78232451e+00
 3.20993870e+01 2.41272509e+00
 3.27306996e+01 3.04700014e+00
 3.33707213e+01 3.68366143e+00
 3.40140928e+01 4.32130905e+00
 3.46584413e+01 4.95925596e+00
 3.53030090e+01 5.59727164e+00
 3.59476148e+01 6.23529946e+00
 3.65922257e+01 6.87332887e+00
 3.72368363e+01 7.51135758e+00
 3.78814383e+01 8.14937789e+00
 3.85259759e+01 8.78733435e+00
 3.91701297e+01 9.42491092e+00
 3.98124910e+01 1.00607134e+01
 4.04482719e+01 1.06900026e+01
 4.10650341e+01 1.13004672e+01
 4.16384580e+01 1.18680361e+01
 4.21339183e+01 1.23584375e+01
 4.25185367e+01 1.27391288e+01
 4.25185367e+01 1.27391288e+01
 4.25185367e+01 1.27391288e+01
 4.25185367e+01 1.27391288e+01
 4.25185367e+01 1.27391288e+01
 4.25185367e+01 1.27391288e+01
 4.25185367e+01 1.27391288e+01
 4.25185367e+01 1.27391288e+01
 4.25185367e+01 1.27391288e+01
 4.25185367e+01 1.27391288e+01
 4.25185367e+01 1.27391288e+01
 4.25185367e+01 1.27391288e+01
 4.25185367e+01 1.27391288e+01
 4.25185367e+01 1.27391288e+01
 4.25185367e+01 1.27391288e+01
 4.25185367e+01 1.27391288e+01
 4.25185367e+01 1.27391288e+01
 4.25185367e+01 1.27391288e+01
 4.25185367e+01 1.27391288e+01
 4.25185367e+01 1.27391288e+01
 4.25185367e+01 1.27391288e+01
 4.25185367e+01 1.27391288e+01
 4.25185367e+01 1.27391288e+01
 4.25185367e+01 1.27391288e+01
 4.25185367e+01 1.27391288e+01
 4.25185367e+01 1.27391288e+01
 4.25185367e+01 1.27391288e+01
 4.25185367e+01 1.27391288e+01
 4.25185367e+01 1.27391288e+01
 4.25185367e+01 1.27391288e+01
 4.25185367e+01 1.27391288e+01
 4.25185367e+01 1.27391288e+01
 4.25185367e+01 1.27391288e+01
 4.25185367e+01 1.27391288e+01
 4.25185367e+01 1.27391288e+01
 4.25185367e+01 1.27391288e+01
 4.25185367e+01 1.27391288e+01
 4.25185367e+01 1.27391288e+01
 4.25185367e+01 1.27391288e+01
 4.25185367e+01 1.27391288e+01
 4.25185367e+01 1.27391288e+01
 4.25185367e+01 1.27391288e+01
 4.25185367e+01 1.27391288e+01
 4.25185367e+01 1.27391288e+01
 4.25185367e+01 1.27391288e+01
 4.25185367e+01 1.27391288e+01
 4.25185367e+01 1.27391288e+01
 4.25185367e+01 1.27391288e+01
 4.25185367e+01 1.27391288e+01
 4.25185367e+01 1.27391288e+01
 4.25185367e+01 1.27391288e+01
 4.25185367e+01 1.27391288e+01
 4.25185367e+01 1.27391288e+01
