 0.00000000e+00 0.00000000e+00
 0.00000000e+00 0.00000000e+00
 0.00000000e+00 0.00000000e+00
 0.00000000e+00 0.00000000e+00
 2.64043385e-03 -4.37349270e-02
 1.09044332e-02 -1.28442284e-01
 3.19465324e-02 -2.71722917e-01
 7.62220528e-02 -4.88931200e-01
 1.54907147e-01 -7.91464360e-01
 2.76508460e-01 -1.18649559e+00
 4.45832658e-01 -1.67654458e+00
 6.66292446e-01 -2.25809145e+00
 9.43151457e-01 -2.92006789e+00
 1.28512139e+00 -3.64364619e+00
 1.70396351e+00 -4.40388341e+00
 2.21301095e+00 -5.17249438e+00
 2.82536216e+00 -5.92058187e+00
 3.55228525e+00 -6.62065464e+00
 4.40235324e+00 -7.24788326e+00
 5.38145696e+00 -7.78078239e+00
 6.49319047e+00 -8.20151890e+00
 7.73887674e+00 -8.49596311e+00
 9.11691618e+00 -8.65342915e+00
 1.06215695e+01 -8.66609064e+00
 1.22414609e+01 -8.52853987e+00
 1.39583978e+01 -8.23824141e+00
 1.57473663e+01 -7.79690116e+00
 1.75781664e+01 -7.21167296e+00
 1.94183328e+01 -6.49513570e+00
 2.12364272e+01 -5.66405422e+00
 2.30046659e+01 -4.73763914e+00
 2.47002924e+01 -3.73578621e+00
 2.63059839e+01 -2.67738624e+00
 2.78099091e+01 -1.57883621e+00
 2.92053035e+01 -4.53079252e-01
 3.04888253e+01 6.90537906e-01
 3.16577436e+01 1.84555657e+00
 3.27073332e+01 3.00710559e+00
 3.36300087e+01 4.17046475e+00
 3.44165018e+01 5.32989784e+00
 3.50580198e+01 6.47790068e+00
 3.55479135e+01 7.60485721e+00
 3.58820209e+01 8.69918196e+00
 3.60578826e+01 9.74802190e+00
 3.60735736e+01 1.07381742e+01
 3.59267721e+01 1.16564605e+01
 3.56143907e+01 1.24892132e+01
 3.51327791e+01 1.32215398e+01
 3.44780618e+01 1.38372549e+01
 3.36461184e+01 1.43195475e+01
 3.26323345e+01 1.46518827e+01
 3.14319101e+01 1.48189184e+01
 3.00414252e+01 1.48075162e+01
 2.84614867e+01 1.46078925e+01
 2.66992793e+01 1.42148276e+01
 2.47698051e+01 1.36286879e+01
 2.26957039e+01 1.28560238e+01
 2.05065573e+01 1.19098175e+01
 1.82382850e+01 1.08093224e+01
 1.59321723e+01 9.57883812e+00
 1.36326809e+01 8.24502164e+00
 1.13840719e+01 6.83365041e+00
 9.22713117e+00 5.36753853e+00
 7.19753083e+00 3.86649574e+00
 5.32625599e+00 2.34860515e+00
 3.64108830e+00 8.31239448e-01
 2.16747955e+00 -6.69103864e-01
 9.27708297e-01 -2.13766463e+00
 -6.13264285e-02 -3.56184555e+00
 -7.90008840e-01 -4.93076253e+00
 -1.25609478e+00 -6.23462220e+00
 -1.46330810e+00 -7.46487650e+00
 -1.42033522e+00 -8.61517716e+00
 -1.14094361e+00 -9.68211345e+00
 -6.43232829e-01 -1.06647503e+01
 5.38912305e-02 -1.15630594e+01
 9.35542154e-01 -1.23762474e+01
 1.99359382e+00 -1.31017756e+01
 3.22583604e+00 -1.37349917e+01
 4.63267241e+00 -1.42689767e+01
 6.21313473e+00 -1.46947986e+01
 7.96127407e+00 -1.50026798e+01
 9.86337373e+00 -1.51836551e+01
 1.18963048e+01 -1.52304700e+01
 1.40273841e+01 -1.51376275e+01
 1.62159352e+01 -1.49020793e+01
 1.84163568e+01 -1.45251920e+01
 2.05820979e+01 -1.40145062e+01
 2.26696782e+01 -1.33837584e+01
 2.46418763e+01 -1.26513589e+01
 2.64695913e+01 -1.18385118e+01
 2.81324486e+01 -1.09678303e+01
 2.96184463e+01 -1.00625233e+01
 3.09230699e+01 -9.14558655e+00
 3.20488891e+01 -8.23829922e+00
 3.30070074e+01 -7.35790847e+00
 3.38201464e+01 -6.51522248e+00
 3.45238457e+01 -5.71323266e+00
 3.51612172e+01 -4.94765941e+00
 3.57716070e+01 -4.20953687e+00
 3.63804167e+01 -3.48882036e+00
 3.69972379e+01 -2.77732470e+00
 3.76216571e+01 -2.06987774e+00
 3.82503135e+01 -1.36389289e+00
 3.88806487e+01 -6.58339212e-01
 3.95114819e+01 4.71113349e-02
 4.01424282e+01 7.52541997e-01
 4.07733941e+01 1.45796958e+00
 4.14043627e+01 2.16339671e+00
 4.20353307e+01 2.86882284e+00
 4.26662904e+01 3.57423967e+00
 4.32971870e+01 4.27958589e+00
 4.39277079e+01 4.98451210e+00
 4.45564743e+01 5.68747676e+00
 4.51787995e+01 6.38324021e+00
 4.57825085e+01 7.05819056e+00
 4.63437965e+01 7.68571391e+00
 4.68287708e+01 8.22791823e+00
 4.72052492e+01 8.64882336e+00
 4.72052492e+01 8.64882336e+00
 4.72052492e+01 8.64882336e+00
 4.72052492e+01 8.64882336e+00
 4.72052492e+01 8.64882336e+00
 4.72052492e+01 8.64882336e+00
 4.72052492e+01 8.64882336e+00
 4.72052492e+01 8.64882336e+00
 4.72052492e+01 8.64882336e+00
 4.72052492e+01 8.64882336e+00
 4.72052492e+01 8.64882336e+00
 4.72052492e+01 8.64882336e+00
 4.72052492e+01 8.64882336e+00
 4.72052492e+01 8.64882336e+00
 4.72052492e+01 8.64882336e+00
 4.72052492e+01 8.64882336e+00
 4.72052492e+01 8.64882336e+00
 4.72052492e+01 8.64882336e+00
 4.72052492e+01 8.64882336e+00
 4.72052492e+01 8.64882336e+00
 4.72052492e+01 8.64882336e+00
 4.72052492e+01 8.64882336e+00
 4.72052492e+01 8.64882336e+00
 4.72052492e+01 8.64882336e+00
 4.72052492e+01 8.64882336e+00
 4.72052492e+01 8.64882336e+00
 4.72052492e+01 8.64882336e+00
 4.72052492e+01 8.64882336e+00
 4.72052492e+01 8.64882336e+00
 4.72052492e+01 8.64882336e+00
 4.72052492e+01 8.64882336e+00
 4.72052492e+01 8.64882336e+00
 4.72052492e+01 8.64882336e+00
 4.72052492e+01 8.64882336e+00
 4.72052492e+01 8.64882336e+00
 4.72052492e+01 8.64882336e+00
 4.72052492e+01 8.64882336e+00
 4.72052492e+01 8.64882336e+00
 4.72052492e+01 8.64882336e+00
 4.72052492e+01 8.64882336e+00
 4.72052492e+01 8.64882336e+00
 4.72052492e+01 8.64882336e+00
 4.72052492e+01 8.64882336e+00
 4.72052492e+01 8.64882336e+00
 4.72052492e+01 8.64882336e+00
 4.72052492e+01 8.64882336e+00
 4.72052492e+01 8.64882336e+00
 4.72052492e+01 8.64882336e+00
 4.72052492e+01 8.64882336e+00
 4.72052492e+01 8.64882336e+00
 4.72052492e+01 8.64882336e+00
 4.72052492e+01 8.64882336e+00
 4.72052492e+01 8.64882336e+00
 4.72052492e+01 8.64882336e+00
 4.72052492e+01 8.64882336e+00
 4.72052492e+01 8.64882336e+00
