 0.00000000e+00 0.00000000e+00
 0.00000000e+00 0.00000000e+00
 0.00000000e+00 0.00000000e+00
 0.00000000e+00 0.00000000e+00
 1.45362614e-01 -7.63254994e-02
 3.42989773e-01 -1.89617773e-01
 5.92701674e-01 -3.43431978e-01
 8.95921706e-01 -5.38683789e-01
 1.25721867e+00 -7.74218107e-01
 1.68335953e+00 -1.04687525e+00
 2.18236376e+00 -1.35114249e+00
 2.76354990e+00 -1.67882955e+00
 3.43753084e+00 -2.01900947e+00
 4.21503681e+00 -2.35825021e+00
 5.10478558e+00 -2.68105781e+00
 6.11157830e+00 -2.97042693e+00
 7.23554613e+00 -3.20860905e+00
 8.47259727e+00 -3.37838353e+00
 9.81541955e+00 -3.46463999e+00
 1.12541942e+01 -3.45540947e+00
 1.27765221e+01 -3.34188557e+00
 1.43667332e+01 -3.11820560e+00
 1.60052422e+01 -2.78197654e+00
 1.76686449e+01 -2.33532755e+00
 1.93308808e+01 -1.78535882e+00
 2.09651301e+01 -1.14327785e+00
 2.25455698e+01 -4.22523409e-01
 2.40483804e+01 3.63245375e-01
 2.54523245e+01 1.20158494e+00
 2.67396102e+01 2.08197484e+00
 2.78970338e+01 2.99596726e+00
 2.89165113e+01 3.93691781e+00
 2.97942387e+01 4.89944162e+00
 3.05287988e+01 5.87887817e+00
 3.11193732e+01 6.87103515e+00
 3.15649722e+01 7.87217606e+00
 3.18646043e+01 8.87881260e+00
 3.20175775e+01 9.88685411e+00
 3.20232669e+01 1.08903393e+01
 3.18805493e+01 1.18806180e+01
 3.15876984e+01 1.28464862e+01
 3.11430611e+01 1.37748168e+01
 3.05460180e+01 1.46509869e+01
 2.97977727e+01 1.54590841e+01
 2.89020347e+01 1.61824306e+01
 2.78655277e+01 1.68046989e+01
 2.66976843e+01 1.73111989e+01
 2.54090645e+01 1.76896993e+01
 2.40090734e+01 1.79307579e+01
 2.25042987e+01 1.80281034e+01
 2.08985397e+01 1.79791732e+01
 1.91946659e+01 1.77851314e+01
 1.73973200e+01 1.74498969e+01
 1.55148166e+01 1.69786428e+01
 1.35592931e+01 1.63766043e+01
 1.15458646e+01 1.56485947e+01
 9.49225796e+00 1.47990983e+01
 7.41917791e+00 1.38327093e+01
 5.35009214e+00 1.27548796e+01
 3.30939093e+00 1.15728583e+01
 1.31975028e+00 1.02962612e+01
 -5.99328455e-01 8.93675675e+00
 -2.43072598e+00 7.50722023e+00
 -4.15729693e+00 6.02134263e+00
 -5.75930556e+00 4.49410727e+00
 -7.21288290e+00 2.94238184e+00
 -8.49005347e+00 1.38451684e+00
 -9.56038745e+00 -1.61140649e-01
 -1.03939121e+01 -1.67767808e+00
 -1.09644004e+01 -3.14999113e+00
 -1.12518668e+01 -4.56431333e+00
 -1.12436546e+01 -5.90773434e+00
 -1.09346636e+01 -7.16814636e+00
 -1.03276645e+01 -8.33457039e+00
 -9.43352143e+00 -9.39757675e+00
 -8.27006196e+00 -1.03493689e+01
 -6.85920361e+00 -1.11832641e+01
 -5.22384064e+00 -1.18927780e+01
 -3.38631656e+00 -1.24707473e+01
 -1.36880831e+00 -1.29087437e+01
 8.05390460e-01 -1.31968896e+01
 3.11089179e+00 -1.33243843e+01
 5.52019083e+00 -1.32811780e+01
 8.00435286e+00 -1.30604956e+01
 1.05335689e+01 -1.26607516e+01
 1.30772017e+01 -1.20856536e+01
 1.56039790e+01 -1.13432385e+01
 1.80831241e+01 -1.04456905e+01
 2.04861014e+01 -9.41047703e+00
 2.27877910e+01 -8.26137533e+00
 2.49667084e+01 -7.02770434e+00
 2.70056078e+01 -5.74158167e+00
 2.88943595e+01 -4.43447941e+00
 3.06351373e+01 -3.13424446e+00
 3.22465415e+01 -1.86245994e+00
 3.37616248e+01 -6.31677400e-01
 3.52183940e+01 5.56350377e-01
 3.66482020e+01 1.70919513e+00
 3.80696729e+01 2.83882305e+00
 3.94903253e+01 3.95616400e+00
 4.09117533e+01 5.06830870e+00
 4.23337257e+01 6.17870458e+00
 4.37559005e+01 7.28863385e+00
 4.51781273e+01 8.39846474e+00
 4.66003639e+01 9.50827927e+00
 4.80226017e+01 1.06180916e+01
 4.94448378e+01 1.17279021e+01
 5.08670551e+01 1.28376980e+01
 5.22891300e+01 1.39473828e+01
 5.37103582e+01 1.50564069e+01
 5.51276316e+01 1.61623449e+01
 5.65303863e+01 1.72569536e+01
 5.78911790e+01 1.83188182e+01
 5.91563524e+01 1.93060683e+01
 6.02495108e+01 2.01590904e+01
 6.10981134e+01 2.08212787e+01
 6.10981134e+01 2.08212787e+01
 6.10981134e+01 2.08212787e+01
 6.10981134e+01 2.08212787e+01
 6.10981134e+01 2.08212787e+01
 6.10981134e+01 2.08212787e+01
 6.10981134e+01 2.08212787e+01
 6.10981134e+01 2.08212787e+01
 6.10981134e+01 2.08212787e+01
 6.10981134e+01 2.08212787e+01
 6.10981134e+01 2.08212787e+01
 6.10981134e+01 2.08212787e+01
 6.10981134e+01 2.08212787e+01
 6.10981134e+01 2.08212787e+01
 6.10981134e+01 2.08212787e+01
 6.10981134e+01 2.08212787e+01
 6.10981134e+01 2.08212787e+01
 6.10981134e+01 2.08212787e+01
 6.10981134e+01 2.08212787e+01
 6.10981134e+01 2.08212787e+01
 6.10981134e+01 2.08212787e+01
 6.10981134e+01 2.08212787e+01
 6.10981134e+01 2.08212787e+01
 6.10981134e+01 2.08212787e+01
 6.10981134e+01 2.08212787e+01
 6.10981134e+01 2.08212787e+01
 6.10981134e+01 2.08212787e+01
 6.10981134e+01 2.08212787e+01
 6.10981134e+01 2.08212787e+01
 6.10981134e+01 2.08212787e+01
 6.10981134e+01 2.08212787e+01
 6.10981134e+01 2.08212787e+01
 6.10981134e+01 2.08212787e+01
 6.10981134e+01 2.08212787e+01
 6.10981134e+01 2.08212787e+01
 6.10981134e+01 2.08212787e+01
 6.10981134e+01 2.08212787e+01
 6.10981134e+01 2.08212787e+01
 6.10981134e+01 2.08212787e+01
 6.10981134e+01 2.08212787e+01
 6.10981134e+01 2.08212787e+01
 6.10981134e+01 2.08212787e+01
 6.10981134e+01 2.08212787e+01
 6.10981134e+01 2.08212787e+01
 6.10981134e+01 2.08212787e+01
 6.10981134e+01 2.08212787e+01
 6.10981134e+01 2.08212787e+01
 6.10981134e+01 2.08212787e+01
 6.10981134e+01 2.08212787e+01
 6.10981134e+01 2.08212787e+01
 6.10981134e+01 2.08212787e+01
 6.10981134e+01 2.08212787e+01
 6.10981134e+01 2.08212787e+01
 6.10981134e+01 2.08212787e+01
 6.10981134e+01 2.08212787e+01
 6.10981134e+01 2.08212787e+01
 6.10981134e+01 2.08212787e+01
 6.10981134e+01 2.08212787e+01
 6.10981134e+01 2.08212787e+01
