 0.00000000e+00 0.00000000e+00
 0.00000000e+00 0.00000000e+00
 0.00000000e+00 0.00000000e+00
 0.00000000e+00 0.00000000e+00
 -1.99810623e-01 -2.08847141e-01
 -4.48124263e-01 -4.85010724e-01
 -7.14394245e-01 -8.19730083e-01
 -9.61984954e-01 -1.20592372e+00
 -1.15839635e+00 -1.64234494e+00
 -1.28064269e+00 -2.13197341e+00
 -1.31505084e+00 -2.67811003e+00
 -1.25362645e+00 -3.28118127e+00
 -1.09033164e+00 -3.93670539e+00
 -8.19427015e-01 -4.63407559e+00
 -4.35590197e-01 -5.35644419e+00
 6.52605180e-02 -6.08217814e+00
 6.84700901e-01 -6.78762308e+00
 1.42032114e+00 -7.45014306e+00
 2.26508422e+00 -8.05040072e+00
 3.20841978e+00 -8.57345974e+00
 4.23849403e+00 -9.00882991e+00
 5.34402407e+00 -9.34972794e+00
 6.51460676e+00 -9.59182750e+00
 7.74008308e+00 -9.73181277e+00
 9.01022730e+00 -9.76613004e+00
 1.03153448e+01 -9.69043552e+00
 1.16471926e+01 -9.50001258e+00
 1.29993874e+01 -9.19070530e+00
 1.43671425e+01 -8.75969171e+00
 1.57465819e+01 -8.20617480e+00
 1.71336597e+01 -7.53232232e+00
 1.85227270e+01 -6.74394251e+00
 1.99052421e+01 -5.85008689e+00
 2.12691267e+01 -4.86173777e+00
 2.25987214e+01 -3.79056636e+00
 2.38751025e+01 -2.64845526e+00
 2.50768619e+01 -1.44764379e+00
 2.61815854e+01 -2.00904742e-01
 2.71678374e+01 1.07855414e+00
 2.80169620e+01 2.37715465e+00
 2.87139910e+01 3.68053443e+00
 2.92475454e+01 4.97281189e+00
 2.96093466e+01 6.23626570e+00
 2.97941733e+01 7.45195515e+00
 2.98005323e+01 8.60109255e+00
 2.96314548e+01 9.66660732e+00
 2.92946666e+01 1.06345026e+01
 2.88020678e+01 1.14948026e+01
 2.81689711e+01 1.22419087e+01
 2.74132980e+01 1.28742654e+01
 2.65545340e+01 1.33934900e+01
 2.56122837e+01 1.38034037e+01
 2.46046419e+01 1.41094639e+01
 2.35468610e+01 1.43186172e+01
 2.24505387e+01 1.44388098e+01
 2.13231101e+01 1.44774338e+01
 2.01674271e+01 1.44393204e+01
 1.89814745e+01 1.43258262e+01
 1.77584372e+01 1.41354627e+01
 1.64875020e+01 1.38647782e+01
 1.51557843e+01 1.35083497e+01
 1.37512899e+01 1.30584548e+01
 1.22662117e+01 1.25057589e+01
 1.06995391e+01 1.18413442e+01
 9.05814080e+00 1.10591822e+01
 7.35630590e+00 1.01580706e+01
 5.61456281e+00 9.14273173e+00
 3.85841029e+00 8.02410696e+00
 2.11677431e+00 6.81866428e+00
 4.19857940e-01 5.54652597e+00
 -1.20330683e+00 4.22891090e+00
 -2.72689515e+00 2.88591786e+00
 -4.12941812e+00 1.53510073e+00
 -5.39379620e+00 1.90318717e-01
 -6.50657027e+00 -1.13950338e+00
 -7.45693326e+00 -2.45092697e+00
 -8.23642059e+00 -3.74477783e+00
 -8.83939320e+00 -5.02342340e+00
 -9.26350311e+00 -6.28824278e+00
 -9.50920899e+00 -7.53859248e+00
 -9.57833912e+00 -8.77186741e+00
 -9.47285881e+00 -9.98338345e+00
 -9.19479995e+00 -1.11657134e+01
 -8.74649761e+00 -1.23084090e+01
 -8.12962627e+00 -1.33988752e+01
 -7.34349315e+00 -1.44237732e+01
 -6.38447144e+00 -1.53697912e+01
 -5.24723010e+00 -1.62236967e+01
 -3.92698371e+00 -1.69726109e+01
 -2.42213374e+00 -1.76050301e+01
 -7.36945983e-01 -1.81120007e+01
 1.11663008e+00 -1.84875166e+01
 3.11905106e+00 -1.87279862e+01
 5.24525477e+00 -1.88316268e+01
 7.46765896e+00 -1.87986596e+01
 9.75880998e+00 -1.86319472e+01
 1.20931031e+01 -1.83367969e+01
 1.44478419e+01 -1.79195486e+01
 1.68041105e+01 -1.73861039e+01
 1.91473563e+01 -1.67415102e+01
 2.14670173e+01 -1.59904149e+01
 2.37547593e+01 -1.51376704e+01
 2.60017207e+01 -1.41889147e+01
 2.81957891e+01 -1.31513281e+01
 3.03199217e+01 -1.20345858e+01
 3.23519975e+01 -1.08518598e+01
 3.42659740e+01 -9.62066117e+00
 3.60336817e+01 -8.36310095e+00
 3.76271398e+01 -7.10494246e+00
 3.90228484e+01 -5.87293819e+00
 4.02100196e+01 -4.69040817e+00
 4.12012639e+01 -3.57191206e+00
 4.20380041e+01 -2.51926225e+00
 4.27817519e+01 -1.52180943e+00
 4.34925931e+01 -5.61881863e-01
 4.42093112e+01 3.77709717e-01
 4.49448566e+01 1.30875313e+00
 4.56960253e+01 2.23714021e+00
 4.64555498e+01 3.16498547e+00
 4.72183223e+01 4.09279398e+00
 4.79820483e+01 5.02062181e+00
 4.87459893e+01 5.94845834e+00
 4.95099677e+01 6.87629689e+00
 5.02739511e+01 7.80413566e+00
 5.10379339e+01 8.73197321e+00
 5.18019068e+01 9.65979852e+00
 5.25658032e+01 1.05875310e+01
 5.33292447e+01 1.15147110e+01
 5.40905618e+01 1.24393110e+01
 5.48440799e+01 1.33544394e+01
 5.55750573e+01 1.42421925e+01
 5.62546708e+01 1.50675656e+01
 5.68418830e+01 1.57807197e+01
 5.72977271e+01 1.63343306e+01
 5.72977271e+01 1.63343306e+01
 5.72977271e+01 1.63343306e+01
 5.72977271e+01 1.63343306e+01
 5.72977271e+01 1.63343306e+01
 5.72977271e+01 1.63343306e+01
 5.72977271e+01 1.63343306e+01
 5.72977271e+01 1.63343306e+01
 5.72977271e+01 1.63343306e+01
 5.72977271e+01 1.63343306e+01
 5.72977271e+01 1.63343306e+01
 5.72977271e+01 1.63343306e+01
 5.72977271e+01 1.63343306e+01
 5.72977271e+01 1.63343306e+01
 5.72977271e+01 1.63343306e+01
 5.72977271e+01 1.63343306e+01
 5.72977271e+01 1.63343306e+01
 5.72977271e+01 1.63343306e+01
 5.72977271e+01 1.63343306e+01
 5.72977271e+01 1.63343306e+01
 5.72977271e+01 1.63343306e+01
 5.72977271e+01 1.63343306e+01
 5.72977271e+01 1.63343306e+01
 5.72977271e+01 1.63343306e+01
 5.72977271e+01 1.63343306e+01
 5.72977271e+01 1.63343306e+01
 5.72977271e+01 1.63343306e+01
 5.72977271e+01 1.63343306e+01
 5.72977271e+01 1.63343306e+01
 5.72977271e+01 1.63343306e+01
 5.72977271e+01 1.63343306e+01
 5.72977271e+01 1.63343306e+01
 5.72977271e+01 1.63343306e+01
 5.72977271e+01 1.63343306e+01
 5.72977271e+01 1.63343306e+01
 5.72977271e+01 1.63343306e+01
 5.72977271e+01 1.63343306e+01
 5.72977271e+01 1.63343306e+01
 5.72977271e+01 1.63343306e+01
 5.72977271e+01 1.63343306e+01
 5.72977271e+01 1.63343306e+01
