 0.00000000e+00 0.00000000e+00
 0.00000000e+00 0.00000000e+00
 0.00000000e+00 0.00000000e+00
 0.00000000e+00 0.00000000e+00
 -1.34554383e-01 -1.59656370e-01
 -3.09842743e-01 -3.71632750e-01
 -5.18216583e-01 -6.28250741e-01
 -7.53891670e-01 -9.22516095e-01
 -1.01578216e+00 -1.25242350e+00
 -1.30514106e+00 -1.62070033e+00
 -1.62093089e+00 -2.03189422e+00
 -1.95627336e+00 -2.48917946e+00
 -2.29718018e+00 -2.99188687e+00
 -2.62325290e+00 -3.53396636e+00
 -2.90978345e+00 -4.10357647e+00
 -3.13060506e+00 -4.68393371e+00
 -3.26056612e+00 -5.25511816e+00
 -3.27646357e+00 -5.79614859e+00
 -3.15665666e+00 -6.28678475e+00
 -2.88111836e+00 -6.70894566e+00
 -2.43301661e+00 -7.04773813e+00
 -1.80084564e+00 -7.29187347e+00
 -9.79689283e-01 -7.43330057e+00
 2.84325690e-02 -7.46647752e+00
 1.21436722e+00 -7.38825750e+00
 2.56148264e+00 -7.19874254e+00
 4.04557612e+00 -6.90188752e+00
 5.63577857e+00 -6.50450565e+00
 7.29702188e+00 -6.01432070e+00
 8.99377806e+00 -5.43880991e+00
 1.06938403e+01 -4.78519825e+00
 1.23709973e+01 -4.06059952e+00
 1.40063946e+01 -3.27178640e+00
 1.55888631e+01 -2.42504816e+00
 1.71141581e+01 -1.52660807e+00
 1.85828740e+01 -5.83480359e-01
 1.99973669e+01 3.95732995e-01
 2.13586612e+01 1.40055273e+00
 2.26642631e+01 2.41890217e+00
 2.39072154e+01 3.43763175e+00
 2.50762296e+01 4.44301855e+00
 2.61565877e+01 5.42133179e+00
 2.71314182e+01 6.35964069e+00
 2.79829136e+01 7.24680188e+00
 2.86933905e+01 8.07437820e+00
 2.92465043e+01 8.83721168e+00
 2.96287021e+01 9.53343915e+00
 2.98303618e+01 1.01638840e+01
 2.98459803e+01 1.07309839e+01
 2.96734104e+01 1.12376914e+01
 2.93127583e+01 1.16867601e+01
 2.87655731e+01 1.20802592e+01
 2.80345591e+01 1.24188488e+01
 2.71236291e+01 1.27010639e+01
 2.60378986e+01 1.29235389e+01
 2.47832815e+01 1.30823598e+01
 2.33657819e+01 1.31743852e+01
 2.17911467e+01 1.31974279e+01
 2.00656595e+01 1.31497214e+01
 1.81982455e+01 1.30299107e+01
 1.62031137e+01 1.28377042e+01
 1.41016366e+01 1.25740843e+01
 1.19224232e+01 1.22405213e+01
 9.69941783e+00 1.18378854e+01
 7.46887365e+00 1.13657978e+01
 5.26651320e+00 1.08224326e+01
 3.12544116e+00 1.02045957e+01
 1.07419967e+00 9.50813681e+00
 -8.65409644e-01 8.72866374e+00
 -2.67959775e+00 7.86234055e+00
 -4.36137169e+00 6.90667548e+00
 -5.90673059e+00 5.86141306e+00
 -7.30991654e+00 4.72957043e+00
 -8.55992682e+00 3.51836087e+00
 -9.63980193e+00 2.23958093e+00
 -1.05286389e+01 9.09276232e-01
 -1.12047141e+01 -4.53073307e-01
 -1.16479394e+01 -1.82546621e+00
 -1.18414623e+01 -3.18418026e+00
 -1.17735461e+01 -4.50447750e+00
 -1.14397760e+01 -5.76142434e+00
 -1.08436918e+01 -6.93106297e+00
 -9.99466715e+00 -7.99181674e+00
 -8.90471190e+00 -8.92561007e+00
 -7.58683268e+00 -9.71837458e+00
 -6.05567401e+00 -1.03602567e+01
 -4.32919917e+00 -1.08459928e+01
 -2.42999311e+00 -1.11752641e+01
 -3.85753352e-01 -1.13523276e+01
 1.77070049e+00 -1.13846765e+01
 4.00180926e+00 -1.12814735e+01
 6.26656314e+00 -1.10529027e+01
 8.52287439e+00 -1.07108096e+01
 1.07301912e+01 -1.02697195e+01
 1.28513851e+01 -9.74696911e+00
 1.48539096e+01 -9.16165144e+00
 1.67108342e+01 -8.53310284e+00
 1.84019421e+01 -7.87970216e+00
 1.99145022e+01 -7.21809472e+00
 2.12435312e+01 -6.56247754e+00
 2.23921699e+01 -5.92378313e+00
 2.33731206e+01 -5.30913153e+00
 2.42107955e+01 -4.72192684e+00
 2.49412831e+01 -4.16234154e+00
 2.56066488e+01 -3.62770628e+00
 2.62443900e+01 -3.11298722e+00
 2.68785693e+01 -2.61193038e+00
 2.75185959e+01 -2.11872273e+00
 2.81646847e+01 -1.62922142e+00
 2.88142224e+01 -1.14114077e+00
 2.94651353e+01 -6.53498604e-01
 3.01164568e+01 -1.65964833e-01
 3.07678710e+01 3.21547565e-01
 3.14193013e+01 8.09056609e-01
 3.20707338e+01 1.29656518e+00
 3.27221657e+01 1.78407305e+00
 3.33735889e+01 2.27157449e+00
 3.40249470e+01 2.75902714e+00
 3.46759172e+01 3.24618952e+00
 3.53250760e+01 3.73199630e+00
 3.59675848e+01 4.21282646e+00
 3.65908735e+01 4.67927304e+00
 3.71703654e+01 5.11294363e+00
 3.76710687e+01 5.48765171e+00
 3.80597572e+01 5.77853201e+00
 3.80597572e+01 5.77853201e+00
 3.80597572e+01 5.77853201e+00
 3.80597572e+01 5.77853201e+00
 3.80597572e+01 5.77853201e+00
 3.80597572e+01 5.77853201e+00
 3.80597572e+01 5.77853201e+00
 3.80597572e+01 5.77853201e+00
 3.80597572e+01 5.77853201e+00
 3.80597572e+01 5.77853201e+00
 3.80597572e+01 5.77853201e+00
 3.80597572e+01 5.77853201e+00
 3.80597572e+01 5.77853201e+00
 3.80597572e+01 5.77853201e+00
 3.80597572e+01 5.77853201e+00
 3.80597572e+01 5.77853201e+00
 3.80597572e+01 5.77853201e+00
 3.80597572e+01 5.77853201e+00
 3.80597572e+01 5.77853201e+00
 3.80597572e+01 5.77853201e+00
 3.80597572e+01 5.77853201e+00
 3.80597572e+01 5.77853201e+00
 3.80597572e+01 5.77853201e+00
 3.80597572e+01 5.77853201e+00
 3.80597572e+01 5.77853201e+00
 3.80597572e+01 5.77853201e+00
 3.80597572e+01 5.77853201e+00
 3.80597572e+01 5.77853201e+00
 3.80597572e+01 5.77853201e+00
 3.80597572e+01 5.77853201e+00
 3.80597572e+01 5.77853201e+00
 3.80597572e+01 5.77853201e+00
 3.80597572e+01 5.77853201e+00
 3.80597572e+01 5.77853201e+00
 3.80597572e+01 5.77853201e+00
 3.80597572e+01 5.77853201e+00
 3.80597572e+01 5.77853201e+00
 3.80597572e+01 5.77853201e+00
 3.80597572e+01 5.77853201e+00
 3.80597572e+01 5.77853201e+00
 3.80597572e+01 5.77853201e+00
 3.80597572e+01 5.77853201e+00
 3.80597572e+01 5.77853201e+00
 3.80597572e+01 5.77853201e+00
 3.80597572e+01 5.77853201e+00
 3.80597572e+01 5.77853201e+00
 3.80597572e+01 5.77853201e+00
 3.80597572e+01 5.77853201e+00
 3.80597572e+01 5.77853201e+00
 3.80597572e+01 5.77853201e+00
