 0.00000000e+00 0.00000000e+00
 0.00000000e+00 0.00000000e+00
 0.00000000e+00 0.00000000e+00
 0.00000000e+00 0.00000000e+00
 -1.26794829e-01 -1.77547032e-01
 -2.71085411e-01 -4.02797464e-01
 -4.06068350e-01 -6.59334319e-01
 -5.04344595e-01 -9.30893669e-01
 -5.43680590e-01 -1.20683271e+00
 -5.06095363e-01 -1.48261826e+00
 -3.74391192e-01 -1.75755532e+00
 -1.31455740e-01 -2.03202891e+00
 2.37668113e-01 -2.30508788e+00
 7.44572886e-01 -2.57276626e+00
 1.39829053e+00 -2.82757048e+00
 2.20576869e+00 -3.05916453e+00
 3.17027609e+00 -3.25591245e+00
 4.28890007e+00 -3.40695531e+00
 5.55139613e+00 -3.50426699e+00
 6.94113900e+00 -3.54362863e+00
 8.43707030e+00 -3.52396291e+00
 1.00152843e+01 -3.44598202e+00
 1.16499646e+01 -3.31146054e+00
 1.33143402e+01 -3.12301548e+00
 1.49823273e+01 -2.88340256e+00
 1.66307493e+01 -2.59427213e+00
 1.82412868e+01 -2.25537678e+00
 1.98012794e+01 -1.86489592e+00
 2.13031919e+01 -1.42050394e+00
 2.27432970e+01 -9.20387712e-01
 2.41202968e+01 -3.63874592e-01
 2.54341437e+01 2.48128176e-01
 2.66847499e+01 9.12705266e-01
 2.78703081e+01 1.62472825e+00
 2.89855624e+01 2.37727198e+00
 3.00207722e+01 3.16273866e+00
 3.09618192e+01 3.97414615e+00
 3.17912898e+01 4.80570862e+00
 3.24899850e+01 5.65232878e+00
 3.30383301e+01 6.50853066e+00
 3.34175047e+01 7.36767211e+00
 3.36105290e+01 8.22172366e+00
 3.36034931e+01 9.06131853e+00
 3.33866337e+01 9.87584294e+00
 3.29548156e+01 1.06536780e+01
 3.23074177e+01 1.13826825e+01
 3.14479118e+01 1.20507244e+01
 3.03832290e+01 1.26459735e+01
 2.91228186e+01 1.31567801e+01
 2.76774589e+01 1.35711696e+01
 2.60581747e+01 1.38763146e+01
 2.42757107e+01 1.40585344e+01
 2.23407193e+01 1.41040227e+01
 2.02643000e+01 1.39999822e+01
 1.80582240e+01 1.37358737e+01
 1.57345832e+01 1.33049074e+01
 1.33056782e+01 1.27057866e+01
 1.07854678e+01 1.19439723e+01
 8.19262080e+00 1.10315697e+01
 5.55338571e+00 9.98593350e+00
 2.90262893e+00 8.82809595e+00
 2.83233968e-01 7.58183426e+00
 -2.25506560e+00 6.27305863e+00
 -4.65742038e+00 4.92863582e+00
 -6.86727114e+00 3.57426875e+00
 -8.83185756e+00 2.23191324e+00
 -1.05084146e+01 9.17634355e-01
 -1.18687552e+01 -3.59451881e-01
 -1.29010464e+01 -1.59712193e+00
 -1.36092402e+01 -2.79916483e+00
 -1.40107484e+01 -3.97382295e+00
 -1.41320274e+01 -5.13161058e+00
 -1.40022156e+01 -6.28266609e+00
 -1.36468576e+01 -7.43372151e+00
 -1.30841023e+01 -8.58486702e+00
 -1.23238311e+01 -9.72696945e+00
 -1.13687002e+01 -1.08409790e+01
 -1.02163409e+01 -1.18994884e+01
 -8.86238170e+00 -1.28696738e+01
 -7.30380984e+00 -1.37165322e+01
 -5.54226785e+00 -1.44060132e+01
 -3.58716966e+00 -1.49081711e+01
 -1.45843988e+00 -1.52004313e+01
 8.11466773e-01 -1.52707031e+01
 3.17657980e+00 -1.51197827e+01
 5.57820835e+00 -1.47624267e+01
 7.94894372e+00 -1.42265322e+01
 1.02207493e+01 -1.35501199e+01
 1.23361284e+01 -1.27764868e+01
 1.42598637e+01 -1.19485885e+01
 1.59880772e+01 -1.11037424e+01
 1.75500496e+01 -1.02693619e+01
 1.89983722e+01 -9.46049102e+00
 2.03892259e+01 -8.68020268e+00
 2.17636820e+01 -7.92319762e+00
 2.31411950e+01 -7.18105758e+00
 2.45255541e+01 -6.44649334e+00
 2.59144205e+01 -5.71502018e+00
 2.73052052e+01 -4.98455487e+00
 2.86965818e+01 -4.25435128e+00
 3.00880960e+01 -3.52420164e+00
 3.14796346e+01 -2.79406080e+00
 3.28711764e+01 -2.06392118e+00
 3.42627167e+01 -1.33378266e+00
 3.56542387e+01 -6.03653779e-01
 3.70456214e+01 1.26402030e-01
 3.84361755e+01 8.56023106e-01
 3.98228603e+01 1.58361392e+00
 4.11953398e+01 2.30375124e+00
 4.25267629e+01 3.00234635e+00
 4.37646303e+01 3.65185301e+00
 4.48341954e+01 4.21305174e+00
 4.56644829e+01 4.64870196e+00
 4.56644829e+01 4.64870196e+00
 4.56644829e+01 4.64870196e+00
 4.56644829e+01 4.64870196e+00
 4.56644829e+01 4.64870196e+00
 4.56644829e+01 4.64870196e+00
 4.56644829e+01 4.64870196e+00
 4.56644829e+01 4.64870196e+00
 4.56644829e+01 4.64870196e+00
 4.56644829e+01 4.64870196e+00
 4.56644829e+01 4.64870196e+00
 4.56644829e+01 4.64870196e+00
 4.56644829e+01 4.64870196e+00
 4.56644829e+01 4.64870196e+00
 4.56644829e+01 4.64870196e+00
 4.56644829e+01 4.64870196e+00
 4.56644829e+01 4.64870196e+00
 4.56644829e+01 4.64870196e+00
 4.56644829e+01 4.64870196e+00
 4.56644829e+01 4.64870196e+00
 4.56644829e+01 4.64870196e+00
 4.56644829e+01 4.64870196e+00
 4.56644829e+01 4.64870196e+00
 4.56644829e+01 4.64870196e+00
 4.56644829e+01 4.64870196e+00
 4.56644829e+01 4.64870196e+00
 4.56644829e+01 4.64870196e+00
 4.56644829e+01 4.64870196e+00
 4.56644829e+01 4.64870196e+00
 4.56644829e+01 4.64870196e+00
 4.56644829e+01 4.64870196e+00
 4.56644829e+01 4.64870196e+00
 4.56644829e+01 4.64870196e+00
 4.56644829e+01 4.64870196e+00
 4.56644829e+01 4.64870196e+00
 4.56644829e+01 4.64870196e+00
 4.56644829e+01 4.64870196e+00
 4.56644829e+01 4.64870196e+00
 4.56644829e+01 4.64870196e+00
 4.56644829e+01 4.64870196e+00
 4.56644829e+01 4.64870196e+00
 4.56644829e+01 4.64870196e+00
 4.56644829e+01 4.64870196e+00
 4.56644829e+01 4.64870196e+00
 4.56644829e+01 4.64870196e+00
 4.56644829e+01 4.64870196e+00
 4.56644829e+01 4.64870196e+00
 4.56644829e+01 4.64870196e+00
 4.56644829e+01 4.64870196e+00
 4.56644829e+01 4.64870196e+00
 4.56644829e+01 4.64870196e+00
 4.56644829e+01 4.64870196e+00
 4.56644829e+01 4.64870196e+00
 4.56644829e+01 4.64870196e+00
 4.56644829e+01 4.64870196e+00
 4.56644829e+01 4.64870196e+00
 4.56644829e+01 4.64870196e+00
 4.56644829e+01 4.64870196e+00
 4.56644829e+01 4.64870196e+00
 4.56644829e+01 4.64870196e+00
 4.56644829e+01 4.64870196e+00
 4.56644829e+01 4.64870196e+00
