 0.00000000e+00 0.00000000e+00
 0.00000000e+00 0.00000000e+00
 0.00000000e+00 0.00000000e+00
 0.00000000e+00 0.00000000e+00
 9.31868076e-02 -8.98809572e-02
 2.27081348e-01 -2.10920162e-01
 4.02601981e-01 -3.61075025e-01
 6.18718044e-01 -5.39415929e-01
 8.75107698e-01 -7.48327248e-01
 1.17352573e+00 -9.93091662e-01
 1.51744307e+00 -1.27992434e+00
 1.91081025e+00 -1.61397276e+00
 2.35722336e+00 -1.99791760e+00
 2.86017896e+00 -2.43101210e+00
 3.42406195e+00 -2.90827543e+00
 4.05497528e+00 -3.41991017e+00
 4.76083731e+00 -3.95134855e+00
 5.55078638e+00 -4.48408752e+00
 6.43415198e+00 -4.99677960e+00
 7.41903426e+00 -5.46595207e+00
 8.51051469e+00 -5.86657755e+00
 9.70900742e+00 -6.17330533e+00
 1.10095199e+01 -6.36260492e+00
 1.24020324e+01 -6.41519013e+00
 1.38724680e+01 -6.31798717e+00
 1.54035905e+01 -6.06541712e+00
 1.69755857e+01 -5.66001087e+00
 1.85665701e+01 -5.11219118e+00
 2.01534275e+01 -4.43904681e+00
 2.17130582e+01 -3.66230183e+00
 2.32236115e+01 -2.80591361e+00
 2.46650654e+01 -1.89356136e+00
 2.60190597e+01 -9.46171608e-01
 2.72688293e+01 2.01544419e-02
 2.84001031e+01 9.95253992e-01
 2.94026709e+01 1.97468098e+00
 3.02714310e+01 2.95823460e+00
 3.10060359e+01 3.94781490e+00
 3.16092393e+01 4.94544872e+00
 3.20848668e+01 5.95205994e+00
 3.24363943e+01 6.96682724e+00
 3.26663473e+01 7.98649541e+00
 3.27759909e+01 9.00435488e+00
 3.27649142e+01 1.00094156e+01
 3.26307805e+01 1.09866298e+01
 3.23696837e+01 1.19183519e+01
 3.19770282e+01 1.27861151e+01
 3.14483804e+01 1.35714936e+01
 3.07799009e+01 1.42558847e+01
 2.99685181e+01 1.48203307e+01
 2.90122937e+01 1.52464210e+01
 2.79110450e+01 1.55180583e+01
 2.66668006e+01 1.56230717e+01
 2.52839839e+01 1.55540351e+01
 2.37699815e+01 1.53085280e+01
 2.21366234e+01 1.48894549e+01
 2.04019846e+01 1.43054774e+01
 1.85910926e+01 1.35707608e+01
 1.67345769e+01 1.27033839e+01
 1.48656436e+01 1.17228395e+01
 1.30168366e+01 1.06476647e+01
 1.12179238e+01 9.49391842e+00
 9.49518784e+00 8.27479106e+00
 7.87148386e+00 7.00134993e+00
 6.36648393e+00 5.68402733e+00
 4.99720012e+00 4.33427738e+00
 3.77913795e+00 2.96607785e+00
 2.72783392e+00 1.59704600e+00
 1.85992028e+00 2.48652197e-01
 1.19317763e+00 -1.05492679e+00
 7.45868456e-01 -2.28905383e+00
 5.35907074e-01 -3.43103800e+00
 5.80058177e-01 -4.46175678e+00
 8.93108997e-01 -5.36612704e+00
 1.48695268e+00 -6.13277723e+00
 2.36946036e+00 -6.75352647e+00
 3.54303943e+00 -7.22284413e+00
 5.00295197e+00 -7.53716560e+00
 6.73561830e+00 -7.69440351e+00
 8.71731294e+00 -7.69428474e+00
 1.09137414e+01 -7.53943846e+00
 1.32806306e+01 -7.23644115e+00
 1.57651373e+01 -6.79628743e+00
 1.83081180e+01 -6.23432968e+00
 2.08475159e+01 -5.56978480e+00
 2.33226537e+01 -4.82481829e+00
 2.56785630e+01 -4.02344142e+00
 2.78693289e+01 -3.19052742e+00
 2.98602129e+01 -2.35079479e+00
 3.16298696e+01 -1.52719055e+00
 3.31745731e+01 -7.38286965e-01
 3.45137721e+01 4.97182393e-03
 3.56915562e+01 7.01669380e-01
 3.67676820e+01 1.36022675e+00
 3.77993615e+01 1.99390961e+00
 3.88249011e+01 2.61503766e+00
 3.98598390e+01 3.23153386e+00
 4.09047635e+01 3.84696566e+00
 4.19554472e+01 4.46237217e+00
 4.30084504e+01 5.07787436e+00
 4.40621484e+01 5.69342243e+00
 4.51160050e+01 6.30898333e+00
 4.61698895e+01 6.92454675e+00
 4.72237777e+01 7.54011047e+00
 4.82776648e+01 8.15567339e+00
 4.93315380e+01 8.77122820e+00
 5.03853058e+01 9.38672141e+00
 5.14384461e+01 1.00018481e+01
 5.24886559e+01 1.06152631e+01
 5.35281072e+01 1.12223943e+01
 5.45364644e+01 1.18113637e+01
 5.54739670e+01 1.23589478e+01
 5.62840052e+01 1.28320815e+01
 5.69128259e+01 1.31993681e+01
 5.69128259e+01 1.31993681e+01
 5.69128259e+01 1.31993681e+01
 5.69128259e+01 1.31993681e+01
 5.69128259e+01 1.31993681e+01
 5.69128259e+01 1.31993681e+01
 5.69128259e+01 1.31993681e+01
 5.69128259e+01 1.31993681e+01
 5.69128259e+01 1.31993681e+01
 5.69128259e+01 1.31993681e+01
 5.69128259e+01 1.31993681e+01
 5.69128259e+01 1.31993681e+01
 5.69128259e+01 1.31993681e+01
 5.69128259e+01 1.31993681e+01
 5.69128259e+01 1.31993681e+01
 5.69128259e+01 1.31993681e+01
 5.69128259e+01 1.31993681e+01
 5.69128259e+01 1.31993681e+01
 5.69128259e+01 1.31993681e+01
 5.69128259e+01 1.31993681e+01
 5.69128259e+01 1.31993681e+01
 5.69128259e+01 1.31993681e+01
 5.69128259e+01 1.31993681e+01
 5.69128259e+01 1.31993681e+01
 5.69128259e+01 1.31993681e+01
 5.69128259e+01 1.31993681e+01
 5.69128259e+01 1.31993681e+01
 5.69128259e+01 1.31993681e+01
 5.69128259e+01 1.31993681e+01
 5.69128259e+01 1.31993681e+01
 5.69128259e+01 1.31993681e+01
 5.69128259e+01 1.31993681e+01
 5.69128259e+01 1.31993681e+01
 5.69128259e+01 1.31993681e+01
 5.69128259e+01 1.31993681e+01
 5.69128259e+01 1.31993681e+01
 5.69128259e+01 1.31993681e+01
 5.69128259e+01 1.31993681e+01
 5.69128259e+01 1.31993681e+01
 5.69128259e+01 1.31993681e+01
 5.69128259e+01 1.31993681e+01
 5.69128259e+01 1.31993681e+01
 5.69128259e+01 1.31993681e+01
 5.69128259e+01 1.31993681e+01
 5.69128259e+01 1.31993681e+01
 5.69128259e+01 1.31993681e+01
 5.69128259e+01 1.31993681e+01
 5.69128259e+01 1.31993681e+01
 5.69128259e+01 1.31993681e+01
 5.69128259e+01 1.31993681e+01
 5.69128259e+01 1.31993681e+01
 5.69128259e+01 1.31993681e+01
 5.69128259e+01 1.31993681e+01
 5.69128259e+01 1.31993681e+01
 5.69128259e+01 1.31993681e+01
 5.69128259e+01 1.31993681e+01
 5.69128259e+01 1.31993681e+01
 5.69128259e+01 1.31993681e+01
 5.69128259e+01 1.31993681e+01
 5.69128259e+01 1.31993681e+01
 5.69128259e+01 1.31993681e+01
