 0.00000000e+00 0.00000000e+00
 0.00000000e+00 0.00000000e+00
 0.00000000e+00 0.00000000e+00
 0.00000000e+00 0.00000000e+00
 0.00000000e+00 0.00000000e+00
 0.00000000e+00 0.00000000e+00
 0.00000000e+00 0.00000000e+00
 0.00000000e+00 0.00000000e+00
 0.00000000e+00 0.00000000e+00
 0.00000000e+00 0.00000000e+00
 0.00000000e+00 0.00000000e+00
 0.00000000e+00 0.00000000e+00
 3.14569982e-02 7.85812898e-02
 6.38209084e-02 1.85972631e-01
 8.67322094e-02 3.20204834e-01
 8.63413498e-02 4.77862807e-01
 4.59424677e-02 6.55101585e-01
 -5.27058828e-02 8.47606219e-01
 -2.26924723e-01 1.05033504e+00
 -4.90709422e-01 1.25760857e+00
 -8.53939957e-01 1.46331555e+00
 -1.32302766e+00 1.66071689e+00
 -1.90153882e+00 1.84171944e+00
 -2.59002519e+00 1.99608789e+00
 -3.38544425e+00 2.11115124e+00
 -4.28091706e+00 2.17206328e+00
 -5.26626306e+00 2.16245879e+00
 -6.32899143e+00 2.06575560e+00
 -7.45487503e+00 1.86726049e+00
 -8.62776743e+00 1.55623321e+00
 -9.82930879e+00 1.12684168e+00
 -1.10390869e+01 5.78220865e-01
 -1.22349102e+01 -8.53247382e-02
 -1.33927403e+01 -8.53728742e-01
 -1.44867481e+01 -1.71090751e+00
 -1.54904470e+01 -2.63544679e+00
 -1.63791149e+01 -3.60213907e+00
 -1.71325145e+01 -4.58389058e+00
 -1.77365419e+01 -5.55358893e+00
 -1.81831887e+01 -6.48576459e+00
 -1.84693441e+01 -7.35797630e+00
 -1.85955740e+01 -8.15178447e+00
 -1.85656971e+01 -8.85320246e+00
 -1.83868782e+01 -9.45262771e+00
 -1.80690897e+01 -9.94431677e+00
 -1.76234927e+01 -1.03256890e+01
 -1.70608662e+01 -1.05969633e+01
 -1.63914220e+01 -1.07610486e+01
 -1.56259229e+01 -1.08226689e+01
 -1.47768985e+01 -1.07862873e+01
 -1.38589390e+01 -1.06542837e+01
 -1.28878601e+01 -1.04271225e+01
 -1.18791407e+01 -1.01051971e+01
 -1.08462768e+01 -9.69051811e+00
 -9.79978988e+00 -9.18712775e+00
 -8.74749421e+00 -8.60060685e+00
 -7.69596503e+00 -7.93767300e+00
 -6.65238549e+00 -7.20654867e+00
 -5.62584198e+00 -6.41789523e+00
 -4.62765130e+00 -5.58535734e+00
 -3.67087906e+00 -4.72504528e+00
 -2.76948229e+00 -3.85437611e+00
 -1.93726183e+00 -2.99117090e+00
 -1.18640849e+00 -2.15325747e+00
 -5.25717383e-01 -1.35811022e+00
 4.07259015e-02 -6.22109996e-01
 5.13627351e-01 4.05134703e-02
 8.97436318e-01 6.18745041e-01
 1.19889412e+00 1.10562173e+00
 1.42590612e+00 1.49867962e+00
 1.58717146e+00 1.79974261e+00
 1.69242638e+00 2.01368472e+00
 1.75220306e+00 2.14591156e+00
 1.77570228e+00 2.19893797e+00
 1.76713409e+00 2.16961738e+00
 1.72350488e+00 2.04898623e+00
 1.63661045e+00 1.82490151e+00
 1.49802096e+00 1.48529858e+00
 1.30275533e+00 1.02007570e+00
 1.04927854e+00 4.21886147e-01
 7.37521670e-01 -3.12765429e-01
 3.67448600e-01 -1.18188136e+00
 -6.14087108e-02 -2.17711539e+00
 -5.50284250e-01 -3.28506308e+00
 -1.10188722e+00 -4.49045780e+00
 -1.72146181e+00 -5.77950001e+00
 -2.41778303e+00 -7.14158682e+00
 -3.20340119e+00 -8.56898675e+00
 -4.09364615e+00 -1.00552861e+01
 -5.10449089e+00 -1.15939635e+01
 -6.24997440e+00 -1.31779805e+01
 -7.54030300e+00 -1.48001964e+01
 -8.98166941e+00 -1.64537801e+01
 -1.05778742e+01 -1.81321343e+01
 -1.23323617e+01 -1.98285767e+01
 -1.42486032e+01 -2.15362958e+01
 -1.63279852e+01 -2.32485911e+01
 -1.85666321e+01 -2.49586708e+01
 -2.09534244e+01 -2.66583465e+01
 -2.34698402e+01 -2.83358993e+01
 -2.60901087e+01 -2.99741597e+01
 -2.87798811e+01 -3.15497742e+01
 -3.14934390e+01 -3.30338847e+01
 -3.41717491e+01 -3.43936066e+01
 -3.67443178e+01 -3.55936015e+01
 -3.91359157e+01 -3.65979445e+01
 -4.12766989e+01 -3.73735757e+01
 -4.31139961e+01 -3.78971277e+01
 -4.46256008e+01 -3.81659098e+01
 -4.58327409e+01 -3.82095977e+01
 -4.68039454e+01 -3.80929685e+01
 -4.76384443e+01 -3.79003056e+01
 -4.84312937e+01 -3.77057604e+01
 -4.92421058e+01 -3.75496167e+01
 -5.00886499e+01 -3.74369277e+01
 -5.09632151e+01 -3.73540792e+01
 -5.18524654e+01 -3.72859588e+01
 -5.27473687e+01 -3.72233191e+01
 -5.36439229e+01 -3.71622460e+01
 -5.45408479e+01 -3.71015197e+01
 -5.54378373e+01 -3.70408530e+01
 -5.63348353e+01 -3.69801943e+01
 -5.72318330e+01 -3.69195366e+01
 -5.81288190e+01 -3.68588797e+01
 -5.90257152e+01 -3.67982290e+01
 -5.99220773e+01 -3.67376143e+01
 -6.08159452e+01 -3.66771683e+01
 -6.17006562e+01 -3.66173415e+01
 -6.25589020e+01 -3.65593044e+01
 -6.33568410e+01 -3.65053453e+01
 -6.40462911e+01 -3.64587227e+01
 -6.45815009e+01 -3.64225302e+01
 -6.45815009e+01 -3.64225302e+01
 -6.45815009e+01 -3.64225302e+01
 -6.45815009e+01 -3.64225302e+01
 -6.45815009e+01 -3.64225302e+01
 -6.45815009e+01 -3.64225302e+01
 -6.45815009e+01 -3.64225302e+01
 -6.45815009e+01 -3.64225302e+01
 -6.45815009e+01 -3.64225302e+01
 -6.45815009e+01 -3.64225302e+01
 -6.45815009e+01 -3.64225302e+01
 -6.45815009e+01 -3.64225302e+01
 -6.45815009e+01 -3.64225302e+01
 -6.45815009e+01 -3.64225302e+01
 -6.45815009e+01 -3.64225302e+01
 -6.45815009e+01 -3.64225302e+01
 -6.45815009e+01 -3.64225302e+01
 -6.45815009e+01 -3.64225302e+01
 -6.45815009e+01 -3.64225302e+01
 -6.45815009e+01 -3.64225302e+01
 -6.45815009e+01 -3.64225302e+01
 -6.45815009e+01 -3.64225302e+01
 -6.45815009e+01 -3.64225302e+01
 -6.45815009e+01 -3.64225302e+01
 -6.45815009e+01 -3.64225302e+01
 -6.45815009e+01 -3.64225302e+01
 -6.45815009e+01 -3.64225302e+01
 -6.45815009e+01 -3.64225302e+01
 -6.45815009e+01 -3.64225302e+01
 -6.45815009e+01 -3.64225302e+01
 -6.45815009e+01 -3.64225302e+01
 -6.45815009e+01 -3.64225302e+01
 -6.45815009e+01 -3.64225302e+01
 -6.45815009e+01 -3.64225302e+01
 -6.45815009e+01 -3.64225302e+01
 -6.45815009e+01 -3.64225302e+01
 -6.45815009e+01 -3.64225302e+01
 -6.45815009e+01 -3.64225302e+01
 -6.45815009e+01 -3.64225302e+01
 -6.45815009e+01 -3.64225302e+01
 -6.45815009e+01 -3.64225302e+01
 -6.45815009e+01 -3.64225302e+01
 -6.45815009e+01 -3.64225302e+01
 -6.45815009e+01 -3.64225302e+01
 -6.45815009e+01 -3.64225302e+01
