 0.00000000e+00 0.00000000e+00
 0.00000000e+00 0.00000000e+00
 0.00000000e+00 0.00000000e+00
 0.00000000e+00 0.00000000e+00
 0.00000000e+00 0.00000000e+00
 0.00000000e+00 0.00000000e+00
 0.00000000e+00 0.00000000e+00
 0.00000000e+00 0.00000000e+00
 0.00000000e+00 0.00000000e+00
 5.49429935e-02 7.11683254e-02
 1.23863341e-01 1.68986346e-01
 2.00856105e-01 2.93312136e-01
 2.77915264e-01 4.43298759e-01
 3.45703818e-01 6.17593744e-01
 3.93267893e-01 8.13641578e-01
 4.06988464e-01 1.02706433e+00
 3.69977867e-01 1.25153905e+00
 2.63192561e-01 1.47893678e+00
 6.84339746e-02 1.69948348e+00
 -2.28412886e-01 1.90199358e+00
 -6.36076957e-01 2.07435366e+00
 -1.15870784e+00 2.20426966e+00
 -1.79705239e+00 2.27992793e+00
 -2.54887533e+00 2.29015177e+00
 -3.40897377e+00 2.22427875e+00
 -4.36935261e+00 2.07257081e+00
 -5.41953784e+00 1.82742769e+00
 -6.54666243e+00 1.48465985e+00
 -7.73518308e+00 1.04396699e+00
 -8.96674204e+00 5.08448413e-01
 -1.02209304e+01 -1.16420411e-01
 -1.14767985e+01 -8.23662392e-01
 -1.27139142e+01 -1.60500992e+00
 -1.39121893e+01 -2.45043092e+00
 -1.50511018e+01 -3.34738431e+00
 -1.61094629e+01 -4.28036503e+00
 -1.70661470e+01 -5.23115014e+00
 -1.79014285e+01 -6.17976889e+00
 -1.85984432e+01 -7.10582099e+00
 -1.91444644e+01 -7.98966713e+00
 -1.95316920e+01 -8.81331596e+00
 -1.97570920e+01 -9.56122884e+00
 -1.98212299e+01 -1.02212311e+01
 -1.97271871e+01 -1.07852484e+01
 -1.94807243e+01 -1.12493352e+01
 -1.90908818e+01 -1.16127463e+01
 -1.85691027e+01 -1.18762416e+01
 -1.79268469e+01 -1.20401836e+01
 -1.71736911e+01 -1.21033745e+01
 -1.63173231e+01 -1.20635181e+01
 -1.53650837e+01 -1.19189613e+01
 -1.43259157e+01 -1.16699783e+01
 -1.32117456e+01 -1.13184738e+01
 -1.20377450e+01 -1.08671107e+01
 -1.08214653e+01 -1.03194232e+01
 -9.58142536e+00 -9.68082075e+00
 -8.33594818e+00 -8.95916905e+00
 -7.10271384e+00 -8.16434551e+00
 -5.89900384e+00 -7.30745111e+00
 -4.74218628e+00 -6.40055814e+00
 -3.64967521e+00 -5.45702956e+00
 -2.63781411e+00 -4.49175096e+00
 -1.72010942e+00 -3.52081663e+00
 -9.06002589e-01 -2.56092557e+00
 -2.00806001e-01 -1.62912352e+00
 3.93809251e-01 -7.43102213e-01
 8.79636338e-01 7.86693160e-02
 1.26207082e+00 8.18072963e-01
 1.55007583e+00 1.45979449e+00
 1.75593976e+00 1.99363445e+00
 1.89492056e+00 2.41499458e+00
 1.98388472e+00 2.72324914e+00
 2.03791554e+00 2.91919751e+00
 2.06635685e+00 3.00316557e+00
 2.07178329e+00 2.97459551e+00
 2.05297949e+00 2.83268824e+00
 2.00897021e+00 2.57683212e+00
 1.94096204e+00 2.20616448e+00
 1.85184082e+00 1.71901967e+00
 1.74436383e+00 1.11338454e+00
 1.61919402e+00 3.88470231e-01
 1.47386512e+00 -4.53558462e-01
 1.30295821e+00 -1.40685569e+00
 1.09857415e+00 -2.46266802e+00
 8.50417565e-01 -3.61106796e+00
 5.45832512e-01 -4.84252706e+00
 1.70098566e-01 -6.14855079e+00
 -2.93236588e-01 -7.52137997e+00
 -8.61891024e-01 -8.95330500e+00
 -1.55363869e+00 -1.04362292e+01
 -2.38430344e+00 -1.19618222e+01
 -3.36595836e+00 -1.35221392e+01
 -4.50631098e+00 -1.51102711e+01
 -5.80906960e+00 -1.67206503e+01
 -7.27430168e+00 -1.83489503e+01
 -8.89839615e+00 -1.99917895e+01
 -1.06742528e+01 -2.16464281e+01
 -1.25921746e+01 -2.33104489e+01
 -1.46407429e+01 -2.49812621e+01
 -1.68063979e+01 -2.66552070e+01
 -1.90714252e+01 -2.83260420e+01
 -2.14114558e+01 -2.99828712e+01
 -2.37938848e+01 -3.16081154e+01
 -2.61777762e+01 -3.31765692e+01
 -2.85151196e+01 -3.46562194e+01
 -3.07533897e+01 -3.60104716e+01
 -3.28395184e+01 -3.72008083e+01
 -3.47249018e+01 -3.81892748e+01
 -3.63702182e+01 -3.89408860e+01
 -3.77485294e+01 -3.94263276e+01
 -3.88460656e+01 -3.96251498e+01
 -3.96617550e+01 -3.95293742e+01
 -4.02075437e+01 -3.91475563e+01
 -4.05109174e+01 -3.85096060e+01
 -4.06183081e+01 -3.76708340e+01
 -4.05939547e+01 -3.67091713e+01
 -4.05083749e+01 -3.57090418e+01
 -4.04190368e+01 -3.47360649e+01
 -4.03560672e+01 -3.38195154e+01
 -4.03233749e+01 -3.29555231e+01
 -4.03114387e+01 -3.21251190e+01
 -4.03097061e+01 -3.13106997e+01
 -4.03117552e+01 -3.05021033e+01
 -4.03148813e+01 -2.96951489e+01
 -4.03182451e+01 -2.88885547e+01
 -4.03216497e+01 -2.80820221e+01
 -4.03250597e+01 -2.72754979e+01
 -4.03284703e+01 -2.64689756e+01
 -4.03318809e+01 -2.56624640e+01
 -4.03352911e+01 -2.48560331e+01
 -4.03386993e+01 -2.40500824e+01
 -4.03420981e+01 -2.32463744e+01
 -4.03454620e+01 -2.24508997e+01
 -4.03487253e+01 -2.16792208e+01
 -4.03517593e+01 -2.09617657e+01
 -4.03543808e+01 -2.03418570e+01
 -4.03564158e+01 -1.98606310e+01
 -4.03564158e+01 -1.98606310e+01
 -4.03564158e+01 -1.98606310e+01
 -4.03564158e+01 -1.98606310e+01
 -4.03564158e+01 -1.98606310e+01
 -4.03564158e+01 -1.98606310e+01
 -4.03564158e+01 -1.98606310e+01
 -4.03564158e+01 -1.98606310e+01
 -4.03564158e+01 -1.98606310e+01
 -4.03564158e+01 -1.98606310e+01
 -4.03564158e+01 -1.98606310e+01
 -4.03564158e+01 -1.98606310e+01
 -4.03564158e+01 -1.98606310e+01
 -4.03564158e+01 -1.98606310e+01
 -4.03564158e+01 -1.98606310e+01
 -4.03564158e+01 -1.98606310e+01
 -4.03564158e+01 -1.98606310e+01
 -4.03564158e+01 -1.98606310e+01
 -4.03564158e+01 -1.98606310e+01
 -4.03564158e+01 -1.98606310e+01
 -4.03564158e+01 -1.98606310e+01
 -4.03564158e+01 -1.98606310e+01
 -4.03564158e+01 -1.98606310e+01
 -4.03564158e+01 -1.98606310e+01
 -4.03564158e+01 -1.98606310e+01
 -4.03564158e+01 -1.98606310e+01
 -4.03564158e+01 -1.98606310e+01
 -4.03564158e+01 -1.98606310e+01
 -4.03564158e+01 -1.98606310e+01
 -4.03564158e+01 -1.98606310e+01
 -4.03564158e+01 -1.98606310e+01
 -4.03564158e+01 -1.98606310e+01
 -4.03564158e+01 -1.98606310e+01
 -4.03564158e+01 -1.98606310e+01
 -4.03564158e+01 -1.98606310e+01
 -4.03564158e+01 -1.98606310e+01
 -4.03564158e+01 -1.98606310e+01
 -4.03564158e+01 -1.98606310e+01
 -4.03564158e+01 -1.98606310e+01
 -4.03564158e+01 -1.98606310e+01
