 0.00000000e+00 0.00000000e+00
 0.00000000e+00 0.00000000e+00
 0.00000000e+00 0.00000000e+00
 0.00000000e+00 0.00000000e+00
 0.00000000e+00 0.00000000e+00
 0.00000000e+00 0.00000000e+00
 0.00000000e+00 0.00000000e+00
 7.73482079e-02 7.23054759e-02
 1.74027520e-01 1.71122261e-01
 2.79925576e-01 2.93492675e-01
 3.82369155e-01 4.35142178e-01
 4.68466671e-01 5.92473224e-01
 5.26058171e-01 7.63119455e-01
 5.43339760e-01 9.45678247e-01
 5.07863904e-01 1.13947512e+00
 4.06433756e-01 1.34435580e+00
 2.26691653e-01 1.56006558e+00
 -4.10845120e-02 1.78518162e+00
 -4.03783856e-01 2.01612813e+00
 -8.66245413e-01 2.24685615e+00
 -1.43119047e+00 2.46919360e+00
 -2.09813304e+00 2.67325543e+00
 -2.86266969e+00 2.84747824e+00
 -3.71702285e+00 2.97861247e+00
 -4.65143790e+00 3.05215385e+00
 -5.65562400e+00 3.05303371e+00
 -6.71977128e+00 2.96624389e+00
 -7.83505116e+00 2.77767719e+00
 -8.99362148e+00 2.47545185e+00
 -1.01880257e+01 2.05136408e+00
 -1.14098586e+01 1.50208327e+00
 -1.26480570e+01 8.29989798e-01
 -1.38876346e+01 4.34438113e-02
 -1.51092300e+01 -8.43693741e-01
 -1.62890138e+01 -1.81302800e+00
 -1.73987442e+01 -2.84266617e+00
 -1.84069436e+01 -3.90824980e+00
 -1.92823169e+01 -4.98423546e+00
 -1.99988053e+01 -6.04557257e+00
 -2.05397909e+01 -7.06946522e+00
 -2.08991793e+01 -8.03657068e+00
 -2.10795077e+01 -8.93129589e+00
 -2.10894621e+01 -9.74156539e+00
 -2.09425330e+01 -1.04586585e+01
 -2.06558505e+01 -1.10771367e+01
 -2.02474014e+01 -1.15942644e+01
 -1.97321205e+01 -1.20085425e+01
 -1.91193725e+01 -1.23178572e+01
 -1.84133555e+01 -1.25182663e+01
 -1.76155519e+01 -1.26040596e+01
 -1.67274841e+01 -1.25690170e+01
 -1.57529374e+01 -1.24082539e+01
 -1.46996447e+01 -1.21197746e+01
 -1.35802548e+01 -1.17051701e+01
 -1.24120288e+01 -1.11697457e+01
 -1.12151385e+01 -1.05226064e+01
 -1.00105063e+01 -9.77656692e+00
 -8.81844281e+00 -8.94739641e+00
 -7.65824963e+00 -8.05242622e+00
 -6.54778607e+00 -7.10906238e+00
 -5.50224703e+00 -6.13376549e+00
 -4.53269161e+00 -5.14195624e+00
 -3.64564568e+00 -4.14904140e+00
 -2.84446467e+00 -3.17207739e+00
 -2.13157225e+00 -2.23093409e+00
 -1.50966165e+00 -1.34786128e+00
 -9.80749933e-01 -5.45226241e-01
 -5.44144019e-01 1.57565938e-01
 -1.95549416e-01 7.46240977e-01
 7.18220235e-02 1.21169856e+00
 2.65558563e-01 1.54810587e+00
 3.93327218e-01 1.75039653e+00
 4.62435106e-01 1.81268018e+00
 4.77817642e-01 1.72809179e+00
 4.39033458e-01 1.48931136e+00
 3.39504924e-01 1.08866054e+00
 1.69177065e-01 5.17672048e-01
 -8.25754013e-02 -2.32872797e-01
 -4.26854116e-01 -1.17150176e+00
 -8.76900408e-01 -2.30339267e+00
 -1.44871581e+00 -3.62782075e+00
 -2.15983850e+00 -5.13716888e+00
 -3.02721445e+00 -6.81781161e+00
 -4.06499727e+00 -8.65173893e+00
 -5.28275108e+00 -1.06175541e+01
 -6.68445978e+00 -1.26906109e+01
 -8.26829787e+00 -1.48431257e+01
 -1.00266023e+01 -1.70450646e+01
 -1.19457692e+01 -1.92658579e+01
 -1.40065827e+01 -2.14764465e+01
 -1.61855839e+01 -2.36511726e+01
 -1.84572711e+01 -2.57691915e+01
 -2.07962118e+01 -2.78149873e+01
 -2.31783175e+01 -2.97775165e+01
 -2.55812694e+01 -3.16480311e+01
 -2.79845277e+01 -3.34173842e+01
 -3.03689519e+01 -3.50737832e+01
 -3.27154319e+01 -3.66014884e+01
 -3.50023166e+01 -3.79804793e+01
 -3.72027238e+01 -3.91869129e+01
 -3.92834442e+01 -4.01941542e+01
 -4.12063143e+01 -4.09742542e+01
 -4.29315341e+01 -4.15001180e+01
 -4.44221408e+01 -4.17492477e+01
 -4.56503494e+01 -4.17105334e+01
 -4.66076007e+01 -4.13948627e+01
 -4.73168859e+01 -4.08461162e+01
 -4.78382168e+01 -4.01425044e+01
 -4.82558410e+01 -3.93785388e+01
 -4.86488967e+01 -3.86328964e+01
 -4.90651751e+01 -3.79442027e+01
 -4.95166247e+01 -3.73120266e+01
 -4.99942295e+01 -3.67168928e+01
 -5.04852277e+01 -3.61396134e+01
 -5.09813140e+01 -3.55688844e+01
 -5.14788735e+01 -3.50000105e+01
 -5.19767619e+01 -3.44315446e+01
 -5.24747073e+01 -3.38631487e+01
 -5.29726602e+01 -3.32947621e+01
 -5.34706133e+01 -3.27263772e+01
 -5.39685599e+01 -3.21580000e+01
 -5.44664567e+01 -3.15896796e+01
 -5.49640569e+01 -3.10216977e+01
 -5.54602725e+01 -3.04552962e+01
 -5.59514049e+01 -2.98946970e+01
 -5.64278455e+01 -2.93508676e+01
 -5.68708079e+01 -2.88452516e+01
 -5.72535444e+01 -2.84083800e+01
 -5.75506571e+01 -2.80692431e+01
 -5.75506571e+01 -2.80692431e+01
 -5.75506571e+01 -2.80692431e+01
 -5.75506571e+01 -2.80692431e+01
 -5.75506571e+01 -2.80692431e+01
 -5.75506571e+01 -2.80692431e+01
 -5.75506571e+01 -2.80692431e+01
 -5.75506571e+01 -2.80692431e+01
 -5.75506571e+01 -2.80692431e+01
 -5.75506571e+01 -2.80692431e+01
 -5.75506571e+01 -2.80692431e+01
 -5.75506571e+01 -2.80692431e+01
 -5.75506571e+01 -2.80692431e+01
 -5.75506571e+01 -2.80692431e+01
 -5.75506571e+01 -2.80692431e+01
 -5.75506571e+01 -2.80692431e+01
 -5.75506571e+01 -2.80692431e+01
 -5.75506571e+01 -2.80692431e+01
 -5.75506571e+01 -2.80692431e+01
 -5.75506571e+01 -2.80692431e+01
 -5.75506571e+01 -2.80692431e+01
 -5.75506571e+01 -2.80692431e+01
 -5.75506571e+01 -2.80692431e+01
 -5.75506571e+01 -2.80692431e+01
 -5.75506571e+01 -2.80692431e+01
 -5.75506571e+01 -2.80692431e+01
 -5.75506571e+01 -2.80692431e+01
 -5.75506571e+01 -2.80692431e+01
 -5.75506571e+01 -2.80692431e+01
 -5.75506571e+01 -2.80692431e+01
 -5.75506571e+01 -2.80692431e+01
 -5.75506571e+01 -2.80692431e+01
 -5.75506571e+01 -2.80692431e+01
 -5.75506571e+01 -2.80692431e+01
 -5.75506571e+01 -2.80692431e+01
 -5.75506571e+01 -2.80692431e+01
 -5.75506571e+01 -2.80692431e+01
 -5.75506571e+01 -2.80692431e+01
 -5.75506571e+01 -2.80692431e+01
 -5.75506571e+01 -2.80692431e+01
 -5.75506571e+01 -2.80692431e+01
 -5.75506571e+01 -2.80692431e+01
 -5.75506571e+01 -2.80692431e+01
 -5.75506571e+01 -2.80692431e+01
 -5.75506571e+01 -2.80692431e+01
 -5.75506571e+01 -2.80692431e+01
 -5.75506571e+01 -2.80692431e+01
 -5.75506571e+01 -2.80692431e+01
