 0.00000000e+00 0.00000000e+00
 0.00000000e+00 0.00000000e+00
 0.00000000e+00 0.00000000e+00
 0.00000000e+00 0.00000000e+00
 0.00000000e+00 0.00000000e+00
 0.00000000e+00 0.00000000e+00
 0.00000000e+00 0.00000000e+00
 0.00000000e+00 0.00000000e+00
 0.00000000e+00 0.00000000e+00
 0.00000000e+00 0.00000000e+00
 4.87215438e-02 1.41877189e-01
 5.43152986e-02 3.18689539e-01
 -2.39982634e-02 5.14731140e-01
 -2.16009526e-01 7.14811358e-01
 -5.32458554e-01 9.08838664e-01
 -9.67387703e-01 1.09157471e+00
 -1.50676802e+00 1.25986209e+00
 -2.13715234e+00 1.40998546e+00
 -2.85031525e+00 1.53642472e+00
 -3.64315601e+00 1.63214635e+00
 -4.51461380e+00 1.68978283e+00
 -5.46228289e+00 1.70272384e+00
 -6.48071944e+00 1.66571088e+00
 -7.56157755e+00 1.57527404e+00
 -8.69430763e+00 1.43017513e+00
 -9.86656659e+00 1.23135561e+00
 -1.10647450e+01 9.80966210e-01
 -1.22752245e+01 6.80822603e-01
 -1.34860941e+01 3.31064370e-01
 -1.46883719e+01 -7.05195014e-02
 -1.58760408e+01 -5.28572580e-01
 -1.70450886e+01 -1.04980860e+00
 -1.81921842e+01 -1.64201845e+00
 -1.93131201e+01 -2.31219922e+00
 -2.04006727e+01 -3.06401212e+00
 -2.14421008e+01 -3.89529472e+00
 -2.24175136e+01 -4.79648713e+00
 -2.33003931e+01 -5.75047545e+00
 -2.40604265e+01 -6.73370455e+00
 -2.46675907e+01 -7.71798961e+00
 -2.50960973e+01 -8.67267559e+00
 -2.53271692e+01 -9.56722351e+00
 -2.53501431e+01 -1.03741340e+01
 -2.51621660e+01 -1.10715348e+01
 -2.47674131e+01 -1.16446968e+01
 -2.41763548e+01 -1.20863077e+01
 -2.34046646e+01 -1.23957687e+01
 -2.24716003e+01 -1.25778260e+01
 -2.13987856e+01 -1.26409385e+01
 -2.02102941e+01 -1.25960519e+01
 -1.89335621e+01 -1.24561311e+01
 -1.75997107e+01 -1.22357413e+01
 -1.62423682e+01 -1.19496689e+01
 -1.48951893e+01 -1.16107616e+01
 -1.35888702e+01 -1.12281004e+01
 -1.23484284e+01 -1.08061240e+01
 -1.11911383e+01 -1.03445924e+01
 -1.01252796e+01 -9.83925146e+00
 -9.15012291e+00 -9.28319684e+00
 -8.25775888e+00 -8.66874113e+00
 -7.43657717e+00 -7.98942884e+00
 -6.67508050e+00 -7.24193056e+00
 -5.96463446e+00 -6.42753888e+00
 -5.30056532e+00 -5.55291568e+00
 -4.68178546e+00 -4.63003442e+00
 -4.10966948e+00 -3.67569183e+00
 -3.58701360e+00 -2.71089228e+00
 -3.11726556e+00 -1.75995175e+00
 -2.70363406e+00 -8.48978518e-01
 -2.34805642e+00 -3.64193808e-03
 -2.05055893e+00 7.53363630e-01
 -1.80924127e+00 1.40422890e+00
 -1.62054087e+00 1.93636731e+00
 -1.47974116e+00 2.34112846e+00
 -1.38228841e+00 2.61191219e+00
 -1.32564869e+00 2.74287247e+00
 -1.30983306e+00 2.72871031e+00
 -1.33537718e+00 2.56531985e+00
 -1.40047217e+00 2.25059765e+00
 -1.50003057e+00 1.78467694e+00
 -1.62719204e+00 1.16955879e+00
 -1.77550154e+00 4.09075220e-01
 -1.94026743e+00 -4.90136963e-01
 -2.11903539e+00 -1.51754887e+00
 -2.31172622e+00 -2.65924233e+00
 -2.52074614e+00 -3.90029545e+00
 -2.75104307e+00 -5.22725314e+00
 -3.01002370e+00 -6.62871943e+00
 -3.30744489e+00 -8.09400737e+00
 -3.65551977e+00 -9.61145713e+00
 -4.06921375e+00 -1.11679190e+01
 -4.56627387e+00 -1.27496095e+01
 -5.16653470e+00 -1.43435909e+01
 -5.89059067e+00 -1.59392207e+01
 -6.75838359e+00 -1.75294572e+01
 -7.78805887e+00 -1.91119043e+01
 -8.99488091e+00 -2.06890323e+01
 -1.03898256e+01 -2.22669690e+01
 -1.19779146e+01 -2.38528466e+01
 -1.37568988e+01 -2.54514345e+01
 -1.57169464e+01 -2.70622075e+01
 -1.78414653e+01 -2.86777221e+01
 -2.01085131e+01 -3.02832732e+01
 -2.24919568e+01 -3.18572352e+01
 -2.49619438e+01 -3.33718470e+01
 -2.74850819e+01 -3.47947193e+01
 -3.00250795e+01 -3.60911450e+01
 -3.25439798e+01 -3.72268079e+01
 -3.50035006e+01 -3.81704378e+01
 -3.73663586e+01 -3.88961834e+01
 -3.95982661e+01 -3.93858918e+01
 -4.16715313e+01 -3.96325578e+01
 -4.35706938e+01 -3.96467165e+01
 -4.52990031e+01 -3.94642889e+01
 -4.68816877e+01 -3.91479811e+01
 -4.83609541e+01 -3.87737144e+01
 -4.97825822e+01 -3.84055710e+01
 -5.11818092e+01 -3.80764830e+01
 -5.25774349e+01 -3.77884786e+01
 -5.39753694e+01 -3.75279719e+01
 -5.53755859e+01 -3.72808617e+01
 -5.67768979e+01 -3.70386984e+01
 -5.81785681e+01 -3.67979423e+01
 -5.95803243e+01 -3.65574966e+01
 -6.09820962e+01 -3.63171043e+01
 -6.23838700e+01 -3.60767191e+01
 -6.37856422e+01 -3.58363349e+01
 -6.51873960e+01 -3.55959540e+01
 -6.65890094e+01 -3.53555972e+01
 -6.79897883e+01 -3.51153835e+01
 -6.93866692e+01 -3.48758382e+01
 -7.07692405e+01 -3.46387468e+01
 -7.21104534e+01 -3.44087478e+01
 -7.33574228e+01 -3.41949103e+01
 -7.44348524e+01 -3.40101464e+01
 -7.52712449e+01 -3.38667169e+01
 -7.52712449e+01 -3.38667169e+01
 -7.52712449e+01 -3.38667169e+01
 -7.52712449e+01 -3.38667169e+01
 -7.52712449e+01 -3.38667169e+01
 -7.52712449e+01 -3.38667169e+01
 -7.52712449e+01 -3.38667169e+01
 -7.52712449e+01 -3.38667169e+01
 -7.52712449e+01 -3.38667169e+01
 -7.52712449e+01 -3.38667169e+01
 -7.52712449e+01 -3.38667169e+01
 -7.52712449e+01 -3.38667169e+01
 -7.52712449e+01 -3.38667169e+01
 -7.52712449e+01 -3.38667169e+01
 -7.52712449e+01 -3.38667169e+01
 -7.52712449e+01 -3.38667169e+01
 -7.52712449e+01 -3.38667169e+01
 -7.52712449e+01 -3.38667169e+01
 -7.52712449e+01 -3.38667169e+01
 -7.52712449e+01 -3.38667169e+01
 -7.52712449e+01 -3.38667169e+01
 -7.52712449e+01 -3.38667169e+01
 -7.52712449e+01 -3.38667169e+01
 -7.52712449e+01 -3.38667169e+01
 -7.52712449e+01 -3.38667169e+01
 -7.52712449e+01 -3.38667169e+01
 -7.52712449e+01 -3.38667169e+01
 -7.52712449e+01 -3.38667169e+01
 -7.52712449e+01 -3.38667169e+01
 -7.52712449e+01 -3.38667169e+01
 -7.52712449e+01 -3.38667169e+01
 -7.52712449e+01 -3.38667169e+01
 -7.52712449e+01 -3.38667169e+01
 -7.52712449e+01 -3.38667169e+01
 -7.52712449e+01 -3.38667169e+01
 -7.52712449e+01 -3.38667169e+01
 -7.52712449e+01 -3.38667169e+01
 -7.52712449e+01 -3.38667169e+01
 -7.52712449e+01 -3.38667169e+01
 -7.52712449e+01 -3.38667169e+01
 -7.52712449e+01 -3.38667169e+01
