 0.00000000e+00 0.00000000e+00
 0.00000000e+00 0.00000000e+00
 0.00000000e+00 0.00000000e+00
 0.00000000e+00 0.00000000e+00
 0.00000000e+00 0.00000000e+00
 0.00000000e+00 0.00000000e+00
 0.00000000e+00 0.00000000e+00
 0.00000000e+00 0.00000000e+00
 0.00000000e+00 0.00000000e+00
 0.00000000e+00 0.00000000e+00
 0.00000000e+00 0.00000000e+00
 -7.05364814e-02 6.04526354e-02
 -1.62939952e-01 1.41281410e-01
 -2.78270706e-01 2.37911231e-01
 -4.19444818e-01 3.43836481e-01
 -5.90289362e-01 4.52452173e-01
 -7.95087730e-01 5.57750968e-01
 -1.03929802e+00 6.54306409e-01
 -1.32957051e+00 7.37366043e-01
 -1.67210632e+00 8.03126129e-01
 -2.07072933e+00 8.48452837e-01
 -2.52646075e+00 8.69758797e-01
 -3.03881269e+00 8.62124005e-01
 -3.60743250e+00 8.19865803e-01
 -4.23273669e+00 7.37895633e-01
 -4.91545130e+00 6.11981088e-01
 -5.65589792e+00 4.37409712e-01
 -6.45369577e+00 2.07505923e-01
 -7.30785963e+00 -8.65528978e-02
 -8.21673101e+00 -4.54535965e-01
 -9.17717600e+00 -9.05411159e-01
 -1.01830871e+01 -1.44588273e+00
 -1.12238850e+01 -2.07941762e+00
 -1.22837167e+01 -2.80528548e+00
 -1.33414402e+01 -3.61725690e+00
 -1.43711085e+01 -4.50253701e+00
 -1.53429472e+01 -5.44203081e+00
 -1.62251136e+01 -6.41226644e+00
 -1.69863003e+01 -7.38802476e+00
 -1.75988354e+01 -8.34443720e+00
 -1.80415274e+01 -9.25828077e+00
 -1.83010842e+01 -1.01090783e+01
 -1.83714745e+01 -1.08803067e+01
 -1.82524706e+01 -1.15601465e+01
 -1.79492273e+01 -1.21410879e+01
 -1.74724653e+01 -1.26185076e+01
 -1.68372228e+01 -1.29889904e+01
 -1.60600935e+01 -1.32490098e+01
 -1.51570595e+01 -1.33939782e+01
 -1.41432221e+01 -1.34176132e+01
 -1.30339111e+01 -1.33123205e+01
 -1.18461316e+01 -1.30714526e+01
 -1.05996320e+01 -1.26926722e+01
 -9.31723667e+00 -1.21802575e+01
 -8.02432651e+00 -1.15452892e+01
 -6.74750284e+00 -1.08045258e+01
 -5.51274105e+00 -9.97891847e+00
 -4.34364512e+00 -9.09189739e+00
 -3.26021785e+00 -8.16735235e+00
 -2.27804589e+00 -7.22753566e+00
 -1.40767385e+00 -6.29135567e+00
 -6.54236453e-01 -5.37357250e+00
 -1.76210598e-02 -4.48520634e+00
 5.06681681e-01 -3.63500377e+00
 9.26274234e-01 -2.83130017e+00
 1.25080580e+00 -2.08338616e+00
 1.49180760e+00 -1.40168938e+00
 1.66290620e+00 -7.96684413e-01
 1.77897480e+00 -2.77124021e-01
 1.85395528e+00 1.51501656e-01
 1.89907192e+00 4.87458208e-01
 1.92254728e+00 7.31705353e-01
 1.92956112e+00 8.85465434e-01
 1.92123060e+00 9.47597365e-01
 1.89379009e+00 9.13367258e-01
 1.83994623e+00 7.75336375e-01
 1.75233692e+00 5.25543391e-01
 1.62683586e+00 1.57420717e-01
 1.46362442e+00 -3.33391477e-01
 1.26597061e+00 -9.48894810e-01
 1.03820345e+00 -1.68831486e+00
 7.84312467e-01 -2.54722012e+00
 5.07534561e-01 -3.51715952e+00
 2.10238635e-01 -4.58692789e+00
 -1.06708145e-01 -5.74513654e+00
 -4.44921749e-01 -6.98234408e+00
 -8.08828953e-01 -8.29127340e+00
 -1.20487658e+00 -9.66512076e+00
 -1.64026832e+00 -1.10951159e+01
 -2.12213396e+00 -1.25687661e+01
 -2.65750952e+00 -1.40698253e+01
 -3.25392264e+00 -1.55801322e+01
 -3.91997124e+00 -1.70823673e+01
 -4.66526789e+00 -1.85621904e+01
 -5.49951937e+00 -2.00087563e+01
 -6.43086732e+00 -2.14139346e+01
 -7.46388645e+00 -2.27714012e+01
 -8.59805683e+00 -2.40762879e+01
 -9.82758251e+00 -2.53250097e+01
 -1.11426014e+01 -2.65145375e+01
 -1.25308284e+01 -2.76410922e+01
 -1.39785916e+01 -2.86990974e+01
 -1.54710707e+01 -2.96811067e+01
 -1.69923163e+01 -3.05784327e+01
 -1.85255610e+01 -3.13817177e+01
 -2.00536726e+01 -3.20812209e+01
 -2.15591782e+01 -3.26671350e+01
 -2.30235982e+01 -3.31301095e+01
 -2.44265739e+01 -3.34617513e+01
 -2.57455654e+01 -3.36545934e+01
 -2.69563602e+01 -3.37012867e+01
 -2.80344288e+01 -3.35941912e+01
 -2.89582104e+01 -3.33280642e+01
 -2.97160267e+01 -3.29074257e+01
 -3.03156433e+01 -3.23555814e+01
 -3.07900279e+01 -3.17174126e+01
 -3.11909437e+01 -3.10490111e+01
 -3.15702374e+01 -3.03974996e+01
 -3.19612836e+01 -2.97854088e+01
 -3.23740455e+01 -2.92110473e+01
 -3.28037770e+01 -2.86611043e+01
 -3.32424290e+01 -2.81228603e+01
 -3.36845286e+01 -2.75888938e+01
 -3.41276388e+01 -2.70561360e+01
 -3.45709767e+01 -2.65236435e+01
 -3.50143543e+01 -2.59911965e+01
 -3.54577372e+01 -2.54587557e+01
 -3.59011201e+01 -2.49263161e+01
 -3.63444972e+01 -2.43938837e+01
 -3.67878299e+01 -2.38615045e+01
 -3.72308987e+01 -2.33294424e+01
 -3.76727345e+01 -2.27988608e+01
 -3.81100441e+01 -2.22737145e+01
 -3.85342721e+01 -2.17642774e+01
 -3.89286906e+01 -2.12906372e+01
 -3.92694834e+01 -2.08813938e+01
 -3.95340358e+01 -2.05637043e+01
 -3.95340358e+01 -2.05637043e+01
 -3.95340358e+01 -2.05637043e+01
 -3.95340358e+01 -2.05637043e+01
 -3.95340358e+01 -2.05637043e+01
 -3.95340358e+01 -2.05637043e+01
 -3.95340358e+01 -2.05637043e+01
 -3.95340358e+01 -2.05637043e+01
 -3.95340358e+01 -2.05637043e+01
 -3.95340358e+01 -2.05637043e+01
 -3.95340358e+01 -2.05637043e+01
 -3.95340358e+01 -2.05637043e+01
 -3.95340358e+01 -2.05637043e+01
 -3.95340358e+01 -2.05637043e+01
 -3.95340358e+01 -2.05637043e+01
 -3.95340358e+01 -2.05637043e+01
 -3.95340358e+01 -2.05637043e+01
 -3.95340358e+01 -2.05637043e+01
 -3.95340358e+01 -2.05637043e+01
 -3.95340358e+01 -2.05637043e+01
 -3.95340358e+01 -2.05637043e+01
 -3.95340358e+01 -2.05637043e+01
 -3.95340358e+01 -2.05637043e+01
 -3.95340358e+01 -2.05637043e+01
 -3.95340358e+01 -2.05637043e+01
 -3.95340358e+01 -2.05637043e+01
 -3.95340358e+01 -2.05637043e+01
 -3.95340358e+01 -2.05637043e+01
 -3.95340358e+01 -2.05637043e+01
 -3.95340358e+01 -2.05637043e+01
 -3.95340358e+01 -2.05637043e+01
 -3.95340358e+01 -2.05637043e+01
 -3.95340358e+01 -2.05637043e+01
 -3.95340358e+01 -2.05637043e+01
 -3.95340358e+01 -2.05637043e+01
 -3.95340358e+01 -2.05637043e+01
 -3.95340358e+01 -2.05637043e+01
 -3.95340358e+01 -2.05637043e+01
 -3.95340358e+01 -2.05637043e+01
 -3.95340358e+01 -2.05637043e+01
