 0.00000000e+00 0.00000000e+00
 0.00000000e+00 0.00000000e+00
 0.00000000e+00 0.00000000e+00
 0.00000000e+00 0.00000000e+00
 0.00000000e+00 0.00000000e+00
 0.00000000e+00 0.00000000e+00
 0.00000000e+00 0.00000000e+00
 0.00000000e+00 0.00000000e+00
 0.00000000e+00 0.00000000e+00
 0.00000000e+00 0.00000000e+00
 0.00000000e+00 0.00000000e+00
 0.00000000e+00 0.00000000e+00
 -1.83511552e-01 -9.58629841e-03
 -4.25430785e-01 -2.27570563e-02
 -7.16766857e-01 -3.61801181e-02
 -1.05068253e+00 -4.47320391e-02
 -1.42729929e+00 -4.39909483e-02
 -1.85291633e+00 -3.24953536e-02
 -2.33688318e+00 -1.25407806e-02
 -2.88934897e+00 1.02177028e-02
 -3.52034295e+00 2.74764758e-02
 -4.23894676e+00 2.87601167e-02
 -5.05178884e+00 1.69719445e-03
 -5.96161386e+00 -6.74041747e-02
 -6.96719675e+00 -1.92321059e-01
 -8.06461047e+00 -3.85492843e-01
 -9.24850645e+00 -6.57210129e-01
 -1.05123514e+01 -1.01541834e+00
 -1.18478471e+01 -1.46552112e+00
 -1.32443587e+01 -2.00997286e+00
 -1.46887279e+01 -2.64798812e+00
 -1.61652334e+01 -3.37566674e+00
 -1.76553753e+01 -4.18652937e+00
 -1.91375357e+01 -5.07223270e+00
 -2.05869312e+01 -6.02318485e+00
 -2.19762474e+01 -7.02892462e+00
 -2.32768884e+01 -8.07826076e+00
 -2.44603274e+01 -9.15906865e+00
 -2.54991413e+01 -1.02575856e+01
 -2.63678547e+01 -1.13574749e+01
 -2.70439525e+01 -1.24394853e+01
 -2.75090312e+01 -1.34823169e+01
 -2.77496820e+01 -1.44643262e+01
 -2.77578108e+01 -1.53651019e+01
 -2.75305043e+01 -1.61663432e+01
 -2.70698722e+01 -1.68521457e+01
 -2.63832097e+01 -1.74089662e+01
 -2.54833176e+01 -1.78254059e+01
 -2.43884597e+01 -1.80918980e+01
 -2.31216429e+01 -1.82005290e+01
 -2.17093710e+01 -1.81454193e+01
 -2.01802410e+01 -1.79237846e+01
 -1.85636642e+01 -1.75370268e+01
 -1.68888095e+01 -1.69911943e+01
 -1.51837917e+01 -1.62970515e+01
 -1.34752019e+01 -1.54703197e+01
 -1.17881330e+01 -1.45318803e+01
 -1.01466214e+01 -1.35070819e+01
 -8.57392212e+00 -1.24236364e+01
 -7.09188919e+00 -1.13085369e+01
 -5.71947103e+00 -1.01851801e+01
 -4.47122141e+00 -9.07182933e+00
 -3.35646520e+00 -7.98168005e+00
 -2.37877486e+00 -6.92380594e+00
 -1.53540591e+00 -5.90421302e+00
 -8.17404136e-01 -4.92715508e+00
 -2.11406487e-01 -3.99730754e+00
 2.97170575e-01 -3.12232273e+00
 7.21283478e-01 -2.31396722e+00
 1.07116619e+00 -1.58653960e+00
 1.35480617e+00 -9.53390471e-01
 1.57892842e+00 -4.23754968e-01
 1.74989636e+00 -1.36620721e-03
 1.87439440e+00 3.15336450e-01
 1.95933313e+00 5.32163621e-01
 2.01043336e+00 6.57397764e-01
 2.03032406e+00 6.99122060e-01
 2.01793623e+00 6.62393128e-01
 1.96989558e+00 5.47634983e-01
 1.88275015e+00 3.50797453e-01
 1.75426922e+00 6.46052383e-02
 1.58327304e+00 -3.19850795e-01
 1.36907830e+00 -8.11297701e-01
 1.11167928e+00 -1.41631181e+00
 8.12420405e-01 -2.13783306e+00
 4.74186187e-01 -2.97493128e+00
 1.00695726e-01 -3.92384478e+00
 -3.04759984e-01 -4.97945262e+00
 -7.40592954e-01 -6.13629360e+00
 -1.20779942e+00 -7.38892588e+00
 -1.71019855e+00 -8.73198453e+00
 -2.25394594e+00 -1.01601833e+01
 -2.84655356e+00 -1.16680601e+01
 -3.49593202e+00 -1.32492346e+01
 -4.20984507e+00 -1.48954658e+01
 -4.99569459e+00 -1.65961761e+01
 -5.86022241e+00 -1.83387542e+01
 -6.80887303e+00 -2.01092158e+01
 -7.84504932e+00 -2.18925599e+01
 -8.96967499e+00 -2.36726961e+01
 -1.01810902e+01 -2.54324382e+01
 -1.14749859e+01 -2.71540748e+01
 -1.28442463e+01 -2.88204089e+01
 -1.42788091e+01 -3.04155313e+01
 -1.57657699e+01 -3.19246760e+01
 -1.72900452e+01 -3.33333893e+01
 -1.88356637e+01 -3.46269638e+01
 -2.03871339e+01 -3.57907988e+01
 -2.19301388e+01 -3.68113990e+01
 -2.34514980e+01 -3.76772122e+01
 -2.49391233e+01 -3.83789522e+01
 -2.63825441e+01 -3.89098663e+01
 -2.77737237e+01 -3.92664590e+01
 -2.91075523e+01 -3.94493140e+01
 -3.03819409e+01 -3.94630984e+01
 -3.15977859e+01 -3.93154413e+01
 -3.27586225e+01 -3.90154022e+01
 -3.38693798e+01 -3.85724348e+01
 -3.49340630e+01 -3.79961520e+01
 -3.59530378e+01 -3.72967399e+01
 -3.69210381e+01 -3.64858237e+01
 -3.78268690e+01 -3.55775991e+01
 -3.86555862e+01 -3.45900180e+01
 -3.93938589e+01 -3.35457009e+01
 -4.00379304e+01 -3.24716786e+01
 -4.06001199e+01 -3.13964505e+01
 -4.11075890e+01 -3.03438894e+01
 -4.15917178e+01 -2.93267552e+01
 -4.20754205e+01 -2.83446360e+01
 -4.25679652e+01 -2.73882203e+01
 -4.30688404e+01 -2.64463853e+01
 -4.35744177e+01 -2.55110216e+01
 -4.40818819e+01 -2.45779134e+01
 -4.45899120e+01 -2.36454228e+01
 -4.50980716e+01 -2.27130650e+01
 -4.56062539e+01 -2.17807296e+01
 -4.61144393e+01 -2.08483973e+01
 -4.66226243e+01 -1.99160666e+01
 -4.71308027e+01 -1.89837482e+01
 -4.76389302e+01 -1.80515231e+01
 -4.81467551e+01 -1.71198531e+01
 -4.86531670e+01 -1.61907756e+01
 -4.91543911e+01 -1.52712156e+01
 -4.96406216e+01 -1.43791634e+01
 -5.00926859e+01 -1.35497934e+01
 -5.04832869e+01 -1.28331857e+01
 -5.07865046e+01 -1.22768939e+01
 -5.07865046e+01 -1.22768939e+01
 -5.07865046e+01 -1.22768939e+01
 -5.07865046e+01 -1.22768939e+01
 -5.07865046e+01 -1.22768939e+01
 -5.07865046e+01 -1.22768939e+01
 -5.07865046e+01 -1.22768939e+01
 -5.07865046e+01 -1.22768939e+01
 -5.07865046e+01 -1.22768939e+01
 -5.07865046e+01 -1.22768939e+01
 -5.07865046e+01 -1.22768939e+01
 -5.07865046e+01 -1.22768939e+01
 -5.07865046e+01 -1.22768939e+01
 -5.07865046e+01 -1.22768939e+01
 -5.07865046e+01 -1.22768939e+01
 -5.07865046e+01 -1.22768939e+01
 -5.07865046e+01 -1.22768939e+01
 -5.07865046e+01 -1.22768939e+01
 -5.07865046e+01 -1.22768939e+01
 -5.07865046e+01 -1.22768939e+01
 -5.07865046e+01 -1.22768939e+01
 -5.07865046e+01 -1.22768939e+01
 -5.07865046e+01 -1.22768939e+01
 -5.07865046e+01 -1.22768939e+01
 -5.07865046e+01 -1.22768939e+01
 -5.07865046e+01 -1.22768939e+01
 -5.07865046e+01 -1.22768939e+01
 -5.07865046e+01 -1.22768939e+01
 -5.07865046e+01 -1.22768939e+01
 -5.07865046e+01 -1.22768939e+01
