 0.00000000e+00 0.00000000e+00
 0.00000000e+00 0.00000000e+00
 0.00000000e+00 0.00000000e+00
 0.00000000e+00 0.00000000e+00
 0.00000000e+00 0.00000000e+00
 0.00000000e+00 0.00000000e+00
 0.00000000e+00 0.00000000e+00
 3.42828939e-01 1.71197027e-01
 7.64981055e-01 4.03491072e-01
 1.21613428e+00 6.86592299e-01
 1.64003192e+00 1.00413153e+00
 1.98917596e+00 1.33873062e+00
 2.22941872e+00 1.67512379e+00
 2.33789120e+00 2.00136567e+00
 2.29965289e+00 2.30882725e+00
 2.10536141e+00 2.59141412e+00
 1.74993864e+00 2.84449678e+00
 1.23191548e+00 3.06405217e+00
 5.53390052e-01 3.24600549e+00
 -2.79642682e-01 3.38543832e+00
 -1.25700364e+00 3.47584277e+00
 -2.36422703e+00 3.50922463e+00
 -3.58265949e+00 3.47746958e+00
 -4.89011670e+00 3.37413301e+00
 -6.26246254e+00 3.19518052e+00
 -7.67575664e+00 2.93823419e+00
 -9.10806903e+00 2.60141980e+00
 -1.05404153e+01 2.18300044e+00
 -1.19569420e+01 1.68181366e+00
 -1.33447278e+01 1.09781323e+00
 -1.46934367e+01 4.32188336e-01
 -1.59947894e+01 -3.13023438e-01
 -1.72415173e+01 -1.13538931e+00
 -1.84256451e+01 -2.03187278e+00
 -1.95367589e+01 -2.99777166e+00
 -2.05613222e+01 -4.02550666e+00
 -2.14834017e+01 -5.10403246e+00
 -2.22861538e+01 -6.21891303e+00
 -2.29531983e+01 -7.35273050e+00
 -2.34695632e+01 -8.48573966e+00
 -2.38224477e+01 -9.59673546e+00
 -2.40020479e+01 -1.06639077e+01
 -2.40021939e+01 -1.16656651e+01
 -2.38202197e+01 -1.25816776e+01
 -2.34559584e+01 -1.33939786e+01
 -2.29106147e+01 -1.40875047e+01
 -2.21863883e+01 -1.46497636e+01
 -2.12870526e+01 -1.50699708e+01
 -2.02191215e+01 -1.53383372e+01
 -1.89930530e+01 -1.54462570e+01
 -1.76240276e+01 -1.53876891e+01
 -1.61322987e+01 -1.51610711e+01
 -1.45434175e+01 -1.47706258e+01
 -1.28880793e+01 -1.42264694e+01
 -1.12007520e+01 -1.35437707e+01
 -9.51689533e+00 -1.27415047e+01
 -7.86988062e+00 -1.18410524e+01
 -6.28891807e+00 -1.08644648e+01
 -4.79811038e+00 -9.83226828e+00
 -3.41585970e+00 -8.76137470e+00
 -2.15431834e+00 -7.66414959e+00
 -1.01946546e+00 -6.54935871e+00
 -1.23404157e-02 -5.42485380e+00
 8.68993548e-01 -4.30097575e+00
 1.62786733e+00 -3.19314103e+00
 2.26849525e+00 -2.12237871e+00
 2.79619206e+00 -1.11361332e+00
 3.21765120e+00 -1.92484490e-01
 3.54124873e+00 6.18089708e-01
 3.77753429e+00 1.30048714e+00
 3.93908294e+00 1.84332207e+00
 4.03832208e+00 2.24048824e+00
 4.08373591e+00 2.48877312e+00
 4.07751746e+00 2.58537699e+00
 4.01719874e+00 2.52683981e+00
 3.89964950e+00 2.30952756e+00
 3.72341060e+00 1.93024991e+00
 3.48798079e+00 1.38614165e+00
 3.19248363e+00 6.74902344e-01
 2.83609437e+00 -2.03397042e-01
 2.41968404e+00 -1.24380388e+00
 1.94657893e+00 -2.43533686e+00
 1.42151387e+00 -3.76205406e+00
 8.48658219e-01 -5.20531715e+00
 2.29955775e-01 -6.74582022e+00
 -4.35742530e-01 -8.36488849e+00
 -1.15279072e+00 -1.00452850e+01
 -1.92821388e+00 -1.17716149e+01
 -2.77078644e+00 -1.35301808e+01
 -3.69012409e+00 -1.53085140e+01
 -4.69605821e+00 -1.70952783e+01
 -5.79833620e+00 -1.88809535e+01
 -7.00655028e+00 -2.06587736e+01
 -8.32997430e+00 -2.24247798e+01
 -9.77669432e+00 -2.41762697e+01
 -1.13515765e+01 -2.59091665e+01
 -1.30534781e+01 -2.76158093e+01
 -1.48728988e+01 -2.92842341e+01
 -1.67910684e+01 -3.08984997e+01
 -1.87804919e+01 -3.24388304e+01
 -2.08063280e+01 -3.38812949e+01
 -2.28282613e+01 -3.51981278e+01
 -2.48031145e+01 -3.63597353e+01
 -2.66882096e+01 -3.73378103e+01
 -2.84446148e+01 -3.81077976e+01
 -3.00393222e+01 -3.86497697e+01
 -3.14463421e+01 -3.89486869e+01
 -3.26475390e+01 -3.89959494e+01
 -3.36344533e+01 -3.87936025e+01
 -3.44124555e+01 -3.83611860e+01
 -3.50066173e+01 -3.77424063e+01
 -3.54639877e+01 -3.70046445e+01
 -3.58451333e+01 -3.62245839e+01
 -3.62055473e+01 -3.54639589e+01
 -3.65789949e+01 -3.47518574e+01
 -3.69747637e+01 -3.40864906e+01
 -3.73875917e+01 -3.34514219e+01
 -3.78092738e+01 -3.28308851e+01
 -3.82343492e+01 -3.22156673e+01
 -3.86604134e+01 -3.16019541e+01
 -3.90866994e+01 -3.09885718e+01
 -3.95130240e+01 -3.03752461e+01
 -3.99393537e+01 -2.97619280e+01
 -4.03656834e+01 -2.91486116e+01
 -4.07920075e+01 -2.85353034e+01
 -4.12182890e+01 -2.79220565e+01
 -4.16443166e+01 -2.73091748e+01
 -4.20691588e+01 -2.66979985e+01
 -4.24896488e+01 -2.60930831e+01
 -4.28975603e+01 -2.55062633e+01
 -4.32768089e+01 -2.49606777e+01
 -4.36044943e+01 -2.44892707e+01
 -4.38588716e+01 -2.41233245e+01
 -4.38588716e+01 -2.41233245e+01
 -4.38588716e+01 -2.41233245e+01
 -4.38588716e+01 -2.41233245e+01
 -4.38588716e+01 -2.41233245e+01
 -4.38588716e+01 -2.41233245e+01
 -4.38588716e+01 -2.41233245e+01
 -4.38588716e+01 -2.41233245e+01
 -4.38588716e+01 -2.41233245e+01
 -4.38588716e+01 -2.41233245e+01
 -4.38588716e+01 -2.41233245e+01
 -4.38588716e+01 -2.41233245e+01
 -4.38588716e+01 -2.41233245e+01
 -4.38588716e+01 -2.41233245e+01
 -4.38588716e+01 -2.41233245e+01
 -4.38588716e+01 -2.41233245e+01
 -4.38588716e+01 -2.41233245e+01
 -4.38588716e+01 -2.41233245e+01
 -4.38588716e+01 -2.41233245e+01
 -4.38588716e+01 -2.41233245e+01
 -4.38588716e+01 -2.41233245e+01
 -4.38588716e+01 -2.41233245e+01
 -4.38588716e+01 -2.41233245e+01
 -4.38588716e+01 -2.41233245e+01
 -4.38588716e+01 -2.41233245e+01
 -4.38588716e+01 -2.41233245e+01
 -4.38588716e+01 -2.41233245e+01
 -4.38588716e+01 -2.41233245e+01
 -4.38588716e+01 -2.41233245e+01
 -4.38588716e+01 -2.41233245e+01
 -4.38588716e+01 -2.41233245e+01
 -4.38588716e+01 -2.41233245e+01
 -4.38588716e+01 -2.41233245e+01
 -4.38588716e+01 -2.41233245e+01
 -4.38588716e+01 -2.41233245e+01
 -4.38588716e+01 -2.41233245e+01
 -4.38588716e+01 -2.41233245e+01
 -4.38588716e+01 -2.41233245e+01
 -4.38588716e+01 -2.41233245e+01
 -4.38588716e+01 -2.41233245e+01
 -4.38588716e+01 -2.41233245e+01
 -4.38588716e+01 -2.41233245e+01
 -4.38588716e+01 -2.41233245e+01
 -4.38588716e+01 -2.41233245e+01
