 0.00000000e+00 0.00000000e+00
 0.00000000e+00 0.00000000e+00
 0.00000000e+00 0.00000000e+00
 0.00000000e+00 0.00000000e+00
 0.00000000e+00 0.00000000e+00
 0.00000000e+00 0.00000000e+00
 0.00000000e+00 0.00000000e+00
 0.00000000e+00 0.00000000e+00
 0.00000000e+00 0.00000000e+00
 0.00000000e+00 0.00000000e+00
 0.00000000e+00 0.00000000e+00
 0.00000000e+00 0.00000000e+00
 0.00000000e+00 0.00000000e+00
 0.00000000e+00 0.00000000e+00
 0.00000000e+00 0.00000000e+00
 0.00000000e+00 0.00000000e+00
 -7.81152811e-02 7.86497391e-02
 -2.24050530e-01 1.77230596e-01
 -4.60271077e-01 2.87093927e-01
 -7.99656989e-01 3.98885952e-01
 -1.24328219e+00 5.04704273e-01
 -1.78345539e+00 5.98116884e-01
 -2.40922967e+00 6.73325970e-01
 -3.11094226e+00 7.24524394e-01
 -3.88177291e+00 7.45089046e-01
 -4.71666248e+00 7.25927810e-01
 -5.61067955e+00 6.53721612e-01
 -6.55861493e+00 5.10992554e-01
 -7.55570308e+00 2.78721394e-01
 -8.59807400e+00 -6.01064725e-02
 -9.68206141e+00 -5.18089874e-01
 -1.08026687e+01 -1.10254376e+00
 -1.19517424e+01 -1.81519913e+00
 -1.31160750e+01 -2.65159923e+00
 -1.42757716e+01 -3.60015833e+00
 -1.54035379e+01 -4.64149305e+00
 -1.64655584e+01 -5.74881767e+00
 -1.74243544e+01 -6.88986448e+00
 -1.82432341e+01 -8.02998948e+00
 -1.88909328e+01 -9.13538852e+00
 -1.93449352e+01 -1.01754268e+01
 -1.95928486e+01 -1.11238658e+01
 -1.96319028e+01 -1.19593442e+01
 -1.94669331e+01 -1.26654228e+01
 -1.91074900e+01 -1.32302218e+01
 -1.85648393e+01 -1.36456184e+01
 -1.78495412e+01 -1.39062591e+01
 -1.69703035e+01 -1.40089613e+01
 -1.59346222e+01 -1.39528712e+01
 -1.47511208e+01 -1.37401520e+01
 -1.34327822e+01 -1.33767672e+01
 -1.19998352e+01 -1.28731731e+01
 -1.04811871e+01 -1.22448390e+01
 -8.91387667e+00 -1.15122630e+01
 -7.34053986e+00 -1.06998873e+01
 -5.80524575e+00 -9.83352684e+00
 -4.34856022e+00 -8.93678610e+00
 -3.00313660e+00 -8.02785027e+00
 -1.79107116e+00 -7.11796536e+00
 -7.23608011e-01 -6.21186517e+00
 1.97173997e-01 -5.30948999e+00
 9.75806389e-01 -4.40836473e+00
 1.62111523e+00 -3.50646317e+00
 2.14445967e+00 -2.60534039e+00
 2.55825056e+00 -1.71272063e+00
 2.87494407e+00 -8.43407919e-01
 3.10719529e+00 -1.78958629e-02
 3.26883740e+00 7.40902980e-01
 3.37498432e+00 1.41155404e+00
 3.44034762e+00 1.97727463e+00
 3.47701861e+00 2.42748043e+00
 3.49325749e+00 2.75723385e+00
 3.49325508e+00 2.96464915e+00
 3.47727680e+00 3.04739304e+00
 3.44230102e+00 3.00038179e+00
 3.38332180e+00 2.81610601e+00
 3.29500920e+00 2.48682314e+00
 3.17327257e+00 2.00650182e+00
 3.01608647e+00 1.37150792e+00
 2.82307631e+00 5.81003717e-01
 2.59441788e+00 -3.61811305e-01
 2.33018261e+00 -1.44820734e+00
 2.03038703e+00 -2.66395941e+00
 1.69512904e+00 -3.99173732e+00
 1.32427081e+00 -5.41445040e+00
 9.16469374e-01 -6.91707275e+00
 4.67761891e-01 -8.48595059e+00
 -2.95328178e-02 -1.01069705e+01
 -5.86937638e-01 -1.17644756e+01
 -1.21916449e+00 -1.34414567e+01
 -1.94324337e+00 -1.51205980e+01
 -2.77749666e+00 -1.67859375e+01
 -3.74004187e+00 -1.84249182e+01
 -4.84669812e+00 -2.00299747e+01
 -6.10862095e+00 -2.15985317e+01
 -7.53033864e+00 -2.31311117e+01
 -9.10882853e+00 -2.46284856e+01
 -1.08338961e+01 -2.60891870e+01
 -1.26897146e+01 -2.75080075e+01
 -1.46569733e+01 -2.88752939e+01
 -1.67146037e+01 -3.01767607e+01
 -1.88400675e+01 -3.13938447e+01
 -2.10082893e+01 -3.25048362e+01
 -2.31906865e+01 -3.34868534e+01
 -2.53556113e+01 -3.43181872e+01
 -2.74697892e+01 -3.49801158e+01
 -2.94991685e+01 -3.54575894e+01
 -3.14085890e+01 -3.57389629e+01
 -3.31616823e+01 -3.58154307e+01
 -3.47229722e+01 -3.56808701e+01
 -3.60626473e+01 -3.53329531e+01
 -3.71630330e+01 -3.47766879e+01
 -3.80258946e+01 -3.40309235e+01
 -3.86790081e+01 -3.31351826e+01
 -3.91768704e+01 -3.21496156e+01
 -3.95891523e+01 -3.11416359e+01
 -3.99788074e+01 -3.01636946e+01
 -4.03835499e+01 -2.92379124e+01
 -4.08134201e+01 -2.83589084e+01
 -4.12623198e+01 -2.75092939e+01
 -4.17210392e+01 -2.66735240e+01
 -4.21835060e+01 -2.58427625e+01
 -4.26470613e+01 -2.50134060e+01
 -4.31108602e+01 -2.41843567e+01
 -4.35747013e+01 -2.33553597e+01
 -4.40385480e+01 -2.25263697e+01
 -4.45023947e+01 -2.16973816e+01
 -4.49662354e+01 -2.08684045e+01
 -4.54300296e+01 -2.00395104e+01
 -4.58935477e+01 -1.92111098e+01
 -4.63557759e+01 -1.83850144e+01
 -4.68132691e+01 -1.75673816e+01
 -4.72570768e+01 -1.67742075e+01
 -4.76696993e+01 -1.60367676e+01
 -4.80262210e+01 -1.53995912e+01
 -4.83029835e+01 -1.49049606e+01
 -4.83029835e+01 -1.49049606e+01
 -4.83029835e+01 -1.49049606e+01
 -4.83029835e+01 -1.49049606e+01
 -4.83029835e+01 -1.49049606e+01
 -4.83029835e+01 -1.49049606e+01
 -4.83029835e+01 -1.49049606e+01
 -4.83029835e+01 -1.49049606e+01
 -4.83029835e+01 -1.49049606e+01
 -4.83029835e+01 -1.49049606e+01
 -4.83029835e+01 -1.49049606e+01
 -4.83029835e+01 -1.49049606e+01
 -4.83029835e+01 -1.49049606e+01
 -4.83029835e+01 -1.49049606e+01
 -4.83029835e+01 -1.49049606e+01
 -4.83029835e+01 -1.49049606e+01
 -4.83029835e+01 -1.49049606e+01
 -4.83029835e+01 -1.49049606e+01
 -4.83029835e+01 -1.49049606e+01
 -4.83029835e+01 -1.49049606e+01
 -4.83029835e+01 -1.49049606e+01
 -4.83029835e+01 -1.49049606e+01
 -4.83029835e+01 -1.49049606e+01
 -4.83029835e+01 -1.49049606e+01
 -4.83029835e+01 -1.49049606e+01
 -4.83029835e+01 -1.49049606e+01
 -4.83029835e+01 -1.49049606e+01
 -4.83029835e+01 -1.49049606e+01
 -4.83029835e+01 -1.49049606e+01
 -4.83029835e+01 -1.49049606e+01
 -4.83029835e+01 -1.49049606e+01
 -4.83029835e+01 -1.49049606e+01
 -4.83029835e+01 -1.49049606e+01
 -4.83029835e+01 -1.49049606e+01
 -4.83029835e+01 -1.49049606e+01
 -4.83029835e+01 -1.49049606e+01
 -4.83029835e+01 -1.49049606e+01
 -4.83029835e+01 -1.49049606e+01
 -4.83029835e+01 -1.49049606e+01
 -4.83029835e+01 -1.49049606e+01
 -4.83029835e+01 -1.49049606e+01
