 0.00000000e+00 0.00000000e+00
 0.00000000e+00 0.00000000e+00
 0.00000000e+00 0.00000000e+00
 0.00000000e+00 0.00000000e+00
 0.00000000e+00 0.00000000e+00
 0.00000000e+00 0.00000000e+00
 0.00000000e+00 0.00000000e+00
 0.00000000e+00 0.00000000e+00
 1.25627972e-01 2.47557101e-02
 2.55918426e-01 6.80090831e-02
 3.59605834e-01 1.32523101e-01
 4.11372027e-01 2.17133208e-01
 3.98534516e-01 3.18000898e-01
 3.17860518e-01 4.30478992e-01
 1.67635300e-01 5.49395478e-01
 -5.82258916e-02 6.67771827e-01
 -3.71052696e-01 7.75807884e-01
 -7.84557715e-01 8.61532345e-01
 -1.31128946e+00 9.12791627e-01
 -1.96048564e+00 9.19172321e-01
 -2.73737864e+00 8.72996793e-01
 -3.64298837e+00 7.69662895e-01
 -4.67386692e+00 6.07686567e-01
 -5.82195640e+00 3.88224155e-01
 -7.07482500e+00 1.13996704e-01
 -8.41636473e+00 -2.11915892e-01
 -9.82796158e+00 -5.87069522e-01
 -1.12899471e+01 -1.01056605e+00
 -1.27828267e+01 -1.48397933e+00
 -1.42879759e+01 -2.01197807e+00
 -1.57881948e+01 -2.60217046e+00
 -1.72686224e+01 -3.26404849e+00
 -1.87175254e+01 -4.00730837e+00
 -2.01256460e+01 -4.83981494e+00
 -2.14835629e+01 -5.76532134e+00
 -2.27783493e+01 -6.78116154e+00
 -2.39916040e+01 -7.87637762e+00
 -2.50997936e+01 -9.03085813e+00
 -2.60762062e+01 -1.02160379e+01
 -2.68932978e+01 -1.13974447e+01
 -2.75247082e+01 -1.25387064e+01
 -2.79469948e+01 -1.36058548e+01
 -2.81417802e+01 -1.45705649e+01
 -2.80987255e+01 -1.54116397e+01
 -2.78180721e+01 -1.61150646e+01
 -2.73104526e+01 -1.66733488e+01
 -2.65935511e+01 -1.70843868e+01
 -2.56880881e+01 -1.73496083e+01
 -2.46155884e+01 -1.74716351e+01
 -2.33978409e+01 -1.74525242e+01
 -2.20566425e+01 -1.72936686e+01
 -2.06134416e+01 -1.69972888e+01
 -1.90895507e+01 -1.65683253e+01
 -1.75071000e+01 -1.60154555e+01
 -1.58897797e+01 -1.53507909e+01
 -1.42623590e+01 -1.45887953e+01
 -1.26492067e+01 -1.37452926e+01
 -1.10730611e+01 -1.28368671e+01
 -9.55481879e+00 -1.18803694e+01
 -8.11384593e+00 -1.08923778e+01
 -6.76796097e+00 -9.88882074e+00
 -5.53297398e+00 -8.88488626e+00
 -4.42223697e+00 -7.89507024e+00
 -3.44633256e+00 -6.93327419e+00
 -2.61252168e+00 -6.01306363e+00
 -1.92375682e+00 -5.14803714e+00
 -1.37771317e+00 -4.35181807e+00
 -9.66398765e-01 -3.63717831e+00
 -6.76247588e-01 -3.01446945e+00
 -4.88382812e-01 -2.49024413e+00
 -3.79781810e-01 -2.06704060e+00
 -3.26786607e-01 -1.74470882e+00
 -3.10783470e-01 -1.52284146e+00
 -3.23156328e-01 -1.40337071e+00
 -3.66053145e-01 -1.39221742e+00
 -4.48159230e-01 -1.49901102e+00
 -5.78443704e-01 -1.73491612e+00
 -7.62224933e-01 -2.11006991e+00
 -1.00111890e+00 -2.63201813e+00
 -1.29458173e+00 -3.30476667e+00
 -1.64049593e+00 -4.12743075e+00
 -2.03494307e+00 -5.09283449e+00
 -2.47262385e+00 -6.18737814e+00
 -2.94832359e+00 -7.39265667e+00
 -3.45874436e+00 -8.68801339e+00
 -4.00405583e+00 -1.00529434e+01
 -4.58886905e+00 -1.14689288e+01
 -5.22240607e+00 -1.29208369e+01
 -5.91762928e+00 -1.43978542e+01
 -6.68941256e+00 -1.58935728e+01
 -7.55234516e+00 -1.74050680e+01
 -8.51880593e+00 -1.89314753e+01
 -9.59742028e+00 -2.04728635e+01
 -1.07916650e+01 -2.20296495e+01
 -1.20986796e+01 -2.36019062e+01
 -1.35088182e+01 -2.51877944e+01
 -1.50064160e+01 -2.67813372e+01
 -1.65715897e+01 -2.83707682e+01
 -1.81824284e+01 -2.99385024e+01
 -1.98172029e+01 -3.14626268e+01
 -2.14565837e+01 -3.29188860e+01
 -2.30857428e+01 -3.42821652e+01
 -2.46960036e+01 -3.55272376e+01
 -2.62856464e+01 -3.66292908e+01
 -2.78592736e+01 -3.75647582e+01
 -2.94252029e+01 -3.83125449e+01
 -3.09912326e+01 -3.88559507e+01
 -3.25601471e+01 -3.91865139e+01
 -3.41266461e+01 -3.93108219e+01
 -3.56772515e+01 -3.92581911e+01
 -3.71943374e+01 -3.90822860e+01
 -3.86635738e+01 -3.88496125e+01
 -4.00808620e+01 -3.86176527e+01
 -4.14537960e+01 -3.84172644e+01
 -4.27966503e+01 -3.82518916e+01
 -4.41232754e+01 -3.81104823e+01
 -4.54429431e+01 -3.79809077e+01
 -4.67602467e+01 -3.78557456e+01
 -4.80769152e+01 -3.77318474e+01
 -4.93934491e+01 -3.76082298e+01
 -5.07099606e+01 -3.74846604e+01
 -5.20264690e+01 -3.73610976e+01
 -5.33429753e+01 -3.72375357e+01
 -5.46594642e+01 -3.71139754e+01
 -5.59758214e+01 -3.69904275e+01
 -5.72913947e+01 -3.68669532e+01
 -5.86033072e+01 -3.67438224e+01
 -5.99017805e+01 -3.66219530e+01
 -6.11614111e+01 -3.65037292e+01
 -6.23325308e+01 -3.63938127e+01
 -6.33444233e+01 -3.62988406e+01
 -6.41299403e+01 -3.62251152e+01
 -6.41299403e+01 -3.62251152e+01
 -6.41299403e+01 -3.62251152e+01
 -6.41299403e+01 -3.62251152e+01
 -6.41299403e+01 -3.62251152e+01
 -6.41299403e+01 -3.62251152e+01
 -6.41299403e+01 -3.62251152e+01
 -6.41299403e+01 -3.62251152e+01
 -6.41299403e+01 -3.62251152e+01
 -6.41299403e+01 -3.62251152e+01
 -6.41299403e+01 -3.62251152e+01
 -6.41299403e+01 -3.62251152e+01
 -6.41299403e+01 -3.62251152e+01
 -6.41299403e+01 -3.62251152e+01
 -6.41299403e+01 -3.62251152e+01
 -6.41299403e+01 -3.62251152e+01
 -6.41299403e+01 -3.62251152e+01
 -6.41299403e+01 -3.62251152e+01
 -6.41299403e+01 -3.62251152e+01
 -6.41299403e+01 -3.62251152e+01
 -6.41299403e+01 -3.62251152e+01
 -6.41299403e+01 -3.62251152e+01
 -6.41299403e+01 -3.62251152e+01
 -6.41299403e+01 -3.62251152e+01
 -6.41299403e+01 -3.62251152e+01
 -6.41299403e+01 -3.62251152e+01
 -6.41299403e+01 -3.62251152e+01
 -6.41299403e+01 -3.62251152e+01
 -6.41299403e+01 -3.62251152e+01
 -6.41299403e+01 -3.62251152e+01
 -6.41299403e+01 -3.62251152e+01
 -6.41299403e+01 -3.62251152e+01
 -6.41299403e+01 -3.62251152e+01
 -6.41299403e+01 -3.62251152e+01
 -6.41299403e+01 -3.62251152e+01
 -6.41299403e+01 -3.62251152e+01
 -6.41299403e+01 -3.62251152e+01
 -6.41299403e+01 -3.62251152e+01
 -6.41299403e+01 -3.62251152e+01
 -6.41299403e+01 -3.62251152e+01
 -6.41299403e+01 -3.62251152e+01
 -6.41299403e+01 -3.62251152e+01
 -6.41299403e+01 -3.62251152e+01
 -6.41299403e+01 -3.62251152e+01
 -6.41299403e+01 -3.62251152e+01
