 0.00000000e+00 0.00000000e+00
 0.00000000e+00 0.00000000e+00
 0.00000000e+00 0.00000000e+00
 0.00000000e+00 0.00000000e+00
 0.00000000e+00 0.00000000e+00
 0.00000000e+00 0.00000000e+00
 0.00000000e+00 0.00000000e+00
 0.00000000e+00 0.00000000e+00
 0.00000000e+00 0.00000000e+00
 0.00000000e+00 0.00000000e+00
 -5.95536108e-03 8.17753321e-02
 -2.11276424e-02 1.91440489e-01
 -5.29768232e-02 3.24718210e-01
 -1.09219065e-01 4.75929830e-01
 -1.95221549e-01 6.39864172e-01
 -3.13410186e-01 8.12092719e-01
 -4.65431859e-01 9.88593547e-01
 -6.54845244e-01 1.16555027e+00
 -8.87948906e-01 1.33932233e+00
 -1.17268730e+00 1.50628539e+00
 -1.51715554e+00 1.66256015e+00
 -1.92896743e+00 1.80378589e+00
 -2.41566538e+00 1.92495525e+00
 -2.98536329e+00 2.02032375e+00
 -3.64665036e+00 2.08331904e+00
 -4.40757408e+00 2.10596819e+00
 -5.27426306e+00 2.07763125e+00
 -6.24964488e+00 1.98424719e+00
 -7.33221480e+00 1.80973907e+00
 -8.51479026e+00 1.53918876e+00
 -9.78374000e+00 1.16151332e+00
 -1.11194099e+01 6.70386975e-01
 -1.24976834e+01 6.42538051e-02
 -1.38916487e+01 -6.53434140e-01
 -1.52724638e+01 -1.47372146e+00
 -1.66095056e+01 -2.38194294e+00
 -1.78706133e+01 -3.35809251e+00
 -1.90231345e+01 -4.37780211e+00
 -2.00357254e+01 -5.41399909e+00
 -2.08801991e+01 -6.43916329e+00
 -2.15329109e+01 -7.42757199e+00
 -2.19758129e+01 -8.35663390e+00
 -2.21974436e+01 -9.20703890e+00
 -2.21937027e+01 -9.96242310e+00
 -2.19680021e+01 -1.06093000e+01
 -2.15305596e+01 -1.11371488e+01
 -2.08970695e+01 -1.15381288e+01
 -2.00872724e+01 -1.18064314e+01
 -1.91237373e+01 -1.19378627e+01
 -1.80308729e+01 -1.19301420e+01
 -1.68342796e+01 -1.17837624e+01
 -1.55606123e+01 -1.15027013e+01
 -1.42376490e+01 -1.10943573e+01
 -1.28938384e+01 -1.05688040e+01
 -1.15569809e+01 -9.93796588e+00
 -1.02524615e+01 -9.21500752e+00
 -9.00162593e+00 -8.41359838e+00
 -7.82052118e+00 -7.54671384e+00
 -6.71916453e+00 -6.62541232e+00
 -5.70182658e+00 -5.65861305e+00
 -4.76860539e+00 -4.65438735e+00
 -3.91766417e+00 -3.62210476e+00
 -3.14703612e+00 -2.57420057e+00
 -2.45551757e+00 -1.52686404e+00
 -1.84295325e+00 -4.99834446e-01
 -1.31018129e+00 4.84305778e-01
 -8.58428732e-01 1.40146993e+00
 -4.87967344e-01 2.22839028e+00
 -1.96438319e-01 2.94562765e+00
 2.23125132e-02 3.54012583e+00
 1.78092916e-01 4.00599972e+00
 2.82474890e-01 4.34292540e+00
 3.45728193e-01 4.55278996e+00
 3.74473750e-01 4.63649519e+00
 3.71688725e-01 4.59281758e+00
 3.38594797e-01 4.41950961e+00
 2.76636609e-01 4.11493271e+00
 1.88525388e-01 3.67867056e+00
 7.84367395e-02 3.11146857e+00
 -4.85254693e-02 2.41584759e+00
 -1.87624201e-01 1.59770612e+00
 -3.35976405e-01 6.67660186e-01
 -4.93364369e-01 -3.59445211e-01
 -6.62270379e-01 -1.46710209e+00
 -8.47797954e-01 -2.64027824e+00
 -1.05784707e+00 -3.86728242e+00
 -1.30316702e+00 -5.13990605e+00
 -1.59682293e+00 -6.45273342e+00
 -1.95306853e+00 -7.80243450e+00
 -2.38595338e+00 -9.18709290e+00
 -2.90813938e+00 -1.06053897e+01
 -3.53023618e+00 -1.20557865e+01
 -4.26034438e+00 -1.35360044e+01
 -5.10320930e+00 -1.50427057e+01
 -6.05908572e+00 -1.65708678e+01
 -7.12319719e+00 -1.81127310e+01
 -8.28635832e+00 -1.96570463e+01
 -9.53630679e+00 -2.11893046e+01
 -1.08589939e+01 -2.26927204e+01
 -1.22397688e+01 -2.41493639e+01
 -1.36647843e+01 -2.55413004e+01
 -1.51224449e+01 -2.68518092e+01
 -1.66042525e+01 -2.80664495e+01
 -1.81046870e+01 -2.91736125e+01
 -1.96203192e+01 -3.01644381e+01
 -2.11485318e+01 -3.10322453e+01
 -2.26859901e+01 -3.17717762e+01
 -2.42267784e+01 -3.23786039e+01
 -2.57602928e+01 -3.28489018e+01
 -2.72695129e+01 -3.31793785e+01
 -2.87306748e+01 -3.33668552e+01
 -3.01151907e+01 -3.34077149e+01
 -3.13942818e+01 -3.32994268e+01
 -3.25465877e+01 -3.30466633e+01
 -3.35674940e+01 -3.26701759e+01
 -3.44751628e+01 -3.22105782e+01
 -3.53065504e+01 -3.17196252e+01
 -3.61028941e+01 -3.12417257e+01
 -3.68941437e+01 -3.07990307e+01
 -3.76931509e+01 -3.03910496e+01
 -3.85005865e+01 -3.00059298e+01
 -3.93129520e+01 -2.96319087e+01
 -4.01273231e+01 -2.92619896e+01
 -4.09422996e+01 -2.88932400e+01
 -4.17574150e+01 -2.85247491e+01
 -4.25725550e+01 -2.81563028e+01
 -4.33876982e+01 -2.77878625e+01
 -4.42028407e+01 -2.74194233e+01
 -4.50179724e+01 -2.70509890e+01
 -4.58330226e+01 -2.66825916e+01
 -4.66475874e+01 -2.63144136e+01
 -4.74598856e+01 -2.59472601e+01
 -4.82638625e+01 -2.55838677e+01
 -4.90437893e+01 -2.52313459e+01
 -4.97689126e+01 -2.49035948e+01
 -5.03954470e+01 -2.46204053e+01
 -5.08818164e+01 -2.44005695e+01
 -5.08818164e+01 -2.44005695e+01
 -5.08818164e+01 -2.44005695e+01
 -5.08818164e+01 -2.44005695e+01
 -5.08818164e+01 -2.44005695e+01
 -5.08818164e+01 -2.44005695e+01
 -5.08818164e+01 -2.44005695e+01
 -5.08818164e+01 -2.44005695e+01
 -5.08818164e+01 -2.44005695e+01
 -5.08818164e+01 -2.44005695e+01
 -5.08818164e+01 -2.44005695e+01
 -5.08818164e+01 -2.44005695e+01
 -5.08818164e+01 -2.44005695e+01
 -5.08818164e+01 -2.44005695e+01
 -5.08818164e+01 -2.44005695e+01
 -5.08818164e+01 -2.44005695e+01
 -5.08818164e+01 -2.44005695e+01
 -5.08818164e+01 -2.44005695e+01
 -5.08818164e+01 -2.44005695e+01
 -5.08818164e+01 -2.44005695e+01
 -5.08818164e+01 -2.44005695e+01
 -5.08818164e+01 -2.44005695e+01
 -5.08818164e+01 -2.44005695e+01
 -5.08818164e+01 -2.44005695e+01
 -5.08818164e+01 -2.44005695e+01
 -5.08818164e+01 -2.44005695e+01
 -5.08818164e+01 -2.44005695e+01
 -5.08818164e+01 -2.44005695e+01
 -5.08818164e+01 -2.44005695e+01
 -5.08818164e+01 -2.44005695e+01
 -5.08818164e+01 -2.44005695e+01
 -5.08818164e+01 -2.44005695e+01
 -5.08818164e+01 -2.44005695e+01
 -5.08818164e+01 -2.44005695e+01
 -5.08818164e+01 -2.44005695e+01
 -5.08818164e+01 -2.44005695e+01
 -5.08818164e+01 -2.44005695e+01
 -5.08818164e+01 -2.44005695e+01
 -5.08818164e+01 -2.44005695e+01
 -5.08818164e+01 -2.44005695e+01
