 0.00000000e+00 0.00000000e+00
 0.00000000e+00 0.00000000e+00
 0.00000000e+00 0.00000000e+00
 0.00000000e+00 0.00000000e+00
 0.00000000e+00 0.00000000e+00
 0.00000000e+00 0.00000000e+00
 0.00000000e+00 0.00000000e+00
 3.37321824e-02 9.76778659e-02
 6.33567400e-02 2.40370787e-01
 7.51173150e-02 4.28374720e-01
 5.68479642e-02 6.57122634e-01
 3.03885433e-03 9.19792634e-01
 -8.45532582e-02 1.20920445e+00
 -2.01558268e-01 1.51794095e+00
 -3.46855650e-01 1.83734574e+00
 -5.24931436e-01 2.15684563e+00
 -7.43972083e-01 2.46449000e+00
 -1.01239711e+00 2.74829266e+00
 -1.33651495e+00 2.99726158e+00
 -1.72007820e+00 3.20165940e+00
 -2.16495986e+00 3.35296328e+00
 -2.67174560e+00 3.44380475e+00
 -3.23962034e+00 3.46749611e+00
 -3.86582157e+00 3.41720021e+00
 -4.54535998e+00 3.28593416e+00
 -5.27153649e+00 3.06826312e+00
 -6.03718448e+00 2.76270352e+00
 -6.83583809e+00 2.37304402e+00
 -7.66193687e+00 1.90790378e+00
 -8.51006423e+00 1.37910414e+00
 -9.37411504e+00 7.99730837e-01
 -1.02471395e+01 1.82600519e-01
 -1.11216656e+01 -4.60552022e-01
 -1.19897172e+01 -1.11954102e+00
 -1.28422423e+01 -1.78657761e+00
 -1.36686318e+01 -2.45764022e+00
 -1.44571096e+01 -3.13350402e+00
 -1.51958278e+01 -3.81934619e+00
 -1.58738050e+01 -4.52286382e+00
 -1.64811999e+01 -5.25199754e+00
 -1.70091355e+01 -6.01326135e+00
 -1.74495334e+01 -6.81059110e+00
 -1.77952173e+01 -7.64402257e+00
 -1.80401931e+01 -8.50804024e+00
 -1.81797207e+01 -9.39029935e+00
 -1.82100227e+01 -1.02716066e+01
 -1.81282786e+01 -1.11274069e+01
 -1.79335558e+01 -1.19301986e+01
 -1.76279981e+01 -1.26519559e+01
 -1.72169946e+01 -1.32659880e+01
 -1.67083667e+01 -1.37483840e+01
 -1.61116218e+01 -1.40796054e+01
 -1.54376624e+01 -1.42464064e+01
 -1.46985904e+01 -1.42434802e+01
 -1.39074539e+01 -1.40738623e+01
 -1.30780338e+01 -1.37476541e+01
 -1.22243501e+01 -1.32797431e+01
 -1.13592831e+01 -1.26878417e+01
 -1.04925761e+01 -1.19915002e+01
 -9.62959839e+00 -1.12115009e+01
 -8.77180389e+00 -1.03687524e+01
 -7.91823046e+00 -9.48264985e+00
 -7.06674274e+00 -8.56960989e+00
 -6.21464571e+00 -7.64238712e+00
 -5.35947104e+00 -6.71032290e+00
 -4.50078584e+00 -5.78041403e+00
 -3.64269030e+00 -4.85884115e+00
 -2.79553955e+00 -3.95229774e+00
 -1.97563818e+00 -3.06859782e+00
 -1.20294741e+00 -2.21672848e+00
 -4.97918630e-01 -1.40688315e+00
 1.21299571e-01 -6.50399021e-01
 6.40703241e-01 4.11507384e-02
 1.05167635e+00 6.57846389e-01
 1.35225046e+00 1.19315481e+00
 1.54793642e+00 1.64426918e+00
 1.65044187e+00 2.01107702e+00
 1.67357883e+00 2.29489824e+00
 1.62867741e+00 2.49797466e+00
 1.52277725e+00 2.62326972e+00
 1.35991616e+00 2.67302373e+00
 1.14306403e+00 2.64597974e+00
 8.75073880e-01 2.53613043e+00
 5.59098953e-01 2.33544736e+00
 1.99199019e-01 2.03868918e+00
 -1.99069579e-01 1.64603661e+00
 -6.28671301e-01 1.16210516e+00
 -1.08181669e+00 5.93482504e-01
 -1.55085358e+00 -5.28113501e-02
 -2.02877916e+00 -7.69494889e-01
 -2.50937011e+00 -1.54882398e+00
 -2.98714316e+00 -2.38299403e+00
 -3.45701772e+00 -3.26500684e+00
 -3.91339845e+00 -4.18873205e+00
 -4.34889272e+00 -5.14711343e+00
 -4.75347701e+00 -6.12922039e+00
 -5.11479505e+00 -7.11831434e+00
 -5.41953513e+00 -8.09248562e+00
 -5.65537038e+00 -9.02737537e+00
 -5.81270319e+00 -9.89929656e+00
 -5.88503234e+00 -1.06876045e+01
 -5.86752378e+00 -1.13761811e+01
 -5.75567715e+00 -1.19541754e+01
 -5.54613047e+00 -1.24159761e+01
 -5.23832887e+00 -1.27604371e+01
 -4.83443541e+00 -1.29895752e+01
 -4.33787914e+00 -1.31070632e+01
 -3.75280542e+00 -1.31168952e+01
 -3.08467621e+00 -1.30226146e+01
 -2.34063610e+00 -1.28273147e+01
 -1.52947750e+00 -1.25342849e+01
 -6.62343934e-01 -1.21479181e+01
 2.45627729e-01 -1.16745519e+01
 1.17427441e+00 -1.11231372e+01
 2.09947771e+00 -1.05057022e+01
 2.99605086e+00 -9.83743686e+00
 3.84125103e+00 -9.13612062e+00
 4.61865002e+00 -8.42068413e+00
 5.32245631e+00 -7.70887474e+00
 5.96040027e+00 -7.01434497e+00
 6.55163519e+00 -6.34414597e+00
 7.11888783e+00 -5.69809422e+00
 7.67963040e+00 -5.07076850e+00
 8.24227980e+00 -4.45506934e+00
 8.80834873e+00 -3.84517651e+00
 9.37662322e+00 -3.23761288e+00
 9.94583199e+00 -2.63079740e+00
 1.05153288e+01 -2.02417364e+00
 1.10848924e+01 -1.41758894e+00
 1.16544680e+01 -8.11010548e-01
 1.22240451e+01 -2.04433028e-01
 1.27936217e+01 4.02143586e-01
 1.33631907e+01 1.00871219e+00
 1.39327027e+01 1.61522010e+00
 1.45018756e+01 2.22136684e+00
 1.50694647e+01 2.82582690e+00
 1.56312394e+01 3.42409483e+00
 1.61762092e+01 4.00446615e+00
 1.66828853e+01 4.54405629e+00
 1.71206730e+01 5.01028293e+00
 1.74605210e+01 5.37220773e+00
 1.74605210e+01 5.37220773e+00
 1.74605210e+01 5.37220773e+00
 1.74605210e+01 5.37220773e+00
 1.74605210e+01 5.37220773e+00
 1.74605210e+01 5.37220773e+00
 1.74605210e+01 5.37220773e+00
 1.74605210e+01 5.37220773e+00
 1.74605210e+01 5.37220773e+00
 1.74605210e+01 5.37220773e+00
 1.74605210e+01 5.37220773e+00
 1.74605210e+01 5.37220773e+00
 1.74605210e+01 5.37220773e+00
 1.74605210e+01 5.37220773e+00
 1.74605210e+01 5.37220773e+00
 1.74605210e+01 5.37220773e+00
 1.74605210e+01 5.37220773e+00
 1.74605210e+01 5.37220773e+00
 1.74605210e+01 5.37220773e+00
 1.74605210e+01 5.37220773e+00
 1.74605210e+01 5.37220773e+00
 1.74605210e+01 5.37220773e+00
 1.74605210e+01 5.37220773e+00
 1.74605210e+01 5.37220773e+00
 1.74605210e+01 5.37220773e+00
 1.74605210e+01 5.37220773e+00
 1.74605210e+01 5.37220773e+00
 1.74605210e+01 5.37220773e+00
 1.74605210e+01 5.37220773e+00
 1.74605210e+01 5.37220773e+00
 1.74605210e+01 5.37220773e+00
 1.74605210e+01 5.37220773e+00
 1.74605210e+01 5.37220773e+00
 1.74605210e+01 5.37220773e+00
 1.74605210e+01 5.37220773e+00
 1.74605210e+01 5.37220773e+00
 1.74605210e+01 5.37220773e+00
 1.74605210e+01 5.37220773e+00
