 0.00000000e+00 0.00000000e+00
 0.00000000e+00 0.00000000e+00
 0.00000000e+00 0.00000000e+00
 0.00000000e+00 0.00000000e+00
 0.00000000e+00 0.00000000e+00
 0.00000000e+00 0.00000000e+00
 0.00000000e+00 0.00000000e+00
 0.00000000e+00 0.00000000e+00
 0.00000000e+00 0.00000000e+00
 -2.29007467e-02 1.11827249e-01
 -7.05648146e-02 2.57285768e-01
 -1.53814778e-01 4.27784925e-01
 -2.79254364e-01 6.14406811e-01
 -4.48231985e-01 8.11212736e-01
 -6.59995487e-01 1.01500389e+00
 -9.15775343e-01 1.22297536e+00
 -1.22049694e+00 1.43051910e+00
 -1.58222918e+00 1.63032162e+00
 -2.01106923e+00 1.81255634e+00
 -2.51805138e+00 1.96543042e+00
 -3.11385403e+00 2.07556510e+00
 -3.80754512e+00 2.12805526e+00
 -4.60579817e+00 2.10660805e+00
 -5.51234953e+00 1.99480056e+00
 -6.52724307e+00 1.77883398e+00
 -7.64625984e+00 1.45026462e+00
 -8.86151892e+00 1.00683477e+00
 -1.01633184e+01 4.51388657e-01
 -1.15418108e+01 -2.09886204e-01
 -1.29870554e+01 -9.69091673e-01
 -1.44875693e+01 -1.81781616e+00
 -1.60287673e+01 -2.74763707e+00
 -1.75922889e+01 -3.75001745e+00
 -1.91560668e+01 -4.81606501e+00
 -2.06945060e+01 -5.93634195e+00
 -2.21785134e+01 -7.10036224e+00
 -2.35758607e+01 -8.29552950e+00
 -2.48527613e+01 -9.50604451e+00
 -2.59769327e+01 -1.07127462e+01
 -2.69210980e+01 -1.18943084e+01
 -2.76653256e+01 -1.30291904e+01
 -2.81974738e+01 -1.40972407e+01
 -2.85120300e+01 -1.50803245e+01
 -2.86079853e+01 -1.59621775e+01
 -2.84868853e+01 -1.67280146e+01
 -2.81523576e+01 -1.73642556e+01
 -2.76107616e+01 -1.78586698e+01
 -2.68711224e+01 -1.82011148e+01
 -2.59440696e+01 -1.83843848e+01
 -2.48416680e+01 -1.84043037e+01
 -2.35791017e+01 -1.82591895e+01
 -2.21766470e+01 -1.79500150e+01
 -2.06599727e+01 -1.74818842e+01
 -1.90587423e+01 -1.68655311e+01
 -1.74048664e+01 -1.61171651e+01
 -1.57309984e+01 -1.52564976e+01
 -1.40685943e+01 -1.43040664e+01
 -1.24450846e+01 -1.32789369e+01
 -1.08810576e+01 -1.21972510e+01
 -9.38901376e+00 -1.10716848e+01
 -7.97439967e+00 -9.91164969e+00
 -6.63825710e+00 -8.72400935e+00
 -5.38029545e+00 -7.51425762e+00
 -4.20141634e+00 -6.28823694e+00
 -3.10493904e+00 -5.05428278e+00
 -2.09625259e+00 -3.82530268e+00
 -1.18164680e+00 -2.62000824e+00
 -3.67502153e-01 -1.46255955e+00
 3.40068811e-01 -3.80391042e-01
 9.36220350e-01 5.99256662e-01
 1.41945045e+00 1.45296095e+00
 1.79337297e+00 2.16353421e+00
 2.06631690e+00 2.72025024e+00
 2.24857993e+00 3.11696542e+00
 2.34922456e+00 3.34948511e+00
 2.37463258e+00 3.41397902e+00
 2.32943170e+00 3.30721869e+00
 2.21837981e+00 3.02769212e+00
 2.04718052e+00 2.57611019e+00
 1.82166467e+00 1.95504245e+00
 1.54663450e+00 1.16876337e+00
 1.22562268e+00 2.24218750e-01
 8.61273392e-01 -8.67380100e-01
 4.55395201e-01 -2.08993455e+00
 8.47822090e-03 -3.42403449e+00
 -4.80932986e-01 -4.85026047e+00
 -1.01670966e+00 -6.35223121e+00
 -1.60518783e+00 -7.91762042e+00
 -2.25456246e+00 -9.53713818e+00
 -2.97392709e+00 -1.12029599e+01
 -3.77267115e+00 -1.29078562e+01
 -4.66044247e+00 -1.46449533e+01
 -5.64714719e+00 -1.64073308e+01
 -6.74256123e+00 -1.81872045e+01
 -7.95566410e+00 -1.99752940e+01
 -9.29381225e+00 -2.17609066e+01
 -1.07615599e+01 -2.35324360e+01
 -1.23590526e+01 -2.52775960e+01
 -1.40803890e+01 -2.69832110e+01
 -1.59126510e+01 -2.86350484e+01
 -1.78362306e+01 -3.02183459e+01
 -1.98265087e+01 -3.17192163e+01
 -2.18560843e+01 -3.31262104e+01
 -2.38965828e+01 -3.44308743e+01
 -2.59199894e+01 -3.56269709e+01
 -2.79001235e+01 -3.67093114e+01
 -2.98143805e+01 -3.76732317e+01
 -3.16451790e+01 -3.85147128e+01
 -3.33804904e+01 -3.92304649e+01
 -3.50131036e+01 -3.98175746e+01
 -3.65389024e+01 -4.02728936e+01
 -3.79551391e+01 -4.05926532e+01
 -3.92593929e+01 -4.07726745e+01
 -4.04490167e+01 -4.08092624e+01
 -4.15212066e+01 -4.07012841e+01
 -4.24751708e+01 -4.04547735e+01
 -4.33172844e+01 -4.00897979e+01
 -4.40662703e+01 -3.96442274e+01
 -4.47524340e+01 -3.91668970e+01
 -4.54086732e+01 -3.87006705e+01
 -4.60592901e+01 -3.82675878e+01
 -4.67152436e+01 -3.78677399e+01
 -4.73776177e+01 -3.74899233e+01
 -4.80438695e+01 -3.71228293e+01
 -4.87117277e+01 -3.67597003e+01
 -4.93800768e+01 -3.63977013e+01
 -5.00485395e+01 -3.60359520e+01
 -5.07170224e+01 -3.56742457e+01
 -5.13855081e+01 -3.53125451e+01
 -5.20539931e+01 -3.49508457e+01
 -5.27224693e+01 -3.45891511e+01
 -5.33908787e+01 -3.42274927e+01
 -5.40588900e+01 -3.38660496e+01
 -5.47250425e+01 -3.35056123e+01
 -5.53843709e+01 -3.31488674e+01
 -5.60239761e+01 -3.28027941e+01
 -5.66186379e+01 -3.24810385e+01
 -5.71324486e+01 -3.22030293e+01
 -5.75313121e+01 -3.19872149e+01
 -5.75313121e+01 -3.19872149e+01
 -5.75313121e+01 -3.19872149e+01
 -5.75313121e+01 -3.19872149e+01
 -5.75313121e+01 -3.19872149e+01
 -5.75313121e+01 -3.19872149e+01
 -5.75313121e+01 -3.19872149e+01
 -5.75313121e+01 -3.19872149e+01
 -5.75313121e+01 -3.19872149e+01
 -5.75313121e+01 -3.19872149e+01
 -5.75313121e+01 -3.19872149e+01
 -5.75313121e+01 -3.19872149e+01
 -5.75313121e+01 -3.19872149e+01
 -5.75313121e+01 -3.19872149e+01
 -5.75313121e+01 -3.19872149e+01
 -5.75313121e+01 -3.19872149e+01
 -5.75313121e+01 -3.19872149e+01
 -5.75313121e+01 -3.19872149e+01
 -5.75313121e+01 -3.19872149e+01
 -5.75313121e+01 -3.19872149e+01
 -5.75313121e+01 -3.19872149e+01
 -5.75313121e+01 -3.19872149e+01
 -5.75313121e+01 -3.19872149e+01
 -5.75313121e+01 -3.19872149e+01
 -5.75313121e+01 -3.19872149e+01
 -5.75313121e+01 -3.19872149e+01
 -5.75313121e+01 -3.19872149e+01
 -5.75313121e+01 -3.19872149e+01
 -5.75313121e+01 -3.19872149e+01
 -5.75313121e+01 -3.19872149e+01
 -5.75313121e+01 -3.19872149e+01
 -5.75313121e+01 -3.19872149e+01
 -5.75313121e+01 -3.19872149e+01
 -5.75313121e+01 -3.19872149e+01
 -5.75313121e+01 -3.19872149e+01
 -5.75313121e+01 -3.19872149e+01
 -5.75313121e+01 -3.19872149e+01
 -5.75313121e+01 -3.19872149e+01
