 0.00000000e+00 0.00000000e+00
 0.00000000e+00 0.00000000e+00
 0.00000000e+00 0.00000000e+00
 0.00000000e+00 0.00000000e+00
 0.00000000e+00 0.00000000e+00
 0.00000000e+00 0.00000000e+00
 0.00000000e+00 0.00000000e+00
 0.00000000e+00 0.00000000e+00
 0.00000000e+00 0.00000000e+00
 0.00000000e+00 0.00000000e+00
 0.00000000e+00 0.00000000e+00
 0.00000000e+00 0.00000000e+00
 4.18610954e-02 1.74232602e-01
 8.48632439e-02 3.96336731e-01
 1.17008378e-01 6.47463189e-01
 1.23938576e-01 9.06403111e-01
 8.99484346e-02 1.15620576e+00
 -1.11961719e-03 1.38618393e+00
 -1.64389168e-01 1.59063665e+00
 -4.12461208e-01 1.76649502e+00
 -7.54906356e-01 1.91114352e+00
 -1.19869733e+00 2.02101231e+00
 -1.74895609e+00 2.09089061e+00
 -2.40961235e+00 2.11311389e+00
 -3.18358281e+00 2.07621799e+00
 -4.07226128e+00 1.96439773e+00
 -5.07491572e+00 1.75938937e+00
 -6.18889681e+00 1.44407049e+00
 -7.41060256e+00 1.00531899e+00
 -8.73594028e+00 4.34848651e-01
 -1.01591061e+01 -2.71148701e-01
 -1.16700311e+01 -1.11212813e+00
 -1.32521817e+01 -2.08251338e+00
 -1.48818864e+01 -3.17076144e+00
 -1.65286522e+01 -4.35911353e+00
 -1.81554107e+01 -5.62436756e+00
 -1.97190353e+01 -6.93917865e+00
 -2.11726736e+01 -8.27333196e+00
 -2.24704580e+01 -9.59500719e+00
 -2.35729903e+01 -1.08723859e+01
 -2.44511937e+01 -1.20757301e+01
 -2.50873859e+01 -1.31796140e+01
 -2.54743138e+01 -1.41646214e+01
 -2.56136861e+01 -1.50178336e+01
 -2.55149714e+01 -1.57320147e+01
 -2.51939092e+01 -1.63040974e+01
 -2.46698738e+01 -1.67336946e+01
 -2.39624864e+01 -1.70219228e+01
 -2.30892789e+01 -1.71703776e+01
 -2.20658208e+01 -1.71801378e+01
 -2.09077343e+01 -1.70512088e+01
 -1.96327317e+01 -1.67830943e+01
 -1.82614295e+01 -1.63765597e+01
 -1.68170306e+01 -1.58356631e+01
 -1.53245491e+01 -1.51688888e+01
 -1.38099645e+01 -1.43889455e+01
 -1.22991081e+01 -1.35116795e+01
 -1.08160450e+01 -1.25548607e+01
 -9.38142794e+00 -1.15372695e+01
 -8.01172059e+00 -1.04780128e+01
 -6.71947851e+00 -9.39588021e+00
 -5.51417478e+00 -8.30893611e+00
 -4.40334134e+00 -7.23479914e+00
 -3.39397402e+00 -6.19163573e+00
 -2.49347078e+00 -5.19915126e+00
 -1.70919081e+00 -4.27853156e+00
 -1.04675300e+00 -3.45075999e+00
 -5.08112237e-01 -2.73389133e+00
 -9.02848890e-02 -2.14088481e+00
 2.14982587e-01 -1.67942747e+00
 4.20306771e-01 -1.35378227e+00
 5.40095539e-01 -1.16724881e+00
 5.87101358e-01 -1.12352761e+00
 5.70491194e-01 -1.22640297e+00
 4.96566621e-01 -1.47873470e+00
 3.70119490e-01 -1.88211500e+00
 1.94260421e-01 -2.43725859e+00
 -3.06754827e-02 -3.14399652e+00
 -3.07519828e-01 -4.00026406e+00
 -6.41755515e-01 -5.00090815e+00
 -1.04088438e+00 -6.13757363e+00
 -1.51420754e+00 -7.39994778e+00
 -2.07293860e+00 -8.77749045e+00
 -2.73009246e+00 -1.02605779e+01
 -3.49966489e+00 -1.18406650e+01
 -4.39530538e+00 -1.35097397e+01
 -5.42906625e+00 -1.52594021e+01
 -6.61033391e+00 -1.70796891e+01
 -7.94456434e+00 -1.89579806e+01
 -9.43177447e+00 -2.08786823e+01
 -1.10653955e+01 -2.28240297e+01
 -1.28321792e+01 -2.47754823e+01
 -1.47132670e+01 -2.67148197e+01
 -1.66858915e+01 -2.86245346e+01
 -1.87250443e+01 -3.04878238e+01
 -2.08048954e+01 -3.22887015e+01
 -2.29001904e+01 -3.40122406e+01
 -2.49875800e+01 -3.56443891e+01
 -2.70461484e+01 -3.71710383e+01
 -2.90565056e+01 -3.85767626e+01
 -3.09989850e+01 -3.98439505e+01
 -3.28524166e+01 -4.09526843e+01
 -3.45944531e+01 -4.18813229e+01
 -3.62031372e+01 -4.26078979e+01
 -3.76589916e+01 -4.31130311e+01
 -3.89479174e+01 -4.33855260e+01
 -4.00660642e+01 -4.34311254e+01
 -4.10262265e+01 -4.32817300e+01
 -4.18611794e+01 -4.29973226e+01
 -4.26177618e+01 -4.26526808e+01
 -4.33419103e+01 -4.23121993e+01
 -4.40643471e+01 -4.20098057e+01
 -4.47968769e+01 -4.17483398e+01
 -4.55389656e+01 -4.15145300e+01
 -4.62863910e+01 -4.12942708e+01
 -4.70359330e+01 -4.10790341e+01
 -4.77861032e+01 -4.08652296e+01
 -4.85364160e+01 -4.06517416e+01
 -4.92867537e+01 -4.04383081e+01
 -5.00370947e+01 -4.02248819e+01
 -5.07874350e+01 -4.00114567e+01
 -5.15377655e+01 -3.97980344e+01
 -5.22880209e+01 -3.95846335e+01
 -5.30378295e+01 -3.93713596e+01
 -5.37855517e+01 -3.91586793e+01
 -5.45256141e+01 -3.89481776e+01
 -5.52435383e+01 -3.87439729e+01
 -5.59110159e+01 -3.85541171e+01
 -5.64877422e+01 -3.83900744e+01
 -5.69354462e+01 -3.82627304e+01
 -5.69354462e+01 -3.82627304e+01
 -5.69354462e+01 -3.82627304e+01
 -5.69354462e+01 -3.82627304e+01
 -5.69354462e+01 -3.82627304e+01
 -5.69354462e+01 -3.82627304e+01
 -5.69354462e+01 -3.82627304e+01
 -5.69354462e+01 -3.82627304e+01
 -5.69354462e+01 -3.82627304e+01
 -5.69354462e+01 -3.82627304e+01
 -5.69354462e+01 -3.82627304e+01
 -5.69354462e+01 -3.82627304e+01
 -5.69354462e+01 -3.82627304e+01
 -5.69354462e+01 -3.82627304e+01
 -5.69354462e+01 -3.82627304e+01
 -5.69354462e+01 -3.82627304e+01
 -5.69354462e+01 -3.82627304e+01
 -5.69354462e+01 -3.82627304e+01
 -5.69354462e+01 -3.82627304e+01
 -5.69354462e+01 -3.82627304e+01
 -5.69354462e+01 -3.82627304e+01
 -5.69354462e+01 -3.82627304e+01
 -5.69354462e+01 -3.82627304e+01
 -5.69354462e+01 -3.82627304e+01
 -5.69354462e+01 -3.82627304e+01
 -5.69354462e+01 -3.82627304e+01
 -5.69354462e+01 -3.82627304e+01
 -5.69354462e+01 -3.82627304e+01
 -5.69354462e+01 -3.82627304e+01
 -5.69354462e+01 -3.82627304e+01
 -5.69354462e+01 -3.82627304e+01
 -5.69354462e+01 -3.82627304e+01
 -5.69354462e+01 -3.82627304e+01
 -5.69354462e+01 -3.82627304e+01
 -5.69354462e+01 -3.82627304e+01
 -5.69354462e+01 -3.82627304e+01
 -5.69354462e+01 -3.82627304e+01
 -5.69354462e+01 -3.82627304e+01
 -5.69354462e+01 -3.82627304e+01
 -5.69354462e+01 -3.82627304e+01
 -5.69354462e+01 -3.82627304e+01
 -5.69354462e+01 -3.82627304e+01
 -5.69354462e+01 -3.82627304e+01
 -5.69354462e+01 -3.82627304e+01
 -5.69354462e+01 -3.82627304e+01
 -5.69354462e+01 -3.82627304e+01
 -5.69354462e+01 -3.82627304e+01
