 0.00000000e+00 0.00000000e+00
 0.00000000e+00 0.00000000e+00
 0.00000000e+00 0.00000000e+00
 0.00000000e+00 0.00000000e+00
 0.00000000e+00 0.00000000e+00
 0.00000000e+00 0.00000000e+00
 0.00000000e+00 0.00000000e+00
 0.00000000e+00 0.00000000e+00
 0.00000000e+00 0.00000000e+00
 0.00000000e+00 0.00000000e+00
 0.00000000e+00 0.00000000e+00
 -2.07535932e-03 9.61485926e-02
 -8.76631309e-03 2.24494722e-01
 -2.64299476e-02 3.80321617e-01
 -6.52313831e-02 5.57400702e-01
 -1.37674737e-01 7.49319688e-01
 -2.55725369e-01 9.49247273e-01
 -4.28799131e-01 1.14959522e+00
 -6.64092703e-01 1.34212193e+00
 -9.68321345e-01 1.51784257e+00
 -1.34904809e+00 1.66638382e+00
 -1.81484705e+00 1.77518356e+00
 -2.37457770e+00 1.82892988e+00
 -3.03630475e+00 1.80936708e+00
 -3.80633874e+00 1.69597140e+00
 -4.68863351e+00 1.46811278e+00
 -5.68441114e+00 1.10813420e+00
 -6.79169786e+00 6.03907478e-01
 -8.00456530e+00 -4.95686291e-02
 -9.31208445e+00 -8.48880442e-01
 -1.06972189e+01 -1.78126465e+00
 -1.21362006e+01 -2.82505283e+00
 -1.35990003e+01 -3.95190348e+00
 -1.50508274e+01 -5.12984897e+00
 -1.64538717e+01 -6.32598104e+00
 -1.77689520e+01 -7.50863606e+00
 -1.89577409e+01 -8.64956762e+00
 -1.99860247e+01 -9.72607060e+00
 -2.08270933e+01 -1.07223582e+01
 -2.14636338e+01 -1.16295937e+01
 -2.18874319e+01 -1.24445984e+01
 -2.20978045e+01 -1.31678584e+01
 -2.21001462e+01 -1.38016737e+01
 -2.19047574e+01 -1.43488297e+01
 -2.15250341e+01 -1.48114309e+01
 -2.09749708e+01 -1.51895615e+01
 -2.02675086e+01 -1.54803316e+01
 -1.94149138e+01 -1.56781968e+01
 -1.84303758e+01 -1.57764038e+01
 -1.73291495e+01 -1.57684049e+01
 -1.61287122e+01 -1.56485871e+01
 -1.48485830e+01 -1.54128867e+01
 -1.35101526e+01 -1.50599592e+01
 -1.21360390e+01 -1.45924847e+01
 -1.07486417e+01 -1.40175622e+01
 -9.36843744e+00 -1.33457990e+01
 -8.01288498e+00 -1.25896461e+01
 -6.69625212e+00 -1.17616983e+01
 -5.42997522e+00 -1.08732961e+01
 -4.22293828e+00 -9.93356631e+00
 -3.08150375e+00 -8.94911779e+00
 -2.00979502e+00 -7.92456147e+00
 -1.01065846e+00 -6.86375950e+00
 -8.67577256e-02 -5.77141518e+00
 7.59241931e-01 -4.65449814e+00
 1.52548949e+00 -3.52319250e+00
 2.21167951e+00 -2.39139206e+00
 2.81885908e+00 -1.27688629e+00
 3.34870768e+00 -2.01181323e-01
 3.80324980e+00 8.11467017e-01
 4.18529031e+00 1.73639126e+00
 4.49890729e+00 2.55213290e+00
 4.74931385e+00 3.24391640e+00
 4.94240111e+00 3.80503006e+00
 5.08492237e+00 4.23537760e+00
 5.18537680e+00 4.53828198e+00
 5.25409641e+00 4.71741393e+00
 5.30123092e+00 4.77505091e+00
 5.33380920e+00 4.71154337e+00
 5.35452839e+00 4.52516787e+00
 5.36277599e+00 4.21203013e+00
 5.35582514e+00 3.76648036e+00
 5.32907569e+00 3.18254039e+00
 5.27636622e+00 2.45615071e+00
 5.19106724e+00 1.58744034e+00
 5.06728995e+00 5.82231350e-01
 4.90057560e+00 -5.47630690e-01
 4.68801358e+00 -1.78524889e+00
 4.42788420e+00 -3.11081313e+00
 4.11907821e+00 -4.50424791e+00
 3.76051636e+00 -5.94736096e+00
 3.35048651e+00 -7.42491095e+00
 2.88583814e+00 -8.92491176e+00
 2.36116617e+00 -1.04388865e+01
 1.76811477e+00 -1.19623230e+01
 1.09508873e+00 -1.34949571e+01
 3.27880870e-01 -1.50404269e+01
 -5.48702598e-01 -1.66051671e+01
 -1.54903078e+00 -1.81966883e+01
 -2.68574118e+00 -1.98215436e+01
 -3.97005625e+00 -2.14834892e+01
 -5.41246014e+00 -2.31823611e+01
 -7.02233184e+00 -2.49137792e+01
 -8.80600035e+00 -2.66693696e+01
 -1.07643460e+01 -2.84373130e+01
 -1.28916272e+01 -3.02032978e+01
 -1.51759097e+01 -3.19516626e+01
 -1.75998367e+01 -3.36660110e+01
 -2.01403169e+01 -3.53288094e+01
 -2.27671278e+01 -3.69203319e+01
 -2.54419583e+01 -3.84178301e+01
 -2.81193728e+01 -3.97955939e+01
 -3.07495772e+01 -4.10260842e+01
 -3.32816744e+01 -4.20818875e+01
 -3.56665220e+01 -4.29379852e+01
 -3.78593134e+01 -4.35739362e+01
 -3.98225539e+01 -4.39761594e+01
 -4.15306537e+01 -4.41414712e+01
 -4.29774774e+01 -4.40831940e+01
 -4.41853383e+01 -4.38381834e+01
 -4.52081604e+01 -4.34676382e+01
 -4.61201875e+01 -4.30441394e+01
 -4.69918699e+01 -4.26282576e+01
 -4.78683147e+01 -4.22507048e+01
 -4.87649038e+01 -4.19128818e+01
 -4.96785330e+01 -4.16015179e+01
 -5.06013261e+01 -4.13030147e+01
 -5.15276885e+01 -4.10092548e+01
 -5.24550997e+01 -4.07168430e+01
 -5.33827472e+01 -4.04247285e+01
 -5.43104359e+01 -4.01326650e+01
 -5.52381301e+01 -3.98406085e+01
 -5.61658236e+01 -3.95485530e+01
 -5.70935049e+01 -3.92565015e+01
 -5.80210933e+01 -3.89644791e+01
 -5.89481294e+01 -3.86726307e+01
 -5.98725860e+01 -3.83815944e+01
 -6.07875723e+01 -3.80935394e+01
 -6.16751876e+01 -3.78141014e+01
 -6.25004326e+01 -3.75542987e+01
 -6.32134760e+01 -3.73298192e+01
 -6.37670010e+01 -3.71555592e+01
 -6.37670010e+01 -3.71555592e+01
 -6.37670010e+01 -3.71555592e+01
 -6.37670010e+01 -3.71555592e+01
 -6.37670010e+01 -3.71555592e+01
 -6.37670010e+01 -3.71555592e+01
 -6.37670010e+01 -3.71555592e+01
 -6.37670010e+01 -3.71555592e+01
 -6.37670010e+01 -3.71555592e+01
 -6.37670010e+01 -3.71555592e+01
 -6.37670010e+01 -3.71555592e+01
 -6.37670010e+01 -3.71555592e+01
 -6.37670010e+01 -3.71555592e+01
 -6.37670010e+01 -3.71555592e+01
 -6.37670010e+01 -3.71555592e+01
 -6.37670010e+01 -3.71555592e+01
 -6.37670010e+01 -3.71555592e+01
 -6.37670010e+01 -3.71555592e+01
 -6.37670010e+01 -3.71555592e+01
 -6.37670010e+01 -3.71555592e+01
 -6.37670010e+01 -3.71555592e+01
 -6.37670010e+01 -3.71555592e+01
 -6.37670010e+01 -3.71555592e+01
 -6.37670010e+01 -3.71555592e+01
 -6.37670010e+01 -3.71555592e+01
 -6.37670010e+01 -3.71555592e+01
 -6.37670010e+01 -3.71555592e+01
 -6.37670010e+01 -3.71555592e+01
 -6.37670010e+01 -3.71555592e+01
 -6.37670010e+01 -3.71555592e+01
 -6.37670010e+01 -3.71555592e+01
 -6.37670010e+01 -3.71555592e+01
 -6.37670010e+01 -3.71555592e+01
 -6.37670010e+01 -3.71555592e+01
 -6.37670010e+01 -3.71555592e+01
