 0.00000000e+00 0.00000000e+00
 0.00000000e+00 0.00000000e+00
 0.00000000e+00 0.00000000e+00
 0.00000000e+00 0.00000000e+00
 0.00000000e+00 0.00000000e+00
 0.00000000e+00 0.00000000e+00
 0.00000000e+00 0.00000000e+00
 6.04213415e-02 1.20089746e-01
 1.05952053e-01 2.84213124e-01
 1.11031856e-01 4.86790853e-01
 5.49005891e-02 7.18873267e-01
 -7.38368253e-02 9.71467752e-01
 -2.78087020e-01 1.23691235e+00
 -5.56113180e-01 1.50854680e+00
 -9.05282693e-01 1.77978899e+00
 -1.32386139e+00 2.04332995e+00
 -1.81070515e+00 2.29067959e+00
 -2.36375341e+00 2.51225279e+00
 -2.97826893e+00 2.69832138e+00
 -3.64555771e+00 2.84088815e+00
 -4.35275109e+00 2.93553216e+00
 -5.08377997e+00 2.98145996e+00
 -5.82110150e+00 2.97913461e+00
 -6.54763642e+00 2.92745495e+00
 -7.24871666e+00 2.82311916e+00
 -7.91403186e+00 2.66223568e+00
 -8.53934378e+00 2.44192481e+00
 -9.12749916e+00 2.16042298e+00
 -9.68837719e+00 1.81617401e+00
 -1.02376710e+01 1.40691840e+00
 -1.07945856e+01 9.29264384e-01
 -1.13787629e+01 3.79055269e-01
 -1.20070736e+01 -2.47129018e-01
 -1.26910579e+01 -9.49680972e-01
 -1.34354864e+01 -1.72425850e+00
 -1.42378936e+01 -2.56192197e+00
 -1.50885217e+01 -3.45079296e+00
 -1.59704441e+01 -4.37764134e+00
 -1.68603613e+01 -5.32838324e+00
 -1.77305795e+01 -6.28801212e+00
 -1.85517376e+01 -7.24114974e+00
 -1.92952321e+01 -8.17370952e+00
 -1.99349383e+01 -9.07487374e+00
 -2.04488763e+01 -9.93785284e+00
 -2.08212803e+01 -1.07586666e+01
 -2.10440526e+01 -1.15338719e+01
 -2.11160338e+01 -1.22588411e+01
 -2.10404604e+01 -1.29272534e+01
 -2.08229313e+01 -1.35313056e+01
 -2.04709651e+01 -1.40619055e+01
 -1.99937519e+01 -1.45085718e+01
 -1.94009582e+01 -1.48593098e+01
 -1.87014340e+01 -1.51010181e+01
 -1.79030748e+01 -1.52207852e+01
 -1.70139133e+01 -1.52078088e+01
 -1.60436426e+01 -1.50552151e+01
 -1.50047435e+01 -1.47612381e+01
 -1.39127084e+01 -1.43296332e+01
 -1.27852845e+01 -1.37693166e+01
 -1.16411256e+01 -1.30932501e+01
 -1.04983761e+01 -1.23168206e+01
 -9.37333084e+00 -1.14560495e+01
 -8.27909706e+00 -1.05257757e+01
 -7.22462785e+00 -9.53803656e+00
 -6.21484349e+00 -8.50142375e+00
 -5.25195785e+00 -7.42234970e+00
 -4.33717497e+00 -6.30804500e+00
 -3.47182922e+00 -5.16961648e+00
 -2.65794722e+00 -4.02356136e+00
 -1.89889181e+00 -2.89170712e+00
 -1.20023451e+00 -1.80037459e+00
 -5.69995474e-01 -7.78749078e-01
 -1.73306909e-02 1.44223857e-01
 4.50050909e-01 9.44185945e-01
 8.28143900e-01 1.60515886e+00
 1.11704818e+00 2.12063491e+00
 1.31959365e+00 2.49135312e+00
 1.43962150e+00 2.72135554e+00
 1.48097278e+00 2.81484980e+00
 1.44704330e+00 2.77526275e+00
 1.34038256e+00 2.60570381e+00
 1.16224093e+00 2.30902250e+00
 9.12431649e-01 1.88703824e+00
 5.89965101e-01 1.34058198e+00
 1.94425169e-01 6.71691272e-01
 -2.72588697e-01 -1.13156758e-01
 -8.06599530e-01 -1.00140358e+00
 -1.40006577e+00 -1.97586907e+00
 -2.04269903e+00 -3.01833808e+00
 -2.72211563e+00 -4.11282253e+00
 -3.42447234e+00 -5.24670274e+00
 -4.13466107e+00 -6.40978106e+00
 -4.83602994e+00 -7.59264653e+00
 -5.51002108e+00 -8.78571255e+00
 -6.13616270e+00 -9.97894288e+00
 -6.69275780e+00 -1.11611241e+01
 -7.15838168e+00 -1.23182369e+01
 -7.51369477e+00 -1.34321598e+01
 -7.74268713e+00 -1.44811164e+01
 -7.83313223e+00 -1.54417178e+01
 -7.77700684e+00 -1.62913498e+01
 -7.57126022e+00 -1.70100376e+01
 -7.21799262e+00 -1.75817007e+01
 -6.72316803e+00 -1.79949011e+01
 -6.09468588e+00 -1.82430589e+01
 -5.34145598e+00 -1.83242509e+01
 -4.47396236e+00 -1.82409557e+01
 -3.50548989e+00 -1.80000241e+01
 -2.45324559e+00 -1.76127451e+01
 -1.33919792e+00 -1.70946178e+01
 -1.90371664e-01 -1.64645570e+01
 9.62030440e-01 -1.57435867e+01
 2.08499802e+00 -1.49533797e+01
 3.14696401e+00 -1.41150420e+01
 4.12074363e+00 -1.32482153e+01
 4.98564288e+00 -1.23702966e+01
 5.72961893e+00 -1.14957979e+01
 6.35239141e+00 -1.06361569e+01
 6.86814640e+00 -9.79993769e+00
 7.30439682e+00 -8.99271338e+00
 7.69491528e+00 -8.21620485e+00
 8.06933058e+00 -7.46754478e+00
 8.44558962e+00 -6.74010635e+00
 8.82953556e+00 -6.02601928e+00
 9.21990971e+00 -5.31877245e+00
 9.61371659e+00 -4.61435106e+00
 1.00088552e+01 -3.91086376e+00
 1.04043842e+01 -3.20762225e+00
 1.08000012e+01 -2.50443201e+00
 1.11956335e+01 -1.80125021e+00
 1.15912678e+01 -1.09806958e+00
 1.19869018e+01 -3.94890025e-01
 1.23825306e+01 3.08280251e-01
 1.27781198e+01 1.01138015e+00
 1.31734734e+01 1.71406137e+00
 1.35677269e+01 2.41478729e+00
 1.39579417e+01 3.10833493e+00
 1.43364835e+01 3.78113576e+00
 1.46884262e+01 4.40666063e+00
 1.49925182e+01 4.94713818e+00
 1.52285804e+01 5.36670285e+00
 1.52285804e+01 5.36670285e+00
 1.52285804e+01 5.36670285e+00
 1.52285804e+01 5.36670285e+00
 1.52285804e+01 5.36670285e+00
 1.52285804e+01 5.36670285e+00
 1.52285804e+01 5.36670285e+00
 1.52285804e+01 5.36670285e+00
 1.52285804e+01 5.36670285e+00
 1.52285804e+01 5.36670285e+00
 1.52285804e+01 5.36670285e+00
 1.52285804e+01 5.36670285e+00
 1.52285804e+01 5.36670285e+00
 1.52285804e+01 5.36670285e+00
 1.52285804e+01 5.36670285e+00
 1.52285804e+01 5.36670285e+00
 1.52285804e+01 5.36670285e+00
 1.52285804e+01 5.36670285e+00
 1.52285804e+01 5.36670285e+00
 1.52285804e+01 5.36670285e+00
 1.52285804e+01 5.36670285e+00
 1.52285804e+01 5.36670285e+00
 1.52285804e+01 5.36670285e+00
 1.52285804e+01 5.36670285e+00
 1.52285804e+01 5.36670285e+00
 1.52285804e+01 5.36670285e+00
 1.52285804e+01 5.36670285e+00
 1.52285804e+01 5.36670285e+00
 1.52285804e+01 5.36670285e+00
 1.52285804e+01 5.36670285e+00
 1.52285804e+01 5.36670285e+00
 1.52285804e+01 5.36670285e+00
 1.52285804e+01 5.36670285e+00
 1.52285804e+01 5.36670285e+00
 1.52285804e+01 5.36670285e+00
 1.52285804e+01 5.36670285e+00
 1.52285804e+01 5.36670285e+00
 1.52285804e+01 5.36670285e+00
