 0.00000000e+00 0.00000000e+00
 0.00000000e+00 0.00000000e+00
 0.00000000e+00 0.00000000e+00
 0.00000000e+00 0.00000000e+00
 0.00000000e+00 0.00000000e+00
 0.00000000e+00 0.00000000e+00
 0.00000000e+00 0.00000000e+00
 2.89940100e-02 8.20272185e-02
 7.67911433e-02 1.86722652e-01
 1.42038415e-01 3.08836761e-01
 2.16833247e-01 4.43378463e-01
 2.89205849e-01 5.86614308e-01
 3.45726913e-01 7.35469829e-01
 3.71487541e-01 8.86725489e-01
 3.49378942e-01 1.03665281e+00
 2.61839465e-01 1.18086276e+00
 9.41748775e-02 1.31408068e+00
 -1.64028141e-01 1.43000439e+00
 -5.20162949e-01 1.52161395e+00
 -9.80037066e-01 1.58170498e+00
 -1.54775775e+00 1.60258854e+00
 -2.22489373e+00 1.57452612e+00
 -3.01015712e+00 1.48452069e+00
 -3.89959176e+00 1.31753913e+00
 -4.88669975e+00 1.05970436e+00
 -5.96248211e+00 7.00862420e-01
 -7.11591280e+00 2.35003525e-01
 -8.33512497e+00 -3.40746793e-01
 -9.60875809e+00 -1.02710338e+00
 -1.09264579e+01 -1.82267539e+00
 -1.22781031e+01 -2.72317055e+00
 -1.36523274e+01 -3.72062509e+00
 -1.50351199e+01 -4.80343756e+00
 -1.64086944e+01 -5.95694753e+00
 -1.77505053e+01 -7.16358644e+00
 -1.90326913e+01 -8.40225650e+00
 -2.02226287e+01 -9.64787600e+00
 -2.12851242e+01 -1.08723516e+01
 -2.21860427e+01 -1.20470900e+01
 -2.28962162e+01 -1.31458162e+01
 -2.33941861e+01 -1.41464002e+01
 -2.36671658e+01 -1.50315153e+01
 -2.37105993e+01 -1.57889070e+01
 -2.35269466e+01 -1.64117784e+01
 -2.31241966e+01 -1.68987533e+01
 -2.25144445e+01 -1.72525366e+01
 -2.17126317e+01 -1.74775163e+01
 -2.07355488e+01 -1.75778765e+01
 -1.96014304e+01 -1.75575091e+01
 -1.83303711e+01 -1.74212553e+01
 -1.69453268e+01 -1.71759037e+01
 -1.54730396e+01 -1.68302188e+01
 -1.39440620e+01 -1.63946979e+01
 -1.23913590e+01 -1.58817027e+01
 -1.08476672e+01 -1.53054037e+01
 -9.34243838e+00 -1.46805994e+01
 -7.89935482e+00 -1.40204606e+01
 -6.53498542e+00 -1.33342182e+01
 -5.25851326e+00 -1.26257921e+01
 -4.07220128e+00 -1.18936737e+01
 -2.97244690e+00 -1.11317315e+01
 -1.95139864e+00 -1.03305169e+01
 -9.98905556e-01 -9.47908778e+00
 -1.04381396e-01 -8.56752291e+00
 7.41721116e-01 -7.58970417e+00
 1.54694869e+00 -6.54550088e+00
 2.31645325e+00 -5.44199083e+00
 3.05296925e+00 -4.29409528e+00
 3.75660811e+00 -3.12490745e+00
 4.42418206e+00 -1.96520798e+00
 5.04870297e+00 -8.51261935e-01
 5.62015242e+00 1.79299289e-01
 6.12775467e+00 1.09224223e+00
 6.56256032e+00 1.85998160e+00
 6.91881402e+00 2.46205995e+00
 7.19380586e+00 2.88376767e+00
 7.38718792e+00 3.11499893e+00
 7.50065539e+00 3.15039251e+00
 7.53804874e+00 2.99007313e+00
 7.50560268e+00 2.63988054e+00
 7.41207154e+00 2.11069196e+00
 7.26823746e+00 1.41730299e+00
 7.08556438e+00 5.77841924e-01
 6.87468214e+00 -3.85874317e-01
 6.64451258e+00 -1.44823122e+00
 6.40188373e+00 -2.58174406e+00
 6.15106228e+00 -3.76107065e+00
 5.89323453e+00 -4.96688339e+00
 5.62626736e+00 -6.18725339e+00
 5.34477028e+00 -7.41628361e+00
 5.04056084e+00 -8.65169584e+00
 4.70392394e+00 -9.89324218e+00
 4.32538743e+00 -1.11425292e+01
 3.89670506e+00 -1.24034592e+01
 3.41018807e+00 -1.36821285e+01
 2.85718803e+00 -1.49858665e+01
 2.22712063e+00 -1.63221300e+01
 1.50739204e+00 -1.76980064e+01
 6.83854209e-01 -1.91202087e+01
 -2.58195973e-01 -2.05947583e+01
 -1.33226778e+00 -2.21258113e+01
 -2.54859080e+00 -2.37140328e+01
 -3.91261582e+00 -2.53555635e+01
 -5.42486081e+00 -2.70422296e+01
 -7.08208340e+00 -2.87626153e+01
 -8.87876375e+00 -3.05030455e+01
 -1.08078006e+01 -3.22479742e+01
 -1.28605065e+01 -3.39801436e+01
 -1.50267511e+01 -3.56810402e+01
 -1.72953379e+01 -3.73315061e+01
 -1.96536834e+01 -3.89119262e+01
 -2.20859830e+01 -4.04018107e+01
 -2.45702374e+01 -4.17791587e+01
 -2.70758455e+01 -4.30202327e+01
 -2.95638270e+01 -4.41006656e+01
 -3.19908708e+01 -4.49994202e+01
 -3.43172716e+01 -4.57069730e+01
 -3.65173472e+01 -4.62360047e+01
 -3.85881461e+01 -4.66271300e+01
 -4.05502658e+01 -4.69406127e+01
 -4.24382057e+01 -4.72347942e+01
 -4.42858732e+01 -4.75458111e+01
 -4.61166740e+01 -4.78832018e+01
 -4.79423171e+01 -4.82404723e+01
 -4.97669668e+01 -4.86080188e+01
 -5.15915828e+01 -4.89794979e+01
 -5.34162507e+01 -4.93521225e+01
 -5.52409392e+01 -4.97250039e+01
 -5.70656324e+01 -5.00979300e+01
 -5.88903262e+01 -5.04708621e+01
 -6.07150175e+01 -5.08437944e+01
 -6.25396848e+01 -5.12167217e+01
 -6.43641694e+01 -5.15896118e+01
 -6.61875677e+01 -5.19622798e+01
 -6.80058920e+01 -5.23339108e+01
 -6.98055894e+01 -5.27017347e+01
 -7.15514505e+01 -5.30585556e+01
 -7.31746346e+01 -5.33903036e+01
 -7.45771280e+01 -5.36769467e+01
 -7.56658628e+01 -5.38994634e+01
 -7.56658628e+01 -5.38994634e+01
 -7.56658628e+01 -5.38994634e+01
 -7.56658628e+01 -5.38994634e+01
 -7.56658628e+01 -5.38994634e+01
 -7.56658628e+01 -5.38994634e+01
 -7.56658628e+01 -5.38994634e+01
 -7.56658628e+01 -5.38994634e+01
 -7.56658628e+01 -5.38994634e+01
 -7.56658628e+01 -5.38994634e+01
 -7.56658628e+01 -5.38994634e+01
 -7.56658628e+01 -5.38994634e+01
 -7.56658628e+01 -5.38994634e+01
 -7.56658628e+01 -5.38994634e+01
 -7.56658628e+01 -5.38994634e+01
 -7.56658628e+01 -5.38994634e+01
 -7.56658628e+01 -5.38994634e+01
 -7.56658628e+01 -5.38994634e+01
 -7.56658628e+01 -5.38994634e+01
 -7.56658628e+01 -5.38994634e+01
 -7.56658628e+01 -5.38994634e+01
 -7.56658628e+01 -5.38994634e+01
 -7.56658628e+01 -5.38994634e+01
 -7.56658628e+01 -5.38994634e+01
 -7.56658628e+01 -5.38994634e+01
 -7.56658628e+01 -5.38994634e+01
 -7.56658628e+01 -5.38994634e+01
 -7.56658628e+01 -5.38994634e+01
 -7.56658628e+01 -5.38994634e+01
 -7.56658628e+01 -5.38994634e+01
 -7.56658628e+01 -5.38994634e+01
 -7.56658628e+01 -5.38994634e+01
 -7.56658628e+01 -5.38994634e+01
 -7.56658628e+01 -5.38994634e+01
 -7.56658628e+01 -5.38994634e+01
 -7.56658628e+01 -5.38994634e+01
 -7.56658628e+01 -5.38994634e+01
