 0.00000000e+00 0.00000000e+00
 0.00000000e+00 0.00000000e+00
 0.00000000e+00 0.00000000e+00
 0.00000000e+00 0.00000000e+00
 0.00000000e+00 0.00000000e+00
 0.00000000e+00 0.00000000e+00
 0.00000000e+00 0.00000000e+00
 0.00000000e+00 0.00000000e+00
 0.00000000e+00 0.00000000e+00
 0.00000000e+00 0.00000000e+00
 0.00000000e+00 0.00000000e+00
 0.00000000e+00 0.00000000e+00
 0.00000000e+00 0.00000000e+00
 0.00000000e+00 0.00000000e+00
 -3.10758328e-02 7.79358647e-02
 -8.98537561e-02 1.79111432e-01
 -1.88442455e-01 2.96867663e-01
 -3.40034958e-01 4.22867573e-01
 -5.59662718e-01 5.48903892e-01
 -8.64267361e-01 6.67191451e-01
 -1.27069956e+00 7.70087175e-01
 -1.79241054e+00 8.49910133e-01
 -2.43671998e+00 8.98472834e-01
 -3.20363613e+00 9.05694315e-01
 -4.08602455e+00 8.57859315e-01
 -5.07073368e+00 7.37466632e-01
 -6.14036688e+00 5.25650106e-01
 -7.27526048e+00 2.05369602e-01
 -8.45546319e+00 -2.36925409e-01
 -9.66279667e+00 -8.10890376e-01
 -1.08825049e+01 -1.52144049e+00
 -1.21033042e+01 -2.36724128e+00
 -1.33152986e+01 -3.33974782e+00
 -1.45068152e+01 -4.42345174e+00
 -1.56619002e+01 -5.59687859e+00
 -1.67594006e+01 -6.83379297e+00
 -1.77735400e+01 -8.10464470e+00
 -1.86757219e+01 -9.37845590e+00
 -1.94373777e+01 -1.06249623e+01
 -2.00332857e+01 -1.18165194e+01
 -2.04444003e+01 -1.29293996e+01
 -2.06594414e+01 -1.39443868e+01
 -2.06751438e+01 -1.48467364e+01
 -2.04956987e+01 -1.56256528e+01
 -2.01318884e+01 -1.62735143e+01
 -1.95995664e+01 -1.67850456e+01
 -1.89168447e+01 -1.71564547e+01
 -1.81006203e+01 -1.73844813e+01
 -1.71642140e+01 -1.74656086e+01
 -1.61170729e+01 -1.73960928e+01
 -1.49658858e+01 -1.71730929e+01
 -1.37160473e+01 -1.67960553e+01
 -1.23729550e+01 -1.62671990e+01
 -1.09431392e+01 -1.55910564e+01
 -9.43550191e+00 -1.47739608e+01
 -7.86280949e+00 -1.38240697e+01
 -6.24299335e+00 -1.27518620e+01
 -4.59946244e+00 -1.15707302e+01
 -2.96000913e+00 -1.02971654e+01
 -1.35455837e+00 -8.95015256e+00
 1.87488732e-01 -7.54996964e+00
 1.63942264e+00 -6.11715866e+00
 2.97846101e+00 -4.67239245e+00
 4.18634804e+00 -3.23725670e+00
 5.24984925e+00 -1.83518988e+00
 6.16131163e+00 -4.91661958e-01
 6.91906961e+00 7.66745896e-01
 7.52735391e+00 1.91400176e+00
 7.99541846e+00 2.92646612e+00
 8.33571734e+00 3.78445667e+00
 8.56121670e+00 4.47293805e+00
 8.68256440e+00 4.98073220e+00
 8.70654758e+00 5.29859901e+00
 8.63685014e+00 5.41787621e+00
 8.47618988e+00 5.33123520e+00
 8.22765571e+00 5.03509186e+00
 7.89464576e+00 4.53144772e+00
 7.48105379e+00 3.82755970e+00
 6.99261049e+00 2.93416330e+00
 6.43787874e+00 1.86427697e+00
 5.82726895e+00 6.33479090e-01
 5.17046777e+00 -7.39528014e-01
 4.47384968e+00 -2.23384094e+00
 3.73889763e+00 -3.82904486e+00
 2.96176251e+00 -5.50801989e+00
 2.13372400e+00 -7.25785153e+00
 1.24234396e+00 -9.06837170e+00
 2.73283257e-01 -1.09297027e+01
 -7.87185566e-01 -1.28306095e+01
 -1.94936284e+00 -1.47584601e+01
 -3.21810838e+00 -1.67003881e+01
 -4.59279144e+00 -1.86447171e+01
 -6.06925694e+00 -2.05819306e+01
 -7.64248793e+00 -2.25050315e+01
 -9.30832941e+00 -2.44094687e+01
 -1.10635470e+01 -2.62927717e+01
 -1.29047707e+01 -2.81539086e+01
 -1.48276096e+01 -2.99924068e+01
 -1.68268073e+01 -3.18073643e+01
 -1.88970039e+01 -3.35965034e+01
 -2.10328419e+01 -3.53552962e+01
 -2.32278403e+01 -3.70760878e+01
 -2.54728883e+01 -3.87472812e+01
 -2.77555221e+01 -4.03527975e+01
 -3.00598414e+01 -4.18718713e+01
 -3.23658340e+01 -4.32790471e+01
 -3.46477153e+01 -4.45445410e+01
 -3.68728968e+01 -4.56360465e+01
 -3.90044220e+01 -4.65241039e+01
 -4.10089288e+01 -4.71928549e+01
 -4.28687370e+01 -4.76540072e+01
 -4.45915241e+01 -4.79545687e+01
 -4.62092214e+01 -4.81667959e+01
 -4.77643985e+01 -4.83611334e+01
 -4.92931508e+01 -4.85806401e+01
 -5.08161330e+01 -4.88354914e+01
 -5.23405732e+01 -4.91163327e+01
 -5.38670464e+01 -4.94104623e+01
 -5.53945612e+01 -4.97096455e+01
 -5.69224259e+01 -5.00102944e+01
 -5.84503759e+01 -5.03112712e+01
 -5.99783415e+01 -5.06123048e+01
 -6.15063092e+01 -5.09133461e+01
 -6.30342750e+01 -5.12143877e+01
 -6.45622207e+01 -5.15154255e+01
 -6.60900134e+01 -5.18164331e+01
 -6.76168964e+01 -5.21172615e+01
 -6.91395307e+01 -5.24172528e+01
 -7.06465670e+01 -5.27141709e+01
 -7.21085217e+01 -5.30022071e+01
 -7.34677487e+01 -5.32700037e+01
 -7.46421731e+01 -5.35013902e+01
 -7.55538613e+01 -5.36810121e+01
 -7.55538613e+01 -5.36810121e+01
 -7.55538613e+01 -5.36810121e+01
 -7.55538613e+01 -5.36810121e+01
 -7.55538613e+01 -5.36810121e+01
 -7.55538613e+01 -5.36810121e+01
 -7.55538613e+01 -5.36810121e+01
 -7.55538613e+01 -5.36810121e+01
 -7.55538613e+01 -5.36810121e+01
 -7.55538613e+01 -5.36810121e+01
 -7.55538613e+01 -5.36810121e+01
 -7.55538613e+01 -5.36810121e+01
 -7.55538613e+01 -5.36810121e+01
 -7.55538613e+01 -5.36810121e+01
 -7.55538613e+01 -5.36810121e+01
 -7.55538613e+01 -5.36810121e+01
 -7.55538613e+01 -5.36810121e+01
 -7.55538613e+01 -5.36810121e+01
 -7.55538613e+01 -5.36810121e+01
 -7.55538613e+01 -5.36810121e+01
 -7.55538613e+01 -5.36810121e+01
 -7.55538613e+01 -5.36810121e+01
 -7.55538613e+01 -5.36810121e+01
 -7.55538613e+01 -5.36810121e+01
 -7.55538613e+01 -5.36810121e+01
 -7.55538613e+01 -5.36810121e+01
 -7.55538613e+01 -5.36810121e+01
 -7.55538613e+01 -5.36810121e+01
 -7.55538613e+01 -5.36810121e+01
 -7.55538613e+01 -5.36810121e+01
 -7.55538613e+01 -5.36810121e+01
 -7.55538613e+01 -5.36810121e+01
 -7.55538613e+01 -5.36810121e+01
 -7.55538613e+01 -5.36810121e+01
 -7.55538613e+01 -5.36810121e+01
 -7.55538613e+01 -5.36810121e+01
 -7.55538613e+01 -5.36810121e+01
 -7.55538613e+01 -5.36810121e+01
 -7.55538613e+01 -5.36810121e+01
 -7.55538613e+01 -5.36810121e+01
 -7.55538613e+01 -5.36810121e+01
 -7.55538613e+01 -5.36810121e+01
 -7.55538613e+01 -5.36810121e+01
 -7.55538613e+01 -5.36810121e+01
