 0.00000000e+00 0.00000000e+00
 0.00000000e+00 0.00000000e+00
 0.00000000e+00 0.00000000e+00
 0.00000000e+00 0.00000000e+00
 0.00000000e+00 0.00000000e+00
 0.00000000e+00 0.00000000e+00
 0.00000000e+00 0.00000000e+00
 0.00000000e+00 0.00000000e+00
 0.00000000e+00 0.00000000e+00
 0.00000000e+00 0.00000000e+00
 0.00000000e+00 0.00000000e+00
 5.15804807e-02 1.44768899e-01
 9.79428913e-02 3.29590700e-01
 1.24810901e-01 5.41250422e-01
 1.22083449e-01 7.65766146e-01
 8.51447190e-02 9.92290915e-01
 1.26932404e-02 1.21312924e+00
 -9.66125149e-02 1.42224323e+00
 -2.46949792e-01 1.61428567e+00
 -4.46275606e-01 1.78414221e+00
 -7.05083969e-01 1.92629751e+00
 -1.03431818e+00 2.03393778e+00
 -1.44424564e+00 2.09810042e+00
 -1.94470441e+00 2.10700174e+00
 -2.54541829e+00 2.04562837e+00
 -3.25487238e+00 1.89614589e+00
 -4.07789047e+00 1.63975232e+00
 -5.01373097e+00 1.25956579e+00
 -6.05610061e+00 7.43179567e-01
 -7.19448120e+00 8.40137822e-02
 -8.41506161e+00 -7.18217558e-01
 -9.70043290e+00 -1.65726693e+00
 -1.10287031e+01 -2.72022843e+00
 -1.23732217e+01 -3.88780572e+00
 -1.37034419e+01 -5.13508458e+00
 -1.49864415e+01 -6.43271524e+00
 -1.61883032e+01 -7.74852930e+00
 -1.72752482e+01 -9.04968000e+00
 -1.82151758e+01 -1.03049916e+01
 -1.89798675e+01 -1.14867412e+01
 -1.95470845e+01 -1.25713128e+01
 -1.99017673e+01 -1.35389822e+01
 -2.00364038e+01 -1.43735866e+01
 -1.99507938e+01 -1.50624835e+01
 -1.96508672e+01 -1.55965984e+01
 -1.91464089e+01 -1.59702963e+01
 -1.84487217e+01 -1.61810833e+01
 -1.75698776e+01 -1.62292061e+01
 -1.65241065e+01 -1.61173276e+01
 -1.53300794e+01 -1.58507052e+01
 -1.40123857e+01 -1.54379322e+01
 -1.26015091e+01 -1.48913727e+01
 -1.11324263e+01 -1.42264163e+01
 -9.64204881e+00 -1.34597564e+01
 -8.16599792e+00 -1.26074724e+01
 -6.73567071e+00 -1.16832759e+01
 -5.37630503e+00 -1.06971156e+01
 -4.10605522e+00 -9.65476427e+00
 -2.93593134e+00 -8.55903891e+00
 -1.87065266e+00 -7.41246208e+00
 -9.10345632e-01 -6.22027667e+00
 -5.27716997e-02 -4.99255755e+00
 7.04387588e-01 -3.74481819e+00
 1.36194305e+00 -2.49752386e+00
 1.91909887e+00 -1.27530284e+00
 2.37499359e+00 -1.05930770e-01
 2.73123940e+00 9.81582595e-01
 2.99435394e+00 1.96011625e+00
 3.17671682e+00 2.80799783e+00
 3.29502904e+00 3.51148017e+00
 3.36684066e+00 4.06484930e+00
 3.40735053e+00 4.46816128e+00
 3.42816690e+00 4.72410852e+00
 3.43760756e+00 4.83594917e+00
 3.44127205e+00 4.80739420e+00
 3.44252904e+00 4.64364095e+00
 3.44324606e+00 4.35180701e+00
 3.44485668e+00 3.93994686e+00
 3.44948788e+00 3.41574845e+00
 3.46055062e+00 2.78648667e+00
 3.48190404e+00 2.06021640e+00
 3.51517460e+00 1.24665005e+00
 3.55620983e+00 3.56467121e-01
 3.59248350e+00 -6.00655513e-01
 3.60271166e+00 -1.61785373e+00
 3.55912940e+00 -2.69146390e+00
 3.43207508e+00 -3.81996905e+00
 3.19488182e+00 -5.00260180e+00
 2.82623243e+00 -6.23867571e+00
 2.30930690e+00 -7.52776664e+00
 1.62992763e+00 -8.87008333e+00
 7.75739571e-01 -1.02664618e+01
 -2.63655130e-01 -1.17180377e+01
 -1.49637912e+00 -1.32259537e+01
 -2.92789637e+00 -1.47912164e+01
 -4.56064079e+00 -1.64144791e+01
 -6.39417510e+00 -1.80955148e+01
 -8.42610339e+00 -1.98324470e+01
 -1.06530164e+01 -2.16211037e+01
 -1.30702140e+01 -2.34547151e+01
 -1.56695737e+01 -2.53237357e+01
 -1.84363631e+01 -2.72153999e+01
 -2.13465615e+01 -2.91129220e+01
 -2.43654662e+01 -3.09945572e+01
 -2.74472554e+01 -3.28328362e+01
 -3.05354903e+01 -3.45943576e+01
 -3.35655997e+01 -3.62404968e+01
 -3.64700370e+01 -3.77289502e+01
 -3.91848913e+01 -3.90156208e+01
 -4.16556691e+01 -4.00568870e+01
 -4.38414141e+01 -4.08135929e+01
 -4.57189063e+01 -4.12589530e+01
 -4.72892220e+01 -4.13914981e+01
 -4.85853194e+01 -4.12492166e+01
 -4.96732540e+01 -4.09132077e+01
 -5.06386177e+01 -4.04887124e+01
 -5.15603890e+01 -4.00681073e+01
 -5.24883445e+01 -3.97008541e+01
 -5.34391372e+01 -3.93917510e+01
 -5.44090614e+01 -3.91221509e+01
 -5.53892487e+01 -3.88719591e+01
 -5.63734319e+01 -3.86289730e+01
 -5.73587897e+01 -3.83880437e+01
 -5.83444124e+01 -3.81475694e+01
 -5.93300812e+01 -3.79071733e+01
 -6.03157563e+01 -3.76667877e+01
 -6.13014306e+01 -3.74264036e+01
 -6.22870920e+01 -3.71860227e+01
 -6.32726547e+01 -3.69456658e+01
 -6.42576306e+01 -3.67054521e+01
 -6.52398656e+01 -3.64659068e+01
 -6.62120386e+01 -3.62288155e+01
 -6.71551299e+01 -3.59988165e+01
 -6.80319527e+01 -3.57849789e+01
 -6.87895613e+01 -3.56002150e+01
 -6.93776816e+01 -3.54567855e+01
 -6.93776816e+01 -3.54567855e+01
 -6.93776816e+01 -3.54567855e+01
 -6.93776816e+01 -3.54567855e+01
 -6.93776816e+01 -3.54567855e+01
 -6.93776816e+01 -3.54567855e+01
 -6.93776816e+01 -3.54567855e+01
 -6.93776816e+01 -3.54567855e+01
 -6.93776816e+01 -3.54567855e+01
 -6.93776816e+01 -3.54567855e+01
 -6.93776816e+01 -3.54567855e+01
 -6.93776816e+01 -3.54567855e+01
 -6.93776816e+01 -3.54567855e+01
 -6.93776816e+01 -3.54567855e+01
 -6.93776816e+01 -3.54567855e+01
 -6.93776816e+01 -3.54567855e+01
 -6.93776816e+01 -3.54567855e+01
 -6.93776816e+01 -3.54567855e+01
 -6.93776816e+01 -3.54567855e+01
 -6.93776816e+01 -3.54567855e+01
 -6.93776816e+01 -3.54567855e+01
 -6.93776816e+01 -3.54567855e+01
 -6.93776816e+01 -3.54567855e+01
 -6.93776816e+01 -3.54567855e+01
 -6.93776816e+01 -3.54567855e+01
 -6.93776816e+01 -3.54567855e+01
 -6.93776816e+01 -3.54567855e+01
 -6.93776816e+01 -3.54567855e+01
 -6.93776816e+01 -3.54567855e+01
 -6.93776816e+01 -3.54567855e+01
 -6.93776816e+01 -3.54567855e+01
 -6.93776816e+01 -3.54567855e+01
 -6.93776816e+01 -3.54567855e+01
 -6.93776816e+01 -3.54567855e+01
 -6.93776816e+01 -3.54567855e+01
 -6.93776816e+01 -3.54567855e+01
 -6.93776816e+01 -3.54567855e+01
 -6.93776816e+01 -3.54567855e+01
 -6.93776816e+01 -3.54567855e+01
 -6.93776816e+01 -3.54567855e+01
 -6.93776816e+01 -3.54567855e+01
