 0.00000000e+00 0.00000000e+00
 0.00000000e+00 0.00000000e+00
 0.00000000e+00 0.00000000e+00
 0.00000000e+00 0.00000000e+00
 1.51344498e-02 2.71544823e-02
 3.72889781e-02 6.60962643e-02
 6.40247322e-02 1.14046337e-01
 9.18844334e-02 1.64945062e-01
 1.18456203e-01 2.10528333e-01
 1.41713474e-01 2.40978534e-01
 1.56808727e-01 2.43958168e-01
 1.53855740e-01 2.02240410e-01
 1.19020103e-01 9.20174748e-02
 3.79394020e-02 -1.15770089e-01
 -1.00905142e-01 -4.51123896e-01
 -3.04619501e-01 -9.40440509e-01
 -5.76289198e-01 -1.60417371e+00
 -9.15921567e-01 -2.45632102e+00
 -1.32058703e+00 -3.50364194e+00
 -1.78401530e+00 -4.74379601e+00
 -2.29693114e+00 -6.16400165e+00
 -2.84879664e+00 -7.74235549e+00
 -3.43036548e+00 -9.45178481e+00
 -4.03588617e+00 -1.12641020e+01
 -4.66405914e+00 -1.31516425e+01
 -5.31727868e+00 -1.50862908e+01
 -5.99918316e+00 -1.70377021e+01
 -6.71139334e+00 -1.89725571e+01
 -7.45083175e+00 -2.08552918e+01
 -8.20833252e+00 -2.26494962e+01
 -8.96827289e+00 -2.43192745e+01
 -9.70907683e+00 -2.58308786e+01
 -1.04050766e+01 -2.71551974e+01
 -1.10298920e+01 -2.82704744e+01
 -1.15603806e+01 -2.91634113e+01
 -1.19797055e+01 -2.98274411e+01
 -1.22785857e+01 -3.02592944e+01
 -1.24545890e+01 -3.04567755e+01
 -1.25100665e+01 -3.04196928e+01
 -1.24501029e+01 -3.01526930e+01
 -1.22817117e+01 -2.96667953e+01
 -1.20138656e+01 -2.89782901e+01
 -1.16569419e+01 -2.81070759e+01
 -1.12214228e+01 -2.70769671e+01
 -1.07170796e+01 -2.59175721e+01
 -1.01533095e+01 -2.46649955e+01
 -9.54001033e+00 -2.33596269e+01
 -8.88797851e+00 -2.20420631e+01
 -8.20833231e+00 -2.07494987e+01
 -7.51136046e+00 -1.95138477e+01
 -6.80577673e+00 -1.83612371e+01
 -6.09896920e+00 -1.73120003e+01
 -5.39784977e+00 -1.63807428e+01
 -4.70938535e+00 -1.55764460e+01
 -4.04033386e+00 -1.49026124e+01
 -3.39658107e+00 -1.43575255e+01
 -2.78273882e+00 -1.39348483e+01
 -2.20207592e+00 -1.36246873e+01
 -1.65641804e+00 -1.34150735e+01
 -1.14612012e+00 -1.32939357e+01
 -6.70762122e-01 -1.32516379e+01
 -2.30748129e-01 -1.32835226e+01
 1.70994249e-01 -1.33912811e+01
 5.28222892e-01 -1.35823708e+01
 8.31803146e-01 -1.38678142e+01
 1.07092110e+00 -1.42594312e+01
 1.23454346e+00 -1.47674216e+01
 1.31299208e+00 -1.53985570e+01
 1.29983996e+00 -1.61545806e+01
 1.19407151e+00 -1.70304165e+01
 1.00192645e+00 -1.80125271e+01
 7.37805200e-01 -1.90782817e+01
 4.23964673e-01 -2.01968423e+01
 8.88646862e-02 -2.13314154e+01
 -2.35967058e-01 -2.24424517e+01
 -5.20193459e-01 -2.34913142e+01
 -7.38761649e-01 -2.44436498e+01
 -8.74050347e-01 -2.52714962e+01
 -9.15159617e-01 -2.59535792e+01
 -8.55479487e-01 -2.64741743e+01
 -6.90972888e-01 -2.68216474e+01
 -4.20418193e-01 -2.69879193e+01
 -4.65878648e-02 -2.69694465e+01
 4.23075313e-01 -2.67690631e+01
 9.76368795e-01 -2.63972627e+01
 1.59630668e+00 -2.58722313e+01
 2.26150219e+00 -2.52192994e+01
 2.94804421e+00 -2.44704357e+01
 3.63334867e+00 -2.36627796e+01
 4.30087183e+00 -2.28342286e+01
 4.94330895e+00 -2.20159411e+01
 5.56224570e+00 -2.12253867e+01
 6.16443657e+00 -2.04649437e+01
 6.75724301e+00 -1.97271286e+01
 7.34587575e+00 -1.90021707e+01
 7.93303269e+00 -1.82828841e+01
 8.51977486e+00 -1.75655571e+01
 9.10642446e+00 -1.68487618e+01
 9.69305765e+00 -1.61320800e+01
 1.02796885e+01 -1.54154171e+01
 1.08663191e+01 -1.46987568e+01
 1.14529488e+01 -1.39820978e+01
 1.20395708e+01 -1.32654482e+01
 1.26261341e+01 -1.25488703e+01
 1.32123481e+01 -1.18327192e+01
 1.37969309e+01 -1.11185608e+01
 1.43755252e+01 -1.04117183e+01
 1.49368114e+01 -9.72602037e+00
 1.54586575e+01 -9.08850461e+00
 1.59095526e+01 -8.53766647e+00
 1.62595757e+01 -8.11005902e+00
 1.62595757e+01 -8.11005902e+00
 1.62595757e+01 -8.11005902e+00
 1.62595757e+01 -8.11005902e+00
 1.62595757e+01 -8.11005902e+00
 1.62595757e+01 -8.11005902e+00
 1.62595757e+01 -8.11005902e+00
 1.62595757e+01 -8.11005902e+00
 1.62595757e+01 -8.11005902e+00
 1.62595757e+01 -8.11005902e+00
 1.62595757e+01 -8.11005902e+00
 1.62595757e+01 -8.11005902e+00
 1.62595757e+01 -8.11005902e+00
 1.62595757e+01 -8.11005902e+00
 1.62595757e+01 -8.11005902e+00
 1.62595757e+01 -8.11005902e+00
 1.62595757e+01 -8.11005902e+00
 1.62595757e+01 -8.11005902e+00
 1.62595757e+01 -8.11005902e+00
 1.62595757e+01 -8.11005902e+00
 1.62595757e+01 -8.11005902e+00
 1.62595757e+01 -8.11005902e+00
 1.62595757e+01 -8.11005902e+00
 1.62595757e+01 -8.11005902e+00
 1.62595757e+01 -8.11005902e+00
 1.62595757e+01 -8.11005902e+00
 1.62595757e+01 -8.11005902e+00
 1.62595757e+01 -8.11005902e+00
 1.62595757e+01 -8.11005902e+00
 1.62595757e+01 -8.11005902e+00
 1.62595757e+01 -8.11005902e+00
 1.62595757e+01 -8.11005902e+00
 1.62595757e+01 -8.11005902e+00
 1.62595757e+01 -8.11005902e+00
 1.62595757e+01 -8.11005902e+00
 1.62595757e+01 -8.11005902e+00
 1.62595757e+01 -8.11005902e+00
 1.62595757e+01 -8.11005902e+00
 1.62595757e+01 -8.11005902e+00
 1.62595757e+01 -8.11005902e+00
 1.62595757e+01 -8.11005902e+00
 1.62595757e+01 -8.11005902e+00
 1.62595757e+01 -8.11005902e+00
 1.62595757e+01 -8.11005902e+00
 1.62595757e+01 -8.11005902e+00
 1.62595757e+01 -8.11005902e+00
 1.62595757e+01 -8.11005902e+00
 1.62595757e+01 -8.11005902e+00
 1.62595757e+01 -8.11005902e+00
 1.62595757e+01 -8.11005902e+00
 1.62595757e+01 -8.11005902e+00
 1.62595757e+01 -8.11005902e+00
