 0.00000000e+00 0.00000000e+00
 0.00000000e+00 0.00000000e+00
 0.00000000e+00 0.00000000e+00
 0.00000000e+00 0.00000000e+00
 -6.58434250e-02 9.30372630e-03
 -1.85791809e-01 2.98301915e-02
 -3.72484767e-01 6.79204337e-02
 -6.26190120e-01 1.28659786e-01
 -9.34943502e-01 2.14071248e-01
 -1.28138453e+00 3.22963121e-01
 -1.65124880e+00 4.51982018e-01
 -2.03800639e+00 5.96492468e-01
 -2.44204544e+00 7.50783509e-01
 -2.86701196e+00 9.08157945e-01
 -3.31683834e+00 1.06128559e+00
 -3.79488333e+00 1.20253023e+00
 -4.30438795e+00 1.32406954e+00
 -4.84886873e+00 1.41817428e+00
 -5.43177682e+00 1.47764728e+00
 -6.05572489e+00 1.49561477e+00
 -6.72191823e+00 1.46465122e+00
 -7.43003645e+00 1.37690099e+00
 -8.17851412e+00 1.22610047e+00
 -8.96525190e+00 1.00967301e+00
 -9.78862997e+00 7.28810736e-01
 -1.06482206e+01 3.87001359e-01
 -1.15446141e+01 -1.13872952e-02
 -1.24785638e+01 -4.61976003e-01
 -1.34503413e+01 -9.60994947e-01
 -1.44598245e+01 -1.50575101e+00
 -1.55067970e+01 -2.09484951e+00
 -1.65905367e+01 -2.72808088e+00
 -1.77084709e+01 -3.40595733e+00
 -1.88546014e+01 -4.12903246e+00
 -2.00186747e+01 -4.89713966e+00
 -2.11865035e+01 -5.70860694e+00
 -2.23409153e+01 -6.55965528e+00
 -2.34624718e+01 -7.44440890e+00
 -2.45298654e+01 -8.35578437e+00
 -2.55207609e+01 -9.28684871e+00
 -2.64136474e+01 -1.02315874e+01
 -2.71903177e+01 -1.11843573e+01
 -2.78380380e+01 -1.21386671e+01
 -2.83505979e+01 -1.30867363e+01
 -2.87278444e+01 -1.40202495e+01
 -2.89738494e+01 -1.49311112e+01
 -2.90944428e+01 -1.58110282e+01
 -2.90950551e+01 -1.66503084e+01
 -2.89794554e+01 -1.74373025e+01
 -2.87492910e+01 -1.81592714e+01
 -2.84039216e+01 -1.88039694e+01
 -2.79403495e+01 -1.93605509e+01
 -2.73537258e+01 -1.98194280e+01
 -2.66390593e+01 -2.01721134e+01
 -2.57941705e+01 -2.04119124e+01
 -2.48232621e+01 -2.05349811e+01
 -2.37399453e+01 -2.05408068e+01
 -2.25682265e+01 -2.04319762e+01
 -2.13406270e+01 -2.02137256e+01
 -2.00942312e+01 -1.98934620e+01
 -1.88662868e+01 -1.94798928e+01
 -1.76902097e+01 -1.89814440e+01
 -1.65919407e+01 -1.84043370e+01
 -1.55867690e+01 -1.77513961e+01
 -1.46773593e+01 -1.70224974e+01
 -1.38538646e+01 -1.62162997e+01
 -1.30963799e+01 -1.53317941e+01
 -1.23790237e+01 -1.43688224e+01
 -1.16745293e+01 -1.33284569e+01
 -1.09587424e+01 -1.22146863e+01
 -1.02148818e+01 -1.10373845e+01
 -9.43706984e+00 -9.81476021e+00
 -8.63207963e+00 -8.57343214e+00
 -7.81844701e+00 -7.34602684e+00
 -7.02310800e+00 -6.16778311e+00
 -6.27677587e+00 -5.07344515e+00
 -5.60965452e+00 -4.09461181e+00
 -5.04858713e+00 -3.25752978e+00
 -4.61571910e+00 -2.58190148e+00
 -4.32791584e+00 -2.08109813e+00
 -4.19595619e+00 -1.76308414e+00
 -4.22308330e+00 -1.63086156e+00
 -4.40376787e+00 -1.68219691e+00
 -4.72421945e+00 -1.90961854e+00
 -5.16477983e+00 -2.30149724e+00
 -5.70238395e+00 -2.84369561e+00
 -6.31169739e+00 -3.52053891e+00
 -6.96563978e+00 -4.31460021e+00
 -7.63671156e+00 -5.20618588e+00
 -8.29938144e+00 -6.17396072e+00
 -8.93265507e+00 -7.19713880e+00
 -9.52184591e+00 -8.25803980e+00
 -1.00590387e+01 -9.34328698e+00
 -1.05420785e+01 -1.04428832e+01
 -1.09721309e+01 -1.15476992e+01
 -1.13503773e+01 -1.26466378e+01
 -1.16751253e+01 -1.37247839e+01
 -1.19407643e+01 -1.47632551e+01
 -1.21390327e+01 -1.57405671e+01
 -1.22612756e+01 -1.66347939e+01
 -1.22993989e+01 -1.74257742e+01
 -1.22448125e+01 -1.80967467e+01
 -1.20875020e+01 -1.86350618e+01
 -1.18175117e+01 -1.90320383e+01
 -1.14280602e+01 -1.92823987e+01
 -1.09176487e+01 -1.93837666e+01
 -1.02902719e+01 -1.93364487e+01
 -9.55515118e+00 -1.91434059e+01
 -8.72717068e+00 -1.88102539e+01
 -7.82742421e+00 -1.83453772e+01
 -6.88262207e+00 -1.77605125e+01
 -5.92299295e+00 -1.70718849e+01
 -4.97926593e+00 -1.63010206e+01
 -4.07938536e+00 -1.54738439e+01
 -3.24518111e+00 -1.46177248e+01
 -2.48903293e+00 -1.37577022e+01
 -1.81112200e+00 -1.29133263e+01
 -1.19902055e+00 -1.20966603e+01
 -6.31581007e-01 -1.13115724e+01
 -8.65650833e-02 -1.05547497e+01
 4.52169732e-01 -9.81856936e+00
 9.92225322e-01 -9.09474266e+00
 1.53504524e+00 -8.37694567e+00
 2.07967447e+00 -7.66153314e+00
 2.62507318e+00 -6.94687969e+00
 3.17070948e+00 -6.23241969e+00
 3.71640103e+00 -5.51799897e+00
 4.26210241e+00 -4.80358457e+00
 4.80780508e+00 -4.08917107e+00
 5.35350715e+00 -3.37475861e+00
 5.89920203e+00 -2.66035558e+00
 6.44484231e+00 -1.94602405e+00
 6.99015766e+00 -1.23211789e+00
 7.53395561e+00 -5.20198268e-01
 8.07218285e+00 1.84428406e-01
 8.59430955e+00 8.67976851e-01
 9.07974776e+00 1.50349413e+00
 9.49918506e+00 2.05260551e+00
 9.82478798e+00 2.47887249e+00
 9.82478798e+00 2.47887249e+00
 9.82478798e+00 2.47887249e+00
 9.82478798e+00 2.47887249e+00
 9.82478798e+00 2.47887249e+00
 9.82478798e+00 2.47887249e+00
 9.82478798e+00 2.47887249e+00
 9.82478798e+00 2.47887249e+00
 9.82478798e+00 2.47887249e+00
 9.82478798e+00 2.47887249e+00
 9.82478798e+00 2.47887249e+00
 9.82478798e+00 2.47887249e+00
 9.82478798e+00 2.47887249e+00
 9.82478798e+00 2.47887249e+00
 9.82478798e+00 2.47887249e+00
 9.82478798e+00 2.47887249e+00
 9.82478798e+00 2.47887249e+00
 9.82478798e+00 2.47887249e+00
 9.82478798e+00 2.47887249e+00
 9.82478798e+00 2.47887249e+00
 9.82478798e+00 2.47887249e+00
 9.82478798e+00 2.47887249e+00
 9.82478798e+00 2.47887249e+00
 9.82478798e+00 2.47887249e+00
 9.82478798e+00 2.47887249e+00
 9.82478798e+00 2.47887249e+00
 9.82478798e+00 2.47887249e+00
 9.82478798e+00 2.47887249e+00
 9.82478798e+00 2.47887249e+00
 9.82478798e+00 2.47887249e+00
 9.82478798e+00 2.47887249e+00
 9.82478798e+00 2.47887249e+00
 9.82478798e+00 2.47887249e+00
 9.82478798e+00 2.47887249e+00
 9.82478798e+00 2.47887249e+00
 9.82478798e+00 2.47887249e+00
 9.82478798e+00 2.47887249e+00
 9.82478798e+00 2.47887249e+00
 9.82478798e+00 2.47887249e+00
 9.82478798e+00 2.47887249e+00
