 0.00000000e+00 0.00000000e+00
 0.00000000e+00 0.00000000e+00
 0.00000000e+00 0.00000000e+00
 0.00000000e+00 0.00000000e+00
 0.00000000e+00 0.00000000e+00
 0.00000000e+00 0.00000000e+00
 0.00000000e+00 0.00000000e+00
 0.00000000e+00 0.00000000e+00
 -7.95989996e-03 1.59099256e-01
 -4.39162823e-02 3.42124950e-01
 -1.28744095e-01 5.18589963e-01
 -2.78571439e-01 6.56077493e-01
 -4.99486496e-01 7.25335551e-01
 -7.89732219e-01 6.99627236e-01
 -1.14657334e+00 5.52498397e-01
 -1.57144393e+00 2.57585828e-01
 -2.07005871e+00 -2.10043356e-01
 -2.64899408e+00 -8.73040324e-01
 -3.31208259e+00 -1.75120672e+00
 -4.05877711e+00 -2.85964362e+00
 -4.88492763e+00 -4.20579051e+00
 -5.78539182e+00 -5.78733856e+00
 -6.75690220e+00 -7.59234479e+00
 -7.79890030e+00 -9.60091448e+00
 -8.91128114e+00 -1.17868897e+01
 -1.00907048e+01 -1.41187828e+01
 -1.13282432e+01 -1.65604479e+01
 -1.26093999e+01 -1.90722103e+01
 -1.39152716e+01 -2.16124484e+01
 -1.52232034e+01 -2.41390602e+01
 -1.65067407e+01 -2.66104703e+01
 -1.77362946e+01 -2.89863335e+01
 -1.88817911e+01 -3.12282628e+01
 -1.99166117e+01 -3.33008221e+01
 -2.08207132e+01 -3.51728943e+01
 -2.15815715e+01 -3.68193328e+01
 -2.21932185e+01 -3.82225681e+01
 -2.26543611e+01 -3.93735025e+01
 -2.29663974e+01 -4.02706910e+01
 -2.31317399e+01 -4.09174102e+01
 -2.31525100e+01 -4.13180277e+01
 -2.30296446e+01 -4.14761250e+01
 -2.27626864e+01 -4.13953855e+01
 -2.23504153e+01 -4.10817251e+01
 -2.17919134e+01 -4.05443372e+01
 -2.10873655e+01 -3.97950841e+01
 -2.02383670e+01 -3.88479486e+01
 -1.92482759e+01 -3.77203491e+01
 -1.81231908e+01 -3.64357835e+01
 -1.68730760e+01 -3.50252303e+01
 -1.55116641e+01 -3.35253079e+01
 -1.40545899e+01 -3.19737246e+01
 -1.25170732e+01 -3.04046064e+01
 -1.09129968e+01 -2.88461637e+01
 -9.25561050e+00 -2.73211263e+01
 -7.55846627e+00 -2.58484863e+01
 -5.83575791e+00 -2.44450117e+01
 -4.10302923e+00 -2.31261841e+01
 -2.37933443e+00 -2.19070379e+01
 -6.89847748e-01 -2.08031627e+01
 9.33585127e-01 -1.98314692e+01
 2.45507984e+00 -1.90102112e+01
 3.83876116e+00 -1.83584030e+01
 5.05153048e+00 -1.78951547e+01
 6.06404425e+00 -1.76387891e+01
 6.85181763e+00 -1.76049195e+01
 7.39783489e+00 -1.78034189e+01
 7.69537427e+00 -1.82357145e+01
 7.74867168e+00 -1.88940020e+01
 7.57112343e+00 -1.97623625e+01
 7.18319417e+00 -2.08183382e+01
 6.61178611e+00 -2.20339141e+01
 5.89045686e+00 -2.33762108e+01
 5.05900352e+00 -2.48086363e+01
 4.16214383e+00 -2.62925213e+01
 3.24780708e+00 -2.77887673e+01
 2.36488265e+00 -2.92593887e+01
 1.55980025e+00 -3.06691184e+01
 8.72148458e-01 -3.19870258e+01
 3.30755819e-01 -3.31878927e+01
 -4.80779015e-02 -3.42531599e+01
 -2.59471630e-01 -3.51713343e+01
 -3.06734401e-01 -3.59377179e+01
 -1.97768304e-01 -3.65532183e+01
 5.74934094e-02 -3.70221294e+01
 4.48651215e-01 -3.73493221e+01
 9.66358181e-01 -3.75377437e+01
 1.60404644e+00 -3.75868915e+01
 2.35894917e+00 -3.74924655e+01
 3.23138050e+00 -3.72473687e+01
 4.22203120e+00 -3.68442336e+01
 5.32804823e+00 -3.62791540e+01
 6.53937287e+00 -3.55557413e+01
 7.83665512e+00 -3.46886021e+01
 9.19142733e+00 -3.37053566e+01
 1.05691499e+01 -3.26456860e+01
 1.19356407e+01 -3.15554435e+01
 1.32655582e+01 -3.04758115e+01
 1.45487259e+01 -2.94321378e+01
 1.57899183e+01 -2.84297348e+01
 1.70021964e+01 -2.74594645e+01
 1.81988258e+01 -2.65079479e+01
 1.93887577e+01 -2.55648803e+01
 2.05764214e+01 -2.46247817e+01
 2.17634778e+01 -2.36854997e+01
 2.29504060e+01 -2.27463938e+01
 2.41373128e+01 -2.18073176e+01
 2.53242168e+01 -2.08682454e+01
 2.65111189e+01 -1.99291749e+01
 2.76980052e+01 -1.89901168e+01
 2.88847728e+01 -1.80511528e+01
 3.00708337e+01 -1.71127478e+01
 3.12535943e+01 -1.61769541e+01
 3.24242385e+01 -1.52507467e+01
 3.35598641e+01 -1.43522459e+01
 3.46156922e+01 -1.35168804e+01
 3.55279683e+01 -1.27950925e+01
 3.62361547e+01 -1.22347793e+01
 3.62361547e+01 -1.22347793e+01
 3.62361547e+01 -1.22347793e+01
 3.62361547e+01 -1.22347793e+01
 3.62361547e+01 -1.22347793e+01
 3.62361547e+01 -1.22347793e+01
 3.62361547e+01 -1.22347793e+01
 3.62361547e+01 -1.22347793e+01
 3.62361547e+01 -1.22347793e+01
 3.62361547e+01 -1.22347793e+01
 3.62361547e+01 -1.22347793e+01
 3.62361547e+01 -1.22347793e+01
 3.62361547e+01 -1.22347793e+01
 3.62361547e+01 -1.22347793e+01
 3.62361547e+01 -1.22347793e+01
 3.62361547e+01 -1.22347793e+01
 3.62361547e+01 -1.22347793e+01
 3.62361547e+01 -1.22347793e+01
 3.62361547e+01 -1.22347793e+01
 3.62361547e+01 -1.22347793e+01
 3.62361547e+01 -1.22347793e+01
 3.62361547e+01 -1.22347793e+01
 3.62361547e+01 -1.22347793e+01
 3.62361547e+01 -1.22347793e+01
 3.62361547e+01 -1.22347793e+01
 3.62361547e+01 -1.22347793e+01
 3.62361547e+01 -1.22347793e+01
 3.62361547e+01 -1.22347793e+01
 3.62361547e+01 -1.22347793e+01
 3.62361547e+01 -1.22347793e+01
 3.62361547e+01 -1.22347793e+01
 3.62361547e+01 -1.22347793e+01
 3.62361547e+01 -1.22347793e+01
 3.62361547e+01 -1.22347793e+01
 3.62361547e+01 -1.22347793e+01
 3.62361547e+01 -1.22347793e+01
 3.62361547e+01 -1.22347793e+01
 3.62361547e+01 -1.22347793e+01
 3.62361547e+01 -1.22347793e+01
 3.62361547e+01 -1.22347793e+01
 3.62361547e+01 -1.22347793e+01
 3.62361547e+01 -1.22347793e+01
 3.62361547e+01 -1.22347793e+01
 3.62361547e+01 -1.22347793e+01
 3.62361547e+01 -1.22347793e+01
