 0.00000000e+00 0.00000000e+00
 0.00000000e+00 0.00000000e+00
 0.00000000e+00 0.00000000e+00
 0.00000000e+00 0.00000000e+00
 2.05885519e-02 -1.80157962e-04
 4.70977525e-02 -1.08159051e-03
 7.63099510e-02 -4.71085014e-03
 1.03245803e-01 -1.65878168e-02
 1.20054062e-01 -4.86052258e-02
 1.14406171e-01 -1.20940570e-01
 6.94475682e-02 -2.60875529e-01
 -3.39451734e-02 -4.98549860e-01
 -2.13926541e-01 -8.62452739e-01
 -4.85634903e-01 -1.37716944e+00
 -8.61112462e-01 -2.06311284e+00
 -1.34959956e+00 -2.93659080e+00
 -1.95655296e+00 -4.00947491e+00
 -2.68219033e+00 -5.28866403e+00
 -3.52148349e+00 -6.77563758e+00
 -4.46572675e+00 -8.46644338e+00
 -5.50396441e+00 -1.03523520e+01
 -6.62302682e+00 -1.24205920e+01
 -7.80664280e+00 -1.46538381e+01
 -9.03502724e+00 -1.70278953e+01
 -1.02858059e+01 -1.95090876e+01
 -1.15358087e+01 -2.20539181e+01
 -1.27625047e+01 -2.46121178e+01
 -1.39445023e+01 -2.71316925e+01
 -1.50617346e+01 -2.95635973e+01
 -1.60961475e+01 -3.18647122e+01
 -1.70328441e+01 -3.39992836e+01
 -1.78609937e+01 -3.59395740e+01
 -1.85740355e+01 -3.76661868e+01
 -1.91692323e+01 -3.91680582e+01
 -1.96468158e+01 -4.04418167e+01
 -2.00088160e+01 -4.14901348e+01
 -2.02575300e+01 -4.23189165e+01
 -2.03937373e+01 -4.29338727e+01
 -2.04152882e+01 -4.33379221e+01
 -2.03171310e+01 -4.35308466e+01
 -2.00931634e+01 -4.35112024e+01
 -1.97386952e+01 -4.32788339e+01
 -1.92519111e+01 -4.28363276e+01
 -1.86340775e+01 -4.21894023e+01
 -1.78892373e+01 -4.13475323e+01
 -1.70239309e+01 -4.03255370e+01
 -1.60471544e+01 -3.91453763e+01
 -1.49704385e+01 -3.78367397e+01
 -1.38074921e+01 -3.64355835e+01
 -1.25730541e+01 -3.49807417e+01
 -1.12813435e+01 -3.35096339e+01
 -9.94495447e+00 -3.20546523e+01
 -8.57496410e+00 -3.06415009e+01
 -7.18238657e+00 -2.92896639e+01
 -5.78019431e+00 -2.80142169e+01
 -4.38487035e+00 -2.68279304e+01
 -3.01700265e+00 -2.57428433e+01
 -1.70088736e+00 -2.47710177e+01
 -4.63239133e-01 -2.39248134e+01
 6.68571577e-01 -2.32172615e+01
 1.66796471e+00 -2.26627482e+01
 2.50979403e+00 -2.22775428e+01
 3.17070131e+00 -2.20793460e+01
 3.63030299e+00 -2.20854355e+01
 3.87356806e+00 -2.23097847e+01
 3.89335570e+00 -2.27599826e+01
 3.69191455e+00 -2.34347663e+01
 3.28134965e+00 -2.43226982e+01
 2.68374760e+00 -2.54019871e+01
 1.93104191e+00 -2.66411582e+01
 1.06409336e+00 -2.80006129e+01
 1.30659047e-01 -2.94352591e+01
 -8.17636420e-01 -3.08978141e+01
 -1.72903278e+00 -3.23420287e+01
 -2.55576697e+00 -3.37255353e+01
 -3.25819918e+00 -3.50123880e+01
 -3.80810517e+00 -3.61750550e+01
 -4.18994735e+00 -3.71952029e+01
 -4.39949659e+00 -3.80628102e+01
 -4.44057441e+00 -3.87740500e+01
 -4.32156183e+00 -3.93291917e+01
 -4.05284417e+00 -3.97314354e+01
 -3.64526499e+00 -3.99864202e+01
 -3.10910929e+00 -4.01017376e+01
 -2.45333854e+00 -4.00865253e+01
 -1.68516650e+00 -3.99515338e+01
 -8.10251042e-01 -3.97093275e+01
 1.66161548e-01 -3.93740573e+01
 1.23702092e+00 -3.89610277e+01
 2.39075835e+00 -3.84865454e+01
 3.60934263e+00 -3.79678050e+01
 4.86815160e+00 -3.74222248e+01
 6.13750437e+00 -3.68662715e+01
 7.38484081e+00 -3.63144543e+01
 8.57693358e+00 -3.57790207e+01
 9.68227420e+00 -3.52702058e+01
 1.06737726e+01 -3.47963820e+01
 1.15315702e+01 -3.43635556e+01
 1.22459177e+01 -3.39742880e+01
 1.28202335e+01 -3.36267863e+01
 1.32734017e+01 -3.33150332e+01
 1.36384138e+01 -3.30302265e+01
 1.39547442e+01 -3.27629852e+01
 1.42565708e+01 -3.25053871e+01
 1.45639816e+01 -3.22520720e+01
 1.48826393e+01 -3.20001926e+01
 1.52100094e+01 -3.17486168e+01
 1.55418952e+01 -3.14970438e+01
 1.58755043e+01 -3.12454433e+01
 1.62096134e+01 -3.09938302e+01
 1.65438341e+01 -3.07422136e+01
 1.68780742e+01 -3.04905964e+01
 1.72123169e+01 -3.02389791e+01
 1.75465594e+01 -2.99873621e+01
 1.78807976e+01 -2.97357485e+01
 1.82150022e+01 -2.94841600e+01
 1.85490079e+01 -2.92327214e+01
 1.88820841e+01 -2.89819824e+01
 1.92117483e+01 -2.87338120e+01
 1.95315509e+01 -2.84930654e+01
 1.98288818e+01 -2.82692354e+01
 2.00857872e+01 -2.80758376e+01
 2.02852189e+01 -2.79257059e+01
 2.02852189e+01 -2.79257059e+01
 2.02852189e+01 -2.79257059e+01
 2.02852189e+01 -2.79257059e+01
 2.02852189e+01 -2.79257059e+01
 2.02852189e+01 -2.79257059e+01
 2.02852189e+01 -2.79257059e+01
 2.02852189e+01 -2.79257059e+01
 2.02852189e+01 -2.79257059e+01
 2.02852189e+01 -2.79257059e+01
 2.02852189e+01 -2.79257059e+01
 2.02852189e+01 -2.79257059e+01
 2.02852189e+01 -2.79257059e+01
 2.02852189e+01 -2.79257059e+01
 2.02852189e+01 -2.79257059e+01
 2.02852189e+01 -2.79257059e+01
 2.02852189e+01 -2.79257059e+01
 2.02852189e+01 -2.79257059e+01
 2.02852189e+01 -2.79257059e+01
 2.02852189e+01 -2.79257059e+01
 2.02852189e+01 -2.79257059e+01
 2.02852189e+01 -2.79257059e+01
 2.02852189e+01 -2.79257059e+01
 2.02852189e+01 -2.79257059e+01
 2.02852189e+01 -2.79257059e+01
 2.02852189e+01 -2.79257059e+01
 2.02852189e+01 -2.79257059e+01
 2.02852189e+01 -2.79257059e+01
 2.02852189e+01 -2.79257059e+01
 2.02852189e+01 -2.79257059e+01
 2.02852189e+01 -2.79257059e+01
 2.02852189e+01 -2.79257059e+01
 2.02852189e+01 -2.79257059e+01
 2.02852189e+01 -2.79257059e+01
 2.02852189e+01 -2.79257059e+01
 2.02852189e+01 -2.79257059e+01
 2.02852189e+01 -2.79257059e+01
 2.02852189e+01 -2.79257059e+01
 2.02852189e+01 -2.79257059e+01
 2.02852189e+01 -2.79257059e+01
