 0.00000000e+00 0.00000000e+00
 0.00000000e+00 0.00000000e+00
 0.00000000e+00 0.00000000e+00
 0.00000000e+00 0.00000000e+00
 -2.99796304e-02 5.34512355e-02
 -6.74190111e-02 1.14050718e-01
 -1.05100531e-01 1.72138016e-01
 -1.36246190e-01 2.18448362e-01
 -1.59172076e-01 2.44212912e-01
 -1.78534218e-01 2.37946447e-01
 -2.03242758e-01 1.82091875e-01
 -2.43778813e-01 5.27595551e-02
 -3.10748385e-01 -1.76989743e-01
 -4.14301455e-01 -5.32876111e-01
 -5.63368091e-01 -1.03699568e+00
 -7.64855884e-01 -1.70740868e+00
 -1.02376734e+00 -2.55755022e+00
 -1.34411929e+00 -3.59421496e+00
 -1.72947256e+00 -4.81554437e+00
 -2.18269905e+00 -6.21143551e+00
 -2.70577344e+00 -7.76680768e+00
 -3.29999118e+00 -9.46538018e+00
 -3.96608046e+00 -1.12911986e+01
 -4.70377238e+00 -1.32274970e+01
 -5.51104543e+00 -1.52548347e+01
 -6.38335957e+00 -1.73503894e+01
 -7.31285629e+00 -1.94883360e+01
 -8.28731900e+00 -2.16398079e+01
 -9.28886084e+00 -2.37716964e+01
 -1.02928986e+01 -2.58455378e+01
 -1.12686041e+01 -2.78184858e+01
 -1.21817025e+01 -2.96470387e+01
 -1.29989864e+01 -3.12922325e+01
 -1.36926086e+01 -3.27240988e+01
 -1.42425352e+01 -3.39237905e+01
 -1.46370970e+01 -3.48832702e+01
 -1.48726118e+01 -3.56036111e+01
 -1.49527934e+01 -3.60929875e+01
 -1.48880441e+01 -3.63645269e+01
 -1.46941759e+01 -3.64334798e+01
 -1.43896016e+01 -3.63137758e+01
 -1.39909424e+01 -3.60154588e+01
 -1.35091449e+01 -3.55445745e+01
 -1.29483356e+01 -3.49052857e+01
 -1.23071585e+01 -3.41026445e+01
 -1.15807810e+01 -3.31449313e+01
 -1.07626256e+01 -3.20453861e+01
 -9.84618580e+00 -3.08233324e+01
 -8.82752874e+00 -2.95046091e+01
 -7.70848896e+00 -2.81213763e+01
 -6.49983777e+00 -2.67115041e+01
 -5.22340102e+00 -2.53175246e+01
 -3.91220301e+00 -2.39846914e+01
 -2.60801515e+00 -2.27577488e+01
 -1.35641355e+00 -2.16769050e+01
 -2.00630433e-01 -2.07743618e+01
 8.23792323e-01 -2.00724993e+01
 1.69208968e+00 -1.95836255e+01
 2.39096932e+00 -1.93104869e+01
 2.91766364e+00 -1.92472787e+01
 3.27795211e+00 -1.93815467e+01
 3.48333105e+00 -1.96969098e+01
 3.54786600e+00 -2.01757202e+01
 3.48605433e+00 -2.08008049e+01
 3.31245979e+00 -2.15559833e+01
 3.04215134e+00 -2.24255298e+01
 2.69088408e+00 -2.33930188e+01
 2.27564024e+00 -2.44400703e+01
 1.81623666e+00 -2.55455566e+01
 1.33673169e+00 -2.66857591e+01
 8.64680414e-01 -2.78353963e+01
 4.28160778e-01 -2.89687163e+01
 5.25423020e-02 -3.00599802e+01
 -2.41077344e-01 -3.10836755e+01
 -4.35673931e-01 -3.20154219e+01
 -5.17798501e-01 -3.28338683e+01
 -4.77962050e-01 -3.35225529e+01
 -3.11404915e-01 -3.40702636e+01
 -1.77449243e-02 -3.44696564e+01
 4.00930266e-01 -3.47154348e+01
 9.42186107e-01 -3.48034579e+01
 1.60407988e+00 -3.47309446e+01
 2.38438025e+00 -3.44971907e+01
 3.27847756e+00 -3.41045475e+01
 4.27642625e+00 -3.35598661e+01
 5.36019427e+00 -3.28763336e+01
 6.50272488e+00 -3.20748030e+01
 7.66966248e+00 -3.11833604e+01
 8.82320398e+00 -3.02346291e+01
 9.92721526e+00 -2.92615913e+01
 1.09535328e+01 -2.82932402e+01
 1.18890064e+01 -2.73509341e+01
 1.27400873e+01 -2.64460040e+01
 1.35300552e+01 -2.55794767e+01
 1.42881546e+01 -2.47445569e+01
 1.50373488e+01 -2.39310445e+01
 1.57888680e+01 -2.31295219e+01
 1.65448260e+01 -2.23335368e+01
 1.73036783e+01 -2.15396483e+01
 1.80637632e+01 -2.07464056e+01
 1.88242295e+01 -1.99533238e+01
 1.95847847e+01 -1.91602740e+01
 2.03453556e+01 -1.83672294e+01
 2.11059287e+01 -1.75741855e+01
 2.18665010e+01 -1.67811427e+01
 2.26270632e+01 -1.59881104e+01
 2.33875493e+01 -1.51951575e+01
 2.41475826e+01 -1.44026768e+01
 2.49055010e+01 -1.36124012e+01
 2.56556552e+01 -1.28302213e+01
 2.63833693e+01 -1.20714395e+01
 2.70599488e+01 -1.13659754e+01
 2.76445395e+01 -1.07564272e+01
 2.80983486e+01 -1.02832440e+01
 2.80983486e+01 -1.02832440e+01
 2.80983486e+01 -1.02832440e+01
 2.80983486e+01 -1.02832440e+01
 2.80983486e+01 -1.02832440e+01
 2.80983486e+01 -1.02832440e+01
 2.80983486e+01 -1.02832440e+01
 2.80983486e+01 -1.02832440e+01
 2.80983486e+01 -1.02832440e+01
 2.80983486e+01 -1.02832440e+01
 2.80983486e+01 -1.02832440e+01
 2.80983486e+01 -1.02832440e+01
 2.80983486e+01 -1.02832440e+01
 2.80983486e+01 -1.02832440e+01
 2.80983486e+01 -1.02832440e+01
 2.80983486e+01 -1.02832440e+01
 2.80983486e+01 -1.02832440e+01
 2.80983486e+01 -1.02832440e+01
 2.80983486e+01 -1.02832440e+01
 2.80983486e+01 -1.02832440e+01
 2.80983486e+01 -1.02832440e+01
 2.80983486e+01 -1.02832440e+01
 2.80983486e+01 -1.02832440e+01
 2.80983486e+01 -1.02832440e+01
 2.80983486e+01 -1.02832440e+01
 2.80983486e+01 -1.02832440e+01
 2.80983486e+01 -1.02832440e+01
 2.80983486e+01 -1.02832440e+01
 2.80983486e+01 -1.02832440e+01
 2.80983486e+01 -1.02832440e+01
 2.80983486e+01 -1.02832440e+01
 2.80983486e+01 -1.02832440e+01
 2.80983486e+01 -1.02832440e+01
 2.80983486e+01 -1.02832440e+01
 2.80983486e+01 -1.02832440e+01
 2.80983486e+01 -1.02832440e+01
 2.80983486e+01 -1.02832440e+01
 2.80983486e+01 -1.02832440e+01
 2.80983486e+01 -1.02832440e+01
 2.80983486e+01 -1.02832440e+01
 2.80983486e+01 -1.02832440e+01
 2.80983486e+01 -1.02832440e+01
 2.80983486e+01 -1.02832440e+01
 2.80983486e+01 -1.02832440e+01
 2.80983486e+01 -1.02832440e+01
 2.80983486e+01 -1.02832440e+01
 2.80983486e+01 -1.02832440e+01
 2.80983486e+01 -1.02832440e+01
 2.80983486e+01 -1.02832440e+01
