 0.00000000e+00 0.00000000e+00
 0.00000000e+00 0.00000000e+00
 0.00000000e+00 0.00000000e+00
 0.00000000e+00 0.00000000e+00
 0.00000000e+00 0.00000000e+00
 0.00000000e+00 0.00000000e+00
 1.91115531e-02 9.47057572e-02
 3.64569476e-02 2.14650930e-01
 4.08838387e-02 3.51266651e-01
 1.95933618e-02 4.96426904e-01
 -3.84460074e-02 6.45223227e-01
 -1.40450458e-01 7.95822189e-01
 -2.89628341e-01 9.47842286e-01
 -4.86338305e-01 1.10083031e+00
 -7.29621308e-01 1.25343894e+00
 -1.01831980e+00 1.40322382e+00
 -1.35146645e+00 1.54667069e+00
 -1.72791234e+00 1.67908832e+00
 -2.14565908e+00 1.79456112e+00
 -2.60182877e+00 1.88663370e+00
 -3.09367406e+00 1.94968934e+00
 -3.61989290e+00 1.97964144e+00
 -4.18120269e+00 1.97281306e+00
 -4.77994448e+00 1.92407762e+00
 -5.41935181e+00 1.82651312e+00
 -6.10306057e+00 1.67304283e+00
 -6.83471095e+00 1.45824899e+00
 -7.61718493e+00 1.17877472e+00
 -8.45152465e+00 8.32560424e-01
 -9.33603575e+00 4.17990260e-01
 -1.02657654e+01 -6.64655126e-02
 -1.12320661e+01 -6.22008213e-01
 -1.22222388e+01 -1.24862480e+00
 -1.32198068e+01 -1.94383724e+00
 -1.42056859e+01 -2.70203975e+00
 -1.51597391e+01 -3.51526762e+00
 -1.60621811e+01 -4.37489340e+00
 -1.68948603e+01 -5.27275086e+00
 -1.76425434e+01 -6.20090313e+00
 -1.82939368e+01 -7.15065124e+00
 -1.88420646e+01 -8.11179334e+00
 -1.92838582e+01 -9.07252021e+00
 -1.96191239e+01 -1.00195481e+01
 -1.98492370e+01 -1.09380065e+01
 -1.99757237e+01 -1.18113912e+01
 -1.99987330e+01 -1.26223660e+01
 -1.99160046e+01 -1.33543421e+01
 -1.97232931e+01 -1.39927995e+01
 -1.94159444e+01 -1.45257856e+01
 -1.89900674e+01 -1.49441048e+01
 -1.84426041e+01 -1.52416590e+01
 -1.77712433e+01 -1.54153434e+01
 -1.69753381e+01 -1.54636828e+01
 -1.60578837e+01 -1.53849809e+01
 -1.50275571e+01 -1.51771809e+01
 -1.38997420e+01 -1.48402621e+01
 -1.26963400e+01 -1.43792584e+01
 -1.14448961e+01 -1.38055544e+01
 -1.01772344e+01 -1.31360383e+01
 -8.92719990e+00 -1.23909874e+01
 -7.72736496e+00 -1.15913746e+01
 -6.60539462e+00 -1.07560026e+01
 -5.58111647e+00 -9.89907195e+00
 -4.66495692e+00 -9.02889648e+00
 -3.85785272e+00 -8.14823115e+00
 -3.15247008e+00 -7.25622647e+00
 -2.53552843e+00 -6.35133730e+00
 -1.99092523e+00 -5.43399422e+00
 -1.50300063e+00 -4.50825982e+00
 -1.05900744e+00 -3.58262878e+00
 -6.50248256e-01 -2.67031960e+00
 -2.72170845e-01 -1.78884440e+00
 7.59660510e-02 -9.58400846e-01
 3.91658600e-01 -1.99033116e-01
 6.70195254e-01 4.72767624e-01
 9.06266054e-01 1.04671322e+00
 1.09571945e+00 1.51946618e+00
 1.23684698e+00 1.89346571e+00
 1.33073003e+00 2.17485559e+00
 1.38002258e+00 2.37150670e+00
 1.38580233e+00 2.49115411e+00
 1.34410426e+00 2.53885677e+00
 1.24537295e+00 2.51386751e+00
 1.07785787e+00 2.40806547e+00
 8.31950972e-01 2.20794876e+00
 5.02216117e-01 1.89893076e+00
 8.73180740e-02 1.46873464e+00
 -4.10086442e-01 9.08680384e-01
 -9.82813640e-01 2.14294371e-01
 -1.61874051e+00 -6.13319961e-01
 -2.30113737e+00 -1.56564903e+00
 -3.00978000e+00 -2.62602770e+00
 -3.72252895e+00 -3.77111570e+00
 -4.41683166e+00 -4.97390539e+00
 -5.07082403e+00 -6.20632536e+00
 -5.66426673e+00 -7.44040743e+00
 -6.17959899e+00 -8.64893075e+00
 -6.60291749e+00 -9.80695878e+00
 -6.92450335e+00 -1.08941918e+01
 -7.13880952e+00 -1.18966184e+01
 -7.24408241e+00 -1.28063890e+01
 -7.24171601e+00 -1.36203698e+01
 -7.13516557e+00 -1.43384839e+01
 -6.92821400e+00 -1.49622513e+01
 -6.62288242e+00 -1.54931232e+01
 -6.21784971e+00 -1.59304089e+01
 -5.70822681e+00 -1.62696015e+01
 -5.08706861e+00 -1.65023342e+01
 -4.34848053e+00 -1.66182302e+01
 -3.49149315e+00 -1.66076280e+01
 -2.52331015e+00 -1.64640204e+01
 -1.46088227e+00 -1.61858415e+01
 -3.30893000e-01 -1.57777623e+01
 8.31165917e-01 -1.52515468e+01
 1.98280901e+00 -1.46262631e+01
 3.07805460e+00 -1.39274792e+01
 4.07287881e+00 -1.31850233e+01
 4.93154853e+00 -1.24293190e+01
 5.63249194e+00 -1.16871133e+01
 6.17316276e+00 -1.09777578e+01
 6.57287160e+00 -1.03108773e+01
 6.87043322e+00 -9.68606410e+00
 7.11375470e+00 -9.09512524e+00
 7.34433019e+00 -8.52644438e+00
 7.58586608e+00 -7.96950206e+00
 7.84397011e+00 -7.41737681e+00
 8.11426592e+00 -6.86670338e+00
 8.39075049e+00 -6.31630528e+00
 8.66957078e+00 -5.76591494e+00
 8.94906407e+00 -5.21550954e+00
 9.22870708e+00 -4.66509820e+00
 9.50837594e+00 -4.11468552e+00
 9.78804824e+00 -3.56427269e+00
 1.00677205e+01 -3.01386059e+00
 1.03473892e+01 -2.46345574e+00
 1.06270298e+01 -1.91310597e+00
 1.09065039e+01 -1.36308393e+00
 1.11852004e+01 -8.14592399e-01
 1.14610418e+01 -2.71719646e-01
 1.17286318e+01 2.54913590e-01
 1.19774188e+01 7.44541684e-01
 1.21923805e+01 1.16759919e+00
 1.23592519e+01 1.49601243e+00
 1.23592519e+01 1.49601243e+00
 1.23592519e+01 1.49601243e+00
 1.23592519e+01 1.49601243e+00
 1.23592519e+01 1.49601243e+00
 1.23592519e+01 1.49601243e+00
 1.23592519e+01 1.49601243e+00
 1.23592519e+01 1.49601243e+00
 1.23592519e+01 1.49601243e+00
 1.23592519e+01 1.49601243e+00
 1.23592519e+01 1.49601243e+00
 1.23592519e+01 1.49601243e+00
 1.23592519e+01 1.49601243e+00
 1.23592519e+01 1.49601243e+00
 1.23592519e+01 1.49601243e+00
 1.23592519e+01 1.49601243e+00
 1.23592519e+01 1.49601243e+00
 1.23592519e+01 1.49601243e+00
 1.23592519e+01 1.49601243e+00
 1.23592519e+01 1.49601243e+00
 1.23592519e+01 1.49601243e+00
 1.23592519e+01 1.49601243e+00
 1.23592519e+01 1.49601243e+00
 1.23592519e+01 1.49601243e+00
 1.23592519e+01 1.49601243e+00
 1.23592519e+01 1.49601243e+00
 1.23592519e+01 1.49601243e+00
 1.23592519e+01 1.49601243e+00
 1.23592519e+01 1.49601243e+00
 1.23592519e+01 1.49601243e+00
 1.23592519e+01 1.49601243e+00
 1.23592519e+01 1.49601243e+00
 1.23592519e+01 1.49601243e+00
 1.23592519e+01 1.49601243e+00
 1.23592519e+01 1.49601243e+00
 1.23592519e+01 1.49601243e+00
