 0.00000000e+00 0.00000000e+00
 0.00000000e+00 0.00000000e+00
 0.00000000e+00 0.00000000e+00
 0.00000000e+00 0.00000000e+00
 0.00000000e+00 0.00000000e+00
 0.00000000e+00 0.00000000e+00
 0.00000000e+00 0.00000000e+00
 -1.21049908e-01 -4.18566196e-02
 -2.85113727e-01 -1.22226056e-01
 -4.87141274e-01 -2.57023408e-01
 -7.20891113e-01 -4.60112467e-01
 -9.83514869e-01 -7.42725921e-01
 -1.27758529e+00 -1.11449961e+00
 -1.61022840e+00 -1.58407015e+00
 -1.99086434e+00 -2.15843733e+00
 -2.42931579e+00 -2.84235375e+00
 -2.93505734e+00 -3.63921185e+00
 -3.51733653e+00 -4.55319708e+00
 -4.18531102e+00 -5.59102628e+00
 -4.94723485e+00 -6.76190309e+00
 -5.80847011e+00 -8.07576137e+00
 -6.76941980e+00 -9.54091902e+00
 -7.82489935e+00 -1.11622161e+01
 -8.96533952e+00 -1.29398872e+01
 -1.01787956e+01 -1.48686168e+01
 -1.14524013e+01 -1.69361872e+01
 -1.27726989e+01 -1.91219303e+01
 -1.41253180e+01 -2.13960349e+01
 -1.54947664e+01 -2.37207012e+01
 -1.68643198e+01 -2.60531113e+01
 -1.82152738e+01 -2.83490105e+01
 -1.95254273e+01 -3.05653957e+01
 -2.07680788e+01 -3.26618380e+01
 -2.19131269e+01 -3.46014243e+01
 -2.29303443e+01 -3.63525523e+01
 -2.37931291e+01 -3.78915015e+01
 -2.44812042e+01 -3.92043867e+01
 -2.49823825e+01 -4.02872130e+01
 -2.52937789e+01 -4.11440205e+01
 -2.54214261e+01 -4.17841887e+01
 -2.53775294e+01 -4.22200087e+01
 -2.51770953e+01 -4.24647287e+01
 -2.48361332e+01 -4.25305848e+01
 -2.43710186e+01 -4.24268720e+01
 -2.37973124e+01 -4.21590810e+01
 -2.31280194e+01 -4.17298321e+01
 -2.23726952e+01 -4.11410673e+01
 -2.15381291e+01 -4.03964576e+01
 -2.06298996e+01 -3.95033824e+01
 -1.96534472e+01 -3.84741789e+01
 -1.86138985e+01 -3.73265323e+01
 -1.75152429e+01 -3.60831383e+01
 -1.63603142e+01 -3.47709118e+01
 -1.51524344e+01 -3.34199663e+01
 -1.38980857e+01 -3.20625593e+01
 -1.26091009e+01 -3.07320861e+01
 -1.13033542e+01 -2.94619433e+01
 -1.00039284e+01 -2.82839402e+01
 -8.73713456e+00 -2.72262160e+01
 -7.52978519e+00 -2.63112374e+01
 -6.40641225e+00 -2.55547611e+01
 -5.38732276e+00 -2.49660999e+01
 -4.48787141e+00 -2.45492418e+01
 -3.71859095e+00 -2.43044383e+01
 -3.08577915e+00 -2.42302174e+01
 -2.59245866e+00 -2.43250626e+01
 -2.23937200e+00 -2.45873159e+01
 -2.02545955e+00 -2.50132185e+01
 -1.94793547e+00 -2.55948938e+01
 -2.00231834e+00 -2.63196169e+01
 -2.18187909e+00 -2.71699104e+01
 -2.47598872e+00 -2.81237279e+01
 -2.86830155e+00 -2.91550232e+01
 -3.33616056e+00 -3.02352923e+01
 -3.85154809e+00 -3.13358535e+01
 -4.38313516e+00 -3.24299442e+01
 -4.89883383e+00 -3.34938686e+01
 -5.36813194e+00 -3.45071053e+01
 -5.76371930e+00 -3.54519414e+01
 -6.06243620e+00 -3.63133009e+01
 -6.24551278e+00 -3.70787475e+01
 -6.29770422e+00 -3.77379737e+01
 -6.20564953e+00 -3.82814802e+01
 -5.95710880e+00 -3.86992218e+01
 -5.54218784e+00 -3.89803499e+01
 -4.95536371e+00 -3.91144078e+01
 -4.19653676e+00 -3.90932866e+01
 -3.27132362e+00 -3.89128934e+01
 -2.19206700e+00 -3.85741342e+01
 -9.79810453e-01 -3.80838379e+01
 3.34217396e-01 -3.74563420e+01
 1.70957098e+00 -3.67151789e+01
 3.10159648e+00 -3.58929196e+01
 4.47044985e+00 -3.50273941e+01
 5.79072794e+00 -3.41544602e+01
 7.05604005e+00 -3.33000512e+01
 8.27545184e+00 -3.24755932e+01
 9.46464490e+00 -3.16794278e+01
 1.06378209e+01 -3.09029419e+01
 1.18041155e+01 -3.01370712e+01
 1.29680108e+01 -2.93757095e+01
 1.41312282e+01 -2.86158620e+01
 1.52942907e+01 -2.78564166e+01
 1.64573248e+01 -2.70970555e+01
 1.76203546e+01 -2.63377083e+01
 1.87833838e+01 -2.55783630e+01
 1.99464114e+01 -2.48190190e+01
 2.11094236e+01 -2.40596849e+01
 2.22723194e+01 -2.33004269e+01
 2.34345228e+01 -2.25416210e+01
 2.45934922e+01 -2.17849265e+01
 2.57405890e+01 -2.10359837e+01
 2.68533715e+01 -2.03094448e+01
 2.78879617e+01 -1.96339579e+01
 2.87818874e+01 -1.90503112e+01
 2.94758286e+01 -1.85972350e+01
 2.94758286e+01 -1.85972350e+01
 2.94758286e+01 -1.85972350e+01
 2.94758286e+01 -1.85972350e+01
 2.94758286e+01 -1.85972350e+01
 2.94758286e+01 -1.85972350e+01
 2.94758286e+01 -1.85972350e+01
 2.94758286e+01 -1.85972350e+01
 2.94758286e+01 -1.85972350e+01
 2.94758286e+01 -1.85972350e+01
 2.94758286e+01 -1.85972350e+01
 2.94758286e+01 -1.85972350e+01
 2.94758286e+01 -1.85972350e+01
 2.94758286e+01 -1.85972350e+01
 2.94758286e+01 -1.85972350e+01
 2.94758286e+01 -1.85972350e+01
 2.94758286e+01 -1.85972350e+01
 2.94758286e+01 -1.85972350e+01
 2.94758286e+01 -1.85972350e+01
 2.94758286e+01 -1.85972350e+01
 2.94758286e+01 -1.85972350e+01
 2.94758286e+01 -1.85972350e+01
 2.94758286e+01 -1.85972350e+01
 2.94758286e+01 -1.85972350e+01
 2.94758286e+01 -1.85972350e+01
 2.94758286e+01 -1.85972350e+01
 2.94758286e+01 -1.85972350e+01
 2.94758286e+01 -1.85972350e+01
 2.94758286e+01 -1.85972350e+01
 2.94758286e+01 -1.85972350e+01
 2.94758286e+01 -1.85972350e+01
 2.94758286e+01 -1.85972350e+01
 2.94758286e+01 -1.85972350e+01
 2.94758286e+01 -1.85972350e+01
 2.94758286e+01 -1.85972350e+01
 2.94758286e+01 -1.85972350e+01
 2.94758286e+01 -1.85972350e+01
 2.94758286e+01 -1.85972350e+01
 2.94758286e+01 -1.85972350e+01
 2.94758286e+01 -1.85972350e+01
 2.94758286e+01 -1.85972350e+01
 2.94758286e+01 -1.85972350e+01
 2.94758286e+01 -1.85972350e+01
 2.94758286e+01 -1.85972350e+01
 2.94758286e+01 -1.85972350e+01
 2.94758286e+01 -1.85972350e+01
 2.94758286e+01 -1.85972350e+01
