 0.00000000e+00 0.00000000e+00
 0.00000000e+00 0.00000000e+00
 0.00000000e+00 0.00000000e+00
 0.00000000e+00 0.00000000e+00
 -2.13720014e-03 3.32693209e-02
 -8.84594213e-03 6.25404814e-02
 -2.59959059e-02 7.61278248e-02
 -6.22875371e-02 6.26443784e-02
 -1.27333564e-01 1.15248288e-02
 -2.29107266e-01 -8.78120273e-02
 -3.73086861e-01 -2.46450698e-01
 -5.63442501e-01 -4.75611878e-01
 -8.04140708e-01 -7.85792032e-01
 -1.09863534e+00 -1.18595392e+00
 -1.44928341e+00 -1.68333409e+00
 -1.85783831e+00 -2.28397957e+00
 -2.32660583e+00 -2.99351530e+00
 -2.85899907e+00 -3.81773580e+00
 -3.45900116e+00 -4.76312470e+00
 -4.13008623e+00 -5.83735611e+00
 -4.87438924e+00 -7.04922088e+00
 -5.69221922e+00 -8.40718070e+00
 -6.58125978e+00 -9.91642915e+00
 -7.53521007e+00 -1.15755199e+01
 -8.54285229e+00 -1.33742666e+01
 -9.58880768e+00 -1.52938559e+01
 -1.06558356e+01 -1.73084295e+01
 -1.17268486e+01 -1.93865326e+01
 -1.27849012e+01 -2.14917090e+01
 -1.38115872e+01 -2.35830793e+01
 -1.47861830e+01 -2.56171746e+01
 -1.56870698e+01 -2.75511363e+01
 -1.64944135e+01 -2.93459981e+01
 -1.71919570e+01 -3.09688798e+01
 -1.77671456e+01 -3.23942635e+01
 -1.82106474e+01 -3.36051707e+01
 -1.85165605e+01 -3.45942466e+01
 -1.86833500e+01 -3.53637758e+01
 -1.87144209e+01 -3.59237912e+01
 -1.86173746e+01 -3.62885356e+01
 -1.84021161e+01 -3.64726101e+01
 -1.80788369e+01 -3.64883019e+01
 -1.76565909e+01 -3.63446251e+01
 -1.71423055e+01 -3.60474227e+01
 -1.65399562e+01 -3.55997734e+01
 -1.58502916e+01 -3.50029028e+01
 -1.50715355e+01 -3.42582467e+01
 -1.42006281e+01 -3.33703875e+01
 -1.32341061e+01 -3.23493935e+01
 -1.21683515e+01 -3.12112407e+01
 -1.09999121e+01 -2.99764174e+01
 -9.72691974e+00 -2.86680671e+01
 -8.35195579e+00 -2.73109910e+01
 -6.88547708e+00 -2.59318071e+01
 -5.34810543e+00 -2.45596434e+01
 -3.77051534e+00 -2.32264972e+01
 -2.19108839e+00 -2.19666374e+01
 -6.52526699e-01 -2.08148979e+01
 8.01727957e-01 -1.98043134e+01
 2.13119805e+00 -1.89640242e+01
 3.30195577e+00 -1.83182376e+01
 4.28913580e+00 -1.78860325e+01
 5.07759842e+00 -1.76806891e+01
 5.66108465e+00 -1.77075608e+01
 6.04085913e+00 -1.79615758e+01
 6.22450466e+00 -1.84269246e+01
 6.22508893e+00 -1.90799326e+01
 6.06059459e+00 -1.98930808e+01
 5.75302192e+00 -2.08375137e+01
 5.32677663e+00 -2.18837349e+01
 4.80708399e+00 -2.30021714e+01
 4.21945319e+00 -2.41646508e+01
 3.58989797e+00 -2.53460421e+01
 2.94463159e+00 -2.65247715e+01
 2.30882942e+00 -2.76819931e+01
 1.70550508e+00 -2.88003001e+01
 1.15542364e+00 -2.98629254e+01
 6.77482363e-01 -3.08537787e+01
 2.88365505e-01 -3.17581278e+01
 1.36447442e-03 -3.25634229e+01
 -1.74458782e-01 -3.32596835e+01
 -2.33583121e-01 -3.38391268e+01
 -1.71965768e-01 -3.42951804e+01
 1.48847352e-02 -3.46213389e+01
 3.32539586e-01 -3.48103000e+01
 7.87424082e-01 -3.48535940e+01
 1.38653701e+00 -3.47418252e+01
 2.13680860e+00 -3.44657889e+01
 3.04351321e+00 -3.40187072e+01
 4.10806738e+00 -3.33992208e+01
 5.32591141e+00 -3.26141534e+01
 6.68480860e+00 -3.16801775e+01
 8.16380286e+00 -3.06241434e+01
 9.73298936e+00 -2.94821754e+01
 1.13538718e+01 -2.82975367e+01
 1.29803102e+01 -2.71172535e+01
 1.45608835e+01 -2.59879162e+01
 1.60434644e+01 -2.49514668e+01
 1.73817169e+01 -2.40415247e+01
 1.85425406e+01 -2.32799946e+01
 1.95136244e+01 -2.26731382e+01
 2.03093542e+01 -2.22074362e+01
 2.09705637e+01 -2.18488834e+01
 2.15534482e+01 -2.15508274e+01
 2.21102571e+01 -2.12696306e+01
 2.26734140e+01 -2.09784950e+01
 2.32530724e+01 -2.06699398e+01
 2.38460349e+01 -2.03480249e+01
 2.44460141e+01 -2.00191715e+01
 2.50486967e+01 -1.96876596e+01
 2.56521682e+01 -1.93553736e+01
 2.62558167e+01 -1.90229139e+01
 2.68594959e+01 -1.86904241e+01
 2.74631791e+01 -1.83579303e+01
 2.80668620e+01 -1.80254365e+01
 2.86705370e+01 -1.76929470e+01
 2.92741516e+01 -1.73604908e+01
 2.98774067e+01 -1.70282326e+01
 3.04789831e+01 -1.66968990e+01
 3.10743970e+01 -1.63689595e+01
 3.16519997e+01 -1.60508300e+01
 3.21890157e+01 -1.57550547e+01
 3.26530182e+01 -1.54994934e+01
 3.30132165e+01 -1.53011050e+01
 3.30132165e+01 -1.53011050e+01
 3.30132165e+01 -1.53011050e+01
 3.30132165e+01 -1.53011050e+01
 3.30132165e+01 -1.53011050e+01
 3.30132165e+01 -1.53011050e+01
 3.30132165e+01 -1.53011050e+01
 3.30132165e+01 -1.53011050e+01
 3.30132165e+01 -1.53011050e+01
 3.30132165e+01 -1.53011050e+01
 3.30132165e+01 -1.53011050e+01
 3.30132165e+01 -1.53011050e+01
 3.30132165e+01 -1.53011050e+01
 3.30132165e+01 -1.53011050e+01
 3.30132165e+01 -1.53011050e+01
 3.30132165e+01 -1.53011050e+01
 3.30132165e+01 -1.53011050e+01
 3.30132165e+01 -1.53011050e+01
 3.30132165e+01 -1.53011050e+01
 3.30132165e+01 -1.53011050e+01
 3.30132165e+01 -1.53011050e+01
 3.30132165e+01 -1.53011050e+01
 3.30132165e+01 -1.53011050e+01
 3.30132165e+01 -1.53011050e+01
 3.30132165e+01 -1.53011050e+01
 3.30132165e+01 -1.53011050e+01
 3.30132165e+01 -1.53011050e+01
 3.30132165e+01 -1.53011050e+01
 3.30132165e+01 -1.53011050e+01
 3.30132165e+01 -1.53011050e+01
 3.30132165e+01 -1.53011050e+01
 3.30132165e+01 -1.53011050e+01
 3.30132165e+01 -1.53011050e+01
 3.30132165e+01 -1.53011050e+01
 3.30132165e+01 -1.53011050e+01
 3.30132165e+01 -1.53011050e+01
 3.30132165e+01 -1.53011050e+01
 3.30132165e+01 -1.53011050e+01
 3.30132165e+01 -1.53011050e+01
