 0.00000000e+00 0.00000000e+00
 0.00000000e+00 0.00000000e+00
 0.00000000e+00 0.00000000e+00
 0.00000000e+00 0.00000000e+00
 -1.15706914e-03 4.03215037e-02
 -4.72638814e-03 9.39228686e-02
 -1.37570020e-02 1.54414227e-01
 -3.29109172e-02 2.13743837e-01
 -6.79278277e-02 2.64553686e-01
 -1.24859073e-01 2.99661438e-01
 -2.09705100e-01 3.09723518e-01
 -3.28622049e-01 2.81222340e-01
 -4.88507984e-01 1.95720745e-01
 -6.97668676e-01 3.06312728e-02
 -9.66078272e-01 -2.38527488e-01
 -1.30491931e+00 -6.35141730e-01
 -1.72559034e+00 -1.17875407e+00
 -2.23840628e+00 -1.88300061e+00
 -2.85097116e+00 -2.75449489e+00
 -3.56649917e+00 -3.79300902e+00
 -4.38288184e+00 -4.99275599e+00
 -5.29309611e+00 -6.34387881e+00
 -6.28659130e+00 -7.83351067e+00
 -7.35052934e+00 -9.44654985e+00
 -8.47011088e+00 -1.11664137e+01
 -9.62853132e+00 -1.29756380e+01
 -1.08078743e+01 -1.48561723e+01
 -1.19913829e+01 -1.67896093e+01
 -1.31660131e+01 -1.87577043e+01
 -1.43236775e+01 -2.07430227e+01
 -1.54604657e+01 -2.27289982e+01
 -1.65743523e+01 -2.46990584e+01
 -1.76624014e+01 -2.66355496e+01
 -1.87181939e+01 -2.85193751e+01
 -1.97299087e+01 -3.03301966e+01
 -2.06795211e+01 -3.20464077e+01
 -2.15435519e+01 -3.36448725e+01
 -2.22954743e+01 -3.51014582e+01
 -2.29093742e+01 -3.63932094e+01
 -2.33639241e+01 -3.75016781e+01
 -2.36455689e+01 -3.84157478e+01
 -2.37502047e+01 -3.91324604e+01
 -2.36830510e+01 -3.96556728e+01
 -2.34567115e+01 -3.99934876e+01
 -2.30879630e+01 -4.01556326e+01
 -2.25942762e+01 -4.01516058e+01
 -2.19908099e+01 -3.99897652e+01
 -2.12881370e+01 -3.96769740e+01
 -2.04910044e+01 -3.92184936e+01
 -1.95984774e+01 -3.86183840e+01
 -1.86053206e+01 -3.78807892e+01
 -1.75040928e+01 -3.70119584e+01
 -1.62877519e+01 -3.60223463e+01
 -1.49529142e+01 -3.49281430e+01
 -1.35036801e+01 -3.37520873e+01
 -1.19553551e+01 -3.25238327e+01
 -1.03368834e+01 -3.12798100e+01
 -8.69078851e+00 -3.00619414e+01
 -7.07010176e+00 -2.89147889e+01
 -5.53269726e+00 -2.78817395e+01
 -4.13426035e+00 -2.70015103e+01
 -2.92174089e+00 -2.63058653e+01
 -1.92894157e+00 -2.58183065e+01
 -1.17463601e+00 -2.55529102e+01
 -6.62621691e-01 -2.55132886e+01
 -3.83280831e-01 -2.56925968e+01
 -3.16507735e-01 -2.60750450e+01
 -4.35422695e-01 -2.66382528e+01
 -7.09893821e-01 -2.73554018e+01
 -1.10909458e+00 -2.81965344e+01
 -1.60265455e+00 -2.91291485e+01
 -2.16032770e+00 -3.01191407e+01
 -2.75087802e+00 -3.11330174e+01
 -3.34154230e+00 -3.21408546e+01
 -3.89909283e+00 -3.31184647e+01
 -4.39242930e+00 -3.40478624e+01
 -4.79571884e+00 -3.49164558e+01
 -5.09075533e+00 -3.57159170e+01
 -5.26736782e+00 -3.64412589e+01
 -5.32167278e+00 -3.70900137e+01
 -5.25366002e+00 -3.76612491e+01
 -5.06623209e+00 -3.81544972e+01
 -4.76595415e+00 -3.85690195e+01
 -4.36364747e+00 -3.89037119e+01
 -3.87358704e+00 -3.91573993e+01
 -3.31209517e+00 -3.93289574e+01
 -2.69658258e+00 -3.94171895e+01
 -2.04492866e+00 -3.94211164e+01
 -1.37477687e+00 -3.93410587e+01
 -7.02853905e-01 -3.91798149e+01
 -4.44644098e-02 -3.89429590e+01
 5.87116406e-01 -3.86381684e+01
 1.18164632e+00 -3.82742491e+01
 1.73307329e+00 -3.78604846e+01
 2.24014606e+00 -3.74065951e+01
 2.70594255e+00 -3.69232966e+01
 3.13646253e+00 -3.64229466e+01
 3.53898532e+00 -3.59190906e+01
 3.92082252e+00 -3.54239893e+01
 4.28858385e+00 -3.49451211e+01
 4.64772477e+00 -3.44834041e+01
 5.00224866e+00 -3.40347971e+01
 5.35466819e+00 -3.35938391e+01
 5.70628940e+00 -3.31563467e+01
 6.05766271e+00 -3.27200813e+01
 6.40897377e+00 -3.22841559e+01
 6.76027230e+00 -3.18483044e+01
 7.11156881e+00 -3.14124654e+01
 7.46286503e+00 -3.09766280e+01
 7.81416075e+00 -3.05407915e+01
 8.16545184e+00 -3.01049607e+01
 8.51670776e+00 -2.96691736e+01
 8.86775452e+00 -2.92336459e+01
 9.21782445e+00 -2.87993302e+01
 9.56430824e+00 -2.83694636e+01
 9.90042730e+00 -2.79524560e+01
 1.02129282e+01 -2.75647505e+01
 1.04829409e+01 -2.72297581e+01
 1.06925478e+01 -2.69697084e+01
 1.06925478e+01 -2.69697084e+01
 1.06925478e+01 -2.69697084e+01
 1.06925478e+01 -2.69697084e+01
 1.06925478e+01 -2.69697084e+01
 1.06925478e+01 -2.69697084e+01
 1.06925478e+01 -2.69697084e+01
 1.06925478e+01 -2.69697084e+01
 1.06925478e+01 -2.69697084e+01
 1.06925478e+01 -2.69697084e+01
 1.06925478e+01 -2.69697084e+01
 1.06925478e+01 -2.69697084e+01
 1.06925478e+01 -2.69697084e+01
 1.06925478e+01 -2.69697084e+01
 1.06925478e+01 -2.69697084e+01
 1.06925478e+01 -2.69697084e+01
 1.06925478e+01 -2.69697084e+01
 1.06925478e+01 -2.69697084e+01
 1.06925478e+01 -2.69697084e+01
 1.06925478e+01 -2.69697084e+01
 1.06925478e+01 -2.69697084e+01
 1.06925478e+01 -2.69697084e+01
 1.06925478e+01 -2.69697084e+01
 1.06925478e+01 -2.69697084e+01
 1.06925478e+01 -2.69697084e+01
 1.06925478e+01 -2.69697084e+01
 1.06925478e+01 -2.69697084e+01
 1.06925478e+01 -2.69697084e+01
 1.06925478e+01 -2.69697084e+01
 1.06925478e+01 -2.69697084e+01
 1.06925478e+01 -2.69697084e+01
 1.06925478e+01 -2.69697084e+01
 1.06925478e+01 -2.69697084e+01
 1.06925478e+01 -2.69697084e+01
 1.06925478e+01 -2.69697084e+01
 1.06925478e+01 -2.69697084e+01
 1.06925478e+01 -2.69697084e+01
 1.06925478e+01 -2.69697084e+01
 1.06925478e+01 -2.69697084e+01
 1.06925478e+01 -2.69697084e+01
 1.06925478e+01 -2.69697084e+01
 1.06925478e+01 -2.69697084e+01
 1.06925478e+01 -2.69697084e+01
 1.06925478e+01 -2.69697084e+01
