 0.00000000e+00 0.00000000e+00
 0.00000000e+00 0.00000000e+00
 0.00000000e+00 0.00000000e+00
 0.00000000e+00 0.00000000e+00
 -2.42295576e-02 1.16372776e-01
 -5.53252606e-02 2.57291765e-01
 -9.06798064e-02 4.05262831e-01
 -1.28990364e-01 5.41450701e-01
 -1.72049884e-01 6.50398659e-01
 -2.25117497e-01 7.21138609e-01
 -2.95887257e-01 7.45299244e-01
 -3.92326399e-01 7.14054866e-01
 -5.20689436e-01 6.16422407e-01
 -6.85110492e-01 4.40246759e-01
 -8.88502709e-01 1.74225136e-01
 -1.13371371e+00 -1.91582000e-01
 -1.42470883e+00 -6.66867083e-01
 -1.76780223e+00 -1.26207947e+00
 -2.17236589e+00 -1.98840058e+00
 -2.65054302e+00 -2.85708697e+00
 -3.21624880e+00 -3.87884078e+00
 -3.88396743e+00 -5.06365801e+00
 -4.66735402e+00 -6.42118788e+00
 -5.57725221e+00 -7.96084189e+00
 -6.61908724e+00 -9.69045484e+00
 -7.79038147e+00 -1.16130867e+01
 -9.07939042e+00 -1.37230451e+01
 -1.04652223e+01 -1.60029720e+01
 -1.19191414e+01 -1.84231945e+01
 -1.34067687e+01 -2.09432651e+01
 -1.48910982e+01 -2.35149443e+01
 -1.63360081e+01 -2.60860637e+01
 -1.77095354e+01 -2.86050605e+01
 -1.89862535e+01 -3.10258972e+01
 -2.01486197e+01 -3.33125037e+01
 -2.11874812e+01 -3.54413907e+01
 -2.21017064e+01 -3.74015890e+01
 -2.28967156e+01 -3.91923566e+01
 -2.35820454e+01 -4.08197466e+01
 -2.41686194e+01 -4.22926738e+01
 -2.46665660e+01 -4.36189098e+01
 -2.50841570e+01 -4.48021776e+01
 -2.54277960e+01 -4.58417145e+01
 -2.57022603e+01 -4.67341349e+01
 -2.59103020e+01 -4.74756006e+01
 -2.60513959e+01 -4.80623823e+01
 -2.61203074e+01 -4.84897374e+01
 -2.61067330e+01 -4.87506031e+01
 -2.59969499e+01 -4.88355422e+01
 -2.57767792e+01 -4.87341825e+01
 -2.54336490e+01 -4.84373479e+01
 -2.49565131e+01 -4.79389348e+01
 -2.43349299e+01 -4.72371922e+01
 -2.35592225e+01 -4.63357947e+01
 -2.26218502e+01 -4.52452080e+01
 -2.15187938e+01 -4.39841211e+01
 -2.02502786e+01 -4.25799372e+01
 -1.88212143e+01 -4.10674886e+01
 -1.72420121e+01 -3.94860943e+01
 -1.55300275e+01 -3.78760118e+01
 -1.37112179e+01 -3.62756729e+01
 -1.18210916e+01 -3.47205244e+01
 -9.90410637e+00 -3.32431014e+01
 -8.01142245e+00 -3.18732192e+01
 -6.19746070e+00 -3.06374712e+01
 -4.51554226e+00 -2.95581024e+01
 -3.01278473e+00 -2.86521625e+01
 -1.72522733e+00 -2.79319708e+01
 -6.74965705e-01 -2.74069340e+01
 1.29626679e-01 -2.70854252e+01
 6.91276444e-01 -2.69751881e+01
 1.02034906e+00 -2.70818964e+01
 1.13184073e+00 -2.74069273e+01
 1.04389014e+00 -2.79456701e+01
 7.78165299e-01 -2.86866611e+01
 3.60739020e-01 -2.96109725e+01
 -1.78198024e-01 -3.06917031e+01
 -8.05288955e-01 -3.18943205e+01
 -1.48425877e+00 -3.31786592e+01
 -2.17599214e+00 -3.45024334e+01
 -2.84019248e+00 -3.58251944e+01
 -3.43901209e+00 -3.71115711e+01
 -3.94111536e+00 -3.83332273e+01
 -4.32420762e+00 -3.94694858e+01
 -4.57533637e+00 -4.05067822e+01
 -4.69006001e+00 -4.14373702e+01
 -4.67189465e+00 -4.22579201e+01
 -4.53165861e+00 -4.29684037e+01
 -4.28500067e+00 -4.35711490e+01
 -3.94805320e+00 -4.40697217e+01
 -3.53369488e+00 -4.44674758e+01
 -3.05049057e+00 -4.47659316e+01
 -2.50363269e+00 -4.49634029e+01
 -1.89581869e+00 -4.50543543e+01
 -1.22712842e+00 -4.50297622e+01
 -4.94821927e-01 -4.48784779e+01
 3.05454105e-01 -4.45894441e+01
 1.17688212e+00 -4.41544860e+01
 2.11863434e+00 -4.35711450e+01
 3.12444950e+00 -4.28449608e+01
 4.18252173e+00 -4.19910463e+01
 5.27576191e+00 -4.10350414e+01
 6.38256686e+00 -4.00125256e+01
 7.47973301e+00 -3.89645884e+01
 8.54830393e+00 -3.79285219e+01
 9.57958625e+00 -3.69274430e+01
 1.05765998e+01 -3.59659919e+01
 1.15495828e+01 -3.50352978e+01
 1.25094040e+01 -3.41225338e+01
 1.34635509e+01 -3.32178412e+01
 1.44157681e+01 -3.23159823e+01
 1.53674677e+01 -3.14149022e+01
 1.63190580e+01 -3.05139898e+01
 1.72706300e+01 -2.96131057e+01
 1.82221996e+01 -2.87122255e+01
 1.91737676e+01 -2.78113469e+01
 2.01253231e+01 -2.69104802e+01
 2.10767833e+01 -2.60097036e+01
 2.20276770e+01 -2.51094635e+01
 2.29759246e+01 -2.42117283e+01
 2.39144584e+01 -2.33231897e+01
 2.48249168e+01 -2.24612308e+01
 2.56713997e+01 -2.16598395e+01
 2.64027935e+01 -2.09674066e+01
 2.69705636e+01 -2.04298812e+01
 2.69705636e+01 -2.04298812e+01
 2.69705636e+01 -2.04298812e+01
 2.69705636e+01 -2.04298812e+01
 2.69705636e+01 -2.04298812e+01
 2.69705636e+01 -2.04298812e+01
 2.69705636e+01 -2.04298812e+01
 2.69705636e+01 -2.04298812e+01
 2.69705636e+01 -2.04298812e+01
 2.69705636e+01 -2.04298812e+01
 2.69705636e+01 -2.04298812e+01
 2.69705636e+01 -2.04298812e+01
 2.69705636e+01 -2.04298812e+01
 2.69705636e+01 -2.04298812e+01
 2.69705636e+01 -2.04298812e+01
 2.69705636e+01 -2.04298812e+01
 2.69705636e+01 -2.04298812e+01
 2.69705636e+01 -2.04298812e+01
 2.69705636e+01 -2.04298812e+01
 2.69705636e+01 -2.04298812e+01
 2.69705636e+01 -2.04298812e+01
 2.69705636e+01 -2.04298812e+01
 2.69705636e+01 -2.04298812e+01
 2.69705636e+01 -2.04298812e+01
 2.69705636e+01 -2.04298812e+01
 2.69705636e+01 -2.04298812e+01
 2.69705636e+01 -2.04298812e+01
 2.69705636e+01 -2.04298812e+01
 2.69705636e+01 -2.04298812e+01
 2.69705636e+01 -2.04298812e+01
 2.69705636e+01 -2.04298812e+01
 2.69705636e+01 -2.04298812e+01
 2.69705636e+01 -2.04298812e+01
 2.69705636e+01 -2.04298812e+01
 2.69705636e+01 -2.04298812e+01
 2.69705636e+01 -2.04298812e+01
 2.69705636e+01 -2.04298812e+01
 2.69705636e+01 -2.04298812e+01
