 0.00000000e+00 0.00000000e+00
 0.00000000e+00 0.00000000e+00
 0.00000000e+00 0.00000000e+00
 0.00000000e+00 0.00000000e+00
 0.00000000e+00 0.00000000e+00
 0.00000000e+00 0.00000000e+00
 4.68818437e-02 1.64928123e-01
 8.74154171e-02 3.65220416e-01
 1.05931482e-01 5.77161250e-01
 8.93773637e-02 7.75467392e-01
 2.93484097e-02 9.38519946e-01
 -7.88316336e-02 1.04797095e+00
 -2.38393607e-01 1.08579415e+00
 -4.53141162e-01 1.03236806e+00
 -7.27848584e-01 8.66783864e-01
 -1.06708302e+00 5.68700698e-01
 -1.47395602e+00 1.20490521e-01
 -1.94985023e+00 -4.91501211e-01
 -2.49491450e+00 -1.27711668e+00
 -3.10894325e+00 -2.24349388e+00
 -3.79258711e+00 -3.39616155e+00
 -4.54864663e+00 -4.73960334e+00
 -5.38295541e+00 -6.27732019e+00
 -6.30457864e+00 -8.01143435e+00
 -7.32510415e+00 -9.94175403e+00
 -8.45647529e+00 -1.20642781e+01
 -9.70718272e+00 -1.43691380e+01
 -1.10779123e+01 -1.68379938e+01
 -1.25583108e+01 -1.94413009e+01
 -1.41255045e+01 -2.21364897e+01
 -1.57438629e+01 -2.48682713e+01
 -1.73658011e+01 -2.75717018e+01
 -1.89344550e+01 -3.01777423e+01
 -2.03889638e+01 -3.26201991e+01
 -2.16715138e+01 -3.48422487e+01
 -2.27339808e+01 -3.68008056e+01
 -2.35423203e+01 -3.84681313e+01
 -2.40780638e+01 -3.98313367e+01
 -2.43373604e+01 -4.08906163e+01
 -2.43287262e+01 -4.16563290e+01
 -2.40703738e+01 -4.21446992e+01
 -2.35866759e+01 -4.23728779e+01
 -2.29032141e+01 -4.23553618e+01
 -2.20418131e+01 -4.21031800e+01
 -2.10181009e+01 -4.16251226e+01
 -1.98426237e+01 -4.09295597e+01
 -1.85242474e+01 -4.00265826e+01
 -1.70737232e+01 -3.89306313e+01
 -1.55059576e+01 -3.76628025e+01
 -1.38407262e+01 -3.62517026e+01
 -1.21024532e+01 -3.47327134e+01
 -1.03198249e+01 -3.31464758e+01
 -8.52543884e+00 -3.15373723e+01
 -6.75505996e+00 -2.99521470e+01
 -5.04615075e+00 -2.84382222e+01
 -3.43594050e+00 -2.70412988e+01
 -1.95939163e+00 -2.58025856e+01
 -6.47017859e-01 -2.47568263e+01
 4.77354261e-01 -2.39319256e+01
 1.39818756e+00 -2.33493574e+01
 2.10874666e+00 -2.30236936e+01
 2.61100250e+00 -2.29609320e+01
 2.91523633e+00 -2.31570525e+01
 3.03858574e+00 -2.35980534e+01
 3.00227577e+00 -2.42612162e+01
 2.82903178e+00 -2.51164985e+01
 2.54209487e+00 -2.61274137e+01
 2.16541486e+00 -2.72520152e+01
 1.72388323e+00 -2.84453617e+01
 1.24319325e+00 -2.96637771e+01
 7.49327858e-01 -3.08692113e+01
 2.67567874e-01 -3.20314898e+01
 -1.78914975e-01 -3.31279264e+01
 -5.70368369e-01 -3.41417579e+01
 -8.91190357e-01 -3.50611472e+01
 -1.13025858e+00 -3.58791665e+01
 -1.28113555e+00 -3.65939834e+01
 -1.34156472e+00 -3.72085190e+01
 -1.31179876e+00 -3.77295801e+01
 -1.19307870e+00 -3.81669444e+01
 -9.88054081e-01 -3.85328239e+01
 -7.02647245e-01 -3.88416125e+01
 -3.47083214e-01 -3.91092942e+01
 6.49132729e-02 -3.93520383e+01
 5.17574393e-01 -3.95841712e+01
 9.93897942e-01 -3.98161156e+01
 1.47600126e+00 -4.00528898e+01
 1.94596621e+00 -4.02935959e+01
 2.38734004e+00 -4.05318945e+01
 2.78657554e+00 -4.07568174e+01
 3.13408926e+00 -4.09530050e+01
 3.42557987e+00 -4.11000391e+01
 3.66395772e+00 -4.11718917e+01
 3.86061841e+00 -4.11388804e+01
 4.03389671e+00 -4.09744692e+01
 4.20372947e+00 -4.06666375e+01
 4.38418855e+00 -4.02288803e+01
 4.57806387e+00 -3.97022358e+01
 4.77772592e+00 -3.91424158e+01
 4.97219201e+00 -3.85972860e+01
 5.15476528e+00 -3.80901358e+01
 5.32546925e+00 -3.76198484e+01
 5.48823169e+00 -3.71735275e+01
 5.64709643e+00 -3.67387129e+01
 5.80451111e+00 -3.63081107e+01
 5.96151087e+00 -3.58786999e+01
 6.11841866e+00 -3.54495509e+01
 6.27531061e+00 -3.50204469e+01
 6.43220041e+00 -3.45913488e+01
 6.58908978e+00 -3.41622520e+01
 6.74597706e+00 -3.37331608e+01
 6.90284864e+00 -3.33041127e+01
 7.05962680e+00 -3.28753200e+01
 7.21596871e+00 -3.24477204e+01
 7.37070905e+00 -3.20245013e+01
 7.52082047e+00 -3.16139423e+01
 7.66038396e+00 -3.12322322e+01
 7.78097218e+00 -3.09024201e+01
 7.87458302e+00 -3.06463918e+01
 7.87458302e+00 -3.06463918e+01
 7.87458302e+00 -3.06463918e+01
 7.87458302e+00 -3.06463918e+01
 7.87458302e+00 -3.06463918e+01
 7.87458302e+00 -3.06463918e+01
 7.87458302e+00 -3.06463918e+01
 7.87458302e+00 -3.06463918e+01
 7.87458302e+00 -3.06463918e+01
 7.87458302e+00 -3.06463918e+01
 7.87458302e+00 -3.06463918e+01
 7.87458302e+00 -3.06463918e+01
 7.87458302e+00 -3.06463918e+01
 7.87458302e+00 -3.06463918e+01
 7.87458302e+00 -3.06463918e+01
 7.87458302e+00 -3.06463918e+01
 7.87458302e+00 -3.06463918e+01
 7.87458302e+00 -3.06463918e+01
 7.87458302e+00 -3.06463918e+01
 7.87458302e+00 -3.06463918e+01
 7.87458302e+00 -3.06463918e+01
 7.87458302e+00 -3.06463918e+01
 7.87458302e+00 -3.06463918e+01
 7.87458302e+00 -3.06463918e+01
 7.87458302e+00 -3.06463918e+01
 7.87458302e+00 -3.06463918e+01
 7.87458302e+00 -3.06463918e+01
 7.87458302e+00 -3.06463918e+01
 7.87458302e+00 -3.06463918e+01
 7.87458302e+00 -3.06463918e+01
 7.87458302e+00 -3.06463918e+01
 7.87458302e+00 -3.06463918e+01
 7.87458302e+00 -3.06463918e+01
 7.87458302e+00 -3.06463918e+01
 7.87458302e+00 -3.06463918e+01
 7.87458302e+00 -3.06463918e+01
 7.87458302e+00 -3.06463918e+01
 7.87458302e+00 -3.06463918e+01
 7.87458302e+00 -3.06463918e+01
 7.87458302e+00 -3.06463918e+01
 7.87458302e+00 -3.06463918e+01
 7.87458302e+00 -3.06463918e+01
 7.87458302e+00 -3.06463918e+01
 7.87458302e+00 -3.06463918e+01
