 0.00000000e+00 0.00000000e+00
 0.00000000e+00 0.00000000e+00
 0.00000000e+00 0.00000000e+00
 0.00000000e+00 0.00000000e+00
 2.37395139e-02 1.85441835e-01
 4.48624855e-02 4.25392727e-01
 5.97735930e-02 7.03858754e-01
 6.83127248e-02 1.00324139e+00
 7.29769191e-02 1.30982224e+00
 7.72256435e-02 1.61384863e+00
 8.42958243e-02 1.90687047e+00
 9.59742933e-02 2.17972550e+00
 1.10394090e-01 2.42188177e+00
 1.19405433e-01 2.62056093e+00
 1.06862779e-01 2.75817710e+00
 4.83017607e-02 2.80859274e+00
 -8.81323202e-02 2.73446454e+00
 -3.39340305e-01 2.48780490e+00
 -7.43724409e-01 2.01409108e+00
 -1.33738116e+00 1.25861454e+00
 -2.15036664e+00 1.73372192e-01
 -3.20247909e+00 -1.27670543e+00
 -4.49861817e+00 -3.10858998e+00
 -6.02502390e+00 -5.31695306e+00
 -7.74803379e+00 -7.87149461e+00
 -9.61643529e+00 -1.07176562e+01
 -1.15673811e+01 -1.37822701e+01
 -1.35343597e+01 -1.69831923e+01
 -1.54548968e+01 -2.02395298e+01
 -1.72763820e+01 -2.34789857e+01
 -1.89597685e+01 -2.66410084e+01
 -2.04813987e+01 -2.96768429e+01
 -2.18327139e+01 -3.25482800e+01
 -2.30172518e+01 -3.52259679e+01
 -2.40451490e+01 -3.76873629e+01
 -2.49269242e+01 -3.99146949e+01
 -2.56689267e+01 -4.18937139e+01
 -2.62715922e+01 -4.36134571e+01
 -2.67298279e+01 -4.50663812e+01
 -2.70342934e+01 -4.62480327e+01
 -2.71730772e+01 -4.71560079e+01
 -2.71337958e+01 -4.77886384e+01
 -2.69057689e+01 -4.81441952e+01
 -2.64815345e+01 -4.82211924e+01
 -2.58573671e+01 -4.80195571e+01
 -2.50332178e+01 -4.75417372e+01
 -2.40126782e+01 -4.67930732e+01
 -2.28030667e+01 -4.57818487e+01
 -2.14153515e+01 -4.45201634e+01
 -1.98639280e+01 -4.30261213e+01
 -1.81667901e+01 -4.13263212e+01
 -1.63464757e+01 -3.94571045e+01
 -1.44314534e+01 -3.74641089e+01
 -1.24571915e+01 -3.54008423e+01
 -1.04663300e+01 -3.33267738e+01
 -8.50768341e+00 -3.13046394e+01
 -6.63384376e+00 -2.93965780e+01
 -4.89711357e+00 -2.76593839e+01
 -3.34402058e+00 -2.61399025e+01
 -2.00972990e+00 -2.48718184e+01
 -9.14182883e-01 -2.38745286e+01
 -6.11038987e-02 -2.31540111e+01
 5.60116057e-01 -2.27051309e+01
 9.70463149e-01 -2.25145663e+01
 1.19650903e+00 -2.25635836e+01
 1.26594267e+00 -2.28304599e+01
 1.20402884e+00 -2.32927485e+01
 1.03121231e+00 -2.39290620e+01
 7.62189193e-01 -2.47195013e+01
 4.06800120e-01 -2.56445277e+01
 -2.74900899e-02 -2.66834318e+01
 -5.32671096e-01 -2.78139069e+01
 -1.09822367e+00 -2.90131312e+01
 -1.71063652e+00 -3.02593407e+01
 -2.35371353e+00 -3.15323774e+01
 -3.00865966e+00 -3.28124738e+01
 -3.65379256e+00 -3.40780573e+01
 -4.26473484e+00 -3.53043921e+01
 -4.81572683e+00 -3.64643932e+01
 -5.28141574e+00 -3.75312767e+01
 -5.63790764e+00 -3.84814100e+01
 -5.86289486e+00 -3.92959404e+01
 -5.93600322e+00 -3.99609513e+01
 -5.84038238e+00 -4.04667089e+01
 -5.56477197e+00 -4.08066713e+01
 -5.10396350e+00 -4.09767696e+01
 -4.45707146e+00 -4.09752528e+01
 -3.62577144e+00 -4.08030217e+01
 -2.61492201e+00 -4.04642085e+01
 -1.43571188e+00 -3.99671804e+01
 -1.09549128e-01 -3.93264674e+01
 1.32946074e+00 -3.85653420e+01
 2.83476652e+00 -3.77174717e+01
 4.35025413e+00 -3.68259831e+01
 5.81493470e+00 -3.59398230e+01
 7.16893344e+00 -3.51089952e+01
 8.36019884e+00 -3.43805998e+01
 9.35041179e+00 -3.37965358e+01
 1.01182906e+01 -3.33921870e+01
 1.06595372e+01 -3.31946001e+01
 1.09839533e+01 -3.32195131e+01
 1.11110875e+01 -3.34686039e+01
 1.10662813e+01 -3.39291127e+01
 1.08784947e+01 -3.45760172e+01
 1.05795061e+01 -3.53745367e+01
 1.02030836e+01 -3.62812525e+01
 9.78381904e+00 -3.72448911e+01
 9.35635921e+00 -3.82090202e+01
 8.95516477e+00 -3.91169788e+01
 8.61398063e+00 -3.99166990e+01
 8.36424171e+00 -4.05630712e+01
 8.23226455e+00 -4.10187499e+01
 8.23525052e+00 -4.12575432e+01
 8.37590632e+00 -4.12734508e+01
 8.63694760e+00 -4.10918468e+01
 8.98046904e+00 -4.07719962e+01
 9.35771092e+00 -4.03914824e+01
 9.72680999e+00 -4.00175800e+01
 1.00665925e+01 -3.96852013e+01
 1.03767115e+01 -3.93965002e+01
 1.06672226e+01 -3.91370157e+01
 1.09482356e+01 -3.88917504e+01
 1.12257521e+01 -3.86517297e+01
 1.15022761e+01 -3.84131988e+01
 1.17785813e+01 -3.81749962e+01
 1.20548490e+01 -3.79368500e+01
 1.23311116e+01 -3.76987113e+01
 1.26073733e+01 -3.74605738e+01
 1.28836313e+01 -3.72224394e+01
 1.31598617e+01 -3.69843289e+01
 1.34359276e+01 -3.67463602e+01
 1.37112253e+01 -3.65090537e+01
 1.39837029e+01 -3.62741781e+01
 1.42480295e+01 -3.60463286e+01
 1.44937826e+01 -3.58344895e+01
 1.47061228e+01 -3.56514524e+01
 1.48709592e+01 -3.55093634e+01
 1.48709592e+01 -3.55093634e+01
 1.48709592e+01 -3.55093634e+01
 1.48709592e+01 -3.55093634e+01
 1.48709592e+01 -3.55093634e+01
 1.48709592e+01 -3.55093634e+01
 1.48709592e+01 -3.55093634e+01
 1.48709592e+01 -3.55093634e+01
 1.48709592e+01 -3.55093634e+01
 1.48709592e+01 -3.55093634e+01
 1.48709592e+01 -3.55093634e+01
 1.48709592e+01 -3.55093634e+01
 1.48709592e+01 -3.55093634e+01
 1.48709592e+01 -3.55093634e+01
 1.48709592e+01 -3.55093634e+01
 1.48709592e+01 -3.55093634e+01
 1.48709592e+01 -3.55093634e+01
 1.48709592e+01 -3.55093634e+01
 1.48709592e+01 -3.55093634e+01
 1.48709592e+01 -3.55093634e+01
 1.48709592e+01 -3.55093634e+01
 1.48709592e+01 -3.55093634e+01
 1.48709592e+01 -3.55093634e+01
 1.48709592e+01 -3.55093634e+01
 1.48709592e+01 -3.55093634e+01
 1.48709592e+01 -3.55093634e+01
