 0.00000000e+00 0.00000000e+00
 0.00000000e+00 0.00000000e+00
 0.00000000e+00 0.00000000e+00
 0.00000000e+00 0.00000000e+00
 0.00000000e+00 0.00000000e+00
 0.00000000e+00 0.00000000e+00
 0.00000000e+00 0.00000000e+00
 0.00000000e+00 0.00000000e+00
 -2.18715064e-02 1.22561855e-02
 -6.69232323e-02 2.80148826e-05
 -1.44875394e-01 -6.12687549e-02
 -2.61790143e-01 -1.97854792e-01
 -4.20175211e-01 -4.35321786e-01
 -6.22813546e-01 -7.98910211e-01
 -8.76440968e-01 -1.31402938e+00
 -1.19227816e+00 -2.00542038e+00
 -1.58435082e+00 -2.89562907e+00
 -2.06779622e+00 -4.00390389e+00
 -2.65773861e+00 -5.34525126e+00
 -3.36818815e+00 -6.92862801e+00
 -4.21062987e+00 -8.75429209e+00
 -5.19237325e+00 -1.08117907e+01
 -6.31495637e+00 -1.30799882e+01
 -7.57310442e+00 -1.55288852e+01
 -8.95471740e+00 -1.81217015e+01
 -1.04418375e+01 -2.08162550e+01
 -1.20118236e+01 -2.35661382e+01
 -1.36378617e+01 -2.63226200e+01
 -1.52887336e+01 -2.90372595e+01
 -1.69285763e+01 -3.16643704e+01
 -1.85173843e+01 -3.41625659e+01
 -2.00125144e+01 -3.64952309e+01
 -2.13711339e+01 -3.86304098e+01
 -2.25534026e+01 -4.05408873e+01
 -2.35257384e+01 -4.22047207e+01
 -2.42630140e+01 -4.36055680e+01
 -2.47488160e+01 -4.47320169e+01
 -2.49740718e+01 -4.55758557e+01
 -2.49351849e+01 -4.61300435e+01
 -2.46323480e+01 -4.63876246e+01
 -2.40678029e+01 -4.63425442e+01
 -2.32441878e+01 -4.59918412e+01
 -2.21643474e+01 -4.53375514e+01
 -2.08336819e+01 -4.43876953e+01
 -1.92639627e+01 -4.31575381e+01
 -1.74762242e+01 -4.16720039e+01
 -1.55014655e+01 -3.99681218e+01
 -1.33798042e+01 -3.80954459e+01
 -1.11591487e+01 -3.61135318e+01
 -8.89346971e+00 -3.40873903e+01
 -6.64020099e+00 -3.20826742e+01
 -4.45696177e+00 -3.01617219e+01
 -2.39842395e+00 -2.83804547e+01
 -5.13644505e-01 -2.67857189e+01
 1.15658597e+00 -2.54131431e+01
 2.58245336e+00 -2.42862858e+01
 3.74680211e+00 -2.34179300e+01
 4.64454545e+00 -2.28132126e+01
 5.28008607e+00 -2.24726212e+01
 5.66461106e+00 -2.23928421e+01
 5.81477470e+00 -2.25655523e+01
 5.75231636e+00 -2.29762043e+01
 5.50300266e+00 -2.36044213e+01
 5.09446501e+00 -2.44254622e+01
 4.55444574e+00 -2.54109540e+01
 3.91091406e+00 -2.65283156e+01
 3.19347721e+00 -2.77404928e+01
 2.43418286e+00 -2.90078841e+01
 1.66658433e+00 -3.02921618e+01
 9.23457137e-01 -3.15596572e+01
 2.34198975e-01 -3.27823923e+01
 -3.77242108e-01 -3.39371097e+01
 -8.93339670e-01 -3.50041480e+01
 -1.30258232e+00 -3.59672580e+01
 -1.59793686e+00 -3.68137428e+01
 -1.77470868e+00 -3.75338199e+01
 -1.82801380e+00 -3.81190768e+01
 -1.75015745e+00 -3.85608578e+01
 -1.52912472e+00 -3.88494714e+01
 -1.14944800e+00 -3.89746647e+01
 -5.95267465e-01 -3.89274272e+01
 1.45617954e-01 -3.87027327e+01
 1.07770897e+00 -3.83022535e+01
 2.19461647e+00 -3.77360215e+01
 3.47759025e+00 -3.70228668e+01
 4.89595911e+00 -3.61903275e+01
 6.40878316e+00 -3.52744685e+01
 7.96707090e+00 -3.43188594e+01
 9.51675120e+00 -3.33714258e+01
 1.10029615e+01 -3.24792151e+01
 1.23755609e+01 -3.16832185e+01
 1.35947539e+01 -3.10158016e+01
 1.46350172e+01 -3.05012870e+01
 1.54856313e+01 -3.01578586e+01
 1.61476473e+01 -2.99983801e+01
 1.66294473e+01 -3.00291797e+01
 1.69437712e+01 -3.02479748e+01
 1.71071562e+01 -3.06428853e+01
 1.71403903e+01 -3.11930252e+01
 1.70682269e+01 -3.18693238e+01
 1.69180053e+01 -3.26346789e+01
 1.67182316e+01 -3.34445435e+01
 1.64981718e+01 -3.42495384e+01
 1.62880627e+01 -3.50000184e+01
 1.61184448e+01 -3.56509193e+01
 1.60177487e+01 -3.61655345e+01
 1.60082580e+01 -3.65189262e+01
 1.61005033e+01 -3.67032186e+01
 1.62871809e+01 -3.67345882e+01
 1.65413321e+01 -3.66554793e+01
 1.68243100e+01 -3.65238496e+01
 1.71015174e+01 -3.63915339e+01
 1.73550029e+01 -3.62866223e+01
 1.75841557e+01 -3.62123204e+01
 1.77971512e+01 -3.61588390e+01
 1.80023054e+01 -3.61155421e+01
 1.82045705e+01 -3.60760036e+01
 1.84060151e+01 -3.60375311e+01
 1.86072787e+01 -3.59992931e+01
 1.88085113e+01 -3.59610953e+01
 1.90097396e+01 -3.59229027e+01
 1.92109673e+01 -3.58847108e+01
 1.94121923e+01 -3.58465195e+01
 1.96133972e+01 -3.58083319e+01
 1.98144822e+01 -3.57701671e+01
 2.00150077e+01 -3.57321085e+01
 2.02134790e+01 -3.56944398e+01
 2.04060132e+01 -3.56578979e+01
 2.05850186e+01 -3.56239237e+01
 2.07396861e+01 -3.55945687e+01
 2.08597521e+01 -3.55717809e+01
 2.08597521e+01 -3.55717809e+01
 2.08597521e+01 -3.55717809e+01
 2.08597521e+01 -3.55717809e+01
 2.08597521e+01 -3.55717809e+01
 2.08597521e+01 -3.55717809e+01
 2.08597521e+01 -3.55717809e+01
 2.08597521e+01 -3.55717809e+01
 2.08597521e+01 -3.55717809e+01
 2.08597521e+01 -3.55717809e+01
 2.08597521e+01 -3.55717809e+01
 2.08597521e+01 -3.55717809e+01
 2.08597521e+01 -3.55717809e+01
 2.08597521e+01 -3.55717809e+01
 2.08597521e+01 -3.55717809e+01
 2.08597521e+01 -3.55717809e+01
 2.08597521e+01 -3.55717809e+01
 2.08597521e+01 -3.55717809e+01
 2.08597521e+01 -3.55717809e+01
 2.08597521e+01 -3.55717809e+01
 2.08597521e+01 -3.55717809e+01
 2.08597521e+01 -3.55717809e+01
 2.08597521e+01 -3.55717809e+01
 2.08597521e+01 -3.55717809e+01
 2.08597521e+01 -3.55717809e+01
 2.08597521e+01 -3.55717809e+01
 2.08597521e+01 -3.55717809e+01
 2.08597521e+01 -3.55717809e+01
 2.08597521e+01 -3.55717809e+01
 2.08597521e+01 -3.55717809e+01
 2.08597521e+01 -3.55717809e+01
 2.08597521e+01 -3.55717809e+01
