 0.00000000e+00 0.00000000e+00
 0.00000000e+00 0.00000000e+00
 0.00000000e+00 0.00000000e+00
 0.00000000e+00 0.00000000e+00
 5.27634272e-02 3.40924744e-02
 1.04649963e-01 6.69719138e-02
 1.45547452e-01 8.90891035e-02
 1.71305249e-01 9.08875229e-02
 1.83884417e-01 6.10005094e-02
 1.87086680e-01 -1.75627146e-02
 1.81726526e-01 -1.69602511e-01
 1.62366019e-01 -4.27017826e-01
 1.15704066e-01 -8.26497322e-01
 2.07526187e-02 -1.40660893e+00
 -1.48970347e-01 -2.20404445e+00
 -4.22033778e-01 -3.24914368e+00
 -8.25916077e-01 -4.56212255e+00
 -1.38491004e+00 -6.15146621e+00
 -2.11917676e+00 -8.01433912e+00
 -3.04446417e+00 -1.01375353e+01
 -4.17140049e+00 -1.24980837e+01
 -5.50347494e+00 -1.50642002e+01
 -7.03437434e+00 -1.77976086e+01
 -8.74648206e+00 -2.06568334e+01
 -1.06114929e+01 -2.35996778e+01
 -1.25924411e+01 -2.65835368e+01
 -1.46457891e+01 -2.95642315e+01
 -1.67227186e+01 -3.24954734e+01
 -1.87698021e+01 -3.53301562e+01
 -2.07302394e+01 -3.80226761e+01
 -2.25469123e+01 -4.05309896e+01
 -2.41672276e+01 -4.28183568e+01
 -2.55481649e+01 -4.48554134e+01
 -2.66595658e+01 -4.66222319e+01
 -2.74846972e+01 -4.81089223e+01
 -2.80186431e+01 -4.93139240e+01
 -2.82661885e+01 -5.02409150e+01
 -2.82406365e+01 -5.08960496e+01
 -2.79631366e+01 -5.12863250e+01
 -2.74605238e+01 -5.14188107e+01
 -2.67609391e+01 -5.13004329e+01
 -2.58893008e+01 -5.09383213e+01
 -2.48651287e+01 -5.03406786e+01
 -2.37031398e+01 -4.95179478e+01
 -2.24154796e+01 -4.84840508e+01
 -2.10143558e+01 -4.72574796e+01
 -1.95141066e+01 -4.58620037e+01
 -1.79320013e+01 -4.43266429e+01
 -1.62875229e+01 -4.26844728e+01
 -1.46004182e+01 -4.09702784e+01
 -1.28884493e+01 -3.92180221e+01
 -1.11662623e+01 -3.74594397e+01
 -9.44614501e+00 -3.57241695e+01
 -7.73975826e+00 -3.40405450e+01
 -6.05907238e+00 -3.24358243e+01
 -4.41594861e+00 -3.09354458e+01
 -2.82160849e+00 -2.95619907e+01
 -1.28737648e+00 -2.83347145e+01
 1.73683606e-01 -2.72697085e+01
 1.54609998e+00 -2.63801429e+01
 2.81330015e+00 -2.56763715e+01
 3.95968660e+00 -2.51661809e+01
 4.97159695e+00 -2.48552299e+01
 5.83679447e+00 -2.47471577e+01
 6.54371053e+00 -2.48429422e+01
 7.08169115e+00 -2.51399179e+01
 7.44236479e+00 -2.56313521e+01
 7.62114961e+00 -2.63068770e+01
 7.61795453e+00 -2.71530320e+01
 7.43723300e+00 -2.81530938e+01
 7.08825532e+00 -2.92865105e+01
 6.58589581e+00 -3.05290597e+01
 5.95131961e+00 -3.18541328e+01
 5.21192605e+00 -3.32342203e+01
 4.40063195e+00 -3.46414187e+01
 3.55496284e+00 -3.60468630e+01
 2.71597938e+00 -3.74202712e+01
 1.92654096e+00 -3.87309325e+01
 1.22856616e+00 -3.99502428e+01
 6.59551620e-01 -4.10545899e+01
 2.49070316e-01 -4.20273275e+01
 1.61326874e-02 -4.28595081e+01
 -3.18476671e-02 -4.35497626e+01
 1.01606179e-01 -4.41036513e+01
 4.03574538e-01 -4.45324303e+01
 8.53290984e-01 -4.48511286e+01
 1.42392144e+00 -4.50761488e+01
 2.08543075e+00 -4.52228495e+01
 2.80844798e+00 -4.53035021e+01
 3.56777970e+00 -4.53258442e+01
 4.34433688e+00 -4.52923917e+01
 5.12550598e+00 -4.52005695e+01
 5.90494624e+00 -4.50434183e+01
 6.68257468e+00 -4.48104932e+01
 7.46450396e+00 -4.44888442e+01
 8.26208414e+00 -4.40642300e+01
 9.08968311e+00 -4.35226638e+01
 9.96173301e+00 -4.28523862e+01
 1.08897790e+01 -4.20463607e+01
 1.18799326e+01 -4.11049759e+01
 1.29309657e+01 -4.00381996e+01
 1.40332753e+01 -3.88665681e+01
 1.51690609e+01 -3.76205697e+01
 1.63145599e+01 -3.63375577e+01
 1.74452483e+01 -3.50552708e+01
 1.85430301e+01 -3.38029536e+01
 1.96016004e+01 -3.25942636e+01
 2.06261638e+01 -3.14267697e+01
 2.16278828e+01 -3.02884595e+01
 2.26174945e+01 -2.91662352e+01
 2.36020169e+01 -2.80509855e+01
 2.45848420e+01 -2.69381209e+01
 2.55672185e+01 -2.58258994e+01
 2.65495014e+01 -2.47138145e+01
 2.75317688e+01 -2.36017524e+01
 2.85140341e+01 -2.24896935e+01
 2.94962979e+01 -2.13776363e+01
 3.04785487e+01 -2.02655939e+01
 3.14607012e+01 -1.91536627e+01
 3.24422688e+01 -1.80423937e+01
 3.34211051e+01 -1.69342169e+01
 3.43899142e+01 -1.58373924e+01
 3.53297422e+01 -1.47733783e+01
 3.62035310e+01 -1.37841297e+01
 3.69585181e+01 -1.29293809e+01
 3.75446034e+01 -1.22658521e+01
 3.75446034e+01 -1.22658521e+01
 3.75446034e+01 -1.22658521e+01
 3.75446034e+01 -1.22658521e+01
 3.75446034e+01 -1.22658521e+01
 3.75446034e+01 -1.22658521e+01
 3.75446034e+01 -1.22658521e+01
 3.75446034e+01 -1.22658521e+01
 3.75446034e+01 -1.22658521e+01
 3.75446034e+01 -1.22658521e+01
 3.75446034e+01 -1.22658521e+01
 3.75446034e+01 -1.22658521e+01
 3.75446034e+01 -1.22658521e+01
 3.75446034e+01 -1.22658521e+01
 3.75446034e+01 -1.22658521e+01
 3.75446034e+01 -1.22658521e+01
 3.75446034e+01 -1.22658521e+01
 3.75446034e+01 -1.22658521e+01
 3.75446034e+01 -1.22658521e+01
 3.75446034e+01 -1.22658521e+01
 3.75446034e+01 -1.22658521e+01
 3.75446034e+01 -1.22658521e+01
 3.75446034e+01 -1.22658521e+01
 3.75446034e+01 -1.22658521e+01
 3.75446034e+01 -1.22658521e+01
 3.75446034e+01 -1.22658521e+01
 3.75446034e+01 -1.22658521e+01
 3.75446034e+01 -1.22658521e+01
 3.75446034e+01 -1.22658521e+01
 3.75446034e+01 -1.22658521e+01
 3.75446034e+01 -1.22658521e+01
 3.75446034e+01 -1.22658521e+01
 3.75446034e+01 -1.22658521e+01
 3.75446034e+01 -1.22658521e+01
 3.75446034e+01 -1.22658521e+01
 3.75446034e+01 -1.22658521e+01
 3.75446034e+01 -1.22658521e+01
