 0.00000000e+00 0.00000000e+00
 0.00000000e+00 0.00000000e+00
 0.00000000e+00 0.00000000e+00
 0.00000000e+00 0.00000000e+00
 0.00000000e+00 0.00000000e+00
 0.00000000e+00 0.00000000e+00
 0.00000000e+00 0.00000000e+00
 0.00000000e+00 0.00000000e+00
 0.00000000e+00 0.00000000e+00
 0.00000000e+00 0.00000000e+00
 0.00000000e+00 0.00000000e+00
 -7.09153004e-03 -3.40120719e-02
 -2.60958442e-02 -1.05498633e-01
 -6.85486509e-02 -2.38038948e-01
 -1.49165953e-01 -4.58933326e-01
 -2.82442565e-01 -7.95582604e-01
 -4.79415949e-01 -1.27192659e+00
 -7.46528456e-01 -1.90588022e+00
 -1.08611725e+00 -2.70764413e+00
 -1.49679357e+00 -3.67817030e+00
 -1.97315592e+00 -4.80792462e+00
 -2.50582405e+00 -6.07737698e+00
 -3.08281950e+00 -7.46040043e+00
 -3.69217709e+00 -8.92983344e+00
 -4.32463639e+00 -1.04627073e+01
 -4.97522031e+00 -1.20427378e+01
 -5.64331439e+00 -1.36595955e+01
 -6.33159070e+00 -1.53065011e+01
 -7.04427167e+00 -1.69779810e+01
 -7.78512138e+00 -1.86682329e+01
 -8.55543522e+00 -2.03693202e+01
 -9.35210281e+00 -2.20685387e+01
 -1.01657776e+01 -2.37454767e+01
 -1.09795545e+01 -2.53703725e+01
 -1.17688202e+01 -2.69051826e+01
 -1.25024438e+01 -2.83071159e+01
 -1.31445808e+01 -2.95326700e+01
 -1.36561430e+01 -3.05401605e+01
 -1.39958798e+01 -3.12905395e+01
 -1.41223109e+01 -3.17483442e+01
 -1.39977870e+01 -3.18847708e+01
 -1.35939076e+01 -3.16826885e+01
 -1.28956537e+01 -3.11410018e+01
 -1.19028622e+01 -3.02757754e+01
 -1.06304211e+01 -2.91180826e+01
 -9.10854856e+00 -2.77109055e+01
 -7.38221782e+00 -2.61070511e+01
 -5.50823966e+00 -2.43675751e+01
 -3.55037694e+00 -2.25587722e+01
 -1.57425417e+00 -2.07471799e+01
 3.56762677e-01 -1.89943469e+01
 2.18487888e+00 -1.73534285e+01
 3.86102386e+00 -1.58679918e+01
 5.34792378e+00 -1.45721047e+01
 6.62233537e+00 -1.34910058e+01
 7.67525276e+00 -1.26422374e+01
 8.50948549e+00 -1.20368810e+01
 9.13572865e+00 -1.16799423e+01
 9.56938641e+00 -1.15693471e+01
 9.82914392e+00 -1.16945265e+01
 9.93617908e+00 -1.20364514e+01
 9.91292405e+00 -1.25697320e+01
 9.78178699e+00 -1.32653335e+01
 9.56444861e+00 -1.40922313e+01
 9.28136071e+00 -1.50182964e+01
 8.95091341e+00 -1.60122429e+01
 8.58846031e+00 -1.70474172e+01
 8.20575158e+00 -1.81057467e+01
 7.81098317e+00 -1.91793259e+01
 7.40914061e+00 -2.02688395e+01
 7.00236491e+00 -2.13801097e+01
 6.59085756e+00 -2.25203140e+01
 6.17522360e+00 -2.36942379e+01
 5.76013644e+00 -2.49002757e+01
 5.35771960e+00 -2.61266381e+01
 4.98879229e+00 -2.73492196e+01
 4.68144041e+00 -2.85322967e+01
 4.46794836e+00 -2.96316660e+01
 4.38147877e+00 -3.05985597e+01
 4.45302302e+00 -3.13830232e+01
 4.70853989e+00 -3.19370328e+01
 5.16648480e+00 -3.22186177e+01
 5.83608222e+00 -3.21973532e+01
 6.71615640e+00 -3.18597183e+01
 7.79398840e+00 -3.12121446e+01
 9.04424654e+00 -3.02809365e+01
 1.04290702e+01 -2.91100751e+01
 1.19008160e+01 -2.77581908e+01
 1.34083277e+01 -2.62940881e+01
 1.49060965e+01 -2.47881628e+01
 1.63635542e+01 -2.32988819e+01
 1.77699772e+01 -2.18598599e+01
 1.91317208e+01 -2.04766165e+01
 2.04634688e+01 -1.91357865e+01
 2.17793524e+01 -1.78192411e+01
 2.30885785e+01 -1.65134626e+01
 2.43955862e+01 -1.52114171e+01
 2.57020080e+01 -1.39103868e+01
 2.70083074e+01 -1.26095734e+01
 2.83145866e+01 -1.13087964e+01
 2.96208630e+01 -1.00080242e+01
 3.09271374e+01 -8.70725436e+00
 3.22333945e+01 -7.40650167e+00
 3.35395209e+01 -6.10587917e+00
 3.48448696e+01 -4.80603116e+00
 3.61465859e+01 -3.50980015e+00
 3.74349674e+01 -2.22684781e+00
 3.86848082e+01 -9.82273751e-01
 3.98468259e+01 1.74847337e-01
 4.08508539e+01 1.17464446e+00
 4.16302659e+01 1.95077209e+00
 4.16302659e+01 1.95077209e+00
 4.16302659e+01 1.95077209e+00
 4.16302659e+01 1.95077209e+00
 4.16302659e+01 1.95077209e+00
 4.16302659e+01 1.95077209e+00
 4.16302659e+01 1.95077209e+00
 4.16302659e+01 1.95077209e+00
 4.16302659e+01 1.95077209e+00
 4.16302659e+01 1.95077209e+00
 4.16302659e+01 1.95077209e+00
 4.16302659e+01 1.95077209e+00
 4.16302659e+01 1.95077209e+00
 4.16302659e+01 1.95077209e+00
 4.16302659e+01 1.95077209e+00
 4.16302659e+01 1.95077209e+00
 4.16302659e+01 1.95077209e+00
 4.16302659e+01 1.95077209e+00
 4.16302659e+01 1.95077209e+00
 4.16302659e+01 1.95077209e+00
 4.16302659e+01 1.95077209e+00
 4.16302659e+01 1.95077209e+00
 4.16302659e+01 1.95077209e+00
 4.16302659e+01 1.95077209e+00
 4.16302659e+01 1.95077209e+00
 4.16302659e+01 1.95077209e+00
 4.16302659e+01 1.95077209e+00
 4.16302659e+01 1.95077209e+00
 4.16302659e+01 1.95077209e+00
 4.16302659e+01 1.95077209e+00
 4.16302659e+01 1.95077209e+00
 4.16302659e+01 1.95077209e+00
 4.16302659e+01 1.95077209e+00
 4.16302659e+01 1.95077209e+00
 4.16302659e+01 1.95077209e+00
 4.16302659e+01 1.95077209e+00
 4.16302659e+01 1.95077209e+00
 4.16302659e+01 1.95077209e+00
 4.16302659e+01 1.95077209e+00
 4.16302659e+01 1.95077209e+00
 4.16302659e+01 1.95077209e+00
 4.16302659e+01 1.95077209e+00
 4.16302659e+01 1.95077209e+00
 4.16302659e+01 1.95077209e+00
 4.16302659e+01 1.95077209e+00
 4.16302659e+01 1.95077209e+00
 4.16302659e+01 1.95077209e+00
 4.16302659e+01 1.95077209e+00
 4.16302659e+01 1.95077209e+00
 4.16302659e+01 1.95077209e+00
 4.16302659e+01 1.95077209e+00
 4.16302659e+01 1.95077209e+00
