 0.00000000e+00 0.00000000e+00
 0.00000000e+00 0.00000000e+00
 0.00000000e+00 0.00000000e+00
 0.00000000e+00 0.00000000e+00
 -2.44460956e-08 -1.45308501e-07
 -3.34808424e-07 -1.60749246e-06
 -3.43927802e-06 -1.32685673e-05
 -2.79848936e-05 -8.73767199e-05
 -1.82026049e-04 -4.65406541e-04
 -9.53477713e-04 -2.02812129e-03
 -4.05817852e-03 -7.32928716e-03
 -1.41911496e-02 -2.23239429e-02
 -4.13359350e-02 -5.83812321e-02
 -1.01974014e-01 -1.33719279e-01
 -2.17264016e-01 -2.73550614e-01
 -4.08568446e-01 -5.08711403e-01
 -6.93474768e-01 -8.72759353e-01
 -1.08462378e+00 -1.39776307e+00
 -1.58994985e+00 -2.10969097e+00
 -2.21164683e+00 -3.02465420e+00
 -2.94381159e+00 -4.14658832e+00
 -3.77107300e+00 -5.46619646e+00
 -4.66975000e+00 -6.96113544e+00
 -5.61104588e+00 -8.59789697e+00
 -6.56499221e+00 -1.03355554e+01
 -7.50429429e+00 -1.21307056e+01
 -8.40759483e+00 -1.39424110e+01
 -9.26162695e+00 -1.57361492e+01
 -1.00619707e+01 -1.74862444e+01
 -1.08127136e+01 -1.91766912e+01
 -1.15253804e+01 -2.08005409e+01
 -1.22169022e+01 -2.23582816e+01
 -1.29061344e+01 -2.38557628e+01
 -1.36091937e+01 -2.53018632e+01
 -1.43350379e+01 -2.67056576e+01
 -1.50829486e+01 -2.80731705e+01
 -1.58424683e+01 -2.94046598e+01
 -1.65950505e+01 -3.06933700e+01
 -1.73163952e+01 -3.19257233e+01
 -1.79789183e+01 -3.30823996e+01
 -1.85541200e+01 -3.41400887e+01
 -1.90145738e+01 -3.50737830e+01
 -1.93353010e+01 -3.58588426e+01
 -1.94946205e+01 -3.64718665e+01
 -1.94747925e+01 -3.68904302e+01
 -1.92626013e+01 -3.70929653e+01
 -1.88496393e+01 -3.70598944e+01
 -1.82319457e+01 -3.67758587e+01
 -1.74092053e+01 -3.62320398e+01
 -1.63845161e+01 -3.54278343e+01
 -1.51655794e+01 -3.43719537e+01
 -1.37668675e+01 -3.30835392e+01
 -1.22114194e+01 -3.15934563e+01
 -1.05313635e+01 -2.99449319e+01
 -8.76716215e+00 -2.81923549e+01
 -6.96589207e+00 -2.63978181e+01
 -5.17875880e+00 -2.46260011e+01
 -3.45793258e+00 -2.29385630e+01
 -1.85282347e+00 -2.13892668e+01
 -4.06018878e-01 -2.00206789e+01
 8.50706150e-01 -1.88626845e+01
 1.89950815e+00 -1.79326722e+01
 2.73746185e+00 -1.72371076e+01
 3.37436657e+00 -1.67740340e+01
 3.82785439e+00 -1.65358539e+01
 4.11804921e+00 -1.65118882e+01
 4.26397839e+00 -1.66905095e+01
 4.28215081e+00 -1.70606172e+01
 4.18641601e+00 -1.76120106e+01
 3.98841090e+00 -1.83344816e+01
 3.69853735e+00 -1.92161435e+01
 3.32745532e+00 -2.02419442e+01
 2.88760563e+00 -2.13931228e+01
 2.39410008e+00 -2.26477361e+01
 1.86478552e+00 -2.39817691e+01
 1.31974887e+00 -2.53702187e+01
 7.80489492e-01 -2.67877825e+01
 2.68862332e-01 -2.82089736e+01
 -1.93903082e-01 -2.96077174e+01
 -5.87508656e-01 -3.09568666e+01
 -8.91748164e-01 -3.22282005e+01
 -1.08491073e+00 -3.33931405e+01
 -1.14284810e+00 -3.44238543e+01
 -1.03995011e+00 -3.52940742e+01
 -7.51581509e-01 -3.59793721e+01
 -2.56344224e-01 -3.64576054e+01
 4.62367920e-01 -3.67103586e+01
 1.41421685e+00 -3.67251843e+01
 2.59809302e+00 -3.64980576e+01
 3.99753025e+00 -3.60361071e+01
 5.57758240e+00 -3.53603953e+01
 7.28526100e+00 -3.45070311e+01
 9.05505407e+00 -3.35245870e+01
 1.08201236e+01 -3.24674316e+01
 1.25273316e+01 -3.13864834e+01
 1.41501751e+01 -3.03200708e+01
 1.56917595e+01 -2.92882962e+01
 1.71749631e+01 -2.82936625e+01
 1.86264938e+01 -2.73275476e+01
 2.00654850e+01 -2.63784279e+01
 2.15012571e+01 -2.54373538e+01
 2.29367797e+01 -2.44993274e+01
 2.43725058e+01 -2.35622261e+01
 2.58083452e+01 -2.26253495e+01
 2.72442180e+01 -2.16885166e+01
 2.86800976e+01 -2.07516905e+01
 3.01159781e+01 -1.98148652e+01
 3.15518566e+01 -1.88780413e+01
 3.29877163e+01 -1.79412298e+01
 3.44234323e+01 -1.70045121e+01
 3.58582933e+01 -1.60683521e+01
 3.72891617e+01 -1.51347971e+01
 3.87053721e+01 -1.42108055e+01
 4.00792180e+01 -1.33144543e+01
 4.13565273e+01 -1.24810873e+01
 4.24601717e+01 -1.17610261e+01
 4.33169143e+01 -1.12020534e+01
 4.33169143e+01 -1.12020534e+01
 4.33169143e+01 -1.12020534e+01
 4.33169143e+01 -1.12020534e+01
 4.33169143e+01 -1.12020534e+01
 4.33169143e+01 -1.12020534e+01
 4.33169143e+01 -1.12020534e+01
 4.33169143e+01 -1.12020534e+01
 4.33169143e+01 -1.12020534e+01
 4.33169143e+01 -1.12020534e+01
 4.33169143e+01 -1.12020534e+01
 4.33169143e+01 -1.12020534e+01
 4.33169143e+01 -1.12020534e+01
 4.33169143e+01 -1.12020534e+01
 4.33169143e+01 -1.12020534e+01
 4.33169143e+01 -1.12020534e+01
 4.33169143e+01 -1.12020534e+01
 4.33169143e+01 -1.12020534e+01
 4.33169143e+01 -1.12020534e+01
 4.33169143e+01 -1.12020534e+01
 4.33169143e+01 -1.12020534e+01
 4.33169143e+01 -1.12020534e+01
 4.33169143e+01 -1.12020534e+01
 4.33169143e+01 -1.12020534e+01
 4.33169143e+01 -1.12020534e+01
 4.33169143e+01 -1.12020534e+01
 4.33169143e+01 -1.12020534e+01
 4.33169143e+01 -1.12020534e+01
 4.33169143e+01 -1.12020534e+01
 4.33169143e+01 -1.12020534e+01
 4.33169143e+01 -1.12020534e+01
 4.33169143e+01 -1.12020534e+01
 4.33169143e+01 -1.12020534e+01
 4.33169143e+01 -1.12020534e+01
 4.33169143e+01 -1.12020534e+01
 4.33169143e+01 -1.12020534e+01
 4.33169143e+01 -1.12020534e+01
 4.33169143e+01 -1.12020534e+01
 4.33169143e+01 -1.12020534e+01
 4.33169143e+01 -1.12020534e+01
 4.33169143e+01 -1.12020534e+01
 4.33169143e+01 -1.12020534e+01
 4.33169143e+01 -1.12020534e+01
 4.33169143e+01 -1.12020534e+01
 4.33169143e+01 -1.12020534e+01
 4.33169143e+01 -1.12020534e+01
