 0.00000000e+00 0.00000000e+00
 0.00000000e+00 0.00000000e+00
 0.00000000e+00 0.00000000e+00
 0.00000000e+00 0.00000000e+00
 -3.11310268e-02 7.08470459e-02
 -8.64631119e-02 1.45344025e-01
 -1.71920254e-01 2.02211408e-01
 -2.90593233e-01 2.17122848e-01
 -4.43926792e-01 1.65960175e-01
 -6.33230556e-01 2.57071315e-02
 -8.59941103e-01 -2.25377661e-01
 -1.12497351e+00 -6.06875748e-01
 -1.42824717e+00 -1.13478280e+00
 -1.76872097e+00 -1.82044648e+00
 -2.14469572e+00 -2.67016426e+00
 -2.55442245e+00 -3.68502750e+00
 -2.99728930e+00 -4.86082031e+00
 -3.47515869e+00 -6.18848321e+00
 -3.99263757e+00 -7.65576670e+00
 -4.55584975e+00 -9.24995582e+00
 -5.17112573e+00 -1.09606432e+01
 -5.84531729e+00 -1.27812706e+01
 -6.58732259e+00 -1.47086928e+01
 -7.40841207e+00 -1.67408369e+01
 -8.31972101e+00 -1.88731222e+01
 -9.32797851e+00 -2.10946549e+01
 -1.04319997e+01 -2.33854139e+01
 -1.16213823e+01 -2.57153794e+01
 -1.28769889e+01 -2.80456712e+01
 -1.41720666e+01 -3.03310198e+01
 -1.54733645e+01 -3.25230117e+01
 -1.67426168e+01 -3.45740759e+01
 -1.79394346e+01 -3.64420581e+01
 -1.90261221e+01 -3.80945136e+01
 -1.99732559e+01 -3.95115921e+01
 -2.07635582e+01 -4.06869600e+01
 -2.13922299e+01 -4.16267443e+01
 -2.18640612e+01 -4.23465218e+01
 -2.21891862e+01 -4.28665921e+01
 -2.23790099e+01 -4.32065194e+01
 -2.24426640e+01 -4.33804439e+01
 -2.23841397e+01 -4.33943646e+01
 -2.22008872e+01 -4.32458998e+01
 -2.18844422e+01 -4.29263432e+01
 -2.14224346e+01 -4.24241293e+01
 -2.08009541e+01 -4.17285703e+01
 -2.00070140e+01 -4.08333244e+01
 -1.90311348e+01 -3.97395166e+01
 -1.78695895e+01 -3.84579038e+01
 -1.65258231e+01 -3.70090279e+01
 -1.50110654e+01 -3.54212075e+01
 -1.33443119e+01 -3.37277570e+01
 -1.15518281e+01 -3.19651834e+01
 -9.66649321e+00 -3.01727327e+01
 -7.72719967e+00 -2.83920759e+01
 -5.77809846e+00 -2.66660233e+01
 -3.86725693e+00 -2.50365799e+01
 -2.04435617e+00 -2.35433297e+01
 -3.57280733e-01 -2.22223880e+01
 1.15195556e+00 -2.11054131e+01
 2.45077435e+00 -2.02183218e+01
 3.51789507e+00 -1.95797681e+01
 4.34333943e+00 -1.91996415e+01
 4.92749391e+00 -1.90780591e+01
 5.27988201e+00 -1.92055416e+01
 5.41727201e+00 -1.95647963e+01
 5.36097785e+00 -2.01335922e+01
 5.13445942e+00 -2.08871929e+01
 4.76232133e+00 -2.17989251e+01
 4.27061311e+00 -2.28390941e+01
 3.68766746e+00 -2.39742006e+01
 3.04448605e+00 -2.51682750e+01
 2.37369614e+00 -2.63860961e+01
 1.70717748e+00 -2.75962396e+01
 1.07377216e+00 -2.87721841e+01
 4.98235138e-01 -2.98916050e+01
 1.08292160e-03 -3.09354308e+01
 -4.01860385e-01 -3.18879701e+01
 -7.00650195e-01 -3.27379131e+01
 -8.91810196e-01 -3.34788480e+01
 -9.76235214e-01 -3.41082628e+01
 -9.54599718e-01 -3.46253935e+01
 -8.23967213e-01 -3.50292134e+01
 -5.78607706e-01 -3.53175286e+01
 -2.13052894e-01 -3.54870576e+01
 2.76560690e-01 -3.55337475e+01
 8.93321734e-01 -3.54532029e+01
 1.64015332e+00 -3.52418979e+01
 2.51876431e+00 -3.48992183e+01
 3.52711113e+00 -3.44293177e+01
 4.65605778e+00 -3.38421876e+01
 5.88656183e+00 -3.31542824e+01
 7.18934597e+00 -3.23886303e+01
 8.52834220e+00 -3.15734157e+01
 9.86737254e+00 -3.07382764e+01
 1.11778379e+01 -2.99089171e+01
 1.24444080e+01 -2.91020185e+01
 1.36661451e+01 -2.83229945e+01
 1.48524921e+01 -2.75680126e+01
 1.60164927e+01 -2.68289836e+01
 1.71691297e+01 -2.60983164e+01
 1.83171208e+01 -2.53711347e+01
 1.94635911e+01 -2.46451088e+01
 2.06096647e+01 -2.39193870e+01
 2.17556562e+01 -2.31937287e+01
 2.29016342e+01 -2.24680808e+01
 2.40476103e+01 -2.17424343e+01
 2.51935847e+01 -2.10167889e+01
 2.63395439e+01 -2.02911531e+01
 2.74853885e+01 -1.95655900e+01
 2.86305508e+01 -1.88404589e+01
 2.97725265e+01 -1.81173455e+01
 3.09028037e+01 -1.74016398e+01
 3.19992697e+01 -1.67073438e+01
 3.30186900e+01 -1.60618341e+01
 3.38995083e+01 -1.55040889e+01
 3.45832744e+01 -1.50711196e+01
 3.45832744e+01 -1.50711196e+01
 3.45832744e+01 -1.50711196e+01
 3.45832744e+01 -1.50711196e+01
 3.45832744e+01 -1.50711196e+01
 3.45832744e+01 -1.50711196e+01
 3.45832744e+01 -1.50711196e+01
 3.45832744e+01 -1.50711196e+01
 3.45832744e+01 -1.50711196e+01
 3.45832744e+01 -1.50711196e+01
 3.45832744e+01 -1.50711196e+01
 3.45832744e+01 -1.50711196e+01
 3.45832744e+01 -1.50711196e+01
 3.45832744e+01 -1.50711196e+01
 3.45832744e+01 -1.50711196e+01
 3.45832744e+01 -1.50711196e+01
 3.45832744e+01 -1.50711196e+01
 3.45832744e+01 -1.50711196e+01
 3.45832744e+01 -1.50711196e+01
 3.45832744e+01 -1.50711196e+01
 3.45832744e+01 -1.50711196e+01
 3.45832744e+01 -1.50711196e+01
 3.45832744e+01 -1.50711196e+01
 3.45832744e+01 -1.50711196e+01
 3.45832744e+01 -1.50711196e+01
 3.45832744e+01 -1.50711196e+01
 3.45832744e+01 -1.50711196e+01
 3.45832744e+01 -1.50711196e+01
 3.45832744e+01 -1.50711196e+01
 3.45832744e+01 -1.50711196e+01
 3.45832744e+01 -1.50711196e+01
 3.45832744e+01 -1.50711196e+01
 3.45832744e+01 -1.50711196e+01
 3.45832744e+01 -1.50711196e+01
 3.45832744e+01 -1.50711196e+01
 3.45832744e+01 -1.50711196e+01
 3.45832744e+01 -1.50711196e+01
 3.45832744e+01 -1.50711196e+01
 3.45832744e+01 -1.50711196e+01
 3.45832744e+01 -1.50711196e+01
 3.45832744e+01 -1.50711196e+01
 3.45832744e+01 -1.50711196e+01
 3.45832744e+01 -1.50711196e+01
 3.45832744e+01 -1.50711196e+01
 3.45832744e+01 -1.50711196e+01
 3.45832744e+01 -1.50711196e+01
