 0.00000000e+00 0.00000000e+00
 0.00000000e+00 0.00000000e+00
 0.00000000e+00 0.00000000e+00
 0.00000000e+00 0.00000000e+00
 0.00000000e+00 0.00000000e+00
 0.00000000e+00 0.00000000e+00
 0.00000000e+00 0.00000000e+00
 5.73265925e-02 -2.14830375e-02
 1.24043991e-01 -6.33487863e-02
 1.90958661e-01 -1.35115878e-01
 2.49496490e-01 -2.46632939e-01
 2.92943759e-01 -4.08444049e-01
 3.15051005e-01 -6.33108621e-01
 3.07654117e-01 -9.36248306e-01
 2.59141209e-01 -1.33637464e+00
 1.55227942e-01 -1.85362364e+00
 -1.81713434e-02 -2.50826629e+00
 -2.72590368e-01 -3.31959858e+00
 -6.17149047e-01 -4.30498537e+00
 -1.05973942e+00 -5.47852994e+00
 -1.60677466e+00 -6.84938028e+00
 -2.26153037e+00 -8.42024072e+00
 -3.02286932e+00 -1.01864990e+01
 -3.88499777e+00 -1.21357761e+01
 -4.83744088e+00 -1.42474920e+01
 -5.86486742e+00 -1.64925833e+01
 -6.94750161e+00 -1.88341384e+01
 -8.06275968e+00 -2.12295139e+01
 -9.18764080e+00 -2.36335751e+01
 -1.03006166e+01 -2.60020694e+01
 -1.13821592e+01 -2.82942601e+01
 -1.24142993e+01 -3.04744918e+01
 -1.33803047e+01 -3.25128243e+01
 -1.42650189e+01 -3.43850149e+01
 -1.50556170e+01 -3.60721414e+01
 -1.57422996e+01 -3.75602117e+01
 -1.63183869e+01 -3.88399342e+01
 -1.67793272e+01 -3.99063207e+01
 -1.71206153e+01 -4.07575005e+01
 -1.73353491e+01 -4.13924898e+01
 -1.74127936e+01 -4.18085809e+01
 -1.73392191e+01 -4.19999151e+01
 -1.71006578e+01 -4.19585707e+01
 -1.66852774e+01 -4.16775323e+01
 -1.60835534e+01 -4.11530549e+01
 -1.52871074e+01 -4.03849847e+01
 -1.42885809e+01 -3.93767100e+01
 -1.30838802e+01 -3.81374561e+01
 -1.16763091e+01 -3.66870316e+01
 -1.00808922e+01 -3.50599965e+01
 -8.32687141e+00 -3.33059899e+01
 -6.45731680e+00 -3.14856635e+01
 -4.52658650e+00 -2.96645135e+01
 -2.59711476e+00 -2.79072769e+01
 -7.35743192e-01 -2.62736347e+01
 9.91605491e-01 -2.48143874e+01
 2.52737046e+00 -2.35678577e+01
 3.83007110e+00 -2.25577456e+01
 4.87921385e+00 -2.17936182e+01
 5.67540886e+00 -2.12735404e+01
 6.23611861e+00 -2.09871710e+01
 6.58926928e+00 -2.09182707e+01
 6.76716814e+00 -2.10469082e+01
 6.80201783e+00 -2.13518903e+01
 6.72278893e+00 -2.18129393e+01
 6.55276173e+00 -2.24114785e+01
 6.30823169e+00 -2.31297382e+01
 5.99968225e+00 -2.39494362e+01
 5.63515707e+00 -2.48515436e+01
 5.22346354e+00 -2.58172139e+01
 4.77537035e+00 -2.68286859e+01
 4.30342143e+00 -2.78693293e+01
 3.82199298e+00 -2.89230794e+01
 3.34786635e+00 -2.99737973e+01
 2.90025505e+00 -3.10046828e+01
 2.49963234e+00 -3.19978840e+01
 2.16580043e+00 -3.29348502e+01
 1.91594567e+00 -3.37977239e+01
 1.76322205e+00 -3.45711330e+01
 1.71631204e+00 -3.52433362e+01
 1.77997293e+00 -3.58062291e+01
 1.95591228e+00 -3.62544480e+01
 2.24356561e+00 -3.65839954e+01
 2.64106385e+00 -3.67906709e+01
 3.14648802e+00 -3.68688462e+01
 3.75895579e+00 -3.68114854e+01
 4.47924367e+00 -3.66115393e+01
 5.30985433e+00 -3.62634349e+01
 6.25416631e+00 -3.57636829e+01
 7.31440586e+00 -3.51114711e+01
 8.48892236e+00 -3.43105639e+01
 9.76964697e+00 -3.33722293e+01
 1.11402293e+01 -3.23175866e+01
 1.25751287e+01 -3.11778870e+01
 1.40407930e+01 -2.99917306e+01
 1.55008901e+01 -2.87986172e+01
 1.69256483e+01 -2.76298839e+01
 1.83007128e+01 -2.65012095e+01
 1.96290108e+01 -2.54117362e+01
 2.09241621e+01 -2.43504635e+01
 2.22010411e+01 -2.33048503e+01
 2.34700043e+01 -2.22660514e+01
 2.47362643e+01 -2.12295870e+01
 2.60017966e+01 -2.01937527e+01
 2.72671746e+01 -1.91580521e+01
 2.85325269e+01 -1.81223740e+01
 2.97978757e+01 -1.70866988e+01
 3.10632225e+01 -1.60510254e+01
 3.23285525e+01 -1.50153657e+01
 3.35937559e+01 -1.39798096e+01
 3.48582058e+01 -1.29448702e+01
 3.61191373e+01 -1.19128106e+01
 3.73671518e+01 -1.08913235e+01
 3.85778330e+01 -9.90039318e+00
 3.97034429e+01 -8.97909297e+00
 4.06760131e+01 -8.18305415e+00
 4.14310049e+01 -7.56510107e+00
 4.14310049e+01 -7.56510107e+00
 4.14310049e+01 -7.56510107e+00
 4.14310049e+01 -7.56510107e+00
 4.14310049e+01 -7.56510107e+00
 4.14310049e+01 -7.56510107e+00
 4.14310049e+01 -7.56510107e+00
 4.14310049e+01 -7.56510107e+00
 4.14310049e+01 -7.56510107e+00
 4.14310049e+01 -7.56510107e+00
 4.14310049e+01 -7.56510107e+00
 4.14310049e+01 -7.56510107e+00
 4.14310049e+01 -7.56510107e+00
 4.14310049e+01 -7.56510107e+00
 4.14310049e+01 -7.56510107e+00
 4.14310049e+01 -7.56510107e+00
 4.14310049e+01 -7.56510107e+00
 4.14310049e+01 -7.56510107e+00
 4.14310049e+01 -7.56510107e+00
 4.14310049e+01 -7.56510107e+00
 4.14310049e+01 -7.56510107e+00
 4.14310049e+01 -7.56510107e+00
 4.14310049e+01 -7.56510107e+00
 4.14310049e+01 -7.56510107e+00
 4.14310049e+01 -7.56510107e+00
 4.14310049e+01 -7.56510107e+00
 4.14310049e+01 -7.56510107e+00
 4.14310049e+01 -7.56510107e+00
 4.14310049e+01 -7.56510107e+00
 4.14310049e+01 -7.56510107e+00
 4.14310049e+01 -7.56510107e+00
 4.14310049e+01 -7.56510107e+00
 4.14310049e+01 -7.56510107e+00
 4.14310049e+01 -7.56510107e+00
 4.14310049e+01 -7.56510107e+00
 4.14310049e+01 -7.56510107e+00
 4.14310049e+01 -7.56510107e+00
 4.14310049e+01 -7.56510107e+00
 4.14310049e+01 -7.56510107e+00
 4.14310049e+01 -7.56510107e+00
 4.14310049e+01 -7.56510107e+00
 4.14310049e+01 -7.56510107e+00
 4.14310049e+01 -7.56510107e+00
 4.14310049e+01 -7.56510107e+00
 4.14310049e+01 -7.56510107e+00
 4.14310049e+01 -7.56510107e+00
