 0.00000000e+00 0.00000000e+00
 0.00000000e+00 0.00000000e+00
 0.00000000e+00 0.00000000e+00
 0.00000000e+00 0.00000000e+00
 5.31587006e-02 1.53661870e-01
 1.26069099e-01 3.46386067e-01
 2.10186310e-01 5.57810706e-01
 2.92306686e-01 7.63188040e-01
 3.57992880e-01 9.38148800e-01
 3.92116303e-01 1.05923059e+00
 3.77265421e-01 1.10170019e+00
 2.93975089e-01 1.03725413e+00
 1.24095531e-01 8.33434908e-01
 -1.45949039e-01 4.55476125e-01
 -5.24931006e-01 -1.29979180e-01
 -1.01828038e+00 -9.50583251e-01
 -1.62827936e+00 -2.02441100e+00
 -2.35252754e+00 -3.35696836e+00
 -3.18260289e+00 -4.93949691e+00
 -4.10456285e+00 -6.74909720e+00
 -5.10120446e+00 -8.75104967e+00
 -6.15485272e+00 -1.09032919e+01
 -7.24960343e+00 -1.31622523e+01
 -8.37278748e+00 -1.54884263e+01
 -9.51594107e+00 -1.78499305e+01
 -1.06753955e+01 -2.02231155e+01
 -1.18521497e+01 -2.25906371e+01
 -1.30505178e+01 -2.49383144e+01
 -1.42753041e+01 -2.72521249e+01
 -1.55277600e+01 -2.95160251e+01
 -1.68011641e+01 -3.17105295e+01
 -1.80774366e+01 -3.38116985e+01
 -1.93262102e+01 -3.57907106e+01
 -2.05068904e+01 -3.76149333e+01
 -2.15730837e+01 -3.92511075e+01
 -2.24781659e+01 -4.06697203e+01
 -2.31806701e+01 -4.18483993e+01
 -2.36483659e+01 -4.27726730e+01
 -2.38606201e+01 -4.34344442e+01
 -2.38094872e+01 -4.38300763e+01
 -2.34997306e+01 -4.39595334e+01
 -2.29469582e+01 -4.38262956e+01
 -2.21735474e+01 -4.34370820e+01
 -2.12040746e+01 -4.28014351e+01
 -2.00625748e+01 -4.19322265e+01
 -1.87722027e+01 -4.08475573e+01
 -1.73561382e+01 -3.95729529e+01
 -1.58384424e+01 -3.81420570e+01
 -1.42443115e+01 -3.65950387e+01
 -1.25997068e+01 -3.49754740e+01
 -1.09304915e+01 -3.33269626e+01
 -9.26141219e+00 -3.16901868e+01
 -7.61547151e+00 -3.01006626e+01
 -6.01394443e+00 -2.85874961e+01
 -4.47679098e+00 -2.71735137e+01
 -3.02317776e+00 -2.58767094e+01
 -1.67186135e+00 -2.47122190e+01
 -4.40856119e-01 -2.36937196e+01
 6.54074118e-01 -2.28338373e+01
 1.60150126e+00 -2.21441199e+01
 2.39556435e+00 -2.16352039e+01
 3.03547201e+00 -2.13169248e+01
 3.52384286e+00 -2.11975216e+01
 3.86523526e+00 -2.12817073e+01
 4.06549691e+00 -2.15686519e+01
 4.13143241e+00 -2.20512078e+01
 4.07040612e+00 -2.27164379e+01
 3.89030093e+00 -2.35462847e+01
 3.60006836e+00 -2.45176846e+01
 3.21060292e+00 -2.56028174e+01
 2.73604457e+00 -2.67704216e+01
 2.19551574e+00 -2.79879286e+01
 1.61404333e+00 -2.92232515e+01
 1.02120321e+00 -3.04455421e+01
 4.47850206e-01 -3.16253989e+01
 -7.71107104e-02 -3.27354769e+01
 -5.28528308e-01 -3.37518499e+01
 -8.85728896e-01 -3.46555616e+01
 -1.13312700e+00 -3.54335028e+01
 -1.26070137e+00 -3.60781978e+01
 -1.26350652e+00 -3.65866955e+01
 -1.14010923e+00 -3.69590335e+01
 -8.90965011e-01 -3.71967704e+01
 -5.17656676e-01 -3.73022360e+01
 -2.29696152e-02 -3.72791118e+01
 5.88679990e-01 -3.71339114e+01
 1.31067863e+00 -3.68766946e+01
 2.13347028e+00 -3.65200337e+01
 3.04381295e+00 -3.60773831e+01
 4.02458661e+00 -3.55624779e+01
 5.05561398e+00 -3.49895802e+01
 6.11541504e+00 -3.43731375e+01
 7.18331380e+00 -3.37262866e+01
 8.24106274e+00 -3.30591077e+01
 9.27330712e+00 -3.23778930e+01
 1.02669368e+01 -3.16859771e+01
 1.12100326e+01 -3.09857590e+01
 1.20910129e+01 -3.02810729e+01
 1.28982724e+01 -2.95790450e+01
 1.36207192e+01 -2.88906444e+01
 1.42496953e+01 -2.82291989e+01
 1.47823775e+01 -2.76067162e+01
 1.52258100e+01 -2.70292529e+01
 1.55989521e+01 -2.64940124e+01
 1.59292702e+01 -2.59905453e+01
 1.62437945e+01 -2.55056464e+01
 1.65603307e+01 -2.50285751e+01
 1.68851114e+01 -2.45533560e+01
 1.72169148e+01 -2.40778978e+01
 1.75525205e+01 -2.36019738e+01
 1.78896153e+01 -2.31258047e+01
 1.82271496e+01 -2.26495533e+01
 1.85647833e+01 -2.21732818e+01
 1.89024344e+01 -2.16970067e+01
 1.92400877e+01 -2.12207312e+01
 1.95777409e+01 -2.07444562e+01
 1.99153896e+01 -2.02681875e+01
 2.02530045e+01 -1.97919665e+01
 2.05904184e+01 -1.93160291e+01
 2.09268933e+01 -1.88414160e+01
 2.12599214e+01 -1.83716649e+01
 2.15829873e+01 -1.79159659e+01
 2.18833522e+01 -1.74922877e+01
 2.21428791e+01 -1.71262135e+01
 2.23443459e+01 -1.68420355e+01
 2.23443459e+01 -1.68420355e+01
 2.23443459e+01 -1.68420355e+01
 2.23443459e+01 -1.68420355e+01
 2.23443459e+01 -1.68420355e+01
 2.23443459e+01 -1.68420355e+01
 2.23443459e+01 -1.68420355e+01
 2.23443459e+01 -1.68420355e+01
 2.23443459e+01 -1.68420355e+01
 2.23443459e+01 -1.68420355e+01
 2.23443459e+01 -1.68420355e+01
 2.23443459e+01 -1.68420355e+01
 2.23443459e+01 -1.68420355e+01
 2.23443459e+01 -1.68420355e+01
 2.23443459e+01 -1.68420355e+01
 2.23443459e+01 -1.68420355e+01
 2.23443459e+01 -1.68420355e+01
 2.23443459e+01 -1.68420355e+01
 2.23443459e+01 -1.68420355e+01
 2.23443459e+01 -1.68420355e+01
 2.23443459e+01 -1.68420355e+01
 2.23443459e+01 -1.68420355e+01
 2.23443459e+01 -1.68420355e+01
 2.23443459e+01 -1.68420355e+01
 2.23443459e+01 -1.68420355e+01
 2.23443459e+01 -1.68420355e+01
 2.23443459e+01 -1.68420355e+01
 2.23443459e+01 -1.68420355e+01
 2.23443459e+01 -1.68420355e+01
 2.23443459e+01 -1.68420355e+01
 2.23443459e+01 -1.68420355e+01
 2.23443459e+01 -1.68420355e+01
 2.23443459e+01 -1.68420355e+01
 2.23443459e+01 -1.68420355e+01
 2.23443459e+01 -1.68420355e+01
 2.23443459e+01 -1.68420355e+01
 2.23443459e+01 -1.68420355e+01
 2.23443459e+01 -1.68420355e+01
