 0.00000000e+00 0.00000000e+00
 0.00000000e+00 0.00000000e+00
 0.00000000e+00 0.00000000e+00
 0.00000000e+00 0.00000000e+00
 1.84526833e-02 4.43329288e-02
 4.76930122e-02 1.00559651e-01
 8.56384304e-02 1.63101312e-01
 1.25250030e-01 2.22917856e-01
 1.55206018e-01 2.67437610e-01
 1.61145017e-01 2.79959956e-01
 1.26596165e-01 2.39195328e-01
 3.42394097e-02 1.20387239e-01
 -1.31484222e-01 -1.01493886e-01
 -3.81075676e-01 -4.48007254e-01
 -7.18063441e-01 -9.34969461e-01
 -1.13947787e+00 -1.57217744e+00
 -1.63767264e+00 -2.36422515e+00
 -2.20205995e+00 -3.31142635e+00
 -2.82056808e+00 -4.41063667e+00
 -3.48149662e+00 -5.65650397e+00
 -4.17577062e+00 -7.04345931e+00
 -4.89835670e+00 -8.56757493e+00
 -5.64762787e+00 -1.02267912e+01
 -6.42300712e+00 -1.20189977e+01
 -7.22260848e+00 -1.39389231e+01
 -8.04232079e+00 -1.59751670e+01
 -8.87626365e+00 -1.81080597e+01
 -9.71753842e+00 -2.03085827e+01
 -1.05585963e+01 -2.25388677e+01
 -1.13913550e+01 -2.47549169e+01
 -1.22072202e+01 -2.69111304e+01
 -1.29968026e+01 -2.89647692e+01
 -1.37493444e+01 -3.08785098e+01
 -1.44524037e+01 -3.26210453e+01
 -1.50923367e+01 -3.41673923e+01
 -1.56555216e+01 -3.55002901e+01
 -1.61297832e+01 -3.66121592e+01
 -1.65055777e+01 -3.75057572e+01
 -1.67768669e+01 -3.81924153e+01
 -1.69415061e+01 -3.86885120e+01
 -1.70005065e+01 -3.90116999e+01
 -1.69559705e+01 -3.91779417e+01
 -1.68087380e+01 -3.91995457e+01
 -1.65570352e+01 -3.90839346e+01
 -1.61963748e+01 -3.88329983e+01
 -1.57202570e+01 -3.84433099e+01
 -1.51213180e+01 -3.79076475e+01
 -1.43926393e+01 -3.72177566e+01
 -1.35287555e+01 -3.63675041e+01
 -1.25259246e+01 -3.53552403e+01
 -1.13817554e+01 -3.41845607e+01
 -1.00950312e+01 -3.28636765e+01
 -8.66662148e+00 -3.14046235e+01
 -7.10141772e+00 -2.98234875e+01
 -5.41037511e+00 -2.81416315e+01
 -3.61201737e+00 -2.63869476e+01
 -1.73347740e+00 -2.45943177e+01
 1.88929047e-01 -2.28050799e+01
 2.11031216e+00 -2.10655050e+01
 3.97981661e+00 -1.94241388e+01
 5.74511140e+00 -1.79279372e+01
 7.35774900e+00 -1.66177798e+01
 8.77834751e+00 -1.55247357e+01
 9.98065476e+00 -1.46683863e+01
 1.09532989e+01 -1.40573604e+01
 1.16983853e+01 -1.36910659e+01
 1.22275416e+01 -1.35614932e+01
 1.25573922e+01 -1.36547848e+01
 1.27065629e+01 -1.39529713e+01
 1.26949529e+01 -1.44360604e+01
 1.25439294e+01 -1.50838809e+01
 1.22754445e+01 -1.58767642e+01
 1.19101289e+01 -1.67948911e+01
 1.14664901e+01 -1.78172558e+01
 1.09622034e+01 -1.89214762e+01
 1.04159437e+01 -2.00846859e+01
 9.84798892e+00 -2.12845440e+01
 9.27954997e+00 -2.24993656e+01
 8.73176126e+00 -2.37073824e+01
 8.22499413e+00 -2.48859159e+01
 7.77870341e+00 -2.60112297e+01
 7.41164285e+00 -2.70593749e+01
 7.14197388e+00 -2.80077360e+01
 6.98718042e+00 -2.88364307e+01
 6.96434481e+00 -2.95287491e+01
 7.09069543e+00 -3.00705776e+01
 7.38331872e+00 -3.04494975e+01
 7.85786331e+00 -3.06542132e+01
 8.52740514e+00 -3.06745556e+01
 9.40152181e+00 -3.05023199e+01
 1.04841041e+01 -3.01332370e+01
 1.17696997e+01 -2.95696412e+01
 1.32404084e+01 -2.88225556e+01
 1.48653006e+01 -2.79122997e+01
 1.66024380e+01 -2.68678883e+01
 1.84022044e+01 -2.57258087e+01
 2.02108525e+01 -2.45279623e+01
 2.19742512e+01 -2.33181048e+01
 2.36422037e+01 -2.21370837e+01
 2.51727529e+01 -2.10185797e+01
 2.65349163e+01 -1.99870324e+01
 2.77089189e+01 -1.90578236e+01
 2.86847352e+01 -1.82383878e+01
 2.94606688e+01 -1.75291681e+01
 3.00429155e+01 -1.69244829e+01
 3.04457223e+01 -1.64138118e+01
 3.06912571e+01 -1.59834517e+01
 3.08086951e+01 -1.56180359e+01
 3.08323852e+01 -1.53016790e+01
 3.07986282e+01 -1.50190267e+01
 3.07404503e+01 -1.47565580e+01
 3.06815683e+01 -1.45039606e+01
 3.06332075e+01 -1.42548435e+01
 3.05962876e+01 -1.40062543e+01
 3.05669673e+01 -1.37573614e+01
 3.05412964e+01 -1.35081791e+01
 3.05169528e+01 -1.32588628e+01
 3.04929815e+01 -1.30095041e+01
 3.04690912e+01 -1.27601354e+01
 3.04452146e+01 -1.25107649e+01
 3.04213399e+01 -1.22613942e+01
 3.03974654e+01 -1.20120238e+01
 3.03735913e+01 -1.17626567e+01
 3.03497195e+01 -1.15133146e+01
 3.03258620e+01 -1.12641209e+01
 3.03020708e+01 -1.10156207e+01
 3.02785234e+01 -1.07696661e+01
 3.02556803e+01 -1.05310690e+01
 3.02344424e+01 -1.03092375e+01
 3.02160920e+01 -1.01175665e+01
 3.02018469e+01 -9.96877521e+00
 3.02018469e+01 -9.96877521e+00
 3.02018469e+01 -9.96877521e+00
 3.02018469e+01 -9.96877521e+00
 3.02018469e+01 -9.96877521e+00
 3.02018469e+01 -9.96877521e+00
 3.02018469e+01 -9.96877521e+00
 3.02018469e+01 -9.96877521e+00
 3.02018469e+01 -9.96877521e+00
 3.02018469e+01 -9.96877521e+00
 3.02018469e+01 -9.96877521e+00
 3.02018469e+01 -9.96877521e+00
 3.02018469e+01 -9.96877521e+00
 3.02018469e+01 -9.96877521e+00
 3.02018469e+01 -9.96877521e+00
 3.02018469e+01 -9.96877521e+00
 3.02018469e+01 -9.96877521e+00
 3.02018469e+01 -9.96877521e+00
 3.02018469e+01 -9.96877521e+00
 3.02018469e+01 -9.96877521e+00
 3.02018469e+01 -9.96877521e+00
 3.02018469e+01 -9.96877521e+00
 3.02018469e+01 -9.96877521e+00
 3.02018469e+01 -9.96877521e+00
 3.02018469e+01 -9.96877521e+00
 3.02018469e+01 -9.96877521e+00
 3.02018469e+01 -9.96877521e+00
 3.02018469e+01 -9.96877521e+00
 3.02018469e+01 -9.96877521e+00
 3.02018469e+01 -9.96877521e+00
 3.02018469e+01 -9.96877521e+00
 3.02018469e+01 -9.96877521e+00
