 0.00000000e+00 0.00000000e+00
 0.00000000e+00 0.00000000e+00
 0.00000000e+00 0.00000000e+00
 0.00000000e+00 0.00000000e+00
 0.00000000e+00 0.00000000e+00
 0.00000000e+00 0.00000000e+00
 0.00000000e+00 0.00000000e+00
 7.09125969e-02 1.42315078e-01
 1.24438835e-01 2.98656709e-01
 1.30282649e-01 4.35148544e-01
 6.33186704e-02 5.16027137e-01
 -9.02234108e-02 5.09862342e-01
 -3.32137040e-01 3.90725211e-01
 -6.55896471e-01 1.37539723e-01
 -1.05234896e+00 -2.66443065e-01
 -1.51432045e+00 -8.34720262e-01
 -2.03789814e+00 -1.57921413e+00
 -2.62110760e+00 -2.51097856e+00
 -3.26259461e+00 -3.63908190e+00
 -3.96204273e+00 -4.96886148e+00
 -4.72188543e+00 -6.50137200e+00
 -5.54848302e+00 -8.23451707e+00
 -6.45124269e+00 -1.01646223e+01
 -7.43973380e+00 -1.22867273e+01
 -8.52031403e+00 -1.45930145e+01
 -9.69395352e+00 -1.70704575e+01
 -1.09558694e+01 -1.96992249e+01
 -1.22961928e+01 -2.24520936e+01
 -1.37001373e+01 -2.52938239e+01
 -1.51467016e+01 -2.81800839e+01
 -1.66066992e+01 -3.10572614e+01
 -1.80423097e+01 -3.38648572e+01
 -1.94096373e+01 -3.65405471e+01
 -2.06634874e+01 -3.90262714e+01
 -2.17622824e+01 -4.12734671e+01
 -2.26718550e+01 -4.32465786e+01
 -2.33682148e+01 -4.49249994e+01
 -2.38396258e+01 -4.63036393e+01
 -2.40878225e+01 -4.73917172e+01
 -2.41278257e+01 -4.82093312e+01
 -2.39856461e+01 -4.87822040e+01
 -2.36934414e+01 -4.91358472e+01
 -2.32830337e+01 -4.92906962e+01
 -2.27800994e+01 -4.92596242e+01
 -2.22010455e+01 -4.90483239e+01
 -2.15528899e+01 -4.86575412e+01
 -2.08351829e+01 -4.80856701e+01
 -2.00426736e+01 -4.73312404e+01
 -1.91675997e+01 -4.63955361e+01
 -1.82010838e+01 -4.52850940e+01
 -1.71339442e+01 -4.40133240e+01
 -1.59577164e+01 -4.26008922e+01
 -1.46666863e+01 -4.10753038e+01
 -1.32613485e+01 -3.94703464e+01
 -1.17526146e+01 -3.78253779e+01
 -1.01647782e+01 -3.61837324e+01
 -8.53530105e+00 -3.45899093e+01
 -6.91133915e+00 -3.30863351e+01
 -5.34460321e+00 -3.17108206e+01
 -3.88603779e+00 -3.04949263e+01
 -2.58067568e+00 -2.94627345e+01
 -1.46260480e+00 -2.86301191e+01
 -5.50943649e-01 -2.80054503e+01
 1.51132240e-01 -2.75919616e+01
 6.53073663e-01 -2.73902073e+01
 9.70937555e-01 -2.73986693e+01
 1.12216082e+00 -2.76125458e+01
 1.12341212e+00 -2.80226491e+01
 9.90835985e-01 -2.86156504e+01
 7.40507811e-01 -2.93746036e+01
 3.88392556e-01 -3.02780222e+01
 -4.87518976e-02 -3.12979500e+01
 -5.50671155e-01 -3.23995872e+01
 -1.09099071e+00 -3.35440193e+01
 -1.63750521e+00 -3.46925533e+01
 -2.15591505e+00 -3.58099834e+01
 -2.61477682e+00 -3.68659067e+01
 -2.98915665e+00 -3.78352138e+01
 -3.26223667e+00 -3.86988268e+01
 -3.42538513e+00 -3.94445538e+01
 -3.47724450e+00 -4.00673516e+01
 -3.42237660e+00 -4.05685317e+01
 -3.26978653e+00 -4.09539096e+01
 -3.03075347e+00 -4.12313119e+01
 -2.71554358e+00 -4.14081562e+01
 -2.33037300e+00 -4.14899566e+01
 -1.87658663e+00 -4.14804234e+01
 -1.35209435e+00 -4.13829238e+01
 -7.53355510e-01 -4.12021015e+01
 -7.67597130e-02 -4.09447762e+01
 6.80046616e-01 -4.06205004e+01
 1.51571049e+00 -4.02425000e+01
 2.42166377e+00 -3.98287976e+01
 3.37944593e+00 -3.94024289e+01
 4.36103255e+00 -3.89898814e+01
 5.33254658e+00 -3.86181094e+01
 6.25950327e+00 -3.83114638e+01
 7.11098697e+00 -3.80895223e+01
 7.86145867e+00 -3.79657721e+01
 8.49119587e+00 -3.79467239e+01
 8.98745366e+00 -3.80313173e+01
 9.34692419e+00 -3.82107208e+01
 9.57739395e+00 -3.84686891e+01
 9.69589150e+00 -3.87825007e+01
 9.72366734e+00 -3.91242749e+01
 9.68199046e+00 -3.94627411e+01
 9.59168480e+00 -3.97664533e+01
 9.47407324e+00 -4.00099066e+01
 9.34890813e+00 -4.01820182e+01
 9.22930684e+00 -4.02919773e+01
 9.11860831e+00 -4.03656753e+01
 9.01279387e+00 -4.04323811e+01
 8.90635883e+00 -4.05110560e+01
 8.79651966e+00 -4.06062568e+01
 8.68347535e+00 -4.07136151e+01
 8.56857500e+00 -4.08271972e+01
 8.45291178e+00 -4.09431480e+01
 8.33701525e+00 -4.10597860e+01
 8.22106454e+00 -4.11765777e+01
 8.10510416e+00 -4.12933960e+01
 7.98914246e+00 -4.14102180e+01
 7.87318078e+00 -4.15270401e+01
 7.75722062e+00 -4.16438607e+01
 7.64127206e+00 -4.17606696e+01
 7.52539255e+00 -4.18774090e+01
 7.40983548e+00 -4.19938235e+01
 7.29546219e+00 -4.21090455e+01
 7.18451027e+00 -4.22208207e+01
 7.08135465e+00 -4.23247418e+01
 6.99222423e+00 -4.24145336e+01
 6.92303360e+00 -4.24842376e+01
 6.92303360e+00 -4.24842376e+01
 6.92303360e+00 -4.24842376e+01
 6.92303360e+00 -4.24842376e+01
 6.92303360e+00 -4.24842376e+01
 6.92303360e+00 -4.24842376e+01
 6.92303360e+00 -4.24842376e+01
 6.92303360e+00 -4.24842376e+01
 6.92303360e+00 -4.24842376e+01
 6.92303360e+00 -4.24842376e+01
 6.92303360e+00 -4.24842376e+01
 6.92303360e+00 -4.24842376e+01
 6.92303360e+00 -4.24842376e+01
 6.92303360e+00 -4.24842376e+01
 6.92303360e+00 -4.24842376e+01
 6.92303360e+00 -4.24842376e+01
 6.92303360e+00 -4.24842376e+01
 6.92303360e+00 -4.24842376e+01
 6.92303360e+00 -4.24842376e+01
 6.92303360e+00 -4.24842376e+01
 6.92303360e+00 -4.24842376e+01
 6.92303360e+00 -4.24842376e+01
 6.92303360e+00 -4.24842376e+01
 6.92303360e+00 -4.24842376e+01
 6.92303360e+00 -4.24842376e+01
 6.92303360e+00 -4.24842376e+01
 6.92303360e+00 -4.24842376e+01
 6.92303360e+00 -4.24842376e+01
 6.92303360e+00 -4.24842376e+01
 6.92303360e+00 -4.24842376e+01
 6.92303360e+00 -4.24842376e+01
 6.92303360e+00 -4.24842376e+01
