 0.00000000e+00 0.00000000e+00
 0.00000000e+00 0.00000000e+00
 0.00000000e+00 0.00000000e+00
 0.00000000e+00 0.00000000e+00
 3.91305435e-02 2.30683968e-01
 8.47036591e-02 5.22960449e-01
 1.31634129e-01 8.52224451e-01
 1.74707230e-01 1.19121484e+00
 2.09058000e-01 1.51738608e+00
 2.30296190e-01 1.81410468e+00
 2.34358097e-01 2.06835419e+00
 2.16610132e-01 2.26801390e+00
 1.70486527e-01 2.39954516e+00
 8.68537376e-02 2.44613922e+00
 -4.49902110e-02 2.38715619e+00
 -2.35054282e-01 2.19975714e+00
 -4.90716668e-01 1.86220716e+00
 -8.16273341e-01 1.35706295e+00
 -1.21325885e+00 6.72820897e-01
 -1.68032142e+00 -1.96029278e-01
 -2.21301885e+00 -1.24968081e+00
 -2.80472379e+00 -2.48368559e+00
 -3.44874889e+00 -3.88971043e+00
 -4.14079349e+00 -5.45711306e+00
 -4.88090828e+00 -7.17580950e+00
 -5.67442757e+00 -9.03964111e+00
 -6.53129162e+00 -1.10481655e+01
 -7.46353734e+00 -1.32048855e+01
 -8.48156552e+00 -1.55118303e+01
 -9.59029854e+00 -1.79628385e+01
 -1.07862345e+01 -2.05388933e+01
 -1.20560744e+01 -2.32075638e+01
 -1.33771187e+01 -2.59259556e+01
 -1.47190002e+01 -2.86446474e+01
 -1.60460945e+01 -3.13105898e+01
 -1.73203258e+01 -3.38693163e+01
 -1.85043729e+01 -3.62681608e+01
 -1.95650293e+01 -3.84608404e+01
 -2.04760221e+01 -4.04117585e+01
 -2.12195205e+01 -4.20982355e+01
 -2.17860494e+01 -4.35101686e+01
 -2.21731768e+01 -4.46475983e+01
 -2.23834860e+01 -4.55170611e+01
 -2.24220841e+01 -4.61279076e+01
 -2.22940292e+01 -4.64897297e+01
 -2.20026109e+01 -4.66113471e+01
 -2.15493187e+01 -4.65009479e+01
 -2.09351837e+01 -4.61666380e+01
 -2.01622518e+01 -4.56169384e+01
 -1.92344390e+01 -4.48612819e+01
 -1.81582346e+01 -4.39109275e+01
 -1.69440365e+01 -4.27806578e+01
 -1.56079637e+01 -4.14910347e+01
 -1.41730547e+01 -4.00702737e+01
 -1.26690336e+01 -3.85546954e+01
 -1.11309261e+01 -3.69874513e+01
 -9.59732917e+00 -3.54160919e+01
 -8.10867849e+00 -3.38897442e+01
 -6.70524196e+00 -3.24561711e+01
 -5.42428422e+00 -3.11585717e+01
 -4.29615086e+00 -3.00323162e+01
 -3.34017975e+00 -2.91025840e+01
 -2.56242961e+00 -2.83840666e+01
 -1.95668006e+00 -2.78828562e+01
 -1.50819456e+00 -2.75992029e+01
 -1.19821274e+00 -2.75295836e+01
 -1.00761273e+00 -2.76677266e+01
 -9.19993886e-01 -2.80052044e+01
 -9.24638433e-01 -2.85317873e+01
 -1.01768725e+00 -2.92348644e+01
 -1.19947783e+00 -3.00974361e+01
 -1.46922986e+00 -3.10955657e+01
 -1.82050185e+00 -3.21971999e+01
 -2.23920252e+00 -3.33635757e+01
 -2.70379674e+00 -3.45526213e+01
 -3.18704689e+00 -3.57227631e+01
 -3.65874408e+00 -3.68360684e+01
 -4.08883552e+00 -3.78605740e+01
 -4.45061313e+00 -3.87719464e+01
 -4.72354685e+00 -3.95543548e+01
 -4.89472155e+00 -4.02001488e+01
 -4.95789507e+00 -4.07080839e+01
 -4.91062790e+00 -4.10805793e+01
 -4.75147548e+00 -4.13212326e+01
 -4.47891881e+00 -4.14337268e+01
 -4.09170612e+00 -4.14222308e+01
 -3.58910402e+00 -4.12922900e+01
 -2.97053084e+00 -4.10512167e+01
 -2.23554731e+00 -4.07081428e+01
 -1.38518213e+00 -4.02745875e+01
 -4.24193041e-01 -3.97655648e+01
 6.37055158e-01 -3.92001983e+01
 1.78179378e+00 -3.86011216e+01
 2.98669964e+00 -3.79930278e+01
 4.22189473e+00 -3.74011064e+01
 5.45162019e+00 -3.68495950e+01
 6.63670435e+00 -3.63602955e+01
 7.73892996e+00 -3.59511267e+01
 8.72551569e+00 -3.56351578e+01
 9.57147263e+00 -3.54204575e+01
 1.02596300e+01 -3.53104258e+01
 1.07803545e+01 -3.53037850e+01
 1.11326109e+01 -3.53938632e+01
 1.13259082e+01 -3.55678575e+01
 1.13816532e+01 -3.58071887e+01
 1.13325459e+01 -3.60895190e+01
 1.12184971e+01 -3.63922771e+01
 1.10784230e+01 -3.66969126e+01
 1.09407937e+01 -3.69922704e+01
 1.08186781e+01 -3.72752034e+01
 1.07123464e+01 -3.75480571e+01
 1.06163143e+01 -3.78149276e+01
 1.05252068e+01 -3.80790763e+01
 1.04358928e+01 -3.83422620e+01
 1.03470838e+01 -3.86051812e+01
 1.02583854e+01 -3.88680427e+01
 1.01697059e+01 -3.91308944e+01
 1.00810289e+01 -3.93937448e+01
 9.99235227e+00 -3.96565946e+01
 9.90367684e+00 -3.99194410e+01
 9.81501030e+00 -4.01822611e+01
 9.72639655e+00 -4.04449247e+01
 9.63802939e+00 -4.07068574e+01
 9.55056746e+00 -4.09661068e+01
 9.46572187e+00 -4.12176011e+01
 9.38683816e+00 -4.14514235e+01
 9.31867960e+00 -4.16534550e+01
 9.26576913e+00 -4.18102891e+01
 9.26576913e+00 -4.18102891e+01
 9.26576913e+00 -4.18102891e+01
 9.26576913e+00 -4.18102891e+01
 9.26576913e+00 -4.18102891e+01
 9.26576913e+00 -4.18102891e+01
 9.26576913e+00 -4.18102891e+01
 9.26576913e+00 -4.18102891e+01
 9.26576913e+00 -4.18102891e+01
 9.26576913e+00 -4.18102891e+01
 9.26576913e+00 -4.18102891e+01
 9.26576913e+00 -4.18102891e+01
 9.26576913e+00 -4.18102891e+01
 9.26576913e+00 -4.18102891e+01
 9.26576913e+00 -4.18102891e+01
 9.26576913e+00 -4.18102891e+01
 9.26576913e+00 -4.18102891e+01
 9.26576913e+00 -4.18102891e+01
 9.26576913e+00 -4.18102891e+01
 9.26576913e+00 -4.18102891e+01
 9.26576913e+00 -4.18102891e+01
 9.26576913e+00 -4.18102891e+01
 9.26576913e+00 -4.18102891e+01
 9.26576913e+00 -4.18102891e+01
 9.26576913e+00 -4.18102891e+01
 9.26576913e+00 -4.18102891e+01
 9.26576913e+00 -4.18102891e+01
 9.26576913e+00 -4.18102891e+01
 9.26576913e+00 -4.18102891e+01
 9.26576913e+00 -4.18102891e+01
 9.26576913e+00 -4.18102891e+01
 9.26576913e+00 -4.18102891e+01
 9.26576913e+00 -4.18102891e+01
 9.26576913e+00 -4.18102891e+01
 9.26576913e+00 -4.18102891e+01
