 0.00000000e+00 0.00000000e+00
 0.00000000e+00 0.00000000e+00
 0.00000000e+00 0.00000000e+00
 0.00000000e+00 0.00000000e+00
 0.00000000e+00 0.00000000e+00
 0.00000000e+00 0.00000000e+00
 0.00000000e+00 0.00000000e+00
 0.00000000e+00 0.00000000e+00
 0.00000000e+00 0.00000000e+00
 -2.85461332e-03 1.51690596e-01
 -1.19583469e-02 3.54788959e-01
 -3.56425859e-02 5.99750929e-01
 -8.66331498e-02 8.73516714e-01
 -1.79193140e-01 1.16359794e+00
 -3.24195344e-01 1.45935046e+00
 -5.25565473e-01 1.75166992e+00
 -7.80412510e-01 2.03271214e+00
 -1.08179806e+00 2.29579318e+00
 -1.42186527e+00 2.53482392e+00
 -1.79432706e+00 2.74321633e+00
 -2.19626612e+00 2.91304099e+00
 -2.62913904e+00 3.03502199e+00
 -3.09895180e+00 3.09902845e+00
 -3.61587475e+00 3.09455401e+00
 -4.19348957e+00 3.01140337e+00
 -4.84752327e+00 2.84077968e+00
 -5.59385545e+00 2.57598058e+00
 -6.44584308e+00 2.21199291e+00
 -7.41135129e+00 1.74469039e+00
 -8.49025378e+00 1.17076390e+00
 -9.67330696e+00 4.88429129e-01
 -1.09427002e+01 -3.01660917e-01
 -1.22735446e+01 -1.19534341e+00
 -1.36352567e+01 -2.18347334e+00
 -1.49926696e+01 -3.25050993e+00
 -1.63076161e+01 -4.37422526e+00
 -1.75414352e+01 -5.52701791e+00
 -1.86578317e+01 -6.67822485e+00
 -1.96252372e+01 -7.79659982e+00
 -2.04184446e+01 -8.85272464e+00
 -2.10196794e+01 -9.82142628e+00
 -2.14190030e+01 -1.06839323e+01
 -2.16137989e+01 -1.14291316e+01
 -2.16074713e+01 -1.20534247e+01
 -2.14077955e+01 -1.25591836e+01
 -2.10252205e+01 -1.29524267e+01
 -2.04714418e+01 -1.32405583e+01
 -1.97589395e+01 -1.34307910e+01
 -1.89020392e+01 -1.35294142e+01
 -1.79189987e+01 -1.35417330e+01
 -1.68336906e+01 -1.34723966e+01
 -1.56756472e+01 -1.33259697e+01
 -1.44782495e+01 -1.31076758e+01
 -1.32757409e+01 -1.28239556e+01
 -1.21000324e+01 -1.24822156e+01
 -1.09780246e+01 -1.20895941e+01
 -9.92969279e+00 -1.16514472e+01
 -8.96693175e+00 -1.11705209e+01
 -8.09327764e+00 -1.06471468e+01
 -7.30463291e+00 -1.00800258e+01
 -6.59077766e+00 -9.46698259e+00
 -5.93736817e+00 -8.80555488e+00
 -5.32841938e+00 -8.09382291e+00
 -4.74906621e+00 -7.33172744e+00
 -4.18764008e+00 -6.52239717e+00
 -3.63609216e+00 -5.67273281e+00
 -3.08905965e+00 -4.79305817e+00
 -2.54305537e+00 -3.89628088e+00
 -1.99695775e+00 -2.99715761e+00
 -1.45353559e+00 -2.11204409e+00
 -9.20635689e-01 -1.25897219e+00
 -4.10755565e-01 -4.57299429e-01
 6.11990460e-02 2.73711019e-01
 4.80836530e-01 9.17057027e-01
 8.36139235e-01 1.45976702e+00
 1.11734840e+00 1.89325963e+00
 1.31554745e+00 2.21209142e+00
 1.42137804e+00 2.41185134e+00
 1.42499469e+00 2.48779479e+00
 1.31776542e+00 2.43570482e+00
 1.09513237e+00 2.25462153e+00
 7.58733960e-01 1.94898821e+00
 3.16491828e-01 1.52826015e+00
 -2.18448362e-01 1.00477593e+00
 -8.28673612e-01 3.92130639e-01
 -1.49369438e+00 -2.95060991e-01
 -2.19207391e+00 -1.04107786e+00
 -2.90409924e+00 -1.83015833e+00
 -3.61413136e+00 -2.64901472e+00
 -4.31206009e+00 -3.48948190e+00
 -4.99338049e+00 -4.34939448e+00
 -5.65756721e+00 -5.23088836e+00
 -6.30504923e+00 -6.13701575e+00
 -6.93371231e+00 -7.06823896e+00
 -7.53607078e+00 -8.01995408e+00
 -8.09811696e+00 -8.98161527e+00
 -8.60034037e+00 -9.93753113e+00
 -9.02046310e+00 -1.08687748e+01
 -9.33659739e+00 -1.17552467e+01
 -9.52958211e+00 -1.25772502e+01
 -9.58418161e+00 -1.33166284e+01
 -9.48977081e+00 -1.39577497e+01
 -9.24129137e+00 -1.44883760e+01
 -8.84055235e+00 -1.49002990e+01
 -8.29703435e+00 -1.51896102e+01
 -7.62724091e+00 -1.53562593e+01
 -6.85261302e+00 -1.54027630e+01
 -5.99710130e+00 -1.53329548e+01
 -5.08550289e+00 -1.51519720e+01
 -4.14265956e+00 -1.48671595e+01
 -3.19272332e+00 -1.44884216e+01
 -2.25786772e+00 -1.40276113e+01
 -1.35673787e+00 -1.34978436e+01
 -5.03435315e-01 -1.29132544e+01
 2.92600761e-01 -1.22888438e+01
 1.02628083e+00 -1.16400096e+01
 1.69697307e+00 -1.09817879e+01
 2.30927817e+00 -1.03278327e+01
 2.87337744e+00 -9.68893549e+00
 3.40335369e+00 -9.07125584e+00
 3.91346771e+00 -8.47533329e+00
 4.41455393e+00 -7.89703589e+00
 4.91272179e+00 -7.33021512e+00
 5.41040949e+00 -6.76940760e+00
 5.90820099e+00 -6.21112613e+00
 6.40609938e+00 -5.65369144e+00
 6.90403992e+00 -5.09648223e+00
 7.40199140e+00 -4.53932052e+00
 7.89994496e+00 -3.98216671e+00
 8.39789875e+00 -3.42501399e+00
 8.89585190e+00 -2.86786213e+00
 9.39379848e+00 -2.31071763e+00
 9.89169523e+00 -1.75362889e+00
 1.03892955e+01 -1.19687189e+00
 1.08855111e+01 -6.41664130e-01
 1.13766435e+01 -9.21439560e-02
 1.18530841e+01 4.40937850e-01
 1.22960465e+01 9.36561391e-01
 1.26787830e+01 1.36479919e+00
 1.29758957e+01 1.69723382e+00
 1.29758957e+01 1.69723382e+00
 1.29758957e+01 1.69723382e+00
 1.29758957e+01 1.69723382e+00
 1.29758957e+01 1.69723382e+00
 1.29758957e+01 1.69723382e+00
 1.29758957e+01 1.69723382e+00
 1.29758957e+01 1.69723382e+00
 1.29758957e+01 1.69723382e+00
 1.29758957e+01 1.69723382e+00
 1.29758957e+01 1.69723382e+00
 1.29758957e+01 1.69723382e+00
 1.29758957e+01 1.69723382e+00
 1.29758957e+01 1.69723382e+00
 1.29758957e+01 1.69723382e+00
 1.29758957e+01 1.69723382e+00
 1.29758957e+01 1.69723382e+00
 1.29758957e+01 1.69723382e+00
 1.29758957e+01 1.69723382e+00
 1.29758957e+01 1.69723382e+00
 1.29758957e+01 1.69723382e+00
 1.29758957e+01 1.69723382e+00
 1.29758957e+01 1.69723382e+00
 1.29758957e+01 1.69723382e+00
 1.29758957e+01 1.69723382e+00
 1.29758957e+01 1.69723382e+00
 1.29758957e+01 1.69723382e+00
 1.29758957e+01 1.69723382e+00
 1.29758957e+01 1.69723382e+00
 1.29758957e+01 1.69723382e+00
 1.29758957e+01 1.69723382e+00
 1.29758957e+01 1.69723382e+00
 1.29758957e+01 1.69723382e+00
 1.29758957e+01 1.69723382e+00
 1.29758957e+01 1.69723382e+00
 1.29758957e+01 1.69723382e+00
 1.29758957e+01 1.69723382e+00
 1.29758957e+01 1.69723382e+00
 1.29758957e+01 1.69723382e+00
