 0.00000000e+00 0.00000000e+00
 0.00000000e+00 0.00000000e+00
 0.00000000e+00 0.00000000e+00
 0.00000000e+00 0.00000000e+00
 1.24688359e-02 5.13126637e-02
 3.64952961e-02 1.30585285e-01
 7.42742292e-02 2.39124494e-01
 1.23233889e-01 3.74630137e-01
 1.75913656e-01 5.32450909e-01
 2.22905675e-01 7.06052130e-01
 2.56563628e-01 8.86655255e-01
 2.72437508e-01 1.06331946e+00
 2.67526285e-01 1.22427581e+00
 2.37693666e-01 1.35889286e+00
 1.77529807e-01 1.45864337e+00
 8.29346055e-02 1.51595192e+00
 -4.66708364e-02 1.52200356e+00
 -2.08838731e-01 1.46624238e+00
 -4.00237183e-01 1.33855275e+00
 -6.18190745e-01 1.13176212e+00
 -8.60935913e-01 8.41960069e-01
 -1.12721505e+00 4.67098855e-01
 -1.41591979e+00 5.80464138e-03
 -1.72630907e+00 -5.42919691e-01
 -2.05894094e+00 -1.17967822e+00
 -2.41682388e+00 -1.90495893e+00
 -2.80604268e+00 -2.71986239e+00
 -3.23545780e+00 -3.62693004e+00
 -3.71566405e+00 -4.63041237e+00
 -4.25778768e+00 -5.73576289e+00
 -4.87249833e+00 -6.94903598e+00
 -5.56905256e+00 -8.27700867e+00
 -6.35408819e+00 -9.72793274e+00
 -7.23040402e+00 -1.13119817e+01
 -8.19630111e+00 -1.30404988e+01
 -9.24558249e+00 -1.49236458e+01
 -1.03673727e+01 -1.69665710e+01
 -1.15448191e+01 -1.91648961e+01
 -1.27531596e+01 -2.15009322e+01
 -1.39591084e+01 -2.39419837e+01
 -1.51229072e+01 -2.64413599e+01
 -1.62021654e+01 -2.89418068e+01
 -1.71554223e+01 -3.13805486e+01
 -1.79445174e+01 -3.36951753e+01
 -1.85365930e+01 -3.58297779e+01
 -1.89065088e+01 -3.77403923e+01
 -1.90389163e+01 -3.93982222e+01
 -1.89286754e+01 -4.07893688e+01
 -1.85795917e+01 -4.19112804e+01
 -1.80027427e+01 -4.27677677e+01
 -1.72153711e+01 -4.33648134e+01
 -1.62403761e+01 -4.37085096e+01
 -1.51062828e+01 -4.38052735e+01
 -1.38477538e+01 -4.36637303e+01
 -1.25061375e+01 -4.32972848e+01
 -1.11286941e+01 -4.27263172e+01
 -9.76520147e+00 -4.19791638e+01
 -8.46160198e+00 -4.10915870e+01
 -7.25156803e+00 -4.01049320e+01
 -6.14850499e+00 -3.90630162e+01
 -5.14239298e+00 -3.80071651e+01
 -4.20539287e+00 -3.69694024e+01
 -3.30483940e+00 -3.59664945e+01
 -2.41587089e+00 -3.49992430e+01
 -1.52623685e+00 -3.40582632e+01
 -6.33131243e-01 -3.31321079e+01
 2.62397271e-01 -3.22124789e+01
 1.15897711e+00 -3.12951048e+01
 2.05588417e+00 -3.03783430e+01
 2.95286759e+00 -2.94617119e+01
 3.84986462e+00 -2.85451027e+01
 4.74686343e+00 -2.76284965e+01
 5.64386121e+00 -2.67118918e+01
 6.54084718e+00 -2.57952992e+01
 7.43774338e+00 -2.48787984e+01
 8.33410550e+00 -2.39628433e+01
 9.22797337e+00 -2.30494370e+01
 1.01126844e+01 -2.21453877e+01
 1.09709302e+01 -2.12683821e+01
 1.17688692e+01 -2.04530015e+01
 1.24583193e+01 -1.97484812e+01
 1.29935291e+01 -1.92015726e+01
 1.29935291e+01 -1.92015726e+01
 1.29935291e+01 -1.92015726e+01
 1.29935291e+01 -1.92015726e+01
 1.29935291e+01 -1.92015726e+01
 1.29935291e+01 -1.92015726e+01
 1.29935291e+01 -1.92015726e+01
 1.29935291e+01 -1.92015726e+01
 1.29935291e+01 -1.92015726e+01
 1.29935291e+01 -1.92015726e+01
 1.29935291e+01 -1.92015726e+01
 1.29935291e+01 -1.92015726e+01
 1.29935291e+01 -1.92015726e+01
 1.29935291e+01 -1.92015726e+01
 1.29935291e+01 -1.92015726e+01
 1.29935291e+01 -1.92015726e+01
 1.29935291e+01 -1.92015726e+01
 1.29935291e+01 -1.92015726e+01
 1.29935291e+01 -1.92015726e+01
 1.29935291e+01 -1.92015726e+01
 1.29935291e+01 -1.92015726e+01
 1.29935291e+01 -1.92015726e+01
 1.29935291e+01 -1.92015726e+01
 1.29935291e+01 -1.92015726e+01
 1.29935291e+01 -1.92015726e+01
 1.29935291e+01 -1.92015726e+01
 1.29935291e+01 -1.92015726e+01
 1.29935291e+01 -1.92015726e+01
