 0.00000000e+00 0.00000000e+00
 0.00000000e+00 0.00000000e+00
 0.00000000e+00 0.00000000e+00
 0.00000000e+00 0.00000000e+00
 9.32340248e-02 1.24262456e-01
 2.18530601e-01 2.91763791e-01
 3.68580326e-01 4.95311006e-01
 5.31887103e-01 7.24327451e-01
 6.95602537e-01 9.68142746e-01
 8.47750404e-01 1.21761367e+00
 9.78995718e-01 1.46578761e+00
 1.08367680e+00 1.70822300e+00
 1.15911483e+00 1.94277311e+00
 1.20336894e+00 2.16874735e+00
 1.21361167e+00 2.38593020e+00
 1.18686412e+00 2.59395322e+00
 1.12195009e+00 2.79204437e+00
 1.02018598e+00 2.97891894e+00
 8.84131301e-01 3.15268182e+00
 7.15740416e-01 3.31070661e+00
 5.15138061e-01 3.44950801e+00
 2.80195527e-01 3.56483265e+00
 6.80674704e-03 3.65216663e+00
 -3.10187787e-01 3.70720382e+00
 -6.75904360e-01 3.72541647e+00
 -1.09476660e+00 3.70091872e+00
 -1.57024222e+00 3.62625951e+00
 -2.10454142e+00 3.49401831e+00
 -2.69843091e+00 3.29857005e+00
 -3.35158642e+00 3.03599219e+00
 -4.06318372e+00 2.70261257e+00
 -4.83191389e+00 2.29424859e+00
 -5.65520199e+00 1.80682208e+00
 -6.52828383e+00 1.23728220e+00
 -7.44379760e+00 5.83835179e-01
 -8.39187455e+00 -1.54362675e-01
 -9.36037855e+00 -9.77229538e-01
 -1.03350999e+01 -1.88300752e+00
 -1.12998398e+01 -2.86692172e+00
 -1.22364738e+01 -3.91978498e+00
 -1.31253599e+01 -5.02716256e+00
 -1.39464007e+01 -6.16963820e+00
 -1.46805613e+01 -7.32416835e+00
 -1.53113086e+01 -8.46570434e+00
 -1.58256158e+01 -9.56833146e+00
 -1.62145045e+01 -1.06063386e+01
 -1.64732015e+01 -1.15562389e+01
 -1.66009291e+01 -1.23995546e+01
 -1.66003807e+01 -1.31246145e+01
 -1.64769269e+01 -1.37260063e+01
 -1.62375228e+01 -1.42023078e+01
 -1.58895043e+01 -1.45538014e+01
 -1.54397507e+01 -1.47811145e+01
 -1.48944509e+01 -1.48845551e+01
 -1.42592543e+01 -1.48637597e+01
 -1.35396811e+01 -1.47179029e+01
 -1.27419831e+01 -1.44469224e+01
 -1.18743451e+01 -1.40534406e+01
 -1.09476990e+01 -1.35441849e+01
 -9.97546539e+00 -1.29299357e+01
 -8.97233170e+00 -1.22242378e+01
 -7.95283079e+00 -1.14419405e+01
 -6.93044648e+00 -1.05982016e+01
 -5.91739617e+00 -9.70752510e+00
 -4.92460513e+00 -8.78213776e+00
 -3.96121397e+00 -7.83010361e+00
 -3.03358717e+00 -6.85469769e+00
 -2.14472187e+00 -5.85601942e+00
 -1.29499696e+00 -4.83412631e+00
 -4.84054775e-01 -3.79212010e+00
 2.87332020e-01 -2.73817183e+00
 1.01615966e+00 -1.68625413e+00
 1.69675186e+00 -6.55648874e-01
 2.32086020e+00 3.30609969e-01
 2.87862009e+00 1.24809829e+00
 3.36037926e+00 2.07383414e+00
 3.75865107e+00 2.78913434e+00
 4.06943192e+00 3.38185257e+00
 4.29272639e+00 3.84724067e+00
 4.43202710e+00 4.18694230e+00
 4.49203714e+00 4.40639803e+00
 4.47515229e+00 4.51178045e+00
 4.37947791e+00 4.50771891e+00
 4.20046336e+00 4.39634079e+00
 3.93438007e+00 4.17734694e+00
 3.58031815e+00 3.84868193e+00
 3.14019198e+00 3.40760813e+00
 2.61869093e+00 2.85208127e+00
 2.02407772e+00 2.18221056e+00
 1.36872656e+00 1.40143112e+00
 6.68185020e-01 5.16928433e-01
 -6.09636160e-02 -4.60889343e-01
 -8.03053177e-01 -1.51942118e+00
 -1.54406365e+00 -2.64457801e+00
 -2.27116433e+00 -3.82081074e+00
 -2.97179796e+00 -5.03086863e+00
 -3.63302416e+00 -6.25581337e+00
 -4.24133006e+00 -7.47536403e+00
 -4.78268374e+00 -8.66835729e+00
 -5.24285152e+00 -9.81328231e+00
 -5.60826278e+00 -1.08891799e+01
 -5.86693573e+00 -1.18771210e+01
 -6.00821456e+00 -1.27617929e+01
 -6.02120407e+00 -1.35321726e+01
 -5.89378349e+00 -1.41807788e+01
 -5.61377184e+00 -1.47021448e+01
 -5.17118466e+00 -1.50916359e+01
 -4.55951515e+00 -1.53451962e+01
 -3.77622282e+00 -1.54598629e+01
 -2.82453937e+00 -1.54345595e+01
 -1.71727698e+00 -1.52707628e+01
 -4.80475818e-01 -1.49730379e+01
 8.45913693e-01 -1.45500088e+01
 2.21108724e+00 -1.40161122e+01
 3.55891486e+00 -1.33930130e+01
 4.83459285e+00 -1.27086996e+01
 5.99226492e+00 -1.19936843e+01
 7.00389704e+00 -1.12758300e+01
 7.86764451e+00 -1.05757978e+01
 8.61023065e+00 -9.90439154e+00
 9.27770986e+00 -9.26257386e+00
 9.91676973e+00 -8.64432674e+00
 1.05581708e+01 -8.04111255e+00
 1.12127332e+01 -7.44563222e+00
 1.18786251e+01 -6.85335763e+00
 1.25506451e+01 -6.26215001e+00
 1.32250581e+01 -5.67122651e+00
 1.39001748e+01 -5.08036336e+00
 1.45754503e+01 -4.48951042e+00
 1.52507535e+01 -3.89865884e+00
 1.59260603e+01 -3.30780748e+00
 1.66013666e+01 -2.71695693e+00
 1.72766640e+01 -2.12611417e+00
 1.79518939e+01 -1.53533055e+00
 1.86267216e+01 -9.44898726e-01
 1.92996716e+01 -3.56109855e-01
 1.99657278e+01 2.26647426e-01
 2.06118596e+01 7.91972084e-01
 2.12125894e+01 1.31757285e+00
 2.17316430e+01 1.77171214e+00
 2.21345766e+01 2.12425370e+00
 2.21345766e+01 2.12425370e+00
 2.21345766e+01 2.12425370e+00
 2.21345766e+01 2.12425370e+00
 2.21345766e+01 2.12425370e+00
 2.21345766e+01 2.12425370e+00
 2.21345766e+01 2.12425370e+00
 2.21345766e+01 2.12425370e+00
 2.21345766e+01 2.12425370e+00
 2.21345766e+01 2.12425370e+00
 2.21345766e+01 2.12425370e+00
 2.21345766e+01 2.12425370e+00
 2.21345766e+01 2.12425370e+00
 2.21345766e+01 2.12425370e+00
 2.21345766e+01 2.12425370e+00
 2.21345766e+01 2.12425370e+00
 2.21345766e+01 2.12425370e+00
 2.21345766e+01 2.12425370e+00
 2.21345766e+01 2.12425370e+00
 2.21345766e+01 2.12425370e+00
 2.21345766e+01 2.12425370e+00
 2.21345766e+01 2.12425370e+00
 2.21345766e+01 2.12425370e+00
 2.21345766e+01 2.12425370e+00
 2.21345766e+01 2.12425370e+00
 2.21345766e+01 2.12425370e+00
 2.21345766e+01 2.12425370e+00
 2.21345766e+01 2.12425370e+00
 2.21345766e+01 2.12425370e+00
 2.21345766e+01 2.12425370e+00
 2.21345766e+01 2.12425370e+00
 2.21345766e+01 2.12425370e+00
 2.21345766e+01 2.12425370e+00
 2.21345766e+01 2.12425370e+00
 2.21345766e+01 2.12425370e+00
 2.21345766e+01 2.12425370e+00
 2.21345766e+01 2.12425370e+00
 2.21345766e+01 2.12425370e+00
