 0.00000000e+00 0.00000000e+00
 0.00000000e+00 0.00000000e+00
 0.00000000e+00 0.00000000e+00
 0.00000000e+00 0.00000000e+00
 1.02310019e-01 1.38526549e-01
 2.29746043e-01 3.17634643e-01
 3.68110885e-01 5.22066029e-01
 5.00481022e-01 7.32757904e-01
 6.11957763e-01 9.32393512e-01
 6.92631047e-01 1.10774660e+00
 7.37957335e-01 1.24951928e+00
 7.46435948e-01 1.35137176e+00
 7.16547367e-01 1.40894636e+00
 6.46221582e-01 1.41920051e+00
 5.35366373e-01 1.38045123e+00
 3.88134656e-01 1.29297678e+00
 2.12217819e-01 1.15922063e+00
 1.62789067e-02 9.83077317e-01
 -1.91983967e-01 7.68972083e-01
 -4.06484094e-01 5.21665223e-01
 -6.22867821e-01 2.46667944e-01
 -8.38591906e-01 -4.98012857e-02
 -1.05297574e+00 -3.62204692e-01
 -1.26735996e+00 -6.88122967e-01
 -1.48551026e+00 -1.03049157e+00
 -1.71404579e+00 -1.39863339e+00
 -1.96247777e+00 -1.80806885e+00
 -2.24260291e+00 -2.27967199e+00
 -2.56726702e+00 -2.83855140e+00
 -2.94885044e+00 -3.51249460e+00
 -3.39801365e+00 -4.32957130e+00
 -3.92279338e+00 -5.31487145e+00
 -4.52741161e+00 -6.48697777e+00
 -5.21034188e+00 -7.85495892e+00
 -5.96245618e+00 -9.41631844e+00
 -6.76693475e+00 -1.11561163e+01
 -7.60177385e+00 -1.30478332e+01
 -8.44399615e+00 -1.50566579e+01
 -9.27383037e+00 -1.71446643e+01
 -1.00774482e+01 -1.92756356e+01
 -1.08473883e+01 -2.14172917e+01
 -1.15805246e+01 -2.35408489e+01
 -1.22747876e+01 -2.56198833e+01
 -1.29267718e+01 -2.76302411e+01
 -1.35312932e+01 -2.95508201e+01
 -1.40818174e+01 -3.13637485e+01
 -1.45701320e+01 -3.30531011e+01
 -1.49852999e+01 -3.46031164e+01
 -1.53135323e+01 -3.59979389e+01
 -1.55401594e+01 -3.72236970e+01
 -1.56527532e+01 -3.82712441e+01
 -1.56427883e+01 -3.91368557e+01
 -1.55040266e+01 -3.98197180e+01
 -1.52288355e+01 -4.03176226e+01
 -1.48059712e+01 -4.06237274e+01
 -1.42223199e+01 -4.07264873e+01
 -1.34677195e+01 -4.06126522e+01
 -1.25398615e+01 -4.02715980e+01
 -1.14471752e+01 -3.96993091e+01
 -1.02097367e+01 -3.89012172e+01
 -8.85899713e+00 -3.78936934e+01
 -7.43605766e+00 -3.67042073e+01
 -5.98722563e+00 -3.53703072e+01
 -4.55640623e+00 -3.39374815e+01
 -3.17616521e+00 -3.24553360e+01
 -1.86121379e+00 -3.09709841e+01
 -6.07942267e-01 -2.95200085e+01
 5.99339820e-01 -2.81190634e+01
 1.77911499e+00 -2.67656583e+01
 2.94570310e+00 -2.54459445e+01
 4.10725942e+00 -2.41447592e+01
 5.26730319e+00 -2.28515783e+01
 6.42699366e+00 -2.15611232e+01
 7.58662128e+00 -2.02714000e+01
 8.74624067e+00 -1.89818317e+01
 9.90585934e+00 -1.76922891e+01
 1.10654778e+01 -1.64027501e+01
 1.22250948e+01 -1.51132131e+01
 1.33846964e+01 -1.38236932e+01
 1.45441820e+01 -1.25343023e+01
 1.57029771e+01 -1.12456792e+01
 1.68585477e+01 -9.96064192e+00
 1.80022806e+01 -8.68876861e+00
 1.91117999e+01 -7.45494217e+00
 2.01433561e+01 -6.30781349e+00
 2.10346603e+01 -5.31665019e+00
 2.17265665e+01 -4.54722488e+00
 2.17265665e+01 -4.54722488e+00
 2.17265665e+01 -4.54722488e+00
 2.17265665e+01 -4.54722488e+00
 2.17265665e+01 -4.54722488e+00
 2.17265665e+01 -4.54722488e+00
 2.17265665e+01 -4.54722488e+00
 2.17265665e+01 -4.54722488e+00
 2.17265665e+01 -4.54722488e+00
 2.17265665e+01 -4.54722488e+00
 2.17265665e+01 -4.54722488e+00
 2.17265665e+01 -4.54722488e+00
 2.17265665e+01 -4.54722488e+00
 2.17265665e+01 -4.54722488e+00
 2.17265665e+01 -4.54722488e+00
 2.17265665e+01 -4.54722488e+00
 2.17265665e+01 -4.54722488e+00
 2.17265665e+01 -4.54722488e+00
 2.17265665e+01 -4.54722488e+00
 2.17265665e+01 -4.54722488e+00
 2.17265665e+01 -4.54722488e+00
 2.17265665e+01 -4.54722488e+00
 2.17265665e+01 -4.54722488e+00
