 0.00000000e+00 0.00000000e+00
 0.00000000e+00 0.00000000e+00
 0.00000000e+00 0.00000000e+00
 0.00000000e+00 0.00000000e+00
 4.26007253e-02 3.64658182e-02
 9.52219969e-02 7.96872144e-02
 1.51607060e-01 1.25412506e-01
 2.04130688e-01 1.69943040e-01
 2.46243363e-01 2.11055514e-01
 2.73979590e-01 2.48082457e-01
 2.85467356e-01 2.81614027e-01
 2.78742538e-01 3.12772185e-01
 2.49929487e-01 3.41776838e-01
 1.93873954e-01 3.66461691e-01
 1.06602465e-01 3.81927881e-01
 -1.33536548e-02 3.81116160e-01
 -1.66146137e-01 3.54980116e-01
 -3.52278287e-01 2.92386957e-01
 -5.72430320e-01 1.81208914e-01
 -8.25945717e-01 1.06404053e-02
 -1.11006213e+00 -2.26926080e-01
 -1.42056783e+00 -5.35355833e-01
 -1.75274881e+00 -9.14960285e-01
 -2.10166304e+00 -1.36307290e+00
 -2.46228629e+00 -1.87562427e+00
 -2.83070926e+00 -2.44992025e+00
 -3.20643724e+00 -3.08761678e+00
 -3.59436768e+00 -3.79667170e+00
 -4.00497412e+00 -4.59182817e+00
 -4.45244208e+00 -5.49376624e+00
 -4.95162524e+00 -6.52713904e+00
 -5.51512923e+00 -7.71766469e+00
 -6.15151149e+00 -9.08852982e+00
 -6.86452161e+00 -1.06567201e+01
 -7.65248955e+00 -1.24302548e+01
 -8.50756268e+00 -1.44070240e+01
 -9.41572732e+00 -1.65750322e+01
 -1.03583518e+01 -1.89130582e+01
 -1.13140388e+01 -2.13905633e+01
 -1.22584057e+01 -2.39664593e+01
 -1.31613628e+01 -2.65879872e+01
 -1.39849701e+01 -2.91920652e+01
 -1.46856711e+01 -3.17103255e+01
 -1.52210794e+01 -3.40763002e+01
 -1.55573061e+01 -3.62316783e+01
 -1.56728152e+01 -3.81298713e+01
 -1.55586459e+01 -3.97375585e+01
 -1.52177054e+01 -4.10356036e+01
 -1.46647286e+01 -4.20192819e+01
 -1.39257413e+01 -4.26964915e+01
 -1.30351669e+01 -4.30835440e+01
 -1.20305900e+01 -4.32002420e+01
 -1.09473765e+01 -4.30666479e+01
 -9.81574905e+00 -4.27025882e+01
 -8.66119521e+00 -4.21291623e+01
 -7.50663770e+00 -4.13707841e+01
 -6.37376902e+00 -4.04565830e+01
 -5.28213535e+00 -3.94206394e+01
 -4.24642794e+00 -3.83010177e+01
 -3.27339993e+00 -3.71375378e+01
 -2.36007192e+00 -3.59677496e+01
 -1.49483362e+00 -3.48209355e+01
 -6.61788424e-01 -3.37123647e+01
 1.53749352e-01 -3.26420784e+01
 9.61760254e-01 -3.16000406e+01
 1.76730779e+00 -3.05740781e+01
 2.57228419e+00 -2.95552662e+01
 3.37718616e+00 -2.85389506e+01
 4.18209189e+00 -2.75233192e+01
 4.98700218e+00 -2.65078350e+01
 5.79191370e+00 -2.54923757e+01
 6.59682534e+00 -2.44769198e+01
 7.40173591e+00 -2.34614656e+01
 8.20663587e+00 -2.24460248e+01
 9.01145528e+00 -2.14306856e+01
 9.81579543e+00 -2.04159511e+01
 1.06178974e+01 -1.94040402e+01
 1.14117826e+01 -1.84024953e+01
 1.21819195e+01 -1.74309108e+01
 1.28979408e+01 -1.65275969e+01
 1.35166108e+01 -1.57470990e+01
 1.39968751e+01 -1.51412100e+01
 1.39968751e+01 -1.51412100e+01
 1.39968751e+01 -1.51412100e+01
 1.39968751e+01 -1.51412100e+01
 1.39968751e+01 -1.51412100e+01
 1.39968751e+01 -1.51412100e+01
 1.39968751e+01 -1.51412100e+01
 1.39968751e+01 -1.51412100e+01
 1.39968751e+01 -1.51412100e+01
 1.39968751e+01 -1.51412100e+01
 1.39968751e+01 -1.51412100e+01
 1.39968751e+01 -1.51412100e+01
 1.39968751e+01 -1.51412100e+01
 1.39968751e+01 -1.51412100e+01
 1.39968751e+01 -1.51412100e+01
 1.39968751e+01 -1.51412100e+01
 1.39968751e+01 -1.51412100e+01
 1.39968751e+01 -1.51412100e+01
 1.39968751e+01 -1.51412100e+01
 1.39968751e+01 -1.51412100e+01
 1.39968751e+01 -1.51412100e+01
 1.39968751e+01 -1.51412100e+01
 1.39968751e+01 -1.51412100e+01
 1.39968751e+01 -1.51412100e+01
 1.39968751e+01 -1.51412100e+01
 1.39968751e+01 -1.51412100e+01
 1.39968751e+01 -1.51412100e+01
 1.39968751e+01 -1.51412100e+01
