 0.00000000e+00 0.00000000e+00
 0.00000000e+00 0.00000000e+00
 0.00000000e+00 0.00000000e+00
 0.00000000e+00 0.00000000e+00
 5.08743663e-02 1.13440316e-01
 1.08655382e-01 2.51521891e-01
 1.63984606e-01 3.98643723e-01
 2.06676961e-01 5.39285990e-01
 2.26905094e-01 6.62224775e-01
 2.15581947e-01 7.60295726e-01
 1.64569390e-01 8.27194088e-01
 6.67499724e-02 8.53705097e-01
 -8.42533582e-02 8.25208185e-01
 -2.94629719e-01 7.21593035e-01
 -5.70604653e-01 5.19512068e-01
 -9.17766851e-01 1.95469639e-01
 -1.33972751e+00 -2.71856481e-01
 -1.83697831e+00 -9.00350653e-01
 -2.40661546e+00 -1.70363167e+00
 -3.04296143e+00 -2.69031470e+00
 -3.73874789e+00 -3.86348114e+00
 -4.48653991e+00 -5.22053401e+00
 -5.28002932e+00 -6.75361768e+00
 -6.11466341e+00 -8.45086276e+00
 -6.98728846e+00 -1.02984137e+01
 -7.89505608e+00 -1.22823759e+01
 -8.83427968e+00 -1.43894346e+01
 -9.79996815e+00 -1.66057811e+01
 -1.07862081e+01 -1.89152486e+01
 -1.17865545e+01 -2.12976438e+01
 -1.27930726e+01 -2.37273047e+01
 -1.37935110e+01 -2.61715158e+01
 -1.47678860e+01 -2.85892730e+01
 -1.56870441e+01 -3.09318629e+01
 -1.65149671e+01 -3.31463424e+01
 -1.72137070e+01 -3.51812044e+01
 -1.77475031e+01 -3.69918726e+01
 -1.80837755e+01 -3.85439749e+01
 -1.81927311e+01 -3.98143456e+01
 -1.80496665e+01 -4.07910491e+01
 -1.76410906e+01 -4.14730502e+01
 -1.69703903e+01 -4.18688399e+01
 -1.60580060e+01 -4.19933563e+01
 -1.49362071e+01 -4.18640994e+01
 -1.36428685e+01 -4.14986798e+01
 -1.22178474e+01 -4.09154764e+01
 -1.07023134e+01 -4.01369204e+01
 -9.13896043e+00 -3.91931974e+01
 -7.57014617e+00 -3.81241337e+01
 -6.03237593e+00 -3.69777093e+01
 -4.54906707e+00 -3.58040377e+01
 -3.12632137e+00 -3.46452387e+01
 -1.75521359e+00 -3.35256192e+01
 -4.19406243e-01 -3.24489042e+01
 8.96806575e-01 -3.14047845e+01
 2.20416834e+00 -3.03793715e+01
 3.50828226e+00 -2.93622783e+01
 4.81143130e+00 -2.83480786e+01
 6.11434919e+00 -2.73346681e+01
 7.41722260e+00 -2.63214265e+01
 8.72008917e+00 -2.53082132e+01
 1.00229548e+01 -2.42950039e+01
 1.13258185e+01 -2.32817962e+01
 1.26286650e+01 -2.22686020e+01
 1.39313812e+01 -2.12555092e+01
 1.52333216e+01 -2.02430196e+01
 1.65316392e+01 -1.92333474e+01
 1.78166567e+01 -1.82340184e+01
 1.90632342e+01 -1.72645834e+01
 2.02222180e+01 -1.63632680e+01
 2.12236245e+01 -1.55844968e+01
 2.20010015e+01 -1.49799483e+01
 2.20010015e+01 -1.49799483e+01
 2.20010015e+01 -1.49799483e+01
 2.20010015e+01 -1.49799483e+01
 2.20010015e+01 -1.49799483e+01
 2.20010015e+01 -1.49799483e+01
 2.20010015e+01 -1.49799483e+01
 2.20010015e+01 -1.49799483e+01
 2.20010015e+01 -1.49799483e+01
 2.20010015e+01 -1.49799483e+01
 2.20010015e+01 -1.49799483e+01
 2.20010015e+01 -1.49799483e+01
 2.20010015e+01 -1.49799483e+01
 2.20010015e+01 -1.49799483e+01
 2.20010015e+01 -1.49799483e+01
 2.20010015e+01 -1.49799483e+01
 2.20010015e+01 -1.49799483e+01
 2.20010015e+01 -1.49799483e+01
 2.20010015e+01 -1.49799483e+01
 2.20010015e+01 -1.49799483e+01
 2.20010015e+01 -1.49799483e+01
 2.20010015e+01 -1.49799483e+01
 2.20010015e+01 -1.49799483e+01
 2.20010015e+01 -1.49799483e+01
 2.20010015e+01 -1.49799483e+01
 2.20010015e+01 -1.49799483e+01
 2.20010015e+01 -1.49799483e+01
 2.20010015e+01 -1.49799483e+01
 2.20010015e+01 -1.49799483e+01
 2.20010015e+01 -1.49799483e+01
 2.20010015e+01 -1.49799483e+01
 2.20010015e+01 -1.49799483e+01
 2.20010015e+01 -1.49799483e+01
 2.20010015e+01 -1.49799483e+01
 2.20010015e+01 -1.49799483e+01
 2.20010015e+01 -1.49799483e+01
 2.20010015e+01 -1.49799483e+01
 2.20010015e+01 -1.49799483e+01
