 0.00000000e+00 0.00000000e+00
 0.00000000e+00 0.00000000e+00
 0.00000000e+00 0.00000000e+00
 0.00000000e+00 0.00000000e+00
 -3.43152058e-03 1.08747798e-01
 -1.18583494e-02 2.37995265e-01
 -2.88595877e-02 3.70973299e-01
 -5.75568201e-02 4.92194793e-01
 -9.89513515e-02 5.92480048e-01
 -1.51093693e-01 6.69465759e-01
 -2.09545637e-01 7.25172430e-01
 -2.68781778e-01 7.63140479e-01
 -3.24056839e-01 7.86670986e-01
 -3.73090171e-01 7.98013220e-01
 -4.16621589e-01 7.97156125e-01
 -4.57680771e-01 7.79685607e-01
 -5.00637387e-01 7.35203081e-01
 -5.50749510e-01 6.48248356e-01
 -6.13831865e-01 5.01472492e-01
 -6.95837803e-01 2.78517563e-01
 -8.02770868e-01 -3.52850414e-02
 -9.41146532e-01 -4.53644891e-01
 -1.11881878e+00 -9.89732887e-01
 -1.34580978e+00 -1.65596978e+00
 -1.63464417e+00 -2.46407306e+00
 -1.99981501e+00 -3.42578698e+00
 -2.45652617e+00 -4.55370792e+00
 -3.01925490e+00 -5.86149515e+00
 -3.70050980e+00 -7.36344064e+00
 -4.50978763e+00 -9.07368822e+00
 -5.45269008e+00 -1.10048200e+01
 -6.53015863e+00 -1.31648448e+01
 -7.73733535e+00 -1.55518855e+01
 -9.06115825e+00 -1.81474265e+01
 -1.04765729e+01 -2.09109477e+01
 -1.19432794e+01 -2.37791747e+01
 -1.34062760e+01 -2.66711002e+01
 -1.48017635e+01 -2.94970154e+01
 -1.60659642e+01 -3.21683579e+01
 -1.71422119e+01 -3.46058956e+01
 -1.79838476e+01 -3.67456642e+01
 -1.85544739e+01 -3.85433984e+01
 -1.88286744e+01 -3.99775374e+01
 -1.87942160e+01 -4.10491437e+01
 -1.84534579e+01 -4.17770669e+01
 -1.78209125e+01 -4.21894576e+01
 -1.69172459e+01 -4.23155927e+01
 -1.57640630e+01 -4.21817447e+01
 -1.43835920e+01 -4.18117644e+01
 -1.28031425e+01 -4.12302384e+01
 -1.10607097e+01 -4.04656767e+01
 -9.20778654e+00 -3.95524123e+01
 -7.30726095e+00 -3.85307420e+01
 -5.42659816e+00 -3.74448644e+01
 -3.62802861e+00 -3.63384639e+01
 -1.95748107e+00 -3.52487733e+01
 -4.34254508e-01 -3.42009271e+01
 9.54015354e-01 -3.32048322e+01
 2.24513459e+00 -3.22563429e+01
 3.48497262e+00 -3.13427054e+01
 4.70913014e+00 -3.04496146e+01
 5.93522026e+00 -2.95662311e+01
 7.16704486e+00 -2.86864807e+01
 8.40276253e+00 -2.78077897e+01
 9.64015810e+00 -2.69293336e+01
 1.08780749e+01 -2.60509155e+01
 1.21161134e+01 -2.51725013e+01
 1.33541735e+01 -2.42940872e+01
 1.45922364e+01 -2.34156733e+01
 1.58302980e+01 -2.25372605e+01
 1.70683432e+01 -2.16588593e+01
 1.83062646e+01 -2.07805460e+01
 1.95434488e+01 -1.99027557e+01
 2.07771904e+01 -1.90274080e+01
 2.19982935e+01 -1.81610274e+01
 2.31828684e+01 -1.73205637e+01
 2.42842064e+01 -1.65391572e+01
 2.52358047e+01 -1.58639920e+01
 2.59745164e+01 -1.53398713e+01
 2.59745164e+01 -1.53398713e+01
 2.59745164e+01 -1.53398713e+01
 2.59745164e+01 -1.53398713e+01
 2.59745164e+01 -1.53398713e+01
 2.59745164e+01 -1.53398713e+01
 2.59745164e+01 -1.53398713e+01
 2.59745164e+01 -1.53398713e+01
 2.59745164e+01 -1.53398713e+01
 2.59745164e+01 -1.53398713e+01
 2.59745164e+01 -1.53398713e+01
 2.59745164e+01 -1.53398713e+01
 2.59745164e+01 -1.53398713e+01
 2.59745164e+01 -1.53398713e+01
 2.59745164e+01 -1.53398713e+01
 2.59745164e+01 -1.53398713e+01
 2.59745164e+01 -1.53398713e+01
 2.59745164e+01 -1.53398713e+01
 2.59745164e+01 -1.53398713e+01
 2.59745164e+01 -1.53398713e+01
 2.59745164e+01 -1.53398713e+01
 2.59745164e+01 -1.53398713e+01
 2.59745164e+01 -1.53398713e+01
 2.59745164e+01 -1.53398713e+01
 2.59745164e+01 -1.53398713e+01
 2.59745164e+01 -1.53398713e+01
 2.59745164e+01 -1.53398713e+01
 2.59745164e+01 -1.53398713e+01
 2.59745164e+01 -1.53398713e+01
 2.59745164e+01 -1.53398713e+01
 2.59745164e+01 -1.53398713e+01
