 0.00000000e+00 0.00000000e+00
 0.00000000e+00 0.00000000e+00
 0.00000000e+00 0.00000000e+00
 0.00000000e+00 0.00000000e+00
 3.70234074e-02 3.63707894e-02
 7.88436514e-02 7.77752744e-02
 1.17353112e-01 1.19224138e-01
 1.44060295e-01 1.57375629e-01
 1.52471387e-01 1.91722328e-01
 1.38879736e-01 2.24115787e-01
 1.02076479e-01 2.57190210e-01
 4.27417159e-02 2.92721260e-01
 -3.77113304e-02 3.30770370e-01
 -1.38615261e-01 3.69472013e-01
 -2.60850364e-01 4.04613192e-01
 -4.07231942e-01 4.28448284e-01
 -5.83605612e-01 4.28088444e-01
 -8.00130326e-01 3.84690208e-01
 -1.07113325e+00 2.74555168e-01
 -1.41325401e+00 7.15647980e-02
 -1.84296919e+00 -2.51053624e-01
 -2.37450012e+00 -7.20570017e-01
 -3.01852799e+00 -1.36501890e+00
 -3.78168877e+00 -2.21248436e+00
 -4.66642622e+00 -3.28929702e+00
 -5.67078099e+00 -4.61767732e+00
 -6.78814950e+00 -6.21318541e+00
 -8.00720304e+00 -8.08224831e+00
 -9.31168335e+00 -1.02200083e+01
 -1.06794791e+01 -1.26085277e+01
 -1.20809181e+01 -1.52152710e+01
 -1.34771640e+01 -1.79921434e+01
 -1.48201517e+01 -2.08759915e+01
 -1.60552112e+01 -2.37915278e+01
 -1.71263666e+01 -2.66567423e+01
 -1.79827978e+01 -2.93898417e+01
 -1.85842205e+01 -3.19163351e+01
 -1.89035316e+01 -3.41748560e+01
 -1.89265336e+01 -3.61204922e+01
 -1.86501808e+01 -3.77250789e+01
 -1.80812556e+01 -3.89749738e+01
 -1.72357952e+01 -3.98676376e+01
 -1.61378983e+01 -4.04083971e+01
 -1.48173779e+01 -4.06082389e+01
 -1.33078239e+01 -4.04829967e+01
 -1.16467619e+01 -4.00540979e+01
 -9.87747747e+00 -3.93506060e+01
 -8.05024849e+00 -3.84113477e+01
 -6.22075513e+00 -3.72853084e+01
 -4.44452205e+00 -3.60290991e+01
 -2.76736947e+00 -3.47015444e+01
 -1.21397850e+00 -3.33562309e+01
 2.19561045e-01 -3.20335204e+01
 1.56219388e+00 -3.07548588e+01
 2.85292863e+00 -2.95227085e+01
 4.12394289e+00 -2.83267948e+01
 5.39260877e+00 -2.71530324e+01
 6.66411027e+00 -2.59900791e+01
 7.93807438e+00 -2.48313537e+01
 9.21318173e+00 -2.36739532e+01
 1.04886566e+01 -2.25168845e+01
 1.17642189e+01 -2.13598821e+01
 1.30397970e+01 -2.02028902e+01
 1.43153771e+01 -1.90458998e+01
 1.55909557e+01 -1.78889111e+01
 1.68665175e+01 -1.67319376e+01
 1.81419516e+01 -1.55750800e+01
 1.94166263e+01 -1.44189112e+01
 2.06877540e+01 -1.32659596e+01
 2.19458602e+01 -1.21248189e+01
 2.31663313e+01 -1.10178143e+01
 2.43010432e+01 -9.98859610e+00
 2.52814778e+01 -9.09931195e+00
 2.60425747e+01 -8.40897391e+00
 2.60425747e+01 -8.40897391e+00
 2.60425747e+01 -8.40897391e+00
 2.60425747e+01 -8.40897391e+00
 2.60425747e+01 -8.40897391e+00
 2.60425747e+01 -8.40897391e+00
 2.60425747e+01 -8.40897391e+00
 2.60425747e+01 -8.40897391e+00
 2.60425747e+01 -8.40897391e+00
 2.60425747e+01 -8.40897391e+00
 2.60425747e+01 -8.40897391e+00
 2.60425747e+01 -8.40897391e+00
 2.60425747e+01 -8.40897391e+00
 2.60425747e+01 -8.40897391e+00
 2.60425747e+01 -8.40897391e+00
 2.60425747e+01 -8.40897391e+00
 2.60425747e+01 -8.40897391e+00
 2.60425747e+01 -8.40897391e+00
 2.60425747e+01 -8.40897391e+00
 2.60425747e+01 -8.40897391e+00
 2.60425747e+01 -8.40897391e+00
 2.60425747e+01 -8.40897391e+00
 2.60425747e+01 -8.40897391e+00
 2.60425747e+01 -8.40897391e+00
 2.60425747e+01 -8.40897391e+00
 2.60425747e+01 -8.40897391e+00
 2.60425747e+01 -8.40897391e+00
 2.60425747e+01 -8.40897391e+00
 2.60425747e+01 -8.40897391e+00
 2.60425747e+01 -8.40897391e+00
 2.60425747e+01 -8.40897391e+00
 2.60425747e+01 -8.40897391e+00
 2.60425747e+01 -8.40897391e+00
 2.60425747e+01 -8.40897391e+00
 2.60425747e+01 -8.40897391e+00
 2.60425747e+01 -8.40897391e+00
