 0.00000000e+00 0.00000000e+00
 0.00000000e+00 0.00000000e+00
 0.00000000e+00 0.00000000e+00
 0.00000000e+00 0.00000000e+00
 -1.94976003e-02 -9.56378078e-06
 -3.60501499e-02 -7.23569376e-05
 -4.54311086e-02 -4.05092588e-04
 -4.55860755e-02 -1.84114556e-03
 -3.70084908e-02 -6.94607977e-03
 -2.36090985e-02 -2.20949003e-02
 -1.44689123e-02 -6.02085221e-02
 -2.49639251e-02 -1.42921151e-01
 -7.60255315e-02 -3.00579552e-01
 -1.91530337e-01 -5.69327575e-01
 -3.94444370e-01 -9.86085262e-01
 -7.02932485e-01 -1.58324361e+00
 -1.12776325e+00 -2.38457733e+00
 -1.67104440e+00 -3.40258785e+00
 -2.32515767e+00 -4.63662404e+00
 -3.07165733e+00 -6.07182589e+00
 -3.88174816e+00 -7.68044005e+00
 -4.72001583e+00 -9.42712391e+00
 -5.55081650e+00 -1.12774769e+01
 -6.34465838e+00 -1.32062131e+01
 -7.08206794e+00 -1.52010905e+01
 -7.75400356e+00 -1.72612948e+01
 -8.35931811e+00 -1.93919226e+01
 -8.90066888e+00 -2.15973116e+01
 -9.38046657e+00 -2.38752492e+01
 -9.79790029e+00 -2.62127903e+01
 -1.01472898e+01 -2.85836285e+01
 -1.04173975e+01 -3.09472063e+01
 -1.05911952e+01 -3.32504487e+01
 -1.06463378e+01 -3.54328361e+01
 -1.05573913e+01 -3.74339330e+01
 -1.03000412e+01 -3.92006629e+01
 -9.85565637e+00 -4.06915390e+01
 -9.21429225e+00 -4.18771851e+01
 -8.37593557e+00 -4.27389641e+01
 -7.35109548e+00 -4.32680213e+01
 -6.16135367e+00 -4.34654314e+01
 -4.83941353e+00 -4.33426103e+01
 -3.42786413e+00 -4.29213523e+01
 -1.97608762e+00 -4.22337921e+01
 -5.34805192e-01 -4.13226004e+01
 8.52050321e-01 -4.02407985e+01
 2.15685771e+00 -3.90495535e+01
 3.37488009e+00 -3.78117781e+01
 4.52248891e+00 -3.65810014e+01
 5.62640958e+00 -3.53898784e+01
 6.71072392e+00 -3.42462340e+01
 7.78981149e+00 -3.31400958e+01
 8.86911753e+00 -3.20560079e+01
 9.94944950e+00 -3.09818984e+01
 1.10303611e+01 -2.99113055e+01
 1.21114742e+01 -2.88416821e+01
 1.31926374e+01 -2.77722678e+01
 1.42738098e+01 -2.67028889e+01
 1.53549833e+01 -2.56335149e+01
 1.64361556e+01 -2.45641427e+01
 1.75173136e+01 -2.34947847e+01
 1.85983634e+01 -2.24255338e+01
 1.96787694e+01 -2.13569195e+01
 2.07561691e+01 -2.02912788e+01
 2.18225318e+01 -1.92365546e+01
 2.28569953e+01 -1.82133815e+01
 2.38187698e+01 -1.72621040e+01
 2.46497799e+01 -1.64401637e+01
 2.52948807e+01 -1.58021037e+01
 2.52948807e+01 -1.58021037e+01
 2.52948807e+01 -1.58021037e+01
 2.52948807e+01 -1.58021037e+01
 2.52948807e+01 -1.58021037e+01
 2.52948807e+01 -1.58021037e+01
 2.52948807e+01 -1.58021037e+01
 2.52948807e+01 -1.58021037e+01
 2.52948807e+01 -1.58021037e+01
 2.52948807e+01 -1.58021037e+01
 2.52948807e+01 -1.58021037e+01
 2.52948807e+01 -1.58021037e+01
 2.52948807e+01 -1.58021037e+01
 2.52948807e+01 -1.58021037e+01
 2.52948807e+01 -1.58021037e+01
 2.52948807e+01 -1.58021037e+01
 2.52948807e+01 -1.58021037e+01
 2.52948807e+01 -1.58021037e+01
 2.52948807e+01 -1.58021037e+01
 2.52948807e+01 -1.58021037e+01
 2.52948807e+01 -1.58021037e+01
 2.52948807e+01 -1.58021037e+01
 2.52948807e+01 -1.58021037e+01
 2.52948807e+01 -1.58021037e+01
 2.52948807e+01 -1.58021037e+01
 2.52948807e+01 -1.58021037e+01
 2.52948807e+01 -1.58021037e+01
 2.52948807e+01 -1.58021037e+01
 2.52948807e+01 -1.58021037e+01
 2.52948807e+01 -1.58021037e+01
 2.52948807e+01 -1.58021037e+01
 2.52948807e+01 -1.58021037e+01
 2.52948807e+01 -1.58021037e+01
 2.52948807e+01 -1.58021037e+01
 2.52948807e+01 -1.58021037e+01
 2.52948807e+01 -1.58021037e+01
 2.52948807e+01 -1.58021037e+01
 2.52948807e+01 -1.58021037e+01
 2.52948807e+01 -1.58021037e+01
 2.52948807e+01 -1.58021037e+01
 2.52948807e+01 -1.58021037e+01
