 0.00000000e+00 0.00000000e+00
 0.00000000e+00 0.00000000e+00
 0.00000000e+00 0.00000000e+00
 0.00000000e+00 0.00000000e+00
 2.59237450e-02 1.76230835e-01
 4.45876609e-02 3.98103701e-01
 4.53230187e-02 6.43055711e-01
 1.63583318e-02 8.83426053e-01
 -5.58560086e-02 1.09193740e+00
 -1.85851093e-01 1.24329430e+00
 -3.86028106e-01 1.31411132e+00
 -6.63460374e-01 1.28351855e+00
 -1.01868533e+00 1.13497296e+00
 -1.44621138e+00 8.58668672e-01
 -1.93535321e+00 4.53347292e-01
 -2.47095067e+00 -7.36873060e-02
 -3.03468378e+00 -7.08377543e-01
 -3.60747645e+00 -1.43252996e+00
 -4.17236272e+00 -2.22677839e+00
 -4.71677412e+00 -3.07433189e+00
 -5.23389709e+00 -3.96539253e+00
 -5.72338151e+00 -4.90078019e+00
 -6.19147028e+00 -5.89295946e+00
 -6.65020861e+00 -6.96381288e+00
 -7.11556153e+00 -8.14019914e+00
 -7.60482639e+00 -9.44919193e+00
 -8.13407900e+00 -1.09142548e+01
 -8.71622572e+00 -1.25523366e+01
 -9.35975509e+00 -1.43714237e+01
 -1.00681528e+01 -1.63688028e+01
 -1.08402411e+01 -1.85310913e+01
 -1.16715401e+01 -2.08366201e+01
 -1.25558347e+01 -2.32589086e+01
 -1.34854598e+01 -2.57686446e+01
 -1.44492359e+01 -2.83327603e+01
 -1.54284991e+01 -3.09121194e+01
 -1.63935896e+01 -3.34609325e+01
 -1.73037335e+01 -3.59295190e+01
 -1.81110252e+01 -3.82689987e+01
 -1.87659123e+01 -4.04349371e+01
 -1.92209788e+01 -4.23883040e+01
 -1.94326096e+01 -4.40948820e+01
 -1.93627987e+01 -4.55255579e+01
 -1.89829376e+01 -4.66583612e+01
 -1.82787161e+01 -4.74806504e+01
 -1.72533602e+01 -4.79894877e+01
 -1.59274636e+01 -4.81903120e+01
 -1.43365586e+01 -4.80962059e+01
 -1.25290130e+01 -4.77301957e+01
 -1.05650559e+01 -4.71306319e+01
 -8.51427215e+00 -4.63555864e+01
 -6.44727176e+00 -4.54791904e+01
 -4.42096419e+00 -4.45759773e+01
 -2.46476051e+00 -4.36998476e+01
 -5.78147233e-01 -4.28722581e+01
 1.25813280e+00 -4.20878046e+01
 3.06643379e+00 -4.13301367e+01
 4.86257572e+00 -4.05849576e+01
 6.65456296e+00 -3.98442587e+01
 8.44543240e+00 -3.91048084e+01
 1.02360651e+01 -3.83656296e+01
 1.20266585e+01 -3.76264969e+01
 1.38172464e+01 -3.68873703e+01
 1.56078314e+01 -3.61482454e+01
 1.73983928e+01 -3.54091304e+01
 1.91887749e+01 -3.46700892e+01
 2.09780909e+01 -3.39314882e+01
 2.27624280e+01 -3.31949424e+01
 2.45284861e+01 -3.24659419e+01
 2.62417143e+01 -3.17587487e+01
 2.78345585e+01 -3.11012481e+01
 2.92108371e+01 -3.05331423e+01
 3.02792217e+01 -3.00921302e+01
 3.02792217e+01 -3.00921302e+01
 3.02792217e+01 -3.00921302e+01
 3.02792217e+01 -3.00921302e+01
 3.02792217e+01 -3.00921302e+01
 3.02792217e+01 -3.00921302e+01
 3.02792217e+01 -3.00921302e+01
 3.02792217e+01 -3.00921302e+01
 3.02792217e+01 -3.00921302e+01
 3.02792217e+01 -3.00921302e+01
 3.02792217e+01 -3.00921302e+01
 3.02792217e+01 -3.00921302e+01
 3.02792217e+01 -3.00921302e+01
 3.02792217e+01 -3.00921302e+01
 3.02792217e+01 -3.00921302e+01
 3.02792217e+01 -3.00921302e+01
 3.02792217e+01 -3.00921302e+01
 3.02792217e+01 -3.00921302e+01
 3.02792217e+01 -3.00921302e+01
 3.02792217e+01 -3.00921302e+01
 3.02792217e+01 -3.00921302e+01
 3.02792217e+01 -3.00921302e+01
 3.02792217e+01 -3.00921302e+01
 3.02792217e+01 -3.00921302e+01
 3.02792217e+01 -3.00921302e+01
 3.02792217e+01 -3.00921302e+01
 3.02792217e+01 -3.00921302e+01
 3.02792217e+01 -3.00921302e+01
 3.02792217e+01 -3.00921302e+01
 3.02792217e+01 -3.00921302e+01
 3.02792217e+01 -3.00921302e+01
 3.02792217e+01 -3.00921302e+01
 3.02792217e+01 -3.00921302e+01
 3.02792217e+01 -3.00921302e+01
 3.02792217e+01 -3.00921302e+01
 3.02792217e+01 -3.00921302e+01
 3.02792217e+01 -3.00921302e+01
