 0.00000000e+00 0.00000000e+00
 0.00000000e+00 0.00000000e+00
 0.00000000e+00 0.00000000e+00
 0.00000000e+00 0.00000000e+00
 1.41454316e-02 1.76658526e-01
 1.62028997e-02 4.05378337e-01
 -7.36417799e-03 6.66203668e-01
 -7.17254272e-02 9.31014541e-01
 -1.92672333e-01 1.16816325e+00
 -3.86073236e-01 1.34444747e+00
 -6.67777731e-01 1.42521273e+00
 -1.05391559e+00 1.37371297e+00
 -1.56119484e+00 1.15064735e+00
 -2.20674970e+00 7.15193704e-01
 -3.00694078e+00 2.84761836e-02
 -3.97425293e+00 -9.41117905e-01
 -5.11226200e+00 -2.21238912e+00
 -6.41057609e+00 -3.78702767e+00
 -7.84261237e+00 -5.64771221e+00
 -9.36768680e+00 -7.75945711e+00
 -1.09364684e+01 -1.00741385e+01
 -1.24974671e+01 -1.25369870e+01
 -1.40025468e+01 -1.50935580e+01
 -1.54108660e+01 -1.76960861e+01
 -1.66919638e+01 -2.03082502e+01
 -1.78285148e+01 -2.29072757e+01
 -1.88175554e+01 -2.54827243e+01
 -1.96680100e+01 -2.80323587e+01
 -2.03941180e+01 -3.05564872e+01
 -2.10074331e+01 -3.30525078e+01
 -2.15111380e+01 -3.55109175e+01
 -2.18984127e+01 -3.79132461e+01
 -2.21538682e+01 -4.02317883e+01
 -2.22563145e+01 -4.24309031e+01
 -2.21821223e+01 -4.44697813e+01
 -2.19089202e+01 -4.63063437e+01
 -2.14188853e+01 -4.79012361e+01
 -2.07010672e+01 -4.92206221e+01
 -1.97532474e+01 -5.02374712e+01
 -1.85840381e+01 -5.09325762e+01
 -1.72148357e+01 -5.12970965e+01
 -1.56804503e+01 -5.13377128e+01
 -1.40275683e+01 -5.10840584e+01
 -1.23105999e+01 -5.05950085e+01
 -1.05841099e+01 -4.99559666e+01
 -8.89191972e+00 -4.92604438e+01
 -7.25699572e+00 -4.85818875e+01
 -5.67916554e+00 -4.79546933e+01
 -4.14313678e+00 -4.73777103e+01
 -2.63067205e+00 -4.68332694e+01
 -1.12858652e+00 -4.63043795e+01
 3.69909734e-01 -4.57811571e+01
 1.86743041e+00 -4.52595314e+01
 3.36474275e+00 -4.47382555e+01
 4.86202014e+00 -4.42170393e+01
 6.35929279e+00 -4.36958311e+01
 7.85656292e+00 -4.31746244e+01
 9.35381327e+00 -4.26534247e+01
 1.08509138e+01 -4.21322772e+01
 1.23471228e+01 -4.16114400e+01
 1.38391684e+01 -4.10920521e+01
 1.53159294e+01 -4.05779849e+01
 1.67485145e+01 -4.00792954e+01
 1.80804356e+01 -3.96156476e+01
 1.92312667e+01 -3.92150380e+01
 2.01246397e+01 -3.89040508e+01
 2.01246397e+01 -3.89040508e+01
 2.01246397e+01 -3.89040508e+01
 2.01246397e+01 -3.89040508e+01
 2.01246397e+01 -3.89040508e+01
 2.01246397e+01 -3.89040508e+01
 2.01246397e+01 -3.89040508e+01
 2.01246397e+01 -3.89040508e+01
 2.01246397e+01 -3.89040508e+01
 2.01246397e+01 -3.89040508e+01
 2.01246397e+01 -3.89040508e+01
 2.01246397e+01 -3.89040508e+01
 2.01246397e+01 -3.89040508e+01
 2.01246397e+01 -3.89040508e+01
 2.01246397e+01 -3.89040508e+01
 2.01246397e+01 -3.89040508e+01
 2.01246397e+01 -3.89040508e+01
 2.01246397e+01 -3.89040508e+01
 2.01246397e+01 -3.89040508e+01
 2.01246397e+01 -3.89040508e+01
 2.01246397e+01 -3.89040508e+01
 2.01246397e+01 -3.89040508e+01
 2.01246397e+01 -3.89040508e+01
 2.01246397e+01 -3.89040508e+01
 2.01246397e+01 -3.89040508e+01
 2.01246397e+01 -3.89040508e+01
 2.01246397e+01 -3.89040508e+01
 2.01246397e+01 -3.89040508e+01
 2.01246397e+01 -3.89040508e+01
 2.01246397e+01 -3.89040508e+01
 2.01246397e+01 -3.89040508e+01
 2.01246397e+01 -3.89040508e+01
 2.01246397e+01 -3.89040508e+01
 2.01246397e+01 -3.89040508e+01
 2.01246397e+01 -3.89040508e+01
 2.01246397e+01 -3.89040508e+01
 2.01246397e+01 -3.89040508e+01
 2.01246397e+01 -3.89040508e+01
 2.01246397e+01 -3.89040508e+01
 2.01246397e+01 -3.89040508e+01
 2.01246397e+01 -3.89040508e+01
 2.01246397e+01 -3.89040508e+01
 2.01246397e+01 -3.89040508e+01
 2.01246397e+01 -3.89040508e+01
