 0.00000000e+00 0.00000000e+00
 0.00000000e+00 0.00000000e+00
 0.00000000e+00 0.00000000e+00
 0.00000000e+00 0.00000000e+00
 -4.59569098e-02 1.85845578e-01
 -1.12033010e-01 4.10425047e-01
 -2.03065829e-01 6.44853663e-01
 -3.25507564e-01 8.57359596e-01
 -4.87116549e-01 1.01948967e+00
 -6.95895805e-01 1.10648659e+00
 -9.58624104e-01 1.09522346e+00
 -1.27952092e+00 9.63177231e-01
 -1.65935485e+00 6.89013463e-01
 -2.09500297e+00 2.53533209e-01
 -2.57980584e+00 -3.59943589e-01
 -3.10512589e+00 -1.16545754e+00
 -3.66261446e+00 -2.17380026e+00
 -4.24615312e+00 -3.39141058e+00
 -4.85300876e+00 -4.81957028e+00
 -5.48427636e+00 -6.45454280e+00
 -6.14457278e+00 -8.28863263e+00
 -6.84090343e+00 -1.03117990e+01
 -7.58096793e+00 -1.25133326e+01
 -8.37140780e+00 -1.48827626e+01
 -9.21624453e+00 -1.74090198e+01
 -1.01153134e+01 -2.00776880e+01
 -1.10625532e+01 -2.28675452e+01
 -1.20445752e+01 -2.57481786e+01
 -1.30401865e+01 -2.86796033e+01
 -1.40210845e+01 -3.16134440e+01
 -1.49533017e+01 -3.44948966e+01
 -1.57989328e+01 -3.72655310e+01
 -1.65182273e+01 -3.98675653e+01
 -1.70724230e+01 -4.22494075e+01
 -1.74271812e+01 -4.43709177e+01
 -1.75558430e+01 -4.62065134e+01
 -1.74417464e+01 -4.77452016e+01
 -1.70794048e+01 -4.89880484e+01
 -1.64749902e+01 -4.99445809e+01
 -1.56468017e+01 -5.06299080e+01
 -1.46259066e+01 -5.10643548e+01
 -1.34562015e+01 -5.12768492e+01
 -1.21921208e+01 -5.13104729e+01
 -1.08917067e+01 -5.12239335e+01
 -9.60472922e+00 -5.10822697e+01
 -8.36077447e+00 -5.09389605e+01
 -7.16541674e+00 -5.08220794e+01
 -6.00747583e+00 -5.07349662e+01
 -4.87117164e+00 -5.06682101e+01
 -3.74453739e+00 -5.06114730e+01
 -2.62127734e+00 -5.05584575e+01
 -1.49893983e+00 -5.05065046e+01
 -3.76800132e-01 -5.04547867e+01
 7.45306298e-01 -5.04031093e+01
 1.86740822e+00 -5.03514372e+01
 2.98950817e+00 -5.02997658e+01
 4.11159329e+00 -5.02480952e+01
 5.23356610e+00 -5.01964297e+01
 6.35487080e+00 -5.01447950e+01
 7.47305533e+00 -5.00933039e+01
 8.57978510e+00 -5.00423404e+01
 9.65340812e+00 -4.99929013e+01
 1.06515904e+01 -4.99469362e+01
 1.15140584e+01 -4.99072206e+01
 1.21835794e+01 -4.98763900e+01
 1.21835794e+01 -4.98763900e+01
 1.21835794e+01 -4.98763900e+01
 1.21835794e+01 -4.98763900e+01
 1.21835794e+01 -4.98763900e+01
 1.21835794e+01 -4.98763900e+01
 1.21835794e+01 -4.98763900e+01
 1.21835794e+01 -4.98763900e+01
 1.21835794e+01 -4.98763900e+01
 1.21835794e+01 -4.98763900e+01
 1.21835794e+01 -4.98763900e+01
 1.21835794e+01 -4.98763900e+01
 1.21835794e+01 -4.98763900e+01
 1.21835794e+01 -4.98763900e+01
 1.21835794e+01 -4.98763900e+01
 1.21835794e+01 -4.98763900e+01
 1.21835794e+01 -4.98763900e+01
 1.21835794e+01 -4.98763900e+01
 1.21835794e+01 -4.98763900e+01
 1.21835794e+01 -4.98763900e+01
 1.21835794e+01 -4.98763900e+01
 1.21835794e+01 -4.98763900e+01
 1.21835794e+01 -4.98763900e+01
 1.21835794e+01 -4.98763900e+01
 1.21835794e+01 -4.98763900e+01
 1.21835794e+01 -4.98763900e+01
 1.21835794e+01 -4.98763900e+01
 1.21835794e+01 -4.98763900e+01
 1.21835794e+01 -4.98763900e+01
 1.21835794e+01 -4.98763900e+01
 1.21835794e+01 -4.98763900e+01
 1.21835794e+01 -4.98763900e+01
 1.21835794e+01 -4.98763900e+01
 1.21835794e+01 -4.98763900e+01
 1.21835794e+01 -4.98763900e+01
 1.21835794e+01 -4.98763900e+01
 1.21835794e+01 -4.98763900e+01
 1.21835794e+01 -4.98763900e+01
 1.21835794e+01 -4.98763900e+01
 1.21835794e+01 -4.98763900e+01
 1.21835794e+01 -4.98763900e+01
 1.21835794e+01 -4.98763900e+01
 1.21835794e+01 -4.98763900e+01
 1.21835794e+01 -4.98763900e+01
 1.21835794e+01 -4.98763900e+01
