 0.00000000e+00 0.00000000e+00
 0.00000000e+00 0.00000000e+00
 0.00000000e+00 0.00000000e+00
 0.00000000e+00 0.00000000e+00
 3.56191420e-02 3.21606956e-02
 7.23781631e-02 6.64175057e-02
 1.00803405e-01 9.55944652e-02
 1.10444520e-01 1.11976562e-01
 9.11148641e-02 1.06872929e-01
 3.33555774e-02 6.84276961e-02
 -7.17357560e-02 -2.00388409e-02
 -2.33395717e-01 -1.79268911e-01
 -4.62236702e-01 -4.31630824e-01
 -7.70037907e-01 -7.98960121e-01
 -1.16759790e+00 -1.30112297e+00
 -1.66162872e+00 -1.95456256e+00
 -2.25237402e+00 -2.77086662e+00
 -2.93304669e+00 -3.75616396e+00
 -3.69113861e+00 -4.91167210e+00
 -4.51079481e+00 -6.23500740e+00
 -5.37519255e+00 -7.72172678e+00
 -6.26827006e+00 -9.36663376e+00
 -7.17569943e+00 -1.11642900e+01
 -8.08519448e+00 -1.31082084e+01
 -8.98617473e+00 -1.51887125e+01
 -9.86890553e+00 -1.73901281e+01
 -1.07235405e+01 -1.96883278e+01
 -1.15395644e+01 -2.20497165e+01
 -1.23057921e+01 -2.44325383e+01
 -1.30107139e+01 -2.67905324e+01
 -1.36429655e+01 -2.90777651e+01
 -1.41918697e+01 -3.12529143e+01
 -1.46479410e+01 -3.32818696e+01
 -1.50030917e+01 -3.51386866e+01
 -1.52505328e+01 -3.68058389e+01
 -1.53848509e+01 -3.82744949e+01
 -1.54025753e+01 -3.95442859e+01
 -1.53027477e+01 -4.06213781e+01
 -1.50868390e+01 -4.15147611e+01
 -1.47581052e+01 -4.22323153e+01
 -1.43209187e+01 -4.27786431e+01
 -1.37803189e+01 -4.31554676e+01
 -1.31416723e+01 -4.33634582e+01
 -1.24102735e+01 -4.34035285e+01
 -1.15911560e+01 -4.32774646e+01
 -1.06903257e+01 -4.29902642e+01
 -9.71853654e+00 -4.25558962e+01
 -8.69595559e+00 -4.20037824e+01
 -7.65265271e+00 -4.13793055e+01
 -6.62107444e+00 -4.07335299e+01
 -5.62394715e+00 -4.01063230e+01
 -4.66696275e+00 -3.95149602e+01
 -3.74182850e+00 -3.89563344e+01
 -2.83555658e+00 -3.84183743e+01
 -1.93787149e+00 -3.78901557e+01
 -1.04322570e+00 -3.73654579e+01
 -1.49420180e-01 -3.68417467e+01
 7.44203600e-01 -3.63182507e+01
 1.63779661e+00 -3.57947913e+01
 2.53138544e+00 -3.52713369e+01
 3.42497264e+00 -3.47478837e+01
 4.31854802e+00 -3.42244375e+01
 5.21203397e+00 -3.37010436e+01
 6.10498787e+00 -3.31779615e+01
 6.99545700e+00 -3.26563348e+01
 7.87680412e+00 -3.21400517e+01
 8.73178658e+00 -3.16392128e+01
 9.52669166e+00 -3.11735665e+01
 1.02135202e+01 -3.07712302e+01
 1.07466950e+01 -3.04589025e+01
 1.07466950e+01 -3.04589025e+01
 1.07466950e+01 -3.04589025e+01
 1.07466950e+01 -3.04589025e+01
 1.07466950e+01 -3.04589025e+01
 1.07466950e+01 -3.04589025e+01
 1.07466950e+01 -3.04589025e+01
 1.07466950e+01 -3.04589025e+01
 1.07466950e+01 -3.04589025e+01
 1.07466950e+01 -3.04589025e+01
 1.07466950e+01 -3.04589025e+01
 1.07466950e+01 -3.04589025e+01
 1.07466950e+01 -3.04589025e+01
 1.07466950e+01 -3.04589025e+01
 1.07466950e+01 -3.04589025e+01
 1.07466950e+01 -3.04589025e+01
 1.07466950e+01 -3.04589025e+01
 1.07466950e+01 -3.04589025e+01
 1.07466950e+01 -3.04589025e+01
 1.07466950e+01 -3.04589025e+01
 1.07466950e+01 -3.04589025e+01
 1.07466950e+01 -3.04589025e+01
 1.07466950e+01 -3.04589025e+01
 1.07466950e+01 -3.04589025e+01
 1.07466950e+01 -3.04589025e+01
 1.07466950e+01 -3.04589025e+01
 1.07466950e+01 -3.04589025e+01
 1.07466950e+01 -3.04589025e+01
 1.07466950e+01 -3.04589025e+01
 1.07466950e+01 -3.04589025e+01
 1.07466950e+01 -3.04589025e+01
 1.07466950e+01 -3.04589025e+01
 1.07466950e+01 -3.04589025e+01
 1.07466950e+01 -3.04589025e+01
 1.07466950e+01 -3.04589025e+01
 1.07466950e+01 -3.04589025e+01
 1.07466950e+01 -3.04589025e+01
 1.07466950e+01 -3.04589025e+01
 1.07466950e+01 -3.04589025e+01
 1.07466950e+01 -3.04589025e+01
