 0.00000000e+00 0.00000000e+00
 0.00000000e+00 0.00000000e+00
 0.00000000e+00 0.00000000e+00
 0.00000000e+00 0.00000000e+00
 1.03938576e-02 4.00608252e-02
 9.69517928e-03 9.79724894e-02
 -7.53909419e-03 1.71170040e-01
 -4.17579971e-02 2.54511492e-01
 -9.00294855e-02 3.42182157e-01
 -1.50182419e-01 4.28374681e-01
 -2.23846336e-01 5.06632589e-01
 -3.16550199e-01 5.68826938e-01
 -4.35504885e-01 6.04588954e-01
 -5.86921675e-01 6.01514240e-01
 -7.74734178e-01 5.45995449e-01
 -1.00112582e+00 4.24198414e-01
 -1.26740185e+00 2.22726675e-01
 -1.57389784e+00 -7.10845845e-02
 -1.91931763e+00 -4.68967882e-01
 -2.30060430e+00 -9.81388469e-01
 -2.71387084e+00 -1.61710056e+00
 -3.15610792e+00 -2.38273283e+00
 -3.62677844e+00 -3.28255490e+00
 -4.12860388e+00 -4.31863188e+00
 -4.66778290e+00 -5.49150229e+00
 -5.25413705e+00 -6.80121123e+00
 -5.90089717e+00 -8.24812773e+00
 -6.62333822e+00 -9.83267244e+00
 -7.43588305e+00 -1.15534526e+01
 -8.34813070e+00 -1.34046006e+01
 -9.36093195e+00 -1.53739649e+01
 -1.04636308e+01 -1.74427908e+01
 -1.16329155e+01 -1.95858498e+01
 -1.28331729e+01 -2.17709488e+01
 -1.40182924e+01 -2.39584332e+01
 -1.51350570e+01 -2.61024909e+01
 -1.61281199e+01 -2.81551745e+01
 -1.69461435e+01 -3.00718903e+01
 -1.75480136e+01 -3.18159172e+01
 -1.79072917e+01 -3.33605357e+01
 -1.80132099e+01 -3.46892045e+01
 -1.78684816e+01 -3.57947923e+01
 -1.74864438e+01 -3.66780751e+01
 -1.68894022e+01 -3.73452262e+01
 -1.61072159e+01 -3.78046551e+01
 -1.51745483e+01 -3.80644143e+01
 -1.41275028e+01 -3.81313832e+01
 -1.30016565e+01 -3.80125048e+01
 -1.18320155e+01 -3.77172921e+01
 -1.06532565e+01 -3.72604186e+01
 -9.49806240e+00 -3.66635289e+01
 -8.39281360e+00 -3.59559938e+01
 -7.35230204e+00 -3.51742686e+01
 -6.37673014e+00 -3.43584796e+01
 -5.45368507e+00 -3.35450388e+01
 -4.56480850e+00 -3.27577198e+01
 -3.69340751e+00 -3.20033411e+01
 -2.82872522e+00 -3.12756634e+01
 -1.96578844e+00 -3.05639384e+01
 -1.10303537e+00 -2.98595104e+01
 -2.40207268e-01 -2.91576730e+01
 6.22667886e-01 -2.84565533e+01
 1.48555721e+00 -2.77555891e+01
 2.34844942e+00 -2.70546512e+01
 3.21134196e+00 -2.63537169e+01
 4.07423337e+00 -2.56527839e+01
 4.93711341e+00 -2.49518601e+01
 5.79990710e+00 -2.42510066e+01
 6.66218700e+00 -2.35505703e+01
 7.52206751e+00 -2.28520831e+01
 8.37313934e+00 -2.21607513e+01
 9.19875217e+00 -2.14901000e+01
 9.96635135e+00 -2.08665736e+01
 1.06295866e+01 -2.03278228e+01
 1.11444462e+01 -1.99095986e+01
 1.11444462e+01 -1.99095986e+01
 1.11444462e+01 -1.99095986e+01
 1.11444462e+01 -1.99095986e+01
 1.11444462e+01 -1.99095986e+01
 1.11444462e+01 -1.99095986e+01
 1.11444462e+01 -1.99095986e+01
 1.11444462e+01 -1.99095986e+01
 1.11444462e+01 -1.99095986e+01
 1.11444462e+01 -1.99095986e+01
 1.11444462e+01 -1.99095986e+01
 1.11444462e+01 -1.99095986e+01
 1.11444462e+01 -1.99095986e+01
 1.11444462e+01 -1.99095986e+01
 1.11444462e+01 -1.99095986e+01
 1.11444462e+01 -1.99095986e+01
 1.11444462e+01 -1.99095986e+01
 1.11444462e+01 -1.99095986e+01
 1.11444462e+01 -1.99095986e+01
 1.11444462e+01 -1.99095986e+01
 1.11444462e+01 -1.99095986e+01
 1.11444462e+01 -1.99095986e+01
 1.11444462e+01 -1.99095986e+01
 1.11444462e+01 -1.99095986e+01
 1.11444462e+01 -1.99095986e+01
 1.11444462e+01 -1.99095986e+01
 1.11444462e+01 -1.99095986e+01
 1.11444462e+01 -1.99095986e+01
 1.11444462e+01 -1.99095986e+01
 1.11444462e+01 -1.99095986e+01
 1.11444462e+01 -1.99095986e+01
 1.11444462e+01 -1.99095986e+01
 1.11444462e+01 -1.99095986e+01
 1.11444462e+01 -1.99095986e+01
 1.11444462e+01 -1.99095986e+01
