 0.00000000e+00 0.00000000e+00
 0.00000000e+00 0.00000000e+00
 0.00000000e+00 0.00000000e+00
 0.00000000e+00 0.00000000e+00
 2.55754112e-02 8.10366963e-02
 4.35936122e-02 1.90846755e-01
 4.41794006e-02 3.26217367e-01
 1.89734679e-02 4.82592225e-01
 -3.75508152e-02 6.55952867e-01
 -1.27180911e-01 8.43401379e-01
 -2.48128814e-01 1.04290366e+00
 -3.97007337e-01 1.25273295e+00
 -5.71340112e-01 1.47088126e+00
 -7.70749644e-01 1.69462221e+00
 -9.96626258e-01 1.92023094e+00
 -1.25130701e+00 2.14272493e+00
 -1.53748548e+00 2.35567794e+00
 -1.85780569e+00 2.55132488e+00
 -2.21436893e+00 2.72099064e+00
 -2.60831533e+00 2.85562313e+00
 -3.03997201e+00 2.94623056e+00
 -3.50952553e+00 2.98432408e+00
 -4.01737436e+00 2.96268087e+00
 -4.56354196e+00 2.87637875e+00
 -5.14668895e+00 2.72347273e+00
 -5.76383953e+00 2.50490337e+00
 -6.41116027e+00 2.22403150e+00
 -7.08500110e+00 1.88625737e+00
 -7.78231621e+00 1.49846903e+00
 -8.50051437e+00 1.06790320e+00
 -9.23742883e+00 6.00720601e-01
 -9.99163050e+00 1.01021756e-01
 -1.07625306e+01 -4.29523201e-01
 -1.15497933e+01 -9.91904598e-01
 -1.23523024e+01 -1.59008276e+00
 -1.31672212e+01 -2.23082736e+00
 -1.39893171e+01 -2.92233510e+00
 -1.48104807e+01 -3.67165389e+00
 -1.56195960e+01 -4.48209151e+00
 -1.64029901e+01 -5.35202743e+00
 -1.71452721e+01 -6.27529793e+00
 -1.78300866e+01 -7.24199304e+00
 -1.84406828e+01 -8.23877739e+00
 -1.89607468e+01 -9.24909602e+00
 -1.93758902e+01 -1.02541087e+01
 -1.96754134e+01 -1.12345837e+01
 -1.98531513e+01 -1.21730467e+01
 -1.99065479e+01 -1.30550359e+01
 -1.98348207e+01 -1.38689532e+01
 -1.96381882e+01 -1.46051449e+01
 -1.93187703e+01 -1.52551182e+01
 -1.88817075e+01 -1.58111991e+01
 -1.83352333e+01 -1.62665551e+01
 -1.76900518e+01 -1.66154176e+01
 -1.69587941e+01 -1.68531947e+01
 -1.61556915e+01 -1.69763721e+01
 -1.52963553e+01 -1.69825608e+01
 -1.43975051e+01 -1.68709643e+01
 -1.34761604e+01 -1.66429596e+01
 -1.25479131e+01 -1.63023021e+01
 -1.16248050e+01 -1.58548588e+01
 -1.07141291e+01 -1.53081402e+01
 -9.81904817e+00 -1.46708235e+01
 -8.94037098e+00 -1.39521263e+01
 -8.07784629e+00 -1.31607769e+01
 -7.23024877e+00 -1.23036854e+01
 -6.39520073e+00 -1.13850246e+01
 -5.56987605e+00 -1.04066682e+01
 -4.75242634e+00 -9.37022377e+00
 -3.94301586e+00 -8.27957501e+00
 -3.14382498e+00 -7.14237942e+00
 -2.35855877e+00 -5.97017491e+00
 -1.59245184e+00 -4.77824587e+00
 -8.52998294e-01 -3.58620577e+00
 -1.50664938e-01 -2.41858760e+00
 5.01294039e-01 -1.30369937e+00
 1.08828713e+00 -2.69995866e-01
 1.59674374e+00 6.58602194e-01
 2.01641994e+00 1.46595068e+00
 2.34192235e+00 2.14426028e+00
 2.57346923e+00 2.69283220e+00
 2.71659832e+00 3.11630502e+00
 2.77980135e+00 3.42274157e+00
 2.77052441e+00 3.62113715e+00
 2.69245250e+00 3.71844344e+00
 2.54608736e+00 3.71713228e+00
 2.33095431e+00 3.61446917e+00
 2.04683776e+00 3.40382928e+00
 1.69399300e+00 3.07726526e+00
 1.27368663e+00 2.62804185e+00
 7.89223233e-01 2.05234451e+00
 2.46521151e-01 1.35015741e+00
 -3.46314639e-01 5.25579817e-01
 -9.80012218e-01 -4.13187259e-01
 -1.64483002e+00 -1.45385852e+00
 -2.33036670e+00 -2.57988398e+00
 -3.02471791e+00 -3.77040924e+00
 -3.71356097e+00 -5.00088514e+00
 -4.37942909e+00 -6.24419863e+00
 -5.00126902e+00 -7.47173686e+00
 -5.55482586e+00 -8.65434126e+00
 -6.01459299e+00 -9.76378563e+00
 -6.35708665e+00 -1.07750501e+01
 -6.56384928e+00 -1.16686727e+01
 -6.62266465e+00 -1.24320399e+01
 -6.52727253e+00 -1.30590065e+01
 -6.27711456e+00 -1.35481617e+01
 -5.87744728e+00 -1.39005938e+01
 -5.33853837e+00 -1.41178949e+01
 -4.67350210e+00 -1.42010127e+01
 -3.89628911e+00 -1.41505702e+01
 -3.02137584e+00 -1.39685540e+01
 -2.06500014e+00 -1.36600132e+01
 -1.04660687e+00 -1.32334892e+01
 1.06082782e-02 -1.27003888e+01
 1.08028010e+00 -1.20742436e+01
 2.13422101e+00 -1.13701905e+01
 3.14424259e+00 -1.06045427e+01
 4.08458182e+00 -9.79450661e+00
 4.93528796e+00 -8.95811737e+00
 5.68650066e+00 -8.11392127e+00
 6.34228772e+00 -7.27947162e+00
 6.92120659e+00 -6.46835164e+00
 7.45107973e+00 -5.68710629e+00
 7.95928931e+00 -4.93438219e+00
 8.46433432e+00 -4.20327057e+00
 8.97376827e+00 -3.48536919e+00
 9.48793091e+00 -2.77399613e+00
 1.00048271e+01 -2.06522496e+00
 1.05228245e+01 -1.35728662e+00
 1.10411518e+01 -6.49561429e-01
 1.15595544e+01 5.81203358e-02
 1.20779701e+01 7.65795079e-01
 1.25963876e+01 1.47346885e+00
 1.31148045e+01 2.18114156e+00
 1.36332147e+01 2.88880494e+00
 1.41515729e+01 3.59639749e+00
 1.46696225e+01 4.30356869e+00
 1.51862306e+01 5.00877209e+00
 1.56975465e+01 5.70675134e+00
 1.61935668e+01 6.38385122e+00
 1.66547331e+01 7.01337305e+00
 1.70531986e+01 7.55730413e+00
 1.73625213e+01 7.97954973e+00
 1.73625213e+01 7.97954973e+00
 1.73625213e+01 7.97954973e+00
 1.73625213e+01 7.97954973e+00
 1.73625213e+01 7.97954973e+00
 1.73625213e+01 7.97954973e+00
 1.73625213e+01 7.97954973e+00
 1.73625213e+01 7.97954973e+00
 1.73625213e+01 7.97954973e+00
 1.73625213e+01 7.97954973e+00
 1.73625213e+01 7.97954973e+00
 1.73625213e+01 7.97954973e+00
 1.73625213e+01 7.97954973e+00
 1.73625213e+01 7.97954973e+00
 1.73625213e+01 7.97954973e+00
 1.73625213e+01 7.97954973e+00
 1.73625213e+01 7.97954973e+00
 1.73625213e+01 7.97954973e+00
 1.73625213e+01 7.97954973e+00
 1.73625213e+01 7.97954973e+00
 1.73625213e+01 7.97954973e+00
 1.73625213e+01 7.97954973e+00
 1.73625213e+01 7.97954973e+00
 1.73625213e+01 7.97954973e+00
 1.73625213e+01 7.97954973e+00
 1.73625213e+01 7.97954973e+00
 1.73625213e+01 7.97954973e+00
 1.73625213e+01 7.97954973e+00
 1.73625213e+01 7.97954973e+00
 1.73625213e+01 7.97954973e+00
 1.73625213e+01 7.97954973e+00
 1.73625213e+01 7.97954973e+00
 1.73625213e+01 7.97954973e+00
 1.73625213e+01 7.97954973e+00
 1.73625213e+01 7.97954973e+00
