 0.00000000e+00 0.00000000e+00
 0.00000000e+00 0.00000000e+00
 0.00000000e+00 0.00000000e+00
 0.00000000e+00 0.00000000e+00
 -1.55137997e-01 -4.85695069e-02
 -3.56532577e-01 -1.16642871e-01
 -5.95072532e-01 -2.07413642e-01
 -8.63578241e-01 -3.26042759e-01
 -1.16070176e+00 -4.80612474e-01
 -1.49039820e+00 -6.82469698e-01
 -1.85957482e+00 -9.46013742e-01
 -2.27625955e+00 -1.28794797e+00
 -2.74875827e+00 -1.72615562e+00
 -3.28520641e+00 -2.27863259e+00
 -3.89301399e+00 -2.96284739e+00
 -4.57835957e+00 -3.79544235e+00
 -5.34610495e+00 -4.79198009e+00
 -6.20003252e+00 -5.96664913e+00
 -7.14295830e+00 -7.33185345e+00
 -8.17630720e+00 -8.89730798e+00
 -9.29879463e+00 -1.06682633e+01
 -1.05042230e+01 -1.26429678e+01
 -1.17792137e+01 -1.48100081e+01
 -1.31020226e+01 -1.71464005e+01
 -1.44429186e+01 -1.96170411e+01
 -1.57657898e+01 -2.21754995e+01
 -1.70303824e+01 -2.47659058e+01
 -1.81947691e+01 -2.73261088e+01
 -1.92181083e+01 -2.97924549e+01
 -2.00640582e+01 -3.21056740e+01
 -2.07044257e+01 -3.42162736e+01
 -2.11213680e+01 -3.60878594e+01
 -2.13069311e+01 -3.76978971e+01
 -2.12609154e+01 -3.90363770e+01
 -2.09889133e+01 -4.01030076e+01
 -2.05008948e+01 -4.09035748e+01
 -1.98098202e+01 -4.14464146e+01
 -1.89307278e+01 -4.17398608e+01
 -1.78810681e+01 -4.17908357e+01
 -1.66817586e+01 -4.16046491e+01
 -1.53577313e+01 -4.11867104e+01
 -1.39376663e+01 -4.05462835e+01
 -1.24535100e+01 -3.97004953e+01
 -1.09398374e+01 -3.86762426e+01
 -9.43193292e+00 -3.75093684e+01
 -7.96154294e+00 -3.62421947e+01
 -6.55108182e+00 -3.49202499e+01
 -5.20903391e+00 -3.35874484e+01
 -3.92952693e+00 -3.22788756e+01
 -2.69698041e+00 -3.10135348e+01
 -1.49345922e+00 -2.97923888e+01
 -3.04631128e-01 -2.86041793e+01
 8.78145487e-01 -2.74348174e+01
 2.05890680e+00 -2.62738678e+01
 3.23912817e+00 -2.51158615e+01
 4.41923361e+00 -2.39586633e+01
 5.59931916e+00 -2.28016392e+01
 6.77940197e+00 -2.16446444e+01
 7.95948436e+00 -2.04876537e+01
 9.13956512e+00 -1.93306649e+01
 1.03196303e+01 -1.81736915e+01
 1.14995774e+01 -1.70168338e+01
 1.26788219e+01 -1.58606650e+01
 1.38547849e+01 -1.47077134e+01
 1.50187013e+01 -1.35665728e+01
 1.61478003e+01 -1.24595682e+01
 1.71975605e+01 -1.14303500e+01
 1.81045936e+01 -1.05410658e+01
 1.88087099e+01 -9.85072778e+00
 1.88087099e+01 -9.85072778e+00
 1.88087099e+01 -9.85072778e+00
 1.88087099e+01 -9.85072778e+00
 1.88087099e+01 -9.85072778e+00
 1.88087099e+01 -9.85072778e+00
 1.88087099e+01 -9.85072778e+00
 1.88087099e+01 -9.85072778e+00
 1.88087099e+01 -9.85072778e+00
 1.88087099e+01 -9.85072778e+00
 1.88087099e+01 -9.85072778e+00
 1.88087099e+01 -9.85072778e+00
 1.88087099e+01 -9.85072778e+00
 1.88087099e+01 -9.85072778e+00
 1.88087099e+01 -9.85072778e+00
 1.88087099e+01 -9.85072778e+00
 1.88087099e+01 -9.85072778e+00
 1.88087099e+01 -9.85072778e+00
 1.88087099e+01 -9.85072778e+00
 1.88087099e+01 -9.85072778e+00
 1.88087099e+01 -9.85072778e+00
 1.88087099e+01 -9.85072778e+00
 1.88087099e+01 -9.85072778e+00
 1.88087099e+01 -9.85072778e+00
 1.88087099e+01 -9.85072778e+00
 1.88087099e+01 -9.85072778e+00
 1.88087099e+01 -9.85072778e+00
 1.88087099e+01 -9.85072778e+00
 1.88087099e+01 -9.85072778e+00
 1.88087099e+01 -9.85072778e+00
 1.88087099e+01 -9.85072778e+00
 1.88087099e+01 -9.85072778e+00
 1.88087099e+01 -9.85072778e+00
 1.88087099e+01 -9.85072778e+00
 1.88087099e+01 -9.85072778e+00
 1.88087099e+01 -9.85072778e+00
 1.88087099e+01 -9.85072778e+00
 1.88087099e+01 -9.85072778e+00
 1.88087099e+01 -9.85072778e+00
 1.88087099e+01 -9.85072778e+00
 1.88087099e+01 -9.85072778e+00
