 0.00000000e+00 0.00000000e+00
 0.00000000e+00 0.00000000e+00
 0.00000000e+00 0.00000000e+00
 0.00000000e+00 0.00000000e+00
 -9.97350360e-03 1.73032579e-01
 -2.85625345e-02 3.93526649e-01
 -5.68789702e-02 6.42335570e-01
 -9.31233931e-02 8.98438316e-01
 -1.33712869e-01 1.14558811e+00
 -1.75472193e-01 1.37334396e+00
 -2.16874864e-01 1.57484012e+00
 -2.58143646e-01 1.74501114e+00
 -3.01006879e-01 1.88055505e+00
 -3.48300377e-01 1.98070161e+00
 -4.03659082e-01 2.04743441e+00
 -4.71664997e-01 2.08412282e+00
 -5.57975927e-01 2.09191333e+00
 -6.68918332e-01 2.06456241e+00
 -8.11105677e-01 1.98459164e+00
 -9.91621600e-01 1.82400905e+00
 -1.21812775e+00 1.54950585e+00
 -1.49810576e+00 1.12827920e+00
 -1.83754931e+00 5.31152623e-01
 -2.24009936e+00 -2.66680239e-01
 -2.70721853e+00 -1.28512331e+00
 -3.23915451e+00 -2.53777898e+00
 -3.83587199e+00 -4.03001564e+00
 -4.49732962e+00 -5.75735324e+00
 -5.22329590e+00 -7.70523041e+00
 -6.01336907e+00 -9.85094213e+00
 -6.86734705e+00 -1.21671379e+01
 -7.78527441e+00 -1.46248134e+01
 -8.76636756e+00 -1.71940590e+01
 -9.80647734e+00 -1.98424633e+01
 -1.08943212e+01 -2.25321114e+01
 -1.20075831e+01 -2.52165531e+01
 -1.31109032e+01 -2.78397999e+01
 -1.41574915e+01 -3.03392341e+01
 -1.50941052e+01 -3.26520343e+01
 -1.58671703e+01 -3.47220818e+01
 -1.64279200e+01 -3.65042883e+01
 -1.67359827e+01 -3.79660394e+01
 -1.67618680e+01 -3.90879288e+01
 -1.64890240e+01 -3.98653283e+01
 -1.59159942e+01 -4.03093757e+01
 -1.50580995e+01 -4.04445673e+01
 -1.39469405e+01 -4.03027283e+01
 -1.26271782e+01 -3.99169424e+01
 -1.11523539e+01 -3.93192250e+01
 -9.58168522e+00 -3.85420142e+01
 -7.97787209e+00 -3.76205027e+01
 -6.40452678e+00 -3.65932220e+01
 -4.92180313e+00 -3.55003264e+01
 -3.57930667e+00 -3.43802616e+01
 -2.40647479e+00 -3.32658365e+01
 -1.40336587e+00 -3.21807663e+01
 -5.38400985e-01 -3.11376165e+01
 2.40955376e-01 -3.01378380e+01
 9.87350162e-01 -2.91742837e+01
 1.73538591e+00 -2.82356833e+01
 2.49740244e+00 -2.73112522e+01
 3.27163989e+00 -2.63934102e+01
 4.05251779e+00 -2.54780596e+01
 4.83599355e+00 -2.45634701e+01
 5.62023424e+00 -2.36490675e+01
 6.40464752e+00 -2.27347015e+01
 7.18909088e+00 -2.18203413e+01
 7.97353823e+00 -2.09059819e+01
 8.75798494e+00 -1.99916238e+01
 9.54242133e+00 -1.90772778e+01
 1.03267792e+01 -1.81630233e+01
 1.11106701e+01 -1.72493132e+01
 1.18923796e+01 -1.63381457e+01
 1.26660813e+01 -1.54363121e+01
 1.34166384e+01 -1.45614561e+01
 1.41144558e+01 -1.37480739e+01
 1.47173969e+01 -1.30452804e+01
 1.51854511e+01 -1.24997123e+01
 1.51854511e+01 -1.24997123e+01
 1.51854511e+01 -1.24997123e+01
 1.51854511e+01 -1.24997123e+01
 1.51854511e+01 -1.24997123e+01
 1.51854511e+01 -1.24997123e+01
 1.51854511e+01 -1.24997123e+01
 1.51854511e+01 -1.24997123e+01
 1.51854511e+01 -1.24997123e+01
 1.51854511e+01 -1.24997123e+01
 1.51854511e+01 -1.24997123e+01
 1.51854511e+01 -1.24997123e+01
 1.51854511e+01 -1.24997123e+01
 1.51854511e+01 -1.24997123e+01
 1.51854511e+01 -1.24997123e+01
 1.51854511e+01 -1.24997123e+01
 1.51854511e+01 -1.24997123e+01
 1.51854511e+01 -1.24997123e+01
 1.51854511e+01 -1.24997123e+01
 1.51854511e+01 -1.24997123e+01
 1.51854511e+01 -1.24997123e+01
 1.51854511e+01 -1.24997123e+01
 1.51854511e+01 -1.24997123e+01
 1.51854511e+01 -1.24997123e+01
 1.51854511e+01 -1.24997123e+01
 1.51854511e+01 -1.24997123e+01
 1.51854511e+01 -1.24997123e+01
 1.51854511e+01 -1.24997123e+01
 1.51854511e+01 -1.24997123e+01
 1.51854511e+01 -1.24997123e+01
 1.51854511e+01 -1.24997123e+01
 1.51854511e+01 -1.24997123e+01
