 0.00000000e+00 0.00000000e+00
 0.00000000e+00 0.00000000e+00
 0.00000000e+00 0.00000000e+00
 0.00000000e+00 0.00000000e+00
 1.15257152e-01 1.37006915e-01
 2.40156700e-01 2.98849815e-01
 3.55549421e-01 4.63785801e-01
 4.49021922e-01 6.12126949e-01
 5.16571058e-01 7.32955303e-01
 5.58717770e-01 8.24432444e-01
 5.76132973e-01 8.89558019e-01
 5.66483220e-01 9.31120013e-01
 5.22673875e-01 9.48563487e-01
 4.34098904e-01 9.37364803e-01
 2.91179590e-01 8.89901964e-01
 8.98929568e-02 7.96684769e-01
 -1.67161284e-01 6.47324046e-01
 -4.72874302e-01 4.31019706e-01
 -8.18079836e-01 1.36938562e-01
 -1.19262643e+00 -2.44819340e-01
 -1.58571012e+00 -7.21689673e-01
 -1.98679464e+00 -1.29762934e+00
 -2.38743196e+00 -1.97377078e+00
 -2.78324364e+00 -2.75079534e+00
 -3.17517249e+00 -3.63183102e+00
 -3.56973255e+00 -4.62440169e+00
 -3.97871974e+00 -5.74066856e+00
 -4.41868283e+00 -6.99606725e+00
 -4.90944564e+00 -8.40692112e+00
 -5.47092430e+00 -9.98764889e+00
 -6.11901819e+00 -1.17477797e+01
 -6.86227939e+00 -1.36885436e+01
 -7.70002846e+00 -1.57990960e+01
 -8.62138265e+00 -1.80534621e+01
 -9.60495260e+00 -2.04098923e+01
 -1.06197858e+01 -2.28134996e+01
 -1.16280664e+01 -2.52013963e+01
 -1.25892981e+01 -2.75086065e+01
 -1.34650694e+01 -2.96734909e+01
 -1.42233688e+01 -3.16425040e+01
 -1.48416674e+01 -3.33745593e+01
 -1.53083798e+01 -3.48445720e+01
 -1.56225265e+01 -3.60449055e+01
 -1.57915267e+01 -3.69837734e+01
 -1.58275201e+01 -3.76808966e+01
 -1.57434998e+01 -3.81617214e+01
 -1.55507809e+01 -3.84518678e+01
 -1.52582113e+01 -3.85731809e+01
 -1.48720738e+01 -3.85418273e+01
 -1.43956316e+01 -3.83680034e+01
 -1.38286914e+01 -3.80567051e+01
 -1.31684358e+01 -3.76093135e+01
 -1.24118400e+01 -3.70258188e+01
 -1.15583184e+01 -3.63072745e+01
 -1.06108890e+01 -3.54578629e+01
 -9.57561503e+00 -3.44860387e+01
 -8.46089535e+00 -3.34047157e+01
 -7.27831865e+00 -3.22311583e+01
 -6.04498311e+00 -3.09875554e+01
 -4.78496211e+00 -2.97020690e+01
 -3.52684910e+00 -2.84076133e+01
 -2.29641526e+00 -2.71353392e+01
 -1.10799938e+00 -2.59048844e+01
 3.89619324e-02 -2.47189407e+01
 1.15546741e+00 -2.35670822e+01
 2.25469736e+00 -2.24350745e+01
 3.34626959e+00 -2.13120255e+01
 4.43517840e+00 -2.01921325e+01
 5.52335967e+00 -1.90731096e+01
 6.61138490e+00 -1.79542746e+01
 7.69938388e+00 -1.68354715e+01
 8.78737928e+00 -1.57166726e+01
 9.87537284e+00 -1.45978757e+01
 1.09633520e+01 -1.34790936e+01
 1.20512223e+01 -1.23604235e+01
 1.31384448e+01 -1.12424195e+01
 1.42226420e+01 -1.01275265e+01
 1.52957325e+01 -9.02405455e+00
 1.63367226e+01 -7.95359189e+00
 1.73045651e+01 -6.95834785e+00
 1.81408182e+01 -6.09841871e+00
 1.87899890e+01 -5.43086853e+00
 1.87899890e+01 -5.43086853e+00
 1.87899890e+01 -5.43086853e+00
 1.87899890e+01 -5.43086853e+00
 1.87899890e+01 -5.43086853e+00
 1.87899890e+01 -5.43086853e+00
 1.87899890e+01 -5.43086853e+00
 1.87899890e+01 -5.43086853e+00
 1.87899890e+01 -5.43086853e+00
 1.87899890e+01 -5.43086853e+00
 1.87899890e+01 -5.43086853e+00
 1.87899890e+01 -5.43086853e+00
 1.87899890e+01 -5.43086853e+00
 1.87899890e+01 -5.43086853e+00
 1.87899890e+01 -5.43086853e+00
 1.87899890e+01 -5.43086853e+00
 1.87899890e+01 -5.43086853e+00
 1.87899890e+01 -5.43086853e+00
 1.87899890e+01 -5.43086853e+00
 1.87899890e+01 -5.43086853e+00
 1.87899890e+01 -5.43086853e+00
 1.87899890e+01 -5.43086853e+00
 1.87899890e+01 -5.43086853e+00
 1.87899890e+01 -5.43086853e+00
 1.87899890e+01 -5.43086853e+00
 1.87899890e+01 -5.43086853e+00
 1.87899890e+01 -5.43086853e+00
 1.87899890e+01 -5.43086853e+00
