 0.00000000e+00 0.00000000e+00
 0.00000000e+00 0.00000000e+00
 0.00000000e+00 0.00000000e+00
 0.00000000e+00 0.00000000e+00
 -6.99426820e-03 5.46421462e-02
 -5.39474448e-02 9.59592360e-02
 -1.65940158e-01 9.60010075e-02
 -3.60551383e-01 2.67535359e-02
 -6.42212632e-01 -1.33695996e-01
 -1.00371380e+00 -3.98716257e-01
 -1.43275487e+00 -7.74120828e-01
 -1.91817942e+00 -1.26068060e+00
 -2.45250498e+00 -1.85627977e+00
 -3.03152543e+00 -2.55719065e+00
 -3.65351124e+00 -3.35915722e+00
 -4.31927381e+00 -4.25890792e+00
 -5.03260013e+00 -5.25590802e+00
 -5.80006923e+00 -6.35363239e+00
 -6.62990893e+00 -7.55964939e+00
 -7.53025905e+00 -8.88425163e+00
 -8.50717334e+00 -1.03379934e+01
 -9.56230547e+00 -1.19288319e+01
 -1.06904037e+01 -1.36595122e+01
 -1.18774383e+01 -1.55256073e+01
 -1.31003381e+01 -1.75142541e+01
 -1.43283719e+01 -1.96033194e+01
 -1.55252080e+01 -2.17609277e+01
 -1.66509361e+01 -2.39458284e+01
 -1.76642771e+01 -2.61093468e+01
 -1.85252815e+01 -2.81992177e+01
 -1.91981149e+01 -3.01645162e+01
 -1.96532785e+01 -3.19600632e+01
 -1.98690422e+01 -3.35491410e+01
 -1.98322524e+01 -3.49046982e+01
 -1.95386663e+01 -3.60099368e+01
 -1.89928492e+01 -3.68586779e+01
 -1.82078879e+01 -3.74549954e+01
 -1.72053564e+01 -3.78113725e+01
 -1.60154921e+01 -3.79454678e+01
 -1.46769300e+01 -3.78768892e+01
 -1.32355530e+01 -3.76258303e+01
 -1.17425031e+01 -3.72141801e+01
 -1.02512059e+01 -3.66675411e+01
 -8.81288756e+00 -3.60156719e+01
 -7.47037085e+00 -3.52904075e+01
 -6.25080112e+00 -3.45224263e+01
 -5.15929643e+00 -3.37386762e+01
 -4.17733654e+00 -3.29606868e+01
 -3.26965424e+00 -3.22028817e+01
 -2.39832475e+00 -3.14710937e+01
 -1.53596634e+00 -3.07630527e+01
 -6.70116832e-01 -3.00717155e+01
 2.01113864e-01 -2.93896107e+01
 1.07570448e+00 -2.87115324e+01
 1.95169453e+00 -2.80348397e+01
 2.82811132e+00 -2.73585225e+01
 3.70462653e+00 -2.66822856e+01
 4.58115913e+00 -2.60060620e+01
 5.45769402e+00 -2.53298403e+01
 6.33422797e+00 -2.46536197e+01
 7.21075038e+00 -2.39774080e+01
 8.08718507e+00 -2.33012640e+01
 8.96309786e+00 -2.26255227e+01
 9.83657331e+00 -2.19516616e+01
 1.07011008e+01 -2.12847037e+01
 1.15397668e+01 -2.06376971e+01
 1.23195020e+01 -2.00361541e+01
 1.29932231e+01 -1.95163977e+01
 1.35162228e+01 -1.91129186e+01
 1.35162228e+01 -1.91129186e+01
 1.35162228e+01 -1.91129186e+01
 1.35162228e+01 -1.91129186e+01
 1.35162228e+01 -1.91129186e+01
 1.35162228e+01 -1.91129186e+01
 1.35162228e+01 -1.91129186e+01
 1.35162228e+01 -1.91129186e+01
 1.35162228e+01 -1.91129186e+01
 1.35162228e+01 -1.91129186e+01
 1.35162228e+01 -1.91129186e+01
 1.35162228e+01 -1.91129186e+01
 1.35162228e+01 -1.91129186e+01
 1.35162228e+01 -1.91129186e+01
 1.35162228e+01 -1.91129186e+01
 1.35162228e+01 -1.91129186e+01
 1.35162228e+01 -1.91129186e+01
 1.35162228e+01 -1.91129186e+01
 1.35162228e+01 -1.91129186e+01
 1.35162228e+01 -1.91129186e+01
 1.35162228e+01 -1.91129186e+01
 1.35162228e+01 -1.91129186e+01
 1.35162228e+01 -1.91129186e+01
 1.35162228e+01 -1.91129186e+01
 1.35162228e+01 -1.91129186e+01
 1.35162228e+01 -1.91129186e+01
 1.35162228e+01 -1.91129186e+01
 1.35162228e+01 -1.91129186e+01
 1.35162228e+01 -1.91129186e+01
 1.35162228e+01 -1.91129186e+01
 1.35162228e+01 -1.91129186e+01
 1.35162228e+01 -1.91129186e+01
 1.35162228e+01 -1.91129186e+01
 1.35162228e+01 -1.91129186e+01
 1.35162228e+01 -1.91129186e+01
 1.35162228e+01 -1.91129186e+01
 1.35162228e+01 -1.91129186e+01
 1.35162228e+01 -1.91129186e+01
 1.35162228e+01 -1.91129186e+01
 1.35162228e+01 -1.91129186e+01
 1.35162228e+01 -1.91129186e+01
