 0.00000000e+00 0.00000000e+00
 0.00000000e+00 0.00000000e+00
 0.00000000e+00 0.00000000e+00
 0.00000000e+00 0.00000000e+00
 1.98130982e-01 2.37071359e-01
 4.36683364e-01 5.40243658e-01
 6.88456671e-01 8.81586305e-01
 9.26511103e-01 1.22708092e+00
 1.12932733e+00 1.54514161e+00
 1.27914707e+00 1.80801005e+00
 1.35828574e+00 1.98822796e+00
 1.34752260e+00 2.05523168e+00
 1.22739583e+00 1.97503743e+00
 9.81216428e-01 1.71288743e+00
 5.97658934e-01 1.23719858e+00
 7.12858830e-02 5.23098279e-01
 -5.98379954e-01 -4.45494301e-01
 -1.40735293e+00 -1.67519958e+00
 -2.34683698e+00 -3.16311205e+00
 -3.40331676e+00 -4.89688799e+00
 -4.55993998e+00 -6.85560945e+00
 -5.79870041e+00 -9.01248511e+00
 -7.10263832e+00 -1.13394841e+01
 -8.45770771e+00 -1.38121950e+01
 -9.85373380e+00 -1.64119326e+01
 -1.12830872e+01 -1.91226380e+01
 -1.27359640e+01 -2.19228803e+01
 -1.41934772e+01 -2.47769981e+01
 -1.56225051e+01 -2.76310085e+01
 -1.69760950e+01 -3.04160533e+01
 -1.81993597e+01 -3.30569911e+01
 -1.92369787e+01 -3.54812469e+01
 -2.00385665e+01 -3.76250119e+01
 -2.05615815e+01 -3.94372332e+01
 -2.07740616e+01 -4.08829845e+01
 -2.06585441e+01 -4.19462955e+01
 -2.02153766e+01 -4.26305309e+01
 -1.94623863e+01 -4.29546472e+01
 -1.84306107e+01 -4.29465377e+01
 -1.71592620e+01 -4.26372953e+01
 -1.56930490e+01 -4.20595160e+01
 -1.40819046e+01 -4.12493179e+01
 -1.23807301e+01 -4.02489893e+01
 -1.06466604e+01 -3.91073475e+01
 -8.93271427e+00 -3.78769567e+01
 -7.27880015e+00 -3.66088557e+01
 -5.70379840e+00 -3.53458058e+01
 -4.20398482e+00 -3.41157947e+01
 -2.76013935e+00 -3.29289133e+01
 -1.34929209e+00 -3.17802037e+01
 4.62192025e-02 -3.06572964e+01
 1.43619398e+00 -2.95481102e+01
 2.82465672e+00 -2.84447088e+01
 4.21282341e+00 -2.73432424e+01
 5.60095456e+00 -2.62422889e+01
 6.98908524e+00 -2.51414427e+01
 8.37721673e+00 -2.40406144e+01
 9.76534826e+00 -2.29397884e+01
 1.11534779e+01 -2.18389642e+01
 1.25415893e+01 -2.07381545e+01
 1.39295617e+01 -1.96374549e+01
 1.53167077e+01 -1.85374108e+01
 1.66999937e+01 -1.74404278e+01
 1.80691093e+01 -1.63546823e+01
 1.93972690e+01 -1.53014158e+01
 2.06321025e+01 -1.43221596e+01
 2.16990461e+01 -1.34760446e+01
 2.25272985e+01 -1.28192181e+01
 2.25272985e+01 -1.28192181e+01
 2.25272985e+01 -1.28192181e+01
 2.25272985e+01 -1.28192181e+01
 2.25272985e+01 -1.28192181e+01
 2.25272985e+01 -1.28192181e+01
 2.25272985e+01 -1.28192181e+01
 2.25272985e+01 -1.28192181e+01
 2.25272985e+01 -1.28192181e+01
 2.25272985e+01 -1.28192181e+01
 2.25272985e+01 -1.28192181e+01
 2.25272985e+01 -1.28192181e+01
 2.25272985e+01 -1.28192181e+01
 2.25272985e+01 -1.28192181e+01
 2.25272985e+01 -1.28192181e+01
 2.25272985e+01 -1.28192181e+01
 2.25272985e+01 -1.28192181e+01
 2.25272985e+01 -1.28192181e+01
 2.25272985e+01 -1.28192181e+01
 2.25272985e+01 -1.28192181e+01
 2.25272985e+01 -1.28192181e+01
 2.25272985e+01 -1.28192181e+01
 2.25272985e+01 -1.28192181e+01
 2.25272985e+01 -1.28192181e+01
 2.25272985e+01 -1.28192181e+01
 2.25272985e+01 -1.28192181e+01
 2.25272985e+01 -1.28192181e+01
 2.25272985e+01 -1.28192181e+01
 2.25272985e+01 -1.28192181e+01
 2.25272985e+01 -1.28192181e+01
 2.25272985e+01 -1.28192181e+01
 2.25272985e+01 -1.28192181e+01
 2.25272985e+01 -1.28192181e+01
 2.25272985e+01 -1.28192181e+01
 2.25272985e+01 -1.28192181e+01
 2.25272985e+01 -1.28192181e+01
 2.25272985e+01 -1.28192181e+01
 2.25272985e+01 -1.28192181e+01
 2.25272985e+01 -1.28192181e+01
 2.25272985e+01 -1.28192181e+01
 2.25272985e+01 -1.28192181e+01
 2.25272985e+01 -1.28192181e+01
