 0.00000000e+00 0.00000000e+00
 0.00000000e+00 0.00000000e+00
 0.00000000e+00 0.00000000e+00
 0.00000000e+00 0.00000000e+00
 1.30925550e-02 8.13668709e-02
 1.46669705e-02 1.95825914e-01
 -3.57541234e-03 3.41562499e-01
 -4.36298548e-02 5.13526246e-01
 -9.88910182e-02 7.05148864e-01
 -1.57956820e-01 9.09634382e-01
 -2.12547401e-01 1.12074592e+00
 -2.62864835e-01 1.33317384e+00
 -3.16040686e-01 1.54262355e+00
 -3.80680005e-01 1.74579638e+00
 -4.63455520e-01 1.94029447e+00
 -5.69612514e-01 2.12435237e+00
 -7.04949636e-01 2.29629985e+00
 -8.76821824e-01 2.45380475e+00
 -1.09362713e+00 2.59321099e+00
 -1.36335924e+00 2.70933015e+00
 -1.69209500e+00 2.79568153e+00
 -2.08321215e+00 2.84489539e+00
 -2.53770532e+00 2.84916541e+00
 -3.05524917e+00 2.80088072e+00
 -3.63511833e+00 2.69338354e+00
 -4.27634460e+00 2.52140441e+00
 -4.97737823e+00 2.28084415e+00
 -5.73597887e+00 1.96822222e+00
 -6.54955898e+00 1.58042688e+00
 -7.41536544e+00 1.11501684e+00
 -8.32974606e+00 5.70814212e-01
 -9.28660676e+00 -5.16309210e-02
 -1.02760793e+01 -7.49993054e-01
 -1.12843090e+01 -1.52055606e+00
 -1.22943424e+01 -2.35864179e+00
 -1.32873586e+01 -3.25839080e+00
 -1.42435045e+01 -4.21157947e+00
 -1.51422968e+01 -5.20620176e+00
 -1.59633104e+01 -6.22609477e+00
 -1.66877662e+01 -7.25209262e+00
 -1.73006348e+01 -8.26389870e+00
 -1.77921378e+01 -9.24153884e+00
 -1.81579303e+01 -1.01661818e+01
 -1.83981994e+01 -1.10211446e+01
 -1.85164188e+01 -1.17936639e+01
 -1.85183190e+01 -1.24766078e+01
 -1.84110896e+01 -1.30686023e+01
 -1.82024425e+01 -1.35722047e+01
 -1.78993592e+01 -1.39913475e+01
 -1.75069002e+01 -1.43293802e+01
 -1.70277335e+01 -1.45880198e+01
 -1.64627885e+01 -1.47668288e+01
 -1.58127521e+01 -1.48628834e+01
 -1.50794551e+01 -1.48708273e+01
 -1.42664594e+01 -1.47840154e+01
 -1.33792539e+01 -1.45969068e+01
 -1.24257471e+01 -1.43073567e+01
 -1.14167098e+01 -1.39171803e+01
 -1.03652371e+01 -1.34310602e+01
 -9.28525040e+00 -1.28551410e+01
 -8.19027207e+00 -1.21961756e+01
 -7.09345305e+00 -1.14613281e+01
 -6.00825148e+00 -1.06585547e+01
 -4.94827128e+00 -9.79708958e+00
 -3.92587646e+00 -8.88710171e+00
 -2.95088943e+00 -7.93828937e+00
 -2.03069408e+00 -6.95864159e+00
 -1.17144128e+00 -5.95475464e+00
 -3.78906682e-01 -4.93347911e+00
 3.41778248e-01 -3.90329743e+00
 9.86792960e-01 -2.87441338e+00
 1.55353219e+00 -1.85829822e+00
 2.03964367e+00 -8.67997533e-01
 2.44230674e+00 8.09845924e-02
 2.75895211e+00 9.70755936e-01
 2.98940781e+00 1.78279756e+00
 3.13776743e+00 2.50046338e+00
 3.21179686e+00 3.11079662e+00
 3.21962799e+00 3.60493038e+00
 3.16625357e+00 3.97716127e+00
 3.05247961e+00 4.22338356e+00
 2.87618052e+00 4.33977564e+00
 2.63386918e+00 4.32230474e+00
 2.32177388e+00 4.16706059e+00
 1.93710538e+00 3.87107900e+00
 1.47974485e+00 3.43333468e+00
 9.53510901e-01 2.85577978e+00
 3.66321942e-01 2.14430794e+00
 -2.70381838e-01 1.30929966e+00
 -9.42253308e-01 3.65379536e-01
 -1.63275191e+00 -6.69576305e-01
 -2.32447153e+00 -1.77561331e+00
 -3.00080048e+00 -2.93133179e+00
 -3.64672210e+00 -4.11377628e+00
 -4.24804297e+00 -5.29825091e+00
 -4.78989123e+00 -6.45900518e+00
 -5.25625956e+00 -7.57092008e+00
 -5.63155401e+00 -8.61133683e+00
 -5.90321443e+00 -9.56119411e+00
 -6.06336489e+00 -1.04055480e+01
 -6.10841866e+00 -1.11341815e+01
 -6.03775059e+00 -1.17425111e+01
 -5.85329204e+00 -1.22318275e+01
 -5.56003508e+00 -1.26076241e+01
 -5.16568727e+00 -1.28761547e+01
 -4.67877624e+00 -1.30410619e+01
 -4.10660337e+00 -1.31021393e+01
 -3.45461325e+00 -1.30568511e+01
 -2.72731250e+00 -1.29032639e+01
 -1.92990212e+00 -1.26420670e+01
 -1.06984496e+00 -1.22764036e+01
 -1.57790000e-01 -1.18103895e+01
 7.92676262e-01 -1.12481980e+01
 1.76635094e+00 -1.05946600e+01
 2.74772862e+00 -9.85676898e+00
 3.72137371e+00 -9.04464550e+00
 4.67174658e+00 -8.17101344e+00
 5.58365664e+00 -7.24969028e+00
 6.44384268e+00 -6.29455681e+00
 7.24302392e+00 -5.31982174e+00
 7.97751013e+00 -4.34079218e+00
 8.65010186e+00 -3.37341718e+00
 9.27013794e+00 -2.43157227e+00
 9.85187040e+00 -1.52315110e+00
 1.04107419e+01 -6.47799158e-01
 1.09591736e+01 2.01609066e-01
 1.15044516e+01 1.03468091e+00
 1.20494793e+01 1.85948332e+00
 1.25948459e+01 2.68092756e+00
 1.31404393e+01 3.50128133e+00
 1.36861162e+01 4.32135298e+00
 1.42318144e+01 5.14136666e+00
 1.47775166e+01 5.96137092e+00
 1.53232194e+01 6.78137388e+00
 1.58689215e+01 7.60137560e+00
 1.64146164e+01 8.42136649e+00
 1.69602566e+01 9.24127533e+00
 1.75055720e+01 1.00606959e+01
 1.80493699e+01 1.08778364e+01
 1.85875972e+01 1.16866060e+01
 1.91097239e+01 1.24711820e+01
 1.95951621e+01 1.32006280e+01
 2.00145994e+01 1.38308973e+01
 2.03402023e+01 1.43201660e+01
 2.03402023e+01 1.43201660e+01
 2.03402023e+01 1.43201660e+01
 2.03402023e+01 1.43201660e+01
 2.03402023e+01 1.43201660e+01
 2.03402023e+01 1.43201660e+01
 2.03402023e+01 1.43201660e+01
 2.03402023e+01 1.43201660e+01
 2.03402023e+01 1.43201660e+01
 2.03402023e+01 1.43201660e+01
 2.03402023e+01 1.43201660e+01
 2.03402023e+01 1.43201660e+01
 2.03402023e+01 1.43201660e+01
 2.03402023e+01 1.43201660e+01
 2.03402023e+01 1.43201660e+01
 2.03402023e+01 1.43201660e+01
 2.03402023e+01 1.43201660e+01
 2.03402023e+01 1.43201660e+01
 2.03402023e+01 1.43201660e+01
 2.03402023e+01 1.43201660e+01
 2.03402023e+01 1.43201660e+01
 2.03402023e+01 1.43201660e+01
 2.03402023e+01 1.43201660e+01
 2.03402023e+01 1.43201660e+01
 2.03402023e+01 1.43201660e+01
 2.03402023e+01 1.43201660e+01
 2.03402023e+01 1.43201660e+01
 2.03402023e+01 1.43201660e+01
 2.03402023e+01 1.43201660e+01
 2.03402023e+01 1.43201660e+01
 2.03402023e+01 1.43201660e+01
 2.03402023e+01 1.43201660e+01
 2.03402023e+01 1.43201660e+01
 2.03402023e+01 1.43201660e+01
 2.03402023e+01 1.43201660e+01
