 0.00000000e+00 0.00000000e+00
 0.00000000e+00 0.00000000e+00
 0.00000000e+00 0.00000000e+00
 0.00000000e+00 0.00000000e+00
 -7.22914065e-02 4.96579952e-02
 -1.69457775e-01 1.10033323e-01
 -2.86716548e-01 1.71245939e-01
 -4.18750103e-01 2.19713434e-01
 -5.64176125e-01 2.39134198e-01
 -7.27817666e-01 2.10273286e-01
 -9.19696994e-01 1.10656253e-01
 -1.15209390e+00 -8.47380010e-02
 -1.43677386e+00 -4.01844060e-01
 -1.78345123e+00 -8.65466173e-01
 -2.19937854e+00 -1.49706551e+00
 -2.68962360e+00 -2.31268821e+00
 -3.25759871e+00 -3.32165761e+00
 -3.90523981e+00 -4.52635690e+00
 -4.63228429e+00 -5.92275165e+00
 -5.43482858e+00 -7.50105753e+00
 -6.30427847e+00 -9.24623373e+00
 -7.22767575e+00 -1.11383535e+01
 -8.18892105e+00 -1.31531200e+01
 -9.16941602e+00 -1.52626516e+01
 -1.01476244e+01 -1.74360957e+01
 -1.10986798e+01 -1.96394088e+01
 -1.19953219e+01 -2.18346288e+01
 -1.28102128e+01 -2.39802340e+01
 -1.35186296e+01 -2.60338794e+01
 -1.41004311e+01 -2.79568707e+01
 -1.45407693e+01 -2.97181489e+01
 -1.48296846e+01 -3.12959148e+01
 -1.49612070e+01 -3.26769514e+01
 -1.49326759e+01 -3.38551043e+01
 -1.47444860e+01 -3.48299656e+01
 -1.43998322e+01 -3.56055894e+01
 -1.39041552e+01 -3.61886561e+01
 -1.32646955e+01 -3.65860490e+01
 -1.24906993e+01 -3.68025877e+01
 -1.15941366e+01 -3.68400841e+01
 -1.05902620e+01 -3.66985238e+01
 -9.49768471e+00 -3.63790941e+01
 -8.33830922e+00 -3.58877569e+01
 -7.13744150e+00 -3.52378326e+01
 -5.92347291e+00 -3.44506644e+01
 -4.72611895e+00 -3.35543529e+01
 -3.57285589e+00 -3.25812016e+01
 -2.48418868e+00 -3.15646051e+01
 -1.46917090e+00 -3.05357380e+01
 -5.23342595e-01 -2.95200104e+01
 3.68852477e-01 -2.85335914e+01
 1.22743524e+00 -2.75814751e+01
 2.06962047e+00 -2.66589666e+01
 2.90602527e+00 -2.57564609e+01
 3.74126456e+00 -2.48646779e+01
 4.57659448e+00 -2.39774632e+01
 5.41210049e+00 -2.30917926e+01
 6.24768265e+00 -2.22065349e+01
 7.08328551e+00 -2.13213645e+01
 7.91889240e+00 -2.04362086e+01
 8.75449978e+00 -1.95510546e+01
 9.59010609e+00 -1.86659021e+01
 1.04257014e+01 -1.77807612e+01
 1.12612131e+01 -1.68957089e+01
 1.20962272e+01 -1.60111837e+01
 1.29289178e+01 -1.51291198e+01
 1.37530783e+01 -1.42560917e+01
 1.45525848e+01 -1.34091795e+01
 1.52959120e+01 -1.26217776e+01
 1.59381754e+01 -1.19414321e+01
 1.64367549e+01 -1.14132900e+01
 1.64367549e+01 -1.14132900e+01
 1.64367549e+01 -1.14132900e+01
 1.64367549e+01 -1.14132900e+01
 1.64367549e+01 -1.14132900e+01
 1.64367549e+01 -1.14132900e+01
 1.64367549e+01 -1.14132900e+01
 1.64367549e+01 -1.14132900e+01
 1.64367549e+01 -1.14132900e+01
 1.64367549e+01 -1.14132900e+01
 1.64367549e+01 -1.14132900e+01
 1.64367549e+01 -1.14132900e+01
 1.64367549e+01 -1.14132900e+01
 1.64367549e+01 -1.14132900e+01
 1.64367549e+01 -1.14132900e+01
 1.64367549e+01 -1.14132900e+01
 1.64367549e+01 -1.14132900e+01
 1.64367549e+01 -1.14132900e+01
 1.64367549e+01 -1.14132900e+01
 1.64367549e+01 -1.14132900e+01
 1.64367549e+01 -1.14132900e+01
 1.64367549e+01 -1.14132900e+01
 1.64367549e+01 -1.14132900e+01
 1.64367549e+01 -1.14132900e+01
 1.64367549e+01 -1.14132900e+01
 1.64367549e+01 -1.14132900e+01
 1.64367549e+01 -1.14132900e+01
 1.64367549e+01 -1.14132900e+01
 1.64367549e+01 -1.14132900e+01
 1.64367549e+01 -1.14132900e+01
 1.64367549e+01 -1.14132900e+01
 1.64367549e+01 -1.14132900e+01
 1.64367549e+01 -1.14132900e+01
 1.64367549e+01 -1.14132900e+01
 1.64367549e+01 -1.14132900e+01
 1.64367549e+01 -1.14132900e+01
 1.64367549e+01 -1.14132900e+01
 1.64367549e+01 -1.14132900e+01
 1.64367549e+01 -1.14132900e+01
