 0.00000000e+00 0.00000000e+00
 0.00000000e+00 0.00000000e+00
 0.00000000e+00 0.00000000e+00
 0.00000000e+00 0.00000000e+00
 -4.19209411e-02 4.13849349e-02
 -9.60319376e-02 9.90105683e-02
 -1.60353533e-01 1.71976122e-01
 -2.33682473e-01 2.57236481e-01
 -3.16623813e-01 3.50280251e-01
 -4.11089433e-01 4.45796605e-01
 -5.19049057e-01 5.37754050e-01
 -6.42181934e-01 6.18813924e-01
 -7.82928136e-01 6.79337837e-01
 -9.45588693e-01 7.06235678e-01
 -1.13614146e+00 6.82097027e-01
 -1.36095481e+00 5.85387158e-01
 -1.62533736e+00 3.92159789e-01
 -1.93258630e+00 7.87446997e-02
 -2.28377920e+00 -3.75602643e-01
 -2.67807095e+00 -9.86522432e-01
 -3.11301798e+00 -1.76273120e+00
 -3.58492586e+00 -2.70486346e+00
 -4.08960432e+00 -3.80586291e+00
 -4.62347154e+00 -5.05330427e+00
 -5.18448116e+00 -6.43272646e+00
 -5.77255419e+00 -7.93052226e+00
 -6.38951279e+00 -9.53567686e+00
 -7.03845587e+00 -1.12404909e+01
 -7.72245850e+00 -1.30403649e+01
 -8.44282107e+00 -1.49323018e+01
 -9.19763355e+00 -1.69120601e+01
 -9.98139225e+00 -1.89708226e+01
 -1.07854804e+01 -2.10927364e+01
 -1.15985812e+01 -2.32541586e+01
 -1.24066177e+01 -2.54245872e+01
 -1.31927201e+01 -2.75687494e+01
 -1.39376493e+01 -2.96492066e+01
 -1.46205851e+01 -3.16290846e+01
 -1.52202723e+01 -3.34748532e+01
 -1.57167097e+01 -3.51589767e+01
 -1.60930192e+01 -3.66619195e+01
 -1.63365059e+01 -3.79729662e+01
 -1.64384389e+01 -3.90896046e+01
 -1.63933683e+01 -4.00156085e+01
 -1.61990295e+01 -4.07583372e+01
 -1.58565747e+01 -4.13258784e+01
 -1.53699987e+01 -4.17244999e+01
 -1.47446497e+01 -4.19568956e+01
 -1.39862200e+01 -4.20219071e+01
 -1.31015856e+01 -4.19160878e+01
 -1.21013448e+01 -4.16366037e+01
 -1.10024276e+01 -4.11843989e+01
 -9.82900449e+00 -4.05667089e+01
 -8.61102668e+00 -3.97984883e+01
 -7.38082440e+00 -3.89027894e+01
 -6.16841759e+00 -3.79103908e+01
 -4.99631955e+00 -3.68584203e+01
 -3.87542830e+00 -3.57864248e+01
 -2.80416606e+00 -3.47287208e+01
 -1.77183387e+00 -3.37057957e+01
 -7.64547892e-01 -3.27209580e+01
 2.29525500e-01 -3.17652449e+01
 1.21790907e+00 -3.08263548e+01
 2.20430274e+00 -2.98949866e+01
 3.19013388e+00 -2.89662451e+01
 4.17583698e+00 -2.80382223e+01
 5.16151668e+00 -2.71103536e+01
 6.14719296e+00 -2.61825109e+01
 7.13286873e+00 -2.52546717e+01
 8.11854312e+00 -2.43268341e+01
 9.10420451e+00 -2.33990088e+01
 1.00897673e+01 -2.24712764e+01
 1.10747431e+01 -2.15440963e+01
 1.20569782e+01 -2.06194963e+01
 1.30291511e+01 -1.97043680e+01
 1.39722425e+01 -1.88166148e+01
 1.48490652e+01 -1.79912417e+01
 1.56066738e+01 -1.72780877e+01
 1.61947941e+01 -1.67244768e+01
 1.61947941e+01 -1.67244768e+01
 1.61947941e+01 -1.67244768e+01
 1.61947941e+01 -1.67244768e+01
 1.61947941e+01 -1.67244768e+01
 1.61947941e+01 -1.67244768e+01
 1.61947941e+01 -1.67244768e+01
 1.61947941e+01 -1.67244768e+01
 1.61947941e+01 -1.67244768e+01
 1.61947941e+01 -1.67244768e+01
 1.61947941e+01 -1.67244768e+01
 1.61947941e+01 -1.67244768e+01
 1.61947941e+01 -1.67244768e+01
 1.61947941e+01 -1.67244768e+01
 1.61947941e+01 -1.67244768e+01
 1.61947941e+01 -1.67244768e+01
 1.61947941e+01 -1.67244768e+01
 1.61947941e+01 -1.67244768e+01
 1.61947941e+01 -1.67244768e+01
 1.61947941e+01 -1.67244768e+01
 1.61947941e+01 -1.67244768e+01
 1.61947941e+01 -1.67244768e+01
 1.61947941e+01 -1.67244768e+01
 1.61947941e+01 -1.67244768e+01
 1.61947941e+01 -1.67244768e+01
 1.61947941e+01 -1.67244768e+01
 1.61947941e+01 -1.67244768e+01
 1.61947941e+01 -1.67244768e+01
 1.61947941e+01 -1.67244768e+01
 1.61947941e+01 -1.67244768e+01
 1.61947941e+01 -1.67244768e+01
