 0.00000000e+00 0.00000000e+00
 0.00000000e+00 0.00000000e+00
 0.00000000e+00 0.00000000e+00
 0.00000000e+00 0.00000000e+00
 9.83182504e-02 2.40466081e-01
 1.99908681e-01 5.45067686e-01
 2.81484967e-01 8.86452376e-01
 3.27576375e-01 1.23453378e+00
 3.37754746e-01 1.56609958e+00
 3.24279246e-01 1.86739964e+00
 3.03128525e-01 2.13190535e+00
 2.85516014e-01 2.35706396e+00
 2.75114826e-01 2.54185138e+00
 2.70675136e-01 2.68518558e+00
 2.70041787e-01 2.78476552e+00
 2.72457575e-01 2.83597659e+00
 2.78491418e-01 2.83089304e+00
 2.87852187e-01 2.75793502e+00
 2.95684203e-01 2.60267555e+00
 2.89306118e-01 2.34943909e+00
 2.48120189e-01 1.98298456e+00
 1.47230828e-01 1.49034366e+00
 -3.80858669e-02 8.63061860e-01
 -3.30251652e-01 9.87360142e-02
 -7.49610483e-01 -7.99978673e-01
 -1.31463110e+00 -1.82910277e+00
 -2.04077267e+00 -2.98784362e+00
 -2.93882583e+00 -4.28165456e+00
 -4.01372217e+00 -5.72299247e+00
 -5.26361002e+00 -7.33006596e+00
 -6.67857566e+00 -9.12397024e+00
 -8.23919205e+00 -1.11242695e+01
 -9.91592379e+00 -1.33432187e+01
 -1.16702071e+01 -1.57797162e+01
 -1.34568078e+01 -1.84149333e+01
 -1.52261783e+01 -2.12111134e+01
 -1.69261414e+01 -2.41133731e+01
 -1.85035551e+01 -2.70533447e+01
 -1.99069429e+01 -2.99542594e+01
 -2.10902414e+01 -3.27379930e+01
 -2.20169936e+01 -3.53337215e+01
 -2.26640110e+01 -3.76858567e+01
 -2.30233975e+01 -3.97583523e+01
 -2.31022121e+01 -4.15344548e+01
 -2.29204539e+01 -4.30137647e+01
 -2.25090878e+01 -4.42091240e+01
 -2.19085267e+01 -4.51437020e+01
 -2.11657765e+01 -4.58466291e+01
 -2.03287259e+01 -4.63464871e+01
 -1.94388673e+01 -4.66647312e+01
 -1.85256579e+01 -4.68120612e+01
 -1.76046953e+01 -4.67888655e+01
 -1.66793343e+01 -4.65886547e+01
 -1.57440383e+01 -4.62028723e+01
 -1.47883819e+01 -4.56258543e+01
 -1.38015961e+01 -4.48588950e+01
 -1.27773564e+01 -4.39126439e+01
 -1.17175005e+01 -4.28077165e+01
 -1.06329772e+01 -4.15739323e+01
 -9.54138496e+00 -4.02486618e+01
 -8.46213678e+00 -3.88741659e+01
 -7.41113636e+00 -3.74927059e+01
 -6.39670509e+00 -3.61386157e+01
 -5.41818033e+00 -3.48302359e+01
 -4.46791649e+00 -3.35676575e+01
 -3.53566300e+00 -3.23387807e+01
 -2.61268121e+00 -3.11289861e+01
 -1.69353458e+00 -2.99276285e+01
 -7.75655735e-01 -2.87291980e+01
 1.41889763e-01 -2.75315654e+01
 1.05936582e+00 -2.63341036e+01
 1.97683044e+00 -2.51366705e+01
 2.89429347e+00 -2.39392413e+01
 3.81175512e+00 -2.27418141e+01
 4.72920464e+00 -2.15444028e+01
 5.64656236e+00 -2.03471112e+01
 6.56337380e+00 -1.91505327e+01
 7.47763409e+00 -1.79572837e+01
 8.38252865e+00 -1.67762585e+01
 9.26035416e+00 -1.56305625e+01
 1.00764972e+01 -1.45653716e+01
 1.07816761e+01 -1.36450057e+01
 1.13290960e+01 -1.29305393e+01
 1.13290960e+01 -1.29305393e+01
 1.13290960e+01 -1.29305393e+01
 1.13290960e+01 -1.29305393e+01
 1.13290960e+01 -1.29305393e+01
 1.13290960e+01 -1.29305393e+01
 1.13290960e+01 -1.29305393e+01
 1.13290960e+01 -1.29305393e+01
 1.13290960e+01 -1.29305393e+01
 1.13290960e+01 -1.29305393e+01
 1.13290960e+01 -1.29305393e+01
 1.13290960e+01 -1.29305393e+01
 1.13290960e+01 -1.29305393e+01
 1.13290960e+01 -1.29305393e+01
 1.13290960e+01 -1.29305393e+01
 1.13290960e+01 -1.29305393e+01
 1.13290960e+01 -1.29305393e+01
 1.13290960e+01 -1.29305393e+01
 1.13290960e+01 -1.29305393e+01
 1.13290960e+01 -1.29305393e+01
 1.13290960e+01 -1.29305393e+01
 1.13290960e+01 -1.29305393e+01
 1.13290960e+01 -1.29305393e+01
 1.13290960e+01 -1.29305393e+01
 1.13290960e+01 -1.29305393e+01
 1.13290960e+01 -1.29305393e+01
 1.13290960e+01 -1.29305393e+01
