 0.00000000e+00 0.00000000e+00
 0.00000000e+00 0.00000000e+00
 0.00000000e+00 0.00000000e+00
 0.00000000e+00 0.00000000e+00
 -9.87871236e-02 1.58097960e-02
 -2.31825648e-01 2.57831189e-02
 -3.90337764e-01 2.36937094e-02
 -5.61667113e-01 4.95216190e-03
 -7.34889573e-01 -3.33263007e-02
 -9.04828452e-01 -9.29719311e-02
 -1.07303126e+00 -1.75414626e-01
 -1.24661303e+00 -2.82898127e-01
 -1.43651935e+00 -4.20616887e-01
 -1.65590886e+00 -5.98684836e-01
 -1.91884645e+00 -8.32612759e-01
 -2.23973705e+00 -1.14248034e+00
 -2.63366113e+00 -1.55220376e+00
 -3.11679023e+00 -2.08978830e+00
 -3.70568900e+00 -2.78783697e+00
 -4.41521295e+00 -3.68251423e+00
 -5.25593444e+00 -4.80978917e+00
 -6.23227456e+00 -6.19964041e+00
 -7.34165105e+00 -7.87029769e+00
 -8.57406072e+00 -9.82426586e+00
 -9.91156833e+00 -1.20463307e+01
 -1.13279627e+01 -1.45028561e+01
 -1.27894412e+01 -1.71424703e+01
 -1.42569690e+01 -1.98993246e+01
 -1.56900057e+01 -2.26995507e+01
 -1.70503851e+01 -2.54696557e+01
 -1.83052344e+01 -2.81445282e+01
 -1.94288253e+01 -3.06732913e+01
 -2.04038389e+01 -3.30222395e+01
 -2.12219129e+01 -3.51746157e+01
 -2.18826411e+01 -3.71274867e+01
 -2.23909686e+01 -3.88867455e+01
 -2.27544634e+01 -4.04618098e+01
 -2.29817932e+01 -4.18614381e+01
 -2.30816044e+01 -4.30912095e+01
 -2.30601639e+01 -4.41521062e+01
 -2.29183460e+01 -4.50394314e+01
 -2.26504625e+01 -4.57421529e+01
 -2.22459971e+01 -4.62434711e+01
 -2.16929348e+01 -4.65230857e+01
 -2.09810660e+01 -4.65607517e+01
 -2.01044834e+01 -4.63401033e+01
 -1.90631029e+01 -4.58518219e+01
 -1.78636267e+01 -4.50958794e+01
 -1.65205826e+01 -4.40831122e+01
 -1.50574891e+01 -4.28361412e+01
 -1.35074405e+01 -4.13890324e+01
 -1.19119990e+01 -3.97852169e+01
 -1.03171893e+01 -3.80740823e+01
 -8.76601092e+00 -3.63069029e+01
 -7.28880817e+00 -3.45319534e+01
 -5.89560577e+00 -3.27883165e+01
 -4.57562843e+00 -3.10995018e+01
 -3.30561833e+00 -2.94703719e+01
 -2.06187267e+00 -2.78905141e+01
 -8.28268837e-01 -2.63428093e+01
 4.02817733e-01 -2.48118486e+01
 1.63374988e+00 -2.32878498e+01
 2.86486246e+00 -2.17661566e+01
 4.09607040e+00 -2.02450697e+01
 5.32730604e+00 -1.87241090e+01
 6.55854725e+00 -1.72031691e+01
 7.78978915e+00 -1.56822321e+01
 9.02102947e+00 -1.41612974e+01
 1.02522536e+01 -1.26403827e+01
 1.14833544e+01 -1.11196203e+01
 1.27137222e+01 -9.59976351e+00
 1.39406663e+01 -8.08413588e+00
 1.51550415e+01 -6.58403444e+00
 1.63330899e+01 -5.12880709e+00
 1.74283599e+01 -3.77583476e+00
 1.83747153e+01 -2.60681463e+00
 1.91093568e+01 -1.69932171e+00
 1.91093568e+01 -1.69932171e+00
 1.91093568e+01 -1.69932171e+00
 1.91093568e+01 -1.69932171e+00
 1.91093568e+01 -1.69932171e+00
 1.91093568e+01 -1.69932171e+00
 1.91093568e+01 -1.69932171e+00
 1.91093568e+01 -1.69932171e+00
 1.91093568e+01 -1.69932171e+00
 1.91093568e+01 -1.69932171e+00
 1.91093568e+01 -1.69932171e+00
 1.91093568e+01 -1.69932171e+00
 1.91093568e+01 -1.69932171e+00
 1.91093568e+01 -1.69932171e+00
 1.91093568e+01 -1.69932171e+00
 1.91093568e+01 -1.69932171e+00
 1.91093568e+01 -1.69932171e+00
 1.91093568e+01 -1.69932171e+00
 1.91093568e+01 -1.69932171e+00
 1.91093568e+01 -1.69932171e+00
 1.91093568e+01 -1.69932171e+00
 1.91093568e+01 -1.69932171e+00
 1.91093568e+01 -1.69932171e+00
 1.91093568e+01 -1.69932171e+00
 1.91093568e+01 -1.69932171e+00
 1.91093568e+01 -1.69932171e+00
 1.91093568e+01 -1.69932171e+00
 1.91093568e+01 -1.69932171e+00
 1.91093568e+01 -1.69932171e+00
 1.91093568e+01 -1.69932171e+00
 1.91093568e+01 -1.69932171e+00
 1.91093568e+01 -1.69932171e+00
 1.91093568e+01 -1.69932171e+00
