 0.00000000e+00 0.00000000e+00
 0.00000000e+00 0.00000000e+00
 0.00000000e+00 0.00000000e+00
 0.00000000e+00 0.00000000e+00
 1.24268509e-01 2.01184590e-01
 2.67594123e-01 4.48991069e-01
 4.11925228e-01 7.15591125e-01
 5.40798479e-01 9.70222824e-01
 6.40442366e-01 1.18577865e+00
 6.97292389e-01 1.33900824e+00
 6.96025482e-01 1.40769209e+00
 6.19745013e-01 1.36852101e+00
 4.51751112e-01 1.19692906e+00
 1.77766941e-01 8.68600174e-01
 -2.12545504e-01 3.61562013e-01
 -7.25029495e-01 -3.42492238e-01
 -1.36053644e+00 -1.25782490e+00
 -2.11401201e+00 -2.39401134e+00
 -2.97394554e+00 -3.75446538e+00
 -3.92308127e+00 -5.33544045e+00
 -4.94029420e+00 -7.12715047e+00
 -6.00267711e+00 -9.11668825e+00
 -7.08700685e+00 -1.12904385e+01
 -8.17070969e+00 -1.36340699e+01
 -9.23298007e+00 -1.61304100e+01
 -1.02560950e+01 -1.87570125e+01
 -1.12262294e+01 -2.14847484e+01
 -1.21331642e+01 -2.42774379e+01
 -1.29687881e+01 -2.70920495e+01
 -1.37248238e+01 -2.98797171e+01
 -1.43907388e+01 -3.25884959e+01
 -1.49529218e+01 -3.51680498e+01
 -1.53954569e+01 -3.75747701e+01
 -1.57017777e+01 -3.97751714e+01
 -1.58561691e+01 -4.17466947e+01
 -1.58448057e+01 -4.34768338e+01
 -1.56570170e+01 -4.49618931e+01
 -1.52875554e+01 -4.62056163e+01
 -1.47394200e+01 -4.72169994e+01
 -1.40255515e+01 -4.80069898e+01
 -1.31680680e+01 -4.85848814e+01
 -1.21953025e+01 -4.89558360e+01
 -1.11381715e+01 -4.91208712e+01
 -1.00275485e+01 -4.90798140e+01
 -8.89338534e+00 -4.88358819e+01
 -7.76482832e+00 -4.83991048e+01
 -6.66963408e+00 -4.77869687e+01
 -5.63167535e+00 -4.70235244e+01
 -4.66685823e+00 -4.61392708e+01
 -3.77926001e+00 -4.51719684e+01
 -2.95999464e+00 -4.41651567e+01
 -2.19059873e+00 -4.31607750e+01
 -1.45010299e+00 -4.21878361e+01
 -7.21946942e-01 -4.12555034e+01
 3.10587983e-03 -4.03566042e+01
 7.28384027e-01 -3.94778925e+01
 1.45432575e+00 -3.86084801e+01
 2.18063087e+00 -3.77423848e+01
 2.90706066e+00 -3.68772111e+01
 3.63352110e+00 -3.60122376e+01
 4.35998718e+00 -3.51472980e+01
 5.08645398e+00 -3.42823630e+01
 5.81291987e+00 -3.34174297e+01
 6.53937619e+00 -3.25525078e+01
 7.26575980e+00 -3.16876724e+01
 7.99171087e+00 -3.08233521e+01
 8.71564188e+00 -2.99614368e+01
 9.43215691e+00 -2.91083510e+01
 1.01272381e+01 -2.82807845e+01
 1.07734777e+01 -2.75113689e+01
 1.13318536e+01 -2.68465643e+01
 1.17653125e+01 -2.63304863e+01
 1.17653125e+01 -2.63304863e+01
 1.17653125e+01 -2.63304863e+01
 1.17653125e+01 -2.63304863e+01
 1.17653125e+01 -2.63304863e+01
 1.17653125e+01 -2.63304863e+01
 1.17653125e+01 -2.63304863e+01
 1.17653125e+01 -2.63304863e+01
 1.17653125e+01 -2.63304863e+01
 1.17653125e+01 -2.63304863e+01
 1.17653125e+01 -2.63304863e+01
 1.17653125e+01 -2.63304863e+01
 1.17653125e+01 -2.63304863e+01
 1.17653125e+01 -2.63304863e+01
 1.17653125e+01 -2.63304863e+01
 1.17653125e+01 -2.63304863e+01
 1.17653125e+01 -2.63304863e+01
 1.17653125e+01 -2.63304863e+01
 1.17653125e+01 -2.63304863e+01
 1.17653125e+01 -2.63304863e+01
 1.17653125e+01 -2.63304863e+01
 1.17653125e+01 -2.63304863e+01
 1.17653125e+01 -2.63304863e+01
 1.17653125e+01 -2.63304863e+01
 1.17653125e+01 -2.63304863e+01
 1.17653125e+01 -2.63304863e+01
 1.17653125e+01 -2.63304863e+01
 1.17653125e+01 -2.63304863e+01
 1.17653125e+01 -2.63304863e+01
 1.17653125e+01 -2.63304863e+01
 1.17653125e+01 -2.63304863e+01
 1.17653125e+01 -2.63304863e+01
 1.17653125e+01 -2.63304863e+01
 1.17653125e+01 -2.63304863e+01
 1.17653125e+01 -2.63304863e+01
 1.17653125e+01 -2.63304863e+01
 1.17653125e+01 -2.63304863e+01
 1.17653125e+01 -2.63304863e+01
