 0.00000000e+00 0.00000000e+00
 0.00000000e+00 0.00000000e+00
 0.00000000e+00 0.00000000e+00
 0.00000000e+00 0.00000000e+00
 0.00000000e+00 0.00000000e+00
 0.00000000e+00 0.00000000e+00
 0.00000000e+00 0.00000000e+00
 0.00000000e+00 0.00000000e+00
 0.00000000e+00 0.00000000e+00
 0.00000000e+00 0.00000000e+00
 0.00000000e+00 0.00000000e+00
 -1.90451917e-02 1.44420604e-02
 -4.35010195e-02 2.34608314e-02
 -7.34425323e-02 1.29791908e-02
 -1.13030060e-01 -3.56886903e-02
 -1.71051182e-01 -1.44296331e-01
 -2.58247417e-01 -3.36638500e-01
 -3.84197647e-01 -6.37089513e-01
 -5.56061358e-01 -1.06840325e+00
 -7.78612176e-01 -1.64981571e+00
 -1.05399928e+00 -2.39611758e+00
 -1.38100999e+00 -3.31702783e+00
 -1.75475702e+00 -4.41606881e+00
 -2.16748963e+00 -5.68930556e+00
 -2.61031417e+00 -7.12491748e+00
 -3.07490387e+00 -8.70365199e+00
 -3.55422976e+00 -1.03990531e+01
 -4.04198741e+00 -1.21767165e+01
 -4.53131887e+00 -1.39934826e+01
 -5.01389351e+00 -1.57984132e+01
 -5.47988499e+00 -1.75363584e+01
 -5.91835666e+00 -1.91531361e+01
 -6.31730738e+00 -2.06006879e+01
 -6.66341336e+00 -2.18410249e+01
 -6.94207248e+00 -2.28481494e+01
 -7.13794785e+00 -2.36074649e+01
 -7.23566975e+00 -2.41130796e+01
 -7.22044119e+00 -2.43643688e+01
 -7.07860199e+00 -2.43633324e+01
 -6.79831079e+00 -2.41136679e+01
 -6.37045228e+00 -2.36214150e+01
 -5.78964772e+00 -2.28961753e+01
 -5.05491820e+00 -2.19521197e+01
 -4.16963815e+00 -2.08088689e+01
 -3.14110772e+00 -1.94922643e+01
 -1.98047487e+00 -1.80341253e+01
 -7.03111936e-01 -1.64702784e+01
 6.71158969e-01 -1.48377659e+01
 2.11816276e+00 -1.31731264e+01
 3.60918652e+00 -1.15126945e+01
 5.11035276e+00 -9.89404854e+00
 6.58252722e+00 -8.35690694e+00
 7.98282965e+00 -6.94260044e+00
 9.26775757e+00 -5.69264202e+00
 1.03969602e+01 -4.64727338e+00
 1.13364416e+01 -3.84392993e+00
 1.20605177e+01 -3.31464545e+00
 1.25529799e+01 -3.08194848e+00
 1.28084254e+01 -3.15464909e+00
 1.28336765e+01 -3.52597097e+00
 1.26478622e+01 -4.17506391e+00
 1.22800796e+01 -5.07037321e+00
 1.17655148e+01 -6.17252427e+00
 1.11422371e+01 -7.43597250e+00
 1.04498343e+01 -8.81049326e+00
 9.72884670e+00 -1.02435828e+01
 9.01930896e+00 -1.16834744e+01
 8.35813866e+00 -1.30817736e+01
 7.77641854e+00 -1.43954682e+01
 7.29753862e+00 -1.55888302e+01
 6.93666808e+00 -1.66350696e+01
 6.70174404e+00 -1.75165192e+01
 6.59548725e+00 -1.82225695e+01
 6.61717543e+00 -1.87463411e+01
 6.76338258e+00 -1.90821290e+01
 7.02834552e+00 -1.92249096e+01
 7.40494638e+00 -1.91715526e+01
 7.88607469e+00 -1.89223865e+01
 8.46533133e+00 -1.84820545e+01
 9.13666710e+00 -1.78595870e+01
 9.89349224e+00 -1.70682676e+01
 1.07280102e+01 -1.61257375e+01
 1.16311084e+01 -1.50541817e+01
 1.25926574e+01 -1.38799630e+01
 1.36019454e+01 -1.26321820e+01
 1.46480181e+01 -1.13404652e+01
 1.57195485e+01 -1.00331693e+01
 1.68038182e+01 -8.73712145e+00
 1.78849155e+01 -7.47884941e+00
 1.89420847e+01 -6.28602721e+00
 1.99496377e+01 -5.18757167e+00
 2.08793918e+01 -4.21181456e+00
 2.17050872e+01 -3.38383446e+00
 2.24066200e+01 -2.72377317e+00
 2.29718039e+01 -2.24676786e+00
 2.33952762e+01 -1.96337163e+00
 2.36764352e+01 -1.87918890e+00
 2.38185881e+01 -1.99397334e+00
 2.38294951e+01 -2.30164553e+00
 2.37215416e+01 -2.79202416e+00
 2.35101682e+01 -3.45318360e+00
 2.32114948e+01 -4.27253404e+00
 2.28413403e+01 -5.23610440e+00
 2.24163052e+01 -6.32743430e+00
 2.19552367e+01 -7.52751886e+00
 2.14793207e+01 -8.81528433e+00
 2.10111200e+01 -1.01666579e+01
 2.05740517e+01 -1.15517564e+01
 2.01925265e+01 -1.29327727e+01
 1.98914701e+01 -1.42656590e+01
 1.96945405e+01 -1.55052286e+01
 1.96218604e+01 -1.66098037e+01
 1.96883994e+01 -1.75424402e+01
 1.99036597e+01 -1.82699831e+01
 2.02726878e+01 -1.87636732e+01
 2.07973149e+01 -1.90029042e+01
 2.14761089e+01 -1.89795432e+01
 2.23031305e+01 -1.86989833e+01
 2.32670375e+01 -1.81774100e+01
 2.43510834e+01 -1.74387007e+01
 2.55329455e+01 -1.65142517e+01
 2.67839300e+01 -1.54451481e+01
 2.80694345e+01 -1.42825625e+01
 2.93534620e+01 -1.30821725e+01
 3.06071800e+01 -1.18923783e+01
 3.18167770e+01 -1.07422443e+01
 3.29846453e+01 -9.63762729e+00
 3.41229724e+01 -8.56820150e+00
 3.52450565e+01 -7.51914893e+00
 3.63601220e+01 -6.47920423e+00
 3.74727961e+01 -5.44243790e+00
 3.85848277e+01 -4.40654066e+00
 3.96967233e+01 -3.37082980e+00
 4.08085962e+01 -2.33515029e+00
 4.19204661e+01 -1.29947503e+00
 4.30323341e+01 -2.63801599e-01
 4.41441874e+01 7.71858138e-01
 4.52559295e+01 1.80741422e+00
 4.63670095e+01 2.84235366e+00
 4.74749978e+01 3.87441324e+00
 4.85716359e+01 4.89590034e+00
 4.96354690e+01 5.88683063e+00
 5.06245494e+01 6.80813084e+00
 5.14791528e+01 7.60416966e+00
 5.21425688e+01 8.22212274e+00
 5.21425688e+01 8.22212274e+00
 5.21425688e+01 8.22212274e+00
 5.21425688e+01 8.22212274e+00
 5.21425688e+01 8.22212274e+00
 5.21425688e+01 8.22212274e+00
 5.21425688e+01 8.22212274e+00
 5.21425688e+01 8.22212274e+00
 5.21425688e+01 8.22212274e+00
 5.21425688e+01 8.22212274e+00
 5.21425688e+01 8.22212274e+00
 5.21425688e+01 8.22212274e+00
 5.21425688e+01 8.22212274e+00
 5.21425688e+01 8.22212274e+00
 5.21425688e+01 8.22212274e+00
 5.21425688e+01 8.22212274e+00
 5.21425688e+01 8.22212274e+00
 5.21425688e+01 8.22212274e+00
 5.21425688e+01 8.22212274e+00
 5.21425688e+01 8.22212274e+00
 5.21425688e+01 8.22212274e+00
 5.21425688e+01 8.22212274e+00
 5.21425688e+01 8.22212274e+00
 5.21425688e+01 8.22212274e+00
 5.21425688e+01 8.22212274e+00
 5.21425688e+01 8.22212274e+00
 5.21425688e+01 8.22212274e+00
 5.21425688e+01 8.22212274e+00
 5.21425688e+01 8.22212274e+00
 5.21425688e+01 8.22212274e+00
 5.21425688e+01 8.22212274e+00
 5.21425688e+01 8.22212274e+00
 5.21425688e+01 8.22212274e+00
 5.21425688e+01 8.22212274e+00
 5.21425688e+01 8.22212274e+00
 5.21425688e+01 8.22212274e+00
 5.21425688e+01 8.22212274e+00
 5.21425688e+01 8.22212274e+00
 5.21425688e+01 8.22212274e+00
 5.21425688e+01 8.22212274e+00
 5.21425688e+01 8.22212274e+00
 5.21425688e+01 8.22212274e+00
 5.21425688e+01 8.22212274e+00
 5.21425688e+01 8.22212274e+00
 5.21425688e+01 8.22212274e+00
 5.21425688e+01 8.22212274e+00
 5.21425688e+01 8.22212274e+00
 5.21425688e+01 8.22212274e+00
 5.21425688e+01 8.22212274e+00
 5.21425688e+01 8.22212274e+00
 5.21425688e+01 8.22212274e+00
 5.21425688e+01 8.22212274e+00
 5.21425688e+01 8.22212274e+00
 5.21425688e+01 8.22212274e+00
