 0.00000000e+00 0.00000000e+00
 0.00000000e+00 0.00000000e+00
 0.00000000e+00 0.00000000e+00
 0.00000000e+00 0.00000000e+00
 0.00000000e+00 0.00000000e+00
 0.00000000e+00 0.00000000e+00
 0.00000000e+00 0.00000000e+00
 0.00000000e+00 0.00000000e+00
 1.89153008e-02 9.03876907e-02
 2.70805776e-02 1.80157735e-01
 1.27429465e-02 2.39493137e-01
 -3.55520032e-02 2.35397041e-01
 -1.28688011e-01 1.34501449e-01
 -2.77863179e-01 -9.72896865e-02
 -4.95419750e-01 -4.94177235e-01
 -7.94623567e-01 -1.08740763e+00
 -1.18789819e+00 -1.90187722e+00
 -1.68404030e+00 -2.95387499e+00
 -2.28588512e+00 -4.24919750e+00
 -2.98965989e+00 -5.78102861e+00
 -3.78600477e+00 -7.52869616e+00
 -4.66164806e+00 -9.45866513e+00
 -5.60080847e+00 -1.15275800e+01
 -6.58611666e+00 -1.36859355e+01
 -7.59922418e+00 -1.58811898e+01
 -8.62099615e+00 -1.80600144e+01
 -9.63102818e+00 -2.01699291e+01
 -1.06068370e+01 -2.21607964e+01
 -1.15236938e+01 -2.39867129e+01
 -1.23555790e+01 -2.56085999e+01
 -1.30766442e+01 -2.69970133e+01
 -1.36623126e+01 -2.81336404e+01
 -1.40899044e+01 -2.90098817e+01
 -1.43393683e+01 -2.96227833e+01
 -1.43945445e+01 -2.99708926e+01
 -1.42444710e+01 -3.00526725e+01
 -1.38835822e+01 -2.98676969e+01
 -1.33104586e+01 -2.94186135e+01
 -1.25264254e+01 -2.87120202e+01
 -1.15354840e+01 -2.77583432e+01
 -1.03453670e+01 -2.65720616e+01
 -8.96822531e+00 -2.51728582e+01
 -7.42023227e+00 -2.35867442e+01
 -5.72107196e+00 -2.18460120e+01
 -3.89467856e+00 -1.99880831e+01
 -1.97113834e+00 -1.80541717e+01
 1.18903599e-02 -1.60883610e+01
 2.00948112e+00 -1.41371307e+01
 3.97098267e+00 -1.22491629e+01
 5.84191585e+00 -1.04748097e+01
 7.56671241e+00 -8.86411850e+00
 9.09333937e+00 -7.46310717e+00
 1.03791264e+01 -6.30990693e+00
 1.13951805e+01 -5.43304469e+00
 1.21273931e+01 -4.85205002e+00
 1.25748436e+01 -4.57790725e+00
 1.27480333e+01 -4.61133602e+00
 1.26678181e+01 -4.94059462e+00
 1.23634205e+01 -5.54263836e+00
 1.18681272e+01 -6.38838894e+00
 1.12140768e+01 -7.44810013e+00
 1.04292584e+01 -8.69260377e+00
 9.53843870e+00 -1.00906396e+01
 8.56689091e+00 -1.16059167e+01
 7.54408433e+00 -1.31967539e+01
 6.50488285e+00 -1.48181477e+01
 5.48773002e+00 -1.64243985e+01
 4.53126927e+00 -1.79710138e+01
 3.67126563e+00 -1.94160995e+01
 2.93848981e+00 -2.07222029e+01
 2.35704844e+00 -2.18588859e+01
 1.94274810e+00 -2.28048857e+01
 1.70204285e+00 -2.35482446e+01
 1.63272514e+00 -2.40840677e+01
 1.72685266e+00 -2.44113218e+01
 1.97478089e+00 -2.45305795e+01
 2.36836751e+00 -2.44435296e+01
 2.90237116e+00 -2.41535726e+01
 3.57433768e+00 -2.36662171e+01
 4.38343895e+00 -2.29887818e+01
 5.32845780e+00 -2.21302174e+01
 6.40540101e+00 -2.11021239e+01
 7.60564750e+00 -1.99206868e+01
 8.91530969e+00 -1.86077462e+01
 1.03158965e+01 -1.71895500e+01
 1.17860098e+01 -1.56938299e+01
 1.33034396e+01 -1.41473968e+01
 1.48465851e+01 -1.25757799e+01
 1.63944494e+01 -1.10043763e+01
 1.79256833e+01 -9.45936109e+00
 1.94178961e+01 -7.96731146e+00
 2.08478479e+01 -6.55406273e+00
 2.21921049e+01 -5.24394742e+00
 2.34275829e+01 -4.05970369e+00
 2.45320707e+01 -3.02234769e+00
 2.54852278e+01 -2.15073556e+00
 2.62700326e+01 -1.46170492e+00
 2.68738161e+01 -9.71351604e-01
 2.72881730e+01 -6.96049303e-01
 2.75083327e+01 -6.51056398e-01
 2.75332854e+01 -8.46702101e-01
 2.73669257e+01 -1.28495528e+00
 2.70190309e+01 -1.95906940e+00
 2.65048783e+01 -2.85580279e+00
 2.58437024e+01 -3.95722639e+00
 2.50574822e+01 -5.24035340e+00
 2.41712751e+01 -6.67606085e+00
 2.32145666e+01 -8.22986937e+00
 2.22217692e+01 -9.86484303e+00
 2.12307340e+01 -1.15442215e+01
 2.02800846e+01 -1.32317013e+01
 1.94070389e+01 -1.48900323e+01
 1.86462642e+01 -1.64804399e+01
 1.80288171e+01 -1.79643560e+01
 1.75804372e+01 -1.93064700e+01
 1.73202197e+01 -2.04769321e+01
 1.72612092e+01 -2.14516339e+01
 1.74122418e+01 -2.22114270e+01
 1.77785980e+01 -2.27418761e+01
 1.83608367e+01 -2.30339897e+01
 1.91536244e+01 -2.30848701e+01
 2.01456627e+01 -2.28974595e+01
 2.13199332e+01 -2.24801493e+01
 2.26534543e+01 -2.18473418e+01
 2.41167025e+01 -2.10206156e+01
 2.56734148e+01 -2.00292855e+01
 2.72818463e+01 -1.89097866e+01
 2.88986646e+01 -1.77038762e+01
 3.04857423e+01 -1.64553087e+01
 3.20179322e+01 -1.52043936e+01
 3.34877819e+01 -1.39810252e+01
 3.49037208e+01 -1.27992371e+01
 3.62824471e+01 -1.16572725e+01
 3.76404023e+01 -1.05438436e+01
 3.89889579e+01 -9.44631329e+00
 4.03340686e+01 -8.35574530e+00
 4.16781596e+01 -7.26757966e+00
 4.30220075e+01 -6.18006690e+00
 4.43658089e+01 -5.09269370e+00
 4.57096033e+01 -4.00534393e+00
 4.70533966e+01 -2.91799738e+00
 4.83971879e+01 -1.83065262e+00
 4.97409616e+01 -7.43322222e-01
 5.10846008e+01 3.43899352e-01
 5.24274398e+01 1.43047351e+00
 5.37665423e+01 2.51402413e+00
 5.50919269e+01 3.58647479e+00
 5.63776639e+01 4.62684413e+00
 5.75730555e+01 5.59410942e+00
 5.86059198e+01 6.42986384e+00
 5.94077170e+01 7.07864755e+00
 5.94077170e+01 7.07864755e+00
 5.94077170e+01 7.07864755e+00
 5.94077170e+01 7.07864755e+00
 5.94077170e+01 7.07864755e+00
 5.94077170e+01 7.07864755e+00
 5.94077170e+01 7.07864755e+00
 5.94077170e+01 7.07864755e+00
 5.94077170e+01 7.07864755e+00
 5.94077170e+01 7.07864755e+00
 5.94077170e+01 7.07864755e+00
 5.94077170e+01 7.07864755e+00
 5.94077170e+01 7.07864755e+00
 5.94077170e+01 7.07864755e+00
 5.94077170e+01 7.07864755e+00
 5.94077170e+01 7.07864755e+00
 5.94077170e+01 7.07864755e+00
 5.94077170e+01 7.07864755e+00
 5.94077170e+01 7.07864755e+00
 5.94077170e+01 7.07864755e+00
 5.94077170e+01 7.07864755e+00
 5.94077170e+01 7.07864755e+00
 5.94077170e+01 7.07864755e+00
 5.94077170e+01 7.07864755e+00
 5.94077170e+01 7.07864755e+00
 5.94077170e+01 7.07864755e+00
 5.94077170e+01 7.07864755e+00
 5.94077170e+01 7.07864755e+00
 5.94077170e+01 7.07864755e+00
 5.94077170e+01 7.07864755e+00
 5.94077170e+01 7.07864755e+00
 5.94077170e+01 7.07864755e+00
 5.94077170e+01 7.07864755e+00
 5.94077170e+01 7.07864755e+00
 5.94077170e+01 7.07864755e+00
 5.94077170e+01 7.07864755e+00
 5.94077170e+01 7.07864755e+00
 5.94077170e+01 7.07864755e+00
 5.94077170e+01 7.07864755e+00
 5.94077170e+01 7.07864755e+00
 5.94077170e+01 7.07864755e+00
 5.94077170e+01 7.07864755e+00
 5.94077170e+01 7.07864755e+00
 5.94077170e+01 7.07864755e+00
 5.94077170e+01 7.07864755e+00
 5.94077170e+01 7.07864755e+00
 5.94077170e+01 7.07864755e+00
 5.94077170e+01 7.07864755e+00
