 0.00000000e+00 0.00000000e+00
 0.00000000e+00 0.00000000e+00
 0.00000000e+00 0.00000000e+00
 0.00000000e+00 0.00000000e+00
 0.00000000e+00 0.00000000e+00
 0.00000000e+00 0.00000000e+00
 0.00000000e+00 0.00000000e+00
 0.00000000e+00 0.00000000e+00
 1.90306029e-01 2.00157222e-01
 3.92442526e-01 4.27983365e-01
 5.63248510e-01 6.39882222e-01
 6.64659188e-01 7.87377117e-01
 6.71230529e-01 8.25631455e-01
 5.68446443e-01 7.16298079e-01
 3.48491219e-01 4.28155052e-01
 7.77094558e-03 -6.22775473e-02
 -4.54007909e-01 -7.70559510e-01
 -1.03377358e+00 -1.70452388e+00
 -1.72393875e+00 -2.86348055e+00
 -2.51101354e+00 -4.23576135e+00
 -3.37539261e+00 -5.79596874e+00
 -4.29268104e+00 -7.50453109e+00
 -5.23574414e+00 -9.31121842e+00
 -6.17651708e+00 -1.11616175e+01
 -7.08721954e+00 -1.30035159e+01
 -7.94125886e+00 -1.47906144e+01
 -8.71420607e+00 -1.64833837e+01
 -9.38480293e+00 -1.80488299e+01
 -9.93566994e+00 -1.94608254e+01
 -1.03535737e+01 -2.07010403e+01
 -1.06292930e+01 -2.17591531e+01
 -1.07570804e+01 -2.26311480e+01
 -1.07337995e+01 -2.33158698e+01
 -1.05579493e+01 -2.38113715e+01
 -1.02286913e+01 -2.41128089e+01
 -9.74492792e+00 -2.42126137e+01
 -9.10464089e+00 -2.41022976e+01
 -8.30479320e+00 -2.37745894e+01
 -7.34193083e+00 -2.32250942e+01
 -6.21333916e+00 -2.24536136e+01
 -4.91845074e+00 -2.14655669e+01
 -3.46011467e+00 -2.02733966e+01
 -1.84522829e+00 -1.88972944e+01
 -8.45851027e-02 -1.73647466e+01
 1.80722036e+00 -1.57090749e+01
 3.81053985e+00 -1.39678107e+01
 5.89779670e+00 -1.21818524e+01
 8.03031956e+00 -1.03955848e+01
 1.01570345e+01 -8.65692567e+00
 1.22167376e+01 -7.01588451e+00
 1.41440851e+01 -5.52142391e+00
 1.58773533e+01 -4.21807807e+00
 1.73650623e+01 -3.14395217e+00
 1.85698358e+01 -2.33006744e+00
 1.94700310e+01 -1.79941445e+00
 2.00602998e+01 -1.56450932e+00
 2.03512197e+01 -1.62447774e+00
 2.03673216e+01 -1.96425683e+00
 2.01429504e+01 -2.55740313e+00
 1.97160551e+01 -3.37118450e+00
 1.91215627e+01 -4.37099485e+00
 1.83875220e+01 -5.52218149e+00
 1.75360359e+01 -6.78984531e+00
 1.65874912e+01 -8.13863984e+00
 1.55647020e+01 -9.53387959e+00
 1.44949719e+01 -1.09433034e+01
 1.34102816e+01 -1.23377083e+01
 1.23464847e+01 -1.36896613e+01
 1.13417797e+01 -1.49716233e+01
 1.04341139e+01 -1.61556840e+01
 9.65754035e+00 -1.72156820e+01
 9.03869069e+00 -1.81301942e+01
 8.59501973e+00 -1.88840934e+01
 8.33548058e+00 -1.94678933e+01
 8.26273778e+00 -1.98761658e+01
 8.37523297e+00 -2.01064871e+01
 8.66825398e+00 -2.01587977e+01
 9.13497964e+00 -2.00343858e+01
 9.76860543e+00 -1.97347561e+01
 1.05645157e+01 -1.92612629e+01
 1.15205321e+01 -1.86156439e+01
 1.26351339e+01 -1.78011684e+01
 1.39052568e+01 -1.68244458e+01
 1.53246212e+01 -1.56976922e+01
 1.68820491e+01 -1.44404754e+01
 1.85592382e+01 -1.30800172e+01
 2.03287756e+01 -1.16502042e+01
 2.21536389e+01 -1.01902559e+01
 2.39883559e+01 -8.74353688e+00
 2.57811535e+01 -7.35588100e+00
 2.74770146e+01 -6.07248421e+00
 2.90222780e+01 -4.93350524e+00
 3.03705619e+01 -3.97009250e+00
 3.14880274e+01 -3.20297840e+00
 3.23557111e+01 -2.64410864e+00
 3.29684956e+01 -2.29942365e+00
 3.33319922e+01 -2.17060904e+00
 3.34587124e+01 -2.25564396e+00
 3.33646391e+01 -2.54951527e+00
 3.30670767e+01 -3.04566249e+00
 3.25837175e+01 -3.73693337e+00
 3.19325243e+01 -4.61452415e+00
 3.11329694e+01 -5.66508096e+00
 3.02088655e+01 -6.86797374e+00
 2.91911273e+01 -8.19469066e+00
 2.81185107e+01 -9.61046093e+00
 2.70361453e+01 -1.10765925e+01
 2.59928763e+01 -1.25522076e+01
 2.50381749e+01 -1.39955356e+01
 2.42188735e+01 -1.53656865e+01
 2.35760514e+01 -1.66250107e+01
 2.31427785e+01 -1.77410016e+01
 2.29432529e+01 -1.86867343e+01
 2.29930713e+01 -1.94399908e+01
 2.33001340e+01 -1.99823273e+01
 2.38661184e+01 -2.02992791e+01
 2.46880198e+01 -2.03816933e+01
 2.57581815e+01 -2.02271815e+01
 2.70617742e+01 -1.98410426e+01
 2.85728383e+01 -1.92369847e+01
 3.02512695e+01 -1.84380526e+01
 3.20425331e+01 -1.74772133e+01
 3.38807128e+01 -1.63963412e+01
 3.56947953e+01 -1.52427638e+01
 3.74180472e+01 -1.40636573e+01
 3.90002886e+01 -1.28994501e+01
 4.04208616e+01 -1.17777976e+01
 4.16955642e+01 -1.07101193e+01
 4.28693761e+01 -9.69268365e+00
 4.39953480e+01 -8.71238596e+00
 4.51128076e+01 -7.75429604e+00
 4.62390677e+01 -6.80697919e+00
 4.73755490e+01 -5.86389385e+00
 4.85180926e+01 -4.92215006e+00
 4.96631135e+01 -3.98074848e+00
 5.08088829e+01 -3.03941692e+00
 5.19548240e+01 -2.09809683e+00
 5.31007955e+01 -1.15677824e+00
 5.42467709e+01 -2.15459918e-01
 5.53927453e+01 7.25857114e-01
 5.65387045e+01 1.66716173e+00
 5.76845491e+01 2.60837214e+00
 5.88297114e+01 3.54902208e+00
 5.99716871e+01 4.48705455e+00
 6.11019643e+01 5.41547774e+00
 6.21984303e+01 6.31612805e+00
 6.32178506e+01 7.15349202e+00
 6.40986689e+01 7.87700669e+00
 6.47824350e+01 8.43866036e+00
 6.47824350e+01 8.43866036e+00
 6.47824350e+01 8.43866036e+00
 6.47824350e+01 8.43866036e+00
 6.47824350e+01 8.43866036e+00
 6.47824350e+01 8.43866036e+00
 6.47824350e+01 8.43866036e+00
 6.47824350e+01 8.43866036e+00
 6.47824350e+01 8.43866036e+00
 6.47824350e+01 8.43866036e+00
 6.47824350e+01 8.43866036e+00
 6.47824350e+01 8.43866036e+00
 6.47824350e+01 8.43866036e+00
 6.47824350e+01 8.43866036e+00
 6.47824350e+01 8.43866036e+00
 6.47824350e+01 8.43866036e+00
 6.47824350e+01 8.43866036e+00
 6.47824350e+01 8.43866036e+00
 6.47824350e+01 8.43866036e+00
 6.47824350e+01 8.43866036e+00
 6.47824350e+01 8.43866036e+00
 6.47824350e+01 8.43866036e+00
 6.47824350e+01 8.43866036e+00
 6.47824350e+01 8.43866036e+00
 6.47824350e+01 8.43866036e+00
 6.47824350e+01 8.43866036e+00
 6.47824350e+01 8.43866036e+00
 6.47824350e+01 8.43866036e+00
 6.47824350e+01 8.43866036e+00
 6.47824350e+01 8.43866036e+00
 6.47824350e+01 8.43866036e+00
 6.47824350e+01 8.43866036e+00
 6.47824350e+01 8.43866036e+00
 6.47824350e+01 8.43866036e+00
 6.47824350e+01 8.43866036e+00
 6.47824350e+01 8.43866036e+00
 6.47824350e+01 8.43866036e+00
 6.47824350e+01 8.43866036e+00
 6.47824350e+01 8.43866036e+00
 6.47824350e+01 8.43866036e+00
 6.47824350e+01 8.43866036e+00
 6.47824350e+01 8.43866036e+00
 6.47824350e+01 8.43866036e+00
 6.47824350e+01 8.43866036e+00
 6.47824350e+01 8.43866036e+00
 6.47824350e+01 8.43866036e+00
 6.47824350e+01 8.43866036e+00
 6.47824350e+01 8.43866036e+00
 6.47824350e+01 8.43866036e+00
 6.47824350e+01 8.43866036e+00
