 0.00000000e+00 0.00000000e+00
 0.00000000e+00 0.00000000e+00
 0.00000000e+00 0.00000000e+00
 0.00000000e+00 0.00000000e+00
 0.00000000e+00 0.00000000e+00
 2.50348725e-01 1.48769569e-01
 5.53715233e-01 3.26381070e-01
 8.70161000e-01 5.07364448e-01
 1.15618446e+00 6.62585752e-01
 1.37559913e+00 7.63277390e-01
 1.50181598e+00 7.80522104e-01
 1.51461711e+00 6.84036176e-01
 1.39707991e+00 4.43618287e-01
 1.13587392e+00 3.29202776e-02
 7.23969631e-01 -5.66997355e-01
 1.62497170e-01 -1.36597273e+00
 -5.39818639e-01 -2.36444619e+00
 -1.36830814e+00 -3.55328659e+00
 -2.30355197e+00 -4.91365161e+00
 -3.32237340e+00 -6.41825372e+00
 -4.39951278e+00 -8.03494454e+00
 -5.50975807e+00 -9.73131332e+00
 -6.62931522e+00 -1.14776283e+01
 -7.73566026e+00 -1.32466438e+01
 -8.80639198e+00 -1.50112577e+01
 -9.81824273e+00 -1.67422827e+01
 -1.07470235e+01 -1.84078542e+01
 -1.15686845e+01 -1.99745069e+01
 -1.22613758e+01 -2.14092494e+01
 -1.28080624e+01 -2.26821212e+01
 -1.31986090e+01 -2.37686281e+01
 -1.34298029e+01 -2.46509463e+01
 -1.35025540e+01 -2.53169943e+01
 -1.34175345e+01 -2.57579075e+01
 -1.31717554e+01 -2.59656815e+01
 -1.27572708e+01 -2.59323526e+01
 -1.21613282e+01 -2.56506723e+01
 -1.13674965e+01 -2.51154379e+01
 -1.03582685e+01 -2.43248894e+01
 -9.11891780e+00 -2.32820994e+01
 -7.64106843e+00 -2.19963870e+01
 -5.92462621e+00 -2.04843869e+01
 -3.97808804e+00 -1.87701440e+01
 -1.81829692e+00 -1.68842082e+01
 5.29054334e-01 -1.48627529e+01
 3.02747300e+00 -1.27478419e+01
 5.62696862e+00 -1.05886748e+01
 8.26260650e+00 -8.44229458e+00
 1.08562971e+01 -6.37228125e+00
 1.33224603e+01 -4.44519855e+00
 1.55764491e+01 -2.72574384e+00
 1.75432870e+01 -1.27194489e+00
 1.91642360e+01 -1.31172127e-01
 2.04002880e+01 6.63305871e-01
 2.12334621e+01 1.09546870e+00
 2.16670923e+01 1.16822619e+00
 2.17250802e+01 9.01974316e-01
 2.14486982e+01 3.30090515e-01
 2.08897646e+01 -5.06629753e-01
 2.01018448e+01 -1.56440712e+00
 1.91339376e+01 -2.79875127e+00
 1.80296702e+01 -4.16500022e+00
 1.68303162e+01 -5.61849137e+00
 1.55775680e+01 -7.11537843e+00
 1.43139617e+01 -8.61390914e+00
 1.30816173e+01 -1.00754049e+01
 1.19205300e+01 -1.14647110e+01
 1.08668441e+01 -1.27506128e+01
 9.95113350e+00 -1.39067632e+01
 9.19696858e+00 -1.49130539e+01
 8.62023262e+00 -1.57566980e+01
 8.22935102e+00 -1.64321251e+01
 8.02614394e+00 -1.69393405e+01
 8.00695648e+00 -1.72814731e+01
 8.16402233e+00 -1.74628738e+01
 8.48719348e+00 -1.74884356e+01
 8.96600581e+00 -1.73634909e+01
 9.59165559e+00 -1.70933202e+01
 1.03581085e+01 -1.66823163e+01
 1.12616864e+01 -1.61339153e+01
 1.22991508e+01 -1.54521835e+01
 1.34650426e+01 -1.46444797e+01
 1.47494026e+01 -1.37234909e+01
 1.61366518e+01 -1.27074653e+01
 1.76054183e+01 -1.16190498e+01
 1.91285087e+01 -1.04841161e+01
 2.06728520e+01 -9.33136327e+00
 2.22001421e+01 -8.19202551e+00
 2.36688568e+01 -7.09853000e+00
 2.50376619e+01 -6.08205549e+00
 2.62696889e+01 -5.17002701e+00
 2.73367563e+01 -4.38441039e+00
 2.82221814e+01 -3.74107582e+00
 2.89210417e+01 -3.25029352e+00
 2.94379595e+01 -2.91812475e+00
 2.97837680e+01 -2.74797287e+00
 2.99725289e+01 -2.74156627e+00
 3.00193814e+01 -2.89921736e+00
 2.99388151e+01 -3.21973569e+00
 2.97430367e+01 -3.70046287e+00
 2.94409203e+01 -4.33734386e+00
 2.90386131e+01 -5.12426595e+00
 2.85422434e+01 -6.05133202e+00
 2.79614848e+01 -7.10314739e+00
 2.73117067e+01 -8.25863905e+00
 2.66136719e+01 -9.49256699e+00
 2.58921927e+01 -1.07773313e+01
 2.51758507e+01 -1.20836465e+01
 2.44977323e+01 -1.33800109e+01
 2.38950250e+01 -1.46321857e+01
 2.34063302e+01 -1.58038884e+01
 2.30683074e+01 -1.68586658e+01
 2.29139228e+01 -1.77617170e+01
 2.29723674e+01 -1.84806690e+01
 2.32687164e+01 -1.89858619e+01
 2.38220809e+01 -1.92515887e+01
 2.46431982e+01 -1.92585891e+01
 2.57330064e+01 -1.89966312e+01
 2.70820291e+01 -1.84664027e+01
 2.86691818e+01 -1.76810174e+01
 3.04598846e+01 -1.66671013e+01
 3.24052784e+01 -1.54644456e+01
 3.44443504e+01 -1.41233965e+01
 3.65092871e+01 -1.27001462e+01
 3.85334993e+01 -1.12505669e+01
 4.04620162e+01 -9.82308380e+00
 4.22630383e+01 -8.45141321e+00
 4.39357531e+01 -7.14943560e+00
 4.55073519e+01 -5.91154152e+00
 4.70179642e+01 -4.71972625e+00
 4.85025635e+01 -3.55389158e+00
 4.99813897e+01 -2.39931450e+00
 5.14615873e+01 -1.24831862e+00
 5.29437578e+01 -9.80642355e-02
 5.44269443e+01 1.05214154e+00
 5.59104728e+01 2.20237586e+00
 5.73940848e+01 3.35262299e+00
 5.88777122e+01 4.50287311e+00
 6.03613415e+01 5.65312359e+00
 6.18449690e+01 6.80337255e+00
 6.33285770e+01 7.95360636e+00
 6.48120364e+01 9.10372505e+00
 6.62946126e+01 1.02531589e+01
 6.77730632e+01 1.13993942e+01
 6.92363686e+01 1.25338875e+01
 7.06559005e+01 1.36344435e+01
 7.19756857e+01 1.46576663e+01
 7.31160308e+01 1.55417701e+01
 7.40012637e+01 1.62280868e+01
 7.40012637e+01 1.62280868e+01
 7.40012637e+01 1.62280868e+01
 7.40012637e+01 1.62280868e+01
 7.40012637e+01 1.62280868e+01
 7.40012637e+01 1.62280868e+01
 7.40012637e+01 1.62280868e+01
 7.40012637e+01 1.62280868e+01
 7.40012637e+01 1.62280868e+01
 7.40012637e+01 1.62280868e+01
 7.40012637e+01 1.62280868e+01
 7.40012637e+01 1.62280868e+01
 7.40012637e+01 1.62280868e+01
 7.40012637e+01 1.62280868e+01
 7.40012637e+01 1.62280868e+01
 7.40012637e+01 1.62280868e+01
 7.40012637e+01 1.62280868e+01
 7.40012637e+01 1.62280868e+01
 7.40012637e+01 1.62280868e+01
 7.40012637e+01 1.62280868e+01
 7.40012637e+01 1.62280868e+01
 7.40012637e+01 1.62280868e+01
 7.40012637e+01 1.62280868e+01
 7.40012637e+01 1.62280868e+01
 7.40012637e+01 1.62280868e+01
 7.40012637e+01 1.62280868e+01
 7.40012637e+01 1.62280868e+01
 7.40012637e+01 1.62280868e+01
 7.40012637e+01 1.62280868e+01
 7.40012637e+01 1.62280868e+01
 7.40012637e+01 1.62280868e+01
 7.40012637e+01 1.62280868e+01
 7.40012637e+01 1.62280868e+01
 7.40012637e+01 1.62280868e+01
 7.40012637e+01 1.62280868e+01
 7.40012637e+01 1.62280868e+01
 7.40012637e+01 1.62280868e+01
 7.40012637e+01 1.62280868e+01
 7.40012637e+01 1.62280868e+01
 7.40012637e+01 1.62280868e+01
 7.40012637e+01 1.62280868e+01
 7.40012637e+01 1.62280868e+01
 7.40012637e+01 1.62280868e+01
 7.40012637e+01 1.62280868e+01
 7.40012637e+01 1.62280868e+01
 7.40012637e+01 1.62280868e+01
 7.40012637e+01 1.62280868e+01
 7.40012637e+01 1.62280868e+01
 7.40012637e+01 1.62280868e+01
 7.40012637e+01 1.62280868e+01
