 0.00000000e+00 0.00000000e+00
 0.00000000e+00 0.00000000e+00
 0.00000000e+00 0.00000000e+00
 0.00000000e+00 0.00000000e+00
 0.00000000e+00 0.00000000e+00
 0.00000000e+00 0.00000000e+00
 0.00000000e+00 0.00000000e+00
 0.00000000e+00 0.00000000e+00
 0.00000000e+00 0.00000000e+00
 0.00000000e+00 0.00000000e+00
 0.00000000e+00 0.00000000e+00
 0.00000000e+00 0.00000000e+00
 0.00000000e+00 0.00000000e+00
 0.00000000e+00 0.00000000e+00
 -2.82967936e-02 -1.53537308e-01
 -8.91501952e-02 -4.07114055e-01
 -1.99580833e-01 -7.91397981e-01
 -3.72908111e-01 -1.33403971e+00
 -6.15045441e-01 -2.05629610e+00
 -9.24880330e-01 -2.97009752e+00
 -1.29652194e+00 -4.07602468e+00
 -1.72026600e+00 -5.36244269e+00
 -2.18204723e+00 -6.80572519e+00
 -2.66310670e+00 -8.37143720e+00
 -3.14081271e+00 -1.00165962e+01
 -3.59032281e+00 -1.16931941e+01
 -3.98656793e+00 -1.33524538e+01
 -4.30621458e+00 -1.49484386e+01
 -4.52918884e+00 -1.64399393e+01
 -4.63939792e+00 -1.77909302e+01
 -4.62473670e+00 -1.89707331e+01
 -4.47685725e+00 -1.99544955e+01
 -4.19103775e+00 -2.07234392e+01
 -3.76596600e+00 -2.12640308e+01
 -3.20300518e+00 -2.15662579e+01
 -2.50501598e+00 -2.16224863e+01
 -1.67547094e+00 -2.14281366e+01
 -7.18303614e-01 -2.09836622e+01
 3.62034361e-01 -2.02961545e+01
 1.56101237e+00 -1.93796228e+01
 2.87472348e+00 -1.82543450e+01
 4.29989047e+00 -1.69461224e+01
 5.83262004e+00 -1.54857329e+01
 7.46623804e+00 -1.39080806e+01
 9.18890999e+00 -1.22504424e+01
 1.09816061e+01 -1.05501814e+01
 1.28168749e+01 -8.84322832e+00
 1.46588773e+01 -7.16420671e+00
 1.64648348e+01 -5.54758235e+00
 1.81876901e+01 -4.02818477e+00
 1.97798540e+01 -2.63991858e+00
 2.11979410e+01 -1.41310827e+00
 2.24075823e+01 -3.72236259e-01
 2.33865184e+01 4.64448298e-01
 2.41247826e+01 1.08370294e+00
 2.46227117e+01 1.47629463e+00
 2.48887824e+01 1.63785469e+00
 2.49386348e+01 1.57118138e+00
 2.47948676e+01 1.28779409e+00
 2.44860685e+01 8.06999093e-01
 2.40442527e+01 1.53091895e-01
 2.35017032e+01 -6.46964638e-01
 2.28889381e+01 -1.56395239e+00
 2.22342920e+01 -2.56593012e+00
 2.15640912e+01 -3.61901808e+00
 2.09023230e+01 -4.69003921e+00
 2.02696652e+01 -5.74930788e+00
 1.96825973e+01 -6.77152532e+00
 1.91534057e+01 -7.73477503e+00
 1.86911738e+01 -8.61949655e+00
 1.83030213e+01 -9.40888967e+00
 1.79947766e+01 -1.00903448e+01
 1.77708967e+01 -1.06564794e+01
 1.76343073e+01 -1.11048530e+01
 1.75872430e+01 -1.14364364e+01
 1.76331837e+01 -1.16535334e+01
 1.77782281e+01 -1.17579958e+01
 1.80304655e+01 -1.17502891e+01
 1.83983895e+01 -1.16292977e+01
 1.88904087e+01 -1.13923449e+01
 1.95153290e+01 -1.10354199e+01
 2.02816884e+01 -1.05543208e+01
 2.11949318e+01 -9.94700646e+00
 2.22539491e+01 -9.21627557e+00
 2.34492493e+01 -8.37146556e+00
 2.47633584e+01 -7.42864822e+00
 2.61720550e+01 -6.40987106e+00
 2.76447994e+01 -5.34234834e+00
 2.91442202e+01 -4.25783092e+00
 3.06263035e+01 -3.19143380e+00
 3.20431454e+01 -2.17921312e+00
 3.33482647e+01 -1.25494799e+00
 3.45022804e+01 -4.47628713e-01
 3.54764268e+01 2.19135075e-01
 3.62530019e+01 7.26089631e-01
 3.68237273e+01 1.05742041e+00
 3.71877207e+01 1.20145856e+00
 3.73503553e+01 1.15260197e+00
 3.73232911e+01 9.12414382e-01
 3.71245785e+01 4.88491861e-01
 3.67770050e+01 -1.08053571e-01
 3.63045964e+01 -8.64285700e-01
 3.57298542e+01 -1.76509798e+00
 3.50739353e+01 -2.79172599e+00
 3.43589463e+01 -3.92087020e+00
 3.36099912e+01 -5.12506908e+00
 3.28557062e+01 -6.37355556e+00
 3.21273974e+01 -7.63291507e+00
 3.14572898e+01 -8.86796651e+00
 3.08763216e+01 -1.00435085e+01
 3.04119480e+01 -1.11265381e+01
 3.00865737e+01 -1.20879018e+01
 2.99171326e+01 -1.29030436e+01
 2.99157271e+01 -1.35524791e+01
 3.00906531e+01 -1.40225201e+01
 3.04472470e+01 -1.43058118e+01
 3.09885068e+01 -1.44008469e+01
 3.17154932e+01 -1.43105485e+01
 3.26270039e+01 -1.40410959e+01
 3.37179820e+01 -1.36019101e+01
 3.49770781e+01 -1.30065944e+01
 3.63846313e+01 -1.22740928e+01
 3.79119137e+01 -1.14294355e+01
 3.95215941e+01 -1.05035163e+01
 4.11693434e+01 -9.53146112e+00
 4.28069359e+01 -8.54967743e+00
 4.43870305e+01 -7.59226269e+00
 4.58693024e+01 -6.68737294e+00
 4.72273921e+01 -5.85354878e+00
 4.84553544e+01 -5.09623676e+00
 4.95701404e+01 -4.40645809e+00
 5.06059019e+01 -3.76437605e+00
 5.16006228e+01 -3.14752650e+00
 5.25827692e+01 -2.53894763e+00
 5.35662159e+01 -1.93024243e+00
 5.45539833e+01 -1.31939542e+00
 5.55447006e+01 -7.07014720e-01
 5.65366909e+01 -9.39646410e-02
 5.75290767e+01 5.19293989e-01
 5.85215548e+01 1.13260126e+00
 5.95140494e+01 1.74591718e+00
 6.05065462e+01 2.35923423e+00
 6.14990418e+01 2.97255056e+00
 6.24915244e+01 3.58585882e+00
 6.34839077e+01 4.19910570e+00
 6.44757000e+01 4.81198740e+00
 6.54647325e+01 5.42316369e+00
 6.64436333e+01 6.02807904e+00
 6.73932512e+01 6.61489893e+00
 6.82761420e+01 7.16048452e+00
 6.90389935e+01 7.63189146e+00
 6.96311839e+01 7.99783764e+00
 6.96311839e+01 7.99783764e+00
 6.96311839e+01 7.99783764e+00
 6.96311839e+01 7.99783764e+00
 6.96311839e+01 7.99783764e+00
 6.96311839e+01 7.99783764e+00
 6.96311839e+01 7.99783764e+00
 6.96311839e+01 7.99783764e+00
 6.96311839e+01 7.99783764e+00
 6.96311839e+01 7.99783764e+00
 6.96311839e+01 7.99783764e+00
 6.96311839e+01 7.99783764e+00
 6.96311839e+01 7.99783764e+00
 6.96311839e+01 7.99783764e+00
 6.96311839e+01 7.99783764e+00
 6.96311839e+01 7.99783764e+00
 6.96311839e+01 7.99783764e+00
 6.96311839e+01 7.99783764e+00
 6.96311839e+01 7.99783764e+00
 6.96311839e+01 7.99783764e+00
 6.96311839e+01 7.99783764e+00
 6.96311839e+01 7.99783764e+00
 6.96311839e+01 7.99783764e+00
 6.96311839e+01 7.99783764e+00
 6.96311839e+01 7.99783764e+00
 6.96311839e+01 7.99783764e+00
 6.96311839e+01 7.99783764e+00
 6.96311839e+01 7.99783764e+00
 6.96311839e+01 7.99783764e+00
 6.96311839e+01 7.99783764e+00
 6.96311839e+01 7.99783764e+00
 6.96311839e+01 7.99783764e+00
 6.96311839e+01 7.99783764e+00
 6.96311839e+01 7.99783764e+00
 6.96311839e+01 7.99783764e+00
 6.96311839e+01 7.99783764e+00
 6.96311839e+01 7.99783764e+00
 6.96311839e+01 7.99783764e+00
 6.96311839e+01 7.99783764e+00
 6.96311839e+01 7.99783764e+00
 6.96311839e+01 7.99783764e+00
 6.96311839e+01 7.99783764e+00
 6.96311839e+01 7.99783764e+00
 6.96311839e+01 7.99783764e+00
 6.96311839e+01 7.99783764e+00
 6.96311839e+01 7.99783764e+00
 6.96311839e+01 7.99783764e+00
