 0.00000000e+00 0.00000000e+00
 0.00000000e+00 0.00000000e+00
 0.00000000e+00 0.00000000e+00
 0.00000000e+00 0.00000000e+00
 0.00000000e+00 0.00000000e+00
 0.00000000e+00 0.00000000e+00
 0.00000000e+00 0.00000000e+00
 0.00000000e+00 0.00000000e+00
 0.00000000e+00 0.00000000e+00
 0.00000000e+00 0.00000000e+00
 0.00000000e+00 0.00000000e+00
 0.00000000e+00 0.00000000e+00
 0.00000000e+00 0.00000000e+00
 0.00000000e+00 0.00000000e+00
 -1.77319432e-01 -3.00091939e-02
 -4.29334344e-01 -1.20796547e-01
 -7.59329236e-01 -3.10825514e-01
 -1.16899485e+00 -6.38849201e-01
 -1.66065317e+00 -1.13926120e+00
 -2.23649998e+00 -1.83925389e+00
 -2.89657816e+00 -2.75661705e+00
 -3.63712836e+00 -3.89765326e+00
 -4.44948000e+00 -5.25539401e+00
 -5.31925850e+00 -6.80839390e+00
 -6.22608211e+00 -8.52059305e+00
 -7.14394623e+00 -1.03431062e+01
 -8.04232517e+00 -1.22183917e+01
 -8.88813808e+00 -1.40859213e+01
 -9.64873782e+00 -1.58875509e+01
 -1.02955609e+01 -1.75713780e+01
 -1.08073862e+01 -1.90941961e+01
 -1.11719346e+01 -2.04231676e+01
 -1.13850378e+01 -2.15366135e+01
 -1.14477262e+01 -2.24229621e+01
 -1.13627472e+01 -2.30772402e+01
 -1.11319329e+01 -2.34961860e+01
 -1.07543611e+01 -2.36744910e+01
 -1.02246283e+01 -2.36041094e+01
 -9.53171054e+00 -2.32763597e+01
 -8.65955696e+00 -2.26848676e+01
 -7.58966835e+00 -2.18279321e+01
 -6.30520293e+00 -2.07107184e+01
 -4.79616309e+00 -1.93482721e+01
 -3.06480305e+00 -1.77689789e+01
 -1.12979330e+00 -1.60166612e+01
 9.72000747e-01 -1.41496801e+01
 3.18631324e+00 -1.22367891e+01
 5.44449496e+00 -1.03508186e+01
 7.66853129e+00 -8.56187290e+00
 9.77806552e+00 -6.93150151e+00
 1.16990032e+01 -5.50871838e+00
 1.33721007e+01 -4.32833124e+00
 1.47590519e+01 -3.41155605e+00
 1.58440959e+01 -2.76796627e+00
 1.66310471e+01 -2.39727716e+00
 1.71377244e+01 -2.29030576e+00
 1.73905110e+01 -2.42991942e+00
 1.74205631e+01 -2.79302269e+00
 1.72610641e+01 -3.35325617e+00
 1.69442101e+01 -4.08287082e+00
 1.64983780e+01 -4.95280038e+00
 1.59476385e+01 -5.93173346e+00
 1.53142279e+01 -6.98608140e+00
 1.46214815e+01 -8.08192268e+00
 1.38945201e+01 -9.18800983e+00
 1.31588032e+01 -1.02778530e+01
 1.24385166e+01 -1.13297845e+01
 1.17559222e+01 -1.23255461e+01
 1.11313234e+01 -1.32487293e+01
 1.05831200e+01 -1.40840560e+01
 1.01280469e+01 -1.48175957e+01
 9.78195678e+00 -1.54372106e+01
 9.56114428e+00 -1.59324042e+01
 9.48358058e+00 -1.62934546e+01
 9.56903243e+00 -1.65106299e+01
 9.83741021e+00 -1.65744937e+01
 1.03057680e+01 -1.64774617e+01
 1.09851463e+01 -1.62156913e+01
 1.18782321e+01 -1.57902619e+01
 1.29782076e+01 -1.52074798e+01
 1.42687357e+01 -1.44788858e+01
 1.57247003e+01 -1.36213441e+01
 1.73133738e+01 -1.26569055e+01
 1.89962856e+01 -1.16119052e+01
 2.07321628e+01 -1.05152370e+01
 2.24802380e+01 -9.39630773e+00
 2.42024192e+01 -8.28338732e+00
 2.58635942e+01 -7.20294391e+00
 2.74308661e+01 -6.18000529e+00
 2.88732393e+01 -5.23878326e+00
 3.01627382e+01 -4.40265210e+00
 3.12765308e+01 -3.69348273e+00
 3.21985989e+01 -3.13115783e+00
 3.29201494e+01 -2.73358632e+00
 3.34395086e+01 -2.51630751e+00
 3.37622700e+01 -2.49069137e+00
 3.39008688e+01 -2.66124299e+00
 3.38725890e+01 -3.02378407e+00
 3.36970084e+01 -3.56573093e+00
 3.33945924e+01 -4.26794853e+00
 3.29863973e+01 -5.10657439e+00
 3.24939831e+01 -6.05388836e+00
 3.19396522e+01 -7.07894926e+00
 3.13472832e+01 -8.14927716e+00
 3.07427718e+01 -9.23362330e+00
 3.01528789e+01 -1.03044961e+01
 2.96028256e+01 -1.13392076e+01
 2.91142801e+01 -1.23193348e+01
 2.87048936e+01 -1.32294226e+01
 2.83890716e+01 -1.40559559e+01
 2.81788776e+01 -1.47871147e+01
 2.80843765e+01 -1.54130094e+01
 2.81136591e+01 -1.59257581e+01
 2.82733936e+01 -1.63191144e+01
 2.85702809e+01 -1.65877889e+01
 2.90124405e+01 -1.67266741e+01
 2.96091515e+01 -1.67301718e+01
 3.03685296e+01 -1.65921710e+01
 3.12943313e+01 -1.63073531e+01
 3.23833770e+01 -1.58736521e+01
 3.36241752e+01 -1.52947240e+01
 3.49964689e+01 -1.45816135e+01
 3.64712748e+01 -1.37536875e+01
 3.80113828e+01 -1.28388117e+01
 3.95727899e+01 -1.18722591e+01
 4.11075970e+01 -1.08941617e+01
 4.25681954e+01 -9.94609433e+00
 4.39117553e+01 -9.06764046e+00
 4.51039817e+01 -8.29358910e+00
 4.61215545e+01 -7.65214366e+00
 4.69529305e+01 -7.16400262e+00
 4.75975840e+01 -6.84150778e+00
 4.80645160e+01 -6.68727267e+00
 4.83709735e+01 -6.69291895e+00
 4.85414894e+01 -6.83913461e+00
 4.86065258e+01 -7.09739528e+00
 4.85997487e+01 -7.43295152e+00
 4.85534633e+01 -7.80931263e+00
 4.84933012e+01 -8.19462706e+00
 4.84347510e+01 -8.56810148e+00
 4.83835211e+01 -8.92243688e+00
 4.83390880e+01 -9.26038946e+00
 4.82988012e+01 -9.58839633e+00
 4.82603976e+01 -9.91183839e+00
 4.82226540e+01 -1.02336620e+01
 4.81850908e+01 -1.05550386e+01
 4.81475663e+01 -1.08763187e+01
 4.81100482e+01 -1.11975825e+01
 4.80725311e+01 -1.15188441e+01
 4.80350140e+01 -1.18401051e+01
 4.79974975e+01 -1.21613618e+01
 4.79599847e+01 -1.24825864e+01
 4.79224943e+01 -1.28036196e+01
 4.78851082e+01 -1.31237596e+01
 4.78481051e+01 -1.34406200e+01
 4.78122089e+01 -1.37480019e+01
 4.77788350e+01 -1.40337848e+01
 4.77499987e+01 -1.42807122e+01
 4.77276135e+01 -1.44723983e+01
 4.77276135e+01 -1.44723983e+01
 4.77276135e+01 -1.44723983e+01
 4.77276135e+01 -1.44723983e+01
 4.77276135e+01 -1.44723983e+01
 4.77276135e+01 -1.44723983e+01
 4.77276135e+01 -1.44723983e+01
 4.77276135e+01 -1.44723983e+01
 4.77276135e+01 -1.44723983e+01
 4.77276135e+01 -1.44723983e+01
 4.77276135e+01 -1.44723983e+01
 4.77276135e+01 -1.44723983e+01
 4.77276135e+01 -1.44723983e+01
 4.77276135e+01 -1.44723983e+01
 4.77276135e+01 -1.44723983e+01
 4.77276135e+01 -1.44723983e+01
 4.77276135e+01 -1.44723983e+01
 4.77276135e+01 -1.44723983e+01
 4.77276135e+01 -1.44723983e+01
 4.77276135e+01 -1.44723983e+01
 4.77276135e+01 -1.44723983e+01
 4.77276135e+01 -1.44723983e+01
 4.77276135e+01 -1.44723983e+01
 4.77276135e+01 -1.44723983e+01
 4.77276135e+01 -1.44723983e+01
 4.77276135e+01 -1.44723983e+01
 4.77276135e+01 -1.44723983e+01
 4.77276135e+01 -1.44723983e+01
 4.77276135e+01 -1.44723983e+01
 4.77276135e+01 -1.44723983e+01
 4.77276135e+01 -1.44723983e+01
 4.77276135e+01 -1.44723983e+01
 4.77276135e+01 -1.44723983e+01
 4.77276135e+01 -1.44723983e+01
 4.77276135e+01 -1.44723983e+01
 4.77276135e+01 -1.44723983e+01
 4.77276135e+01 -1.44723983e+01
 4.77276135e+01 -1.44723983e+01
 4.77276135e+01 -1.44723983e+01
 4.77276135e+01 -1.44723983e+01
