 0.00000000e+00 0.00000000e+00
 0.00000000e+00 0.00000000e+00
 0.00000000e+00 0.00000000e+00
 0.00000000e+00 0.00000000e+00
 0.00000000e+00 0.00000000e+00
 0.00000000e+00 0.00000000e+00
 0.00000000e+00 0.00000000e+00
 0.00000000e+00 0.00000000e+00
 0.00000000e+00 0.00000000e+00
 0.00000000e+00 0.00000000e+00
 0.00000000e+00 0.00000000e+00
 -8.21968476e-02 -2.71019470e-02
 -2.18263540e-01 -1.00157862e-01
 -4.20996004e-01 -2.48591070e-01
 -7.01478981e-01 -5.03523903e-01
 -1.07106545e+00 -8.94643210e-01
 -1.54218622e+00 -1.44863697e+00
 -2.12720015e+00 -2.18839514e+00
 -2.83642782e+00 -3.13206702e+00
 -3.67637618e+00 -4.29151686e+00
 -4.64825510e+00 -5.67021534e+00
 -5.74683606e+00 -7.26120050e+00
 -6.96018637e+00 -9.04606348e+00
 -8.27053683e+00 -1.09954057e+01
 -9.65535598e+00 -1.30702022e+01
 -1.10871815e+01 -1.52230863e+01
 -1.25321492e+01 -1.73992938e+01
 -1.39491511e+01 -1.95381487e+01
 -1.52915609e+01 -2.15762892e+01
 -1.65112888e+01 -2.34528393e+01
 -1.75631685e+01 -2.51151697e+01
 -1.84079910e+01 -2.65230549e+01
 -1.90138586e+01 -2.76497306e+01
 -1.93563195e+01 -2.84801198e+01
 -1.94176481e+01 -2.90077774e+01
 -1.91853276e+01 -2.92319413e+01
 -1.86500217e+01 -2.91552925e+01
 -1.78041564e+01 -2.87827867e+01
 -1.66425715e+01 -2.81219560e+01
 -1.51656178e+01 -2.71846155e+01
 -1.33834470e+01 -2.59892249e+01
 -1.13196428e+01 -2.45629026e+01
 -9.01290431e+00 -2.29422748e+01
 -6.51638062e+00 -2.11727034e+01
 -3.89488112e+00 -1.93058564e+01
 -1.22040024e+00 -1.73959959e+01
 1.43346420e+00 -1.54957916e+01
 3.99716255e+00 -1.36528927e+01
 6.40960918e+00 -1.19084078e+01
 8.62066789e+00 -1.02973178e+01
 1.05920479e+01 -8.84947700e+00
 1.22973614e+01 -7.58981694e+00
 1.37215675e+01 -6.53785565e+00
 1.48593489e+01 -5.70779855e+00
 1.57123625e+01 -5.10975519e+00
 1.62867458e+01 -4.75072363e+00
 1.65927645e+01 -4.63356362e+00
 1.66466469e+01 -4.75417142e+00
 1.64723242e+01 -5.09928778e+00
 1.61009312e+01 -5.64700402e+00
 1.55683355e+01 -6.36927170e+00
 1.49127018e+01 -7.23382764e+00
 1.41734438e+01 -8.20428660e+00
 1.33910377e+01 -9.24002218e+00
 1.26061058e+01 -1.02981623e+01
 1.18568758e+01 -1.13377586e+01
 1.11758564e+01 -1.23238935e+01
 1.05875349e+01 -1.32297894e+01
 1.01080511e+01 -1.40369466e+01
 9.74634906e+00 -1.47343076e+01
 9.50597932e+00 -1.53167958e+01
 9.38730874e+00 -1.57829910e+01
 9.39012821e+00 -1.61322192e+01
 9.51621963e+00 -1.63621068e+01
 9.77092157e+00 -1.64676904e+01
 1.01627620e+01 -1.64424021e+01
 1.07011103e+01 -1.62802274e+01
 1.13928978e+01 -1.59778028e+01
 1.22396901e+01 -1.55356874e+01
 1.32357781e+01 -1.49590084e+01
 1.43674126e+01 -1.42579584e+01
 1.56131412e+01 -1.34480414e+01
 1.69452371e+01 -1.25495320e+01
 1.83323680e+01 -1.15859027e+01
 1.97434039e+01 -1.05815222e+01
 2.11511364e+01 -9.55937502e+00
 2.25339913e+01 -8.53980002e+00
 2.38750243e+01 -7.54082474e+00
 2.51594622e+01 -6.57950592e+00
 2.63725894e+01 -5.67297545e+00
 2.74989072e+01 -4.83841789e+00
 2.85225342e+01 -4.09206624e+00
 2.94283777e+01 -3.44759661e+00
 3.02036191e+01 -2.91455316e+00
 3.08393125e+01 -2.49798215e+00
 3.13319643e+01 -2.20028736e+00
 3.16845916e+01 -2.02474065e+00
 3.19061040e+01 -1.97828830e+00
 3.20077998e+01 -2.07139578e+00
 3.19978521e+01 -2.31515835e+00
 3.18777017e+01 -2.71827502e+00
 3.16435856e+01 -3.28579047e+00
 3.12914570e+01 -4.01871598e+00
 3.08210131e+01 -4.91256949e+00
 3.02375581e+01 -5.95459654e+00
 2.95534437e+01 -7.12137584e+00
 2.87898574e+01 -8.37866014e+00
 2.79776756e+01 -9.68399841e+00
 2.71560081e+01 -1.09911835e+01
 2.63683329e+01 -1.22548804e+01
 2.56573258e+01 -1.34341960e+01
 2.50601233e+01 -1.44948374e+01
 2.46056498e+01 -1.54100624e+01
 2.43145030e+01 -1.61606502e+01
 2.42001369e+01 -1.67340694e+01
 2.42693741e+01 -1.71233026e+01
 2.45220386e+01 -1.73259656e+01
 2.49517343e+01 -1.73439049e+01
 2.55489312e+01 -1.71828802e+01
 2.63044275e+01 -1.68520685e+01
 2.72105513e+01 -1.63636094e+01
 2.82599255e+01 -1.57324916e+01
 2.94436100e+01 -1.49767671e+01
 3.07499776e+01 -1.41177908e+01
 3.21642912e+01 -1.31800407e+01
 3.36684938e+01 -1.21900712e+01
 3.52413956e+01 -1.11744766e+01
 3.68598816e+01 -1.01574485e+01
 3.85008888e+01 -9.15906818e+00
 4.01427584e+01 -8.19512922e+00
 4.17649262e+01 -7.27825230e+00
 4.33464932e+01 -6.41930192e+00
 4.48651048e+01 -5.62812881e+00
 4.62970785e+01 -4.91328143e+00
 4.76190610e+01 -4.28100754e+00
 4.88115642e+01 -3.73393508e+00
 4.98646512e+01 -3.26940651e+00
 5.07843651e+01 -2.87768087e+00
 5.15956262e+01 -2.54148429e+00
 5.23368497e+01 -2.23892033e+00
 5.30469294e+01 -1.94955191e+00
 5.37527223e+01 -1.66002676e+00
 5.44653436e+01 -1.36538256e+00
 5.51852417e+01 -1.06609189e+00
 5.59093538e+01 -7.64220502e-01
 5.66351686e+01 -4.61322339e-01
 5.73614950e+01 -1.58117687e-01
 5.80879382e+01 1.45156893e-01
 5.88144021e+01 4.48443773e-01
 5.95408686e+01 7.51732296e-01
 6.02673345e+01 1.05502058e+00
 6.09937908e+01 1.35830489e+00
 6.17201744e+01 1.66155884e+00
 6.24461255e+01 1.96463221e+00
 6.31700565e+01 2.26686224e+00
 6.38865715e+01 2.56599620e+00
 6.45816527e+01 2.85618186e+00
 6.52278923e+01 3.12597694e+00
 6.57862682e+01 3.35909026e+00
 6.62197271e+01 3.54005265e+00
 6.62197271e+01 3.54005265e+00
 6.62197271e+01 3.54005265e+00
 6.62197271e+01 3.54005265e+00
 6.62197271e+01 3.54005265e+00
 6.62197271e+01 3.54005265e+00
 6.62197271e+01 3.54005265e+00
 6.62197271e+01 3.54005265e+00
 6.62197271e+01 3.54005265e+00
 6.62197271e+01 3.54005265e+00
 6.62197271e+01 3.54005265e+00
 6.62197271e+01 3.54005265e+00
 6.62197271e+01 3.54005265e+00
 6.62197271e+01 3.54005265e+00
 6.62197271e+01 3.54005265e+00
 6.62197271e+01 3.54005265e+00
 6.62197271e+01 3.54005265e+00
 6.62197271e+01 3.54005265e+00
 6.62197271e+01 3.54005265e+00
 6.62197271e+01 3.54005265e+00
 6.62197271e+01 3.54005265e+00
 6.62197271e+01 3.54005265e+00
 6.62197271e+01 3.54005265e+00
 6.62197271e+01 3.54005265e+00
 6.62197271e+01 3.54005265e+00
 6.62197271e+01 3.54005265e+00
 6.62197271e+01 3.54005265e+00
 6.62197271e+01 3.54005265e+00
 6.62197271e+01 3.54005265e+00
 6.62197271e+01 3.54005265e+00
 6.62197271e+01 3.54005265e+00
 6.62197271e+01 3.54005265e+00
 6.62197271e+01 3.54005265e+00
 6.62197271e+01 3.54005265e+00
 6.62197271e+01 3.54005265e+00
 6.62197271e+01 3.54005265e+00
 6.62197271e+01 3.54005265e+00
 6.62197271e+01 3.54005265e+00
 6.62197271e+01 3.54005265e+00
