 0.00000000e+00 0.00000000e+00
 0.00000000e+00 0.00000000e+00
 0.00000000e+00 0.00000000e+00
 0.00000000e+00 0.00000000e+00
 0.00000000e+00 0.00000000e+00
 0.00000000e+00 0.00000000e+00
 0.00000000e+00 0.00000000e+00
 0.00000000e+00 0.00000000e+00
 0.00000000e+00 0.00000000e+00
 0.00000000e+00 0.00000000e+00
 0.00000000e+00 0.00000000e+00
 0.00000000e+00 0.00000000e+00
 3.94909667e-03 -5.21502881e-02
 -3.29218434e-02 -1.71731259e-01
 -1.41688531e-01 -3.94827086e-01
 -3.48419342e-01 -7.55435464e-01
 -6.65961957e-01 -1.28079135e+00
 -1.09188141e+00 -1.98946351e+00
 -1.61336994e+00 -2.89100183e+00
 -2.21479496e+00 -3.98604619e+00
 -2.88223928e+00 -5.26649322e+00
 -3.60333470e+00 -6.71565179e+00
 -4.36487450e+00 -8.30842483e+00
 -5.15087315e+00 -1.00114421e+01
 -5.94165033e+00 -1.17830233e+01
 -6.71366942e+00 -1.35734188e+01
 -7.44038112e+00 -1.53265575e+01
 -8.09416322e+00 -1.69842687e+01
 -8.64834278e+00 -1.84922203e+01
 -9.07804507e+00 -1.98050995e+01
 -9.36006307e+00 -2.08887856e+01
 -9.47338444e+00 -2.17194963e+01
 -9.40131829e+00 -2.22819463e+01
 -9.13377832e+00 -2.25684180e+01
 -8.66728251e+00 -2.25788200e+01
 -8.00245797e+00 -2.23205200e+01
 -7.14163459e+00 -2.18071410e+01
 -6.08866078e+00 -2.10567522e+01
 -4.85021715e+00 -2.00905969e+01
 -3.43665692e+00 -1.89330646e+01
 -1.86181756e+00 -1.76124031e+01
 -1.42676915e-01 -1.61607402e+01
 1.70064898e+00 -1.46123420e+01
 3.64500470e+00 -1.30005934e+01
 5.66460200e+00 -1.13555767e+01
 7.73112294e+00 -9.70391947e+00
 9.81294633e+00 -8.07092646e+00
 1.18737273e+01 -6.48348125e+00
 1.38713223e+01 -4.97196094e+00
 1.57585426e+01 -3.57019534e+00
 1.74867765e+01 -2.31359841e+00
 1.90115490e+01 -1.23652273e+00
 2.02972540e+01 -3.70158845e-01
 2.13189807e+01 2.58531043e-01
 2.20620714e+01 6.27818720e-01
 2.25217819e+01 7.23560159e-01
 2.27043061e+01 5.42649008e-01
 2.26278048e+01 9.52496912e-02
 2.23211169e+01 -5.96187873e-01
 2.18198468e+01 -1.50033515e+00
 2.11621189e+01 -2.58003290e+00
 2.03864232e+01 -3.79345337e+00
 1.95317982e+01 -5.09468777e+00
 1.86385181e+01 -6.43590696e+00
 1.77471920e+01 -7.77129924e+00
 1.68957642e+01 -9.06100776e+00
 1.61158242e+01 -1.02733538e+01
 1.54300571e+01 -1.13849248e+01
 1.48517230e+01 -1.23792489e+01
 1.43861606e+01 -1.32453400e+01
 1.40337138e+01 -1.39770030e+01
 1.37929982e+01 -1.45725109e+01
 1.36635809e+01 -1.50334798e+01
 1.36476592e+01 -1.53625752e+01
 1.37504069e+01 -1.55611182e+01
 1.39790166e+01 -1.56279380e+01
 1.43414440e+01 -1.55597093e+01
 1.48456423e+01 -1.53519746e+01
 1.54985788e+01 -1.50002290e+01
 1.63042446e+01 -1.45012302e+01
 1.72614244e+01 -1.38547963e+01
 1.83625499e+01 -1.30656858e+01
 1.95939680e+01 -1.21447007e+01
 2.09371051e+01 -1.11084587e+01
 2.23699849e+01 -9.97800118e+00
 2.38686441e+01 -8.77693056e+00
 2.54078547e+01 -7.52979289e+00
 2.69608901e+01 -6.26110065e+00
 2.84991714e+01 -4.99502649e+00
 2.99930629e+01 -3.75550620e+00
 3.14137260e+01 -2.56643488e+00
 3.27345025e+01 -1.45174955e+00
 3.39310934e+01 -4.35033457e-01
 3.49817996e+01 4.61854231e-01
 3.58693182e+01 1.22083029e+00
 3.65834975e+01 1.82879329e+00
 3.71226346e+01 2.27654612e+00
 3.74916361e+01 2.55597833e+00
 3.76980638e+01 2.65814726e+00
 3.77490683e+01 2.57454965e+00
 3.76514418e+01 2.30072797e+00
 3.74139347e+01 1.83879405e+00
 3.70487550e+01 1.19699311e+00
 3.65708883e+01 3.88242658e-01
 3.59974244e+01 -5.69524540e-01
 3.53490820e+01 -1.65135466e+00
 3.46526367e+01 -2.82429390e+00
 3.39413179e+01 -4.04920733e+00
 3.32522588e+01 -5.28448171e+00
 3.26225751e+01 -6.48955327e+00
 3.20860280e+01 -7.62729273e+00
 3.16710852e+01 -8.66557639e+00
 3.14002974e+01 -9.57831053e+00
 3.12907175e+01 -1.03454627e+01
 3.13549200e+01 -1.09517070e+01
 3.16021622e+01 -1.13842892e+01
 3.20396490e+01 -1.16316133e+01
 3.26737337e+01 -1.16837399e+01
 3.35100935e+01 -1.15345090e+01
 3.45520005e+01 -1.11837967e+01
 3.57969486e+01 -1.06387688e+01
 3.72327397e+01 -9.91433005e+00
 3.88343685e+01 -9.03350682e+00
 4.05630663e+01 -8.02761403e+00
 4.23684275e+01 -6.93503146e+00
 4.41935185e+01 -5.79770652e+00
 4.59821953e+01 -4.65586784e+00
 4.76880994e+01 -3.54240539e+00
 4.92843252e+01 -2.47830586e+00
 5.07699540e+01 -1.47033414e+00
 5.21677194e+01 -5.12267249e-01
 5.35115657e+01 4.09974616e-01
 5.48314590e+01 1.31148493e+00
 5.61451344e+01 2.20344836e+00
 5.74592289e+01 3.09198200e+00
 5.87746619e+01 3.97958332e+00
 6.00908368e+01 4.86700393e+00
 6.14072682e+01 5.75440360e+00
 6.27237629e+01 6.64180329e+00
 6.40402692e+01 7.52920355e+00
 6.53567771e+01 8.41660385e+00
 6.66732834e+01 9.30400296e+00
 6.79897723e+01 1.01913904e+01
 6.93061294e+01 1.10786890e+01
 7.06217027e+01 1.19654592e+01
 7.19336153e+01 1.28497619e+01
 7.32320885e+01 1.37250057e+01
 7.44917192e+01 1.45740674e+01
 7.56628389e+01 1.53634678e+01
 7.66747313e+01 1.60455401e+01
 7.74602484e+01 1.65750227e+01
 7.74602484e+01 1.65750227e+01
 7.74602484e+01 1.65750227e+01
 7.74602484e+01 1.65750227e+01
 7.74602484e+01 1.65750227e+01
 7.74602484e+01 1.65750227e+01
 7.74602484e+01 1.65750227e+01
 7.74602484e+01 1.65750227e+01
 7.74602484e+01 1.65750227e+01
 7.74602484e+01 1.65750227e+01
 7.74602484e+01 1.65750227e+01
 7.74602484e+01 1.65750227e+01
 7.74602484e+01 1.65750227e+01
 7.74602484e+01 1.65750227e+01
 7.74602484e+01 1.65750227e+01
 7.74602484e+01 1.65750227e+01
 7.74602484e+01 1.65750227e+01
 7.74602484e+01 1.65750227e+01
 7.74602484e+01 1.65750227e+01
 7.74602484e+01 1.65750227e+01
 7.74602484e+01 1.65750227e+01
 7.74602484e+01 1.65750227e+01
 7.74602484e+01 1.65750227e+01
 7.74602484e+01 1.65750227e+01
 7.74602484e+01 1.65750227e+01
 7.74602484e+01 1.65750227e+01
 7.74602484e+01 1.65750227e+01
 7.74602484e+01 1.65750227e+01
 7.74602484e+01 1.65750227e+01
 7.74602484e+01 1.65750227e+01
 7.74602484e+01 1.65750227e+01
 7.74602484e+01 1.65750227e+01
 7.74602484e+01 1.65750227e+01
 7.74602484e+01 1.65750227e+01
 7.74602484e+01 1.65750227e+01
 7.74602484e+01 1.65750227e+01
 7.74602484e+01 1.65750227e+01
 7.74602484e+01 1.65750227e+01
 7.74602484e+01 1.65750227e+01
 7.74602484e+01 1.65750227e+01
 7.74602484e+01 1.65750227e+01
 7.74602484e+01 1.65750227e+01
 7.74602484e+01 1.65750227e+01
 7.74602484e+01 1.65750227e+01
 7.74602484e+01 1.65750227e+01
 7.74602484e+01 1.65750227e+01
 7.74602484e+01 1.65750227e+01
 7.74602484e+01 1.65750227e+01
