 0.00000000e+00 0.00000000e+00
 0.00000000e+00 0.00000000e+00
 0.00000000e+00 0.00000000e+00
 0.00000000e+00 0.00000000e+00
 0.00000000e+00 0.00000000e+00
 0.00000000e+00 0.00000000e+00
 0.00000000e+00 0.00000000e+00
 0.00000000e+00 0.00000000e+00
 0.00000000e+00 0.00000000e+00
 0.00000000e+00 0.00000000e+00
 2.50819201e-01 9.46596692e-02
 5.45522758e-01 1.85075723e-01
 8.41494964e-01 2.34156662e-01
 1.09416121e+00 1.99653993e-01
 1.26619088e+00 4.13564654e-02
 1.32975573e+00 -2.74107708e-01
 1.26662883e+00 -7.70150219e-01
 1.06925547e+00 -1.45813744e+00
 7.41624914e-01 -2.33627277e+00
 2.98104628e-01 -3.38935055e+00
 -2.39282705e-01 -4.58935784e+00
 -8.43476251e-01 -5.89732733e+00
 -1.48429112e+00 -7.26695543e+00
 -2.13006807e+00 -8.64974025e+00
 -2.74934928e+00 -1.00002469e+01
 -3.31267627e+00 -1.12798492e+01
 -3.79483561e+00 -1.24583573e+01
 -4.17747104e+00 -1.35141507e+01
 -4.45080918e+00 -1.44336549e+01
 -4.61298963e+00 -1.52104773e+01
 -4.66712330e+00 -1.58440588e+01
 -4.61810559e+00 -1.63376849e+01
 -4.47096296e+00 -1.66960613e+01
 -4.23024069e+00 -1.69229866e+01
 -3.89863563e+00 -1.70195235e+01
 -3.47447602e+00 -1.69828562e+01
 -2.94969332e+00 -1.68061944e+01
 -2.31009838e+00 -1.64802031e+01
 -1.53831110e+00 -1.59958957e+01
 -6.18197742e-01 -1.53481341e+01
 4.60862895e-01 -1.45385592e+01
 1.70100773e+00 -1.35770578e+01
 3.09439893e+00 -1.24814794e+01
 4.62298284e+00 -1.12760462e+01
 6.25931277e+00 -9.98943319e+00
 7.96806812e+00 -8.65342592e+00
 9.70763729e+00 -7.30231161e+00
 1.14315804e+01 -5.97232749e+00
 1.30906320e+01 -4.70043093e+00
 1.46358974e+01 -3.52244841e+00
 1.60228775e+01 -2.47141713e+00
 1.72149725e+01 -1.57684834e+00
 1.81850867e+01 -8.64798763e-01
 1.89151989e+01 -3.57751805e-01
 1.93955025e+01 -7.32070784e-02
 1.96250515e+01 -2.09354880e-02
 1.96138895e+01 -2.00319392e-01
 1.93842775e+01 -5.99554578e-01
 1.89687371e+01 -1.19722450e+00
 1.84055868e+01 -1.96510712e+00
 1.77350351e+01 -2.87062837e+00
 1.69975339e+01 -3.87839445e+00
 1.62329609e+01 -4.95153301e+00
 1.54786735e+01 -6.05377690e+00
 1.47667501e+01 -7.15217091e+00
 1.41221894e+01 -8.21920354e+00
 1.35627663e+01 -9.23330859e+00
 1.30996877e+01 -1.01778822e+01
 1.27380497e+01 -1.10399249e+01
 1.24769182e+01 -1.18092911e+01
 1.23098022e+01 -1.24786291e+01
 1.22270117e+01 -1.30433221e+01
 1.22203929e+01 -1.35007980e+01
 1.22879622e+01 -1.38493253e+01
 1.24348686e+01 -1.40869023e+01
 1.26705417e+01 -1.42104983e+01
 1.30055977e+01 -1.42154955e+01
 1.34511340e+01 -1.40954635e+01
 1.40194447e+01 -1.38427361e+01
 1.47238398e+01 -1.34498351e+01
 1.55767231e+01 -1.29112042e+01
 1.65867167e+01 -1.22248271e+01
 1.77560345e+01 -1.13936567e+01
 1.90788806e+01 -1.04266338e+01
 2.05409204e+01 -9.33884379e+00
 2.21193706e+01 -8.15082360e+00
 2.37833202e+01 -6.88785262e+00
 2.54942220e+01 -5.58007798e+00
 2.72067703e+01 -4.26314771e+00
 2.88706912e+01 -2.97781375e+00
 3.04340951e+01 -1.76741469e+00
 3.18483084e+01 -6.74160118e-01
 3.30728135e+01 2.63613128e-01
 3.40783862e+01 1.01228593e+00
 3.48475974e+01 1.54343956e+00
 3.53737583e+01 1.83617351e+00
 3.56601765e+01 1.88108620e+00
 3.57202294e+01 1.68295109e+00
 3.55768124e+01 1.25951803e+00
 3.52597094e+01 6.37152465e-01
 3.48014730e+01 -1.53693305e-01
 3.42340004e+01 -1.08103973e+00
 3.35873620e+01 -2.11212987e+00
 3.28904708e+01 -3.21379930e+00
 3.21719995e+01 -4.35353222e+00
 3.14604308e+01 -5.50113195e+00
 3.07832487e+01 -6.63008083e+00
 3.01657800e+01 -7.71772686e+00
 2.96300799e+01 -8.74434240e+00
 2.91942043e+01 -9.69203393e+00
 2.88720803e+01 -1.05445139e+01
 2.86738827e+01 -1.12878659e+01
 2.86068414e+01 -1.19115286e+01
 2.86763203e+01 -1.24085642e+01
 2.88863709e+01 -1.27749374e+01
 2.92391874e+01 -1.30083897e+01
 2.97343252e+01 -1.31077451e+01
 3.03687680e+01 -1.30729738e+01
 3.11374583e+01 -1.29056543e+01
 3.20333682e+01 -1.26092474e+01
 3.30472438e+01 -1.21890409e+01
 3.41676778e+01 -1.16522284e+01
 3.53813313e+01 -1.10085903e+01
 3.66724835e+01 -1.02715928e+01
 3.80217254e+01 -9.45912385e+00
 3.94047987e+01 -8.59316599e+00
 4.07931074e+01 -7.69829139e+00
 4.21570463e+01 -6.79913961e+00
 4.34721502e+01 -5.91690132e+00
 4.47258489e+01 -5.06539448e+00
 4.59205667e+01 -4.24865222e+00
 4.70702601e+01 -3.46198226e+00
 4.81924511e+01 -2.69616103e+00
 4.93012454e+01 -1.94208652e+00
 5.04048757e+01 -1.19340751e+00
 5.15069478e+01 -4.46745819e-01
 5.26086576e+01 2.99304196e-01
 5.37103039e+01 1.04520453e+00
 5.48119422e+01 1.79107545e+00
 5.59135799e+01 2.53694176e+00
 5.70152175e+01 3.28280740e+00
 5.81168536e+01 4.02867197e+00
 5.92184751e+01 4.77452671e+00
 6.03199864e+01 5.52030680e+00
 6.14208418e+01 6.26564279e+00
 6.25186339e+01 7.00890479e+00
 6.36051802e+01 7.74455276e+00
 6.46592234e+01 8.45819453e+00
 6.56392018e+01 9.12169056e+00
 6.64859409e+01 9.69497665e+00
 6.71432518e+01 1.01400101e+01
 6.71432518e+01 1.01400101e+01
 6.71432518e+01 1.01400101e+01
 6.71432518e+01 1.01400101e+01
 6.71432518e+01 1.01400101e+01
 6.71432518e+01 1.01400101e+01
 6.71432518e+01 1.01400101e+01
 6.71432518e+01 1.01400101e+01
 6.71432518e+01 1.01400101e+01
 6.71432518e+01 1.01400101e+01
 6.71432518e+01 1.01400101e+01
 6.71432518e+01 1.01400101e+01
 6.71432518e+01 1.01400101e+01
 6.71432518e+01 1.01400101e+01
 6.71432518e+01 1.01400101e+01
 6.71432518e+01 1.01400101e+01
 6.71432518e+01 1.01400101e+01
 6.71432518e+01 1.01400101e+01
 6.71432518e+01 1.01400101e+01
 6.71432518e+01 1.01400101e+01
 6.71432518e+01 1.01400101e+01
 6.71432518e+01 1.01400101e+01
 6.71432518e+01 1.01400101e+01
 6.71432518e+01 1.01400101e+01
 6.71432518e+01 1.01400101e+01
 6.71432518e+01 1.01400101e+01
 6.71432518e+01 1.01400101e+01
 6.71432518e+01 1.01400101e+01
 6.71432518e+01 1.01400101e+01
 6.71432518e+01 1.01400101e+01
 6.71432518e+01 1.01400101e+01
 6.71432518e+01 1.01400101e+01
 6.71432518e+01 1.01400101e+01
 6.71432518e+01 1.01400101e+01
 6.71432518e+01 1.01400101e+01
 6.71432518e+01 1.01400101e+01
 6.71432518e+01 1.01400101e+01
 6.71432518e+01 1.01400101e+01
 6.71432518e+01 1.01400101e+01
 6.71432518e+01 1.01400101e+01
 6.71432518e+01 1.01400101e+01
 6.71432518e+01 1.01400101e+01
 6.71432518e+01 1.01400101e+01
 6.71432518e+01 1.01400101e+01
 6.71432518e+01 1.01400101e+01
 6.71432518e+01 1.01400101e+01
 6.71432518e+01 1.01400101e+01
 6.71432518e+01 1.01400101e+01
