 0.00000000e+00 0.00000000e+00
 0.00000000e+00 0.00000000e+00
 0.00000000e+00 0.00000000e+00
 0.00000000e+00 0.00000000e+00
 0.00000000e+00 0.00000000e+00
 -2.49341256e-02 5.43702407e-03
 -7.50752059e-02 1.63615048e-02
 -1.58281673e-01 3.48715574e-02
 -2.74539529e-01 6.22348160e-02
 -4.15230601e-01 9.89932454e-02
 -5.68378802e-01 1.45527359e-01
 -7.25246901e-01 2.02100412e-01
 -8.83177785e-01 2.68239595e-01
 -1.04427995e+00 3.42463232e-01
 -1.21300554e+00 4.22914201e-01
 -1.39498193e+00 5.08060728e-01
 -1.59702260e+00 5.96480749e-01
 -1.82702415e+00 6.85966170e-01
 -2.09307178e+00 7.72951084e-01
 -2.40224020e+00 8.52789790e-01
 -2.75994485e+00 9.20396273e-01
 -3.17011192e+00 9.70214148e-01
 -3.63576540e+00 9.95184353e-01
 -4.15958635e+00 9.85832931e-01
 -4.74428897e+00 9.30831679e-01
 -5.39269910e+00 8.18756341e-01
 -6.10742053e+00 6.39503926e-01
 -6.89031564e+00 3.84564856e-01
 -7.74225744e+00 4.66674464e-02
 -8.66317171e+00 -3.80496682e-01
 -9.65174115e+00 -9.02257135e-01
 -1.07042429e+01 -1.52261970e+00
 -1.18128579e+01 -2.24353030e+00
 -1.29643516e+01 -3.06390047e+00
 -1.41396476e+01 -3.97871905e+00
 -1.53141935e+01 -4.97836341e+00
 -1.64588986e+01 -6.04797723e+00
 -1.75416640e+01 -7.16705526e+00
 -1.85296490e+01 -8.30990682e+00
 -1.93922252e+01 -9.44755085e+00
 -2.01040900e+01 -1.05507070e+01
 -2.06476441e+01 -1.15929038e+01
 -2.10139440e+01 -1.25528979e+01
 -2.12022425e+01 -1.34159578e+01
 -2.12186991e+01 -1.41736872e+01
 -2.10747278e+01 -1.48224707e+01
 -2.07849982e+01 -1.53613252e+01
 -2.03652128e+01 -1.57899382e+01
 -1.98303656e+01 -1.61069731e+01
 -1.91941376e+01 -1.63087059e+01
 -1.84692711e+01 -1.63889443e+01
 -1.76682781e+01 -1.63412442e+01
 -1.68040714e+01 -1.61626617e+01
 -1.58904416e+01 -1.58565104e+01
 -1.49423341e+01 -1.54323743e+01
 -1.39757533e+01 -1.49042581e+01
 -1.30071213e+01 -1.42888295e+01
 -1.20522624e+01 -1.36041781e+01
 -1.11254300e+01 -1.28680171e+01
 -1.02384519e+01 -1.20949745e+01
 -9.39971501e+00 -1.12942951e+01
 -8.61303911e+00 -1.04694212e+01
 -7.87687958e+00 -9.61935648e+00
 -7.18423127e+00 -8.74055531e+00
 -6.52351067e+00 -7.82857513e+00
 -5.88059354e+00 -6.87978374e+00
 -5.24174212e+00 -5.89356518e+00
 -4.59678038e+00 -4.87471271e+00
 -3.94180533e+00 -3.83506335e+00
 -3.28066168e+00 -2.79353106e+00
 -2.62465509e+00 -1.77435617e+00
 -1.99072827e+00 -8.04157529e-01
 -1.39871933e+00 9.12584264e-02
 -8.68080327e-01 8.89732296e-01
 -4.14490390e-01 1.57519507e+00
 -4.72786576e-02 2.13959785e+00
 2.31509274e-01 2.58369281e+00
 4.26268794e-01 2.91606775e+00
 5.45452800e-01 3.15051396e+00
 5.97926275e-01 3.30238748e+00
 5.89067515e-01 3.38478962e+00
 5.18602827e-01 3.40537089e+00
 3.81358333e-01 3.36454240e+00
 1.69792525e-01 3.25570851e+00
 -1.23541408e-01 3.06747926e+00
 -5.04005362e-01 2.78690600e+00
 -9.73055022e-01 2.40248916e+00
 -1.52702312e+00 1.90627394e+00
 -2.15702911e+00 1.29500343e+00
 -2.84972003e+00 5.70510069e-01
 -3.58836428e+00 -2.60499926e-01
 -4.35429373e+00 -1.18716383e+00
 -5.12862713e+00 -2.19560398e+00
 -5.89356905e+00 -3.27026496e+00
 -6.63255980e+00 -4.39497490e+00
 -7.32957679e+00 -5.55339999e+00
 -7.96870736e+00 -6.72911649e+00
 -8.53466645e+00 -7.90582174e+00
 -9.01398171e+00 -9.06791457e+00
 -9.39629713e+00 -1.02012728e+01
 -9.67546996e+00 -1.12938819e+01
 -9.85000736e+00 -1.23359212e+01
 -9.92210293e+00 -1.33191482e+01
 -9.89527664e+00 -1.42359823e+01
 -9.77214149e+00 -1.50788904e+01
 -9.55377739e+00 -1.58401574e+01
 -9.24020928e+00 -1.65116555e+01
 -8.83060903e+00 -1.70844341e+01
 -8.32332322e+00 -1.75485024e+01
 -7.71700142e+00 -1.78933722e+01
 -7.01314385e+00 -1.81094333e+01
 -6.21886081e+00 -1.81895083e+01
 -5.34847596e+00 -1.81300312e+01
 -4.42353001e+00 -1.79321345e+01
 -3.47137259e+00 -1.76030523e+01
 -2.52259352e+00 -1.71571849e+01
 -1.60765929e+00 -1.66155896e+01
 -7.53291534e-01 -1.60036498e+01
 2.10758246e-02 -1.53479651e+01
 7.06669828e-01 -1.46735147e+01
 1.30785875e+00 -1.40012298e+01
 1.84169565e+00 -1.33457507e+01
 2.33271094e+00 -1.27138860e+01
 2.80443083e+00 -1.21049500e+01
 3.27253016e+00 -1.15133848e+01
 3.74349108e+00 -1.09323877e+01
 4.21785949e+00 -1.03565848e+01
 4.69423089e+00 -9.78284167e+00
 5.17141206e+00 -9.20975514e+00
 5.64883570e+00 -8.63683609e+00
 6.12631458e+00 -8.06395107e+00
 6.60380313e+00 -7.49107154e+00
 7.08129296e+00 -6.91819278e+00
 7.55878227e+00 -6.34531487e+00
 8.03626529e+00 -5.77244451e+00
 8.51370053e+00 -5.19963149e+00
 8.99085147e+00 -4.62715957e+00
 9.46667467e+00 -4.05628063e+00
 9.93762351e+00 -3.49124981e+00
 1.03944844e+01 -2.94312134e+00
 1.08192428e+01 -2.43350842e+00
 1.11862504e+01 -1.99318326e+00
 1.14711530e+01 -1.65136540e+00
 1.14711530e+01 -1.65136540e+00
 1.14711530e+01 -1.65136540e+00
 1.14711530e+01 -1.65136540e+00
 1.14711530e+01 -1.65136540e+00
 1.14711530e+01 -1.65136540e+00
 1.14711530e+01 -1.65136540e+00
 1.14711530e+01 -1.65136540e+00
 1.14711530e+01 -1.65136540e+00
 1.14711530e+01 -1.65136540e+00
 1.14711530e+01 -1.65136540e+00
 1.14711530e+01 -1.65136540e+00
 1.14711530e+01 -1.65136540e+00
 1.14711530e+01 -1.65136540e+00
 1.14711530e+01 -1.65136540e+00
 1.14711530e+01 -1.65136540e+00
 1.14711530e+01 -1.65136540e+00
 1.14711530e+01 -1.65136540e+00
 1.14711530e+01 -1.65136540e+00
 1.14711530e+01 -1.65136540e+00
 1.14711530e+01 -1.65136540e+00
 1.14711530e+01 -1.65136540e+00
 1.14711530e+01 -1.65136540e+00
 1.14711530e+01 -1.65136540e+00
 1.14711530e+01 -1.65136540e+00
 1.14711530e+01 -1.65136540e+00
 1.14711530e+01 -1.65136540e+00
 1.14711530e+01 -1.65136540e+00
 1.14711530e+01 -1.65136540e+00
 1.14711530e+01 -1.65136540e+00
 1.14711530e+01 -1.65136540e+00
 1.14711530e+01 -1.65136540e+00
 1.14711530e+01 -1.65136540e+00
 1.14711530e+01 -1.65136540e+00
 1.14711530e+01 -1.65136540e+00
 1.14711530e+01 -1.65136540e+00
