 0.00000000e+00 0.00000000e+00
 0.00000000e+00 0.00000000e+00
 0.00000000e+00 0.00000000e+00
 0.00000000e+00 0.00000000e+00
 0.00000000e+00 0.00000000e+00
 0.00000000e+00 0.00000000e+00
 0.00000000e+00 0.00000000e+00
 0.00000000e+00 0.00000000e+00
 0.00000000e+00 0.00000000e+00
 0.00000000e+00 0.00000000e+00
 0.00000000e+00 0.00000000e+00
 2.84541904e-03 2.16731224e-02
 8.87048807e-03 3.20029176e-02
 1.78794492e-02 1.13976026e-02
 2.47602172e-02 -6.61206538e-02
 1.66838824e-02 -2.32040745e-01
 -2.58808579e-02 -5.21216602e-01
 -1.23758902e-01 -9.67829583e-01
 -2.93113212e-01 -1.60072180e+00
 -5.43412307e-01 -2.43979312e+00
 -8.79297858e-01 -3.49382273e+00
 -1.30243292e+00 -4.75897386e+00
 -1.81080488e+00 -6.21762522e+00
 -2.39674901e+00 -7.83836953e+00
 -3.04594866e+00 -9.57829097e+00
 -3.73775023e+00 -1.13872651e+01
 -4.44577211e+00 -1.32124719e+01
 -5.13852079e+00 -1.50014312e+01
 -5.78086313e+00 -1.67035684e+01
 -6.33674879e+00 -1.82717180e+01
 -6.77200967e+00 -1.96645220e+01
 -7.05567649e+00 -2.08489273e+01
 -7.15991828e+00 -2.18011028e+01
 -7.06017520e+00 -2.25052610e+01
 -6.73597542e+00 -2.29516374e+01
 -6.17106900e+00 -2.31351440e+01
 -5.35232298e+00 -2.30550005e+01
 -4.26919111e+00 -2.27147033e+01
 -2.91549145e+00 -2.21219149e+01
 -1.29276158e+00 -2.12885551e+01
 5.86780509e-01 -2.02314771e+01
 2.69859790e+00 -1.89735059e+01
 5.00533228e+00 -1.75441672e+01
 7.45740518e+00 -1.59796762e+01
 9.99511123e+00 -1.43222022e+01
 1.25522821e+01 -1.26184547e+01
 1.50609371e+01 -1.09175216e+01
 1.74559779e+01 -9.26814957e+00
 1.96791391e+01 -7.71605534e+00
 2.16819496e+01 -6.30174650e+00
 2.34278295e+01 -5.05883316e+00
 2.48931481e+01 -4.01277467e+00
 2.60667589e+01 -3.18048572e+00
 2.69481422e+01 -2.57119684e+00
 2.75452771e+01 -2.18808040e+00
 2.78732217e+01 -2.02955105e+00
 2.79530729e+01 -2.08973007e+00
 2.78102616e+01 -2.35856553e+00
 2.74720904e+01 -2.82227087e+00
 2.69657138e+01 -3.46404154e+00
 2.63176735e+01 -4.26437818e+00
 2.55547296e+01 -5.20060743e+00
 2.47046632e+01 -6.24621459e+00
 2.37961476e+01 -7.37113161e+00
 2.28581054e+01 -8.54327982e+00
 2.19194172e+01 -9.73045939e+00
 2.10089290e+01 -1.09015945e+01
 2.01550491e+01 -1.20272627e+01
 1.93848525e+01 -1.30801664e+01
 1.87233288e+01 -1.40359658e+01
 1.81930608e+01 -1.48739881e+01
 1.78140265e+01 -1.55770182e+01
 1.76034641e+01 -1.61303012e+01
 1.75762474e+01 -1.65208661e+01
 1.77457519e+01 -1.67378923e+01
 1.81241022e+01 -1.67735993e+01
 1.87208083e+01 -1.66237454e+01
 1.95403425e+01 -1.62876356e+01
 2.05800286e+01 -1.57682254e+01
 2.18288174e+01 -1.50726817e+01
 2.32666950e+01 -1.42132519e+01
 2.48646625e+01 -1.32080393e+01
 2.65856824e+01 -1.20811509e+01
 2.83870090e+01 -1.08617062e+01
 3.02238800e+01 -9.58160332e+00
 3.20536693e+01 -8.27275998e+00
 3.38387918e+01 -6.96521086e+00
 3.55470929e+01 -5.68704430e+00
 3.71502729e+01 -4.46561758e+00
 3.86223443e+01 -3.32830301e+00
 3.99396450e+01 -2.30165380e+00
 4.10820702e+01 -1.40974665e+00
 4.20339925e+01 -6.73445975e-01
 4.27840771e+01 -1.11278741e-01
 4.33247828e+01 2.59437375e-01
 4.36527143e+01 4.23356546e-01
 4.37698643e+01 3.70232700e-01
 4.36846877e+01 9.82122380e-02
 4.34119575e+01 -3.85507455e-01
 4.29712740e+01 -1.06685522e+00
 4.23851434e+01 -1.92719666e+00
 4.16778678e+01 -2.94342931e+00
 4.08757783e+01 -4.08656569e+00
 4.00082528e+01 -5.32142541e+00
 3.91084427e+01 -6.60880856e+00
 3.82129470e+01 -7.90899660e+00
 3.73602684e+01 -9.18458366e+00
 3.65883281e+01 -1.04019299e+01
 3.59316642e+01 -1.15318697e+01
 3.54192072e+01 -1.25501674e+01
 3.50733613e+01 -1.34374432e+01
 3.49104427e+01 -1.41783926e+01
 3.49418978e+01 -1.47608587e+01
 3.51756347e+01 -1.51753012e+01
 3.56172033e+01 -1.54143841e+01
 3.62707868e+01 -1.54723509e+01
 3.71396261e+01 -1.53449775e+01
 3.82252340e+01 -1.50310540e+01
 3.95251754e+01 -1.45346055e+01
 4.10298899e+01 -1.38661347e+01
 4.27195364e+01 -1.30426435e+01
 4.45621581e+01 -1.20874459e+01
 4.65143969e+01 -1.10299791e+01
 4.85253344e+01 -9.90471101e+00
 5.05433267e+01 -8.74825422e+00
 5.25250101e+01 -7.59440371e+00
 5.44440518e+01 -6.46792414e+00
 5.62952566e+01 -5.37981995e+00
 5.80907159e+01 -4.32753211e+00
 5.98499472e+01 -3.30053486e+00
 6.15903725e+01 -2.28748060e+00
 6.33229956e+01 -1.28048093e+00
 6.50530379e+01 -2.75555709e-01
 6.67824018e+01 7.28809090e-01
 6.85116244e+01 1.73305468e+00
 7.02408237e+01 2.73728034e+00
 7.19700199e+01 3.74150327e+00
 7.36992134e+01 4.74572456e+00
 7.54283841e+01 5.74993260e+00
 7.71573817e+01 6.75404012e+00
 7.88853497e+01 7.75754973e+00
 8.06085095e+01 8.75826693e+00
 8.23140171e+01 9.74873273e+00
 8.39685060e+01 1.07095697e+01
 8.55067384e+01 1.16028912e+01
 8.68358303e+01 1.23747553e+01
 8.78675846e+01 1.29739419e+01
 8.78675846e+01 1.29739419e+01
 8.78675846e+01 1.29739419e+01
 8.78675846e+01 1.29739419e+01
 8.78675846e+01 1.29739419e+01
 8.78675846e+01 1.29739419e+01
 8.78675846e+01 1.29739419e+01
 8.78675846e+01 1.29739419e+01
 8.78675846e+01 1.29739419e+01
 8.78675846e+01 1.29739419e+01
 8.78675846e+01 1.29739419e+01
 8.78675846e+01 1.29739419e+01
 8.78675846e+01 1.29739419e+01
 8.78675846e+01 1.29739419e+01
 8.78675846e+01 1.29739419e+01
 8.78675846e+01 1.29739419e+01
 8.78675846e+01 1.29739419e+01
 8.78675846e+01 1.29739419e+01
 8.78675846e+01 1.29739419e+01
 8.78675846e+01 1.29739419e+01
 8.78675846e+01 1.29739419e+01
 8.78675846e+01 1.29739419e+01
 8.78675846e+01 1.29739419e+01
 8.78675846e+01 1.29739419e+01
 8.78675846e+01 1.29739419e+01
 8.78675846e+01 1.29739419e+01
 8.78675846e+01 1.29739419e+01
 8.78675846e+01 1.29739419e+01
 8.78675846e+01 1.29739419e+01
 8.78675846e+01 1.29739419e+01
 8.78675846e+01 1.29739419e+01
 8.78675846e+01 1.29739419e+01
 8.78675846e+01 1.29739419e+01
 8.78675846e+01 1.29739419e+01
 8.78675846e+01 1.29739419e+01
 8.78675846e+01 1.29739419e+01
 8.78675846e+01 1.29739419e+01
 8.78675846e+01 1.29739419e+01
 8.78675846e+01 1.29739419e+01
 8.78675846e+01 1.29739419e+01
 8.78675846e+01 1.29739419e+01
 8.78675846e+01 1.29739419e+01
 8.78675846e+01 1.29739419e+01
 8.78675846e+01 1.29739419e+01
 8.78675846e+01 1.29739419e+01
 8.78675846e+01 1.29739419e+01
 8.78675846e+01 1.29739419e+01
 8.78675846e+01 1.29739419e+01
 8.78675846e+01 1.29739419e+01
 8.78675846e+01 1.29739419e+01
 8.78675846e+01 1.29739419e+01
 8.78675846e+01 1.29739419e+01
