 0.00000000e+00 0.00000000e+00
 0.00000000e+00 0.00000000e+00
 0.00000000e+00 0.00000000e+00
 0.00000000e+00 0.00000000e+00
 0.00000000e+00 0.00000000e+00
 0.00000000e+00 0.00000000e+00
 0.00000000e+00 0.00000000e+00
 0.00000000e+00 0.00000000e+00
 6.14488670e-02 3.47319327e-02
 1.15133127e-01 7.06260502e-02
 1.34473476e-01 9.62887887e-02
 9.46502430e-02 9.75706768e-02
 -1.89878097e-02 5.79327460e-02
 -2.08286384e-01 -4.17478076e-02
 -4.66108841e-01 -2.22231041e-01
 -7.83171574e-01 -5.04001941e-01
 -1.15303056e+00 -9.05900925e-01
 -1.57262086e+00 -1.44438426e+00
 -2.03953528e+00 -2.13219972e+00
 -2.54904526e+00 -2.97632351e+00
 -3.09266110e+00 -3.97640051e+00
 -3.65791884e+00 -5.12448699e+00
 -4.22843493e+00 -6.40548574e+00
 -4.78401980e+00 -7.79729260e+00
 -5.30122233e+00 -9.27072050e+00
 -5.75460102e+00 -1.07902331e+01
 -6.11874115e+00 -1.23160826e+01
 -6.37076023e+00 -1.38071850e+01
 -6.49296250e+00 -1.52235973e+01
 -6.47525654e+00 -1.65282627e+01
 -6.31641484e+00 -1.76885797e+01
 -6.02306699e+00 -1.86781549e+01
 -5.60665575e+00 -1.94781745e+01
 -5.08007582e+00 -2.00775506e+01
 -4.45536601e+00 -2.04718091e+01
 -3.74245168e+00 -2.06615831e+01
 -2.94838810e+00 -2.06515163e+01
 -2.07691002e+00 -2.04495420e+01
 -1.12846471e+00 -2.00660139e+01
 -1.00911435e-01 -1.95126319e+01
 1.00918388e+00 -1.88018049e+01
 2.20495300e+00 -1.79469533e+01
 3.48759714e+00 -1.69635387e+01
 4.85478834e+00 -1.58702560e+01
 6.29907485e+00 -1.46900588e+01
 7.80642616e+00 -1.34509514e+01
 9.35516380e+00 -1.21863132e+01
 1.09154703e+01 -1.09341426e+01
 1.24498642e+01 -9.73476368e+00
 1.39153956e+01 -8.62740530e+00
 1.52680199e+01 -7.64692457e+00
 1.64683885e+01 -6.82193213e+00
 1.74870286e+01 -6.17445534e+00
 1.83067667e+01 -5.72001607e+00
 1.89217726e+01 -5.46711935e+00
 1.93346878e+01 -5.41658445e+00
 1.95539401e+01 -5.56194042e+00
 1.95920942e+01 -5.89123985e+00
 1.94646536e+01 -6.38933625e+00
 1.91886715e+01 -7.03929209e+00
 1.87814984e+01 -7.82230262e+00
 1.82605967e+01 -8.71671758e+00
 1.76447846e+01 -9.69742224e+00
 1.69561032e+01 -1.07364115e+01
 1.62210341e+01 -1.18044136e+01
 1.54703044e+01 -1.28727945e+01
 1.47371044e+01 -1.39149771e+01
 1.40539211e+01 -1.49070867e+01
 1.34488657e+01 -1.58281726e+01
 1.29429366e+01 -1.66606400e+01
 1.25492437e+01 -1.73910782e+01
 1.22741645e+01 -1.80109304e+01
 1.21196463e+01 -1.85162873e+01
 1.20854762e+01 -1.89066850e+01
 1.21703126e+01 -1.91834276e+01
 1.23714369e+01 -1.93480338e+01
 1.26849015e+01 -1.94011144e+01
 1.31072527e+01 -1.93418194e+01
 1.36373424e+01 -1.91680721e+01
 1.42760030e+01 -1.88776815e+01
 1.50236973e+01 -1.84699511e+01
 1.58780468e+01 -1.79472132e+01
 1.68324566e+01 -1.73160954e+01
 1.78757400e+01 -1.65884810e+01
 1.89922208e+01 -1.57818154e+01
 2.01619944e+01 -1.49184555e+01
 2.13612710e+01 -1.40243081e+01
 2.25627777e+01 -1.31272534e+01
 2.37362933e+01 -1.22556334e+01
 2.48498314e+01 -1.14368456e+01
 2.58720632e+01 -1.06959861e+01
 2.67755411e+01 -1.00546458e+01
 2.75392490e+01 -9.53039286e+00
 2.81493635e+01 -9.13749973e+00
 2.85983040e+01 -8.88852182e+00
 2.88830338e+01 -8.79515380e+00
 2.90039070e+01 -8.86692774e+00
 2.89649638e+01 -9.10815907e+00
 2.87751738e+01 -9.51535673e+00
 2.84489945e+01 -1.00768005e+01
 2.80055020e+01 -1.07735473e+01
 2.74672458e+01 -1.15799519e+01
 2.68601300e+01 -1.24633898e+01
 2.62139175e+01 -1.33848697e+01
 2.55618309e+01 -1.43020381e+01
 2.49383969e+01 -1.51742824e+01
 2.43760939e+01 -1.59682872e+01
 2.39021468e+01 -1.66621388e+01
 2.35366840e+01 -1.72465710e+01
 2.32927595e+01 -1.77231063e+01
 2.31777755e+01 -1.81002857e+01
 2.31952645e+01 -1.83898226e+01
 2.33464730e+01 -1.86038638e+01
 2.36320562e+01 -1.87532561e+01
 2.40540921e+01 -1.88459084e+01
 2.46176687e+01 -1.88848086e+01
 2.53308901e+01 -1.88667070e+01
 2.62028955e+01 -1.87831612e+01
 2.72405658e+01 -1.86240894e+01
 2.84450758e+01 -1.83817689e+01
 2.98093924e+01 -1.80531762e+01
 3.13174244e+01 -1.76405378e+01
 3.29446101e+01 -1.71512911e+01
 3.46588611e+01 -1.65982119e+01
 3.64212698e+01 -1.59993740e+01
 3.81875718e+01 -1.53770679e+01
 3.99122261e+01 -1.47551010e+01
 4.15560804e+01 -1.41546247e+01
 4.30960502e+01 -1.35894628e+01
 4.45319937e+01 -1.30628644e+01
 4.58850439e+01 -1.25679927e+01
 4.71865145e+01 -1.20926995e+01
 4.84642265e+01 -1.16257521e+01
 4.97349764e+01 -1.11604783e+01
 5.10053998e+01 -1.06945407e+01
 5.22767335e+01 -1.02278182e+01
 5.35486362e+01 -9.76070063e+00
 5.48207435e+01 -9.29345052e+00
 5.60929022e+01 -8.82616807e+00
 5.73650706e+01 -8.35887967e+00
 5.86372401e+01 -7.89159048e+00
 5.99094081e+01 -7.42430185e+00
 6.11815593e+01 -6.95701936e+00
 6.24535832e+01 -6.48978364e+00
 6.37248496e+01 -6.02282616e+00
 6.49925786e+01 -5.55716804e+00
 6.62473208e+01 -5.09628015e+00
 6.74645287e+01 -4.64917928e+00
 6.85962065e+01 -4.23349502e+00
 6.95740197e+01 -3.87432783e+00
 7.03330815e+01 -3.59551169e+00
 7.03330815e+01 -3.59551169e+00
 7.03330815e+01 -3.59551169e+00
 7.03330815e+01 -3.59551169e+00
 7.03330815e+01 -3.59551169e+00
 7.03330815e+01 -3.59551169e+00
 7.03330815e+01 -3.59551169e+00
 7.03330815e+01 -3.59551169e+00
 7.03330815e+01 -3.59551169e+00
 7.03330815e+01 -3.59551169e+00
 7.03330815e+01 -3.59551169e+00
 7.03330815e+01 -3.59551169e+00
 7.03330815e+01 -3.59551169e+00
 7.03330815e+01 -3.59551169e+00
 7.03330815e+01 -3.59551169e+00
 7.03330815e+01 -3.59551169e+00
 7.03330815e+01 -3.59551169e+00
 7.03330815e+01 -3.59551169e+00
 7.03330815e+01 -3.59551169e+00
 7.03330815e+01 -3.59551169e+00
 7.03330815e+01 -3.59551169e+00
 7.03330815e+01 -3.59551169e+00
 7.03330815e+01 -3.59551169e+00
 7.03330815e+01 -3.59551169e+00
 7.03330815e+01 -3.59551169e+00
 7.03330815e+01 -3.59551169e+00
 7.03330815e+01 -3.59551169e+00
 7.03330815e+01 -3.59551169e+00
 7.03330815e+01 -3.59551169e+00
 7.03330815e+01 -3.59551169e+00
 7.03330815e+01 -3.59551169e+00
 7.03330815e+01 -3.59551169e+00
 7.03330815e+01 -3.59551169e+00
 7.03330815e+01 -3.59551169e+00
 7.03330815e+01 -3.59551169e+00
 7.03330815e+01 -3.59551169e+00
 7.03330815e+01 -3.59551169e+00
 7.03330815e+01 -3.59551169e+00
 7.03330815e+01 -3.59551169e+00
 7.03330815e+01 -3.59551169e+00
 7.03330815e+01 -3.59551169e+00
 7.03330815e+01 -3.59551169e+00
 7.03330815e+01 -3.59551169e+00
 7.03330815e+01 -3.59551169e+00
 7.03330815e+01 -3.59551169e+00
 7.03330815e+01 -3.59551169e+00
 7.03330815e+01 -3.59551169e+00
 7.03330815e+01 -3.59551169e+00
