 0.00000000e+00 0.00000000e+00
 0.00000000e+00 0.00000000e+00
 0.00000000e+00 0.00000000e+00
 0.00000000e+00 0.00000000e+00
 0.00000000e+00 0.00000000e+00
 6.04994715e-02 6.87096674e-02
 1.13284734e-01 1.41375427e-01
 1.35770443e-01 1.95455994e-01
 1.06179423e-01 2.03819710e-01
 6.39064886e-03 1.39414293e-01
 -1.77658619e-01 -2.20303731e-02
 -4.55985571e-01 -3.01356229e-01
 -8.34478281e-01 -7.16186510e-01
 -1.31472070e+00 -1.28038276e+00
 -1.89338720e+00 -2.00191798e+00
 -2.56131458e+00 -2.87989314e+00
 -3.30303550e+00 -3.90237753e+00
 -4.09757439e+00 -5.04642092e+00
 -4.92061465e+00 -6.28050138e+00
 -5.74716142e+00 -7.56852546e+00
 -6.55343547e+00 -8.87380216e+00
 -7.31744446e+00 -1.01616711e+01
 -8.01874564e+00 -1.14005653e+01
 -8.63829891e+00 -1.25622679e+01
 -9.15888330e+00 -1.36222428e+01
 -9.56585565e+00 -1.45603134e+01
 -9.84763124e+00 -1.53611820e+01
 -9.99550044e+00 -1.60140317e+01
 -1.00030027e+01 -1.65111036e+01
 -9.86534265e+00 -1.68460588e+01
 -9.57903116e+00 -1.70130723e+01
 -9.14159362e+00 -1.70069082e+01
 -8.55127453e+00 -1.68235730e+01
 -7.80688142e+00 -1.64610555e+01
 -6.90789159e+00 -1.59199589e+01
 -5.85500296e+00 -1.52041248e+01
 -4.65139204e+00 -1.43213568e+01
 -3.30435137e+00 -1.32840994e+01
 -1.82621153e+00 -1.21096894e+01
 -2.33837660e-01 -1.08197900e+01
 1.45279539e+00 -9.43892737e+00
 3.21188106e+00 -7.99259712e+00
 5.02026518e+00 -6.50586840e+00
 6.85317013e+00 -5.00331735e+00
 8.68361694e+00 -3.51030254e+00
 1.04820399e+01 -2.05452236e+00
 1.22164161e+01 -6.66398527e-01
 1.38531497e+01 6.22477281e-01
 1.53588375e+01 1.78233992e+00
 1.67026901e+01 2.78828124e+00
 1.78591401e+01 3.62196324e+00
 1.88102367e+01 4.27158018e+00
 1.95475098e+01 4.73065177e+00
 2.00729343e+01 4.99672961e+00
 2.03983779e+01 5.07093191e+00
 2.05427613e+01 4.95840389e+00
 2.05273038e+01 4.66880113e+00
 2.03714188e+01 4.21582225e+00
 2.00918731e+01 3.61607696e+00
 1.97047522e+01 2.88867673e+00
 1.92275087e+01 2.05613803e+00
 1.86795961e+01 1.14523621e+00
 1.80822848e+01 1.85950597e-01
 1.74583014e+01 -7.91598804e-01
 1.68309350e+01 -1.76047557e+00
 1.62223635e+01 -2.69878064e+00
 1.56519076e+01 -3.58963636e+00
 1.51351495e+01 -4.42004543e+00
 1.46841268e+01 -5.17969802e+00
 1.43080770e+01 -5.86040610e+00
 1.40140086e+01 -6.45610350e+00
 1.38068377e+01 -6.96287798e+00
 1.36897177e+01 -7.37860923e+00
 1.36653719e+01 -7.70221125e+00
 1.37379604e+01 -7.93280854e+00
 1.39139047e+01 -8.06911453e+00
 1.42010396e+01 -8.10893898e+00
 1.46070608e+01 -8.04876044e+00
 1.51382407e+01 -7.88374954e+00
 1.57984543e+01 -7.60868725e+00
 1.65883122e+01 -7.21970362e+00
 1.75043903e+01 -6.71636257e+00
 1.85385579e+01 -6.10346477e+00
 1.96773601e+01 -5.39191618e+00
 2.09015527e+01 -4.59847806e+00
 2.21861385e+01 -3.74489436e+00
 2.35012913e+01 -2.85685971e+00
 2.48141744e+01 -1.96270746e+00
 2.60911569e+01 -1.09157834e+00
 2.72997922e+01 -2.71235527e-01
 2.84103294e+01 4.74057475e-01
 2.93971704e+01 1.12513414e+00
 3.02407118e+01 1.66845446e+00
 3.09291126e+01 2.09526090e+00
 3.14589797e+01 2.39978886e+00
 3.18347284e+01 2.57742578e+00
 3.20670698e+01 2.62349069e+00
 3.21705378e+01 2.53311550e+00
 3.21600665e+01 2.30255450e+00
 3.20482705e+01 1.93127189e+00
 3.18453368e+01 1.42340608e+00
 3.15611093e+01 7.88275790e-01
 3.12074701e+01 4.08358020e-02
 3.08000679e+01 -7.97753535e-01
 3.03592238e+01 -1.70055765e+00
 2.99095004e+01 -2.63704141e+00
 2.94776487e+01 -3.57633888e+00
 2.90896474e+01 -4.49026675e+00
 2.87679632e+01 -5.35513936e+00
 2.85297598e+01 -6.15231253e+00
 2.83863052e+01 -6.86788093e+00
 2.83434724e+01 -7.49190909e+00
 2.84029047e+01 -8.01747119e+00
 2.85634615e+01 -8.43975162e+00
 2.88231381e+01 -8.75520288e+00
 2.91817400e+01 -8.96049262e+00
 2.96435521e+01 -9.05130054e+00
 3.02184045e+01 -9.02166324e+00
 3.09202894e+01 -8.86454192e+00
 3.17643059e+01 -8.57352309e+00
 3.27634001e+01 -8.14499810e+00
 3.39254483e+01 -7.58027995e+00
 3.52500589e+01 -6.88742705e+00
 3.67248749e+01 -6.08253963e+00
 3.83228733e+01 -5.19001376e+00
 4.00029945e+01 -4.24104342e+00
 4.17152817e+01 -3.26990393e+00
 4.34098192e+01 -2.30834760e+00
 4.50473763e+01 -1.37956864e+00
 4.66082803e+01 -4.94115510e-01
 4.80949414e+01 3.50050926e-01
 4.95256278e+01 1.16314696e+00
 5.09230228e+01 1.95735129e+00
 5.23048937e+01 2.74223409e+00
 5.36811848e+01 3.52339054e+00
 5.50559786e+01 4.30334437e+00
 5.64304928e+01 5.08298609e+00
 5.78049789e+01 5.86256289e+00
 5.91794665e+01 6.64212890e+00
 6.05539553e+01 7.42169348e+00
 6.19284443e+01 8.20125782e+00
 6.33029314e+01 8.98082109e+00
 6.46774004e+01 9.76037408e+00
 6.60517318e+01 1.05398491e+01
 6.74252449e+01 1.13188599e+01
 6.87949360e+01 1.20957030e+01
 7.01505958e+01 1.28645881e+01
 7.14657025e+01 1.36104727e+01
 7.26884000e+01 1.43039459e+01
 7.37448576e+01 1.49031335e+01
 7.45649700e+01 1.53682739e+01
 7.45649700e+01 1.53682739e+01
 7.45649700e+01 1.53682739e+01
 7.45649700e+01 1.53682739e+01
 7.45649700e+01 1.53682739e+01
 7.45649700e+01 1.53682739e+01
 7.45649700e+01 1.53682739e+01
 7.45649700e+01 1.53682739e+01
 7.45649700e+01 1.53682739e+01
 7.45649700e+01 1.53682739e+01
 7.45649700e+01 1.53682739e+01
 7.45649700e+01 1.53682739e+01
 7.45649700e+01 1.53682739e+01
 7.45649700e+01 1.53682739e+01
 7.45649700e+01 1.53682739e+01
 7.45649700e+01 1.53682739e+01
 7.45649700e+01 1.53682739e+01
 7.45649700e+01 1.53682739e+01
 7.45649700e+01 1.53682739e+01
 7.45649700e+01 1.53682739e+01
 7.45649700e+01 1.53682739e+01
 7.45649700e+01 1.53682739e+01
 7.45649700e+01 1.53682739e+01
 7.45649700e+01 1.53682739e+01
 7.45649700e+01 1.53682739e+01
 7.45649700e+01 1.53682739e+01
 7.45649700e+01 1.53682739e+01
 7.45649700e+01 1.53682739e+01
 7.45649700e+01 1.53682739e+01
 7.45649700e+01 1.53682739e+01
 7.45649700e+01 1.53682739e+01
 7.45649700e+01 1.53682739e+01
 7.45649700e+01 1.53682739e+01
 7.45649700e+01 1.53682739e+01
 7.45649700e+01 1.53682739e+01
 7.45649700e+01 1.53682739e+01
 7.45649700e+01 1.53682739e+01
 7.45649700e+01 1.53682739e+01
 7.45649700e+01 1.53682739e+01
 7.45649700e+01 1.53682739e+01
 7.45649700e+01 1.53682739e+01
 7.45649700e+01 1.53682739e+01
 7.45649700e+01 1.53682739e+01
 7.45649700e+01 1.53682739e+01
 7.45649700e+01 1.53682739e+01
 7.45649700e+01 1.53682739e+01
 7.45649700e+01 1.53682739e+01
 7.45649700e+01 1.53682739e+01
