 0.00000000e+00 0.00000000e+00
 0.00000000e+00 0.00000000e+00
 0.00000000e+00 0.00000000e+00
 0.00000000e+00 0.00000000e+00
 0.00000000e+00 0.00000000e+00
 0.00000000e+00 0.00000000e+00
 0.00000000e+00 0.00000000e+00
 0.00000000e+00 0.00000000e+00
 0.00000000e+00 0.00000000e+00
 0.00000000e+00 0.00000000e+00
 0.00000000e+00 0.00000000e+00
 0.00000000e+00 0.00000000e+00
 1.94979225e-01 9.90682450e-02
 3.94569091e-01 1.75883027e-01
 5.44512845e-01 1.75640408e-01
 5.95972575e-01 3.95927559e-02
 5.19782779e-01 -2.81279045e-01
 3.08103523e-01 -8.18358087e-01
 -3.28076442e-02 -1.58394116e+00
 -4.90692358e-01 -2.57329408e+00
 -1.05092384e+00 -3.76715688e+00
 -1.69585265e+00 -5.13384434e+00
 -2.40325319e+00 -6.63191652e+00
 -3.14642678e+00 -8.21424438e+00
 -3.89617754e+00 -9.83276413e+00
 -4.62355522e+00 -1.14421561e+01
 -5.30211034e+00 -1.30013885e+01
 -5.90898311e+00 -1.44738229e+01
 -6.42510253e+00 -1.58273959e+01
 -6.83513376e+00 -1.70354511e+01
 -7.12707130e+00 -1.80772748e+01
 -7.29066371e+00 -1.89370697e+01
 -7.31462959e+00 -1.96015144e+01
 -7.18449355e+00 -2.00577626e+01
 -6.88325414e+00 -2.02935253e+01
 -6.39458637e+00 -2.02987294e+01
 -5.70587776e+00 -2.00668564e+01
 -4.80944258e+00 -1.95951126e+01
 -3.70277867e+00 -1.88843074e+01
 -2.38903847e+00 -1.79394770e+01
 -8.77590648e-01 -1.67712288e+01
 8.15821185e-01 -1.53970568e+01
 2.66926719e+00 -1.38418721e+01
 4.65492604e+00 -1.21373184e+01
 6.73954414e+00 -1.03200232e+01
 8.88531780e+00 -8.42964516e+00
 1.10511391e+01 -6.50778108e+00
 1.31935342e+01 -4.59801829e+00
 1.52668376e+01 -2.74630927e+00
 1.72235657e+01 -1.00036563e+00
 1.90167339e+01 5.92635263e-01
 2.06043484e+01 1.98932801e+00
 2.19539196e+01 3.15268663e+00
 2.30444682e+01 4.05279324e+00
 2.38656241e+01 4.66681931e+00
 2.44157475e+01 4.98009754e+00
 2.47012780e+01 4.98873674e+00
 2.47376007e+01 4.70197035e+00
 2.45494728e+01 4.14199969e+00
 2.41689852e+01 3.34121258e+00
 2.36316650e+01 2.33884714e+00
 2.29735800e+01 1.17876390e+00
 2.22309706e+01 -9.21505375e-02
 2.14407976e+01 -1.42627485e+00
 2.06399514e+01 -2.77833492e+00
 1.98630439e+01 -4.10807341e+00
 1.91403045e+01 -5.38152480e+00
 1.84965513e+01 -6.57111175e+00
 1.79509910e+01 -7.65549988e+00
 1.75173031e+01 -8.61966434e+00
 1.72039735e+01 -9.45460963e+00
 1.70153408e+01 -1.01560010e+01
 1.69536921e+01 -1.07219287e+01
 1.70216831e+01 -1.11509583e+01
 1.72233528e+01 -1.14414120e+01
 1.75630213e+01 -1.15917640e+01
 1.80436594e+01 -1.16012284e+01
 1.86665552e+01 -1.14697228e+01
 1.94319746e+01 -1.11972202e+01
 2.03393950e+01 -1.07833809e+01
 2.13869369e+01 -1.02284321e+01
 2.25706731e+01 -9.53521239e+00
 2.38842535e+01 -8.71110040e+00
 2.53185385e+01 -7.76862595e+00
 2.68607385e+01 -6.72480530e+00
 2.84931372e+01 -5.60015323e+00
 3.01921342e+01 -4.41813890e+00
 3.19281479e+01 -3.20518151e+00
 3.36660834e+01 -1.99078176e+00
 3.53659114e+01 -8.07146794e-01
 3.69838431e+01 3.12219771e-01
 3.84752561e+01 1.33491156e+00
 3.97995904e+01 2.23216067e+00
 4.09254958e+01 2.98025121e+00
 4.18337290e+01 3.56007718e+00
 4.25168305e+01 3.95573294e+00
 4.29769593e+01 4.15419541e+00
 4.32239426e+01 4.14709720e+00
 4.32742201e+01 3.93322294e+00
 4.31498836e+01 3.51953813e+00
 4.28770294e+01 2.92016760e+00
 4.24837829e+01 2.15483826e+00
 4.19992700e+01 1.24861441e+00
 4.14543454e+01 2.32869163e-01
 4.08831128e+01 -8.54648976e-01
 4.03229499e+01 -1.97252125e+00
 3.98116014e+01 -3.08050499e+00
 3.93822477e+01 -4.14404271e+00
 3.90590054e+01 -5.13656591e+00
 3.88552285e+01 -6.03953878e+00
 3.87758186e+01 -6.84121291e+00
 3.88223761e+01 -7.53492368e+00
 3.89975400e+01 -8.11716465e+00
 3.93057700e+01 -8.58535569e+00
 3.97520017e+01 -8.93554213e+00
 4.03414734e+01 -9.16074488e+00
 4.10812895e+01 -9.25052372e+00
 4.19814255e+01 -9.19176256e+00
 4.30533047e+01 -8.97047771e+00
 4.43061186e+01 -8.57441699e+00
 4.57423528e+01 -7.99598427e+00
 4.73542012e+01 -7.23483624e+00
 4.91220637e+01 -6.29951338e+00
 5.10153258e+01 -5.20768198e+00
 5.29946588e+01 -3.98515165e+00
 5.50151006e+01 -2.66439514e+00
 5.70303897e+01 -1.28285312e+00
 5.89997956e+01 1.20039392e-01
 6.08966976e+01 1.50851018e+00
 6.27144660e+01 2.85789252e+00
 6.44648161e+01 4.15966589e+00
 6.61689528e+01 5.41999725e+00
 6.78473951e+01 6.65245846e+00
 6.95142396e+01 7.87012658e+00
 7.11768419e+01 9.08156259e+00
 7.28381904e+01 1.02909144e+01
 7.44992404e+01 1.14997138e+01
 7.61602335e+01 1.27083975e+01
 7.78212178e+01 1.39170621e+01
 7.94822009e+01 1.51257241e+01
 8.11431816e+01 1.63343842e+01
 8.28041404e+01 1.75430283e+01
 8.44649330e+01 1.87515514e+01
 8.61247366e+01 1.99593550e+01
 8.77799216e+01 2.11637976e+01
 8.94181508e+01 2.23559018e+01
 9.10073739e+01 2.35123454e+01
 9.24849265e+01 2.45875288e+01
 9.37615887e+01 2.55165285e+01
 9.47526426e+01 2.62376972e+01
 9.47526426e+01 2.62376972e+01
 9.47526426e+01 2.62376972e+01
 9.47526426e+01 2.62376972e+01
 9.47526426e+01 2.62376972e+01
 9.47526426e+01 2.62376972e+01
 9.47526426e+01 2.62376972e+01
 9.47526426e+01 2.62376972e+01
 9.47526426e+01 2.62376972e+01
 9.47526426e+01 2.62376972e+01
 9.47526426e+01 2.62376972e+01
 9.47526426e+01 2.62376972e+01
 9.47526426e+01 2.62376972e+01
 9.47526426e+01 2.62376972e+01
 9.47526426e+01 2.62376972e+01
 9.47526426e+01 2.62376972e+01
 9.47526426e+01 2.62376972e+01
 9.47526426e+01 2.62376972e+01
 9.47526426e+01 2.62376972e+01
 9.47526426e+01 2.62376972e+01
 9.47526426e+01 2.62376972e+01
 9.47526426e+01 2.62376972e+01
 9.47526426e+01 2.62376972e+01
 9.47526426e+01 2.62376972e+01
 9.47526426e+01 2.62376972e+01
 9.47526426e+01 2.62376972e+01
 9.47526426e+01 2.62376972e+01
 9.47526426e+01 2.62376972e+01
 9.47526426e+01 2.62376972e+01
 9.47526426e+01 2.62376972e+01
 9.47526426e+01 2.62376972e+01
 9.47526426e+01 2.62376972e+01
 9.47526426e+01 2.62376972e+01
 9.47526426e+01 2.62376972e+01
 9.47526426e+01 2.62376972e+01
 9.47526426e+01 2.62376972e+01
 9.47526426e+01 2.62376972e+01
 9.47526426e+01 2.62376972e+01
 9.47526426e+01 2.62376972e+01
 9.47526426e+01 2.62376972e+01
 9.47526426e+01 2.62376972e+01
 9.47526426e+01 2.62376972e+01
 9.47526426e+01 2.62376972e+01
 9.47526426e+01 2.62376972e+01
 9.47526426e+01 2.62376972e+01
 9.47526426e+01 2.62376972e+01
 9.47526426e+01 2.62376972e+01
 9.47526426e+01 2.62376972e+01
 9.47526426e+01 2.62376972e+01
