 0.00000000e+00 0.00000000e+00
 0.00000000e+00 0.00000000e+00
 0.00000000e+00 0.00000000e+00
 0.00000000e+00 0.00000000e+00
 0.00000000e+00 0.00000000e+00
 0.00000000e+00 0.00000000e+00
 0.00000000e+00 0.00000000e+00
 0.00000000e+00 0.00000000e+00
 0.00000000e+00 0.00000000e+00
 0.00000000e+00 0.00000000e+00
 0.00000000e+00 0.00000000e+00
 0.00000000e+00 0.00000000e+00
 0.00000000e+00 0.00000000e+00
 0.00000000e+00 0.00000000e+00
 0.00000000e+00 0.00000000e+00
 0.00000000e+00 0.00000000e+00
 0.00000000e+00 0.00000000e+00
 0.00000000e+00 0.00000000e+00
 0.00000000e+00 0.00000000e+00
 0.00000000e+00 0.00000000e+00
 0.00000000e+00 0.00000000e+00
 0.00000000e+00 0.00000000e+00
 0.00000000e+00 0.00000000e+00
 0.00000000e+00 0.00000000e+00
 0.00000000e+00 0.00000000e+00
 0.00000000e+00 0.00000000e+00
 0.00000000e+00 0.00000000e+00
 -5.30191512e-01 -9.60033825e-01
 -1.20227066e+00 -2.20536871e+00
 -1.95145290e+00 -3.63703165e+00
 -2.70101669e+00 -5.12942177e+00
 -3.38320411e+00 -6.56630329e+00
 -3.94652234e+00 -7.85699124e+00
 -4.35307916e+00 -8.93619300e+00
 -4.57342448e+00 -9.75772769e+00
 -4.58281575e+00 -1.02887956e+01
 -4.35947561e+00 -1.05072741e+01
 -3.88470237e+00 -1.04017110e+01
 -3.14456322e+00 -9.97190793e+00
 -2.13219237e+00 -9.22828852e+00
 -8.49858911e-01 -8.19026408e+00
 6.89041385e-01 -6.88510681e+00
 2.45823779e+00 -5.34815499e+00
 4.41848686e+00 -3.62359581e+00
 6.51997969e+00 -1.76429904e+00
 8.70603893e+00 1.70159978e-01
 1.09162497e+01 2.11688831e+00
 1.30886322e+01 4.01351716e+00
 1.51620186e+01 5.80180051e+00
 1.70798347e+01 7.43045712e+00
 1.87949601e+01 8.85660875e+00
 2.02735457e+01 1.00453807e+01
 2.14955942e+01 1.09681564e+01
 2.24523828e+01 1.16010696e+01
 2.31433232e+01 1.19254622e+01
 2.35748276e+01 1.19306345e+01
 2.37611071e+01 1.16171975e+01
 2.37245581e+01 1.09985773e+01
 2.34939064e+01 1.00996830e+01
 2.31007236e+01 8.95414629e+00
 2.25766077e+01 7.60233005e+00
 2.19525764e+01 6.09062056e+00
 2.12599746e+01 4.47049364e+00
 2.05308450e+01 2.79579567e+00
 1.97965688e+01 1.11836825e+00
 1.90854738e+01 -5.16211701e-01
 1.84210002e+01 -2.07081945e+00
 1.78212789e+01 -3.51640347e+00
 1.72998082e+01 -4.83036626e+00
 1.68665617e+01 -5.99548473e+00
 1.65292313e+01 -6.99992861e+00
 1.62947404e+01 -7.83740838e+00
 1.61711979e+01 -8.50616830e+00
 1.61697652e+01 -9.00664507e+00
 1.63050235e+01 -9.33892835e+00
 1.65930575e+01 -9.50133458e+00
 1.70485687e+01 -9.49037838e+00
 1.76829945e+01 -9.30145629e+00
 1.85038840e+01 -8.92968497e+00
 1.95144394e+01 -8.37109081e+00
 2.07126007e+01 -7.62455862e+00
 2.20897721e+01 -6.69434790e+00
 2.36295271e+01 -5.59231820e+00
 2.53070227e+01 -4.33894856e+00
 2.70899724e+01 -2.96279241e+00
 2.89409775e+01 -1.49875114e+00
 3.08197909e+01 1.39921268e-02
 3.26844590e+01 1.53371710e+00
 3.44918193e+01 3.01761172e+00
 3.61985807e+01 4.42339937e+00
 3.77635970e+01 5.71136346e+00
 3.91508787e+01 6.84628407e+00
 4.03321630e+01 7.79837466e+00
 4.12879439e+01 8.54281546e+00
 4.20069006e+01 9.05880627e+00
 4.24848036e+01 9.32975934e+00
 4.27240737e+01 9.34510736e+00
 4.27341628e+01 9.10241809e+00
 4.25318201e+01 8.60826232e+00
 4.21401804e+01 7.87758297e+00
 4.15866729e+01 6.93254446e+00
 4.09009180e+01 5.80199585e+00
 4.01137132e+01 4.52157350e+00
 3.92570428e+01 3.13300209e+00
 3.83640780e+01 1.68128915e+00
 3.74682480e+01 2.10576868e-01
 3.66013711e+01 -1.23906037e+00
 3.57916321e+01 -2.63248367e+00
 3.50622783e+01 -3.93875715e+00
 3.44314835e+01 -5.13063331e+00
 3.39133034e+01 -6.18533623e+00
 3.35190993e+01 -7.08601008e+00
 3.32585715e+01 -7.82219440e+00
 3.31399391e+01 -8.38860600e+00
 3.31695319e+01 -8.78330550e+00
 3.33515228e+01 -9.00650631e+00
 3.36883634e+01 -9.05973900e+00
 3.41816610e+01 -8.94456362e+00
 3.48325532e+01 -8.66133816e+00
 3.56411122e+01 -8.20921380e+00
 3.66054181e+01 -7.58752818e+00
 3.77210420e+01 -6.79786794e+00
 3.89807196e+01 -5.84603423e+00
 4.03735808e+01 -4.74336093e+00
 4.18839517e+01 -3.50732961e+00
 4.34902158e+01 -2.16202274e+00
 4.51638879e+01 -7.38789580e-01
 4.68687994e+01 7.23364204e-01
 4.85607672e+01 2.17863181e+00
 5.01887545e+01 3.57694550e+00
 5.16982737e+01 4.86748597e+00
 5.30364980e+01 6.00172456e+00
 5.41573448e+01 6.93513929e+00
 5.50249061e+01 7.62823994e+00
 5.56150743e+01 8.04849247e+00
 5.59166592e+01 8.17397360e+00
 5.59330661e+01 7.99747107e+00
 5.56836747e+01 7.52833729e+00
 5.52027874e+01 6.79057150e+00
 5.45354580e+01 5.81845836e+00
 5.37321799e+01 4.65263513e+00
 5.28450246e+01 3.33820400e+00
 5.19258982e+01 1.92405980e+00
 5.10256587e+01 4.61495478e-01
 5.01927365e+01 -9.98778374e-01
 4.94710627e+01 -2.41015779e+00
 4.88980376e+01 -3.73246164e+00
 4.85033240e+01 -4.93228724e+00
 4.83088294e+01 -5.98196679e+00
 4.83296851e+01 -6.85811644e+00
 4.85754172e+01 -7.54061519e+00
 4.90503902e+01 -8.01261196e+00
 4.97534427e+01 -8.26162788e+00
 5.06774093e+01 -8.28111980e+00
 5.18089579e+01 -8.07174709e+00
 5.31285816e+01 -7.64211689e+00
 5.46105836e+01 -7.00913308e+00
 5.62231574e+01 -6.19786904e+00
 5.79288724e+01 -5.24065207e+00
 5.96861387e+01 -4.17517274e+00
 6.14522986e+01 -3.04164589e+00
 6.31885438e+01 -1.87908695e+00
 6.48659262e+01 -7.20911688e-01
 6.64704544e+01 4.09333303e-01
 6.80044509e+01 1.50058151e+00
 6.94825571e+01 2.55367143e+00
 7.09240716e+01 3.57735920e+00
 7.23458196e+01 4.58273897e+00
 7.37587990e+01 5.57887891e+00
 7.51686016e+01 6.57125414e+00
 7.65774693e+01 7.56239806e+00
 7.79861148e+01 8.55322050e+00
 7.93947177e+01 9.54397627e+00
 8.08033142e+01 1.05347211e+01
 8.22119097e+01 1.15254644e+01
 8.36205032e+01 1.25162062e+01
 8.50290781e+01 1.35069349e+01
 8.64375121e+01 1.44975645e+01
 8.78451073e+01 1.54876042e+01
 8.92487858e+01 1.64748889e+01
 9.06380849e+01 1.74520599e+01
 9.19858244e+01 1.83999997e+01
 9.32388618e+01 1.92813303e+01
 9.43215343e+01 2.00428338e+01
 9.51619968e+01 2.06339776e+01
 9.51619968e+01 2.06339776e+01
 9.51619968e+01 2.06339776e+01
 9.51619968e+01 2.06339776e+01
 9.51619968e+01 2.06339776e+01
 9.51619968e+01 2.06339776e+01
 9.51619968e+01 2.06339776e+01
 9.51619968e+01 2.06339776e+01
 9.51619968e+01 2.06339776e+01
 9.51619968e+01 2.06339776e+01
 9.51619968e+01 2.06339776e+01
 9.51619968e+01 2.06339776e+01
 9.51619968e+01 2.06339776e+01
 9.51619968e+01 2.06339776e+01
