 0.00000000e+00 0.00000000e+00
 0.00000000e+00 0.00000000e+00
 0.00000000e+00 0.00000000e+00
 0.00000000e+00 0.00000000e+00
 0.00000000e+00 0.00000000e+00
 0.00000000e+00 0.00000000e+00
 0.00000000e+00 0.00000000e+00
 0.00000000e+00 0.00000000e+00
 0.00000000e+00 0.00000000e+00
 0.00000000e+00 0.00000000e+00
 0.00000000e+00 0.00000000e+00
 -6.51184864e-02 -1.88613619e-01
 -1.85768659e-01 -5.11242782e-01
 -3.80023308e-01 -1.00468420e+00
 -6.59681526e-01 -1.69554032e+00
 -1.03005536e+00 -2.59901565e+00
 -1.49208005e+00 -3.71927600e+00
 -2.04376870e+00 -5.04906988e+00
 -2.68037646e+00 -6.56883559e+00
 -3.39443419e+00 -8.24705089e+00
 -4.17625898e+00 -1.00429949e+01
 -5.01461910e+00 -1.19113426e+01
 -5.89707886e+00 -1.38067695e+01
 -6.80957718e+00 -1.56868349e+01
 -7.73499765e+00 -1.75125141e+01
 -8.65137637e+00 -1.92472491e+01
 -9.53122660e+00 -2.08564436e+01
 -1.03429018e+01 -2.23088366e+01
 -1.10533073e+01 -2.35791979e+01
 -1.16305699e+01 -2.46501766e+01
 -1.20461970e+01 -2.55116686e+01
 -1.22770192e+01 -2.61581520e+01
 -1.23065444e+01 -2.65859523e+01
 -1.21248665e+01 -2.67920907e+01
 -1.17273766e+01 -2.67748370e+01
 -1.11136745e+01 -2.65346768e+01
 -1.02875367e+01 -2.60743014e+01
 -9.25740538e+00 -2.53977784e+01
 -8.03633298e+00 -2.45106110e+01
 -6.64099507e+00 -2.34217004e+01
 -5.09046190e+00 -2.21459936e+01
 -3.40573650e+00 -2.07057306e+01
 -1.61026894e+00 -1.91295801e+01
 2.69271543e-01 -1.74507146e+01
 2.20260603e+00 -1.57053127e+01
 4.15570661e+00 -1.39321183e+01
 6.09057801e+00 -1.21725956e+01
 7.96527263e+00 -1.04707031e+01
 9.73493496e+00 -8.87148407e+00
 1.13543261e+01 -7.41846668e+00
 1.27814813e+01 -6.15088692e+00
 1.39815404e+01 -5.10207285e+00
 1.49297371e+01 -4.29940870e+00
 1.56130283e+01 -3.76481295e+00
 1.60303863e+01 -3.51400668e+00
 1.61918864e+01 -3.55399212e+00
 1.61166514e+01 -3.88048960e+00
 1.58299290e+01 -4.47798688e+00
 1.53600812e+01 -5.32271803e+00
 1.47366354e+01 -6.38579929e+00
 1.39901222e+01 -7.63400231e+00
 1.31530255e+01 -9.02885469e+00
 1.22600992e+01 -1.05267340e+01
 1.13470381e+01 -1.20813551e+01
 1.04482692e+01 -1.36475559e+01
 9.59532678e+00 -1.51843168e+01
 8.81620744e+00 -1.66560184e+01
 8.13468422e+00 -1.80324699e+01
 7.56856930e+00 -1.92887332e+01
 7.12739702e+00 -2.04053414e+01
 6.81118295e+00 -2.13689059e+01
 6.61167559e+00 -2.21725753e+01
 6.51632176e+00 -2.28156422e+01
 6.51339248e+00 -2.33020721e+01
 6.59527111e+00 -2.36383551e+01
 6.75825890e+00 -2.38311290e+01
 7.00091908e+00 -2.38849903e+01
 7.32394622e+00 -2.38013377e+01
 7.73139518e+00 -2.35789497e+01
 8.23087224e+00 -2.32156714e+01
 8.83173614e+00 -2.27098593e+01
 9.54240414e+00 -2.20613531e+01
 1.03679493e+01 -2.12727504e+01
 1.13083768e+01 -2.03510864e+01
 1.23576881e+01 -1.93090347e+01
 1.35038429e+01 -1.81649460e+01
 1.47294474e+01 -1.69419508e+01
 1.60125657e+01 -1.56669300e+01
 1.73269949e+01 -1.43699277e+01
 1.86420361e+01 -1.30838294e+01
 1.99227303e+01 -1.18436033e+01
 2.11316487e+01 -1.06845400e+01
 2.22323318e+01 -9.63955511e+00
 2.31932482e+01 -8.73654769e+00
 2.39905357e+01 -7.99737363e+00
 2.46084138e+01 -7.43907309e+00
 2.50379719e+01 -7.07595458e+00
 2.52761969e+01 -6.92029787e+00
 2.53260079e+01 -6.98098671e+00
 2.51962557e+01 -7.26151982e+00
 2.49006184e+01 -7.75918250e+00
 2.44557455e+01 -8.46556496e+00
 2.38799432e+01 -9.36695636e+00
 2.31932934e+01 -1.04432080e+01
 2.24188441e+01 -1.16655222e+01
 2.15836196e+01 -1.29953767e+01
 2.07185523e+01 -1.43863900e+01
 1.98573364e+01 -1.57887585e+01
 1.90344867e+01 -1.71542773e+01
 1.82826670e+01 -1.84402462e+01
 1.76295344e+01 -1.96118447e+01
 1.70950758e+01 -2.06433532e+01
 1.66906719e+01 -2.15184978e+01
 1.64201358e+01 -2.22299048e+01
 1.62816093e+01 -2.27778137e+01
 1.62691795e+01 -2.31683173e+01
 1.63743481e+01 -2.34110487e+01
 1.65882104e+01 -2.35162411e+01
 1.69043122e+01 -2.34919807e+01
 1.73207841e+01 -2.33429027e+01
 1.78403687e+01 -2.30705544e+01
 1.84684462e+01 -2.26746254e+01
 1.92105135e+01 -2.21544363e+01
 2.00705142e+01 -2.15104341e+01
 2.10502258e+01 -2.07452860e+01
 2.21489680e+01 -1.98642767e+01
 2.33631912e+01 -1.88751815e+01
 2.46862990e+01 -1.77878210e+01
 2.61088079e+01 -1.66134203e+01
 2.76179950e+01 -1.53643285e+01
 2.91963394e+01 -1.40549804e+01
 3.08196380e+01 -1.27041087e+01
 3.24571751e+01 -1.13362189e+01
 3.40763080e+01 -9.97913355e+00
 3.56512012e+01 -8.65662954e+00
 3.71709932e+01 -7.38028351e+00
 3.86411702e+01 -6.14701120e+00
 4.00769035e+01 -4.94432616e+00
 4.14938549e+01 -3.75858563e+00
 4.29027184e+01 -2.58022758e+00
 4.43088293e+01 -1.40440455e+00
 4.57142008e+01 -2.29267408e-01
 4.71194156e+01 9.45723688e-01
 4.85246043e+01 2.12069034e+00
 4.99297895e+01 3.29565365e+00
 5.13349724e+01 4.47061503e+00
 5.27401367e+01 5.64556089e+00
 5.41451604e+01 6.82038916e+00
 5.55493474e+01 7.99451785e+00
 5.69496272e+01 9.16537937e+00
 5.83355623e+01 1.03242465e+01
 5.96800386e+01 1.14484473e+01
 6.09300420e+01 1.24936533e+01
 6.20100930e+01 1.33967516e+01
 6.28485205e+01 1.40978134e+01
 6.28485205e+01 1.40978134e+01
 6.28485205e+01 1.40978134e+01
 6.28485205e+01 1.40978134e+01
 6.28485205e+01 1.40978134e+01
 6.28485205e+01 1.40978134e+01
 6.28485205e+01 1.40978134e+01
 6.28485205e+01 1.40978134e+01
 6.28485205e+01 1.40978134e+01
 6.28485205e+01 1.40978134e+01
 6.28485205e+01 1.40978134e+01
 6.28485205e+01 1.40978134e+01
 6.28485205e+01 1.40978134e+01
 6.28485205e+01 1.40978134e+01
 6.28485205e+01 1.40978134e+01
 6.28485205e+01 1.40978134e+01
 6.28485205e+01 1.40978134e+01
 6.28485205e+01 1.40978134e+01
 6.28485205e+01 1.40978134e+01
 6.28485205e+01 1.40978134e+01
 6.28485205e+01 1.40978134e+01
 6.28485205e+01 1.40978134e+01
 6.28485205e+01 1.40978134e+01
 6.28485205e+01 1.40978134e+01
 6.28485205e+01 1.40978134e+01
 6.28485205e+01 1.40978134e+01
 6.28485205e+01 1.40978134e+01
 6.28485205e+01 1.40978134e+01
 6.28485205e+01 1.40978134e+01
 6.28485205e+01 1.40978134e+01
 6.28485205e+01 1.40978134e+01
 6.28485205e+01 1.40978134e+01
 6.28485205e+01 1.40978134e+01
 6.28485205e+01 1.40978134e+01
 6.28485205e+01 1.40978134e+01
 6.28485205e+01 1.40978134e+01
 6.28485205e+01 1.40978134e+01
 6.28485205e+01 1.40978134e+01
 6.28485205e+01 1.40978134e+01
 6.28485205e+01 1.40978134e+01
 6.28485205e+01 1.40978134e+01
 6.28485205e+01 1.40978134e+01
 6.28485205e+01 1.40978134e+01
 6.28485205e+01 1.40978134e+01
