 0.00000000e+00 0.00000000e+00
 0.00000000e+00 0.00000000e+00
 0.00000000e+00 0.00000000e+00
 0.00000000e+00 0.00000000e+00
 0.00000000e+00 0.00000000e+00
 0.00000000e+00 0.00000000e+00
 0.00000000e+00 0.00000000e+00
 -7.16717566e-02 8.38414133e-02
 -1.87647956e-01 1.95876416e-01
 -3.55858062e-01 3.31404765e-01
 -5.80824291e-01 4.84229179e-01
 -8.64633823e-01 6.48293444e-01
 -1.20742461e+00 8.17738021e-01
 -1.60730134e+00 9.86580087e-01
 -2.06051662e+00 1.14894594e+00
 -2.56214082e+00 1.29963830e+00
 -3.10668487e+00 1.43441757e+00
 -3.68827955e+00 1.54995556e+00
 -4.30070718e+00 1.64401418e+00
 -4.93782312e+00 1.71594048e+00
 -5.59430997e+00 1.76658641e+00
 -6.26613194e+00 1.79698057e+00
 -6.95035139e+00 1.80654386e+00
 -7.64463817e+00 1.79236143e+00
 -8.34698267e+00 1.75001154e+00
 -9.05589456e+00 1.67492029e+00
 -9.77103286e+00 1.56279806e+00
 -1.04938026e+01 1.40885416e+00
 -1.12274367e+01 1.20688029e+00
 -1.19766344e+01 9.49289429e-01
 -1.27470176e+01 6.28062768e-01
 -1.35442148e+01 2.35833432e-01
 -1.43723907e+01 -2.33485962e-01
 -1.52326665e+01 -7.84641888e-01
 -1.61219430e+01 -1.42130618e+00
 -1.70321644e+01 -2.14628368e+00
 -1.79500155e+01 -2.96131653e+00
 -1.88572619e+01 -3.86632570e+00
 -1.97317033e+01 -4.85819862e+00
 -2.05484086e+01 -5.92947082e+00
 -2.12811722e+01 -7.06722437e+00
 -2.19044473e+01 -8.25229570e+00
 -2.23957342e+01 -9.45899676e+00
 -2.27378495e+01 -1.06560565e+01
 -2.29203369e+01 -1.18093511e+01
 -2.29396670e+01 -1.28857351e+01
 -2.27986117e+01 -1.38563306e+01
 -2.25056089e+01 -1.46982781e+01
 -2.20744312e+01 -1.53952491e+01
 -2.15235693e+01 -1.59374035e+01
 -2.08746560e+01 -1.63209561e+01
 -2.01500787e+01 -1.65470437e+01
 -1.93706409e+01 -1.66197936e+01
 -1.85541039e+01 -1.65442900e+01
 -1.77148674e+01 -1.63256108e+01
 -1.68643493e+01 -1.59696209e+01
 -1.60114042e+01 -1.54850818e+01
 -1.51625937e+01 -1.48856518e+01
 -1.43226029e+01 -1.41901831e+01
 -1.34949286e+01 -1.34208023e+01
 -1.26825421e+01 -1.25998815e+01
 -1.18882919e+01 -1.17475600e+01
 -1.11151985e+01 -1.08805448e+01
 -1.03668033e+01 -1.00116976e+01
 -9.64735991e+00 -9.14965861e+00
 -8.96153679e+00 -8.29854803e+00
 -8.31371107e+00 -7.45852558e+00
 -7.70739075e+00 -6.62758470e+00
 -7.14524822e+00 -5.80387220e+00
 -6.62965561e+00 -4.98746875e+00
 -6.16305209e+00 -4.18117923e+00
 -5.74765455e+00 -3.39057993e+00
 -5.38486878e+00 -2.62379339e+00
 -5.07514140e+00 -1.89121960e+00
 -4.81823836e+00 -1.20502312e+00
 -4.61310071e+00 -5.78038865e-01
 -4.45695687e+00 -2.21136140e-02
 -4.34484176e+00 4.53635355e-01
 -4.27100068e+00 8.44023197e-01
 -4.23178277e+00 1.14801487e+00
 -4.22759775e+00 1.36774852e+00
 -4.26230408e+00 1.50647664e+00
 -4.34125368e+00 1.56613061e+00
 -4.47018127e+00 1.54569229e+00
 -4.65515697e+00 1.44112134e+00
 -4.90219281e+00 1.24642938e+00
 -5.21585867e+00 9.54913146e-01
 -5.59761659e+00 5.60168135e-01
 -6.04465583e+00 5.73515813e-02
 -6.54950254e+00 -5.54970482e-01
 -7.10056737e+00 -1.27309391e+00
 -7.68365612e+00 -2.08785950e+00
 -8.28394178e+00 -2.98618949e+00
 -8.88748686e+00 -3.95333810e+00
 -9.48156540e+00 -4.97415978e+00
 -1.00537889e+01 -6.03283642e+00
 -1.05909290e+01 -7.11203482e+00
 -1.10784978e+01 -8.19269981e+00
 -1.15014475e+01 -9.25461013e+00
 -1.18456527e+01 -1.02769889e+01
 -1.20995605e+01 -1.12389381e+01
 -1.22552371e+01 -1.21204083e+01
 -1.23081792e+01 -1.29041861e+01
 -1.22561857e+01 -1.35780188e+01
 -1.20984887e+01 -1.41352989e+01
 -1.18357663e+01 -1.45736769e+01
 -1.14702613e+01 -1.48924282e+01
 -1.10051370e+01 -1.50899614e+01
 -1.04433887e+01 -1.51625596e+01
 -9.78727434e+00 -1.51049707e+01
 -9.03884124e+00 -1.49126420e+01
 -8.20135741e+00 -1.45841709e+01
 -7.28080247e+00 -1.41222994e+01
 -6.28661328e+00 -1.35332905e+01
 -5.23166476e+00 -1.28259880e+01
 -4.13206963e+00 -1.20116058e+01
 -3.00723937e+00 -1.11041267e+01
 -1.88020447e+00 -1.01205068e+01
 -7.77823986e-01 -9.08006584e+00
 2.69829159e-01 -8.00332442e+00
 1.23182611e+00 -6.91121642e+00
 2.08119779e+00 -5.82483341e+00
 2.80213659e+00 -4.76432816e+00
 3.39761415e+00 -3.74567662e+00
 3.89250968e+00 -2.77634848e+00
 4.32694839e+00 -1.85317395e+00
 4.74098832e+00 -9.64835371e-01
 5.16051567e+00 -9.76649606e-02
 5.59386171e+00 7.59230569e-01
 6.03839847e+00 1.61218466e+00
 6.48886674e+00 2.46396024e+00
 6.94162955e+00 3.31546645e+00
 7.39506390e+00 4.16692712e+00
 7.84864921e+00 5.01838251e+00
 8.30226078e+00 5.86983757e+00
 8.75587585e+00 6.72129255e+00
 9.20949068e+00 7.57274638e+00
 9.66309955e+00 8.42418898e+00
 1.01166630e+01 9.27554637e+00
 1.05699564e+01 1.01263968e+01
 1.10219885e+01 1.09748796e+01
 1.14693899e+01 1.18146705e+01
 1.19034077e+01 1.26293399e+01
 1.23069282e+01 1.33867646e+01
 1.26555854e+01 1.40412086e+01
 1.29262429e+01 1.45492438e+01
 1.29262429e+01 1.45492438e+01
 1.29262429e+01 1.45492438e+01
 1.29262429e+01 1.45492438e+01
 1.29262429e+01 1.45492438e+01
 1.29262429e+01 1.45492438e+01
 1.29262429e+01 1.45492438e+01
 1.29262429e+01 1.45492438e+01
 1.29262429e+01 1.45492438e+01
 1.29262429e+01 1.45492438e+01
 1.29262429e+01 1.45492438e+01
 1.29262429e+01 1.45492438e+01
 1.29262429e+01 1.45492438e+01
 1.29262429e+01 1.45492438e+01
 1.29262429e+01 1.45492438e+01
 1.29262429e+01 1.45492438e+01
 1.29262429e+01 1.45492438e+01
 1.29262429e+01 1.45492438e+01
 1.29262429e+01 1.45492438e+01
 1.29262429e+01 1.45492438e+01
 1.29262429e+01 1.45492438e+01
 1.29262429e+01 1.45492438e+01
 1.29262429e+01 1.45492438e+01
 1.29262429e+01 1.45492438e+01
 1.29262429e+01 1.45492438e+01
 1.29262429e+01 1.45492438e+01
 1.29262429e+01 1.45492438e+01
 1.29262429e+01 1.45492438e+01
 1.29262429e+01 1.45492438e+01
 1.29262429e+01 1.45492438e+01
 1.29262429e+01 1.45492438e+01
 1.29262429e+01 1.45492438e+01
 1.29262429e+01 1.45492438e+01
