 0.00000000e+00 0.00000000e+00
 0.00000000e+00 0.00000000e+00
 0.00000000e+00 0.00000000e+00
 0.00000000e+00 0.00000000e+00
 0.00000000e+00 0.00000000e+00
 0.00000000e+00 0.00000000e+00
 0.00000000e+00 0.00000000e+00
 0.00000000e+00 0.00000000e+00
 0.00000000e+00 0.00000000e+00
 0.00000000e+00 0.00000000e+00
 0.00000000e+00 0.00000000e+00
 0.00000000e+00 0.00000000e+00
 2.13671150e-01 1.42079904e-01
 4.46436890e-01 2.88542089e-01
 6.48229838e-01 3.94048500e-01
 7.72397893e-01 4.07121445e-01
 7.89619629e-01 2.79449543e-01
 6.90218494e-01 -2.84576928e-02
 4.77650457e-01 -5.44918240e-01
 1.60267506e-01 -1.28704523e+00
 -2.52935335e-01 -2.26137216e+00
 -7.51444414e-01 -3.46310045e+00
 -1.32015267e+00 -4.87364099e+00
 -1.93784925e+00 -6.45861842e+00
 -2.57884084e+00 -8.16888035e+00
 -3.21637444e+00 -9.94486847e+00
 -3.82532665e+00 -1.17225738e+01
 -4.38296022e+00 -1.34393181e+01
 -4.86883459e+00 -1.50388114e+01
 -5.26565627e+00 -1.64753390e+01
 -5.56127665e+00 -1.77163824e+01
 -5.74979731e+00 -1.87427482e+01
 -5.82935685e+00 -1.95461240e+01
 -5.79729556e+00 -2.01253510e+01
 -5.64733388e+00 -2.04832220e+01
 -5.37199916e+00 -2.06246480e+01
 -4.96709415e+00 -2.05556254e+01
 -4.43264165e+00 -2.02821967e+01
 -3.76990031e+00 -1.98095950e+01
 -2.97861796e+00 -1.91424924e+01
 -2.05707006e+00 -1.82867206e+01
 -1.00385269e+00 -1.72517626e+01
 1.80302116e-01 -1.60529328e+01
 1.49094527e+00 -1.47125575e+01
 2.91788367e+00 -1.32599936e+01
 4.44265717e+00 -1.17307411e+01
 6.03663191e+00 -1.01651811e+01
 7.66096873e+00 -8.60737046e+00
 9.26880335e+00 -7.10373565e+00
 1.08091835e+01 -5.70098535e+00
 1.22320814e+01 -4.44288945e+00
 1.34936368e+01 -3.36673887e+00
 1.45605812e+01 -2.50109288e+00
 1.54128883e+01 -1.86550836e+00
 1.60441649e+01 -1.47104553e+00
 1.64599607e+01 -1.31996962e+00
 1.66748199e+01 -1.40492373e+00
 1.67091105e+01 -1.70931756e+00
 1.65861656e+01 -2.20963236e+00
 1.63297584e+01 -2.87828897e+00
 1.59623065e+01 -3.68535221e+00
 1.55046117e+01 -4.59893007e+00
 1.49769774e+01 -5.58569828e+00
 1.44002419e+01 -6.61273288e+00
 1.37956247e+01 -7.65007577e+00
 1.31837313e+01 -8.67237112e+00
 1.25837182e+01 -9.65878115e+00
 1.20131339e+01 -1.05919081e+01
 1.14881625e+01 -1.14568548e+01
 1.10236358e+01 -1.22409267e+01
 1.06325857e+01 -1.29337931e+01
 1.03258463e+01 -1.35275585e+01
 1.01124969e+01 -1.40162624e+01
 1.00014540e+01 -1.43948550e+01
 1.00033134e+01 -1.46582583e+01
 1.01304643e+01 -1.48010205e+01
 1.03945504e+01 -1.48174093e+01
 1.08033094e+01 -1.47014305e+01
 1.13597475e+01 -1.44467144e+01
 1.20638243e+01 -1.40468380e+01
 1.29141743e+01 -1.34965885e+01
 1.39079428e+01 -1.27940174e+01
 1.50390500e+01 -1.19425909e+01
 1.62965640e+01 -1.09525850e+01
 1.76645827e+01 -9.84113139e+00
 1.91235366e+01 -8.63102322e+00
 2.06514270e+01 -7.34918098e+00
 2.22236239e+01 -6.02571347e+00
 2.38113577e+01 -4.69365568e+00
 2.53803861e+01 -3.38858424e+00
 2.68913928e+01 -2.14725855e+00
 2.83027299e+01 -1.00517863e+00
 2.95747850e+01 6.09237341e-03
 3.06741677e+01 8.60558026e-01
 3.15759783e+01 1.53771631e+00
 3.22639434e+01 2.02145421e+00
 3.27298163e+01 2.29937539e+00
 3.29734363e+01 2.36347384e+00
 3.30033009e+01 2.21161727e+00
 3.28361798e+01 1.84834899e+00
 3.24947056e+01 1.28414288e+00
 3.20038447e+01 5.33907674e-01
 3.13886781e+01 -3.83686423e-01
 3.06749410e+01 -1.44561938e+00
 2.98910169e+01 -2.62385228e+00
 2.90687529e+01 -3.88577479e+00
 2.82421006e+01 -5.19557729e+00
 2.74449634e+01 -6.51565519e+00
 2.67098818e+01 -7.80789842e+00
 2.60674970e+01 -9.03542335e+00
 2.55456344e+01 -1.01647618e+01
 2.51677381e+01 -1.11675360e+01
 2.49520289e+01 -1.20207193e+01
 2.49125467e+01 -1.27057932e+01
 2.50608264e+01 -1.32080262e+01
 2.54057837e+01 -1.35166871e+01
 2.59517724e+01 -1.36258626e+01
 2.66971033e+01 -1.35349298e+01
 2.76340081e+01 -1.32482322e+01
 2.87487915e+01 -1.27745453e+01
 3.00212488e+01 -1.21272470e+01
 3.14239975e+01 -1.13252628e+01
 3.29227745e+01 -1.03937995e+01
 3.44782014e+01 -9.36368983e+00
 3.60489699e+01 -8.26890909e+00
 3.75961258e+01 -7.14289827e+00
 3.90880748e+01 -6.01496672e+00
 4.05056317e+01 -4.90768360e+00
 4.18453218e+01 -3.83525578e+00
 4.31183469e+01 -2.80271708e+00
 4.43444165e+01 -1.80656792e+00
 4.55434667e+01 -8.37641247e-01
 4.67299506e+01 1.14587414e-01
 4.79117673e+01 1.05847394e+00
 4.90922188e+01 1.99899109e+00
 5.02723610e+01 2.93841526e+00
 5.14524504e+01 3.87755628e+00
 5.26325334e+01 4.81663898e+00
 5.38126159e+01 5.75571217e+00
 5.49926982e+01 6.69478404e+00
 5.61727790e+01 7.63385450e+00
 5.73528442e+01 8.57291256e+00
 5.85327913e+01 9.51187665e+00
 5.97120357e+01 1.04502816e+01
 6.08879988e+01 1.13860753e+01
 6.20519152e+01 1.23122827e+01
 6.31810142e+01 1.32107835e+01
 6.42307743e+01 1.40461490e+01
 6.51378075e+01 1.47679369e+01
 6.58419238e+01 1.53282501e+01
 6.58419238e+01 1.53282501e+01
 6.58419238e+01 1.53282501e+01
 6.58419238e+01 1.53282501e+01
 6.58419238e+01 1.53282501e+01
 6.58419238e+01 1.53282501e+01
 6.58419238e+01 1.53282501e+01
 6.58419238e+01 1.53282501e+01
 6.58419238e+01 1.53282501e+01
 6.58419238e+01 1.53282501e+01
 6.58419238e+01 1.53282501e+01
 6.58419238e+01 1.53282501e+01
 6.58419238e+01 1.53282501e+01
 6.58419238e+01 1.53282501e+01
 6.58419238e+01 1.53282501e+01
 6.58419238e+01 1.53282501e+01
 6.58419238e+01 1.53282501e+01
 6.58419238e+01 1.53282501e+01
 6.58419238e+01 1.53282501e+01
 6.58419238e+01 1.53282501e+01
 6.58419238e+01 1.53282501e+01
 6.58419238e+01 1.53282501e+01
 6.58419238e+01 1.53282501e+01
 6.58419238e+01 1.53282501e+01
 6.58419238e+01 1.53282501e+01
 6.58419238e+01 1.53282501e+01
 6.58419238e+01 1.53282501e+01
 6.58419238e+01 1.53282501e+01
 6.58419238e+01 1.53282501e+01
 6.58419238e+01 1.53282501e+01
 6.58419238e+01 1.53282501e+01
 6.58419238e+01 1.53282501e+01
 6.58419238e+01 1.53282501e+01
 6.58419238e+01 1.53282501e+01
 6.58419238e+01 1.53282501e+01
 6.58419238e+01 1.53282501e+01
 6.58419238e+01 1.53282501e+01
 6.58419238e+01 1.53282501e+01
 6.58419238e+01 1.53282501e+01
 6.58419238e+01 1.53282501e+01
 6.58419238e+01 1.53282501e+01
 6.58419238e+01 1.53282501e+01
 6.58419238e+01 1.53282501e+01
 6.58419238e+01 1.53282501e+01
 6.58419238e+01 1.53282501e+01
 6.58419238e+01 1.53282501e+01
 6.58419238e+01 1.53282501e+01
 6.58419238e+01 1.53282501e+01
 6.58419238e+01 1.53282501e+01
