 0.00000000e+00 0.00000000e+00
 0.00000000e+00 0.00000000e+00
 0.00000000e+00 0.00000000e+00
 0.00000000e+00 0.00000000e+00
 0.00000000e+00 0.00000000e+00
 0.00000000e+00 0.00000000e+00
 0.00000000e+00 0.00000000e+00
 0.00000000e+00 0.00000000e+00
 0.00000000e+00 0.00000000e+00
 0.00000000e+00 0.00000000e+00
 0.00000000e+00 0.00000000e+00
 0.00000000e+00 0.00000000e+00
 0.00000000e+00 0.00000000e+00
 0.00000000e+00 0.00000000e+00
 0.00000000e+00 0.00000000e+00
 -3.39662579e-02 7.86316468e-02
 -9.06845550e-02 1.64090045e-01
 -1.71609804e-01 2.36555649e-01
 -2.74524708e-01 2.74170835e-01
 -3.97820829e-01 2.54806618e-01
 -5.44860207e-01 1.54401378e-01
 -7.25091687e-01 -5.47569675e-02
 -9.52086844e-01 -4.03317998e-01
 -1.24067095e+00 -9.22133937e-01
 -1.60476982e+00 -1.63899816e+00
 -2.05639722e+00 -2.57559595e+00
 -2.60546813e+00 -3.74462965e+00
 -3.25979702e+00 -5.14708889e+00
 -4.02456967e+00 -6.77010466e+00
 -4.90068986e+00 -8.58598093e+00
 -5.88190999e+00 -1.05525617e+01
 -6.95167035e+00 -1.26147624e+01
 -8.08135326e+00 -1.47073600e+01
 -9.23130638e+00 -1.67594196e+01
 -1.03546170e+01 -1.87003189e+01
 -1.14021535e+01 -2.04663494e+01
 -1.23269516e+01 -2.20060626e+01
 -1.30871002e+01 -2.32827551e+01
 -1.36476905e+01 -2.42737875e+01
 -1.39824781e+01 -2.49678983e+01
 -1.40749785e+01 -2.53622512e+01
 -1.39184049e+01 -2.54602966e+01
 -1.35144463e+01 -2.52702845e+01
 -1.28714681e+01 -2.48038030e+01
 -1.20028609e+01 -2.40746836e+01
 -1.09260631e+01 -2.30994983e+01
 -9.66227402e+00 -2.18999572e+01
 -8.23621420e+00 -2.05054822e+01
 -6.67509632e+00 -1.89535053e+01
 -5.00670723e+00 -1.72867449e+01
 -3.25774869e+00 -1.55493007e+01
 -1.45406158e+00 -1.37842589e+01
 3.76769009e-01 -1.20337867e+01
 2.20195350e+00 -1.03402760e+01
 3.98177131e+00 -8.74637955e+00
 5.67106807e+00 -7.29333924e+00
 7.22323589e+00 -6.01895717e+00
 8.59476772e+00 -4.95658614e+00
 9.74917030e+00 -4.13467095e+00
 1.06604256e+01 -3.57510171e+00
 1.13164893e+01 -3.28966265e+00
 1.17217605e+01 -3.27618632e+00
 1.18961331e+01 -3.51735889e+00
 1.18700142e+01 -3.98395417e+00
 1.16779506e+01 -4.64115090e+00
 1.13538108e+01 -5.45440573e+00
 1.09281662e+01 -6.39254598e+00
 1.04273612e+01 -7.42873329e+00
 9.87392407e+00 -8.54102918e+00
 9.28771353e+00 -9.71275191e+00
 8.68714017e+00 -1.09313742e+01
 8.09045546e+00 -1.21853845e+01
 7.51723160e+00 -1.34603628e+01
 6.98950267e+00 -1.47363712e+01
 6.53175970e+00 -1.59878283e+01
 6.16964842e+00 -1.71852975e+01
 5.92816077e+00 -1.82976271e+01
 5.83033434e+00 -1.92933816e+01
 5.89664118e+00 -2.01418127e+01
 6.14433882e+00 -2.08142750e+01
 6.58625911e+00 -2.12862956e+01
 7.22940183e+00 -2.15393731e+01
 8.07401214e+00 -2.15615310e+01
 9.11337320e+00 -2.13470006e+01
 1.03338468e+01 -2.08966751e+01
 1.17141858e+01 -2.02204788e+01
 1.32235807e+01 -1.93408697e+01
 1.48195419e+01 -1.82951664e+01
 1.64483753e+01 -1.71343351e+01
 1.80511162e+01 -1.59170690e+01
 1.95755657e+01 -1.46997202e+01
 2.09907348e+01 -1.35245927e+01
 2.22958764e+01 -1.24112340e+01
 2.35168969e+01 -1.13559284e+01
 2.46908015e+01 -1.03405893e+01
 2.58483275e+01 -9.34537006e+00
 2.70056952e+01 -8.35693513e+00
 2.81671537e+01 -7.36945131e+00
 2.93316688e+01 -6.38151583e+00
 3.04975510e+01 -5.39320886e+00
 3.16638670e+01 -4.40475804e+00
 3.28302856e+01 -3.41626968e+00
 3.39967227e+01 -2.42777416e+00
 3.51631621e+01 -1.43927773e+00
 3.63296003e+01 -4.50782526e-01
 3.74960231e+01 5.37699649e-01
 3.86623292e+01 1.52608290e+00
 3.98279408e+01 2.51387759e+00
 4.09903089e+01 3.49892361e+00
 4.21407696e+01 4.47387875e+00
 4.32568155e+01 5.41966906e+00
 4.42944396e+01 6.29900114e+00
 4.51909869e+01 7.05877789e+00
 4.58869631e+01 7.64858126e+00
 4.58869631e+01 7.64858126e+00
 4.58869631e+01 7.64858126e+00
 4.58869631e+01 7.64858126e+00
 4.58869631e+01 7.64858126e+00
 4.58869631e+01 7.64858126e+00
 4.58869631e+01 7.64858126e+00
 4.58869631e+01 7.64858126e+00
 4.58869631e+01 7.64858126e+00
 4.58869631e+01 7.64858126e+00
 4.58869631e+01 7.64858126e+00
 4.58869631e+01 7.64858126e+00
 4.58869631e+01 7.64858126e+00
 4.58869631e+01 7.64858126e+00
 4.58869631e+01 7.64858126e+00
 4.58869631e+01 7.64858126e+00
 4.58869631e+01 7.64858126e+00
 4.58869631e+01 7.64858126e+00
 4.58869631e+01 7.64858126e+00
 4.58869631e+01 7.64858126e+00
 4.58869631e+01 7.64858126e+00
 4.58869631e+01 7.64858126e+00
 4.58869631e+01 7.64858126e+00
 4.58869631e+01 7.64858126e+00
 4.58869631e+01 7.64858126e+00
 4.58869631e+01 7.64858126e+00
 4.58869631e+01 7.64858126e+00
 4.58869631e+01 7.64858126e+00
 4.58869631e+01 7.64858126e+00
 4.58869631e+01 7.64858126e+00
 4.58869631e+01 7.64858126e+00
 4.58869631e+01 7.64858126e+00
 4.58869631e+01 7.64858126e+00
 4.58869631e+01 7.64858126e+00
 4.58869631e+01 7.64858126e+00
 4.58869631e+01 7.64858126e+00
 4.58869631e+01 7.64858126e+00
 4.58869631e+01 7.64858126e+00
 4.58869631e+01 7.64858126e+00
 4.58869631e+01 7.64858126e+00
 4.58869631e+01 7.64858126e+00
 4.58869631e+01 7.64858126e+00
 4.58869631e+01 7.64858126e+00
 4.58869631e+01 7.64858126e+00
 4.58869631e+01 7.64858126e+00
 4.58869631e+01 7.64858126e+00
 4.58869631e+01 7.64858126e+00
 4.58869631e+01 7.64858126e+00
 4.58869631e+01 7.64858126e+00
 4.58869631e+01 7.64858126e+00
 4.58869631e+01 7.64858126e+00
 4.58869631e+01 7.64858126e+00
 4.58869631e+01 7.64858126e+00
 4.58869631e+01 7.64858126e+00
 4.58869631e+01 7.64858126e+00
 4.58869631e+01 7.64858126e+00
 4.58869631e+01 7.64858126e+00
 4.58869631e+01 7.64858126e+00
 4.58869631e+01 7.64858126e+00
 4.58869631e+01 7.64858126e+00
 4.58869631e+01 7.64858126e+00
 4.58869631e+01 7.64858126e+00
 4.58869631e+01 7.64858126e+00
