 0.00000000e+00 0.00000000e+00
 0.00000000e+00 0.00000000e+00
 0.00000000e+00 0.00000000e+00
 0.00000000e+00 0.00000000e+00
 0.00000000e+00 0.00000000e+00
 0.00000000e+00 0.00000000e+00
 0.00000000e+00 0.00000000e+00
 0.00000000e+00 0.00000000e+00
 8.79936336e-03 1.96901051e-01
 4.96427350e-03 4.30863782e-01
 -1.74312340e-02 6.70019931e-01
 -5.90552803e-02 8.82537048e-01
 -1.17195074e-01 1.04443749e+00
 -1.90441388e-01 1.13906864e+00
 -2.82102126e-01 1.15164788e+00
 -4.00581599e-01 1.06420660e+00
 -5.58097271e-01 8.54371949e-01
 -7.69460531e-01 4.98277908e-01
 -1.05100737e+00 -2.50475683e-02
 -1.41886838e+00 -7.30842326e-01
 -1.88634858e+00 -1.62788583e+00
 -2.46113169e+00 -2.71850210e+00
 -3.14357329e+00 -3.99840013e+00
 -3.92715482e+00 -5.45668852e+00
 -4.80093151e+00 -7.07646176e+00
 -5.75228131e+00 -8.83556243e+00
 -6.76794879e+00 -1.07067491e+01
 -7.83270112e+00 -1.26570090e+01
 -8.92680795e+00 -1.46465368e+01
 -1.00245267e+01 -1.66283264e+01
 -1.10950270e+01 -1.85493972e+01
 -1.21054078e+01 -2.03544125e+01
 -1.30242504e+01 -2.19915335e+01
 -1.38243795e+01 -2.34189189e+01
 -1.44845633e+01 -2.46094042e+01
 -1.49905754e+01 -2.55515126e+01
 -1.53356849e+01 -2.62467066e+01
 -1.55198389e+01 -2.67043889e+01
 -1.55469512e+01 -2.69366988e+01
 -1.54210932e+01 -2.69545824e+01
 -1.51434155e+01 -2.67655247e+01
 -1.47109678e+01 -2.63726027e+01
 -1.41170965e+01 -2.57746525e+01
 -1.33526400e+01 -2.49679105e+01
 -1.24078109e+01 -2.39494231e+01
 -1.12748555e+01 -2.27214577e+01
 -9.95082816e+00 -2.12950608e+01
 -8.43940749e+00 -1.96911240e+01
 -6.75140107e+00 -1.79389615e+01
 -4.90473248e+00 -1.60740966e+01
 -2.92514726e+00 -1.41371227e+01
 -8.47990273e-01 -1.21739140e+01
 1.28021072e+00 -1.02356228e+01
 3.40235027e+00 -8.37663301e+00
 5.45460264e+00 -6.65014752e+00
 7.37296833e+00 -5.10297079e+00
 9.10079653e+00 -3.77168702e+00
 1.05951728e+01 -2.68139523e+00
 1.18304252e+01 -1.84641010e+00
 1.27981046e+01 -1.27149608e+00
 1.35041268e+01 -9.52986681e-01
 1.39646162e+01 -8.80307200e-01
 1.42020121e+01 -1.03824379e+00
 1.42421443e+01 -1.40916879e+00
 1.41118832e+01 -1.97420129e+00
 1.38368596e+01 -2.71319690e+00
 1.34398714e+01 -3.60413853e+00
 1.29412151e+01 -4.62252605e+00
 1.23609803e+01 -5.74134796e+00
 1.17215631e+01 -6.93208989e+00
 1.10484453e+01 -8.16661889e+00
 1.03688863e+01 -9.41906137e+00
 9.70978068e+00 -1.06665939e+01
 9.09603366e+00 -1.18886545e+01
 8.54976576e+00 -1.30652723e+01
 8.08989228e+00 -1.41760184e+01
 7.73180254e+00 -1.52004334e+01
 7.48749074e+00 -1.61192303e+01
 7.36665882e+00 -1.69148294e+01
 7.37866775e+00 -1.75706011e+01
 7.53427790e+00 -1.80696970e+01
 7.84577688e+00 -1.83950079e+01
 8.32491298e+00 -1.85308359e+01
 8.97969548e+00 -1.84652774e+01
 9.81207055e+00 -1.81919423e+01
 1.08174316e+01 -1.77107609e+01
 1.19848459e+01 -1.70286292e+01
 1.32962244e+01 -1.61603670e+01
 1.47241564e+01 -1.51297202e+01
 1.62300169e+01 -1.39699398e+01
 1.77644515e+01 -1.27235562e+01
 1.92712638e+01 -1.14407789e+01
 2.06940100e+01 -1.01758074e+01
 2.19836087e+01 -8.98076386e+00
 2.31057662e+01 -7.89784923e+00
 2.40478304e+01 -6.95115599e+00
 2.48236307e+01 -6.14044940e+00
 2.54722053e+01 -5.44061065e+00
 2.60465924e+01 -4.81024007e+00
 2.65956575e+01 -4.20759272e+00
 2.71496453e+01 -3.60474064e+00
 2.77181930e+01 -2.99127215e+00
 2.82986203e+01 -2.36818924e+00
 2.88853358e+01 -1.73979457e+00
 2.94744778e+01 -1.10929868e+00
 3.00643282e+01 -4.78178988e-01
 3.06543377e+01 1.53082355e-01
 3.12443748e+01 7.84368514e-01
 3.18344156e+01 1.41565797e+00
 3.24244559e+01 2.04694693e+00
 3.30144885e+01 2.67822759e+00
 3.36044621e+01 3.30944507e+00
 3.41940843e+01 3.94028668e+00
 3.47820658e+01 4.56937289e+00
 3.53640240e+01 5.19201470e+00
 3.59285735e+01 5.79603078e+00
 3.64534536e+01 6.35760423e+00
 3.69069702e+01 6.84282528e+00
 3.72590283e+01 7.21949517e+00
 3.72590283e+01 7.21949517e+00
 3.72590283e+01 7.21949517e+00
 3.72590283e+01 7.21949517e+00
 3.72590283e+01 7.21949517e+00
 3.72590283e+01 7.21949517e+00
 3.72590283e+01 7.21949517e+00
 3.72590283e+01 7.21949517e+00
 3.72590283e+01 7.21949517e+00
 3.72590283e+01 7.21949517e+00
 3.72590283e+01 7.21949517e+00
 3.72590283e+01 7.21949517e+00
 3.72590283e+01 7.21949517e+00
 3.72590283e+01 7.21949517e+00
 3.72590283e+01 7.21949517e+00
 3.72590283e+01 7.21949517e+00
 3.72590283e+01 7.21949517e+00
 3.72590283e+01 7.21949517e+00
 3.72590283e+01 7.21949517e+00
 3.72590283e+01 7.21949517e+00
 3.72590283e+01 7.21949517e+00
 3.72590283e+01 7.21949517e+00
 3.72590283e+01 7.21949517e+00
 3.72590283e+01 7.21949517e+00
 3.72590283e+01 7.21949517e+00
 3.72590283e+01 7.21949517e+00
 3.72590283e+01 7.21949517e+00
 3.72590283e+01 7.21949517e+00
 3.72590283e+01 7.21949517e+00
 3.72590283e+01 7.21949517e+00
 3.72590283e+01 7.21949517e+00
 3.72590283e+01 7.21949517e+00
 3.72590283e+01 7.21949517e+00
 3.72590283e+01 7.21949517e+00
 3.72590283e+01 7.21949517e+00
 3.72590283e+01 7.21949517e+00
 3.72590283e+01 7.21949517e+00
 3.72590283e+01 7.21949517e+00
 3.72590283e+01 7.21949517e+00
 3.72590283e+01 7.21949517e+00
 3.72590283e+01 7.21949517e+00
 3.72590283e+01 7.21949517e+00
 3.72590283e+01 7.21949517e+00
 3.72590283e+01 7.21949517e+00
 3.72590283e+01 7.21949517e+00
 3.72590283e+01 7.21949517e+00
 3.72590283e+01 7.21949517e+00
 3.72590283e+01 7.21949517e+00
 3.72590283e+01 7.21949517e+00
 3.72590283e+01 7.21949517e+00
 3.72590283e+01 7.21949517e+00
 3.72590283e+01 7.21949517e+00
 3.72590283e+01 7.21949517e+00
 3.72590283e+01 7.21949517e+00
 3.72590283e+01 7.21949517e+00
 3.72590283e+01 7.21949517e+00
 3.72590283e+01 7.21949517e+00
 3.72590283e+01 7.21949517e+00
