 0.00000000e+00 0.00000000e+00
 0.00000000e+00 0.00000000e+00
 0.00000000e+00 0.00000000e+00
 0.00000000e+00 0.00000000e+00
 3.27784669e-02 1.97178996e-01
 7.95875320e-03 4.30471871e-01
 -1.11239529e-01 6.68800944e-01
 -3.41092657e-01 8.82192906e-01
 -6.73526515e-01 1.05007406e+00
 -1.08570748e+00 1.16140654e+00
 -1.55318362e+00 1.20898505e+00
 -2.05802449e+00 1.18276962e+00
 -2.59043843e+00 1.06655403e+00
 -3.14673062e+00 8.39316858e-01
 -3.72669810e+00 4.79083000e-01
 -4.33222371e+00 -3.38313422e-02
 -4.96750769e+00 -7.15380357e-01
 -5.64021760e+00 -1.57732930e+00
 -6.36217072e+00 -2.62672212e+00
 -7.14856524e+00 -3.86520062e+00
 -8.01611379e+00 -5.28896274e+00
 -8.98146102e+00 -6.89011620e+00
 -1.00606473e+01 -8.65901777e+00
 -1.12685315e+01 -1.05855546e+01
 -1.26162034e+01 -1.26570745e+01
 -1.41058228e+01 -1.48530213e+01
 -1.57247073e+01 -1.71395721e+01
 -1.74415782e+01 -1.94682285e+01
 -1.92069712e+01 -2.17792692e+01
 -2.09579131e+01 -2.40074517e+01
 -2.26253082e+01 -2.60872675e+01
 -2.41418502e+01 -2.79577065e+01
 -2.54486406e+01 -2.95676661e+01
 -2.64994378e+01 -3.08812693e+01
 -2.72622119e+01 -3.18803207e+01
 -2.77184648e+01 -3.25619134e+01
 -2.78612989e+01 -3.29322134e+01
 -2.76930397e+01 -3.29996921e+01
 -2.72226753e+01 -3.27708664e+01
 -2.64631831e+01 -3.22497336e+01
 -2.54292247e+01 -3.14400858e+01
 -2.41361150e+01 -3.03489213e+01
 -2.26005013e+01 -2.89896253e+01
 -2.08420103e+01 -2.73843758e+01
 -1.88846343e+01 -2.55652535e+01
 -1.67573504e+01 -2.35734282e+01
 -1.44941776e+01 -2.14564199e+01
 -1.21336877e+01 -1.92643283e+01
 -9.71766196e+00 -1.70463009e+01
 -7.28900857e+00 -1.48482177e+01
 -4.88987548e+00 -1.27119179e+01
 -2.56108763e+00 -1.06756486e+01
 -3.42960776e-01 -8.77505540e+00
 1.72410155e+00 -7.04390188e+00
 3.60116145e+00 -5.51371440e+00
 5.25452732e+00 -4.21211391e+00
 6.65947475e+00 -3.16093475e+00
 7.80126676e+00 -2.37596133e+00
 8.67302930e+00 -1.86856959e+00
 9.27277888e+00 -1.64698509e+00
 9.60248858e+00 -1.71471777e+00
 9.66985044e+00 -2.06691020e+00
 9.49067464e+00 -2.68814820e+00
 9.08941092e+00 -3.55388960e+00
 8.49711892e+00 -4.63379530e+00
 7.74827149e+00 -5.89408936e+00
 6.87840111e+00 -7.29857186e+00
 5.92353188e+00 -8.80991488e+00
 4.92058585e+00 -1.03919519e+01
 3.90715742e+00 -1.20119289e+01
 2.91985351e+00 -1.36416051e+01
 1.99176984e+00 -1.52571158e+01
 1.15038806e+00 -1.68379307e+01
 4.17002073e-01 -1.83651594e+01
 -1.92123153e-01 -1.98198118e+01
 -6.63929192e-01 -2.11819638e+01
 -9.87521425e-01 -2.24311177e+01
 -1.15401763e+00 -2.35468798e+01
 -1.15605643e+00 -2.45087832e+01
 -9.86330402e-01 -2.52950421e+01
 -6.35906265e-01 -2.58812973e+01
 -9.32632482e-02 -2.62409062e+01
 6.55538766e-01 -2.63475611e+01
 1.62512691e+00 -2.61795485e+01
 2.82714346e+00 -2.57240231e+01
 4.26512087e+00 -2.49800994e+01
 5.92925521e+00 -2.39608796e+01
 7.79240891e+00 -2.26953682e+01
 9.80838806e+00 -2.12304697e+01
 1.19144144e+01 -1.96307555e+01
 1.40408297e+01 -1.79713169e+01
 1.61281214e+01 -1.63214381e+01
 1.81435280e+01 -1.47257002e+01
 2.00856605e+01 -1.31955553e+01
 2.19738643e+01 -1.17175942e+01
 2.38316946e+01 -1.02704273e+01
 2.56761876e+01 -8.83721899e+00
 2.75160850e+01 -7.40893260e+00
 2.93547374e+01 -5.98200274e+00
 3.11931248e+01 -4.55536559e+00
 3.30314679e+01 -3.12877790e+00
 3.48698049e+01 -1.70219691e+00
 3.67081389e+01 -2.75618535e-01
 3.85464485e+01 1.15094097e+00
 4.03845742e+01 2.57735771e+00
 4.22216053e+01 4.00292504e+00
 4.40535247e+01 5.42452555e+00
 4.58666777e+01 6.83156309e+00
 4.76255920e+01 8.19651046e+00
 4.92609120e+01 9.46554654e+00
 5.06738914e+01 1.05620425e+01
 5.17707662e+01 1.14132360e+01
 5.17707662e+01 1.14132360e+01
 5.17707662e+01 1.14132360e+01
 5.17707662e+01 1.14132360e+01
 5.17707662e+01 1.14132360e+01
 5.17707662e+01 1.14132360e+01
 5.17707662e+01 1.14132360e+01
 5.17707662e+01 1.14132360e+01
 5.17707662e+01 1.14132360e+01
 5.17707662e+01 1.14132360e+01
 5.17707662e+01 1.14132360e+01
 5.17707662e+01 1.14132360e+01
 5.17707662e+01 1.14132360e+01
 5.17707662e+01 1.14132360e+01
 5.17707662e+01 1.14132360e+01
 5.17707662e+01 1.14132360e+01
 5.17707662e+01 1.14132360e+01
 5.17707662e+01 1.14132360e+01
 5.17707662e+01 1.14132360e+01
 5.17707662e+01 1.14132360e+01
 5.17707662e+01 1.14132360e+01
 5.17707662e+01 1.14132360e+01
 5.17707662e+01 1.14132360e+01
 5.17707662e+01 1.14132360e+01
 5.17707662e+01 1.14132360e+01
 5.17707662e+01 1.14132360e+01
 5.17707662e+01 1.14132360e+01
 5.17707662e+01 1.14132360e+01
 5.17707662e+01 1.14132360e+01
 5.17707662e+01 1.14132360e+01
 5.17707662e+01 1.14132360e+01
 5.17707662e+01 1.14132360e+01
 5.17707662e+01 1.14132360e+01
 5.17707662e+01 1.14132360e+01
 5.17707662e+01 1.14132360e+01
 5.17707662e+01 1.14132360e+01
 5.17707662e+01 1.14132360e+01
 5.17707662e+01 1.14132360e+01
 5.17707662e+01 1.14132360e+01
 5.17707662e+01 1.14132360e+01
 5.17707662e+01 1.14132360e+01
 5.17707662e+01 1.14132360e+01
 5.17707662e+01 1.14132360e+01
 5.17707662e+01 1.14132360e+01
 5.17707662e+01 1.14132360e+01
 5.17707662e+01 1.14132360e+01
 5.17707662e+01 1.14132360e+01
 5.17707662e+01 1.14132360e+01
 5.17707662e+01 1.14132360e+01
 5.17707662e+01 1.14132360e+01
 5.17707662e+01 1.14132360e+01
 5.17707662e+01 1.14132360e+01
 5.17707662e+01 1.14132360e+01
 5.17707662e+01 1.14132360e+01
 5.17707662e+01 1.14132360e+01
 5.17707662e+01 1.14132360e+01
 5.17707662e+01 1.14132360e+01
 5.17707662e+01 1.14132360e+01
 5.17707662e+01 1.14132360e+01
 5.17707662e+01 1.14132360e+01
 5.17707662e+01 1.14132360e+01
 5.17707662e+01 1.14132360e+01
 5.17707662e+01 1.14132360e+01
 5.17707662e+01 1.14132360e+01
 5.17707662e+01 1.14132360e+01
