 0.00000000e+00 0.00000000e+00
 0.00000000e+00 0.00000000e+00
 0.00000000e+00 0.00000000e+00
 0.00000000e+00 0.00000000e+00
 0.00000000e+00 0.00000000e+00
 0.00000000e+00 0.00000000e+00
 -2.18486252e-02 4.77783836e-02
 -6.04311249e-02 1.12464869e-01
 -1.19972758e-01 1.92111925e-01
 -2.02588535e-01 2.84184255e-01
 -3.08639442e-01 3.86739605e-01
 -4.38251748e-01 4.98626117e-01
 -5.93219271e-01 6.19010737e-01
 -7.78071561e-01 7.46704529e-01
 -9.99613245e-01 8.79547912e-01
 -1.26545323e+00 1.01400431e+00
 -1.58255579e+00 1.14506942e+00
 -1.95638322e+00 1.26647703e+00
 -2.39059803e+00 1.37100213e+00
 -2.88700356e+00 1.45069472e+00
 -3.44540173e+00 1.49715301e+00
 -4.06326255e+00 1.50207444e+00
 -4.73542604e+00 1.45812312e+00
 -5.45422168e+00 1.35987777e+00
 -6.21007963e+00 1.20449026e+00
 -6.99223906e+00 9.91681097e-01
 -7.78932594e+00 7.22837952e-01
 -8.59015675e+00 3.99394218e-01
 -9.38504912e+00 2.12281958e-02
 -1.01671803e+01 -4.14076435e-01
 -1.09331562e+01 -9.10909252e-01
 -1.16823481e+01 -1.47469054e+00
 -1.24152920e+01 -2.11069721e+00
 -1.31319740e+01 -2.82270038e+00
 -1.38306536e+01 -3.61145852e+00
 -1.45071259e+01 -4.47333063e+00
 -1.51539048e+01 -5.39934842e+00
 -1.57594064e+01 -6.37514618e+00
 -1.63080723e+01 -7.38218203e+00
 -1.67822206e+01 -8.40019401e+00
 -1.71652469e+01 -9.40994054e+00
 -1.74448502e+01 -1.03950532e+01
 -1.76148655e+01 -1.13427255e+01
 -1.76749559e+01 -1.22438924e+01
 -1.76287915e+01 -1.30933869e+01
 -1.74823890e+01 -1.38897106e+01
 -1.72434722e+01 -1.46337840e+01
 -1.69210836e+01 -1.53267947e+01
 -1.65247362e+01 -1.59681846e+01
 -1.60635509e+01 -1.65548013e+01
 -1.55458266e+01 -1.70811613e+01
 -1.49787060e+01 -1.75398323e+01
 -1.43677295e+01 -1.79212386e+01
 -1.37167217e+01 -1.82131669e+01
 -1.30283717e+01 -1.84008027e+01
 -1.23052248e+01 -1.84680592e+01
 -1.15504436e+01 -1.84003163e+01
 -1.07679494e+01 -1.81875105e+01
 -9.96224127e+00 -1.78259268e+01
 -9.13863098e+00 -1.73181774e+01
 -8.30413351e+00 -1.66724591e+01
 -7.46839040e+00 -1.59021542e+01
 -6.64385713e+00 -1.50255122e+01
 -5.84491909e+00 -1.40644514e+01
 -5.08600923e+00 -1.30420934e+01
 -4.37924969e+00 -1.19797021e+01
 -3.73254799e+00 -1.08942422e+01
 -3.14884337e+00 -9.79742653e+00
 -2.62638436e+00 -8.69633406e+00
 -2.15946586e+00 -7.59517193e+00
 -1.73944999e+00 -6.49770933e+00
 -1.35644061e+00 -5.40992290e+00
 -1.00173685e+00 -4.34221358e+00
 -6.70313471e-01 -3.31043040e+00
 -3.62146869e-01 -2.33513576e+00
 -8.17711912e-02 -1.43907745e+00
 1.63545875e-01 -6.43629622e-01
 3.66110227e-01 3.43724248e-02
 5.19968075e-01 5.84190285e-01
 6.22510506e-01 1.00099192e+00
 6.74668712e-01 1.28458184e+00
 6.79167228e-01 1.43759049e+00
 6.38130687e-01 1.46335153e+00
 5.52171630e-01 1.36402702e+00
 4.21197437e-01 1.13984689e+00
 2.45367775e-01 7.89691232e-01
 2.53954126e-02 3.12460557e-01
 -2.37237749e-01 -2.91164790e-01
 -5.39782174e-01 -1.01671706e+00
 -8.77868089e-01 -1.85441638e+00
 -1.24561037e+00 -2.78924354e+00
 -1.63585958e+00 -3.80279816e+00
 -2.04022226e+00 -4.87574945e+00
 -2.44892521e+00 -5.98935246e+00
 -2.85080784e+00 -7.12551482e+00
 -3.23358631e+00 -8.26621563e+00
 -3.58442822e+00 -9.39339954e+00
 -3.89072681e+00 -1.04896071e+01
 -4.14067514e+00 -1.15387085e+01
 -4.32328613e+00 -1.25261692e+01
 -4.42804669e+00 -1.34389589e+01
 -4.44481493e+00 -1.42655533e+01
 -4.36435996e+00 -1.49961635e+01
 -4.17918587e+00 -1.56228442e+01
 -3.88370969e+00 -1.61390785e+01
 -3.47356656e+00 -1.65389369e+01
 -2.94530204e+00 -1.68165059e+01
 -2.29778218e+00 -1.69661985e+01
 -1.53497810e+00 -1.69837884e+01
 -6.68588005e-01 -1.68676812e+01
 2.80676602e-01 -1.66203718e+01
 1.28343857e+00 -1.62500233e+01
 2.30339221e+00 -1.57713741e+01
 3.30001728e+00 -1.52052106e+01
 4.23209054e+00 -1.45766200e+01
 5.06208009e+00 -1.39127477e+01
 5.76114758e+00 -1.32403389e+01
 6.31394768e+00 -1.25828948e+01
 6.72247347e+00 -1.19575347e+01
 7.00779850e+00 -1.13724349e+01
 7.20699770e+00 -1.08262496e+01
 7.36309492e+00 -1.03104259e+01
 7.51140315e+00 -9.81368961e+00
 7.67068839e+00 -9.32638916e+00
 7.84433006e+00 -8.84257235e+00
 8.02798601e+00 -8.35959609e+00
 8.21654484e+00 -7.87667455e+00
 8.40690234e+00 -7.39369830e+00
 8.59776625e+00 -6.91069315e+00
 8.78874070e+00 -6.42767967e+00
 8.97973394e+00 -5.94466453e+00
 9.17072965e+00 -5.46164919e+00
 9.36172535e+00 -4.97863449e+00
 9.55271856e+00 -4.49562616e+00
 9.74369266e+00 -4.01266616e+00
 9.93455303e+00 -3.52999376e+00
 1.01248823e+01 -3.04866445e+00
 1.03132618e+01 -2.57226591e+00
 1.04960062e+01 -2.11011838e+00
 1.06659096e+01 -1.68044474e+00
 1.08127126e+01 -1.30919020e+00
 1.09266736e+01 -1.02099082e+00
 1.09266736e+01 -1.02099082e+00
 1.09266736e+01 -1.02099082e+00
 1.09266736e+01 -1.02099082e+00
 1.09266736e+01 -1.02099082e+00
 1.09266736e+01 -1.02099082e+00
 1.09266736e+01 -1.02099082e+00
 1.09266736e+01 -1.02099082e+00
 1.09266736e+01 -1.02099082e+00
 1.09266736e+01 -1.02099082e+00
 1.09266736e+01 -1.02099082e+00
 1.09266736e+01 -1.02099082e+00
 1.09266736e+01 -1.02099082e+00
 1.09266736e+01 -1.02099082e+00
 1.09266736e+01 -1.02099082e+00
 1.09266736e+01 -1.02099082e+00
 1.09266736e+01 -1.02099082e+00
 1.09266736e+01 -1.02099082e+00
 1.09266736e+01 -1.02099082e+00
 1.09266736e+01 -1.02099082e+00
 1.09266736e+01 -1.02099082e+00
 1.09266736e+01 -1.02099082e+00
 1.09266736e+01 -1.02099082e+00
 1.09266736e+01 -1.02099082e+00
 1.09266736e+01 -1.02099082e+00
 1.09266736e+01 -1.02099082e+00
 1.09266736e+01 -1.02099082e+00
 1.09266736e+01 -1.02099082e+00
 1.09266736e+01 -1.02099082e+00
 1.09266736e+01 -1.02099082e+00
 1.09266736e+01 -1.02099082e+00
 1.09266736e+01 -1.02099082e+00
 1.09266736e+01 -1.02099082e+00
 1.09266736e+01 -1.02099082e+00
 1.09266736e+01 -1.02099082e+00
 1.09266736e+01 -1.02099082e+00
 1.09266736e+01 -1.02099082e+00
