 0.00000000e+00 0.00000000e+00
 0.00000000e+00 0.00000000e+00
 0.00000000e+00 0.00000000e+00
 0.00000000e+00 0.00000000e+00
 0.00000000e+00 0.00000000e+00
 0.00000000e+00 0.00000000e+00
 0.00000000e+00 0.00000000e+00
 0.00000000e+00 0.00000000e+00
 2.73653317e-01 1.89362528e-01
 5.73709839e-01 3.91223522e-01
 8.37820510e-01 5.55471561e-01
 1.00970046e+00 6.31422981e-01
 1.05837427e+00 5.80133731e-01
 9.82405952e-01 3.78984820e-01
 8.01557514e-01 2.06314918e-02
 5.43309853e-01 -4.90878262e-01
 2.31175206e-01 -1.14522310e+00
 -1.21256569e-01 -1.93064724e+00
 -5.10683284e-01 -2.83728627e+00
 -9.41961090e-01 -3.85917451e+00
 -1.42642722e+00 -4.99601360e+00
 -1.98140981e+00 -6.25489453e+00
 -2.62989944e+00 -7.65080778e+00
 -3.39897899e+00 -9.20467012e+00
 -4.31617729e+00 -1.09386012e+01
 -5.40414376e+00 -1.28693417e+01
 -6.67526178e+00 -1.50016542e+01
 -8.12785291e+00 -1.73237083e+01
 -9.74451659e+00 -1.98052831e+01
 -1.14921663e+01 -2.23982454e+01
 -1.33231111e+01 -2.50387289e+01
 -1.51769299e+01 -2.76512367e+01
 -1.69835809e+01 -3.01549465e+01
 -1.86684206e+01 -3.24716017e+01
 -2.01589243e+01 -3.45332708e+01
 -2.13916099e+01 -3.62876178e+01
 -2.23171572e+01 -3.76989439e+01
 -2.29023245e+01 -3.87453403e+01
 -2.31286355e+01 -3.94143501e+01
 -2.29893016e+01 -3.96998264e+01
 -2.24863808e+01 -3.96012402e+01
 -2.16291534e+01 -3.91247489e+01
 -2.04331450e+01 -3.82841398e+01
 -1.89190468e+01 -3.71004626e+01
 -1.71120814e+01 -3.56012983e+01
 -1.50430664e+01 -3.38214396e+01
 -1.27510566e+01 -3.18048795e+01
 -1.02854127e+01 -2.96057684e+01
 -7.70483857e+00 -2.72862712e+01
 -5.07297132e+00 -2.49116411e+01
 -2.45264405e+00 -2.25448321e+01
 9.84281650e-02 -2.02429973e+01
 2.52948854e+00 -1.80565718e+01
 4.79704900e+00 -1.60297785e+01
 6.86508942e+00 -1.42007650e+01
 8.70575474e+00 -1.26005389e+01
 1.03002383e+01 -1.12513860e+01
 1.16391464e+01 -1.01661141e+01
 1.27218230e+01 -9.34875420e+00
 1.35547138e+01 -8.79600328e+00
 1.41494440e+01 -8.49817372e+00
 1.45214110e+01 -8.43945285e+00
 1.46893482e+01 -8.59849582e+00
 1.46756906e+01 -8.95007327e+00
 1.45066152e+01 -9.46723075e+00
 1.42102883e+01 -1.01229379e+01
 1.38135603e+01 -1.08908568e+01
 1.33395188e+01 -1.17458240e+01
 1.28076750e+01 -1.26650886e+01
 1.22357329e+01 -1.36306389e+01
 1.16406131e+01 -1.46314748e+01
 1.10377447e+01 -1.56640278e+01
 1.04394563e+01 -1.67299735e+01
 9.85398487e+00 -1.78323520e+01
 9.28623795e+00 -1.89717282e+01
 8.74036522e+00 -2.01436551e+01
 8.22288386e+00 -2.13375861e+01
 7.74460669e+00 -2.25366345e+01
 7.32057842e+00 -2.37177972e+01
 6.96860920e+00 -2.48529866e+01
 6.70747105e+00 -2.59113945e+01
 6.55550209e+00 -2.68629010e+01
 6.52990820e+00 -2.76811279e+01
 6.64649435e+00 -2.83446199e+01
 6.91927656e+00 -2.88359840e+01
 7.35996824e+00 -2.91404374e+01
 7.97772597e+00 -2.92454595e+01
 8.77884756e+00 -2.91419936e+01
 9.76555506e+00 -2.88263690e+01
 1.09336002e+01 -2.83020329e+01
 1.22693113e+01 -2.75810244e+01
 1.37470732e+01 -2.66857500e+01
 1.53285084e+01 -2.56509508e+01
 1.69651954e+01 -2.45236623e+01
 1.86066258e+01 -2.33575737e+01
 2.02123166e+01 -2.22008955e+01
 2.17621969e+01 -2.10833814e+01
 2.32581073e+01 -2.00115351e+01
 2.47153571e+01 -1.89752602e+01
 2.61511785e+01 -1.79596644e+01
 2.75776841e+01 -1.69533360e+01
 2.90010002e+01 -1.59502465e+01
 3.04234560e+01 -1.49480434e+01
 3.18457291e+01 -1.39460305e+01
 3.32679717e+01 -1.29440497e+01
 3.46902101e+01 -1.19420731e+01
 3.61124462e+01 -1.09400984e+01
 3.75346635e+01 -9.93813693e+00
 3.89567385e+01 -8.93627573e+00
 4.03779666e+01 -7.93501111e+00
 4.17952400e+01 -6.93653264e+00
 4.31979948e+01 -5.94828265e+00
 4.45587875e+01 -4.98959521e+00
 4.58239608e+01 -4.09827223e+00
 4.69171193e+01 -3.32813489e+00
 4.77657219e+01 -2.73028875e+00
 4.77657219e+01 -2.73028875e+00
 4.77657219e+01 -2.73028875e+00
 4.77657219e+01 -2.73028875e+00
 4.77657219e+01 -2.73028875e+00
 4.77657219e+01 -2.73028875e+00
 4.77657219e+01 -2.73028875e+00
 4.77657219e+01 -2.73028875e+00
 4.77657219e+01 -2.73028875e+00
 4.77657219e+01 -2.73028875e+00
 4.77657219e+01 -2.73028875e+00
 4.77657219e+01 -2.73028875e+00
 4.77657219e+01 -2.73028875e+00
 4.77657219e+01 -2.73028875e+00
 4.77657219e+01 -2.73028875e+00
 4.77657219e+01 -2.73028875e+00
 4.77657219e+01 -2.73028875e+00
 4.77657219e+01 -2.73028875e+00
 4.77657219e+01 -2.73028875e+00
 4.77657219e+01 -2.73028875e+00
 4.77657219e+01 -2.73028875e+00
 4.77657219e+01 -2.73028875e+00
 4.77657219e+01 -2.73028875e+00
 4.77657219e+01 -2.73028875e+00
 4.77657219e+01 -2.73028875e+00
 4.77657219e+01 -2.73028875e+00
 4.77657219e+01 -2.73028875e+00
 4.77657219e+01 -2.73028875e+00
 4.77657219e+01 -2.73028875e+00
 4.77657219e+01 -2.73028875e+00
 4.77657219e+01 -2.73028875e+00
 4.77657219e+01 -2.73028875e+00
 4.77657219e+01 -2.73028875e+00
 4.77657219e+01 -2.73028875e+00
 4.77657219e+01 -2.73028875e+00
 4.77657219e+01 -2.73028875e+00
 4.77657219e+01 -2.73028875e+00
 4.77657219e+01 -2.73028875e+00
 4.77657219e+01 -2.73028875e+00
 4.77657219e+01 -2.73028875e+00
 4.77657219e+01 -2.73028875e+00
 4.77657219e+01 -2.73028875e+00
 4.77657219e+01 -2.73028875e+00
 4.77657219e+01 -2.73028875e+00
 4.77657219e+01 -2.73028875e+00
 4.77657219e+01 -2.73028875e+00
 4.77657219e+01 -2.73028875e+00
 4.77657219e+01 -2.73028875e+00
 4.77657219e+01 -2.73028875e+00
 4.77657219e+01 -2.73028875e+00
 4.77657219e+01 -2.73028875e+00
 4.77657219e+01 -2.73028875e+00
 4.77657219e+01 -2.73028875e+00
 4.77657219e+01 -2.73028875e+00
 4.77657219e+01 -2.73028875e+00
 4.77657219e+01 -2.73028875e+00
 4.77657219e+01 -2.73028875e+00
 4.77657219e+01 -2.73028875e+00
 4.77657219e+01 -2.73028875e+00
 4.77657219e+01 -2.73028875e+00
 4.77657219e+01 -2.73028875e+00
