 0.00000000e+00 0.00000000e+00
 0.00000000e+00 0.00000000e+00
 0.00000000e+00 0.00000000e+00
 0.00000000e+00 0.00000000e+00
 0.00000000e+00 0.00000000e+00
 0.00000000e+00 0.00000000e+00
 1.11653122e-01 9.52990176e-02
 2.48681936e-01 2.25389751e-01
 3.94369483e-01 3.87784216e-01
 5.29866467e-01 5.78790728e-01
 6.39116111e-01 7.94892810e-01
 7.10276136e-01 1.03242805e+00
 7.34211714e-01 1.28679173e+00
 7.02496652e-01 1.55211070e+00
 6.07474678e-01 1.82141095e+00
 4.44611536e-01 2.08700268e+00
 2.14352815e-01 2.34094528e+00
 -7.88059897e-02 2.57552131e+00
 -4.28820597e-01 2.78360578e+00
 -8.29780603e-01 2.95879211e+00
 -1.27659139e+00 3.09509528e+00
 -1.76583580e+00 3.18617865e+00
 -2.29689830e+00 3.22455829e+00
 -2.87233108e+00 3.20152608e+00
 -3.49688912e+00 3.10797233e+00
 -4.17573387e+00 2.93554099e+00
 -4.91281508e+00 2.67754799e+00
 -5.71011394e+00 2.32956824e+00
 -6.56761337e+00 1.88981556e+00
 -7.48331245e+00 1.35931394e+00
 -8.45291483e+00 7.41721687e-01
 -9.46966294e+00 4.27183726e-02
 -1.05251583e+01 -7.30950482e-01
 -1.16112882e+01 -1.57252373e+00
 -1.27220850e+01 -2.47613405e+00
 -1.38538662e+01 -3.43744678e+00
 -1.50031898e+01 -4.45388443e+00
 -1.61640156e+01 -5.52419223e+00
 -1.73259474e+01 -6.64722754e+00
 -1.84739830e+01 -7.82024503e+00
 -1.95886813e+01 -9.03730094e+00
 -2.06458957e+01 -1.02884709e+01
 -2.16167066e+01 -1.15600907e+01
 -2.24689093e+01 -1.28352952e+01
 -2.31703669e+01 -1.40939260e+01
 -2.36929121e+01 -1.53121491e+01
 -2.40152221e+01 -1.64633148e+01
 -2.41242276e+01 -1.75207371e+01
 -2.40155253e+01 -1.84610103e+01
 -2.36931536e+01 -1.92658271e+01
 -2.31686849e+01 -1.99217690e+01
 -2.24595871e+01 -2.04193505e+01
 -2.15870594e+01 -2.07527254e+01
 -2.05737796e+01 -2.09200349e+01
 -1.94422483e+01 -2.09233448e+01
 -1.82144611e+01 -2.07677370e+01
 -1.69129291e+01 -2.04604621e+01
 -1.55618913e+01 -2.00113350e+01
 -1.41873022e+01 -1.94341500e+01
 -1.28154223e+01 -1.87473376e+01
 -1.14712455e+01 -1.79725403e+01
 -1.01777520e+01 -1.71319046e+01
 -8.95541896e+00 -1.62458807e+01
 -7.82078919e+00 -1.53320971e+01
 -6.78424032e+00 -1.44044407e+01
 -5.84863911e+00 -1.34716870e+01
 -5.01020736e+00 -1.25363402e+01
 -4.26107683e+00 -1.15950122e+01
 -3.59191596e+00 -1.06408410e+01
 -2.99364415e+00 -9.66701514e+00
 -2.45835428e+00 -8.67000910e+00
 -1.97986197e+00 -7.65177052e+00
 -1.55398532e+00 -6.62074871e+00
 -1.17847670e+00 -5.59182767e+00
 -8.52618111e-01 -4.58534208e+00
 -5.76567926e-01 -3.62549100e+00
 -3.50648652e-01 -2.73830369e+00
 -1.75044519e-01 -1.94911726e+00
 -5.03653671e-02 -1.27999034e+00
 2.11323339e-02 -7.48200475e-01
 3.45354295e-02 -3.66488026e-01
 -1.76070009e-02 -1.43987440e-01
 -1.43549602e-01 -8.60553818e-02
 -3.49434780e-01 -1.92826214e-01
 -6.36665035e-01 -4.58362000e-01
 -1.00089974e+00 -8.71922077e-01
 -1.43263402e+00 -1.42050872e+00
 -1.91854215e+00 -2.09052105e+00
 -2.44333213e+00 -2.86762260e+00
 -2.99223345e+00 -3.73604254e+00
 -3.55354559e+00 -4.67899568e+00
 -4.12009710e+00 -5.68036974e+00
 -4.68898774e+00 -6.72620120e+00
 -5.25995321e+00 -7.80460468e+00
 -5.83311930e+00 -8.90435808e+00
 -6.40669671e+00 -1.00134283e+01
 -6.97492569e+00 -1.11184971e+01
 -7.52675826e+00 -1.22056799e+01
 -8.04596399e+00 -1.32619013e+01
 -8.51294699e+00 -1.42760350e+01
 -8.90773693e+00 -1.52390924e+01
 -9.21295460e+00 -1.61435265e+01
 -9.41545704e+00 -1.69825075e+01
 -9.50613274e+00 -1.77497904e+01
 -9.47849986e+00 -1.84396986e+01
 -9.32706544e+00 -1.90463447e+01
 -9.04570787e+00 -1.95622132e+01
 -8.62618021e+00 -1.99774194e+01
 -8.05758071e+00 -2.02806919e+01
 -7.32781122e+00 -2.04613191e+01
 -6.42702650e+00 -2.05100737e+01
 -5.35197277e+00 -2.04187261e+01
 -4.10984977e+00 -2.01804665e+01
 -2.72075362e+00 -1.97929401e+01
 -1.21827497e+00 -1.92618876e+01
 3.51880640e-01 -1.86020553e+01
 1.93516012e+00 -1.78350005e+01
 3.47292721e+00 -1.69863112e+01
 4.90813127e+00 -1.60840690e+01
 6.19124733e+00 -1.51578440e+01
 7.28586894e+00 -1.42365704e+01
 8.17354100e+00 -1.33449451e+01
 8.85771896e+00 -1.24995952e+01
 9.36597293e+00 -1.17067697e+01
 9.74719929e+00 -1.09627422e+01
 1.00601954e+01 -1.02569363e+01
 1.03559869e+01 -9.57648123e+00
 1.06642200e+01 -8.91019669e+00
 1.09923936e+01 -8.25053604e+00
 1.13354860e+01 -7.59344399e+00
 1.16862232e+01 -6.93717232e+00
 1.20398644e+01 -6.28111517e+00
 1.23943462e+01 -5.62510371e+00
 1.27490157e+01 -4.96910013e+00
 1.31037177e+01 -4.31309767e+00
 1.34584241e+01 -3.65709539e+00
 1.38131304e+01 -3.00109402e+00
 1.41678320e+01 -2.34510131e+00
 1.45224982e+01 -1.68917424e+00
 1.48769532e+01 -1.03363777e+00
 1.52304219e+01 -3.79925409e-01
 1.55802696e+01 2.67090280e-01
 1.59196519e+01 8.94751116e-01
 1.62351868e+01 1.47830787e+00
 1.65078210e+01 1.98252334e+00
 1.67194629e+01 2.37393831e+00
 1.67194629e+01 2.37393831e+00
 1.67194629e+01 2.37393831e+00
 1.67194629e+01 2.37393831e+00
 1.67194629e+01 2.37393831e+00
 1.67194629e+01 2.37393831e+00
 1.67194629e+01 2.37393831e+00
 1.67194629e+01 2.37393831e+00
 1.67194629e+01 2.37393831e+00
 1.67194629e+01 2.37393831e+00
 1.67194629e+01 2.37393831e+00
 1.67194629e+01 2.37393831e+00
 1.67194629e+01 2.37393831e+00
 1.67194629e+01 2.37393831e+00
 1.67194629e+01 2.37393831e+00
 1.67194629e+01 2.37393831e+00
 1.67194629e+01 2.37393831e+00
 1.67194629e+01 2.37393831e+00
 1.67194629e+01 2.37393831e+00
 1.67194629e+01 2.37393831e+00
 1.67194629e+01 2.37393831e+00
 1.67194629e+01 2.37393831e+00
 1.67194629e+01 2.37393831e+00
 1.67194629e+01 2.37393831e+00
 1.67194629e+01 2.37393831e+00
 1.67194629e+01 2.37393831e+00
 1.67194629e+01 2.37393831e+00
 1.67194629e+01 2.37393831e+00
 1.67194629e+01 2.37393831e+00
 1.67194629e+01 2.37393831e+00
 1.67194629e+01 2.37393831e+00
 1.67194629e+01 2.37393831e+00
 1.67194629e+01 2.37393831e+00
