 0.00000000e+00 0.00000000e+00
 0.00000000e+00 0.00000000e+00
 0.00000000e+00 0.00000000e+00
 0.00000000e+00 0.00000000e+00
 9.75414691e-02 2.05283065e-02
 1.95993097e-01 4.51496064e-02
 2.67261695e-01 6.78151364e-02
 2.85486527e-01 7.88120361e-02
 2.32600892e-01 6.37572384e-02
 9.71238465e-02 3.11356371e-03
 -1.30859016e-01 -1.26423015e-01
 -4.64076879e-01 -3.49705184e-01
 -9.19009795e-01 -6.91735638e-01
 -1.51332483e+00 -1.17679229e+00
 -2.26192432e+00 -1.82680874e+00
 -3.17377942e+00 -2.65892853e+00
 -4.25033291e+00 -3.68340340e+00
 -5.48540686e+00 -4.90286993e+00
 -6.86640803e+00 -6.31299062e+00
 -8.37606954e+00 -7.90363393e+00
 -9.99337466e+00 -9.65979011e+00
 -1.16930086e+01 -1.15619525e+01
 -1.34443870e+01 -1.35860987e+01
 -1.52121504e+01 -1.57035151e+01
 -1.69588869e+01 -1.78808069e+01
 -1.86488004e+01 -2.00805761e+01
 -2.02502601e+01 -2.22630660e+01
 -2.17364966e+01 -2.43885877e+01
 -2.30855239e+01 -2.64201592e+01
 -2.42805628e+01 -2.83257277e+01
 -2.53108978e+01 -3.00795722e+01
 -2.61720913e+01 -3.16629153e+01
 -2.68649869e+01 -3.30640240e+01
 -2.73941975e+01 -3.42778051e+01
 -2.77671873e+01 -3.53046373e+01
 -2.79939289e+01 -3.61485220e+01
 -2.80857788e+01 -3.68150317e+01
 -2.80529062e+01 -3.73093189e+01
 -2.79017933e+01 -3.76341459e+01
 -2.76345574e+01 -3.77882896e+01
 -2.72495881e+01 -3.77661821e+01
 -2.67418637e+01 -3.75592339e+01
 -2.61027442e+01 -3.71582760e+01
 -2.53204166e+01 -3.65559952e+01
 -2.43816309e+01 -3.57484283e+01
 -2.32739512e+01 -3.47353459e+01
 -2.19873257e+01 -3.35202614e+01
 -2.05148135e+01 -3.21109212e+01
 -1.88532866e+01 -3.05201508e+01
 -1.70044656e+01 -2.87660281e+01
 -1.49757548e+01 -2.68707064e+01
 -1.27804030e+01 -2.48584673e+01
 -1.04370698e+01 -2.27543792e+01
 -7.96912053e+00 -2.05843236e+01
 -5.40410532e+00 -1.83757926e+01
 -2.77378282e+00 -1.61583298e+01
 -1.14504405e-01 -1.39632442e+01
 2.53257140e+00 -1.18230368e+01
 5.12177698e+00 -9.77086105e+00
 7.60400747e+00 -7.83979185e+00
 9.92903577e+00 -6.06153825e+00
 1.20494119e+01 -4.46453640e+00
 1.39254585e+01 -3.07166475e+00
 1.55298023e+01 -1.89796801e+00
 1.68496895e+01 -9.48905782e-01
 1.78866069e+01 -2.19855377e-01
 1.86542754e+01 3.02437920e-01
 1.91761567e+01 6.36509485e-01
 1.94824400e+01 8.02062304e-01
 1.96060724e+01 8.16569016e-01
 1.95785307e+01 6.93279959e-01
 1.94267947e+01 4.40425892e-01
 1.91720531e+01 6.13168481e-02
 1.88297422e+01 -4.44575925e-01
 1.84106859e+01 -1.07945122e+00
 1.79229187e+01 -1.84438825e+00
 1.73730840e+01 -2.73707350e+00
 1.67667936e+01 -3.75120089e+00
 1.61084814e+01 -4.87779919e+00
 1.54013044e+01 -6.10758685e+00
 1.46471103e+01 -7.43290747e+00
 1.38467110e+01 -8.84811450e+00
 1.30009091e+01 -1.03482569e+01
 1.21120214e+01 -1.19269354e+01
 1.11851229e+01 -1.35743592e+01
 1.02288253e+01 -1.52759643e+01
 9.25602660e+00 -1.70115648e+01
 8.28461577e+00 -1.87552398e+01
 7.33727391e+00 -2.04761442e+01
 6.43970487e+00 -2.21399663e+01
 5.61785805e+00 -2.37107056e+01
 4.89543105e+00 -2.51529759e+01
 4.29232568e+00 -2.64351339e+01
 3.82389247e+00 -2.75325861e+01
 3.50082424e+00 -2.84295578e+01
 3.32991897e+00 -2.91179726e+01
 3.31574738e+00 -2.95939815e+01
 3.46263652e+00 -2.98543274e+01
 3.77610526e+00 -2.98945711e+01
 4.26343919e+00 -2.97095882e+01
 4.93375414e+00 -2.92952701e+01
 5.79759956e+00 -2.86501976e+01
 6.86548686e+00 -2.77768905e+01
 8.14513629e+00 -2.66829787e+01
 9.63831825e+00 -2.53826817e+01
 1.13383048e+01 -2.38984715e+01
 1.32281170e+01 -2.22621511e+01
 1.52793423e+01 -2.05143785e+01
 1.74517108e+01 -1.87022769e+01
 1.96939157e+01 -1.68758501e+01
 2.19458596e+01 -1.50845575e+01
 2.41422356e+01 -1.33749345e+01
 2.62175193e+01 -1.17888492e+01
 2.81126908e+01 -1.03609781e+01
 2.97839579e+01 -9.11434767e+00
 3.12129224e+01 -8.05426739e+00
 3.24151138e+01 -7.16320134e+00
 3.34403550e+01 -6.40127183e+00
 3.43590745e+01 -5.71622697e+00
 3.52380267e+01 -5.06014740e+00
 3.61199194e+01 -4.40288605e+00
 3.70195849e+01 -3.73397634e+00
 3.79345593e+01 -3.05492975e+00
 3.88578126e+01 -2.37040414e+00
 3.97842986e+01 -1.68374464e+00
 4.07117359e+01 -9.96459140e-01
 4.16393878e+01 -3.09032814e-01
 4.25670771e+01 3.78418000e-01
 4.34947713e+01 1.06587205e+00
 4.44224648e+01 1.75332550e+00
 4.53501461e+01 2.44076992e+00
 4.62777345e+01 3.12814555e+00
 4.72047707e+01 3.81511185e+00
 4.81292272e+01 4.50016659e+00
 4.90442135e+01 5.17820357e+00
 4.99318289e+01 5.83595774e+00
 5.07570738e+01 6.44749324e+00
 5.14701172e+01 6.97588343e+00
 5.20236422e+01 7.38606486e+00
 5.20236422e+01 7.38606486e+00
 5.20236422e+01 7.38606486e+00
 5.20236422e+01 7.38606486e+00
 5.20236422e+01 7.38606486e+00
 5.20236422e+01 7.38606486e+00
 5.20236422e+01 7.38606486e+00
 5.20236422e+01 7.38606486e+00
 5.20236422e+01 7.38606486e+00
 5.20236422e+01 7.38606486e+00
 5.20236422e+01 7.38606486e+00
 5.20236422e+01 7.38606486e+00
 5.20236422e+01 7.38606486e+00
 5.20236422e+01 7.38606486e+00
 5.20236422e+01 7.38606486e+00
 5.20236422e+01 7.38606486e+00
 5.20236422e+01 7.38606486e+00
 5.20236422e+01 7.38606486e+00
 5.20236422e+01 7.38606486e+00
 5.20236422e+01 7.38606486e+00
 5.20236422e+01 7.38606486e+00
 5.20236422e+01 7.38606486e+00
 5.20236422e+01 7.38606486e+00
 5.20236422e+01 7.38606486e+00
 5.20236422e+01 7.38606486e+00
 5.20236422e+01 7.38606486e+00
 5.20236422e+01 7.38606486e+00
 5.20236422e+01 7.38606486e+00
 5.20236422e+01 7.38606486e+00
 5.20236422e+01 7.38606486e+00
 5.20236422e+01 7.38606486e+00
 5.20236422e+01 7.38606486e+00
 5.20236422e+01 7.38606486e+00
 5.20236422e+01 7.38606486e+00
 5.20236422e+01 7.38606486e+00
 5.20236422e+01 7.38606486e+00
 5.20236422e+01 7.38606486e+00
 5.20236422e+01 7.38606486e+00
