 0.00000000e+00 0.00000000e+00
 0.00000000e+00 0.00000000e+00
 0.00000000e+00 0.00000000e+00
 0.00000000e+00 0.00000000e+00
 4.41269624e-02 -1.55755797e-02
 5.11584159e-02 -7.80289815e-02
 -1.77827240e-02 -2.22404744e-01
 -1.96105603e-01 -4.84185162e-01
 -5.06333060e-01 -8.91975962e-01
 -9.62189380e-01 -1.46365558e+00
 -1.57237226e+00 -2.20624655e+00
 -2.34097237e+00 -3.11748629e+00
 -3.26511793e+00 -4.18750915e+00
 -4.33355928e+00 -5.40054817e+00
 -5.52808979e+00 -6.73714937e+00
 -6.82644450e+00 -8.17702500e+00
 -8.20465699e+00 -9.70210891e+00
 -9.63860654e+00 -1.12989847e+01
 -1.11056236e+01 -1.29596643e+01
 -1.25862096e+01 -1.46799256e+01
 -1.40648013e+01 -1.64555107e+01
 -1.55288315e+01 -1.82779773e+01
 -1.69666184e+01 -2.01322745e+01
 -1.83652611e+01 -2.19965319e+01
 -1.97093304e+01 -2.38429124e+01
 -2.09804963e+01 -2.56385961e+01
 -2.21579175e+01 -2.73473066e+01
 -2.32192234e+01 -2.89321493e+01
 -2.41419132e+01 -3.03594481e+01
 -2.49048969e+01 -3.16022242e+01
 -2.54900602e+01 -3.26421064e+01
 -2.58840497e+01 -3.34693543e+01
 -2.60802525e+01 -3.40813963e+01
 -2.60802278e+01 -3.44806509e+01
 -2.58934974e+01 -3.46725912e+01
 -2.55352011e+01 -3.46647128e+01
 -2.50223447e+01 -3.44660091e+01
 -2.43701509e+01 -3.40857509e+01
 -2.35895338e+01 -3.35312091e+01
 -2.26856919e+01 -3.28056385e+01
 -2.16573959e+01 -3.19079631e+01
 -2.04967417e+01 -3.08340104e+01
 -1.91895159e+01 -2.95780640e+01
 -1.77167004e+01 -2.81340472e+01
 -1.60576292e+01 -2.64966993e+01
 -1.41946140e+01 -2.46633045e+01
 -1.21178969e+01 -2.26360340e+01
 -9.82932658e+00 -2.04247652e+01
 -7.34389695e+00 -1.80503224e+01
 -4.69001290e+00 -1.55475736e+01
 -1.91003923e+00 -1.29668406e+01
 9.38986126e-01 -1.03719371e+01
 3.78661631e+00 -7.83454710e+00
 6.55395683e+00 -5.42662361e+00
 9.16161150e+00 -3.21324391e+00
 1.15381991e+01 -1.24724012e+00
 1.36273654e+01 4.34691724e-01
 1.53923814e+01 1.81481504e+00
 1.68179424e+01 2.89511271e+00
 1.79087766e+01 3.69430059e+00
 1.86850475e+01 4.24093841e+00
 1.91757389e+01 4.56492123e+00
 1.94125765e+01 4.69069306e+00
 1.94266972e+01 4.63436665e+00
 1.92475628e+01 4.40454647e+00
 1.89018073e+01 4.00494942e+00
 1.84117305e+01 3.43712147e+00
 1.77956914e+01 2.70288006e+00
 1.70711791e+01 1.80676391e+00
 1.62580047e+01 7.58160957e-01
 1.53787331e+01 -4.27953613e-01
 1.44562120e+01 -1.73247012e+00
 1.35103383e+01 -3.13548230e+00
 1.25559762e+01 -4.62008672e+00
 1.16023333e+01 -6.17476601e+00
 1.06534350e+01 -7.79316725e+00
 9.70974221e+00 -9.47161908e+00
 8.77072670e+00 -1.12057769e+01
 7.83739283e+00 -1.29875756e+01
 6.91395077e+00 -1.48029756e+01
 6.00889125e+00 -1.66307077e+01
 5.13589292e+00 -1.84422247e+01
 4.31414459e+00 -2.02029479e+01
 3.56725500e+00 -2.18747010e+01
 2.92070640e+00 -2.34189976e+01
 2.39890800e+00 -2.48004781e+01
 2.02329546e+00 -2.59894681e+01
 1.81245668e+00 -2.69627370e+01
 1.78391391e+00 -2.77023192e+01
 1.95549929e+00 -2.81934178e+01
 2.34450915e+00 -2.84230575e+01
 2.96563083e+00 -2.83805050e+01
 3.83002462e+00 -2.80590491e+01
 4.94561928e+00 -2.74579495e+01
 6.31657054e+00 -2.65839240e+01
 7.94083539e+00 -2.54526131e+01
 9.80651726e+00 -2.40906077e+01
 1.18881362e+01 -2.25374301e+01
 1.41441849e+01 -2.08456503e+01
 1.65174163e+01 -1.90777590e+01
 1.89385494e+01 -1.73002706e+01
 2.13330572e+01 -1.55766674e+01
 2.36306009e+01 -1.39600756e+01
 2.57770322e+01 -1.24854260e+01
 2.77473223e+01 -1.11618814e+01
 2.95533147e+01 -9.96981778e+00
 3.12380601e+01 -8.86802884e+00
 3.28559682e+01 -7.81068388e+00
 3.44506789e+01 -6.76412403e+00
 3.60449141e+01 -5.71292898e+00
 3.76446283e+01 -4.65482652e+00
 3.92484567e+01 -3.59242871e+00
 4.08541225e+01 -2.52824394e+00
 4.24603698e+01 -1.46351456e+00
 4.40667543e+01 -3.98659641e-01
 4.56731634e+01 6.66217475e-01
 4.72795757e+01 1.73109751e+00
 4.88859861e+01 2.79597641e+00
 5.04923755e+01 3.86084130e+00
 5.20986040e+01 4.92559962e+00
 5.37038761e+01 5.98972389e+00
 5.53046813e+01 7.05088711e+00
 5.68890878e+01 8.10117970e+00
 5.84260982e+01 9.12005380e+00
 5.98551070e+01 1.00673343e+01
 6.10898255e+01 1.08858210e+01
 6.20483191e+01 1.15212001e+01
 6.20483191e+01 1.15212001e+01
 6.20483191e+01 1.15212001e+01
 6.20483191e+01 1.15212001e+01
 6.20483191e+01 1.15212001e+01
 6.20483191e+01 1.15212001e+01
 6.20483191e+01 1.15212001e+01
 6.20483191e+01 1.15212001e+01
 6.20483191e+01 1.15212001e+01
 6.20483191e+01 1.15212001e+01
 6.20483191e+01 1.15212001e+01
 6.20483191e+01 1.15212001e+01
 6.20483191e+01 1.15212001e+01
 6.20483191e+01 1.15212001e+01
 6.20483191e+01 1.15212001e+01
 6.20483191e+01 1.15212001e+01
 6.20483191e+01 1.15212001e+01
 6.20483191e+01 1.15212001e+01
 6.20483191e+01 1.15212001e+01
 6.20483191e+01 1.15212001e+01
 6.20483191e+01 1.15212001e+01
 6.20483191e+01 1.15212001e+01
 6.20483191e+01 1.15212001e+01
 6.20483191e+01 1.15212001e+01
 6.20483191e+01 1.15212001e+01
 6.20483191e+01 1.15212001e+01
 6.20483191e+01 1.15212001e+01
 6.20483191e+01 1.15212001e+01
 6.20483191e+01 1.15212001e+01
 6.20483191e+01 1.15212001e+01
 6.20483191e+01 1.15212001e+01
 6.20483191e+01 1.15212001e+01
 6.20483191e+01 1.15212001e+01
 6.20483191e+01 1.15212001e+01
 6.20483191e+01 1.15212001e+01
 6.20483191e+01 1.15212001e+01
 6.20483191e+01 1.15212001e+01
 6.20483191e+01 1.15212001e+01
 6.20483191e+01 1.15212001e+01
 6.20483191e+01 1.15212001e+01
 6.20483191e+01 1.15212001e+01
 6.20483191e+01 1.15212001e+01
 6.20483191e+01 1.15212001e+01
 6.20483191e+01 1.15212001e+01
 6.20483191e+01 1.15212001e+01
 6.20483191e+01 1.15212001e+01
 6.20483191e+01 1.15212001e+01
 6.20483191e+01 1.15212001e+01
 6.20483191e+01 1.15212001e+01
 6.20483191e+01 1.15212001e+01
