 0.00000000e+00 0.00000000e+00
 0.00000000e+00 0.00000000e+00
 0.00000000e+00 0.00000000e+00
 0.00000000e+00 0.00000000e+00
 0.00000000e+00 0.00000000e+00
 0.00000000e+00 0.00000000e+00
 0.00000000e+00 0.00000000e+00
 0.00000000e+00 0.00000000e+00
 0.00000000e+00 0.00000000e+00
 0.00000000e+00 0.00000000e+00
 -1.58679638e-01 7.34561401e-02
 -3.77552826e-01 1.78024424e-01
 -6.52566758e-01 3.14963793e-01
 -9.77358608e-01 4.83997872e-01
 -1.34691332e+00 6.83490979e-01
 -1.75790496e+00 9.09811340e-01
 -2.20720695e+00 1.15684850e+00
 -2.69091367e+00 1.41607507e+00
 -3.20466014e+00 1.67679292e+00
 -3.74455558e+00 1.92645147e+00
 -4.30800499e+00 2.15136662e+00
 -4.89446220e+00 2.33786868e+00
 -5.50629750e+00 2.47325569e+00
 -6.14922377e+00 2.54582276e+00
 -6.83143809e+00 2.54409711e+00
 -7.56153593e+00 2.45655101e+00
 -8.34623803e+00 2.27283512e+00
 -9.18888477e+00 1.98576604e+00
 -1.00888565e+01 1.59237046e+00
 -1.10414764e+01 1.09356885e+00
 -1.20379028e+01 4.93444544e-01
 -1.30649608e+01 -2.01278123e-01
 -1.41053591e+01 -9.81748660e-01
 -1.51385806e+01 -1.83761776e+00
 -1.61420803e+01 -2.75736831e+00
 -1.70921920e+01 -3.72797457e+00
 -1.79645660e+01 -4.73411424e+00
 -1.87344957e+01 -5.75756353e+00
 -1.93778469e+01 -6.77721160e+00
 -1.98730670e+01 -7.76973576e+00
 -2.02037130e+01 -8.71086694e+00
 -2.03601750e+01 -9.57720013e+00
 -2.03399678e+01 -1.03482791e+01
 -2.01471761e+01 -1.10083422e+01
 -1.97917783e+01 -1.15471551e+01
 -1.92888217e+01 -1.19598027e+01
 -1.86569787e+01 -1.22456236e+01
 -1.79164133e+01 -1.24064928e+01
 -1.70866928e+01 -1.24450085e+01
 -1.61857232e+01 -1.23637919e+01
 -1.52299520e+01 -1.21666024e+01
 -1.42351753e+01 -1.18601077e+01
 -1.32170311e+01 -1.14545459e+01
 -1.21907086e+01 -1.09631654e+01
 -1.11702398e+01 -1.04014793e+01
 -1.01681511e+01 -9.78661605e+00
 -9.19567972e+00 -9.13630793e+00
 -8.26294006e+00 -8.46738799e+00
 -7.37843921e+00 -7.79408070e+00
 -6.54808284e+00 -7.12647610e+00
 -5.77438594e+00 -6.46965705e+00
 -5.05639459e+00 -5.82382729e+00
 -4.39010786e+00 -5.18524947e+00
 -3.76889281e+00 -4.54730980e+00
 -3.18386343e+00 -3.90124046e+00
 -2.62466769e+00 -3.23678513e+00
 -2.08085785e+00 -2.54344672e+00
 -1.54338537e+00 -1.81248482e+00
 -1.00567801e+00 -1.03912144e+00
 -4.64275725e-01 -2.24197491e-01
 8.06918854e-02 6.25095811e-01
 6.25127923e-01 1.49528706e+00
 1.16096120e+00 2.36728626e+00
 1.67683625e+00 3.21771742e+00
 2.15944892e+00 4.02109122e+00
 2.59497559e+00 4.75254854e+00
 2.97003090e+00 5.39033803e+00
 3.27183955e+00 5.91703805e+00
 3.48733199e+00 6.31894947e+00
 3.60141259e+00 6.58405657e+00
 3.59615474e+00 6.70011685e+00
 3.45326895e+00 6.65471963e+00
 3.15990889e+00 6.43780924e+00
 2.71449446e+00 6.04520085e+00
 2.12896108e+00 5.48098353e+00
 1.42724692e+00 4.75796876e+00
 6.42388581e-01 3.89688977e+00
 -1.86435244e-01 2.92513497e+00
 -1.01751095e+00 1.87472328e+00
 -1.81136186e+00 7.78782487e-01
 -2.53582917e+00 -3.33166630e-01
 -3.16982393e+00 -1.43936619e+00
 -3.70437141e+00 -2.52747863e+00
 -4.14053404e+00 -3.59313937e+00
 -4.48508864e+00 -4.63633229e+00
 -4.74584091e+00 -5.65717929e+00
 -4.92840462e+00 -6.65258685e+00
 -5.03494075e+00 -7.61462048e+00
 -5.06387186e+00 -8.53073314e+00
 -5.00962296e+00 -9.38533258e+00
 -4.86281679e+00 -1.01618716e+01
 -4.61184191e+00 -1.08447196e+01
 -4.24543818e+00 -1.14203811e+01
 -3.75493459e+00 -1.18779759e+01
 -3.13553522e+00 -1.22091805e+01
 -2.38720992e+00 -1.24080638e+01
 -1.51567921e+00 -1.24713114e+01
 -5.33224216e-01 -1.23989691e+01
 5.41181472e-01 -1.21952521e+01
 1.68254562e+00 -1.18688793e+01
 2.86104847e+00 -1.14328245e+01
 4.04350273e+00 -1.09036560e+01
 5.19536066e+00 -1.03005295e+01
 6.28367434e+00 -9.64385521e+00
 7.28054921e+00 -8.95381117e+00
 8.16597788e+00 -8.24897492e+00
 8.92972555e+00 -7.54528146e+00
 9.57301682e+00 -6.85531185e+00
 1.01100734e+01 -6.18772129e+00
 1.05673231e+01 -5.54670963e+00
 1.09776076e+01 -4.93184345e+00
 1.13704750e+01 -4.33878963e+00
 1.17643412e+01 -3.76112367e+00
 1.21655170e+01 -3.19253810e+00
 1.25729944e+01 -2.62837951e+00
 1.29838684e+01 -2.06598363e+00
 1.33960639e+01 -1.50415535e+00
 1.38086471e+01 -9.42473700e-01
 1.42213175e+01 -3.80822231e-01
 1.46340030e+01 1.80824307e-01
 1.50466905e+01 7.42470147e-01
 1.54593777e+01 1.30411516e+00
 1.58720595e+01 1.86575276e+00
 1.62846999e+01 2.42733415e+00
 1.66970947e+01 2.98858113e+00
 1.71083418e+01 3.54826637e+00
 1.75153762e+01 4.10221816e+00
 1.79102345e+01 4.63959901e+00
 1.82773472e+01 5.13921952e+00
 1.85945466e+01 5.57091085e+00
 1.88407838e+01 5.90602640e+00
 1.88407838e+01 5.90602640e+00
 1.88407838e+01 5.90602640e+00
 1.88407838e+01 5.90602640e+00
 1.88407838e+01 5.90602640e+00
 1.88407838e+01 5.90602640e+00
 1.88407838e+01 5.90602640e+00
 1.88407838e+01 5.90602640e+00
 1.88407838e+01 5.90602640e+00
 1.88407838e+01 5.90602640e+00
 1.88407838e+01 5.90602640e+00
 1.88407838e+01 5.90602640e+00
 1.88407838e+01 5.90602640e+00
 1.88407838e+01 5.90602640e+00
 1.88407838e+01 5.90602640e+00
 1.88407838e+01 5.90602640e+00
 1.88407838e+01 5.90602640e+00
 1.88407838e+01 5.90602640e+00
 1.88407838e+01 5.90602640e+00
 1.88407838e+01 5.90602640e+00
 1.88407838e+01 5.90602640e+00
 1.88407838e+01 5.90602640e+00
 1.88407838e+01 5.90602640e+00
 1.88407838e+01 5.90602640e+00
 1.88407838e+01 5.90602640e+00
 1.88407838e+01 5.90602640e+00
 1.88407838e+01 5.90602640e+00
 1.88407838e+01 5.90602640e+00
 1.88407838e+01 5.90602640e+00
 1.88407838e+01 5.90602640e+00
 1.88407838e+01 5.90602640e+00
 1.88407838e+01 5.90602640e+00
 1.88407838e+01 5.90602640e+00
 1.88407838e+01 5.90602640e+00
 1.88407838e+01 5.90602640e+00
 1.88407838e+01 5.90602640e+00
 1.88407838e+01 5.90602640e+00
 1.88407838e+01 5.90602640e+00
