 0.00000000e+00 0.00000000e+00
 0.00000000e+00 0.00000000e+00
 0.00000000e+00 0.00000000e+00
 0.00000000e+00 0.00000000e+00
 2.22347629e-01 8.51837712e-02
 4.44753184e-01 1.80521053e-01
 6.08360161e-01 2.68187243e-01
 6.66334829e-01 3.30843776e-01
 5.98174664e-01 3.54650363e-01
 4.08440016e-01 3.27417776e-01
 1.14689694e-01 2.34906906e-01
 -2.67593780e-01 5.86101611e-02
 -7.35744504e-01 -2.24692757e-01
 -1.30206679e+00 -6.42930285e-01
 -1.98878884e+00 -1.22835458e+00
 -2.82060730e+00 -2.01570332e+00
 -3.81843265e+00 -3.03846863e+00
 -4.99537290e+00 -4.32385460e+00
 -6.35464053e+00 -5.88742744e+00
 -7.88867078e+00 -7.72865967e+00
 -9.57878521e+00 -9.82861641e+00
 -1.13952632e+01 -1.21505507e+01
 -1.32984771e+01 -1.46431843e+01
 -1.52420209e+01 -1.72455822e+01
 -1.71777139e+01 -1.98924826e+01
 -1.90606413e+01 -2.25195092e+01
 -2.08521045e+01 -2.50679068e+01
 -2.25201704e+01 -2.74881576e+01
 -2.40393118e+01 -2.97417944e+01
 -2.53903588e+01 -3.18011459e+01
 -2.65604381e+01 -3.36473917e+01
 -2.75419832e+01 -3.52679795e+01
 -2.83307052e+01 -3.66544961e+01
 -2.89233793e+01 -3.78011776e+01
 -2.93166620e+01 -3.87035128e+01
 -2.95077553e+01 -3.93569557e+01
 -2.94964446e+01 -3.97567307e+01
 -2.92866945e+01 -3.98994033e+01
 -2.88862591e+01 -3.97852589e+01
 -2.83047215e+01 -3.94195313e+01
 -2.75519352e+01 -3.88115392e+01
 -2.66381735e+01 -3.79727210e+01
 -2.55750471e+01 -3.69151860e+01
 -2.43749799e+01 -3.56511477e+01
 -2.30483786e+01 -3.41921861e+01
 -2.16002546e+01 -3.25476069e+01
 -2.00290320e+01 -3.07229332e+01
 -1.83286098e+01 -2.87205136e+01
 -1.64922431e+01 -2.65431474e+01
 -1.45160270e+01 -2.41996639e+01
 -1.24013548e+01 -2.17104249e+01
 -1.01575831e+01 -1.91111905e+01
 -7.80583052e+00 -1.64545991e+01
 -5.38274957e+00 -1.38086716e+01
 -2.94168025e+00 -1.12518141e+01
 -5.49300251e-01 -8.86472022e+00
 1.72184273e+00 -6.72097771e+00
 3.80256834e+00 -4.87894636e+00
 5.63546222e+00 -3.37710823e+00
 7.18066427e+00 -2.23363707e+00
 8.41805987e+00 -1.44897893e+00
 9.34601903e+00 -1.00930497e+00
 9.97830685e+00 -8.89669862e-01
 1.03407126e+01 -1.05707337e+00
 1.04671884e+01 -1.47366693e+00
 1.03948390e+01 -2.09972926e+00
 1.01588175e+01 -2.89588510e+00
 9.78913170e+00 -3.82426783e+00
 9.31016973e+00 -4.84896918e+00
 8.74217012e+00 -5.93701249e+00
 8.10311739e+00 -7.06083390e+00
 7.40958249e+00 -8.20146168e+00
 6.67596178e+00 -9.35021603e+00
 5.91297777e+00 -1.05074800e+01
 5.12699033e+00 -1.16790970e+01
 4.32105182e+00 -1.28721976e+01
 3.49736954e+00 -1.40918578e+01
 2.65999376e+00 -1.53388758e+01
 1.81664221e+00 -1.66084933e+01
 9.79255000e-01 -1.78901135e+01
 1.63530204e-01 -1.91680741e+01
 -6.12098742e-01 -2.04231028e+01
 -1.32780172e+00 -2.16338623e+01
 -1.96391507e+00 -2.27782524e+01
 -2.50251778e+00 -2.38345491e+01
 -2.92880104e+00 -2.47825767e+01
 -3.23199988e+00 -2.56047493e+01
 -3.40525598e+00 -2.62863979e+01
 -3.44383639e+00 -2.68149438e+01
 -3.34241049e+00 -2.71781060e+01
 -3.09290088e+00 -2.73617888e+01
 -2.68327226e+00 -2.73484635e+01
 -2.09666510e+00 -2.71170542e+01
 -1.31147679e+00 -2.66452020e+01
 -3.04143603e-01 -2.59138178e+01
 9.44717326e-01 -2.49128487e+01
 2.44213004e+00 -2.36471846e+01
 4.17488773e+00 -2.21417631e+01
 6.10441391e+00 -2.04442435e+01
 8.16639564e+00 -1.86232760e+01
 1.02761365e+01 -1.67618642e+01
 1.23388352e+01 -1.49474654e+01
 1.42627818e+01 -1.32609394e+01
 1.59738929e+01 -1.17650942e+01
 1.74307988e+01 -1.04928978e+01
 1.86374398e+01 -9.43795116e+00
 1.96448639e+01 -8.55425873e+00
 2.05339613e+01 -7.77176246e+00
 2.13835992e+01 -7.02332896e+00
 2.22436938e+01 -6.26685955e+00
 2.31299531e+01 -5.48909915e+00
 2.40372661e+01 -4.69415632e+00
 2.49556841e+01 -3.89015878e+00
 2.58783825e+01 -3.08267694e+00
 2.68023304e+01 -2.27417978e+00
 2.77265586e+01 -1.46545515e+00
 2.86508356e+01 -6.56691079e-01
 2.95751190e+01 1.52078224e-01
 3.04994018e+01 9.60846985e-01
 3.14236726e+01 1.76960513e+00
 3.23478508e+01 2.57828233e+00
 3.32714786e+01 3.38647798e+00
 3.41925364e+01 4.19242473e+00
 3.51041588e+01 4.99011530e+00
 3.59885109e+01 5.76394373e+00
 3.68107219e+01 6.48339726e+00
 3.75211438e+01 7.10503278e+00
 3.80726337e+01 7.58759917e+00
 3.80726337e+01 7.58759917e+00
 3.80726337e+01 7.58759917e+00
 3.80726337e+01 7.58759917e+00
 3.80726337e+01 7.58759917e+00
 3.80726337e+01 7.58759917e+00
 3.80726337e+01 7.58759917e+00
 3.80726337e+01 7.58759917e+00
 3.80726337e+01 7.58759917e+00
 3.80726337e+01 7.58759917e+00
 3.80726337e+01 7.58759917e+00
 3.80726337e+01 7.58759917e+00
 3.80726337e+01 7.58759917e+00
 3.80726337e+01 7.58759917e+00
 3.80726337e+01 7.58759917e+00
 3.80726337e+01 7.58759917e+00
 3.80726337e+01 7.58759917e+00
 3.80726337e+01 7.58759917e+00
 3.80726337e+01 7.58759917e+00
 3.80726337e+01 7.58759917e+00
 3.80726337e+01 7.58759917e+00
 3.80726337e+01 7.58759917e+00
 3.80726337e+01 7.58759917e+00
 3.80726337e+01 7.58759917e+00
 3.80726337e+01 7.58759917e+00
 3.80726337e+01 7.58759917e+00
 3.80726337e+01 7.58759917e+00
 3.80726337e+01 7.58759917e+00
 3.80726337e+01 7.58759917e+00
 3.80726337e+01 7.58759917e+00
 3.80726337e+01 7.58759917e+00
 3.80726337e+01 7.58759917e+00
 3.80726337e+01 7.58759917e+00
 3.80726337e+01 7.58759917e+00
 3.80726337e+01 7.58759917e+00
 3.80726337e+01 7.58759917e+00
 3.80726337e+01 7.58759917e+00
 3.80726337e+01 7.58759917e+00
 3.80726337e+01 7.58759917e+00
 3.80726337e+01 7.58759917e+00
 3.80726337e+01 7.58759917e+00
 3.80726337e+01 7.58759917e+00
 3.80726337e+01 7.58759917e+00
 3.80726337e+01 7.58759917e+00
 3.80726337e+01 7.58759917e+00
 3.80726337e+01 7.58759917e+00
 3.80726337e+01 7.58759917e+00
 3.80726337e+01 7.58759917e+00
 3.80726337e+01 7.58759917e+00
