 0.00000000e+00 0.00000000e+00
 0.00000000e+00 0.00000000e+00
 0.00000000e+00 0.00000000e+00
 0.00000000e+00 0.00000000e+00
 0.00000000e+00 0.00000000e+00
 0.00000000e+00 0.00000000e+00
 0.00000000e+00 0.00000000e+00
 0.00000000e+00 0.00000000e+00
 0.00000000e+00 0.00000000e+00
 0.00000000e+00 0.00000000e+00
 -1.48923981e-01 7.58592587e-02
 -3.54944181e-01 1.72396552e-01
 -6.12859532e-01 2.80568965e-01
 -9.13477011e-01 3.89355433e-01
 -1.24783904e+00 4.88526722e-01
 -1.60914575e+00 5.70020696e-01
 -1.99254828e+00 6.28567519e-01
 -2.39424656e+00 6.61631269e-01
 -2.81100508e+00 6.68010648e-01
 -3.24020161e+00 6.45737584e-01
 -3.67996081e+00 5.91378254e-01
 -4.12921444e+00 5.01494718e-01
 -4.58786289e+00 3.74386188e-01
 -5.05708516e+00 2.10240479e-01
 -5.53970306e+00 1.01047837e-02
 -6.04047391e+00 -2.24998478e-01
 -6.56606226e+00 -4.94460384e-01
 -7.12448318e+00 -7.98259576e-01
 -7.72412846e+00 -1.13699589e+00
 -8.37262264e+00 -1.51183089e+00
 -9.07558687e+00 -1.92450860e+00
 -9.83535813e+00 -2.37737263e+00
 -1.06499152e+01 -2.87304288e+00
 -1.15123161e+01 -3.41371511e+00
 -1.24107169e+01 -4.00047687e+00
 -1.33287963e+01 -4.63287724e+00
 -1.42463997e+01 -5.30850692e+00
 -1.51404245e+01 -6.02241558e+00
 -1.59861226e+01 -6.76677437e+00
 -1.67588548e+01 -7.53125630e+00
 -1.74360446e+01 -8.30390110e+00
 -1.79989478e+01 -9.07179416e+00
 -1.84339217e+01 -9.82140316e+00
 -1.87330217e+01 -1.05391404e+01
 -1.88939079e+01 -1.12125649e+01
 -1.89191652e+01 -1.18317063e+01
 -1.88151977e+01 -1.23895430e+01
 -1.85907891e+01 -1.28813741e+01
 -1.82552668e+01 -1.33037639e+01
 -1.78163385e+01 -1.36537698e+01
 -1.72783138e+01 -1.39285835e+01
 -1.66418425e+01 -1.41253845e+01
 -1.59056358e+01 -1.42411211e+01
 -1.50693807e+01 -1.42719486e+01
 -1.41365041e+01 -1.42125706e+01
 -1.31157837e+01 -1.40564599e+01
 -1.20213962e+01 -1.37975087e+01
 -1.08716567e+01 -1.34322181e+01
 -9.68717805e+00 -1.29609749e+01
 -8.48898418e+00 -1.23879190e+01
 -7.29667966e+00 -1.17200209e+01
 -6.12692315e+00 -1.09662600e+01
 -4.99270285e+00 -1.01373293e+01
 -3.90360589e+00 -9.24563878e+00
 -2.86685327e+00 -8.30510714e+00
 -1.88872461e+00 -7.33051420e+00
 -9.75792239e-01 -6.33668701e+00
 -1.35222302e-01 -5.33804135e+00
 6.26118097e-01 -4.34877971e+00
 1.30311989e+00 -3.38348507e+00
 1.89352697e+00 -2.45750103e+00
 2.39825061e+00 -1.58672756e+00
 2.82106211e+00 -7.86824173e-01
 3.16795613e+00 -7.18543569e-02
 3.44637304e+00 5.47433587e-01
 3.66445125e+00 1.06499001e+00
 3.83053834e+00 1.47977743e+00
 3.95294499e+00 1.79512120e+00
 4.03940771e+00 2.01786413e+00
 4.09585852e+00 2.15744351e+00
 4.12495996e+00 2.22390083e+00
 4.12516502e+00 2.22447475e+00
 4.09080194e+00 2.16071246e+00
 4.01362125e+00 2.02853339e+00
 3.88538377e+00 1.82094372e+00
 3.69967630e+00 1.53076268e+00
 3.45190755e+00 1.15178165e+00
 3.13877827e+00 6.79047944e-01
 2.75875948e+00 1.09341481e-01
 2.31331694e+00 -5.58124222e-01
 1.80788865e+00 -1.32116489e+00
 1.25233995e+00 -2.17428499e+00
 6.61043173e-01 -3.10852474e+00
 5.25150669e-02 -4.11167496e+00
 -5.51575405e-01 -5.16868968e+00
 -1.12800669e+00 -6.26177718e+00
 -1.65381719e+00 -7.37019811e+00
 -2.10777697e+00 -8.47055834e+00
 -2.47138181e+00 -9.53820185e+00
 -2.72978863e+00 -1.05493995e+01
 -2.87297115e+00 -1.14834131e+01
 -2.89660056e+00 -1.23236930e+01
 -2.80170236e+00 -1.30580947e+01
 -2.59272541e+00 -1.36784150e+01
 -2.27488124e+00 -1.41795784e+01
 -1.85220878e+00 -1.45587285e+01
 -1.32718034e+00 -1.48144222e+01
 -7.01630512e-01 -1.49460363e+01
 2.16529125e-02 -1.49534895e+01
 8.37192890e-01 -1.48375353e+01
 1.73510133e+00 -1.46008356e+01
 2.69933167e+00 -1.42494497e+01
 3.70634990e+00 -1.37937908e+01
 4.72543925e+00 -1.32484137e+01
 5.72155984e+00 -1.26309840e+01
 6.66036038e+00 -1.19611528e+01
 7.51419006e+00 -1.12594586e+01
 8.26805823e+00 -1.05458359e+01
 8.92397370e+00 -9.83755508e+00
 9.50087701e+00 -9.14702138e+00
 1.00280381e+01 -8.48022824e+00
 1.05340377e+01 -7.83671168e+00
 1.10377759e+01 -7.21139368e+00
 1.15466203e+01 -6.59761143e+00
 1.20605764e+01 -5.98975229e+00
 1.25774160e+01 -5.38434300e+00
 1.30954013e+01 -4.77974499e+00
 1.36137265e+01 -4.17536090e+00
 1.41321288e+01 -3.57102153e+00
 1.46505445e+01 -2.96668955e+00
 1.51689620e+01 -2.36235860e+00
 1.56873789e+01 -1.75802856e+00
 1.62057891e+01 -1.15370650e+00
 1.67241473e+01 -5.49444927e-01
 1.72421969e+01 5.44568254e-02
 1.77588050e+01 6.56678143e-01
 1.82701208e+01 1.25273027e+00
 1.87661412e+01 1.83095206e+00
 1.92273075e+01 2.36854373e+00
 1.96257729e+01 2.83304360e+00
 1.99350957e+01 3.19362794e+00
 1.99350957e+01 3.19362794e+00
 1.99350957e+01 3.19362794e+00
 1.99350957e+01 3.19362794e+00
 1.99350957e+01 3.19362794e+00
 1.99350957e+01 3.19362794e+00
 1.99350957e+01 3.19362794e+00
 1.99350957e+01 3.19362794e+00
 1.99350957e+01 3.19362794e+00
 1.99350957e+01 3.19362794e+00
 1.99350957e+01 3.19362794e+00
 1.99350957e+01 3.19362794e+00
 1.99350957e+01 3.19362794e+00
 1.99350957e+01 3.19362794e+00
 1.99350957e+01 3.19362794e+00
 1.99350957e+01 3.19362794e+00
 1.99350957e+01 3.19362794e+00
 1.99350957e+01 3.19362794e+00
 1.99350957e+01 3.19362794e+00
 1.99350957e+01 3.19362794e+00
 1.99350957e+01 3.19362794e+00
 1.99350957e+01 3.19362794e+00
 1.99350957e+01 3.19362794e+00
 1.99350957e+01 3.19362794e+00
 1.99350957e+01 3.19362794e+00
 1.99350957e+01 3.19362794e+00
 1.99350957e+01 3.19362794e+00
 1.99350957e+01 3.19362794e+00
 1.99350957e+01 3.19362794e+00
 1.99350957e+01 3.19362794e+00
 1.99350957e+01 3.19362794e+00
 1.99350957e+01 3.19362794e+00
 1.99350957e+01 3.19362794e+00
 1.99350957e+01 3.19362794e+00
 1.99350957e+01 3.19362794e+00
 1.99350957e+01 3.19362794e+00
 1.99350957e+01 3.19362794e+00
 1.99350957e+01 3.19362794e+00
