 0.00000000e+00 0.00000000e+00
 0.00000000e+00 0.00000000e+00
 0.00000000e+00 0.00000000e+00
 0.00000000e+00 0.00000000e+00
 1.13929110e-01 1.59080422e-01
 2.36248873e-01 3.29095627e-01
 3.39574453e-01 4.67675699e-01
 3.95321966e-01 5.28932126e-01
 3.76721009e-01 4.69850217e-01
 2.58010397e-01 2.50705926e-01
 1.39606800e-02 -1.65542428e-01
 -3.78717784e-01 -8.11119272e-01
 -9.39814557e-01 -1.70946067e+00
 -1.68477842e+00 -2.87210665e+00
 -2.62329456e+00 -4.29754305e+00
 -3.75680726e+00 -5.97144127e+00
 -5.07688963e+00 -7.86789654e+00
 -6.56628843e+00 -9.95205363e+00
 -8.20201234e+00 -1.21842852e+01
 -9.95833879e+00 -1.45248684e+01
 -1.18085471e+01 -1.69373091e+01
 -1.37257880e+01 -1.93891215e+01
 -1.56838667e+01 -2.18504697e+01
 -1.76579843e+01 -2.42921965e+01
 -1.96248498e+01 -2.66845117e+01
 -2.15615908e+01 -2.89965154e+01
 -2.34434630e+01 -3.11961378e+01
 -2.52413041e+01 -3.32504868e+01
 -2.69204756e+01 -3.51271577e+01
 -2.84426824e+01 -3.67967810e+01
 -2.97702896e+01 -3.82360973e+01
 -3.08709026e+01 -3.94299987e+01
 -3.17198215e+01 -4.03712020e+01
 -3.22998774e+01 -4.10576114e+01
 -3.26002783e+01 -4.14889816e+01
 -3.26160912e+01 -4.16648992e+01
 -3.23481229e+01 -4.15849011e+01
 -3.18019599e+01 -4.12497017e+01
 -3.09860027e+01 -4.06618008e+01
 -2.99096940e+01 -3.98249273e+01
 -2.85830183e+01 -3.87434015e+01
 -2.70171967e+01 -3.74226961e+01
 -2.52258693e+01 -3.58712920e+01
 -2.32264366e+01 -3.41028928e+01
 -2.10416594e+01 -3.21380470e+01
 -1.87012718e+01 -3.00048131e+01
 -1.62427872e+01 -2.77386233e+01
 -1.37108653e+01 -2.53817374e+01
 -1.11554269e+01 -2.29825507e+01
 -8.62918092e+00 -2.05944899e+01
 -6.18504515e+00 -1.82737441e+01
 -3.87348118e+00 -1.60754317e+01
 -1.73953016e+00 -1.40489287e+01
 1.80399837e-01 -1.22337308e+01
 1.86135372e+00 -1.06567314e+01
 3.29132682e+00 -9.33098958e+00
 4.47088011e+00 -8.25603236e+00
 5.41106680e+00 -7.42022808e+00
 6.13040954e+00 -6.80571367e+00
 6.65161919e+00 -6.39519617e+00
 6.99831204e+00 -6.17832596e+00
 7.19180391e+00 -6.15472512e+00
 7.24856786e+00 -6.33220077e+00
 7.17960087e+00 -6.72143904e+00
 6.99232954e+00 -7.33034113e+00
 6.69371710e+00 -8.16052530e+00
 6.29233328e+00 -9.20604815e+00
 5.79864554e+00 -1.04526031e+01
 5.22455049e+00 -1.18762737e+01
 4.58319205e+00 -1.34432659e+01
 3.88913054e+00 -1.51126515e+01
 3.15829768e+00 -1.68418158e+01
 2.40733141e+00 -1.85916447e+01
 1.65259160e+00 -2.03285436e+01
 9.09672887e-01 -2.20228703e+01
 1.93961236e-01 -2.36457365e+01
 -4.78057135e-01 -2.51667548e+01
 -1.08772350e+00 -2.65543451e+01
 -1.61428358e+00 -2.77784125e+01
 -2.03611148e+00 -2.88134829e+01
 -2.33216152e+00 -2.96400316e+01
 -2.48272282e+00 -3.02433846e+01
 -2.46933069e+00 -3.06118910e+01
 -2.27448344e+00 -3.07367160e+01
 -1.88206628e+00 -3.06137798e+01
 -1.27881602e+00 -3.02459991e+01
 -4.56245073e-01 -2.96437074e+01
 5.87692540e-01 -2.88231915e+01
 1.84730181e+00 -2.78051471e+01
 3.30823008e+00 -2.66143989e+01
 4.94744282e+00 -2.52803236e+01
 6.73447842e+00 -2.38364333e+01
 8.63355934e+00 -2.23183587e+01
 1.06057786e+01 -2.07608845e+01
 1.26109709e+01 -1.91954357e+01
 1.46092518e+01 -1.76491106e+01
 1.65621988e+01 -1.61453643e+01
 1.84336464e+01 -1.47054577e+01
 2.01902926e+01 -1.33494272e+01
 2.18024996e+01 -1.20958355e+01
 2.32455234e+01 -1.09604481e+01
 2.45011835e+01 -9.95444051e+00
 2.55600453e+01 -9.08255578e+00
 2.64242025e+01 -8.34135525e+00
 2.71100938e+01 -7.71797184e+00
 2.76495623e+01 -7.19042610e+00
 2.80865374e+01 -6.73065135e+00
 2.84680237e+01 -6.31014157e+00
 2.88323496e+01 -5.90608688e+00
 2.92014180e+01 -5.50484628e+00
 2.95815189e+01 -5.10118912e+00
 2.99702886e+01 -4.69478078e+00
 3.03635670e+01 -4.28678203e+00
 3.07585677e+01 -3.87814579e+00
 3.11540684e+01 -3.46931953e+00
 3.15496807e+01 -3.06045007e+00
 3.19453124e+01 -2.65157305e+00
 3.23409466e+01 -2.24269504e+00
 3.27365806e+01 -1.83381749e+00
 3.31322094e+01 -1.42494532e+00
 3.35277986e+01 -1.01611406e+00
 3.39231522e+01 -6.07526262e-01
 3.43174058e+01 -2.00075407e-01
 3.47076205e+01 2.03201494e-01
 3.50861624e+01 5.94414755e-01
 3.54381051e+01 9.58138483e-01
 3.57421971e+01 1.27240977e+00
 3.59782592e+01 1.51637390e+00
 3.59782592e+01 1.51637390e+00
 3.59782592e+01 1.51637390e+00
 3.59782592e+01 1.51637390e+00
 3.59782592e+01 1.51637390e+00
 3.59782592e+01 1.51637390e+00
 3.59782592e+01 1.51637390e+00
 3.59782592e+01 1.51637390e+00
 3.59782592e+01 1.51637390e+00
 3.59782592e+01 1.51637390e+00
 3.59782592e+01 1.51637390e+00
 3.59782592e+01 1.51637390e+00
 3.59782592e+01 1.51637390e+00
 3.59782592e+01 1.51637390e+00
 3.59782592e+01 1.51637390e+00
 3.59782592e+01 1.51637390e+00
 3.59782592e+01 1.51637390e+00
 3.59782592e+01 1.51637390e+00
 3.59782592e+01 1.51637390e+00
 3.59782592e+01 1.51637390e+00
 3.59782592e+01 1.51637390e+00
 3.59782592e+01 1.51637390e+00
 3.59782592e+01 1.51637390e+00
 3.59782592e+01 1.51637390e+00
 3.59782592e+01 1.51637390e+00
 3.59782592e+01 1.51637390e+00
 3.59782592e+01 1.51637390e+00
 3.59782592e+01 1.51637390e+00
 3.59782592e+01 1.51637390e+00
 3.59782592e+01 1.51637390e+00
 3.59782592e+01 1.51637390e+00
 3.59782592e+01 1.51637390e+00
 3.59782592e+01 1.51637390e+00
 3.59782592e+01 1.51637390e+00
 3.59782592e+01 1.51637390e+00
 3.59782592e+01 1.51637390e+00
 3.59782592e+01 1.51637390e+00
 3.59782592e+01 1.51637390e+00
 3.59782592e+01 1.51637390e+00
 3.59782592e+01 1.51637390e+00
 3.59782592e+01 1.51637390e+00
 3.59782592e+01 1.51637390e+00
 3.59782592e+01 1.51637390e+00
 3.59782592e+01 1.51637390e+00
 3.59782592e+01 1.51637390e+00
 3.59782592e+01 1.51637390e+00
 3.59782592e+01 1.51637390e+00
 3.59782592e+01 1.51637390e+00
 3.59782592e+01 1.51637390e+00
