 0.00000000e+00 0.00000000e+00
 0.00000000e+00 0.00000000e+00
 0.00000000e+00 0.00000000e+00
 0.00000000e+00 0.00000000e+00
 0.00000000e+00 0.00000000e+00
 0.00000000e+00 0.00000000e+00
 0.00000000e+00 0.00000000e+00
 0.00000000e+00 0.00000000e+00
 0.00000000e+00 0.00000000e+00
 0.00000000e+00 0.00000000e+00
 0.00000000e+00 0.00000000e+00
 0.00000000e+00 0.00000000e+00
 0.00000000e+00 0.00000000e+00
 -1.09264921e-01 2.63076655e-03
 -2.75608625e-01 -4.31822692e-02
 -5.15331289e-01 -1.84609938e-01
 -8.47818528e-01 -4.75739998e-01
 -1.29356923e+00 -9.68501210e-01
 -1.87069677e+00 -1.70475096e+00
 -2.59168499e+00 -2.71124404e+00
 -3.46084945e+00 -3.99749104e+00
 -4.47219833e+00 -5.55520385e+00
 -5.60814457e+00 -7.35811526e+00
 -6.84020999e+00 -9.36257783e+00
 -8.13219398e+00 -1.15106489e+01
 -9.44482280e+00 -1.37365285e+01
 -1.07401821e+01 -1.59748938e+01
 -1.19848680e+01 -1.81681398e+01
 -1.31517506e+01 -2.02700842e+01
 -1.42205267e+01 -2.22457734e+01
 -1.51772605e+01 -2.40690864e+01
 -1.60134234e+01 -2.57204132e+01
 -1.67250310e+01 -2.71855819e+01
 -1.73118738e+01 -2.84557388e+01
 -1.77761773e+01 -2.95272966e+01
 -1.81202378e+01 -3.04012295e+01
 -1.83436228e+01 -3.10812714e+01
 -1.84412964e+01 -3.15711266e+01
 -1.84035183e+01 -3.18717995e+01
 -1.82170816e+01 -3.19806488e+01
 -1.78669318e+01 -3.18927952e+01
 -1.73378140e+01 -3.16037620e+01
 -1.66160999e+01 -3.11115238e+01
 -1.56916555e+01 -3.04171455e+01
 -1.45593567e+01 -2.95247426e+01
 -1.32201399e+01 -2.84420251e+01
 -1.16816697e+01 -2.71817939e+01
 -9.95858107e+00 -2.57633536e+01
 -8.07244356e+00 -2.42123599e+01
 -6.05186573e+00 -2.25588469e+01
 -3.93272716e+00 -2.08349200e+01
 -1.75790163e+00 -1.90738783e+01
 4.23884596e-01 -1.73110171e+01
 2.55975949e+00 -1.55846912e+01
 4.59491191e+00 -1.39359000e+01
 6.47596728e+00 -1.24056764e+01
 8.15594310e+00 -1.10309154e+01
 9.59986025e+00 -9.83999987e+00
 1.07890717e+01 -8.84953014e+00
 1.17225369e+01 -8.06313131e+00
 1.24144805e+01 -7.47286875e+00
 1.28895261e+01 -7.06309063e+00
 1.31771611e+01 -6.81563281e+00
 1.33065445e+01 -6.71456130e+00
 1.33020105e+01 -6.74861685e+00
 1.31806174e+01 -6.91092488e+00
 1.29534021e+01 -7.19732835e+00
 1.26295809e+01 -7.60470155e+00
 1.22206534e+01 -8.12910772e+00
 1.17422681e+01 -8.76330604e+00
 1.12140696e+01 -9.49436919e+00
 1.06585807e+01 -1.03028987e+01
 1.00994819e+01 -1.11644951e+01
 9.55916080e+00 -1.20527801e+01
 9.05590365e+00 -1.29425057e+01
 8.60200967e+00 -1.38114712e+01
 8.20408210e+00 -1.46409063e+01
 7.86523991e+00 -1.54149671e+01
 7.58735852e+00 -1.61202982e+01
 7.37177746e+00 -1.67461102e+01
 7.21925378e+00 -1.72844410e+01
 7.13139234e+00 -1.77298793e+01
 7.11375846e+00 -1.80784336e+01
 7.17777622e+00 -1.83259611e+01
 7.33941104e+00 -1.84667521e+01
 7.61651095e+00 -1.84926426e+01
 8.02723090e+00 -1.83932189e+01
 8.58874919e+00 -1.81577677e+01
 9.31436736e+00 -1.77785079e+01
 1.02094863e+01 -1.72534571e+01
 1.12686485e+01 -1.65879750e+01
 1.24748709e+01 -1.57955288e+01
 1.38007950e+01 -1.48982009e+01
 1.52105157e+01 -1.39263182e+01
 1.66614591e+01 -1.29163793e+01
 1.81067063e+01 -1.19074671e+01
 1.94984911e+01 -1.09372527e+01
 2.07927388e+01 -1.00386807e+01
 2.19535030e+01 -9.23779641e+00
 2.29560637e+01 -8.55277293e+00
 2.37879477e+01 -7.99421810e+00
 2.44478769e+01 -7.56667441e+00
 2.49437353e+01 -7.27061538e+00
 2.52911163e+01 -7.10392443e+00
 2.55125891e+01 -7.06234931e+00
 2.56357524e+01 -7.13920897e+00
 2.56887213e+01 -7.32498818e+00
 2.56951655e+01 -7.60739405e+00
 2.56727885e+01 -7.97196777e+00
 2.56361896e+01 -8.40254297e+00
 2.56011528e+01 -8.88086635e+00
 2.55871358e+01 -9.38604686e+00
 2.56169369e+01 -9.89524869e+00
 2.57142429e+01 -1.03857096e+01
 2.59008282e+01 -1.08364797e+01
 2.61953834e+01 -1.12285302e+01
 2.66142369e+01 -1.15436072e+01
 2.71720935e+01 -1.17632997e+01
 2.78810363e+01 -1.18692674e+01
 2.87479979e+01 -1.18443978e+01
 2.97721361e+01 -1.16744683e+01
 3.09430968e+01 -1.13507237e+01
 3.22400747e+01 -1.08739570e+01
 3.36313949e+01 -1.02593299e+01
 3.50758386e+01 -9.53916134e+00
 3.65284491e+01 -8.75959830e+00
 3.79513819e+01 -7.96901620e+00
 3.93245589e+01 -7.20269430e+00
 4.06483408e+01 -6.47392824e+00
 4.19362536e+01 -5.77756626e+00
 4.32041338e+01 -5.10111633e+00
 4.44632677e+01 -4.43390760e+00
 4.57194002e+01 -3.77000614e+00
 4.69747220e+01 -3.10702517e+00
 4.82298716e+01 -2.44424414e+00
 4.94849924e+01 -1.78149704e+00
 5.07401094e+01 -1.11875453e+00
 5.19952242e+01 -4.56013378e-01
 5.32503224e+01 2.06718993e-01
 5.45052951e+01 8.69385035e-01
 5.57595204e+01 1.53165647e+00
 5.70102556e+01 2.19208506e+00
 5.82481783e+01 2.84574817e+00
 5.94490697e+01 3.47985757e+00
 6.05655776e+01 4.06940977e+00
 6.15302834e+01 4.57880554e+00
 6.22791701e+01 4.97424189e+00
 6.22791701e+01 4.97424189e+00
 6.22791701e+01 4.97424189e+00
 6.22791701e+01 4.97424189e+00
 6.22791701e+01 4.97424189e+00
 6.22791701e+01 4.97424189e+00
 6.22791701e+01 4.97424189e+00
 6.22791701e+01 4.97424189e+00
 6.22791701e+01 4.97424189e+00
 6.22791701e+01 4.97424189e+00
 6.22791701e+01 4.97424189e+00
 6.22791701e+01 4.97424189e+00
 6.22791701e+01 4.97424189e+00
 6.22791701e+01 4.97424189e+00
 6.22791701e+01 4.97424189e+00
 6.22791701e+01 4.97424189e+00
 6.22791701e+01 4.97424189e+00
 6.22791701e+01 4.97424189e+00
 6.22791701e+01 4.97424189e+00
 6.22791701e+01 4.97424189e+00
 6.22791701e+01 4.97424189e+00
 6.22791701e+01 4.97424189e+00
 6.22791701e+01 4.97424189e+00
 6.22791701e+01 4.97424189e+00
 6.22791701e+01 4.97424189e+00
 6.22791701e+01 4.97424189e+00
 6.22791701e+01 4.97424189e+00
 6.22791701e+01 4.97424189e+00
 6.22791701e+01 4.97424189e+00
 6.22791701e+01 4.97424189e+00
