 0.00000000e+00 0.00000000e+00
 0.00000000e+00 0.00000000e+00
 0.00000000e+00 0.00000000e+00
 0.00000000e+00 0.00000000e+00
 0.00000000e+00 0.00000000e+00
 0.00000000e+00 0.00000000e+00
 0.00000000e+00 0.00000000e+00
 0.00000000e+00 0.00000000e+00
 0.00000000e+00 0.00000000e+00
 0.00000000e+00 0.00000000e+00
 9.05677566e-03 7.75633657e-02
 -7.52671034e-03 1.66646511e-01
 -6.73835129e-02 2.55319067e-01
 -1.83103869e-01 3.35147186e-01
 -3.60459254e-01 4.03743778e-01
 -6.00642473e-01 4.62262780e-01
 -9.03641587e-01 5.11381406e-01
 -1.27021394e+00 5.49566925e-01
 -1.70218260e+00 5.73981106e-01
 -2.20204111e+00 5.81734988e-01
 -2.77250945e+00 5.69854329e-01
 -3.41626723e+00 5.34661400e-01
 -4.13622194e+00 4.71997744e-01
 -4.93645068e+00 3.78108813e-01
 -5.82322304e+00 2.49794669e-01
 -6.80523093e+00 8.32802130e-02
 -7.89264525e+00 -1.27377383e-01
 -9.09525310e+00 -3.91330308e-01
 -1.04201266e+01 -7.21049621e-01
 -1.18691491e+01 -1.13159650e+00
 -1.34368973e+01 -1.63925473e+00
 -1.51098390e+01 -2.25973353e+00
 -1.68673971e+01 -3.00612653e+00
 -1.86838067e+01 -3.88678885e+00
 -2.05288140e+01 -4.90352719e+00
 -2.23667691e+01 -6.05078174e+00
 -2.41558750e+01 -7.31611536e+00
 -2.58493451e+01 -8.68142069e+00
 -2.73982833e+01 -1.01238911e+01
 -2.87549422e+01 -1.16165213e+01
 -2.98756561e+01 -1.31289006e+01
 -3.07236580e+01 -1.46290329e+01
 -3.12719043e+01 -1.60856905e+01
 -3.15053704e+01 -1.74699449e+01
 -3.14220426e+01 -1.87552767e+01
 -3.10321834e+01 -1.99170439e+01
 -3.03559286e+01 -2.09322913e+01
 -2.94196583e+01 -2.17800478e+01
 -2.82519937e+01 -2.24417841e+01
 -2.68805912e+01 -2.29019596e+01
 -2.53307234e+01 -2.31487606e+01
 -2.36258667e+01 -2.31749404e+01
 -2.17895778e+01 -2.29786917e+01
 -1.98475184e+01 -2.25647245e+01
 -1.78287922e+01 -2.19453938e+01
 -1.57663637e+01 -2.11410681e+01
 -1.36967012e+01 -2.01790804e+01
 -1.16588253e+01 -1.90914264e+01
 -9.69282842e+00 -1.79118479e+01
 -7.83797677e+00 -1.66728722e+01
 -6.13073275e+00 -1.54031859e+01
 -4.60308262e+00 -1.41256665e+01
 -3.28139361e+00 -1.28564451e+01
 -2.18585452e+00 -1.16051972e+01
 -1.33030490e+00 -1.03764548e+01
 -7.22176320e-01 -9.17157828e+00
 -3.62756224e-01 -7.99114772e+00
 -2.48326181e-01 -6.83745602e+00
 -3.72041971e-01 -5.71648592e+00
 -7.25585529e-01 -4.63878193e+00
 -1.29995554e+00 -3.61926261e+00
 -2.08569915e+00 -2.67657873e+00
 -3.07287984e+00 -1.83221887e+00
 -4.25015115e+00 -1.10875835e+00
 -5.60206924e+00 -5.26938147e-01
 -7.10497357e+00 -1.02410828e-01
 -8.72315857e+00 1.56689488e-01
 -1.04072308e+01 2.50930005e-01
 -1.20956359e+01 1.89696856e-01
 -1.37196103e+01 -9.47943310e-03
 -1.52122339e+01 -3.22170321e-01
 -1.65227213e+01 -7.18824021e-01
 -1.76338713e+01 -1.16742044e+00
 -1.85728524e+01 -1.63753306e+00
 -1.94024889e+01 -2.10542866e+00
 -2.01928213e+01 -2.55800312e+00
 -2.09919230e+01 -2.99284246e+00
 -2.18163614e+01 -3.41421548e+00
 -2.26618545e+01 -3.82796147e+00
 -2.35186682e+01 -4.23836856e+00
 -2.43799037e+01 -4.64763202e+00
 -2.52424426e+01 -5.05658771e+00
 -2.61052760e+01 -5.46547828e+00
 -2.69681610e+01 -5.87435802e+00
 -2.78310527e+01 -6.28323630e+00
 -2.86939441e+01 -6.69211388e+00
 -2.95568241e+01 -7.10098605e+00
 -3.04196178e+01 -7.50981730e+00
 -3.12818977e+01 -7.91840511e+00
 -3.21417782e+01 -8.32585596e+00
 -3.29928501e+01 -8.72913286e+00
 -3.38184629e+01 -9.12034612e+00
 -3.45860621e+01 -9.48406985e+00
 -3.52492973e+01 -9.79834114e+00
 -3.57641569e+01 -1.00423053e+01
 -3.57641569e+01 -1.00423053e+01
 -3.57641569e+01 -1.00423053e+01
 -3.57641569e+01 -1.00423053e+01
 -3.57641569e+01 -1.00423053e+01
 -3.57641569e+01 -1.00423053e+01
 -3.57641569e+01 -1.00423053e+01
 -3.57641569e+01 -1.00423053e+01
 -3.57641569e+01 -1.00423053e+01
 -3.57641569e+01 -1.00423053e+01
 -3.57641569e+01 -1.00423053e+01
 -3.57641569e+01 -1.00423053e+01
 -3.57641569e+01 -1.00423053e+01
 -3.57641569e+01 -1.00423053e+01
 -3.57641569e+01 -1.00423053e+01
 -3.57641569e+01 -1.00423053e+01
 -3.57641569e+01 -1.00423053e+01
 -3.57641569e+01 -1.00423053e+01
 -3.57641569e+01 -1.00423053e+01
 -3.57641569e+01 -1.00423053e+01
 -3.57641569e+01 -1.00423053e+01
 -3.57641569e+01 -1.00423053e+01
 -3.57641569e+01 -1.00423053e+01
 -3.57641569e+01 -1.00423053e+01
 -3.57641569e+01 -1.00423053e+01
 -3.57641569e+01 -1.00423053e+01
 -3.57641569e+01 -1.00423053e+01
 -3.57641569e+01 -1.00423053e+01
 -3.57641569e+01 -1.00423053e+01
 -3.57641569e+01 -1.00423053e+01
 -3.57641569e+01 -1.00423053e+01
 -3.57641569e+01 -1.00423053e+01
 -3.57641569e+01 -1.00423053e+01
 -3.57641569e+01 -1.00423053e+01
 -3.57641569e+01 -1.00423053e+01
 -3.57641569e+01 -1.00423053e+01
 -3.57641569e+01 -1.00423053e+01
 -3.57641569e+01 -1.00423053e+01
 -3.57641569e+01 -1.00423053e+01
 -3.57641569e+01 -1.00423053e+01
 -3.57641569e+01 -1.00423053e+01
 -3.57641569e+01 -1.00423053e+01
 -3.57641569e+01 -1.00423053e+01
 -3.57641569e+01 -1.00423053e+01
 -3.57641569e+01 -1.00423053e+01
 -3.57641569e+01 -1.00423053e+01
 -3.57641569e+01 -1.00423053e+01
 -3.57641569e+01 -1.00423053e+01
 -3.57641569e+01 -1.00423053e+01
 -3.57641569e+01 -1.00423053e+01
 -3.57641569e+01 -1.00423053e+01
 -3.57641569e+01 -1.00423053e+01
 -3.57641569e+01 -1.00423053e+01
 -3.57641569e+01 -1.00423053e+01
 -3.57641569e+01 -1.00423053e+01
 -3.57641569e+01 -1.00423053e+01
 -3.57641569e+01 -1.00423053e+01
 -3.57641569e+01 -1.00423053e+01
 -3.57641569e+01 -1.00423053e+01
 -3.57641569e+01 -1.00423053e+01
 -3.57641569e+01 -1.00423053e+01
 -3.57641569e+01 -1.00423053e+01
 -3.57641569e+01 -1.00423053e+01
 -3.57641569e+01 -1.00423053e+01
 -3.57641569e+01 -1.00423053e+01
 -3.57641569e+01 -1.00423053e+01
 -3.57641569e+01 -1.00423053e+01
 -3.57641569e+01 -1.00423053e+01
 -3.57641569e+01 -1.00423053e+01
 -3.57641569e+01 -1.00423053e+01
 -3.57641569e+01 -1.00423053e+01
 -3.57641569e+01 -1.00423053e+01
 -3.57641569e+01 -1.00423053e+01
 -3.57641569e+01 -1.00423053e+01
 -3.57641569e+01 -1.00423053e+01
 -3.57641569e+01 -1.00423053e+01
 -3.57641569e+01 -1.00423053e+01
 -3.57641569e+01 -1.00423053e+01
 -3.57641569e+01 -1.00423053e+01
