 0.00000000e+00 0.00000000e+00
 0.00000000e+00 0.00000000e+00
 0.00000000e+00 0.00000000e+00
 0.00000000e+00 0.00000000e+00
 0.00000000e+00 0.00000000e+00
 0.00000000e+00 0.00000000e+00
 0.00000000e+00 0.00000000e+00
 0.00000000e+00 0.00000000e+00
 0.00000000e+00 0.00000000e+00
 0.00000000e+00 0.00000000e+00
 0.00000000e+00 0.00000000e+00
 0.00000000e+00 0.00000000e+00
 0.00000000e+00 0.00000000e+00
 0.00000000e+00 0.00000000e+00
 0.00000000e+00 0.00000000e+00
 3.14504756e-02 1.32631573e-01
 5.36105029e-02 3.07086016e-01
 4.46330784e-02 5.11680410e-01
 -2.29539337e-02 7.29858119e-01
 -1.78093765e-01 9.43385970e-01
 -4.47745865e-01 1.13359916e+00
 -8.55284788e-01 1.28173823e+00
 -1.42017607e+00 1.36930622e+00
 -2.15775979e+00 1.37830856e+00
 -3.07841873e+00 1.29139338e+00
 -4.18586546e+00 1.09283661e+00
 -5.47485162e+00 7.70961773e-01
 -6.92931455e+00 3.20965102e-01
 -8.52207867e+00 -2.53527737e-01
 -1.02165900e+01 -9.40864870e-01
 -1.19704252e+01 -1.72333288e+00
 -1.37397726e+01 -2.57991888e+00
 -1.54837399e+01 -3.48912851e+00
 -1.71674940e+01 -4.43130418e+00
 -1.87638627e+01 -5.39015889e+00
 -2.02535590e+01 -6.35345234e+00
 -2.16242224e+01 -7.31289509e+00
 -2.28684443e+01 -8.26346377e+00
 -2.39812969e+01 -9.20229716e+00
 -2.49582496e+01 -1.01273990e+01
 -2.57941625e+01 -1.10365668e+01
 -2.64834894e+01 -1.19269279e+01
 -2.70214842e+01 -1.27950439e+01
 -2.74059693e+01 -1.36372164e+01
 -2.76386135e+01 -1.44496793e+01
 -2.77243678e+01 -1.52285679e+01
 -2.76690285e+01 -1.59696993e+01
 -2.74767342e+01 -1.66681707e+01
 -2.71487398e+01 -1.73176024e+01
 -2.66828108e+01 -1.79088986e+01
 -2.60725213e+01 -1.84289727e+01
 -2.53075061e+01 -1.88604290e+01
 -2.43760519e+01 -1.91828892e+01
 -2.32696797e+01 -1.93756517e+01
 -2.19878457e+01 -1.94206215e+01
 -2.05411229e+01 -1.93045635e+01
 -1.89525525e+01 -1.90204776e+01
 -1.72574794e+01 -1.85685211e+01
 -1.55016611e+01 -1.79567260e+01
 -1.37373535e+01 -1.72010093e+01
 -1.20181298e+01 -1.63236397e+01
 -1.03938215e+01 -1.53500155e+01
 -8.90634868e+00 -1.43047590e+01
 -7.58668643e+00 -1.32086936e+01
 -6.45351168e+00 -1.20777285e+01
 -5.51410260e+00 -1.09235526e+01
 -4.76719965e+00 -9.75528549e+00
 -4.20657074e+00 -8.58123387e+00
 -3.82406124e+00 -7.41038880e+00
 -3.61199510e+00 -6.25366108e+00
 -3.56527102e+00 -5.12477018e+00
 -3.68244615e+00 -4.04053624e+00
 -3.96482584e+00 -3.02046583e+00
 -4.41450943e+00 -2.08572149e+00
 -5.03323994e+00 -1.25760329e+00
 -5.82189330e+00 -5.55765375e-01
 -6.77909421e+00 3.49621918e-03
 -7.89887814e+00 4.08603063e-01
 -9.16875907e+00 6.53422542e-01
 -1.05691323e+01 7.37102924e-01
 -1.20739314e+01 6.63260382e-01
 -1.36520794e+01 4.39288096e-01
 -1.52693902e+01 7.61503537e-02
 -1.68906777e+01 -4.11830348e-01
 -1.84816826e+01 -1.00773184e+00
 -2.00102179e+01 -1.69314266e+00
 -2.14460819e+01 -2.44899093e+00
 -2.27600178e+01 -3.25586256e+00
 -2.39229382e+01 -4.09434229e+00
 -2.49070860e+01 -4.94604750e+00
 -2.56906853e+01 -5.79520009e+00
 -2.62667745e+01 -6.62977091e+00
 -2.66537106e+01 -7.44157055e+00
 -2.68993611e+01 -8.22581186e+00
 -2.70702510e+01 -8.98110991e+00
 -2.72278597e+01 -9.70987498e+00
 -2.74081350e+01 -1.04178971e+01
 -2.76186643e+01 -1.11124367e+01
 -2.78509905e+01 -1.17998311e+01
 -2.80943148e+01 -1.24841787e+01
 -2.83417814e+01 -1.31674901e+01
 -2.85904405e+01 -1.38505223e+01
 -2.88393648e+01 -1.45334950e+01
 -2.90883349e+01 -1.52164578e+01
 -2.93373111e+01 -1.58994192e+01
 -2.95862876e+01 -1.65823796e+01
 -2.98352609e+01 -1.72653309e+01
 -3.00842093e+01 -1.79482139e+01
 -3.03330094e+01 -1.86306902e+01
 -3.05811172e+01 -1.93112674e+01
 -3.08266834e+01 -1.99848728e+01
 -3.10649037e+01 -2.06383279e+01
 -3.12863849e+01 -2.12458665e+01
 -3.14777532e+01 -2.17708031e+01
 -3.16263095e+01 -2.21783036e+01
 -3.16263095e+01 -2.21783036e+01
 -3.16263095e+01 -2.21783036e+01
 -3.16263095e+01 -2.21783036e+01
 -3.16263095e+01 -2.21783036e+01
 -3.16263095e+01 -2.21783036e+01
 -3.16263095e+01 -2.21783036e+01
 -3.16263095e+01 -2.21783036e+01
 -3.16263095e+01 -2.21783036e+01
 -3.16263095e+01 -2.21783036e+01
 -3.16263095e+01 -2.21783036e+01
 -3.16263095e+01 -2.21783036e+01
 -3.16263095e+01 -2.21783036e+01
 -3.16263095e+01 -2.21783036e+01
 -3.16263095e+01 -2.21783036e+01
 -3.16263095e+01 -2.21783036e+01
 -3.16263095e+01 -2.21783036e+01
 -3.16263095e+01 -2.21783036e+01
 -3.16263095e+01 -2.21783036e+01
 -3.16263095e+01 -2.21783036e+01
 -3.16263095e+01 -2.21783036e+01
 -3.16263095e+01 -2.21783036e+01
 -3.16263095e+01 -2.21783036e+01
 -3.16263095e+01 -2.21783036e+01
 -3.16263095e+01 -2.21783036e+01
 -3.16263095e+01 -2.21783036e+01
 -3.16263095e+01 -2.21783036e+01
 -3.16263095e+01 -2.21783036e+01
 -3.16263095e+01 -2.21783036e+01
 -3.16263095e+01 -2.21783036e+01
 -3.16263095e+01 -2.21783036e+01
 -3.16263095e+01 -2.21783036e+01
 -3.16263095e+01 -2.21783036e+01
 -3.16263095e+01 -2.21783036e+01
 -3.16263095e+01 -2.21783036e+01
 -3.16263095e+01 -2.21783036e+01
 -3.16263095e+01 -2.21783036e+01
 -3.16263095e+01 -2.21783036e+01
 -3.16263095e+01 -2.21783036e+01
 -3.16263095e+01 -2.21783036e+01
 -3.16263095e+01 -2.21783036e+01
 -3.16263095e+01 -2.21783036e+01
 -3.16263095e+01 -2.21783036e+01
 -3.16263095e+01 -2.21783036e+01
 -3.16263095e+01 -2.21783036e+01
 -3.16263095e+01 -2.21783036e+01
 -3.16263095e+01 -2.21783036e+01
 -3.16263095e+01 -2.21783036e+01
 -3.16263095e+01 -2.21783036e+01
 -3.16263095e+01 -2.21783036e+01
 -3.16263095e+01 -2.21783036e+01
 -3.16263095e+01 -2.21783036e+01
 -3.16263095e+01 -2.21783036e+01
 -3.16263095e+01 -2.21783036e+01
 -3.16263095e+01 -2.21783036e+01
 -3.16263095e+01 -2.21783036e+01
 -3.16263095e+01 -2.21783036e+01
 -3.16263095e+01 -2.21783036e+01
 -3.16263095e+01 -2.21783036e+01
 -3.16263095e+01 -2.21783036e+01
 -3.16263095e+01 -2.21783036e+01
 -3.16263095e+01 -2.21783036e+01
 -3.16263095e+01 -2.21783036e+01
 -3.16263095e+01 -2.21783036e+01
 -3.16263095e+01 -2.21783036e+01
 -3.16263095e+01 -2.21783036e+01
 -3.16263095e+01 -2.21783036e+01
 -3.16263095e+01 -2.21783036e+01
 -3.16263095e+01 -2.21783036e+01
