 0.00000000e+00 0.00000000e+00
 0.00000000e+00 0.00000000e+00
 0.00000000e+00 0.00000000e+00
 0.00000000e+00 0.00000000e+00
 0.00000000e+00 0.00000000e+00
 0.00000000e+00 0.00000000e+00
 0.00000000e+00 0.00000000e+00
 0.00000000e+00 0.00000000e+00
 0.00000000e+00 0.00000000e+00
 0.00000000e+00 0.00000000e+00
 -5.53486005e-02 1.61617153e-01
 -1.24335191e-01 3.78599775e-01
 -2.03410888e-01 6.41862018e-01
 -2.93011078e-01 9.38899413e-01
 -3.99692234e-01 1.25796908e+00
 -5.34914505e-01 1.58894739e+00
 -7.12460551e-01 1.92191456e+00
 -9.46903538e-01 2.24565546e+00
 -1.25370775e+00 2.54717369e+00
 -1.64966121e+00 2.81194113e+00
 -2.15241507e+00 3.02425433e+00
 -2.77939843e+00 3.16752948e+00
 -3.54690035e+00 3.22484840e+00
 -4.46921085e+00 3.18010507e+00
 -5.55712736e+00 3.01962723e+00
 -6.81562559e+00 2.73372811e+00
 -8.24127559e+00 2.31791211e+00
 -9.82044925e+00 1.77383089e+00
 -1.15292798e+01 1.10973265e+00
 -1.33354351e+01 3.39762672e-01
 -1.52007694e+01 -5.18024211e-01
 -1.70841496e+01 -1.44430824e+00
 -1.89447248e+01 -2.42102330e+00
 -2.07457693e+01 -3.43324154e+00
 -2.24580241e+01 -4.47016834e+00
 -2.40609339e+01 -5.52519521e+00
 -2.55410567e+01 -6.59512336e+00
 -2.68885323e+01 -7.67869759e+00
 -2.80937028e+01 -8.77458212e+00
 -2.91456266e+01 -9.87914542e+00
 -3.00325260e+01 -1.09848324e+01
 -3.07429537e+01 -1.20798952e+01
 -3.12665941e+01 -1.31494926e+01
 -3.15945436e+01 -1.41773036e+01
 -3.17199609e+01 -1.51467482e+01
 -3.16400747e+01 -1.60416002e+01
 -3.13586559e+01 -1.68463940e+01
 -3.08862133e+01 -1.75470168e+01
 -3.02367828e+01 -1.81314374e+01
 -2.94237429e+01 -1.85902616e+01
 -2.84577218e+01 -1.89169108e+01
 -2.73470502e+01 -1.91073281e+01
 -2.60993557e+01 -1.91592550e+01
 -2.47232674e+01 -1.90717155e+01
 -2.32299011e+01 -1.88455195e+01
 -2.16338260e+01 -1.84843825e+01
 -1.99533930e+01 -1.79952352e+01
 -1.82107695e+01 -1.73872206e+01
 -1.64318627e+01 -1.66702962e+01
 -1.46455604e+01 -1.58544216e+01
 -1.28816638e+01 -1.49494979e+01
 -1.11680208e+01 -1.39656591e+01
 -9.52848853e+00 -1.29134322e+01
 -7.98295162e+00 -1.18035665e+01
 -6.54895991e+00 -1.06467013e+01
 -5.24342819e+00 -9.45315238e+00
 -4.08324399e+00 -8.23300255e+00
 -3.08489516e+00 -6.99659639e+00
 -2.26406890e+00 -5.75535573e+00
 -1.63576273e+00 -4.52254191e+00
 -1.21434325e+00 -3.31359594e+00
 -1.01272813e+00 -2.14608984e+00
 -1.04090387e+00 -1.03963857e+00
 -1.30507588e+00 -1.60422640e-02
 -1.80843344e+00 9.00532039e-01
 -2.55272786e+00 1.68407866e+00
 -3.53849089e+00 2.30865245e+00
 -4.76276635e+00 2.75124836e+00
 -6.21574372e+00 2.99424868e+00
 -7.87864131e+00 3.02628992e+00
 -9.72369460e+00 2.84191706e+00
 -1.17152703e+01 2.44156997e+00
 -1.38108398e+01 1.83269992e+00
 -1.59615897e+01 1.03099192e+00
 -1.81135226e+01 6.02719625e-02
 -2.02098923e+01 -1.04901965e+00
 -2.21946545e+01 -2.26204880e+00
 -2.40156805e+01 -3.54208284e+00
 -2.56269637e+01 -4.85305662e+00
 -2.69901003e+01 -6.16171200e+00
 -2.80754195e+01 -7.43890518e+00
 -2.88626949e+01 -8.66024277e+00
 -2.93419649e+01 -9.80653987e+00
 -2.95164726e+01 -1.08646323e+01
 -2.94094476e+01 -1.18289733e+01
 -2.90719771e+01 -1.27037089e+01
 -2.85828743e+01 -1.35034692e+01
 -2.80321209e+01 -1.42505522e+01
 -2.74928556e+01 -1.49683945e+01
 -2.70010718e+01 -1.56748470e+01
 -2.65574922e+01 -1.63794295e+01
 -2.61456900e+01 -1.70851588e+01
 -2.57492309e+01 -1.77920398e+01
 -2.53584032e+01 -1.84994774e+01
 -2.49691702e+01 -1.92070978e+01
 -2.45802879e+01 -1.99147622e+01
 -2.41914657e+01 -2.06224347e+01
 -2.38026515e+01 -2.13301083e+01
 -2.34138387e+01 -2.20377810e+01
 -2.30250311e+01 -2.27454444e+01
 -2.26362624e+01 -2.34530369e+01
 -2.22477252e+01 -2.41602081e+01
 -2.18602692e+01 -2.48654115e+01
 -2.14767822e+01 -2.55633908e+01
 -2.11047670e+01 -2.62404906e+01
 -2.07588922e+01 -2.68700125e+01
 -2.04600432e+01 -2.74139436e+01
 -2.02280511e+01 -2.78361891e+01
 -2.02280511e+01 -2.78361891e+01
 -2.02280511e+01 -2.78361891e+01
 -2.02280511e+01 -2.78361891e+01
 -2.02280511e+01 -2.78361891e+01
 -2.02280511e+01 -2.78361891e+01
 -2.02280511e+01 -2.78361891e+01
 -2.02280511e+01 -2.78361891e+01
 -2.02280511e+01 -2.78361891e+01
 -2.02280511e+01 -2.78361891e+01
 -2.02280511e+01 -2.78361891e+01
 -2.02280511e+01 -2.78361891e+01
 -2.02280511e+01 -2.78361891e+01
 -2.02280511e+01 -2.78361891e+01
 -2.02280511e+01 -2.78361891e+01
 -2.02280511e+01 -2.78361891e+01
 -2.02280511e+01 -2.78361891e+01
 -2.02280511e+01 -2.78361891e+01
 -2.02280511e+01 -2.78361891e+01
 -2.02280511e+01 -2.78361891e+01
 -2.02280511e+01 -2.78361891e+01
 -2.02280511e+01 -2.78361891e+01
 -2.02280511e+01 -2.78361891e+01
 -2.02280511e+01 -2.78361891e+01
 -2.02280511e+01 -2.78361891e+01
 -2.02280511e+01 -2.78361891e+01
 -2.02280511e+01 -2.78361891e+01
 -2.02280511e+01 -2.78361891e+01
 -2.02280511e+01 -2.78361891e+01
 -2.02280511e+01 -2.78361891e+01
 -2.02280511e+01 -2.78361891e+01
 -2.02280511e+01 -2.78361891e+01
 -2.02280511e+01 -2.78361891e+01
 -2.02280511e+01 -2.78361891e+01
 -2.02280511e+01 -2.78361891e+01
 -2.02280511e+01 -2.78361891e+01
 -2.02280511e+01 -2.78361891e+01
 -2.02280511e+01 -2.78361891e+01
 -2.02280511e+01 -2.78361891e+01
 -2.02280511e+01 -2.78361891e+01
 -2.02280511e+01 -2.78361891e+01
 -2.02280511e+01 -2.78361891e+01
 -2.02280511e+01 -2.78361891e+01
 -2.02280511e+01 -2.78361891e+01
 -2.02280511e+01 -2.78361891e+01
 -2.02280511e+01 -2.78361891e+01
 -2.02280511e+01 -2.78361891e+01
 -2.02280511e+01 -2.78361891e+01
 -2.02280511e+01 -2.78361891e+01
 -2.02280511e+01 -2.78361891e+01
 -2.02280511e+01 -2.78361891e+01
 -2.02280511e+01 -2.78361891e+01
 -2.02280511e+01 -2.78361891e+01
 -2.02280511e+01 -2.78361891e+01
 -2.02280511e+01 -2.78361891e+01
 -2.02280511e+01 -2.78361891e+01
 -2.02280511e+01 -2.78361891e+01
 -2.02280511e+01 -2.78361891e+01
 -2.02280511e+01 -2.78361891e+01
 -2.02280511e+01 -2.78361891e+01
 -2.02280511e+01 -2.78361891e+01
 -2.02280511e+01 -2.78361891e+01
 -2.02280511e+01 -2.78361891e+01
 -2.02280511e+01 -2.78361891e+01
 -2.02280511e+01 -2.78361891e+01
 -2.02280511e+01 -2.78361891e+01
