 0.00000000e+00 0.00000000e+00
 0.00000000e+00 0.00000000e+00
 0.00000000e+00 0.00000000e+00
 0.00000000e+00 0.00000000e+00
 0.00000000e+00 0.00000000e+00
 0.00000000e+00 0.00000000e+00
 0.00000000e+00 0.00000000e+00
 0.00000000e+00 0.00000000e+00
 0.00000000e+00 0.00000000e+00
 0.00000000e+00 0.00000000e+00
 0.00000000e+00 0.00000000e+00
 0.00000000e+00 0.00000000e+00
 0.00000000e+00 0.00000000e+00
 6.67867870e-02 1.68545416e-01
 1.43529475e-01 3.91341133e-01
 2.15105419e-01 6.55370337e-01
 2.62677740e-01 9.43305350e-01
 2.64883305e-01 1.23825914e+00
 1.96752337e-01 1.52495918e+00
 2.93032984e-02 1.78847999e+00
 -2.67503779e-01 2.01296052e+00
 -7.19779092e-01 2.18165035e+00
 -1.34611793e+00 2.27790571e+00
 -2.15660759e+00 2.28607613e+00
 -3.15306808e+00 2.19210358e+00
 -4.32935690e+00 1.98446558e+00
 -5.67184617e+00 1.65538821e+00
 -7.16054497e+00 1.20145983e+00
 -8.77081929e+00 6.23409984e-01
 -1.04751320e+01 -7.44141968e-02
 -1.22443177e+01 -8.84634720e-01
 -1.40484770e+01 -1.79756645e+00
 -1.58579005e+01 -2.80183539e+00
 -1.76440680e+01 -3.88463585e+00
 -1.93800762e+01 -5.03198483e+00
 -2.10398129e+01 -6.22951662e+00
 -2.25963264e+01 -7.46359058e+00
 -2.40209785e+01 -8.72181607e+00
 -2.52845324e+01 -9.99260022e+00
 -2.63596774e+01 -1.12644063e+01
 -2.72235601e+01 -1.25256187e+01
 -2.78594032e+01 -1.37650262e+01
 -2.82572165e+01 -1.49722062e+01
 -2.84139326e+01 -1.61373168e+01
 -2.83330565e+01 -1.72504242e+01
 -2.80237313e+01 -1.83007029e+01
 -2.74993479e+01 -1.92757328e+01
 -2.67762427e+01 -2.01611614e+01
 -2.58731070e+01 -2.09410781e+01
 -2.48111559e+01 -2.15991430e+01
 -2.36142976e+01 -2.21200085e+01
 -2.23085499e+01 -2.24904464e+01
 -2.09208342e+01 -2.26997604e+01
 -1.94777415e+01 -2.27393363e+01
 -1.80043101e+01 -2.26019044e+01
 -1.65224209e+01 -2.22816885e+01
 -1.50489799e+01 -2.17757106e+01
 -1.35949555e+01 -2.10850372e+01
 -1.21662746e+01 -2.02151104e+01
 -1.07663203e+01 -1.91757769e+01
 -9.39866243e+00 -1.79816875e+01
 -8.06895371e+00 -1.66526284e+01
 -6.78600919e+00 -1.52130614e+01
 -5.56248241e+00 -1.36909087e+01
 -4.41502512e+00 -1.21162532e+01
 -3.36340221e+00 -1.05204702e+01
 -2.42855439e+00 -8.93564434e+00
 -1.63050139e+00 -7.39370895e+00
 -9.86970954e-01 -5.92505758e+00
 -5.12776024e-01 -4.55701228e+00
 -2.19576853e-01 -3.31271938e+00
 -1.16047015e-01 -2.21062676e+00
 -2.08592546e-01 -1.26434660e+00
 -5.02282321e-01 -4.82803494e-01
 -1.00130277e+00 1.29337062e-01
 -1.70858739e+00 5.71142111e-01
 -2.62482919e+00 8.45018143e-01
 -3.74724755e+00 9.56411475e-01
 -5.06834968e+00 9.13357316e-01
 -6.57482095e+00 7.25771153e-01
 -8.24665688e+00 4.04636284e-01
 -1.00567446e+01 -3.86839162e-02
 -1.19711991e+01 -5.92923504e-01
 -1.39506643e+01 -1.24731939e+00
 -1.59525096e+01 -1.99214539e+00
 -1.79333857e+01 -2.81924808e+00
 -1.98511535e+01 -3.72202266e+00
 -2.16654311e+01 -4.69436058e+00
 -2.33368899e+01 -5.72875443e+00
 -2.48261809e+01 -6.81432868e+00
 -2.60936542e+01 -7.93561033e+00
 -2.71009941e+01 -9.07243090e+00
 -2.78155494e+01 -1.02009834e+01
 -2.82179026e+01 -1.12962251e+01
 -2.83128602e+01 -1.23361291e+01
 -2.81410793e+01 -1.33075194e+01
 -2.77820044e+01 -1.42109241e+01
 -2.73369598e+01 -1.50603549e+01
 -2.68951173e+01 -1.58765826e+01
 -2.65048105e+01 -1.66780886e+01
 -2.61711925e+01 -1.74758746e+01
 -2.58763235e+01 -1.82740412e+01
 -2.56005833e+01 -1.90731122e+01
 -2.53319709e+01 -1.98726758e+01
 -2.50653989e+01 -2.06724087e+01
 -2.47992792e+01 -2.14721835e+01
 -2.45332374e+01 -2.22719659e+01
 -2.42672061e+01 -2.30717494e+01
 -2.40011762e+01 -2.38715319e+01
 -2.37351499e+01 -2.46713038e+01
 -2.34691503e+01 -2.54709957e+01
 -2.32033091e+01 -2.62702114e+01
 -2.29382076e+01 -2.70672032e+01
 -2.26758218e+01 -2.78560305e+01
 -2.24212850e+01 -2.86212609e+01
 -2.21846339e+01 -2.93327205e+01
 -2.19801582e+01 -2.99474489e+01
 -2.18214268e+01 -3.04246535e+01
 -2.18214268e+01 -3.04246535e+01
 -2.18214268e+01 -3.04246535e+01
 -2.18214268e+01 -3.04246535e+01
 -2.18214268e+01 -3.04246535e+01
 -2.18214268e+01 -3.04246535e+01
 -2.18214268e+01 -3.04246535e+01
 -2.18214268e+01 -3.04246535e+01
 -2.18214268e+01 -3.04246535e+01
 -2.18214268e+01 -3.04246535e+01
 -2.18214268e+01 -3.04246535e+01
 -2.18214268e+01 -3.04246535e+01
 -2.18214268e+01 -3.04246535e+01
 -2.18214268e+01 -3.04246535e+01
 -2.18214268e+01 -3.04246535e+01
 -2.18214268e+01 -3.04246535e+01
 -2.18214268e+01 -3.04246535e+01
 -2.18214268e+01 -3.04246535e+01
 -2.18214268e+01 -3.04246535e+01
 -2.18214268e+01 -3.04246535e+01
 -2.18214268e+01 -3.04246535e+01
 -2.18214268e+01 -3.04246535e+01
 -2.18214268e+01 -3.04246535e+01
 -2.18214268e+01 -3.04246535e+01
 -2.18214268e+01 -3.04246535e+01
 -2.18214268e+01 -3.04246535e+01
 -2.18214268e+01 -3.04246535e+01
 -2.18214268e+01 -3.04246535e+01
 -2.18214268e+01 -3.04246535e+01
 -2.18214268e+01 -3.04246535e+01
 -2.18214268e+01 -3.04246535e+01
 -2.18214268e+01 -3.04246535e+01
 -2.18214268e+01 -3.04246535e+01
 -2.18214268e+01 -3.04246535e+01
 -2.18214268e+01 -3.04246535e+01
 -2.18214268e+01 -3.04246535e+01
 -2.18214268e+01 -3.04246535e+01
 -2.18214268e+01 -3.04246535e+01
 -2.18214268e+01 -3.04246535e+01
 -2.18214268e+01 -3.04246535e+01
 -2.18214268e+01 -3.04246535e+01
 -2.18214268e+01 -3.04246535e+01
 -2.18214268e+01 -3.04246535e+01
 -2.18214268e+01 -3.04246535e+01
 -2.18214268e+01 -3.04246535e+01
 -2.18214268e+01 -3.04246535e+01
 -2.18214268e+01 -3.04246535e+01
 -2.18214268e+01 -3.04246535e+01
 -2.18214268e+01 -3.04246535e+01
 -2.18214268e+01 -3.04246535e+01
 -2.18214268e+01 -3.04246535e+01
 -2.18214268e+01 -3.04246535e+01
 -2.18214268e+01 -3.04246535e+01
 -2.18214268e+01 -3.04246535e+01
 -2.18214268e+01 -3.04246535e+01
 -2.18214268e+01 -3.04246535e+01
 -2.18214268e+01 -3.04246535e+01
 -2.18214268e+01 -3.04246535e+01
 -2.18214268e+01 -3.04246535e+01
 -2.18214268e+01 -3.04246535e+01
 -2.18214268e+01 -3.04246535e+01
 -2.18214268e+01 -3.04246535e+01
 -2.18214268e+01 -3.04246535e+01
 -2.18214268e+01 -3.04246535e+01
 -2.18214268e+01 -3.04246535e+01
 -2.18214268e+01 -3.04246535e+01
