 0.00000000e+00 0.00000000e+00
 0.00000000e+00 0.00000000e+00
 0.00000000e+00 0.00000000e+00
 0.00000000e+00 0.00000000e+00
 0.00000000e+00 0.00000000e+00
 0.00000000e+00 0.00000000e+00
 0.00000000e+00 0.00000000e+00
 0.00000000e+00 0.00000000e+00
 0.00000000e+00 0.00000000e+00
 0.00000000e+00 0.00000000e+00
 0.00000000e+00 0.00000000e+00
 -3.49882958e-01 1.54148150e-01
 -8.01909208e-01 3.45012002e-01
 -1.32932901e+00 5.52220637e-01
 -1.90636491e+00 7.53173383e-01
 -2.51925708e+00 9.28860553e-01
 -3.16728615e+00 1.06611034e+00
 -3.85838588e+00 1.15766709e+00
 -4.60472002e+00 1.20086981e+00
 -5.41980106e+00 1.19498653e+00
 -6.31648197e+00 1.13872680e+00
 -7.30522244e+00 1.02993380e+00
 -8.39264319e+00 8.67094068e-01
 -9.58068445e+00 6.50341033e-01
 -1.08665883e+01 3.80606410e-01
 -1.22435612e+01 5.76111543e-02
 -1.37017955e+01 -3.21860123e-01
 -1.52296585e+01 -7.64473086e-01
 -1.68147473e+01 -1.27957060e+00
 -1.84441260e+01 -1.87759176e+00
 -2.01033414e+01 -2.56819309e+00
 -2.17749685e+01 -3.35834108e+00
 -2.34379966e+01 -4.25053448e+00
 -2.50682274e+01 -5.24142301e+00
 -2.66385433e+01 -6.32118433e+00
 -2.81184888e+01 -7.47389334e+00
 -2.94743125e+01 -8.67884478e+00
 -3.06708536e+01 -9.91256824e+00
 -3.16750681e+01 -1.11511415e+01
 -3.24596445e+01 -1.23723103e+01
 -3.30054240e+01 -1.35569374e+01
 -3.33023858e+01 -1.46895429e+01
 -3.33494843e+01 -1.57580492e+01
 -3.31536633e+01 -1.67530424e+01
 -3.27284831e+01 -1.76668129e+01
 -3.20926501e+01 -1.84923667e+01
 -3.12682417e+01 -1.92226602e+01
 -3.02785359e+01 -1.98503794e+01
 -2.91461805e+01 -2.03684628e+01
 -2.78925881e+01 -2.07712954e+01
 -2.65384129e+01 -2.10560939e+01
 -2.51041237e+01 -2.12235545e+01
 -2.36100922e+01 -2.12770471e+01
 -2.20764591e+01 -2.12209408e+01
 -2.05230743e+01 -2.10595768e+01
 -1.89692628e+01 -2.07973628e+01
 -1.74330185e+01 -2.04388752e+01
 -1.59297533e+01 -1.99880996e+01
 -1.44712093e+01 -1.94472762e+01
 -1.30649145e+01 -1.88162473e+01
 -1.17140114e+01 -1.80927753e+01
 -1.04175069e+01 -1.72738050e+01
 -9.17173882e+00 -1.63571855e+01
 -7.97357669e+00 -1.53431632e+01
 -6.82436205e+00 -1.42353337e+01
 -5.73259877e+00 -1.30412037e+01
 -4.71416953e+00 -1.17724805e+01
 -3.79057404e+00 -1.04449191e+01
 -2.98658109e+00 -9.07756929e+00
 -2.32806976e+00 -7.69162752e+00
 -1.83978213e+00 -6.30945509e+00
 -1.54261011e+00 -4.95425966e+00
 -1.45089241e+00 -3.65031865e+00
 -1.57084745e+00 -2.42306404e+00
 -1.90099619e+00 -1.29862547e+00
 -2.43454838e+00 -3.03160312e-01
 -3.16278110e+00 5.37667894e-01
 -4.07779180e+00 1.19943784e+00
 -5.17313778e+00 1.66055312e+00
 -6.44210521e+00 1.90437161e+00
 -7.87496662e+00 1.92078634e+00
 -9.45704343e+00 1.70672337e+00
 -1.11681992e+01 1.26612750e+00
 -1.29829483e+01 6.09966813e-01
 -1.48702264e+01 -2.44066786e-01
 -1.67929466e+01 -1.27252228e+00
 -1.87083038e+01 -2.44744053e+00
 -2.05693283e+01 -3.73728803e+00
 -2.23271742e+01 -5.10755046e+00
 -2.39334553e+01 -6.52164648e+00
 -2.53426509e+01 -7.94287078e+00
 -2.65154002e+01 -9.33730210e+00
 -2.74242004e+01 -1.06769250e+01
 -2.80628668e+01 -1.19425300e+01
 -2.84576716e+01 -1.31263632e+01
 -2.86714229e+01 -1.42335486e+01
 -2.87899758e+01 -1.52801543e+01
 -2.88928520e+01 -1.62872124e+01
 -2.90270081e+01 -1.72735233e+01
 -2.92024653e+01 -1.82514078e+01
 -2.94078477e+01 -1.92268115e+01
 -2.96284532e+01 -2.02017769e+01
 -2.98548394e+01 -2.11767474e+01
 -3.00829023e+01 -2.21517499e+01
 -3.03113404e+01 -2.31267640e+01
 -3.05398437e+01 -2.41017808e+01
 -3.07683557e+01 -2.50767978e+01
 -3.09968684e+01 -2.60518135e+01
 -3.12253781e+01 -2.70268164e+01
 -3.14538650e+01 -2.80017217e+01
 -3.16822158e+01 -2.89760464e+01
 -3.19099312e+01 -2.99476600e+01
 -3.21353139e+01 -3.09093203e+01
 -3.23539544e+01 -3.18422135e+01
 -3.25572317e+01 -3.27095547e+01
 -3.27328710e+01 -3.34589708e+01
 -3.28692173e+01 -3.40407314e+01
 -3.28692173e+01 -3.40407314e+01
 -3.28692173e+01 -3.40407314e+01
 -3.28692173e+01 -3.40407314e+01
 -3.28692173e+01 -3.40407314e+01
 -3.28692173e+01 -3.40407314e+01
 -3.28692173e+01 -3.40407314e+01
 -3.28692173e+01 -3.40407314e+01
 -3.28692173e+01 -3.40407314e+01
 -3.28692173e+01 -3.40407314e+01
 -3.28692173e+01 -3.40407314e+01
 -3.28692173e+01 -3.40407314e+01
 -3.28692173e+01 -3.40407314e+01
 -3.28692173e+01 -3.40407314e+01
 -3.28692173e+01 -3.40407314e+01
 -3.28692173e+01 -3.40407314e+01
 -3.28692173e+01 -3.40407314e+01
 -3.28692173e+01 -3.40407314e+01
 -3.28692173e+01 -3.40407314e+01
 -3.28692173e+01 -3.40407314e+01
 -3.28692173e+01 -3.40407314e+01
 -3.28692173e+01 -3.40407314e+01
 -3.28692173e+01 -3.40407314e+01
 -3.28692173e+01 -3.40407314e+01
 -3.28692173e+01 -3.40407314e+01
 -3.28692173e+01 -3.40407314e+01
 -3.28692173e+01 -3.40407314e+01
 -3.28692173e+01 -3.40407314e+01
 -3.28692173e+01 -3.40407314e+01
 -3.28692173e+01 -3.40407314e+01
 -3.28692173e+01 -3.40407314e+01
 -3.28692173e+01 -3.40407314e+01
 -3.28692173e+01 -3.40407314e+01
 -3.28692173e+01 -3.40407314e+01
 -3.28692173e+01 -3.40407314e+01
 -3.28692173e+01 -3.40407314e+01
 -3.28692173e+01 -3.40407314e+01
 -3.28692173e+01 -3.40407314e+01
 -3.28692173e+01 -3.40407314e+01
 -3.28692173e+01 -3.40407314e+01
 -3.28692173e+01 -3.40407314e+01
 -3.28692173e+01 -3.40407314e+01
 -3.28692173e+01 -3.40407314e+01
 -3.28692173e+01 -3.40407314e+01
 -3.28692173e+01 -3.40407314e+01
 -3.28692173e+01 -3.40407314e+01
 -3.28692173e+01 -3.40407314e+01
 -3.28692173e+01 -3.40407314e+01
 -3.28692173e+01 -3.40407314e+01
 -3.28692173e+01 -3.40407314e+01
 -3.28692173e+01 -3.40407314e+01
 -3.28692173e+01 -3.40407314e+01
 -3.28692173e+01 -3.40407314e+01
 -3.28692173e+01 -3.40407314e+01
 -3.28692173e+01 -3.40407314e+01
 -3.28692173e+01 -3.40407314e+01
 -3.28692173e+01 -3.40407314e+01
 -3.28692173e+01 -3.40407314e+01
 -3.28692173e+01 -3.40407314e+01
 -3.28692173e+01 -3.40407314e+01
 -3.28692173e+01 -3.40407314e+01
 -3.28692173e+01 -3.40407314e+01
 -3.28692173e+01 -3.40407314e+01
 -3.28692173e+01 -3.40407314e+01
 -3.28692173e+01 -3.40407314e+01
 -3.28692173e+01 -3.40407314e+01
 -3.28692173e+01 -3.40407314e+01
