 0.00000000e+00 0.00000000e+00
 0.00000000e+00 0.00000000e+00
 0.00000000e+00 0.00000000e+00
 0.00000000e+00 0.00000000e+00
 0.00000000e+00 0.00000000e+00
 0.00000000e+00 0.00000000e+00
 0.00000000e+00 0.00000000e+00
 0.00000000e+00 0.00000000e+00
 0.00000000e+00 0.00000000e+00
 0.00000000e+00 0.00000000e+00
 0.00000000e+00 0.00000000e+00
 0.00000000e+00 0.00000000e+00
 0.00000000e+00 0.00000000e+00
 0.00000000e+00 0.00000000e+00
 -2.71055550e-01 1.63004408e-01
 -6.47655283e-01 3.69756333e-01
 -1.12313028e+00 6.02959425e-01
 -1.68665054e+00 8.43534213e-01
 -2.33176698e+00 1.07592327e+00
 -3.05961532e+00 1.28884585e+00
 -3.87763600e+00 1.47346869e+00
 -4.79672735e+00 1.62151053e+00
 -5.82839321e+00 1.72411521e+00
 -6.98234616e+00 1.77130134e+00
 -8.26489724e+00 1.75183139e+00
 -9.67805530e+00 1.65334757e+00
 -1.12188178e+01 1.46249396e+00
 -1.28786941e+01 1.16506241e+00
 -1.46442955e+01 7.46566865e-01
 -1.64992504e+01 1.93445296e-01
 -1.84262261e+01 -5.05298495e-01
 -2.04074506e+01 -1.35630915e+00
 -2.24234113e+01 -2.36023033e+00
 -2.44508853e+01 -3.51046701e+00
 -2.64616433e+01 -4.79262034e+00
 -2.84221588e+01 -6.18483550e+00
 -3.02937785e+01 -7.65912380e+00
 -3.20332191e+01 -9.18336418e+00
 -3.35943413e+01 -1.07235530e+01
 -3.49321033e+01 -1.22461450e+01
 -3.60079754e+01 -1.37205361e+01
 -3.67947578e+01 -1.51214029e+01
 -3.72792072e+01 -1.64301279e+01
 -3.74623389e+01 -1.76347423e+01
 -3.73580400e+01 -1.87287608e+01
 -3.69904387e+01 -1.97099097e+01
 -3.63903366e+01 -2.05792635e+01
 -3.55913541e+01 -2.13403360e+01
 -3.46266738e+01 -2.19975007e+01
 -3.35270126e+01 -2.25539836e+01
 -3.23199526e+01 -2.30104249e+01
 -3.10302151e+01 -2.33646448e+01
 -2.96799637e+01 -2.36121303e+01
 -2.82884163e+01 -2.37461565e+01
 -2.68711634e+01 -2.37572411e+01
 -2.54401567e+01 -2.36330476e+01
 -2.40042517e+01 -2.33598668e+01
 -2.25692744e+01 -2.29250584e+01
 -2.11375577e+01 -2.23188784e+01
 -1.97082371e+01 -2.15353225e+01
 -1.82794417e+01 -2.05728519e+01
 -1.68523978e+01 -1.94355104e+01
 -1.54362047e+01 -1.81340799e+01
 -1.40509615e+01 -1.66866040e+01
 -1.27272841e+01 -1.51177617e+01
 -1.15025605e+01 -1.34570650e+01
 -1.04163724e+01 -1.17365625e+01
 -9.50712932e+00 -9.98903957e+00
 -8.80981441e+00 -8.24722806e+00
 -8.35342576e+00 -6.54371773e+00
 -8.15765230e+00 -4.91089748e+00
 -8.23029059e+00 -3.38060584e+00
 -8.56736125e+00 -1.98367951e+00
 -9.15604557e+00 -7.49654896e-01
 -9.97834306e+00 2.93468432e-01
 -1.10130847e+01 1.11980221e+00
 -1.22358458e+01 1.70680699e+00
 -1.36183594e+01 2.03707012e+00
 -1.51291987e+01 2.10012155e+00
 -1.67358793e+01 1.89380685e+00
 -1.84069501e+01 1.42487234e+00
 -2.01126473e+01 7.08496845e-01
 -2.18241300e+01 -2.33067173e-01
 -2.35124629e+01 -1.37195690e+00
 -2.51480604e+01 -2.67559526e+00
 -2.67001847e+01 -4.10727272e+00
 -2.81360353e+01 -5.62717719e+00
 -2.94201598e+01 -7.19416282e+00
 -3.05162506e+01 -8.76806823e+00
 -3.13937088e+01 -1.03126012e+01
 -3.20395821e+01 -1.17990194e+01
 -3.24717808e+01 -1.32102445e+01
 -3.27436892e+01 -1.45437463e+01
 -3.29308166e+01 -1.58107157e+01
 -3.31030563e+01 -1.70305104e+01
 -3.33011906e+01 -1.82228720e+01
 -3.35337561e+01 -1.94023098e+01
 -3.37910994e+01 -2.05768771e+01
 -3.40609392e+01 -2.17499956e+01
 -3.43354851e+01 -2.29227791e+01
 -3.46113861e+01 -2.40955038e+01
 -3.48875883e+01 -2.52682209e+01
 -3.51638426e+01 -2.64409375e+01
 -3.54401039e+01 -2.76136538e+01
 -3.57163655e+01 -2.87863686e+01
 -3.59926235e+01 -2.99590679e+01
 -3.62688539e+01 -3.11316499e+01
 -3.65449198e+01 -3.23035336e+01
 -3.68202175e+01 -3.34721563e+01
 -3.70926951e+01 -3.46288077e+01
 -3.73570217e+01 -3.57508589e+01
 -3.76027748e+01 -3.67940665e+01
 -3.78151149e+01 -3.76954380e+01
 -3.79799514e+01 -3.83951593e+01
 -3.79799514e+01 -3.83951593e+01
 -3.79799514e+01 -3.83951593e+01
 -3.79799514e+01 -3.83951593e+01
 -3.79799514e+01 -3.83951593e+01
 -3.79799514e+01 -3.83951593e+01
 -3.79799514e+01 -3.83951593e+01
 -3.79799514e+01 -3.83951593e+01
 -3.79799514e+01 -3.83951593e+01
 -3.79799514e+01 -3.83951593e+01
 -3.79799514e+01 -3.83951593e+01
 -3.79799514e+01 -3.83951593e+01
 -3.79799514e+01 -3.83951593e+01
 -3.79799514e+01 -3.83951593e+01
 -3.79799514e+01 -3.83951593e+01
 -3.79799514e+01 -3.83951593e+01
 -3.79799514e+01 -3.83951593e+01
 -3.79799514e+01 -3.83951593e+01
 -3.79799514e+01 -3.83951593e+01
 -3.79799514e+01 -3.83951593e+01
 -3.79799514e+01 -3.83951593e+01
 -3.79799514e+01 -3.83951593e+01
 -3.79799514e+01 -3.83951593e+01
 -3.79799514e+01 -3.83951593e+01
 -3.79799514e+01 -3.83951593e+01
 -3.79799514e+01 -3.83951593e+01
 -3.79799514e+01 -3.83951593e+01
 -3.79799514e+01 -3.83951593e+01
 -3.79799514e+01 -3.83951593e+01
 -3.79799514e+01 -3.83951593e+01
 -3.79799514e+01 -3.83951593e+01
 -3.79799514e+01 -3.83951593e+01
 -3.79799514e+01 -3.83951593e+01
 -3.79799514e+01 -3.83951593e+01
 -3.79799514e+01 -3.83951593e+01
 -3.79799514e+01 -3.83951593e+01
 -3.79799514e+01 -3.83951593e+01
 -3.79799514e+01 -3.83951593e+01
 -3.79799514e+01 -3.83951593e+01
 -3.79799514e+01 -3.83951593e+01
 -3.79799514e+01 -3.83951593e+01
 -3.79799514e+01 -3.83951593e+01
 -3.79799514e+01 -3.83951593e+01
 -3.79799514e+01 -3.83951593e+01
 -3.79799514e+01 -3.83951593e+01
 -3.79799514e+01 -3.83951593e+01
 -3.79799514e+01 -3.83951593e+01
 -3.79799514e+01 -3.83951593e+01
 -3.79799514e+01 -3.83951593e+01
 -3.79799514e+01 -3.83951593e+01
 -3.79799514e+01 -3.83951593e+01
 -3.79799514e+01 -3.83951593e+01
 -3.79799514e+01 -3.83951593e+01
 -3.79799514e+01 -3.83951593e+01
 -3.79799514e+01 -3.83951593e+01
 -3.79799514e+01 -3.83951593e+01
 -3.79799514e+01 -3.83951593e+01
 -3.79799514e+01 -3.83951593e+01
 -3.79799514e+01 -3.83951593e+01
 -3.79799514e+01 -3.83951593e+01
 -3.79799514e+01 -3.83951593e+01
 -3.79799514e+01 -3.83951593e+01
 -3.79799514e+01 -3.83951593e+01
 -3.79799514e+01 -3.83951593e+01
 -3.79799514e+01 -3.83951593e+01
 -3.79799514e+01 -3.83951593e+01
 -3.79799514e+01 -3.83951593e+01
 -3.79799514e+01 -3.83951593e+01
 -3.79799514e+01 -3.83951593e+01
 -3.79799514e+01 -3.83951593e+01
