 0.00000000e+00 0.00000000e+00
 0.00000000e+00 0.00000000e+00
 0.00000000e+00 0.00000000e+00
 0.00000000e+00 0.00000000e+00
 0.00000000e+00 0.00000000e+00
 0.00000000e+00 0.00000000e+00
 0.00000000e+00 0.00000000e+00
 0.00000000e+00 0.00000000e+00
 0.00000000e+00 0.00000000e+00
 -2.51307800e-02 1.98226697e-01
 -7.89620157e-02 4.51757460e-01
 -1.76568562e-01 7.42076920e-01
 -3.30735719e-01 1.04969569e+00
 -5.50290810e-01 1.36072323e+00
 -8.42248532e-01 1.66784869e+00
 -1.21491971e+00 1.96789612e+00
 -1.67885375e+00 2.25898447e+00
 -2.24576526e+00 2.53868920e+00
 -2.92714090e+00 2.80318801e+00
 -3.73292197e+00 3.04692462e+00
 -4.66977901e+00 3.26249304e+00
 -5.73925238e+00 3.44065237e+00
 -6.93667387e+00 3.57033251e+00
 -8.25125939e+00 3.63845150e+00
 -9.66689057e+00 3.62978072e+00
 -1.11629796e+01 3.52772798e+00
 -1.27154360e+01 3.31661441e+00
 -1.42981700e+01 2.98458173e+00
 -1.58851517e+01 2.52555671e+00
 -1.74522272e+01 1.93974652e+00
 -1.89777034e+01 1.23323437e+00
 -2.04416534e+01 4.17158554e-01
 -2.18250853e+01 -4.93411696e-01
 -2.31100528e+01 -1.48081332e+00
 -2.42805254e+01 -2.52629697e+00
 -2.53230223e+01 -3.61175190e+00
 -2.62264443e+01 -4.72148601e+00
 -2.69816127e+01 -5.84351494e+00
 -2.75815088e+01 -6.96973326e+00
 -2.80223251e+01 -8.09477815e+00
 -2.83041610e+01 -9.21406687e+00
 -2.84304384e+01 -1.03218357e+01
 -2.84065962e+01 -1.14097509e+01
 -2.82390707e+01 -1.24662183e+01
 -2.79347154e+01 -1.34763856e+01
 -2.75004701e+01 -1.44228239e+01
 -2.69434190e+01 -1.52866446e+01
 -2.62710655e+01 -1.60486866e+01
 -2.54911035e+01 -1.66907420e+01
 -2.46104790e+01 -1.71970780e+01
 -2.36345978e+01 -1.75561194e+01
 -2.25676107e+01 -1.77614355e+01
 -2.14135778e+01 -1.78112142e+01
 -2.01774021e+01 -1.77065796e+01
 -1.88649934e+01 -1.74502981e+01
 -1.74834290e+01 -1.70470099e+01
 -1.60420161e+01 -1.65043780e+01
 -1.45538683e+01 -1.58335538e+01
 -1.30366846e+01 -1.50481985e+01
 -1.15120663e+01 -1.41627392e+01
 -1.00039793e+01 -1.31909949e+01
 -8.53735196e+00 -1.21455550e+01
 -7.13712594e+00 -1.10374449e+01
 -5.82744480e+00 -9.87571104e+00
 -4.63080153e+00 -8.66738689e+00
 -3.56744333e+00 -7.41864037e+00
 -2.65539661e+00 -6.13714967e+00
 -1.91111524e+00 -4.83468181e+00
 -1.35050502e+00 -3.52869482e+00
 -9.89925754e-01 -2.24265878e+00
 -8.46328470e-01 -1.00556646e+00
 -9.35665714e-01 1.49043395e-01
 -1.27021511e+00 1.18478565e+00
 -1.85698286e+00 2.06511642e+00
 -2.69807449e+00 2.75669551e+00
 -3.79109046e+00 3.23262711e+00
 -5.12752660e+00 3.47489324e+00
 -6.69003284e+00 3.47574236e+00
 -8.45108499e+00 3.23795051e+00
 -1.03743543e+01 2.77375325e+00
 -1.24179978e+01 2.10252123e+00
 -1.45382812e+01 1.24783668e+00
 -1.66923664e+01 2.34727960e-01
 -1.88399648e+01 -9.12485909e-01
 -2.09441544e+01 -2.17140213e+00
 -2.29715576e+01 -3.52157473e+00
 -2.48916698e+01 -4.94355022e+00
 -2.66751089e+01 -6.41729846e+00
 -2.82911767e+01 -7.92053271e+00
 -2.97060381e+01 -9.42771595e+00
 -3.08830633e+01 -1.09105756e+01
 -3.17857244e+01 -1.23400671e+01
 -3.23818181e+01 -1.36886921e+01
 -3.26475302e+01 -1.49320987e+01
 -3.25709688e+01 -1.60498466e+01
 -3.21554521e+01 -1.70261409e+01
 -3.14227665e+01 -1.78517179e+01
 -3.04167625e+01 -1.85276444e+01
 -2.92059820e+01 -1.90699763e+01
 -2.78791485e+01 -1.95112820e+01
 -2.65270502e+01 -1.98943551e+01
 -2.52162669e+01 -2.02588982e+01
 -2.39729331e+01 -2.06296426e+01
 -2.27887380e+01 -2.10141858e+01
 -2.16412038e+01 -2.14097162e+01
 -2.05107848e+01 -2.18110364e+01
 -1.93865179e+01 -2.22145914e+01
 -1.82639691e+01 -2.26188000e+01
 -1.71417945e+01 -2.30231556e+01
 -1.60196835e+01 -2.34275368e+01
 -1.48975812e+01 -2.38319213e+01
 -1.37754812e+01 -2.42363057e+01
 -1.26533961e+01 -2.46406848e+01
 -1.15314232e+01 -2.50450234e+01
 -1.04101185e+01 -2.54491212e+01
 -9.29193401e+00 -2.58520946e+01
 -8.18520424e+00 -2.62509399e+01
 -7.11158122e+00 -2.66378541e+01
 -6.11339889e+00 -2.69975808e+01
 -5.25093096e+00 -2.73083986e+01
 -4.58140995e+00 -2.75496818e+01
 -4.58140995e+00 -2.75496818e+01
 -4.58140995e+00 -2.75496818e+01
 -4.58140995e+00 -2.75496818e+01
 -4.58140995e+00 -2.75496818e+01
 -4.58140995e+00 -2.75496818e+01
 -4.58140995e+00 -2.75496818e+01
 -4.58140995e+00 -2.75496818e+01
 -4.58140995e+00 -2.75496818e+01
 -4.58140995e+00 -2.75496818e+01
 -4.58140995e+00 -2.75496818e+01
 -4.58140995e+00 -2.75496818e+01
 -4.58140995e+00 -2.75496818e+01
 -4.58140995e+00 -2.75496818e+01
 -4.58140995e+00 -2.75496818e+01
 -4.58140995e+00 -2.75496818e+01
 -4.58140995e+00 -2.75496818e+01
 -4.58140995e+00 -2.75496818e+01
 -4.58140995e+00 -2.75496818e+01
 -4.58140995e+00 -2.75496818e+01
 -4.58140995e+00 -2.75496818e+01
 -4.58140995e+00 -2.75496818e+01
 -4.58140995e+00 -2.75496818e+01
 -4.58140995e+00 -2.75496818e+01
 -4.58140995e+00 -2.75496818e+01
 -4.58140995e+00 -2.75496818e+01
 -4.58140995e+00 -2.75496818e+01
 -4.58140995e+00 -2.75496818e+01
 -4.58140995e+00 -2.75496818e+01
 -4.58140995e+00 -2.75496818e+01
 -4.58140995e+00 -2.75496818e+01
 -4.58140995e+00 -2.75496818e+01
 -4.58140995e+00 -2.75496818e+01
 -4.58140995e+00 -2.75496818e+01
 -4.58140995e+00 -2.75496818e+01
 -4.58140995e+00 -2.75496818e+01
 -4.58140995e+00 -2.75496818e+01
 -4.58140995e+00 -2.75496818e+01
 -4.58140995e+00 -2.75496818e+01
 -4.58140995e+00 -2.75496818e+01
 -4.58140995e+00 -2.75496818e+01
 -4.58140995e+00 -2.75496818e+01
 -4.58140995e+00 -2.75496818e+01
 -4.58140995e+00 -2.75496818e+01
 -4.58140995e+00 -2.75496818e+01
 -4.58140995e+00 -2.75496818e+01
 -4.58140995e+00 -2.75496818e+01
 -4.58140995e+00 -2.75496818e+01
 -4.58140995e+00 -2.75496818e+01
 -4.58140995e+00 -2.75496818e+01
 -4.58140995e+00 -2.75496818e+01
 -4.58140995e+00 -2.75496818e+01
 -4.58140995e+00 -2.75496818e+01
 -4.58140995e+00 -2.75496818e+01
 -4.58140995e+00 -2.75496818e+01
 -4.58140995e+00 -2.75496818e+01
 -4.58140995e+00 -2.75496818e+01
 -4.58140995e+00 -2.75496818e+01
 -4.58140995e+00 -2.75496818e+01
 -4.58140995e+00 -2.75496818e+01
 -4.58140995e+00 -2.75496818e+01
 -4.58140995e+00 -2.75496818e+01
 -4.58140995e+00 -2.75496818e+01
