 0.00000000e+00 0.00000000e+00
 0.00000000e+00 0.00000000e+00
 0.00000000e+00 0.00000000e+00
 0.00000000e+00 0.00000000e+00
 0.00000000e+00 0.00000000e+00
 0.00000000e+00 0.00000000e+00
 0.00000000e+00 0.00000000e+00
 0.00000000e+00 0.00000000e+00
 0.00000000e+00 0.00000000e+00
 0.00000000e+00 0.00000000e+00
 0.00000000e+00 0.00000000e+00
 0.00000000e+00 0.00000000e+00
 0.00000000e+00 0.00000000e+00
 -1.07795896e-01 1.59494396e-01
 -3.07135225e-01 3.55356577e-01
 -6.24405868e-01 5.67232785e-01
 -1.06939640e+00 7.75437877e-01
 -1.63360288e+00 9.66995841e-01
 -2.29728674e+00 1.13560506e+00
 -3.03962992e+00 1.27801249e+00
 -3.84602783e+00 1.39027050e+00
 -4.71023407e+00 1.46552073e+00
 -5.63291987e+00 1.49336040e+00
 -6.61942499e+00 1.46038104e+00
 -7.67789085e+00 1.35139461e+00
 -8.81726398e+00 1.15068304e+00
 -1.00448414e+01 8.42778772e-01
 -1.13641442e+01 4.13049055e-01
 -1.27741526e+01 -1.51194568e-01
 -1.42699140e+01 -8.59011619e-01
 -1.58433100e+01 -1.71448900e+00
 -1.74828409e+01 -2.71653730e+00
 -1.91727476e+01 -3.85955747e+00
 -2.08927696e+01 -5.13406745e+00
 -2.26189719e+01 -6.52682584e+00
 -2.43245450e+01 -8.02074192e+00
 -2.59793172e+01 -9.59494624e+00
 -2.75481704e+01 -1.12249787e+01
 -2.89900968e+01 -1.28830261e+01
 -3.02596908e+01 -1.45385956e+01
 -3.13112642e+01 -1.61600473e+01
 -3.21039792e+01 -1.77167089e+01
 -3.26060275e+01 -1.91807477e+01
 -3.27969241e+01 -2.05283251e+01
 -3.26681179e+01 -2.17402353e+01
 -3.22225968e+01 -2.28022722e+01
 -3.14740468e+01 -2.37050044e+01
 -3.04454969e+01 -2.44424545e+01
 -2.91667843e+01 -2.50099549e+01
 -2.76706488e+01 -2.54024622e+01
 -2.59886591e+01 -2.56144340e+01
 -2.41487809e+01 -2.56409599e+01
 -2.21754682e+01 -2.54790406e+01
 -2.00919537e+01 -2.51286224e+01
 -1.79238015e+01 -2.45937054e+01
 -1.57022761e+01 -2.38835151e+01
 -1.34658848e+01 -2.30132202e+01
 -1.12594420e+01 -2.20036743e+01
 -9.13151530e+00 -2.08798954e+01
 -7.13149799e+00 -1.96684925e+01
 -5.30671791e+00 -1.83948394e+01
 -3.69926605e+00 -1.70808498e+01
 -2.34247181e+00 -1.57437370e+01
 -1.25788036e+00 -1.43958149e+01
 -4.54291915e-01 -1.30452520e+01
 7.01473389e-02 -1.16974567e+01
 3.23855075e-01 -1.03567393e+01
 3.18368974e-01 -9.02826419e+00
 6.70399674e-02 -7.72045904e+00
 -4.15185711e-01 -6.44752102e+00
 -1.11230102e+00 -5.23096180e+00
 -2.00779674e+00 -4.09918749e+00
 -3.08437260e+00 -3.08509158e+00
 -4.32301430e+00 -2.22270671e+00
 -5.70236423e+00 -1.54409214e+00
 -7.19889620e+00 -1.07681794e+00
 -8.78770339e+00 -8.41747829e-01
 -1.04434658e+01 -8.51142895e-01
 -1.21414274e+01 -1.10779220e+00
 -1.38584600e+01 -1.60573950e+00
 -1.55740041e+01 -2.33221012e+00
 -1.72701785e+01 -3.26971530e+00
 -1.89305007e+01 -4.39764364e+00
 -2.05375463e+01 -5.69327758e+00
 -2.20705571e+01 -7.13234829e+00
 -2.35038471e+01 -8.68906757e+00
 -2.48062603e+01 -1.03355624e+01
 -2.59416529e+01 -1.20410312e+01
 -2.68706611e+01 -1.37714410e+01
 -2.75541380e+01 -1.54904555e+01
 -2.79577718e+01 -1.71612894e+01
 -2.80562898e+01 -1.87483154e+01
 -2.78359472e+01 -2.02176092e+01
 -2.72953754e+01 -2.15369310e+01
 -2.64454906e+01 -2.26763943e+01
 -2.53086977e+01 -2.36103118e+01
 -2.39173199e+01 -2.43193643e+01
 -2.23116283e+01 -2.47923039e+01
 -2.05383697e+01 -2.50283200e+01
 -1.86501797e+01 -2.50422382e+01
 -1.67042475e+01 -2.48713129e+01
 -1.47568682e+01 -2.45761174e+01
 -1.28527224e+01 -2.42278012e+01
 -1.10141132e+01 -2.38853201e+01
 -9.23879630e+00 -2.35784653e+01
 -7.50900484e+00 -2.33087973e+01
 -5.80457033e+00 -2.30638826e+01
 -4.11120784e+00 -2.28309752e+01
 -2.42164956e+00 -2.26024867e+01
 -7.33120321e-01 -2.23752515e+01
 9.55189944e-01 -2.21482922e+01
 2.64346359e+00 -2.19213802e+01
 4.33173224e+00 -2.16944746e+01
 6.01999810e+00 -2.14675700e+01
 7.70824166e+00 -2.12406684e+01
 9.39631626e+00 -2.10137895e+01
 1.10833856e+01 -2.07870457e+01
 1.27657605e+01 -2.05609329e+01
 1.44309011e+01 -2.03371364e+01
 1.60462305e+01 -2.01200345e+01
 1.75480550e+01 -1.99181878e+01
 1.88456891e+01 -1.97437845e+01
 1.98530232e+01 -1.96083979e+01
 1.98530232e+01 -1.96083979e+01
 1.98530232e+01 -1.96083979e+01
 1.98530232e+01 -1.96083979e+01
 1.98530232e+01 -1.96083979e+01
 1.98530232e+01 -1.96083979e+01
 1.98530232e+01 -1.96083979e+01
 1.98530232e+01 -1.96083979e+01
 1.98530232e+01 -1.96083979e+01
 1.98530232e+01 -1.96083979e+01
 1.98530232e+01 -1.96083979e+01
 1.98530232e+01 -1.96083979e+01
 1.98530232e+01 -1.96083979e+01
 1.98530232e+01 -1.96083979e+01
 1.98530232e+01 -1.96083979e+01
 1.98530232e+01 -1.96083979e+01
 1.98530232e+01 -1.96083979e+01
 1.98530232e+01 -1.96083979e+01
 1.98530232e+01 -1.96083979e+01
 1.98530232e+01 -1.96083979e+01
 1.98530232e+01 -1.96083979e+01
 1.98530232e+01 -1.96083979e+01
 1.98530232e+01 -1.96083979e+01
 1.98530232e+01 -1.96083979e+01
 1.98530232e+01 -1.96083979e+01
 1.98530232e+01 -1.96083979e+01
 1.98530232e+01 -1.96083979e+01
 1.98530232e+01 -1.96083979e+01
 1.98530232e+01 -1.96083979e+01
 1.98530232e+01 -1.96083979e+01
 1.98530232e+01 -1.96083979e+01
 1.98530232e+01 -1.96083979e+01
 1.98530232e+01 -1.96083979e+01
 1.98530232e+01 -1.96083979e+01
 1.98530232e+01 -1.96083979e+01
 1.98530232e+01 -1.96083979e+01
 1.98530232e+01 -1.96083979e+01
 1.98530232e+01 -1.96083979e+01
 1.98530232e+01 -1.96083979e+01
 1.98530232e+01 -1.96083979e+01
 1.98530232e+01 -1.96083979e+01
 1.98530232e+01 -1.96083979e+01
 1.98530232e+01 -1.96083979e+01
 1.98530232e+01 -1.96083979e+01
 1.98530232e+01 -1.96083979e+01
 1.98530232e+01 -1.96083979e+01
 1.98530232e+01 -1.96083979e+01
 1.98530232e+01 -1.96083979e+01
 1.98530232e+01 -1.96083979e+01
 1.98530232e+01 -1.96083979e+01
 1.98530232e+01 -1.96083979e+01
 1.98530232e+01 -1.96083979e+01
 1.98530232e+01 -1.96083979e+01
 1.98530232e+01 -1.96083979e+01
 1.98530232e+01 -1.96083979e+01
 1.98530232e+01 -1.96083979e+01
 1.98530232e+01 -1.96083979e+01
 1.98530232e+01 -1.96083979e+01
 1.98530232e+01 -1.96083979e+01
 1.98530232e+01 -1.96083979e+01
 1.98530232e+01 -1.96083979e+01
