 0.00000000e+00 0.00000000e+00
 0.00000000e+00 0.00000000e+00
 0.00000000e+00 0.00000000e+00
 0.00000000e+00 0.00000000e+00
 0.00000000e+00 0.00000000e+00
 0.00000000e+00 0.00000000e+00
 0.00000000e+00 0.00000000e+00
 0.00000000e+00 0.00000000e+00
 0.00000000e+00 0.00000000e+00
 0.00000000e+00 0.00000000e+00
 0.00000000e+00 0.00000000e+00
 0.00000000e+00 0.00000000e+00
 0.00000000e+00 0.00000000e+00
 0.00000000e+00 0.00000000e+00
 0.00000000e+00 0.00000000e+00
 -2.04453655e-01 1.29064074e-01
 -5.06353025e-01 2.88371275e-01
 -9.14766339e-01 4.61192675e-01
 -1.43626062e+00 6.29099902e-01
 -2.07931707e+00 7.75794197e-01
 -2.85452177e+00 8.87534861e-01
 -3.77095321e+00 9.52117648e-01
 -4.83196781e+00 9.57967968e-01
 -6.03275157e+00 8.93775554e-01
 -7.35985328e+00 7.48893752e-01
 -8.79193467e+00 5.14250854e-01
 -1.03015206e+01 1.82805621e-01
 -1.18580326e+01 -2.50891011e-01
 -1.34316557e+01 -7.91167642e-01
 -1.49965762e+01 -1.44075743e+00
 -1.65323401e+01 -2.19969381e+00
 -1.80232964e+01 -3.06486438e+00
 -1.94570665e+01 -4.03082550e+00
 -2.08231278e+01 -5.09100782e+00
 -2.21119641e+01 -6.23814378e+00
 -2.33143137e+01 -7.46385463e+00
 -2.44198592e+01 -8.75817250e+00
 -2.54156853e+01 -1.01094976e+01
 -2.62857520e+01 -1.15049394e+01
 -2.70121460e+01 -1.29308340e+01
 -2.75776104e+01 -1.43732429e+01
 -2.79681796e+01 -1.58182045e+01
 -2.81748335e+01 -1.72515815e+01
 -2.81936755e+01 -1.86586395e+01
 -2.80251658e+01 -2.00238364e+01
 -2.76735130e+01 -2.13311830e+01
 -2.71466596e+01 -2.25648235e+01
 -2.64564201e+01 -2.37090632e+01
 -2.56183042e+01 -2.47476483e+01
 -2.46507344e+01 -2.56629697e+01
 -2.35733425e+01 -2.64359429e+01
 -2.24045990e+01 -2.70468286e+01
 -2.11600005e+01 -2.74768514e+01
 -1.98519366e+01 -2.77101308e+01
 -1.84909895e+01 -2.77352052e+01
 -1.70874716e+01 -2.75459231e+01
 -1.56524917e+01 -2.71423633e+01
 -1.41987929e+01 -2.65321969e+01
 -1.27417945e+01 -2.57316373e+01
 -1.13006806e+01 -2.47647395e+01
 -9.89883569e+00 -2.36607753e+01
 -8.56308517e+00 -2.24504782e+01
 -7.32179795e+00 -2.11623746e+01
 -6.20224517e+00 -1.98202155e+01
 -5.22767913e+00 -1.84419420e+01
 -4.41489422e+00 -1.70401051e+01
 -3.77333646e+00 -1.56234299e+01
 -3.30648423e+00 -1.41991293e+01
 -3.01496843e+00 -1.27755917e+01
 -2.89935551e+00 -1.13650946e+01
 -2.96043348e+00 -9.98597335e+00
 -3.19729394e+00 -8.66341273e+00
 -3.60601077e+00 -7.42827732e+00
 -4.18062077e+00 -6.31424995e+00
 -4.91470978e+00 -5.35438404e+00
 -5.80112067e+00 -4.57830414e+00
 -6.82987912e+00 -4.01052240e+00
 -7.98638490e+00 -3.66934185e+00
 -9.25118733e+00 -3.56563202e+00
 -1.06011313e+01 -3.70153351e+00
 -1.20111465e+01 -4.06990465e+00
 -1.34560635e+01 -4.65523332e+00
 -1.49118044e+01 -5.43582463e+00
 -1.63554921e+01 -6.38614744e+00
 -1.77647599e+01 -7.47840609e+00
 -1.91170305e+01 -8.68353735e+00
 -2.03891217e+01 -9.97228491e+00
 -2.15568947e+01 -1.13163494e+01
 -2.25948202e+01 -1.26892273e+01
 -2.34761707e+01 -1.40666667e+01
 -2.41748248e+01 -1.54268193e+01
 -2.46685493e+01 -1.67500772e+01
 -2.49419909e+01 -1.80186469e+01
 -2.49875025e+01 -1.92159668e+01
 -2.48040037e+01 -2.03261022e+01
 -2.43959569e+01 -2.13334851e+01
 -2.37738458e+01 -2.22235864e+01
 -2.29559262e+01 -2.29851842e+01
 -2.19711226e+01 -2.36147980e+01
 -2.08624190e+01 -2.41225165e+01
 -1.96862274e+01 -2.45352454e+01
 -1.85018396e+01 -2.48919248e+01
 -1.73534586e+01 -2.52305750e+01
 -1.62578452e+01 -2.55756428e+01
 -1.52076127e+01 -2.59348317e+01
 -1.41854085e+01 -2.63053264e+01
 -1.31762987e+01 -2.66818108e+01
 -1.21719052e+01 -2.70606175e+01
 -1.11688317e+01 -2.74401056e+01
 -1.01660463e+01 -2.78197473e+01
 -9.16330993e+00 -2.81994159e+01
 -8.16058025e+00 -2.85790880e+01
 -7.15785261e+00 -2.89587600e+01
 -6.15513825e+00 -2.93384270e+01
 -5.15252425e+00 -2.97180560e+01
 -4.15050728e+00 -3.00974590e+01
 -3.15127856e+00 -3.04758062e+01
 -2.16228599e+00 -3.08502776e+01
 -1.20287819e+00 -3.12135471e+01
 -3.10885468e-01 -3.15512906e+01
 4.59830554e-01 -3.18431139e+01
 1.05812592e+00 -3.20696520e+01
 1.05812592e+00 -3.20696520e+01
 1.05812592e+00 -3.20696520e+01
 1.05812592e+00 -3.20696520e+01
 1.05812592e+00 -3.20696520e+01
 1.05812592e+00 -3.20696520e+01
 1.05812592e+00 -3.20696520e+01
 1.05812592e+00 -3.20696520e+01
 1.05812592e+00 -3.20696520e+01
 1.05812592e+00 -3.20696520e+01
 1.05812592e+00 -3.20696520e+01
 1.05812592e+00 -3.20696520e+01
 1.05812592e+00 -3.20696520e+01
 1.05812592e+00 -3.20696520e+01
 1.05812592e+00 -3.20696520e+01
 1.05812592e+00 -3.20696520e+01
 1.05812592e+00 -3.20696520e+01
 1.05812592e+00 -3.20696520e+01
 1.05812592e+00 -3.20696520e+01
 1.05812592e+00 -3.20696520e+01
 1.05812592e+00 -3.20696520e+01
 1.05812592e+00 -3.20696520e+01
 1.05812592e+00 -3.20696520e+01
 1.05812592e+00 -3.20696520e+01
 1.05812592e+00 -3.20696520e+01
 1.05812592e+00 -3.20696520e+01
 1.05812592e+00 -3.20696520e+01
 1.05812592e+00 -3.20696520e+01
 1.05812592e+00 -3.20696520e+01
 1.05812592e+00 -3.20696520e+01
 1.05812592e+00 -3.20696520e+01
 1.05812592e+00 -3.20696520e+01
 1.05812592e+00 -3.20696520e+01
 1.05812592e+00 -3.20696520e+01
 1.05812592e+00 -3.20696520e+01
 1.05812592e+00 -3.20696520e+01
 1.05812592e+00 -3.20696520e+01
 1.05812592e+00 -3.20696520e+01
 1.05812592e+00 -3.20696520e+01
 1.05812592e+00 -3.20696520e+01
 1.05812592e+00 -3.20696520e+01
 1.05812592e+00 -3.20696520e+01
 1.05812592e+00 -3.20696520e+01
 1.05812592e+00 -3.20696520e+01
 1.05812592e+00 -3.20696520e+01
 1.05812592e+00 -3.20696520e+01
 1.05812592e+00 -3.20696520e+01
 1.05812592e+00 -3.20696520e+01
 1.05812592e+00 -3.20696520e+01
 1.05812592e+00 -3.20696520e+01
 1.05812592e+00 -3.20696520e+01
 1.05812592e+00 -3.20696520e+01
 1.05812592e+00 -3.20696520e+01
 1.05812592e+00 -3.20696520e+01
 1.05812592e+00 -3.20696520e+01
 1.05812592e+00 -3.20696520e+01
 1.05812592e+00 -3.20696520e+01
 1.05812592e+00 -3.20696520e+01
 1.05812592e+00 -3.20696520e+01
 1.05812592e+00 -3.20696520e+01
 1.05812592e+00 -3.20696520e+01
 1.05812592e+00 -3.20696520e+01
