 0.00000000e+00 0.00000000e+00
 0.00000000e+00 0.00000000e+00
 0.00000000e+00 0.00000000e+00
 0.00000000e+00 0.00000000e+00
 0.00000000e+00 0.00000000e+00
 0.00000000e+00 0.00000000e+00
 0.00000000e+00 0.00000000e+00
 0.00000000e+00 0.00000000e+00
 0.00000000e+00 0.00000000e+00
 0.00000000e+00 0.00000000e+00
 0.00000000e+00 0.00000000e+00
 0.00000000e+00 0.00000000e+00
 0.00000000e+00 0.00000000e+00
 -3.48041681e-01 4.68104523e-02
 -8.14157970e-01 1.02969199e-01
 -1.38312339e+00 1.62435598e-01
 -2.03900368e+00 2.19229601e-01
 -2.77438656e+00 2.68337134e-01
 -3.59054029e+00 3.05675572e-01
 -4.49226820e+00 3.27807428e-01
 -5.48309124e+00 3.31101765e-01
 -6.56318048e+00 3.10174443e-01
 -7.72929810e+00 2.56802113e-01
 -8.97503669e+00 1.60600450e-01
 -1.02904052e+01 1.08666822e-02
 -1.16611570e+01 -2.02238495e-01
 -1.30689540e+01 -4.87791953e-01
 -1.44928679e+01 -8.54372710e-01
 -1.59115698e+01 -1.30941737e+00
 -1.73051023e+01 -1.85798251e+00
 -1.86557175e+01 -2.50197773e+00
 -1.99481608e+01 -3.24025577e+00
 -2.11699566e+01 -4.06900209e+00
 -2.23115636e+01 -4.98199572e+00
 -2.33657338e+01 -5.97103274e+00
 -2.43258737e+01 -7.02672000e+00
 -2.51841327e+01 -8.13912250e+00
 -2.59302537e+01 -9.29772452e+00
 -2.65516169e+01 -1.04909504e+01
 -2.70341818e+01 -1.17058731e+01
 -2.73638806e+01 -1.29282470e+01
 -2.75282608e+01 -1.41425558e+01
 -2.75182852e+01 -1.53320791e+01
 -2.73301090e+01 -1.64794085e+01
 -2.69664372e+01 -1.75674917e+01
 -2.64368353e+01 -1.85805885e+01
 -2.57565522e+01 -1.95045639e+01
 -2.49442785e+01 -2.03267747e+01
 -2.40199184e+01 -2.10362065e+01
 -2.30030043e+01 -2.16238291e+01
 -2.19114802e+01 -2.20824625e+01
 -2.07605707e+01 -2.24059456e+01
 -1.95621910e+01 -2.25882811e+01
 -1.83254875e+01 -2.26234488e+01
 -1.70581977e+01 -2.25059348e+01
 -1.57678427e+01 -2.22315575e+01
 -1.44622012e+01 -2.17981328e+01
 -1.31493106e+01 -2.12057782e+01
 -1.18373924e+01 -2.04568312e+01
 -1.05347395e+01 -1.95554281e+01
 -9.24936517e+00 -1.85071232e+01
 -7.98851363e+00 -1.73191705e+01
 -6.75873877e+00 -1.60015044e+01
 -5.56716553e+00 -1.45675529e+01
 -4.42351135e+00 -1.30340255e+01
 -3.34171795e+00 -1.14197610e+01
 -2.34043590e+00 -9.74448436e+00
 -1.44234882e+00 -8.02825882e+00
 -6.72705857e-01 -6.29184615e+00
 -5.74714808e-02 -4.55771775e+00
 3.78705428e-01 -2.85131016e+00
 6.14533214e-01 -1.20213568e+00
 6.33510694e-01 3.55539369e-01
 4.24102851e-01 1.78255533e+00
 -2.10019741e-02 3.03532941e+00
 -7.05486469e-01 4.06732127e+00
 -1.62923774e+00 4.83216182e+00
 -2.78740718e+00 5.28865808e+00
 -4.16874442e+00 5.40668074e+00
 -5.75351807e+00 5.17201029e+00
 -7.51195847e+00 4.58854507e+00
 -9.40423790e+00 3.67758347e+00
 -1.13822746e+01 2.47503572e+00
 -1.33927643e+01 1.02768438e+00
 -1.53804019e+01 -6.10841069e-01
 -1.72904686e+01 -2.38418144e+00
 -1.90706650e+01 -4.23714019e+00
 -2.06727063e+01 -6.11855989e+00
 -2.20542290e+01 -7.98247380e+00
 -2.31808054e+01 -9.78777420e+00
 -2.40269455e+01 -1.14975817e+01
 -2.45751803e+01 -1.30793444e+01
 -2.48141427e+01 -1.45056041e+01
 -2.47380433e+01 -1.57546427e+01
 -2.43485375e+01 -1.68105610e+01
 -2.36567991e+01 -1.76630233e+01
 -2.26830236e+01 -1.83071123e+01
 -2.14537070e+01 -1.87434946e+01
 -1.99998268e+01 -1.89789639e+01
 -1.83582636e+01 -1.90276837e+01
 -1.65754533e+01 -1.89135389e+01
 -1.47088984e+01 -1.86725966e+01
 -1.28213556e+01 -1.83519352e+01
 -1.09668571e+01 -1.80010425e+01
 -9.17588754e+00 -1.76582273e+01
 -7.45072734e+00 -1.73414081e+01
 -5.77454240e+00 -1.70501403e+01
 -4.12619549e+00 -1.67754532e+01
 -2.49017049e+00 -1.65086902e+01
 -8.58420806e-01 -1.62448142e+01
 7.72163884e-01 -1.59817510e+01
 2.40249926e+00 -1.57188659e+01
 4.03279276e+00 -1.54560112e+01
 5.66308057e+00 -1.51931605e+01
 7.29336559e+00 -1.49303106e+01
 8.92362907e+00 -1.46674642e+01
 1.05537294e+01 -1.44046441e+01
 1.21828590e+01 -1.41419805e+01
 1.38074554e+01 -1.38800478e+01
 1.54154093e+01 -1.36207984e+01
 1.69752628e+01 -1.33693041e+01
 1.84255094e+01 -1.31354817e+01
 1.96785784e+01 -1.29334502e+01
 2.06513171e+01 -1.27766161e+01
 2.06513171e+01 -1.27766161e+01
 2.06513171e+01 -1.27766161e+01
 2.06513171e+01 -1.27766161e+01
 2.06513171e+01 -1.27766161e+01
 2.06513171e+01 -1.27766161e+01
 2.06513171e+01 -1.27766161e+01
 2.06513171e+01 -1.27766161e+01
 2.06513171e+01 -1.27766161e+01
 2.06513171e+01 -1.27766161e+01
 2.06513171e+01 -1.27766161e+01
 2.06513171e+01 -1.27766161e+01
 2.06513171e+01 -1.27766161e+01
 2.06513171e+01 -1.27766161e+01
 2.06513171e+01 -1.27766161e+01
 2.06513171e+01 -1.27766161e+01
 2.06513171e+01 -1.27766161e+01
 2.06513171e+01 -1.27766161e+01
 2.06513171e+01 -1.27766161e+01
 2.06513171e+01 -1.27766161e+01
 2.06513171e+01 -1.27766161e+01
 2.06513171e+01 -1.27766161e+01
 2.06513171e+01 -1.27766161e+01
 2.06513171e+01 -1.27766161e+01
 2.06513171e+01 -1.27766161e+01
 2.06513171e+01 -1.27766161e+01
 2.06513171e+01 -1.27766161e+01
 2.06513171e+01 -1.27766161e+01
 2.06513171e+01 -1.27766161e+01
 2.06513171e+01 -1.27766161e+01
 2.06513171e+01 -1.27766161e+01
 2.06513171e+01 -1.27766161e+01
 2.06513171e+01 -1.27766161e+01
 2.06513171e+01 -1.27766161e+01
 2.06513171e+01 -1.27766161e+01
 2.06513171e+01 -1.27766161e+01
 2.06513171e+01 -1.27766161e+01
 2.06513171e+01 -1.27766161e+01
 2.06513171e+01 -1.27766161e+01
 2.06513171e+01 -1.27766161e+01
 2.06513171e+01 -1.27766161e+01
 2.06513171e+01 -1.27766161e+01
 2.06513171e+01 -1.27766161e+01
 2.06513171e+01 -1.27766161e+01
 2.06513171e+01 -1.27766161e+01
 2.06513171e+01 -1.27766161e+01
 2.06513171e+01 -1.27766161e+01
 2.06513171e+01 -1.27766161e+01
 2.06513171e+01 -1.27766161e+01
 2.06513171e+01 -1.27766161e+01
 2.06513171e+01 -1.27766161e+01
 2.06513171e+01 -1.27766161e+01
 2.06513171e+01 -1.27766161e+01
 2.06513171e+01 -1.27766161e+01
 2.06513171e+01 -1.27766161e+01
 2.06513171e+01 -1.27766161e+01
 2.06513171e+01 -1.27766161e+01
 2.06513171e+01 -1.27766161e+01
 2.06513171e+01 -1.27766161e+01
 2.06513171e+01 -1.27766161e+01
