 0.00000000e+00 0.00000000e+00
 0.00000000e+00 0.00000000e+00
 0.00000000e+00 0.00000000e+00
 0.00000000e+00 0.00000000e+00
 0.00000000e+00 0.00000000e+00
 0.00000000e+00 0.00000000e+00
 0.00000000e+00 0.00000000e+00
 0.00000000e+00 0.00000000e+00
 0.00000000e+00 0.00000000e+00
 0.00000000e+00 0.00000000e+00
 0.00000000e+00 0.00000000e+00
 -2.81830547e-01 3.18677227e-02
 -6.85935033e-01 6.96729708e-02
 -1.21669894e+00 1.09856523e-01
 -1.86990190e+00 1.49396868e-01
 -2.63584572e+00 1.86126039e-01
 -3.50252649e+00 2.17783284e-01
 -4.45936984e+00 2.40790159e-01
 -5.49985618e+00 2.49736092e-01
 -6.62086568e+00 2.37702591e-01
 -7.81911736e+00 1.97078016e-01
 -9.08739125e+00 1.20708969e-01
 -1.04130642e+01 3.04587968e-03
 -1.17796310e+01 -1.59538020e-01
 -1.31700930e+01 -3.69625203e-01
 -1.45703414e+01 -6.30145114e-01
 -1.59708672e+01 -9.45322346e-01
 -1.73660279e+01 -1.32082235e+00
 -1.87515671e+01 -1.76332476e+00
 -2.01222834e+01 -2.27992845e+00
 -2.14713148e+01 -2.87756463e+00
 -2.27905933e+01 -3.56221758e+00
 -2.40708188e+01 -4.33780551e+00
 -2.53002552e+01 -5.20510688e+00
 -2.64634754e+01 -6.16124032e+00
 -2.75415868e+01 -7.19961553e+00
 -2.85140060e+01 -8.30993970e+00
 -2.93604087e+01 -9.47827508e+00
 -3.00616846e+01 -1.06875094e+01
 -3.05999978e+01 -1.19184044e+01
 -3.09588318e+01 -1.31509981e+01
 -3.11238196e+01 -1.43659060e+01
 -3.10845513e+01 -1.55451126e+01
 -3.08365755e+01 -1.66722339e+01
 -3.03823060e+01 -1.77325855e+01
 -2.97304266e+01 -1.87132894e+01
 -2.88946628e+01 -1.96032561e+01
 -2.78926792e+01 -2.03927348e+01
 -2.67447650e+01 -2.10724392e+01
 -2.54717652e+01 -2.16327572e+01
 -2.40928432e+01 -2.20636803e+01
 -2.26244384e+01 -2.23556148e+01
 -2.10809185e+01 -2.25006405e+01
 -1.94759972e+01 -2.24936292e+01
 -1.78238859e+01 -2.23329063e+01
 -1.61401891e+01 -2.20204548e+01
 -1.44430376e+01 -2.15618187e+01
 -1.27542960e+01 -2.09658271e+01
 -1.10998882e+01 -2.02441215e+01
 -9.50846113e+00 -1.94103563e+01
 -8.00876696e+00 -1.84789840e+01
 -6.62712684e+00 -1.74638013e+01
 -5.38607725e+00 -1.63767128e+01
 -4.30415536e+00 -1.52271948e+01
 -3.39599307e+00 -1.40226420e+01
 -2.67214551e+00 -1.27693208e+01
 -2.13897570e+00 -1.14733412e+01
 -1.79935511e+00 -1.01413067e+01
 -1.65418227e+00 -8.78099383e+00
 -1.70358430e+00 -7.40269551e+00
 -1.94678944e+00 -6.02124908e+00
 -2.38101697e+00 -4.65793243e+00
 -3.00054810e+00 -3.34128653e+00
 -3.79674576e+00 -2.10654340e+00
 -4.75911655e+00 -9.94042550e-01
 -5.87694053e+00 -4.71422017e-02
 -7.14044654e+00 6.90365768e-01
 -8.54060912e+00 1.17771489e+00
 -1.00676829e+01 1.38153936e+00
 -1.17094977e+01 1.28043230e+00
 -1.34502422e+01 8.68367252e-01
 -1.52695129e+01 1.55670224e-01
 -1.71412253e+01 -8.32899979e-01
 -1.90327312e+01 -2.06201853e+00
 -2.09049529e+01 -3.48996980e+00
 -2.27138349e+01 -5.07211790e+00
 -2.44126123e+01 -6.76365246e+00
 -2.59541080e+01 -8.52178339e+00
 -2.72927078e+01 -1.03071275e+01
 -2.83864294e+01 -1.20839649e+01
 -2.91996719e+01 -1.38196461e+01
 -2.97063494e+01 -1.54839491e+01
 -2.98921583e+01 -1.70489000e+01
 -2.97550331e+01 -1.84888340e+01
 -2.93041274e+01 -1.97802391e+01
 -2.85583101e+01 -2.09014752e+01
 -2.75445417e+01 -2.18329970e+01
 -2.62956518e+01 -2.25584097e+01
 -2.48472906e+01 -2.30658994e+01
 -2.32349001e+01 -2.33492385e+01
 -2.14920292e+01 -2.34080803e+01
 -1.96505701e+01 -2.32483973e+01
 -1.77423137e+01 -2.28846258e+01
 -1.58005446e+01 -2.23438616e+01
 -1.38600024e+01 -2.16692768e+01
 -1.19533506e+01 -2.09173671e+01
 -1.01040263e+01 -2.01458045e+01
 -8.31949461e+00 -1.93967418e+01
 -6.59086747e+00 -1.86870329e+01
 -4.90019621e+00 -1.80122410e+01
 -3.22995576e+00 -1.73591559e+01
 -1.56844136e+00 -1.67162062e+01
 9.01199633e-02 -1.60768969e+01
 1.74789107e+00 -1.54386032e+01
 3.40549535e+00 -1.48005305e+01
 5.06307189e+00 -1.41624952e+01
 6.72064463e+00 -1.35244651e+01
 8.37821474e+00 -1.28864363e+01
 1.00357630e+01 -1.22484160e+01
 1.16931453e+01 -1.16104595e+01
 1.33495407e+01 -1.09728830e+01
 1.50013269e+01 -1.03370805e+01
 1.66361922e+01 -9.70779131e+00
 1.82221520e+01 -9.09732666e+00
 1.96966706e+01 -8.52975777e+00
 2.09707114e+01 -8.03935641e+00
 2.19597303e+01 -7.65866514e+00
 2.19597303e+01 -7.65866514e+00
 2.19597303e+01 -7.65866514e+00
 2.19597303e+01 -7.65866514e+00
 2.19597303e+01 -7.65866514e+00
 2.19597303e+01 -7.65866514e+00
 2.19597303e+01 -7.65866514e+00
 2.19597303e+01 -7.65866514e+00
 2.19597303e+01 -7.65866514e+00
 2.19597303e+01 -7.65866514e+00
 2.19597303e+01 -7.65866514e+00
 2.19597303e+01 -7.65866514e+00
 2.19597303e+01 -7.65866514e+00
 2.19597303e+01 -7.65866514e+00
 2.19597303e+01 -7.65866514e+00
 2.19597303e+01 -7.65866514e+00
 2.19597303e+01 -7.65866514e+00
 2.19597303e+01 -7.65866514e+00
 2.19597303e+01 -7.65866514e+00
 2.19597303e+01 -7.65866514e+00
 2.19597303e+01 -7.65866514e+00
 2.19597303e+01 -7.65866514e+00
 2.19597303e+01 -7.65866514e+00
 2.19597303e+01 -7.65866514e+00
 2.19597303e+01 -7.65866514e+00
 2.19597303e+01 -7.65866514e+00
 2.19597303e+01 -7.65866514e+00
 2.19597303e+01 -7.65866514e+00
 2.19597303e+01 -7.65866514e+00
 2.19597303e+01 -7.65866514e+00
 2.19597303e+01 -7.65866514e+00
 2.19597303e+01 -7.65866514e+00
 2.19597303e+01 -7.65866514e+00
 2.19597303e+01 -7.65866514e+00
 2.19597303e+01 -7.65866514e+00
 2.19597303e+01 -7.65866514e+00
 2.19597303e+01 -7.65866514e+00
 2.19597303e+01 -7.65866514e+00
 2.19597303e+01 -7.65866514e+00
 2.19597303e+01 -7.65866514e+00
 2.19597303e+01 -7.65866514e+00
 2.19597303e+01 -7.65866514e+00
 2.19597303e+01 -7.65866514e+00
 2.19597303e+01 -7.65866514e+00
 2.19597303e+01 -7.65866514e+00
 2.19597303e+01 -7.65866514e+00
 2.19597303e+01 -7.65866514e+00
 2.19597303e+01 -7.65866514e+00
 2.19597303e+01 -7.65866514e+00
 2.19597303e+01 -7.65866514e+00
 2.19597303e+01 -7.65866514e+00
 2.19597303e+01 -7.65866514e+00
 2.19597303e+01 -7.65866514e+00
 2.19597303e+01 -7.65866514e+00
 2.19597303e+01 -7.65866514e+00
 2.19597303e+01 -7.65866514e+00
 2.19597303e+01 -7.65866514e+00
