 0.00000000e+00 0.00000000e+00
 0.00000000e+00 0.00000000e+00
 0.00000000e+00 0.00000000e+00
 0.00000000e+00 0.00000000e+00
 0.00000000e+00 0.00000000e+00
 0.00000000e+00 0.00000000e+00
 0.00000000e+00 0.00000000e+00
 0.00000000e+00 0.00000000e+00
 0.00000000e+00 0.00000000e+00
 0.00000000e+00 0.00000000e+00
 0.00000000e+00 0.00000000e+00
 0.00000000e+00 0.00000000e+00
 0.00000000e+00 0.00000000e+00
 0.00000000e+00 0.00000000e+00
 0.00000000e+00 0.00000000e+00
 0.00000000e+00 0.00000000e+00
 0.00000000e+00 0.00000000e+00
 0.00000000e+00 0.00000000e+00
 0.00000000e+00 0.00000000e+00
 -2.61566852e-01 1.75475034e-01
 -6.30304203e-01 3.95754871e-01
 -1.10870101e+00 6.41534587e-01
 -1.69651408e+00 8.91184677e-01
 -2.39468315e+00 1.12418128e+00
 -3.20537711e+00 1.31921277e+00
 -4.13020317e+00 1.45054624e+00
 -5.16889281e+00 1.48619509e+00
 -6.31902873e+00 1.38892954e+00
 -7.57602404e+00 1.11960368e+00
 -8.93256663e+00 6.41956369e-01
 -1.03777788e+01 -7.19962917e-02
 -1.18969263e+01 -1.03713758e+00
 -1.34717547e+01 -2.25230541e+00
 -1.50805922e+01 -3.69990602e+00
 -1.66976887e+01 -5.34769696e+00
 -1.82924480e+01 -7.15187683e+00
 -1.98296517e+01 -9.06094236e+00
 -2.12709427e+01 -1.10201586e+01
 -2.25768932e+01 -1.29762962e+01
 -2.37091337e+01 -1.48816737e+01
 -2.46326456e+01 -1.66964109e+01
 -2.53182148e+01 -1.83886548e+01
 -2.57444858e+01 -1.99336297e+01
 -2.58990478e+01 -2.13126466e+01
 -2.57784811e+01 -2.25125493e+01
 -2.53876597e+01 -2.35252831e+01
 -2.47386467e+01 -2.43472176e+01
 -2.38493484e+01 -2.49784375e+01
 -2.27419656e+01 -2.54223635e+01
 -2.14414042e+01 -2.56852779e+01
 -1.99739414e+01 -2.57749045e+01
 -1.83663415e+01 -2.56984266e+01
 -1.66454644e+01 -2.54617839e+01
 -1.48383652e+01 -2.50711896e+01
 -1.29727918e+01 -2.45353507e+01
 -1.10778015e+01 -2.38661655e+01
 -9.18416180e+00 -2.30773763e+01
 -7.32430130e+00 -2.21824668e+01
 -5.53159112e+00 -2.11933436e+01
 -3.83874640e+00 -2.01203371e+01
 -2.27555827e+00 -1.89729302e+01
 -8.66863386e-01 -1.77602128e+01
 3.68179251e-01 -1.64906543e+01
 1.41522697e+00 -1.51718053e+01
 2.26320494e+00 -1.38108365e+01
 2.90337978e+00 -1.24158636e+01
 3.32954920e+00 -1.09969249e+01
 3.53879101e+00 -9.56574936e+00
 3.53201495e+00 -8.13483820e+00
 3.31393778e+00 -6.71712249e+00
 2.89247669e+00 -5.32680209e+00
 2.27792599e+00 -3.98097967e+00
 1.48235265e+00 -2.70130877e+00
 5.19127516e-01 -1.51488896e+00
 -5.97865679e-01 -4.53915989e-01
 -1.85535898e+00 4.45808211e-01
 -3.24150575e+00 1.14705719e+00
 -4.74568379e+00 1.61395390e+00
 -6.35725607e+00 1.81560916e+00
 -8.06383099e+00 1.73046854e+00
 -9.84959689e+00 1.35013810e+00
 -1.16940410e+01 6.80883584e-01
 -1.35712520e+01 -2.57972106e-01
 -1.54499828e+01 -1.43763021e+00
 -1.72944371e+01 -2.82359166e+00
 -1.90655401e+01 -4.37878896e+00
 -2.07225340e+01 -6.06612480e+00
 -2.22248255e+01 -7.85037823e+00
 -2.35338715e+01 -9.69907767e+00
 -2.46148469e+01 -1.15821149e+01
 -2.54379882e+01 -1.34704549e+01
 -2.59795689e+01 -1.53347008e+01
 -2.62227612e+01 -1.71443290e+01
 -2.61595270e+01 -1.88683599e+01
 -2.57952093e+01 -2.04782957e+01
 -2.51562476e+01 -2.19539792e+01
 -2.42976159e+01 -2.32913946e+01
 -2.33015562e+01 -2.45079287e+01
 -2.22599154e+01 -2.56389517e+01
 -2.12453265e+01 -2.67248406e+01
 -2.02908736e+01 -2.77965401e+01
 -1.93930749e+01 -2.88694497e+01
 -1.85316119e+01 -2.99470609e+01
 -1.76874573e+01 -3.10279305e+01
 -1.68496070e+01 -3.21102166e+01
 -1.60135335e+01 -3.31929449e+01
 -1.51778494e+01 -3.42757767e+01
 -1.43422320e+01 -3.53586271e+01
 -1.35066236e+01 -3.64414798e+01
 -1.26710172e+01 -3.75243314e+01
 -1.18354219e+01 -3.86071687e+01
 -1.09999102e+01 -3.96898976e+01
 -1.01648961e+01 -4.07719818e+01
 -9.33220545e+00 -4.18510549e+01
 -8.50804498e+00 -4.29190739e+01
 -7.70853848e+00 -4.39551442e+01
 -6.96521121e+00 -4.49184126e+01
 -6.32294786e+00 -4.57507135e+01
 -5.82436838e+00 -4.63968162e+01
 -5.82436838e+00 -4.63968162e+01
 -5.82436838e+00 -4.63968162e+01
 -5.82436838e+00 -4.63968162e+01
 -5.82436838e+00 -4.63968162e+01
 -5.82436838e+00 -4.63968162e+01
 -5.82436838e+00 -4.63968162e+01
 -5.82436838e+00 -4.63968162e+01
 -5.82436838e+00 -4.63968162e+01
 -5.82436838e+00 -4.63968162e+01
 -5.82436838e+00 -4.63968162e+01
 -5.82436838e+00 -4.63968162e+01
 -5.82436838e+00 -4.63968162e+01
 -5.82436838e+00 -4.63968162e+01
 -5.82436838e+00 -4.63968162e+01
 -5.82436838e+00 -4.63968162e+01
 -5.82436838e+00 -4.63968162e+01
 -5.82436838e+00 -4.63968162e+01
 -5.82436838e+00 -4.63968162e+01
 -5.82436838e+00 -4.63968162e+01
 -5.82436838e+00 -4.63968162e+01
 -5.82436838e+00 -4.63968162e+01
 -5.82436838e+00 -4.63968162e+01
 -5.82436838e+00 -4.63968162e+01
 -5.82436838e+00 -4.63968162e+01
 -5.82436838e+00 -4.63968162e+01
 -5.82436838e+00 -4.63968162e+01
 -5.82436838e+00 -4.63968162e+01
 -5.82436838e+00 -4.63968162e+01
 -5.82436838e+00 -4.63968162e+01
 -5.82436838e+00 -4.63968162e+01
 -5.82436838e+00 -4.63968162e+01
 -5.82436838e+00 -4.63968162e+01
 -5.82436838e+00 -4.63968162e+01
 -5.82436838e+00 -4.63968162e+01
 -5.82436838e+00 -4.63968162e+01
 -5.82436838e+00 -4.63968162e+01
 -5.82436838e+00 -4.63968162e+01
 -5.82436838e+00 -4.63968162e+01
 -5.82436838e+00 -4.63968162e+01
 -5.82436838e+00 -4.63968162e+01
 -5.82436838e+00 -4.63968162e+01
 -5.82436838e+00 -4.63968162e+01
 -5.82436838e+00 -4.63968162e+01
 -5.82436838e+00 -4.63968162e+01
 -5.82436838e+00 -4.63968162e+01
 -5.82436838e+00 -4.63968162e+01
 -5.82436838e+00 -4.63968162e+01
 -5.82436838e+00 -4.63968162e+01
 -5.82436838e+00 -4.63968162e+01
 -5.82436838e+00 -4.63968162e+01
 -5.82436838e+00 -4.63968162e+01
 -5.82436838e+00 -4.63968162e+01
 -5.82436838e+00 -4.63968162e+01
 -5.82436838e+00 -4.63968162e+01
 -5.82436838e+00 -4.63968162e+01
 -5.82436838e+00 -4.63968162e+01
 -5.82436838e+00 -4.63968162e+01
 -5.82436838e+00 -4.63968162e+01
 -5.82436838e+00 -4.63968162e+01
 -5.82436838e+00 -4.63968162e+01
 -5.82436838e+00 -4.63968162e+01
 -5.82436838e+00 -4.63968162e+01
 -5.82436838e+00 -4.63968162e+01
 -5.82436838e+00 -4.63968162e+01
