 0.00000000e+00 0.00000000e+00
 0.00000000e+00 0.00000000e+00
 0.00000000e+00 0.00000000e+00
 0.00000000e+00 0.00000000e+00
 0.00000000e+00 0.00000000e+00
 0.00000000e+00 0.00000000e+00
 0.00000000e+00 0.00000000e+00
 0.00000000e+00 0.00000000e+00
 0.00000000e+00 0.00000000e+00
 0.00000000e+00 0.00000000e+00
 0.00000000e+00 0.00000000e+00
 0.00000000e+00 0.00000000e+00
 0.00000000e+00 0.00000000e+00
 -1.64581569e-01 2.40690789e-01
 -4.07269495e-01 5.57799539e-01
 -7.32029432e-01 9.33150735e-01
 -1.13645063e+00 1.34410724e+00
 -1.61756540e+00 1.77004458e+00
 -2.17781436e+00 2.19290106e+00
 -2.82711200e+00 2.59450037e+00
 -3.57965866e+00 2.95466036e+00
 -4.44821007e+00 3.25167380e+00
 -5.43995626e+00 3.46436266e+00
 -6.55568235e+00 3.57414179e+00
 -7.79075649e+00 3.56597855e+00
 -9.13601138e+00 3.42818292e+00
 -1.05780870e+01 3.15193031e+00
 -1.20998988e+01 2.73132192e+00
 -1.36818621e+01 2.16370274e+00
 -1.53038586e+01 1.44941745e+00
 -1.69472631e+01 5.90880061e-01
 -1.85962707e+01 -4.08391623e-01
 -2.02382482e+01 -1.54431603e+00
 -2.18631568e+01 -2.81259421e+00
 -2.34620390e+01 -4.20920224e+00
 -2.50246065e+01 -5.73068589e+00
 -2.65364715e+01 -7.37338855e+00
 -2.79771256e+01 -9.13121483e+00
 -2.93195433e+01 -1.09926137e+01
 -3.05312194e+01 -1.29380550e+01
 -3.15758711e+01 -1.49388580e+01
 -3.24157956e+01 -1.69574767e+01
 -3.30155979e+01 -1.89491563e+01
 -3.33470276e+01 -2.08650378e+01
 -3.33929757e+01 -2.26563889e+01
 -3.31488852e+01 -2.42788470e+01
 -3.26219084e+01 -2.56955064e+01
 -3.18291859e+01 -2.68785434e+01
 -3.07955454e+01 -2.78097455e+01
 -2.95500931e+01 -2.84801734e+01
 -2.81220735e+01 -2.88889294e+01
 -2.65375759e+01 -2.90412475e+01
 -2.48186122e+01 -2.89464734e+01
 -2.29848766e+01 -2.86165106e+01
 -2.10570423e+01 -2.80650937e+01
 -1.90597535e+01 -2.73079791e+01
 -1.70231140e+01 -2.63637176e+01
 -1.49826772e+01 -2.52542634e+01
 -1.29783950e+01 -2.40047605e+01
 -1.10526838e+01 -2.26424040e+01
 -9.24772305e+00 -2.11947706e+01
 -7.60245952e+00 -1.96881354e+01
 -6.15003280e+00 -1.81460953e+01
 -4.91624492e+00 -1.65886033e+01
 -3.91930270e+00 -1.50315806e+01
 -3.17055789e+00 -1.34873777e+01
 -2.67585100e+00 -1.19660162e+01
 -2.43720077e+00 -1.04766661e+01
 -2.45438206e+00 -9.02888895e+00
 -2.72570553e+00 -7.63360993e+00
 -3.24778155e+00 -6.30399598e+00
 -4.01480728e+00 -5.05625902e+00
 -5.01800585e+00 -3.91015964e+00
 -6.24523028e+00 -2.88886495e+00
 -7.68018693e+00 -2.01789601e+00
 -9.30095646e+00 -1.32313000e+00
 -1.10784082e+01 -8.28144924e-01
 -1.29756334e+01 -5.51569786e-01
 -1.49489490e+01 -5.05216315e-01
 -1.69501088e+01 -6.93213214e-01
 -1.89290818e+01 -1.11156988e+00
 -2.08368741e+01 -1.74771529e+00
 -2.26278682e+01 -2.58056356e+00
 -2.42613384e+01 -3.58201311e+00
 -2.57024078e+01 -4.71989192e+00
 -2.69230343e+01 -5.96137858e+00
 -2.79029418e+01 -7.27576802e+00
 -2.86294673e+01 -8.63583199e+00
 -2.90957982e+01 -1.00175848e+01
 -2.92990679e+01 -1.13989898e+01
 -2.92404676e+01 -1.27585923e+01
 -2.89269920e+01 -1.40746803e+01
 -2.83717984e+01 -1.53248380e+01
 -2.75917933e+01 -1.64857209e+01
 -2.66052080e+01 -1.75337352e+01
 -2.54329740e+01 -1.84481582e+01
 -2.41045046e+01 -1.92177868e+01
 -2.26638890e+01 -1.98493418e+01
 -2.11692620e+01 -2.03716349e+01
 -1.96803674e+01 -2.08290107e+01
 -1.82394493e+01 -2.12651365e+01
 -1.68596469e+01 -2.17079703e+01
 -1.55299286e+01 -2.21663013e+01
 -1.42303780e+01 -2.26370460e+01
 -1.29447068e+01 -2.31143446e+01
 -1.16639838e+01 -2.35941740e+01
 -1.03846359e+01 -2.40747433e+01
 -9.10558660e+00 -2.45554789e+01
 -7.82658797e+00 -2.50362434e+01
 -6.54759622e+00 -2.55170117e+01
 -5.26860690e+00 -2.59977798e+01
 -3.98963450e+00 -2.64785416e+01
 -2.71079011e+00 -2.69592552e+01
 -1.43270725e+00 -2.74396826e+01
 -1.58180810e-01 -2.79187732e+01
 1.10328930e+00 -2.83929559e+01
 2.32702374e+00 -2.88529540e+01
 3.46476956e+00 -2.92806291e+01
 4.44782571e+00 -2.96501569e+01
 5.21095756e+00 -2.99370158e+01
 5.21095756e+00 -2.99370158e+01
 5.21095756e+00 -2.99370158e+01
 5.21095756e+00 -2.99370158e+01
 5.21095756e+00 -2.99370158e+01
 5.21095756e+00 -2.99370158e+01
 5.21095756e+00 -2.99370158e+01
 5.21095756e+00 -2.99370158e+01
 5.21095756e+00 -2.99370158e+01
 5.21095756e+00 -2.99370158e+01
 5.21095756e+00 -2.99370158e+01
 5.21095756e+00 -2.99370158e+01
 5.21095756e+00 -2.99370158e+01
 5.21095756e+00 -2.99370158e+01
 5.21095756e+00 -2.99370158e+01
 5.21095756e+00 -2.99370158e+01
 5.21095756e+00 -2.99370158e+01
 5.21095756e+00 -2.99370158e+01
 5.21095756e+00 -2.99370158e+01
 5.21095756e+00 -2.99370158e+01
 5.21095756e+00 -2.99370158e+01
 5.21095756e+00 -2.99370158e+01
 5.21095756e+00 -2.99370158e+01
 5.21095756e+00 -2.99370158e+01
 5.21095756e+00 -2.99370158e+01
 5.21095756e+00 -2.99370158e+01
 5.21095756e+00 -2.99370158e+01
 5.21095756e+00 -2.99370158e+01
 5.21095756e+00 -2.99370158e+01
 5.21095756e+00 -2.99370158e+01
 5.21095756e+00 -2.99370158e+01
 5.21095756e+00 -2.99370158e+01
 5.21095756e+00 -2.99370158e+01
 5.21095756e+00 -2.99370158e+01
 5.21095756e+00 -2.99370158e+01
 5.21095756e+00 -2.99370158e+01
 5.21095756e+00 -2.99370158e+01
 5.21095756e+00 -2.99370158e+01
 5.21095756e+00 -2.99370158e+01
 5.21095756e+00 -2.99370158e+01
 5.21095756e+00 -2.99370158e+01
 5.21095756e+00 -2.99370158e+01
 5.21095756e+00 -2.99370158e+01
 5.21095756e+00 -2.99370158e+01
 5.21095756e+00 -2.99370158e+01
 5.21095756e+00 -2.99370158e+01
 5.21095756e+00 -2.99370158e+01
 5.21095756e+00 -2.99370158e+01
 5.21095756e+00 -2.99370158e+01
 5.21095756e+00 -2.99370158e+01
 5.21095756e+00 -2.99370158e+01
 5.21095756e+00 -2.99370158e+01
 5.21095756e+00 -2.99370158e+01
 5.21095756e+00 -2.99370158e+01
 5.21095756e+00 -2.99370158e+01
 5.21095756e+00 -2.99370158e+01
 5.21095756e+00 -2.99370158e+01
 5.21095756e+00 -2.99370158e+01
 5.21095756e+00 -2.99370158e+01
 5.21095756e+00 -2.99370158e+01
 5.21095756e+00 -2.99370158e+01
 5.21095756e+00 -2.99370158e+01
 5.21095756e+00 -2.99370158e+01
 5.21095756e+00 -2.99370158e+01
