 0.00000000e+00 0.00000000e+00
 0.00000000e+00 0.00000000e+00
 0.00000000e+00 0.00000000e+00
 0.00000000e+00 0.00000000e+00
 0.00000000e+00 0.00000000e+00
 0.00000000e+00 0.00000000e+00
 0.00000000e+00 0.00000000e+00
 0.00000000e+00 0.00000000e+00
 0.00000000e+00 0.00000000e+00
 0.00000000e+00 0.00000000e+00
 0.00000000e+00 0.00000000e+00
 0.00000000e+00 0.00000000e+00
 0.00000000e+00 0.00000000e+00
 0.00000000e+00 0.00000000e+00
 0.00000000e+00 0.00000000e+00
 0.00000000e+00 0.00000000e+00
 0.00000000e+00 0.00000000e+00
 -2.93515469e-01 1.91849080e-01
 -6.84442457e-01 4.39865554e-01
 -1.15928700e+00 7.24353219e-01
 -1.70526911e+00 1.01961252e+00
 -2.31830836e+00 1.29943728e+00
 -3.00326623e+00 1.53886744e+00
 -3.76981484e+00 1.71369615e+00
 -4.62794341e+00 1.79988808e+00
 -5.58459312e+00 1.77382198e+00
 -6.64157530e+00 1.61347523e+00
 -7.79480781e+00 1.30040919e+00
 -9.03471403e+00 8.21934453e-01
 -1.03473532e+01 1.72511464e-01
 -1.17157879e+01 -6.46011135e-01
 -1.31211955e+01 -1.62494456e+00
 -1.45433326e+01 -2.74972012e+00
 -1.59602710e+01 -4.00132569e+00
 -1.73476641e+01 -5.35822336e+00
 -1.86781205e+01 -6.79815553e+00
 -1.99214137e+01 -8.29887910e+00
 -2.10458543e+01 -9.83735117e+00
 -2.20203533e+01 -1.13880576e+01
 -2.28164346e+01 -1.29220191e+01
 -2.34099664e+01 -1.44075224e+01
 -2.37827764e+01 -1.58121592e+01
 -2.39240034e+01 -1.71049259e+01
 -2.38306422e+01 -1.82577011e+01
 -2.35068924e+01 -1.92463724e+01
 -2.29623671e+01 -2.00521119e+01
 -2.22097258e+01 -2.06628092e+01
 -2.12627901e+01 -2.10740498e+01
 -2.01360135e+01 -2.12887845e+01
 -1.88451618e+01 -2.13153756e+01
 -1.74084551e+01 -2.11647923e+01
 -1.58478005e+01 -2.08483901e+01
 -1.41900103e+01 -2.03772607e+01
 -1.24674219e+01 -1.97629942e+01
 -1.07170840e+01 -1.90188114e+01
 -8.97837214e+00 -1.81599557e+01
 -7.28984627e+00 -1.72029747e+01
 -5.68646825e+00 -1.61645977e+01
 -4.19791645e+00 -1.50613500e+01
 -2.84801560e+00 -1.39102264e+01
 -1.65470482e+00 -1.27294293e+01
 -6.30089810e-01 -1.15379203e+01
 2.19199045e-01 -1.03537801e+01
 8.90890815e-01 -9.19274725e+00
 1.38533375e+00 -8.06810213e+00
 1.70395982e+00 -6.99146607e+00
 1.84883873e+00 -5.97318766e+00
 1.82346611e+00 -5.02198955e+00
 1.63380390e+00 -4.14496912e+00
 1.28806604e+00 -3.34886184e+00
 7.94751838e-01 -2.64194301e+00
 1.60293429e-01 -2.03506503e+00
 -6.11683252e-01 -1.54114547e+00
 -1.51881058e+00 -1.17386994e+00
 -2.55715049e+00 -9.46744438e-01
 -3.71863523e+00 -8.72535764e-01
 -4.98991406e+00 -9.62102150e-01
 -6.35292580e+00 -1.22238731e+00
 -7.78648133e+00 -1.65501964e+00
 -9.26760907e+00 -2.25675143e+00
 -1.07721042e+01 -3.02094838e+00
 -1.22747308e+01 -3.93846458e+00
 -1.37494054e+01 -4.99732033e+00
 -1.51688549e+01 -6.18171081e+00
 -1.65032594e+01 -7.47097899e+00
 -1.77184832e+01 -8.83886872e+00
 -1.87754168e+01 -1.02533124e+01
 -1.96319350e+01 -1.16771964e+01
 -2.02479389e+01 -1.30703898e+01
 -2.05923584e+01 -1.43928456e+01
 -2.06505785e+01 -1.56088958e+01
 -2.04323618e+01 -1.66938081e+01
 -1.99797670e+01 -1.76423552e+01
 -1.93681631e+01 -1.84743711e+01
 -1.86901491e+01 -1.92297770e+01
 -1.80247335e+01 -1.99524251e+01
 -1.74124488e+01 -2.06732917e+01
 -1.68548484e+01 -2.14047176e+01
 -1.63336747e+01 -2.21462552e+01
 -1.58302295e+01 -2.28934828e+01
 -1.53333312e+01 -2.36429799e+01
 -1.48382956e+01 -2.43931537e+01
 -1.43436712e+01 -2.51434814e+01
 -1.38491175e+01 -2.58938362e+01
 -1.33545732e+01 -2.66441945e+01
 -1.28600306e+01 -2.73945522e+01
 -1.23654946e+01 -2.81449000e+01
 -1.18710081e+01 -2.88951727e+01
 -1.13768161e+01 -2.96449987e+01
 -1.08839992e+01 -3.03927382e+01
 -1.03962307e+01 -3.11328178e+01
 -9.92305342e+00 -3.18507586e+01
 -9.48312503e+00 -3.25182516e+01
 -9.10300999e+00 -3.30949912e+01
 -8.80793234e+00 -3.35427056e+01
 -8.80793234e+00 -3.35427056e+01
 -8.80793234e+00 -3.35427056e+01
 -8.80793234e+00 -3.35427056e+01
 -8.80793234e+00 -3.35427056e+01
 -8.80793234e+00 -3.35427056e+01
 -8.80793234e+00 -3.35427056e+01
 -8.80793234e+00 -3.35427056e+01
 -8.80793234e+00 -3.35427056e+01
 -8.80793234e+00 -3.35427056e+01
 -8.80793234e+00 -3.35427056e+01
 -8.80793234e+00 -3.35427056e+01
 -8.80793234e+00 -3.35427056e+01
 -8.80793234e+00 -3.35427056e+01
 -8.80793234e+00 -3.35427056e+01
 -8.80793234e+00 -3.35427056e+01
 -8.80793234e+00 -3.35427056e+01
 -8.80793234e+00 -3.35427056e+01
 -8.80793234e+00 -3.35427056e+01
 -8.80793234e+00 -3.35427056e+01
 -8.80793234e+00 -3.35427056e+01
 -8.80793234e+00 -3.35427056e+01
 -8.80793234e+00 -3.35427056e+01
 -8.80793234e+00 -3.35427056e+01
 -8.80793234e+00 -3.35427056e+01
 -8.80793234e+00 -3.35427056e+01
 -8.80793234e+00 -3.35427056e+01
 -8.80793234e+00 -3.35427056e+01
 -8.80793234e+00 -3.35427056e+01
 -8.80793234e+00 -3.35427056e+01
 -8.80793234e+00 -3.35427056e+01
 -8.80793234e+00 -3.35427056e+01
 -8.80793234e+00 -3.35427056e+01
 -8.80793234e+00 -3.35427056e+01
 -8.80793234e+00 -3.35427056e+01
 -8.80793234e+00 -3.35427056e+01
 -8.80793234e+00 -3.35427056e+01
 -8.80793234e+00 -3.35427056e+01
 -8.80793234e+00 -3.35427056e+01
 -8.80793234e+00 -3.35427056e+01
 -8.80793234e+00 -3.35427056e+01
 -8.80793234e+00 -3.35427056e+01
 -8.80793234e+00 -3.35427056e+01
 -8.80793234e+00 -3.35427056e+01
 -8.80793234e+00 -3.35427056e+01
 -8.80793234e+00 -3.35427056e+01
 -8.80793234e+00 -3.35427056e+01
 -8.80793234e+00 -3.35427056e+01
 -8.80793234e+00 -3.35427056e+01
 -8.80793234e+00 -3.35427056e+01
 -8.80793234e+00 -3.35427056e+01
 -8.80793234e+00 -3.35427056e+01
 -8.80793234e+00 -3.35427056e+01
 -8.80793234e+00 -3.35427056e+01
 -8.80793234e+00 -3.35427056e+01
 -8.80793234e+00 -3.35427056e+01
 -8.80793234e+00 -3.35427056e+01
 -8.80793234e+00 -3.35427056e+01
 -8.80793234e+00 -3.35427056e+01
 -8.80793234e+00 -3.35427056e+01
 -8.80793234e+00 -3.35427056e+01
 -8.80793234e+00 -3.35427056e+01
 -8.80793234e+00 -3.35427056e+01
 -8.80793234e+00 -3.35427056e+01
 -8.80793234e+00 -3.35427056e+01
 -8.80793234e+00 -3.35427056e+01
 -8.80793234e+00 -3.35427056e+01
 -8.80793234e+00 -3.35427056e+01
 -8.80793234e+00 -3.35427056e+01
