 0.00000000e+00 0.00000000e+00
 0.00000000e+00 0.00000000e+00
 0.00000000e+00 0.00000000e+00
 0.00000000e+00 0.00000000e+00
 0.00000000e+00 0.00000000e+00
 0.00000000e+00 0.00000000e+00
 0.00000000e+00 0.00000000e+00
 0.00000000e+00 0.00000000e+00
 0.00000000e+00 0.00000000e+00
 0.00000000e+00 0.00000000e+00
 0.00000000e+00 0.00000000e+00
 0.00000000e+00 0.00000000e+00
 0.00000000e+00 0.00000000e+00
 0.00000000e+00 0.00000000e+00
 0.00000000e+00 0.00000000e+00
 0.00000000e+00 0.00000000e+00
 0.00000000e+00 0.00000000e+00
 -2.57490479e-01 1.43984556e-01
 -5.86826947e-01 3.36897370e-01
 -9.68927676e-01 5.67603023e-01
 -1.38784069e+00 8.19471022e-01
 -1.83826600e+00 1.07416365e+00
 -2.32549802e+00 1.31291585e+00
 -2.86188166e+00 1.51612033e+00
 -3.46357039e+00 1.66250965e+00
 -4.14813602e+00 1.72851046e+00
 -4.93216962e+00 1.68824887e+00
 -5.82865703e+00 1.51489052e+00
 -6.84469035e+00 1.18360580e+00
 -7.98016253e+00 6.75352504e-01
 -9.22769202e+00 -2.02327132e-02
 -1.05732362e+01 -9.04032062e-01
 -1.19963520e+01 -1.96838190e+00
 -1.34699898e+01 -3.19868878e+00
 -1.49612371e+01 -4.57533005e+00
 -1.64341266e+01 -6.07599248e+00
 -1.78533746e+01 -7.67816509e+00
 -1.91866548e+01 -9.36083842e+00
 -2.04044841e+01 -1.11044943e+01
 -2.14792085e+01 -1.28893216e+01
 -2.23852635e+01 -1.46926644e+01
 -2.31013772e+01 -1.64871673e+01
 -2.36132643e+01 -1.82406601e+01
 -2.39144954e+01 -1.99179847e+01
 -2.40046305e+01 -2.14842033e+01
 -2.38864163e+01 -2.29081582e+01
 -2.35646838e+01 -2.41652640e+01
 -2.30470733e+01 -2.52387356e+01
 -2.23442916e+01 -2.61190906e+01
 -2.14685398e+01 -2.68024070e+01
 -2.04309934e+01 -2.72880470e+01
 -1.92398916e+01 -2.75762883e+01
 -1.79004679e+01 -2.76660926e+01
 -1.64173435e+01 -2.75536017e+01
 -1.47985807e+01 -2.72323055e+01
 -1.30592751e+01 -2.66953151e+01
 -1.12229523e+01 -2.59391413e+01
 -9.32072948e+00 -2.49677537e+01
 -7.38944437e+00 -2.37955326e+01
 -5.46980551e+00 -2.24478651e+01
 -3.60458703e+00 -2.09589648e+01
 -1.83630821e+00 -1.93678693e+01
 -2.04307090e-01 -1.77142938e+01
 1.25819508e+00 -1.60354549e+01
 2.52624996e+00 -1.43639011e+01
 3.58390078e+00 -1.27259685e+01
 4.42322808e+00 -1.11409754e+01
 5.04223451e+00 -9.62187660e+00
 5.44256116e+00 -8.17778963e+00
 5.62787768e+00 -6.81758993e+00
 5.60331921e+00 -5.55288437e+00
 5.37566489e+00 -4.39912068e+00
 4.95330813e+00 -3.37482412e+00
 4.34533047e+00 -2.49975306e+00
 3.56014280e+00 -1.79278537e+00
 2.60487684e+00 -1.27002321e+00
 1.48632025e+00 -9.43224595e-01
 2.13225055e-01 -8.18449008e-01
 -1.20103129e+00 -8.95015534e-01
 -2.73670438e+00 -1.16523185e+00
 -4.36765412e+00 -1.61527749e+00
 -6.06294124e+00 -2.22716962e+00
 -7.78910182e+00 -2.98128706e+00
 -9.51194174e+00 -3.85862015e+00
 -1.11976033e+01 -4.84200821e+00
 -1.28136817e+01 -5.91628746e+00
 -1.43307642e+01 -7.06790792e+00
 -1.57235307e+01 -8.28449060e+00
 -1.69704873e+01 -9.55422365e+00
 -1.80526914e+01 -1.08647493e+01
 -1.89527280e+01 -1.22015993e+01
 -1.96547296e+01 -1.35468529e+01
 -2.01451324e+01 -1.48788984e+01
 -2.04133075e+01 -1.61736878e+01
 -2.04515568e+01 -1.74068561e+01
 -2.02547992e+01 -1.85554160e+01
 -1.98208188e+01 -1.95983471e+01
 -1.91514960e+01 -2.05168154e+01
 -1.82546472e+01 -2.12954479e+01
 -1.71465957e+01 -2.19255359e+01
 -1.58565550e+01 -2.24098866e+01
 -1.44316680e+01 -2.27673151e+01
 -1.29361962e+01 -2.30326912e+01
 -1.14380997e+01 -2.32489961e+01
 -9.98723908e+00 -2.34537327e+01
 -8.60113692e+00 -2.36684435e+01
 -7.26948700e+00 -2.38982319e+01
 -5.97105925e+00 -2.41391029e+01
 -4.68802865e+00 -2.43855894e+01
 -3.41051199e+00 -2.46341905e+01
 -2.13453201e+00 -2.48833996e+01
 -8.58886287e-01 -2.51327436e+01
 4.16702606e-01 -2.53821109e+01
 1.69228381e+00 -2.56314813e+01
 2.96786250e+00 -2.58808516e+01
 4.24342430e+00 -2.61302187e+01
 5.51885844e+00 -2.63795609e+01
 6.79353309e+00 -2.66287545e+01
 8.06466079e+00 -2.68772548e+01
 9.32276697e+00 -2.71232094e+01
 1.05432381e+01 -2.73618065e+01
 1.16779500e+01 -2.75836380e+01
 1.26583846e+01 -2.77753089e+01
 1.34194814e+01 -2.79241002e+01
 1.34194814e+01 -2.79241002e+01
 1.34194814e+01 -2.79241002e+01
 1.34194814e+01 -2.79241002e+01
 1.34194814e+01 -2.79241002e+01
 1.34194814e+01 -2.79241002e+01
 1.34194814e+01 -2.79241002e+01
 1.34194814e+01 -2.79241002e+01
 1.34194814e+01 -2.79241002e+01
 1.34194814e+01 -2.79241002e+01
 1.34194814e+01 -2.79241002e+01
 1.34194814e+01 -2.79241002e+01
 1.34194814e+01 -2.79241002e+01
 1.34194814e+01 -2.79241002e+01
 1.34194814e+01 -2.79241002e+01
 1.34194814e+01 -2.79241002e+01
 1.34194814e+01 -2.79241002e+01
 1.34194814e+01 -2.79241002e+01
 1.34194814e+01 -2.79241002e+01
 1.34194814e+01 -2.79241002e+01
 1.34194814e+01 -2.79241002e+01
 1.34194814e+01 -2.79241002e+01
 1.34194814e+01 -2.79241002e+01
 1.34194814e+01 -2.79241002e+01
 1.34194814e+01 -2.79241002e+01
 1.34194814e+01 -2.79241002e+01
 1.34194814e+01 -2.79241002e+01
 1.34194814e+01 -2.79241002e+01
 1.34194814e+01 -2.79241002e+01
 1.34194814e+01 -2.79241002e+01
 1.34194814e+01 -2.79241002e+01
 1.34194814e+01 -2.79241002e+01
 1.34194814e+01 -2.79241002e+01
 1.34194814e+01 -2.79241002e+01
 1.34194814e+01 -2.79241002e+01
 1.34194814e+01 -2.79241002e+01
 1.34194814e+01 -2.79241002e+01
 1.34194814e+01 -2.79241002e+01
 1.34194814e+01 -2.79241002e+01
 1.34194814e+01 -2.79241002e+01
 1.34194814e+01 -2.79241002e+01
 1.34194814e+01 -2.79241002e+01
 1.34194814e+01 -2.79241002e+01
 1.34194814e+01 -2.79241002e+01
 1.34194814e+01 -2.79241002e+01
 1.34194814e+01 -2.79241002e+01
 1.34194814e+01 -2.79241002e+01
 1.34194814e+01 -2.79241002e+01
 1.34194814e+01 -2.79241002e+01
 1.34194814e+01 -2.79241002e+01
 1.34194814e+01 -2.79241002e+01
 1.34194814e+01 -2.79241002e+01
 1.34194814e+01 -2.79241002e+01
 1.34194814e+01 -2.79241002e+01
 1.34194814e+01 -2.79241002e+01
 1.34194814e+01 -2.79241002e+01
 1.34194814e+01 -2.79241002e+01
 1.34194814e+01 -2.79241002e+01
 1.34194814e+01 -2.79241002e+01
 1.34194814e+01 -2.79241002e+01
