 0.00000000e+00 0.00000000e+00
 0.00000000e+00 0.00000000e+00
 0.00000000e+00 0.00000000e+00
 0.00000000e+00 0.00000000e+00
 0.00000000e+00 0.00000000e+00
 0.00000000e+00 0.00000000e+00
 0.00000000e+00 0.00000000e+00
 0.00000000e+00 0.00000000e+00
 0.00000000e+00 0.00000000e+00
 0.00000000e+00 0.00000000e+00
 0.00000000e+00 0.00000000e+00
 0.00000000e+00 0.00000000e+00
 0.00000000e+00 0.00000000e+00
 0.00000000e+00 0.00000000e+00
 -1.99806503e-01 1.87510415e-01
 -4.73605633e-01 4.19048274e-01
 -8.17746524e-01 6.71164892e-01
 -1.22870661e+00 9.19322587e-01
 -1.70830832e+00 1.14375285e+00
 -2.26439470e+00 1.32944028e+00
 -2.90878109e+00 1.46309418e+00
 -3.65500760e+00 1.53011121e+00
 -4.51664236e+00 1.51281939e+00
 -5.50583108e+00 1.39067412e+00
 -6.63203930e+00 1.14256484e+00
 -7.90111437e+00 7.50025190e-01
 -9.31440984e+00 1.99532826e-01
 -1.08675750e+01 -5.16661083e-01
 -1.25491478e+01 -1.40030465e+00
 -1.43396715e+01 -2.44671912e+00
 -1.62119642e+01 -3.64429723e+00
 -1.81325012e+01 -4.97454298e+00
 -2.00633540e+01 -6.41309040e+00
 -2.19641561e+01 -7.93169609e+00
 -2.37938293e+01 -9.50078492e+00
 -2.55120083e+01 -1.10918154e+01
 -2.70803041e+01 -1.26787025e+01
 -2.84637409e+01 -1.42380722e+01
 -2.96325190e+01 -1.57489618e+01
 -3.05636224e+01 -1.71928415e+01
 -3.12415132e+01 -1.85541096e+01
 -3.16578165e+01 -1.98203765e+01
 -3.18107233e+01 -2.09819214e+01
 -3.17047364e+01 -2.20305633e+01
 -3.13505118e+01 -2.29587443e+01
 -3.07640106e+01 -2.37592894e+01
 -2.99645666e+01 -2.44256073e+01
 -2.89722698e+01 -2.49518285e+01
 -2.78055334e+01 -2.53325749e+01
 -2.64796460e+01 -2.55623986e+01
 -2.50067154e+01 -2.56352947e+01
 -2.33967970e+01 -2.55448633e+01
 -2.16594306e+01 -2.52853811e+01
 -1.98050060e+01 -2.48534938e+01
 -1.78463394e+01 -2.42499445e+01
 -1.58011164e+01 -2.34807646e+01
 -1.36946389e+01 -2.25576028e+01
 -1.15610740e+01 -2.14972790e+01
 -9.44198938e+00 -2.03208621e+01
 -7.38296200e+00 -1.90523399e+01
 -5.43017295e+00 -1.77165854e+01
 -3.62786170e+00 -1.63364949e+01
 -2.01585661e+00 -1.49301173e+01
 -6.26423456e-01 -1.35093343e+01
 5.18828842e-01 -1.20809353e+01
 1.41028603e+00 -1.06491877e+01
 2.04871182e+00 -9.21822734e+00
 2.44105558e+00 -7.79360547e+00
 2.59594998e+00 -6.38368373e+00
 2.52160692e+00 -5.00161062e+00
 2.22635782e+00 -3.66738820e+00
 1.71915267e+00 -2.40861783e+00
 1.00819623e+00 -1.25902380e+00
 9.94793686e-02 -2.55214253e-01
 -1.00212920e+00 5.67028413e-01
 -2.28938313e+00 1.17589623e+00
 -3.74931237e+00 1.54590558e+00
 -5.36207825e+00 1.65964305e+00
 -7.10199253e+00 1.50892442e+00
 -8.93932086e+00 1.09517355e+00
 -1.08417920e+01 4.28932362e-01
 -1.27757570e+01 -4.71464289e-01
 -1.47072646e+01 -1.58191498e+00
 -1.66027898e+01 -2.87480055e+00
 -1.84290064e+01 -4.32066826e+00
 -2.01515734e+01 -5.88879510e+00
 -2.17339735e+01 -7.54674627e+00
 -2.31377964e+01 -9.25970476e+00
 -2.43249855e+01 -1.09905853e+01
 -2.52613728e+01 -1.27014415e+01
 -2.59202998e+01 -1.43556388e+01
 -2.62850931e+01 -1.59196328e+01
 -2.63494907e+01 -1.73636649e+01
 -2.61162711e+01 -1.86617083e+01
 -2.55957216e+01 -1.97914668e+01
 -2.48052980e+01 -2.07348482e+01
 -2.37698726e+01 -2.14786599e+01
 -2.25208374e+01 -2.20149310e+01
 -2.10934937e+01 -2.23406621e+01
 -1.95242267e+01 -2.24578779e+01
 -1.78495651e+01 -2.23756194e+01
 -1.61074445e+01 -2.21145860e+01
 -1.43382309e+01 -2.17119834e+01
 -1.25818489e+01 -2.12207050e+01
 -1.08698590e+01 -2.06982570e+01
 -9.21688202e+00 -2.01894055e+01
 -7.61866323e+00 -1.97145706e+01
 -6.05916956e+00 -1.92722016e+01
 -4.52106136e+00 -1.88507097e+01
 -2.99224508e+00 -1.84391662e+01
 -1.46661128e+00 -1.80312459e+01
 5.81635656e-02 -1.76243465e+01
 1.58275592e+00 -1.72176710e+01
 3.10731780e+00 -1.68110337e+01
 4.63187552e+00 -1.64044016e+01
 6.15643075e+00 -1.59977706e+01
 7.68096584e+00 -1.55911450e+01
 9.20534835e+00 -1.51845600e+01
 1.07288231e+01 -1.47782172e+01
 1.22480586e+01 -1.43730051e+01
 1.37517310e+01 -1.39719440e+01
 1.52104225e+01 -1.35828803e+01
 1.65666155e+01 -1.32211550e+01
 1.77384184e+01 -1.29086105e+01
 1.86480716e+01 -1.26659869e+01
 1.86480716e+01 -1.26659869e+01
 1.86480716e+01 -1.26659869e+01
 1.86480716e+01 -1.26659869e+01
 1.86480716e+01 -1.26659869e+01
 1.86480716e+01 -1.26659869e+01
 1.86480716e+01 -1.26659869e+01
 1.86480716e+01 -1.26659869e+01
 1.86480716e+01 -1.26659869e+01
 1.86480716e+01 -1.26659869e+01
 1.86480716e+01 -1.26659869e+01
 1.86480716e+01 -1.26659869e+01
 1.86480716e+01 -1.26659869e+01
 1.86480716e+01 -1.26659869e+01
 1.86480716e+01 -1.26659869e+01
 1.86480716e+01 -1.26659869e+01
 1.86480716e+01 -1.26659869e+01
 1.86480716e+01 -1.26659869e+01
 1.86480716e+01 -1.26659869e+01
 1.86480716e+01 -1.26659869e+01
 1.86480716e+01 -1.26659869e+01
 1.86480716e+01 -1.26659869e+01
 1.86480716e+01 -1.26659869e+01
 1.86480716e+01 -1.26659869e+01
 1.86480716e+01 -1.26659869e+01
 1.86480716e+01 -1.26659869e+01
 1.86480716e+01 -1.26659869e+01
 1.86480716e+01 -1.26659869e+01
 1.86480716e+01 -1.26659869e+01
 1.86480716e+01 -1.26659869e+01
 1.86480716e+01 -1.26659869e+01
 1.86480716e+01 -1.26659869e+01
 1.86480716e+01 -1.26659869e+01
 1.86480716e+01 -1.26659869e+01
 1.86480716e+01 -1.26659869e+01
 1.86480716e+01 -1.26659869e+01
 1.86480716e+01 -1.26659869e+01
 1.86480716e+01 -1.26659869e+01
 1.86480716e+01 -1.26659869e+01
 1.86480716e+01 -1.26659869e+01
 1.86480716e+01 -1.26659869e+01
 1.86480716e+01 -1.26659869e+01
 1.86480716e+01 -1.26659869e+01
 1.86480716e+01 -1.26659869e+01
 1.86480716e+01 -1.26659869e+01
 1.86480716e+01 -1.26659869e+01
 1.86480716e+01 -1.26659869e+01
 1.86480716e+01 -1.26659869e+01
 1.86480716e+01 -1.26659869e+01
 1.86480716e+01 -1.26659869e+01
 1.86480716e+01 -1.26659869e+01
 1.86480716e+01 -1.26659869e+01
 1.86480716e+01 -1.26659869e+01
 1.86480716e+01 -1.26659869e+01
 1.86480716e+01 -1.26659869e+01
 1.86480716e+01 -1.26659869e+01
 1.86480716e+01 -1.26659869e+01
 1.86480716e+01 -1.26659869e+01
 1.86480716e+01 -1.26659869e+01
