 0.00000000e+00 0.00000000e+00
 0.00000000e+00 0.00000000e+00
 0.00000000e+00 0.00000000e+00
 0.00000000e+00 0.00000000e+00
 0.00000000e+00 0.00000000e+00
 0.00000000e+00 0.00000000e+00
 0.00000000e+00 0.00000000e+00
 0.00000000e+00 0.00000000e+00
 0.00000000e+00 0.00000000e+00
 0.00000000e+00 0.00000000e+00
 0.00000000e+00 0.00000000e+00
 0.00000000e+00 0.00000000e+00
 0.00000000e+00 0.00000000e+00
 0.00000000e+00 0.00000000e+00
 -1.49396943e-01 2.06566071e-01
 -4.11078111e-01 4.65286586e-01
 -8.17403004e-01 7.52250720e-01
 -1.38790175e+00 1.04105128e+00
 -2.12675319e+00 1.30889847e+00
 -3.02691847e+00 1.53699674e+00
 -4.07757581e+00 1.70797752e+00
 -5.26951505e+00 1.80337805e+00
 -6.59551011e+00 1.80223390e+00
 -8.04722041e+00 1.68126620e+00
 -9.61228936e+00 1.41728191e+00
 -1.12736388e+01 9.91320671e-01
 -1.30103854e+01 3.92506030e-01
 -1.47989954e+01 -3.80229484e-01
 -1.66140674e+01 -1.31863108e+00
 -1.84290091e+01 -2.40687115e+00
 -2.02170453e+01 -3.62381888e+00
 -2.19525550e+01 -4.94535239e+00
 -2.36122312e+01 -6.34622555e+00
 -2.51756342e+01 -7.80132987e+00
 -2.66254026e+01 -9.28674320e+00
 -2.79476303e+01 -1.07809705e+01
 -2.91321451e+01 -1.22661977e+01
 -3.01719056e+01 -1.37289075e+01
 -3.10615040e+01 -1.51593664e+01
 -3.17956843e+01 -1.65501785e+01
 -3.23686561e+01 -1.78947039e+01
 -3.27742244e+01 -1.91860945e+01
 -3.30061149e+01 -2.04170254e+01
 -3.30579536e+01 -2.15796268e+01
 -3.29235104e+01 -2.26652515e+01
 -3.25982476e+01 -2.36642702e+01
 -3.20813580e+01 -2.45662286e+01
 -3.13761308e+01 -2.53603126e+01
 -3.04884439e+01 -2.60358695e+01
 -2.94254516e+01 -2.65829419e+01
 -2.81956712e+01 -2.69928224e+01
 -2.68096292e+01 -2.72583807e+01
 -2.52801096e+01 -2.73740625e+01
 -2.36222679e+01 -2.73360028e+01
 -2.18542551e+01 -2.71426577e+01
 -1.99981982e+01 -2.67955660e+01
 -1.80805844e+01 -2.62995415e+01
 -1.61312119e+01 -2.56622387e+01
 -1.41808590e+01 -2.48935449e+01
 -1.22589075e+01 -2.40050088e+01
 -1.03921885e+01 -2.30091112e+01
 -8.60499790e+00 -2.19181471e+01
 -6.91903036e+00 -2.07428690e+01
 -5.35252021e+00 -1.94916075e+01
 -3.91940050e+00 -1.81705546e+01
 -2.62972756e+00 -1.67850307e+01
 -1.49150854e+00 -1.53409236e+01
 -5.12733439e-01 -1.38458097e+01
 2.97758511e-01 -1.23098096e+01
 9.30828367e-01 -1.07462891e+01
 1.37797402e+00 -9.17228308e+00
 1.63127013e+00 -7.60837077e+00
 1.68197395e+00 -6.07793976e+00
 1.51948433e+00 -4.60626481e+00
 1.13288615e+00 -3.21996924e+00
 5.14694899e-01 -1.94690104e+00
 -3.36037352e-01 -8.15841328e-01
 -1.41282168e+00 1.44584080e-01
 -2.70211033e+00 9.07897848e-01
 -4.18382813e+00 1.45214302e+00
 -5.83190327e+00 1.76195343e+00
 -7.61489904e+00 1.83004028e+00
 -9.49695752e+00 1.65808137e+00
 -1.14395491e+01 1.25678777e+00
 -1.34041357e+01 6.44776552e-01
 -1.53549368e+01 -1.53832326e-01
 -1.72606169e+01 -1.11274196e+00
 -1.90942981e+01 -2.20698027e+00
 -2.08324098e+01 -3.41550507e+00
 -2.24535867e+01 -4.72199563e+00
 -2.39383148e+01 -6.11378675e+00
 -2.52689090e+01 -7.57977294e+00
 -2.64291671e+01 -9.10813353e+00
 -2.74037579e+01 -1.06842182e+01
 -2.81777612e+01 -1.22888125e+01
 -2.87364897e+01 -1.38972806e+01
 -2.90656195e+01 -1.54799860e+01
 -2.91518012e+01 -1.70038847e+01
 -2.89838532e+01 -1.84348920e+01
 -2.85543925e+01 -1.97405519e+01
 -2.78613982e+01 -2.08923608e+01
 -2.69089284e+01 -2.18671277e+01
 -2.57067691e+01 -2.26473048e+01
 -2.42699378e+01 -2.32207771e+01
 -2.26191543e+01 -2.35806167e+01
 -2.07821469e+01 -2.37249871e+01
 -1.87945997e+01 -2.36571449e+01
 -1.66998090e+01 -2.33855095e+01
 -1.45467706e+01 -2.29240354e+01
 -1.23864163e+01 -2.22933784e+01
 -1.02656306e+01 -2.15230621e+01
 -8.21963798e+00 -2.06532395e+01
 -6.26525641e+00 -1.97323290e+01
 -4.39884109e+00 -1.88075350e+01
 -2.60128045e+00 -1.79116792e+01
 -8.47932799e-01 -1.70557974e+01
 8.82194228e-01 -1.62332901e+01
 2.60239802e+00 -1.54309813e+01
 4.31916858e+00 -1.46379669e+01
 6.03498149e+00 -1.38482611e+01
 7.75057975e+00 -1.30594729e+01
 9.46613944e+00 -1.22708835e+01
 1.11816936e+01 -1.14823278e+01
 1.28972469e+01 -1.06937766e+01
 1.46127978e+01 -9.90522697e+00
 1.63283261e+01 -9.11668777e+00
 1.80436828e+01 -8.32822750e+00
 1.97580179e+01 -7.54023674e+00
 2.14675827e+01 -6.75443866e+00
 2.31596346e+01 -5.97669035e+00
 2.48010704e+01 -5.22220763e+00
 2.63271668e+01 -4.52074045e+00
 2.76457728e+01 -3.91464581e+00
 2.86693870e+01 -3.44414358e+00
 2.86693870e+01 -3.44414358e+00
 2.86693870e+01 -3.44414358e+00
 2.86693870e+01 -3.44414358e+00
 2.86693870e+01 -3.44414358e+00
 2.86693870e+01 -3.44414358e+00
 2.86693870e+01 -3.44414358e+00
 2.86693870e+01 -3.44414358e+00
 2.86693870e+01 -3.44414358e+00
 2.86693870e+01 -3.44414358e+00
 2.86693870e+01 -3.44414358e+00
 2.86693870e+01 -3.44414358e+00
 2.86693870e+01 -3.44414358e+00
 2.86693870e+01 -3.44414358e+00
 2.86693870e+01 -3.44414358e+00
 2.86693870e+01 -3.44414358e+00
 2.86693870e+01 -3.44414358e+00
 2.86693870e+01 -3.44414358e+00
 2.86693870e+01 -3.44414358e+00
 2.86693870e+01 -3.44414358e+00
 2.86693870e+01 -3.44414358e+00
 2.86693870e+01 -3.44414358e+00
 2.86693870e+01 -3.44414358e+00
 2.86693870e+01 -3.44414358e+00
 2.86693870e+01 -3.44414358e+00
 2.86693870e+01 -3.44414358e+00
 2.86693870e+01 -3.44414358e+00
 2.86693870e+01 -3.44414358e+00
 2.86693870e+01 -3.44414358e+00
 2.86693870e+01 -3.44414358e+00
 2.86693870e+01 -3.44414358e+00
 2.86693870e+01 -3.44414358e+00
 2.86693870e+01 -3.44414358e+00
 2.86693870e+01 -3.44414358e+00
 2.86693870e+01 -3.44414358e+00
 2.86693870e+01 -3.44414358e+00
 2.86693870e+01 -3.44414358e+00
 2.86693870e+01 -3.44414358e+00
 2.86693870e+01 -3.44414358e+00
 2.86693870e+01 -3.44414358e+00
 2.86693870e+01 -3.44414358e+00
 2.86693870e+01 -3.44414358e+00
 2.86693870e+01 -3.44414358e+00
 2.86693870e+01 -3.44414358e+00
 2.86693870e+01 -3.44414358e+00
 2.86693870e+01 -3.44414358e+00
 2.86693870e+01 -3.44414358e+00
 2.86693870e+01 -3.44414358e+00
 2.86693870e+01 -3.44414358e+00
 2.86693870e+01 -3.44414358e+00
