 0.00000000e+00 0.00000000e+00
 0.00000000e+00 0.00000000e+00
 0.00000000e+00 0.00000000e+00
 0.00000000e+00 0.00000000e+00
 0.00000000e+00 0.00000000e+00
 0.00000000e+00 0.00000000e+00
 0.00000000e+00 0.00000000e+00
 0.00000000e+00 0.00000000e+00
 0.00000000e+00 0.00000000e+00
 0.00000000e+00 0.00000000e+00
 0.00000000e+00 0.00000000e+00
 -3.16406474e-01 2.81325295e-01
 -7.44224733e-01 6.49150756e-01
 -1.26903226e+00 1.08020739e+00
 -1.87228088e+00 1.54683096e+00
 -2.54063151e+00 2.02594765e+00
 -3.26864925e+00 2.50112145e+00
 -4.05676125e+00 2.96002835e+00
 -4.90831543e+00 3.39128634e+00
 -5.82767049e+00 3.78256950e+00
 -6.81943429e+00 4.12016968e+00
 -7.88841985e+00 4.38953185e+00
 -9.03963899e+00 4.57613491e+00
 -1.02775862e+01 4.66612490e+00
 -1.16047860e+01 4.64637212e+00
 -1.30204859e+01 4.50418117e+00
 -1.45202987e+01 4.22740385e+00
 -1.60967504e+01 3.80542605e+00
 -1.77401527e+01 3.23054718e+00
 -1.94392041e+01 2.49891666e+00
 -2.11808078e+01 1.61086849e+00
 -2.29489040e+01 5.71139052e-01
 -2.47227551e+01 -6.10682934e-01
 -2.64755918e+01 -1.91963084e+00
 -2.81745220e+01 -3.33520625e+00
 -2.97821654e+01 -4.83203116e+00
 -3.12597153e+01 -6.38153656e+00
 -3.25705517e+01 -7.95449613e+00
 -3.36836459e+01 -9.52364494e+00
 -3.45762810e+01 -1.10654164e+01
 -3.52355124e+01 -1.25604476e+01
 -3.56579117e+01 -1.39933889e+01
 -3.58480464e+01 -1.53526040e+01
 -3.58167942e+01 -1.66296281e+01
 -3.55797307e+01 -1.78179745e+01
 -3.51547024e+01 -1.89114395e+01
 -3.45585102e+01 -1.99026273e+01
 -3.38044215e+01 -2.07823213e+01
 -3.29020971e+01 -2.15397084e+01
 -3.18595809e+01 -2.21629800e+01
 -3.06856690e+01 -2.26399299e+01
 -2.93911888e+01 -2.29586081e+01
 -2.79888897e+01 -2.31083084e+01
 -2.64928114e+01 -2.30810622e+01
 -2.49181368e+01 -2.28734210e+01
 -2.32816054e+01 -2.24878133e+01
 -2.16018767e+01 -2.19327592e+01
 -1.98995761e+01 -2.12219130e+01
 -1.81973492e+01 -2.03724328e+01
 -1.65200802e+01 -1.94029662e+01
 -1.48946930e+01 -1.83313307e+01
 -1.33488382e+01 -1.71723495e+01
 -1.19088161e+01 -1.59366027e+01
 -1.05979429e+01 -1.46304953e+01
 -9.43584251e+00 -1.32574754e+01
 -8.43789122e+00 -1.18199996e+01
 -7.61430751e+00 -1.03219289e+01
 -6.96982931e+00 -8.77122066e+00
 -6.50534079e+00 -7.18266393e+00
 -6.22128259e+00 -5.57981310e+00
 -6.12064473e+00 -3.99496694e+00
 -6.20911960e+00 -2.46681508e+00
 -6.49247777e+00 -1.03669352e+00
 -6.97390438e+00 2.55061304e-01
 -7.65332014e+00 1.37180053e+00
 -8.52766142e+00 2.28242456e+00
 -9.59018447e+00 2.96297988e+00
 -1.08286921e+01 3.39822031e+00
 -1.22239109e+01 3.58268290e+00
 -1.37490099e+01 3.52051570e+00
 -1.53707713e+01 3.22382012e+00
 -1.70523844e+01 2.71010355e+00
 -1.87568717e+01 1.99965419e+00
 -2.04496699e+01 1.11331989e+00
 -2.20995781e+01 7.09224585e-02
 -2.36783833e+01 -1.10955448e+00
 -2.51599542e+01 -2.41187997e+00
 -2.65192299e+01 -3.82035533e+00
 -2.77309362e+01 -5.31740233e+00
 -2.87682074e+01 -6.88070463e+00
 -2.96025263e+01 -8.48134771e+00
 -3.02064281e+01 -1.00840911e+01
 -3.05578750e+01 -1.16497403e+01
 -3.06429437e+01 -1.31385783e+01
 -3.04553506e+01 -1.45137531e+01
 -2.99953380e+01 -1.57441488e+01
 -2.92704534e+01 -1.68066189e+01
 -2.82967783e+01 -1.76872195e+01
 -2.70976699e+01 -1.83809688e+01
 -2.57001302e+01 -1.88900870e+01
 -2.41317018e+01 -1.92211697e+01
 -2.24199946e+01 -1.93820468e+01
 -2.05943641e+01 -1.93792785e+01
 -1.86877709e+01 -1.92171246e+01
 -1.67371949e+01 -1.88981744e+01
 -1.47821467e+01 -1.84250388e+01
 -1.28616217e+01 -1.78024153e+01
 -1.10100304e+01 -1.70396220e+01
 -9.25259522e+00 -1.61543051e+01
 -7.60093817e+00 -1.51765265e+01
 -6.05047633e+00 -1.41488946e+01
 -4.58209314e+00 -1.31178661e+01
 -3.16909607e+00 -1.21185667e+01
 -1.78643261e+00 -1.11641130e+01
 -4.16858098e-01 -1.02479449e+01
 9.48449813e-01 -9.35537973e+00
 2.31279187e+00 -8.47383873e+00
 3.67702238e+00 -7.59626912e+00
 5.04126663e+00 -6.71981139e+00
 6.40552082e+00 -5.84359638e+00
 7.76977756e+00 -4.96742275e+00
 9.13403457e+00 -4.09125473e+00
 1.04982898e+01 -3.21508847e+00
 1.18625270e+01 -2.33893381e+00
 1.32266277e+01 -1.46286684e+00
 1.45899161e+01 -5.87321548e-01
 1.59494109e+01 2.85787425e-01
 1.72949790e+01 1.14995221e+00
 1.86002958e+01 1.98826635e+00
 1.98138913e+01 2.76767433e+00
 2.08624845e+01 3.44111281e+00
 2.16764918e+01 3.96389307e+00
 2.16764918e+01 3.96389307e+00
 2.16764918e+01 3.96389307e+00
 2.16764918e+01 3.96389307e+00
 2.16764918e+01 3.96389307e+00
 2.16764918e+01 3.96389307e+00
 2.16764918e+01 3.96389307e+00
 2.16764918e+01 3.96389307e+00
 2.16764918e+01 3.96389307e+00
 2.16764918e+01 3.96389307e+00
 2.16764918e+01 3.96389307e+00
 2.16764918e+01 3.96389307e+00
 2.16764918e+01 3.96389307e+00
 2.16764918e+01 3.96389307e+00
 2.16764918e+01 3.96389307e+00
 2.16764918e+01 3.96389307e+00
 2.16764918e+01 3.96389307e+00
 2.16764918e+01 3.96389307e+00
 2.16764918e+01 3.96389307e+00
 2.16764918e+01 3.96389307e+00
 2.16764918e+01 3.96389307e+00
 2.16764918e+01 3.96389307e+00
 2.16764918e+01 3.96389307e+00
 2.16764918e+01 3.96389307e+00
 2.16764918e+01 3.96389307e+00
 2.16764918e+01 3.96389307e+00
 2.16764918e+01 3.96389307e+00
 2.16764918e+01 3.96389307e+00
 2.16764918e+01 3.96389307e+00
 2.16764918e+01 3.96389307e+00
 2.16764918e+01 3.96389307e+00
 2.16764918e+01 3.96389307e+00
 2.16764918e+01 3.96389307e+00
 2.16764918e+01 3.96389307e+00
 2.16764918e+01 3.96389307e+00
 2.16764918e+01 3.96389307e+00
 2.16764918e+01 3.96389307e+00
 2.16764918e+01 3.96389307e+00
 2.16764918e+01 3.96389307e+00
 2.16764918e+01 3.96389307e+00
 2.16764918e+01 3.96389307e+00
 2.16764918e+01 3.96389307e+00
 2.16764918e+01 3.96389307e+00
 2.16764918e+01 3.96389307e+00
 2.16764918e+01 3.96389307e+00
 2.16764918e+01 3.96389307e+00
 2.16764918e+01 3.96389307e+00
 2.16764918e+01 3.96389307e+00
 2.16764918e+01 3.96389307e+00
 2.16764918e+01 3.96389307e+00
 2.16764918e+01 3.96389307e+00
 2.16764918e+01 3.96389307e+00
