 0.00000000e+00 0.00000000e+00
 0.00000000e+00 0.00000000e+00
 0.00000000e+00 0.00000000e+00
 0.00000000e+00 0.00000000e+00
 0.00000000e+00 0.00000000e+00
 0.00000000e+00 0.00000000e+00
 0.00000000e+00 0.00000000e+00
 0.00000000e+00 0.00000000e+00
 0.00000000e+00 0.00000000e+00
 0.00000000e+00 0.00000000e+00
 0.00000000e+00 0.00000000e+00
 0.00000000e+00 0.00000000e+00
 0.00000000e+00 0.00000000e+00
 0.00000000e+00 0.00000000e+00
 -2.72024354e-01 2.55074807e-01
 -6.32362638e-01 5.91224172e-01
 -1.06283880e+00 9.87217883e-01
 -1.54175078e+00 1.41530342e+00
 -2.05245953e+00 1.84943775e+00
 -2.58606715e+00 2.26825651e+00
 -3.14037708e+00 2.65400811e+00
 -3.71828828e+00 2.99047275e+00
 -4.32671521e+00 3.26180819e+00
 -4.97588779e+00 3.45272792e+00
 -5.67886354e+00 3.54927692e+00
 -6.45105031e+00 3.53905158e+00
 -7.30922880e+00 3.41048123e+00
 -8.26965205e+00 3.15220166e+00
 -9.34550382e+00 2.75385094e+00
 -1.05445553e+01 2.20815823e+00
 -1.18676415e+01 1.51267598e+00
 -1.33079963e+01 6.69759306e-01
 -1.48512094e+01 -3.14921492e-01
 -1.64756419e+01 -1.43380737e+00
 -1.81532564e+01 -2.67768019e+00
 -1.98508404e+01 -4.03501742e+00
 -2.15315545e+01 -5.49167477e+00
 -2.31567773e+01 -7.03134591e+00
 -2.46882126e+01 -8.63582142e+00
 -2.60897886e+01 -1.02840744e+01
 -2.73283460e+01 -1.19508250e+01
 -2.83727894e+01 -1.36062227e+01
 -2.91930685e+01 -1.52173419e+01
 -2.97607812e+01 -1.67506841e+01
 -3.00514383e+01 -1.81745362e+01
 -3.00466437e+01 -1.94607092e+01
 -2.97346942e+01 -2.05856506e+01
 -2.91099149e+01 -2.15308308e+01
 -2.81724118e+01 -2.22823723e+01
 -2.69294675e+01 -2.28302996e+01
 -2.53980399e+01 -2.31678688e+01
 -2.36066059e+01 -2.32911398e+01
 -2.15949842e+01 -2.31989083e+01
 -1.94121519e+01 -2.28932566e+01
 -1.71131574e+01 -2.23806919e+01
 -1.47562074e+01 -2.16732371e+01
 -1.24000619e+01 -2.07886692e+01
 -1.01011669e+01 -1.97495855e+01
 -7.91042640e+00 -1.85816729e+01
 -5.87058447e+00 -1.73118789e+01
 -4.01537439e+00 -1.59668594e+01
 -2.37050011e+00 -1.45715150e+01
 -9.55344638e-01 -1.31474077e+01
 2.15832528e-01 -1.17114273e+01
 1.13361529e+00 -1.02754916e+01
 1.79357476e+00 -8.84780337e+00
 2.19617475e+00 -7.43549266e+00
 2.34629928e+00 -6.04771272e+00
 2.25268780e+00 -4.69783460e+00
 1.92743548e+00 -3.40382965e+00
 1.38538987e+00 -2.18715354e+00
 6.43227591e-01 -1.07127577e+00
 -2.81703327e-01 -8.05821642e-02
 -1.37236618e+00 7.60647341e-01
 -2.61248592e+00 1.42995374e+00
 -3.98645219e+00 1.90931726e+00
 -5.47886696e+00 2.18764260e+00
 -7.07389604e+00 2.26136705e+00
 -8.75451644e+00 2.13266146e+00
 -1.05017448e+01 1.80696060e+00
 -1.22939438e+01 1.29190429e+00
 -1.41062269e+01 5.97643858e-01
 -1.59098356e+01 -2.63001790e-01
 -1.76715196e+01 -1.27511510e+00
 -1.93534100e+01 -2.42212841e+00
 -2.09139060e+01 -3.68533013e+00
 -2.23094809e+01 -5.04266739e+00
 -2.34969183e+01 -6.46788882e+00
 -2.44357773e+01 -7.93078907e+00
 -2.50910385e+01 -9.39820483e+00
 -2.54353126e+01 -1.08348600e+01
 -2.54496102e+01 -1.22039275e+01
 -2.51226540e+01 -1.34681021e+01
 -2.44501422e+01 -1.45917113e+01
 -2.34351943e+01 -1.55432971e+01
 -2.20895828e+01 -1.62975705e+01
 -2.04344995e+01 -1.68362655e+01
 -1.85003118e+01 -1.71484392e+01
 -1.63257678e+01 -1.72310451e+01
 -1.39574112e+01 -1.70901790e+01
 -1.14493985e+01 -1.67430602e+01
 -8.86253414e+00 -1.62204623e+01
 -6.26001611e+00 -1.55678616e+01
 -3.69810923e+00 -1.48415674e+01
 -1.21401464e+00 -1.40972573e+01
 1.18197581e+00 -1.33749596e+01
 3.50351114e+00 -1.26904990e+01
 5.77571816e+00 -1.20395422e+01
 8.02196833e+00 -1.14094458e+01
 1.02573449e+01 -1.07891185e+01
 1.24890998e+01 -1.01723119e+01
 1.47198980e+01 -9.55649092e+00
 1.69504963e+01 -8.94088500e+00
 1.91810616e+01 -8.32531574e+00
 2.14116224e+01 -7.70975143e+00
 2.36421797e+01 -7.09418846e+00
 2.58727075e+01 -6.47863364e+00
 2.81030121e+01 -5.86314044e+00
 3.03319886e+01 -5.24801375e+00
 3.25547628e+01 -4.63459872e+00
 3.47547666e+01 -4.02746756e+00
 3.68889595e+01 -3.43849815e+00
 3.88731882e+01 -2.89091408e+00
 4.05876381e+01 -2.41778037e+00
 4.19185401e+01 -2.05049373e+00
 4.19185401e+01 -2.05049373e+00
 4.19185401e+01 -2.05049373e+00
 4.19185401e+01 -2.05049373e+00
 4.19185401e+01 -2.05049373e+00
 4.19185401e+01 -2.05049373e+00
 4.19185401e+01 -2.05049373e+00
 4.19185401e+01 -2.05049373e+00
 4.19185401e+01 -2.05049373e+00
 4.19185401e+01 -2.05049373e+00
 4.19185401e+01 -2.05049373e+00
 4.19185401e+01 -2.05049373e+00
 4.19185401e+01 -2.05049373e+00
 4.19185401e+01 -2.05049373e+00
 4.19185401e+01 -2.05049373e+00
 4.19185401e+01 -2.05049373e+00
 4.19185401e+01 -2.05049373e+00
 4.19185401e+01 -2.05049373e+00
 4.19185401e+01 -2.05049373e+00
 4.19185401e+01 -2.05049373e+00
 4.19185401e+01 -2.05049373e+00
 4.19185401e+01 -2.05049373e+00
 4.19185401e+01 -2.05049373e+00
 4.19185401e+01 -2.05049373e+00
 4.19185401e+01 -2.05049373e+00
 4.19185401e+01 -2.05049373e+00
 4.19185401e+01 -2.05049373e+00
 4.19185401e+01 -2.05049373e+00
 4.19185401e+01 -2.05049373e+00
 4.19185401e+01 -2.05049373e+00
 4.19185401e+01 -2.05049373e+00
 4.19185401e+01 -2.05049373e+00
 4.19185401e+01 -2.05049373e+00
 4.19185401e+01 -2.05049373e+00
 4.19185401e+01 -2.05049373e+00
 4.19185401e+01 -2.05049373e+00
 4.19185401e+01 -2.05049373e+00
 4.19185401e+01 -2.05049373e+00
 4.19185401e+01 -2.05049373e+00
 4.19185401e+01 -2.05049373e+00
 4.19185401e+01 -2.05049373e+00
 4.19185401e+01 -2.05049373e+00
 4.19185401e+01 -2.05049373e+00
 4.19185401e+01 -2.05049373e+00
 4.19185401e+01 -2.05049373e+00
 4.19185401e+01 -2.05049373e+00
 4.19185401e+01 -2.05049373e+00
 4.19185401e+01 -2.05049373e+00
 4.19185401e+01 -2.05049373e+00
 4.19185401e+01 -2.05049373e+00
 4.19185401e+01 -2.05049373e+00
 4.19185401e+01 -2.05049373e+00
 4.19185401e+01 -2.05049373e+00
 4.19185401e+01 -2.05049373e+00
 4.19185401e+01 -2.05049373e+00
 4.19185401e+01 -2.05049373e+00
 4.19185401e+01 -2.05049373e+00
 4.19185401e+01 -2.05049373e+00
 4.19185401e+01 -2.05049373e+00
