 0.00000000e+00 0.00000000e+00
 0.00000000e+00 0.00000000e+00
 0.00000000e+00 0.00000000e+00
 0.00000000e+00 0.00000000e+00
 0.00000000e+00 0.00000000e+00
 0.00000000e+00 0.00000000e+00
 0.00000000e+00 0.00000000e+00
 0.00000000e+00 0.00000000e+00
 0.00000000e+00 0.00000000e+00
 0.00000000e+00 0.00000000e+00
 0.00000000e+00 0.00000000e+00
 0.00000000e+00 0.00000000e+00
 0.00000000e+00 0.00000000e+00
 0.00000000e+00 0.00000000e+00
 4.56943473e-02 2.74256431e-01
 5.70390439e-02 6.15961506e-01
 -6.47644078e-03 9.89745234e-01
 -1.84586112e-01 1.35568350e+00
 -5.09910759e-01 1.67863187e+00
 -1.00614000e+00 1.92979380e+00
 -1.68822492e+00 2.08429360e+00
 -2.56263653e+00 2.11955484e+00
 -3.62759765e+00 2.01601062e+00
 -4.87371680e+00 1.75895714e+00
 -6.28512369e+00 1.33997088e+00
 -7.84111039e+00 7.57452694e-01
 -9.51839591e+00 1.68037834e-02
 -1.12939035e+01 -8.69617472e-01
 -1.31473474e+01 -1.88358591e+00
 -1.50625817e+01 -3.00390485e+00
 -1.70270127e+01 -4.21032654e+00
 -1.90292682e+01 -5.48647174e+00
 -2.10562407e+01 -6.82053382e+00
 -2.30907445e+01 -8.20452181e+00
 -2.51101029e+01 -9.63336635e+00
 -2.70851978e+01 -1.11038744e+01
 -2.89800690e+01 -1.26126207e+01
 -3.07530345e+01 -1.41529975e+01
 -3.23597895e+01 -1.57131201e+01
 -3.37575007e+01 -1.72757989e+01
 -3.49082810e+01 -1.88199526e+01
 -3.57810655e+01 -2.03220750e+01
 -3.63519867e+01 -2.17573032e+01
 -3.66042817e+01 -2.31006534e+01
 -3.65289089e+01 -2.43287832e+01
 -3.61258245e+01 -2.54216373e+01
 -3.54044256e+01 -2.63628983e+01
 -3.43822990e+01 -2.71389814e+01
 -3.30835165e+01 -2.77376271e+01
 -3.15380358e+01 -2.81475665e+01
 -2.97819851e+01 -2.83596905e+01
 -2.78575005e+01 -2.83687879e+01
 -2.58112995e+01 -2.81747217e+01
 -2.36920650e+01 -2.77827533e+01
 -2.15474133e+01 -2.72032418e+01
 -1.94215010e+01 -2.64508229e+01
 -1.73537260e+01 -2.55432541e+01
 -1.53780256e+01 -2.45003714e+01
 -1.35222110e+01 -2.33432634e+01
 -1.18076824e+01 -2.20931578e+01
 -1.02503390e+01 -2.07697386e+01
 -8.86252559e+00 -1.93895675e+01
 -7.65452937e+00 -1.79656864e+01
 -6.63449041e+00 -1.65087322e+01
 -5.80735719e+00 -1.50288281e+01
 -5.17431013e+00 -1.35372699e+01
 -4.73321962e+00 -1.20476331e+01
 -4.47991582e+00 -1.05764516e+01
 -4.40981761e+00 -9.14351956e+00
 -4.51891369e+00 -7.77158173e+00
 -4.80316418e+00 -6.48516531e+00
 -5.25709702e+00 -5.30869614e+00
 -5.87332157e+00 -4.26458922e+00
 -6.64320258e+00 -3.37197178e+00
 -7.55762079e+00 -2.64600967e+00
 -8.60736043e+00 -2.09756237e+00
 -9.78355119e+00 -1.73342209e+00
 -1.10786689e+01 -1.55756924e+00
 -1.24881410e+01 -1.57314960e+00
 -1.40116225e+01 -1.78407393e+00
 -1.56523536e+01 -2.19522108e+00
 -1.74139838e+01 -2.81129774e+00
 -1.92960399e+01 -3.63535324e+00
 -2.12897309e+01 -4.66744179e+00
 -2.33746556e+01 -5.90257372e+00
 -2.55158307e+01 -7.32706654e+00
 -2.76609703e+01 -8.91429164e+00
 -2.97398036e+01 -1.06225596e+01
 -3.16677981e+01 -1.23972564e+01
 -3.33543662e+01 -1.41765192e+01
 -3.47127988e+01 -1.58973504e+01
 -3.56687879e+01 -1.74995848e+01
 -3.61660274e+01 -1.89279831e+01
 -3.61692439e+01 -2.01347976e+01
 -3.56668566e+01 -2.10845239e+01
 -3.46765113e+01 -2.17606309e+01
 -3.32543457e+01 -2.21727744e+01
 -3.15019097e+01 -2.23615608e+01
 -2.95579753e+01 -2.23953914e+01
 -2.75668614e+01 -2.23545400e+01
 -2.56350488e+01 -2.23066286e+01
 -2.38052462e+01 -2.22883558e+01
 -2.20658722e+01 -2.23055360e+01
 -2.03827917e+01 -2.23475049e+01
 -1.87260462e+01 -2.24018372e+01
 -1.70787778e+01 -2.24608059e+01
 -1.54341581e+01 -2.25211080e+01
 -1.37901154e+01 -2.25817068e+01
 -1.21461709e+01 -2.26423568e+01
 -1.05022397e+01 -2.27030138e+01
 -8.85831204e+00 -2.27636714e+01
 -7.21440619e+00 -2.28243283e+01
 -5.57066486e+00 -2.28849791e+01
 -3.92790235e+00 -2.29455937e+01
 -2.28971104e+00 -2.30060397e+01
 -6.68301462e-01 -2.30658665e+01
 9.04605206e-01 -2.31239037e+01
 2.36698783e+00 -2.31778627e+01
 3.63054267e+00 -2.32244853e+01
 4.61142147e+00 -2.32606778e+01
 4.61142147e+00 -2.32606778e+01
 4.61142147e+00 -2.32606778e+01
 4.61142147e+00 -2.32606778e+01
 4.61142147e+00 -2.32606778e+01
 4.61142147e+00 -2.32606778e+01
 4.61142147e+00 -2.32606778e+01
 4.61142147e+00 -2.32606778e+01
 4.61142147e+00 -2.32606778e+01
 4.61142147e+00 -2.32606778e+01
 4.61142147e+00 -2.32606778e+01
 4.61142147e+00 -2.32606778e+01
 4.61142147e+00 -2.32606778e+01
 4.61142147e+00 -2.32606778e+01
 4.61142147e+00 -2.32606778e+01
 4.61142147e+00 -2.32606778e+01
 4.61142147e+00 -2.32606778e+01
 4.61142147e+00 -2.32606778e+01
 4.61142147e+00 -2.32606778e+01
 4.61142147e+00 -2.32606778e+01
 4.61142147e+00 -2.32606778e+01
 4.61142147e+00 -2.32606778e+01
 4.61142147e+00 -2.32606778e+01
 4.61142147e+00 -2.32606778e+01
 4.61142147e+00 -2.32606778e+01
 4.61142147e+00 -2.32606778e+01
 4.61142147e+00 -2.32606778e+01
 4.61142147e+00 -2.32606778e+01
 4.61142147e+00 -2.32606778e+01
 4.61142147e+00 -2.32606778e+01
 4.61142147e+00 -2.32606778e+01
 4.61142147e+00 -2.32606778e+01
 4.61142147e+00 -2.32606778e+01
 4.61142147e+00 -2.32606778e+01
 4.61142147e+00 -2.32606778e+01
 4.61142147e+00 -2.32606778e+01
 4.61142147e+00 -2.32606778e+01
 4.61142147e+00 -2.32606778e+01
 4.61142147e+00 -2.32606778e+01
 4.61142147e+00 -2.32606778e+01
 4.61142147e+00 -2.32606778e+01
 4.61142147e+00 -2.32606778e+01
 4.61142147e+00 -2.32606778e+01
 4.61142147e+00 -2.32606778e+01
 4.61142147e+00 -2.32606778e+01
 4.61142147e+00 -2.32606778e+01
 4.61142147e+00 -2.32606778e+01
 4.61142147e+00 -2.32606778e+01
 4.61142147e+00 -2.32606778e+01
 4.61142147e+00 -2.32606778e+01
 4.61142147e+00 -2.32606778e+01
 4.61142147e+00 -2.32606778e+01
 4.61142147e+00 -2.32606778e+01
 4.61142147e+00 -2.32606778e+01
 4.61142147e+00 -2.32606778e+01
 4.61142147e+00 -2.32606778e+01
 4.61142147e+00 -2.32606778e+01
 4.61142147e+00 -2.32606778e+01
 4.61142147e+00 -2.32606778e+01
 4.61142147e+00 -2.32606778e+01
 4.61142147e+00 -2.32606778e+01
 4.61142147e+00 -2.32606778e+01
 4.61142147e+00 -2.32606778e+01
 4.61142147e+00 -2.32606778e+01
