 0.00000000e+00 0.00000000e+00
 0.00000000e+00 0.00000000e+00
 0.00000000e+00 0.00000000e+00
 0.00000000e+00 0.00000000e+00
 0.00000000e+00 0.00000000e+00
 0.00000000e+00 0.00000000e+00
 0.00000000e+00 0.00000000e+00
 0.00000000e+00 0.00000000e+00
 0.00000000e+00 0.00000000e+00
 0.00000000e+00 0.00000000e+00
 0.00000000e+00 0.00000000e+00
 0.00000000e+00 0.00000000e+00
 0.00000000e+00 0.00000000e+00
 0.00000000e+00 0.00000000e+00
 0.00000000e+00 0.00000000e+00
 0.00000000e+00 0.00000000e+00
 -2.25338516e-01 3.29048638e-01
 -5.61213134e-01 7.46049112e-01
 -1.01984897e+00 1.21375297e+00
 -1.60855476e+00 1.68908584e+00
 -2.33293126e+00 2.13370851e+00
 -3.19764532e+00 2.51597331e+00
 -4.20542510e+00 2.80828891e+00
 -5.35635015e+00 2.98513610e+00
 -6.64813999e+00 3.02358890e+00
 -8.07654458e+00 2.90543595e+00
 -9.63471537e+00 2.61943356e+00
 -1.13113042e+01 2.16279917e+00
 -1.30882664e+01 1.54155923e+00
 -1.49400273e+01 7.69598257e-01
 -1.68348962e+01 -1.33393813e-01
 -1.87379968e+01 -1.14445851e+00
 -2.06144132e+01 -2.23975976e+00
 -2.24320287e+01 -3.39661279e+00
 -2.41638662e+01 -4.59522498e+00
 -2.57891013e+01 -5.82004851e+00
 -2.72920131e+01 -7.06021539e+00
 -2.86595186e+01 -8.30846447e+00
 -2.98787261e+01 -9.55878858e+00
 -3.09352054e+01 -1.08040907e+01
 -3.18119129e+01 -1.20350331e+01
 -3.24890017e+01 -1.32400138e+01
 -3.29451476e+01 -1.44054893e+01
 -3.31605462e+01 -1.55163983e+01
 -3.31207469e+01 -1.65570254e+01
 -3.28197295e+01 -1.75123117e+01
 -3.22606952e+01 -1.83690049e+01
 -3.14544341e+01 -1.91160535e+01
 -3.04169456e+01 -1.97442026e+01
 -2.91680153e+01 -2.02453080e+01
 -2.77306551e+01 -2.06119891e+01
 -2.61303930e+01 -2.08377441e+01
 -2.43945222e+01 -2.09171148e+01
 -2.25523493e+01 -2.08456281e+01
 -2.06364006e+01 -2.06197844e+01
 -1.86829950e+01 -2.02374945e+01
 -1.67309055e+01 -1.96990182e+01
 -1.48187163e+01 -1.90080957e+01
 -1.29826879e+01 -1.81727836e+01
 -1.12562205e+01 -1.72055766e+01
 -9.67021822e+00 -1.61227914e+01
 -8.25276728e+00 -1.49435615e+01
 -7.02768867e+00 -1.36887009e+01
 -6.01328703e+00 -1.23794043e+01
 -5.22239444e+00 -1.10357528e+01
 -4.66284546e+00 -9.67518285e+00
 -4.33696919e+00 -8.31125515e+00
 -4.24042179e+00 -6.95335783e+00
 -4.36174072e+00 -5.60795456e+00
 -4.68294565e+00 -4.28114006e+00
 -5.18074751e+00 -2.98134402e+00
 -5.82859102e+00 -1.72115456e+00
 -6.59978961e+00 -5.18095631e-01
 -7.47082998e+00 6.05418494e-01
 -8.42345541e+00 1.62302961e+00
 -9.44503550e+00 2.50649269e+00
 -1.05277398e+01 3.22853504e+00
 -1.16672091e+01 3.76561129e+00
 -1.28609217e+01 4.09982297e+00
 -1.41060838e+01 4.22007987e+00
 -1.53972345e+01 4.12293470e+00
 -1.67243804e+01 3.81302724e+00
 -1.80723636e+01 3.30261993e+00
 -1.94213157e+01 2.60998514e+00
 -2.07476288e+01 1.75707335e+00
 -2.20252297e+01 7.67338170e-01
 -2.32270888e+01 -3.35577820e-01
 -2.43265900e+01 -1.52833702e+00
 -2.52985762e+01 -2.78815329e+00
 -2.61204769e+01 -4.09305776e+00
 -2.67737579e+01 -5.42190919e+00
 -2.72450870e+01 -6.75390171e+00
 -2.75261222e+01 -8.06771222e+00
 -2.76112934e+01 -9.34066149e+00
 -2.74945635e+01 -1.05482399e+01
 -2.71676129e+01 -1.16641275e+01
 -2.66207935e+01 -1.26606208e+01
 -2.58455049e+01 -1.35094644e+01
 -2.48361025e+01 -1.41833838e+01
 -2.35912519e+01 -1.46585168e+01
 -2.21156504e+01 -1.49170866e+01
 -2.04223291e+01 -1.49490533e+01
 -1.85348401e+01 -1.47524730e+01
 -1.64884057e+01 -1.43338776e+01
 -1.43293608e+01 -1.37096209e+01
 -1.21125518e+01 -1.29071699e+01
 -9.89636396e+00 -1.19645574e+01
 -7.73484686e+00 -1.09272085e+01
 -5.66733547e+00 -9.84236175e+00
 -3.70911548e+00 -8.75185049e+00
 -1.84942883e+00 -7.68498409e+00
 -6.01951938e-02 -6.65454337e+00
 1.68937543e+00 -5.65848136e+00
 3.42176640e+00 -4.68660135e+00
 5.14869182e+00 -3.72796805e+00
 6.87448441e+00 -2.77505408e+00
 8.60020186e+00 -1.82409108e+00
 1.03259624e+01 -8.73653484e-01
 1.20517425e+01 7.66726012e-02
 1.37775270e+01 1.02698006e+00
 1.55033121e+01 1.97728498e+00
 1.72290949e+01 2.92758835e+00
 1.89548550e+01 3.87787917e+00
 2.06804424e+01 4.82807489e+00
 2.24050022e+01 5.77770478e+00
 2.41247632e+01 6.72469220e+00
 2.58269069e+01 7.66197863e+00
 2.74781325e+01 8.57122703e+00
 2.90133309e+01 9.41658493e+00
 3.03398013e+01 1.01470067e+01
 3.13695206e+01 1.07140222e+01
 3.13695206e+01 1.07140222e+01
 3.13695206e+01 1.07140222e+01
 3.13695206e+01 1.07140222e+01
 3.13695206e+01 1.07140222e+01
 3.13695206e+01 1.07140222e+01
 3.13695206e+01 1.07140222e+01
 3.13695206e+01 1.07140222e+01
 3.13695206e+01 1.07140222e+01
 3.13695206e+01 1.07140222e+01
 3.13695206e+01 1.07140222e+01
 3.13695206e+01 1.07140222e+01
 3.13695206e+01 1.07140222e+01
 3.13695206e+01 1.07140222e+01
 3.13695206e+01 1.07140222e+01
 3.13695206e+01 1.07140222e+01
 3.13695206e+01 1.07140222e+01
 3.13695206e+01 1.07140222e+01
 3.13695206e+01 1.07140222e+01
 3.13695206e+01 1.07140222e+01
 3.13695206e+01 1.07140222e+01
 3.13695206e+01 1.07140222e+01
 3.13695206e+01 1.07140222e+01
 3.13695206e+01 1.07140222e+01
 3.13695206e+01 1.07140222e+01
 3.13695206e+01 1.07140222e+01
 3.13695206e+01 1.07140222e+01
 3.13695206e+01 1.07140222e+01
 3.13695206e+01 1.07140222e+01
 3.13695206e+01 1.07140222e+01
 3.13695206e+01 1.07140222e+01
 3.13695206e+01 1.07140222e+01
 3.13695206e+01 1.07140222e+01
 3.13695206e+01 1.07140222e+01
 3.13695206e+01 1.07140222e+01
 3.13695206e+01 1.07140222e+01
 3.13695206e+01 1.07140222e+01
 3.13695206e+01 1.07140222e+01
 3.13695206e+01 1.07140222e+01
 3.13695206e+01 1.07140222e+01
 3.13695206e+01 1.07140222e+01
 3.13695206e+01 1.07140222e+01
 3.13695206e+01 1.07140222e+01
 3.13695206e+01 1.07140222e+01
 3.13695206e+01 1.07140222e+01
 3.13695206e+01 1.07140222e+01
 3.13695206e+01 1.07140222e+01
 3.13695206e+01 1.07140222e+01
 3.13695206e+01 1.07140222e+01
 3.13695206e+01 1.07140222e+01
 3.13695206e+01 1.07140222e+01
 3.13695206e+01 1.07140222e+01
 3.13695206e+01 1.07140222e+01
