 0.00000000e+00 0.00000000e+00
 0.00000000e+00 0.00000000e+00
 0.00000000e+00 0.00000000e+00
 0.00000000e+00 0.00000000e+00
 0.00000000e+00 0.00000000e+00
 0.00000000e+00 0.00000000e+00
 0.00000000e+00 0.00000000e+00
 0.00000000e+00 0.00000000e+00
 0.00000000e+00 0.00000000e+00
 0.00000000e+00 0.00000000e+00
 0.00000000e+00 0.00000000e+00
 0.00000000e+00 0.00000000e+00
 -5.85015493e-02 -3.15656376e-02
 -1.46418111e-01 -9.16159781e-02
 -2.63317960e-01 -1.92998644e-01
 -4.06553928e-01 -3.50079374e-01
 -5.74972844e-01 -5.79835260e-01
 -7.70610036e-01 -9.02519546e-01
 -9.97995460e-01 -1.34034049e+00
 -1.26310922e+00 -1.91463344e+00
 -1.57326184e+00 -2.64317854e+00
 -1.93721346e+00 -3.53842227e+00
 -2.36445259e+00 -4.60615543e+00
 -2.86379403e+00 -5.84453548e+00
 -3.44251718e+00 -7.24451799e+00
 -4.10701583e+00 -8.79264929e+00
 -4.86477545e+00 -1.04754483e+01
 -5.72648579e+00 -1.22832132e+01
 -6.70689755e+00 -1.42113728e+01
 -7.82350933e+00 -1.62589363e+01
 -9.09296621e+00 -1.84250972e+01
 -1.05260471e+01 -2.07055872e+01
 -1.21228008e+01 -2.30895559e+01
 -1.38690877e+01 -2.55568194e+01
 -1.57349258e+01 -2.80757811e+01
 -1.76746397e+01 -3.06033332e+01
 -1.96289621e+01 -3.30876753e+01
 -2.15293598e+01 -3.54733910e+01
 -2.33046472e+01 -3.77071099e+01
 -2.48891337e+01 -3.97423971e+01
 -2.62301810e+01 -4.15432612e+01
 -2.72925200e+01 -4.30859408e+01
 -2.80582599e+01 -4.43585097e+01
 -2.85240618e+01 -4.53581709e+01
 -2.86980117e+01 -4.60872697e+01
 -2.85975835e+01 -4.65500729e+01
 -2.82482798e+01 -4.67517107e+01
 -2.76819220e+01 -4.66986486e+01
 -2.69343266e+01 -4.63988457e+01
 -2.60429804e+01 -4.58607784e+01
 -2.50452143e+01 -4.50923743e+01
 -2.39764941e+01 -4.41011601e+01
 -2.28681531e+01 -4.28952546e+01
 -2.17448313e+01 -4.14835218e+01
 -2.06226751e+01 -3.98741330e+01
 -1.95089045e+01 -3.80730400e+01
 -1.84026240e+01 -3.60848284e+01
 -1.72966978e+01 -3.39167922e+01
 -1.61805980e+01 -3.15842552e+01
 -1.50438932e+01 -2.91140803e+01
 -1.38797339e+01 -2.65450275e+01
 -1.26874863e+01 -2.39259731e+01
 -1.14736525e+01 -2.13134347e+01
 -1.02505514e+01 -1.87685302e+01
 -9.03298795e+00 -1.63524195e+01
 -7.83412617e+00 -1.41197905e+01
 -6.66231106e+00 -1.21117525e+01
 -5.51991044e+00 -1.03508996e+01
 -4.40388258e+00 -8.84069277e+00
 -3.30715941e+00 -7.56904519e+00
 -2.22031540e+00 -6.51404916e+00
 -1.13345321e+00 -5.64948102e+00
 -3.83816999e-02 -4.94879204e+00
 1.06889555e+00 -4.38756357e+00
 2.18579393e+00 -3.94495300e+00
 3.30185549e+00 -3.60453378e+00
 4.39941036e+00 -3.35457947e+00
 5.45612250e+00 -3.18747832e+00
 6.44849885e+00 -3.09797277e+00
 7.35514100e+00 -3.08069027e+00
 8.15878962e+00 -3.12837677e+00
 8.84710230e+00 -3.23208677e+00
 9.41291160e+00 -3.38311248e+00
 9.85429703e+00 -3.57515801e+00
 1.01736849e+01 -3.80553509e+00
 1.03753806e+01 -4.07535257e+00
 1.04627664e+01 -4.38927143e+00
 1.04373418e+01 -4.75505736e+00
 1.03000257e+01 -5.18265941e+00
 1.00528047e+01 -5.68254037e+00
 9.69914182e+00 -6.26347385e+00
 9.24390286e+00 -6.93042755e+00
 8.69439877e+00 -7.68304803e+00
 8.06239692e+00 -8.51498486e+00
 7.36513325e+00 -9.41422809e+00
 6.62380129e+00 -1.03644577e+01
 5.86009048e+00 -1.13468951e+01
 5.09270631e+00 -1.23419139e+01
 4.33531063e+00 -1.33301360e+01
 3.59594595e+00 -1.42933935e+01
 2.87718006e+00 -1.52159870e+01
 2.17649198e+00 -1.60859876e+01
 1.48710577e+00 -1.68957238e+01
 7.99402263e-01 -1.76410488e+01
 1.02486227e-01 -1.83200843e+01
 -6.14299355e-01 -1.89323980e+01
 -1.35951337e+00 -1.94787068e+01
 -2.13740884e+00 -1.99605013e+01
 -2.94637825e+00 -2.03791956e+01
 -3.77906802e+00 -2.07351121e+01
 -4.62407756e+00 -2.10270406e+01
 -5.46819331e+00 -2.12526926e+01
 -6.29807312e+00 -2.14094484e+01
 -7.10104395e+00 -2.14946324e+01
 -7.86544148e+00 -2.15055921e+01
 -8.58087178e+00 -2.14405443e+01
 -9.23820620e+00 -2.13000705e+01
 -9.82927577e+00 -2.10877953e+01
 -1.03472028e+01 -2.08097874e+01
 -1.07886455e+01 -2.04745183e+01
 -1.11577696e+01 -2.00947251e+01
 -1.14690328e+01 -1.96888677e+01
 -1.17448346e+01 -1.92782372e+01
 -1.20077510e+01 -1.88798736e+01
 -1.22727052e+01 -1.85008871e+01
 -1.25448230e+01 -1.81389965e+01
 -1.28229514e+01 -1.77877929e+01
 -1.31043084e+01 -1.74416116e+01
 -1.33869226e+01 -1.70972438e+01
 -1.36699061e+01 -1.67533841e+01
 -1.39529728e+01 -1.64096351e+01
 -1.42360540e+01 -1.60659051e+01
 -1.45191372e+01 -1.57221776e+01
 -1.48022201e+01 -1.53784508e+01
 -1.50852993e+01 -1.50347286e+01
 -1.53683502e+01 -1.46910408e+01
 -1.56512325e+01 -1.43475577e+01
 -1.59333277e+01 -1.40050303e+01
 -1.62125331e+01 -1.36660118e+01
 -1.64833863e+01 -1.33371347e+01
 -1.67352074e+01 -1.30313670e+01
 -1.69527905e+01 -1.27671719e+01
 -1.71216970e+01 -1.25620812e+01
 -1.71216970e+01 -1.25620812e+01
 -1.71216970e+01 -1.25620812e+01
 -1.71216970e+01 -1.25620812e+01
 -1.71216970e+01 -1.25620812e+01
 -1.71216970e+01 -1.25620812e+01
 -1.71216970e+01 -1.25620812e+01
 -1.71216970e+01 -1.25620812e+01
 -1.71216970e+01 -1.25620812e+01
 -1.71216970e+01 -1.25620812e+01
 -1.71216970e+01 -1.25620812e+01
 -1.71216970e+01 -1.25620812e+01
 -1.71216970e+01 -1.25620812e+01
 -1.71216970e+01 -1.25620812e+01
 -1.71216970e+01 -1.25620812e+01
 -1.71216970e+01 -1.25620812e+01
 -1.71216970e+01 -1.25620812e+01
 -1.71216970e+01 -1.25620812e+01
 -1.71216970e+01 -1.25620812e+01
 -1.71216970e+01 -1.25620812e+01
 -1.71216970e+01 -1.25620812e+01
 -1.71216970e+01 -1.25620812e+01
 -1.71216970e+01 -1.25620812e+01
 -1.71216970e+01 -1.25620812e+01
 -1.71216970e+01 -1.25620812e+01
 -1.71216970e+01 -1.25620812e+01
 -1.71216970e+01 -1.25620812e+01
 -1.71216970e+01 -1.25620812e+01
 -1.71216970e+01 -1.25620812e+01
 -1.71216970e+01 -1.25620812e+01
 -1.71216970e+01 -1.25620812e+01
 -1.71216970e+01 -1.25620812e+01
 -1.71216970e+01 -1.25620812e+01
 -1.71216970e+01 -1.25620812e+01
 -1.71216970e+01 -1.25620812e+01
