 0.00000000e+00 0.00000000e+00
 0.00000000e+00 0.00000000e+00
 0.00000000e+00 0.00000000e+00
 0.00000000e+00 0.00000000e+00
 0.00000000e+00 0.00000000e+00
 0.00000000e+00 0.00000000e+00
 -4.52526224e-02 5.09930780e-03
 -1.06096200e-01 -1.42773795e-02
 -1.77579116e-01 -8.34441384e-02
 -2.55616500e-01 -2.32457682e-01
 -3.40649557e-01 -4.90705138e-01
 -4.37570405e-01 -8.81623335e-01
 -5.53056211e-01 -1.42017402e+00
 -6.93421293e-01 -2.11328292e+00
 -8.64495931e-01 -2.96113647e+00
 -1.07252320e+00 -3.95773131e+00
 -1.32453466e+00 -5.09107618e+00
 -1.62814594e+00 -6.34449359e+00
 -1.99166157e+00 -7.69993541e+00
 -2.42460971e+00 -9.14269670e+00
 -2.93786827e+00 -1.06654325e+01
 -3.54275266e+00 -1.22693082e+01
 -4.24928501e+00 -1.39616783e+01
 -5.06426863e+00 -1.57514399e+01
 -5.98961060e+00 -1.76439476e+01
 -7.02114232e+00 -1.96372049e+01
 -8.14814919e+00 -2.17201260e+01
 -9.35365507e+00 -2.38724226e+01
 -1.06152600e+01 -2.60652080e+01
 -1.19063067e+01 -2.82620638e+01
 -1.31972836e+01 -3.04210662e+01
 -1.44574491e+01 -3.24982504e+01
 -1.56567335e+01 -3.44521550e+01
 -1.67679056e+01 -3.62479430e+01
 -1.77685764e+01 -3.78594466e+01
 -1.86423517e+01 -3.92690780e+01
 -1.93789558e+01 -4.04672694e+01
 -1.99739367e+01 -4.14526280e+01
 -2.04286510e+01 -4.22318789e+01
 -2.07505550e+01 -4.28178929e+01
 -2.09529298e+01 -4.32257656e+01
 -2.10528908e+01 -4.34689094e+01
 -2.10679761e+01 -4.35570765e+01
 -2.10136341e+01 -4.34963691e+01
 -2.09031135e+01 -4.32898356e+01
 -2.07480897e+01 -4.29376887e+01
 -2.05579487e+01 -4.24374740e+01
 -2.03384879e+01 -4.17849023e+01
 -2.00918363e+01 -4.09753911e+01
 -1.98175212e+01 -4.00057271e+01
 -1.95135038e+01 -3.88752055e+01
 -1.91767805e+01 -3.75860162e+01
 -1.88038417e+01 -3.61431034e+01
 -1.83911159e+01 -3.45538946e+01
 -1.79352353e+01 -3.28282380e+01
 -1.74329087e+01 -3.09787002e+01
 -1.68803561e+01 -2.90209528e+01
 -1.62726341e+01 -2.69736919e+01
 -1.56034245e+01 -2.48579350e+01
 -1.48656628e+01 -2.26961978e+01
 -1.40530713e+01 -2.05121366e+01
 -1.31623509e+01 -1.83307682e+01
 -1.21952883e+01 -1.61788819e+01
 -1.11598077e+01 -1.40850428e+01
 -1.00695864e+01 -1.20787698e+01
 -8.94261833e+00 -1.01889289e+01
 -7.79920184e+00 -8.44170337e+00
 -6.65954346e+00 -6.85843955e+00
 -5.54106823e+00 -5.45351552e+00
 -4.45553747e+00 -4.23247572e+00
 -3.40629102e+00 -3.19090990e+00
 -2.38654896e+00 -2.31466505e+00
 -1.38002059e+00 -1.58186965e+00
 -3.64195641e-01 -9.66794572e-01
 6.84725159e-01 -4.44652248e-01
 1.78683239e+00 4.39847420e-03
 2.95445283e+00 3.93412036e-01
 4.18930584e+00 7.28824123e-01
 5.48086171e+00 1.01148901e+00
 6.80611590e+00 1.23801444e+00
 8.13131294e+00 1.40259829e+00
 9.41586162e+00 1.49916067e+00
 1.06176047e+01 1.52287691e+00
 1.16977435e+01 1.47062791e+00
 1.26240901e+01 1.34075413e+00
 1.33724503e+01 1.13262587e+00
 1.39265549e+01 8.46275890e-01
 1.42769386e+01 4.82291822e-01
 1.44194162e+01 4.19830967e-02
 1.43541702e+01 -4.72443905e-01
 1.40856804e+01 -1.05778693e+00
 1.36224112e+01 -1.70957281e+00
 1.29756502e+01 -2.42157587e+00
 1.21585388e+01 -3.18555651e+00
 1.11862217e+01 -3.99151023e+00
 1.00764708e+01 -4.82820814e+00
 8.84986081e+00 -5.68374749e+00
 7.52960923e+00 -6.54605173e+00
 6.14158766e+00 -7.40313486e+00
 4.71440521e+00 -8.24280117e+00
 3.27908166e+00 -9.05189050e+00
 1.86810852e+00 -9.81583925e+00
 5.13935041e-01 -1.05194083e+01
 -7.53228323e-01 -1.11486644e+01
 -1.90824451e+00 -1.16932095e+01
 -2.93374778e+00 -1.21473287e+01
 -3.82168163e+00 -1.25096971e+01
 -4.57346902e+00 -1.27825012e+01
 -5.19919664e+00 -1.29708490e+01
 -5.71569884e+00 -1.30823479e+01
 -6.14318383e+00 -1.31261498e+01
 -6.50098093e+00 -1.31112652e+01
 -6.80387225e+00 -1.30448657e+01
 -7.06040893e+00 -1.29317744e+01
 -7.27418107e+00 -1.27760890e+01
 -7.44802967e+00 -1.25845750e+01
 -7.58884519e+00 -1.23692583e+01
 -7.70885316e+00 -1.21459516e+01
 -7.82172895e+00 -1.19286797e+01
 -7.93705690e+00 -1.17244554e+01
 -8.05811003e+00 -1.15327756e+01
 -8.18384681e+00 -1.13493097e+01
 -8.31209820e+00 -1.11698264e+01
 -8.44133317e+00 -1.09918152e+01
 -8.57085860e+00 -1.08142238e+01
 -8.70044979e+00 -1.06367253e+01
 -8.83005249e+00 -1.04592428e+01
 -8.95965673e+00 -1.02817625e+01
 -9.08926096e+00 -1.01042827e+01
 -9.21886350e+00 -9.92680522e+00
 -9.34845306e+00 -9.74934550e+00
 -9.47796546e+00 -9.57199145e+00
 -9.60711747e+00 -9.39513092e+00
 -9.73494644e+00 -9.22008215e+00
 -9.85895153e+00 -9.05026980e+00
 -9.97424311e+00 -8.89238972e+00
 -1.00738595e+01 -8.75597526e+00
 -1.01511902e+01 -8.65007875e+00
 -1.01511902e+01 -8.65007875e+00
 -1.01511902e+01 -8.65007875e+00
 -1.01511902e+01 -8.65007875e+00
 -1.01511902e+01 -8.65007875e+00
 -1.01511902e+01 -8.65007875e+00
 -1.01511902e+01 -8.65007875e+00
 -1.01511902e+01 -8.65007875e+00
 -1.01511902e+01 -8.65007875e+00
 -1.01511902e+01 -8.65007875e+00
 -1.01511902e+01 -8.65007875e+00
 -1.01511902e+01 -8.65007875e+00
 -1.01511902e+01 -8.65007875e+00
 -1.01511902e+01 -8.65007875e+00
 -1.01511902e+01 -8.65007875e+00
 -1.01511902e+01 -8.65007875e+00
 -1.01511902e+01 -8.65007875e+00
 -1.01511902e+01 -8.65007875e+00
 -1.01511902e+01 -8.65007875e+00
 -1.01511902e+01 -8.65007875e+00
 -1.01511902e+01 -8.65007875e+00
 -1.01511902e+01 -8.65007875e+00
 -1.01511902e+01 -8.65007875e+00
 -1.01511902e+01 -8.65007875e+00
 -1.01511902e+01 -8.65007875e+00
 -1.01511902e+01 -8.65007875e+00
 -1.01511902e+01 -8.65007875e+00
 -1.01511902e+01 -8.65007875e+00
 -1.01511902e+01 -8.65007875e+00
 -1.01511902e+01 -8.65007875e+00
 -1.01511902e+01 -8.65007875e+00
 -1.01511902e+01 -8.65007875e+00
 -1.01511902e+01 -8.65007875e+00
 -1.01511902e+01 -8.65007875e+00
 -1.01511902e+01 -8.65007875e+00
 -1.01511902e+01 -8.65007875e+00
 -1.01511902e+01 -8.65007875e+00
 -1.01511902e+01 -8.65007875e+00
 -1.01511902e+01 -8.65007875e+00
 -1.01511902e+01 -8.65007875e+00
