 0.00000000e+00 0.00000000e+00
 0.00000000e+00 0.00000000e+00
 0.00000000e+00 0.00000000e+00
 0.00000000e+00 0.00000000e+00
 0.00000000e+00 0.00000000e+00
 0.00000000e+00 0.00000000e+00
 0.00000000e+00 0.00000000e+00
 0.00000000e+00 0.00000000e+00
 0.00000000e+00 0.00000000e+00
 0.00000000e+00 0.00000000e+00
 1.11987244e-01 3.31839766e-01
 2.38690913e-01 7.11876099e-01
 3.57504843e-01 1.08069597e+00
 4.46530621e-01 1.38065921e+00
 4.89119654e-01 1.56554652e+00
 4.71989545e-01 1.59738481e+00
 3.80752424e-01 1.44088763e+00
 1.98653232e-01 1.06304780e+00
 -9.00076508e-02 4.36668570e-01
 -4.95411487e-01 -4.56428471e-01
 -1.02034137e+00 -1.62394630e+00
 -1.66082123e+00 -3.06234954e+00
 -2.40746968e+00 -4.75620577e+00
 -3.24711152e+00 -6.67842649e+00
 -4.16519194e+00 -8.79256830e+00
 -5.14859862e+00 -1.10574017e+01
 -6.18762216e+00 -1.34323991e+01
 -7.27644252e+00 -1.58820015e+01
 -8.41244969e+00 -1.83771129e+01
 -9.59466037e+00 -2.08935206e+01
 -1.08212891e+01 -2.34082336e+01
 -1.20870198e+01 -2.58957968e+01
 -1.33810062e+01 -2.83267460e+01
 -1.46863043e+01 -3.06689649e+01
 -1.59806723e+01 -3.28906848e+01
 -1.72382392e+01 -3.49629901e+01
 -1.84316505e+01 -3.68607913e+01
 -1.95344653e+01 -3.85630658e+01
 -2.05234786e+01 -4.00536826e+01
 -2.13806051e+01 -4.13229467e+01
 -2.20942434e+01 -4.23686967e+01
 -2.26601540e+01 -4.31957589e+01
 -2.30814485e+01 -4.38136513e+01
 -2.33670254e+01 -4.42334824e+01
 -2.35285741e+01 -4.44651014e+01
 -2.35775578e+01 -4.45149867e+01
 -2.35238026e+01 -4.43851014e+01
 -2.33758183e+01 -4.40730572e+01
 -2.31413195e+01 -4.35735133e+01
 -2.28268566e+01 -4.28800144e+01
 -2.24371986e+01 -4.19866373e+01
 -2.19752734e+01 -4.08894754e+01
 -2.14421573e+01 -3.95877557e+01
 -2.08363827e+01 -3.80836629e+01
 -2.01528924e+01 -3.63804320e+01
 -1.93825092e+01 -3.44799608e+01
 -1.85123141e+01 -3.23821965e+01
 -1.75266745e+01 -3.00874844e+01
 -1.64085300e+01 -2.76007417e+01
 -1.51410710e+01 -2.49351198e+01
 -1.37105012e+01 -2.21141641e+01
 -1.21102154e+01 -1.91734881e+01
 -1.03454230e+01 -1.61625441e+01
 -8.43638362e+00 -1.31447188e+01
 -6.41904513e+00 -1.01934237e+01
 -4.34313023e+00 -7.38435822e+00
 -2.26825551e+00 -4.78682634e+00
 -2.58416813e-01 -2.45708436e+00
 1.62499024e+00 -4.34600943e-01
 3.33080057e+00 1.25972574e+00
 4.82453394e+00 2.62420864e+00
 6.09196221e+00 3.67531417e+00
 7.13952728e+00 4.44389355e+00
 7.99224454e+00 4.96892483e+00
 8.68926633e+00 5.29053179e+00
 9.27717615e+00 5.44440833e+00
 9.80232765e+00 5.45891114e+00
 1.03045517e+01 5.35477454e+00
 1.08137431e+01 5.14638999e+00
 1.13489229e+01 4.84344125e+00
 1.19183047e+01 4.45239802e+00
 1.25194794e+01 3.97803030e+00
 1.31399388e+01 3.42492329e+00
 1.37584231e+01 2.79846683e+00
 1.43471055e+01 2.10495909e+00
 1.48742891e+01 1.35119258e+00
 1.53073535e+01 5.44220932e-01
 1.56157667e+01 -3.08391681e-01
 1.57738074e+01 -1.19807548e+00
 1.57623511e+01 -2.11489934e+00
 1.55692322e+01 -3.04757715e+00
 1.51884133e+01 -3.98389038e+00
 1.46187029e+01 -4.91151442e+00
 1.38625120e+01 -5.81917390e+00
 1.29247838e+01 -6.69784629e+00
 1.18123559e+01 -7.54152140e+00
 1.05342037e+01 -8.34719355e+00
 9.10267995e+00 -9.11425422e+00
 7.53533160e+00 -9.84365715e+00
 5.85681290e+00 -1.05368863e+01
 4.10060628e+00 -1.11944824e+01
 2.30993437e+00 -1.18143762e+01
 5.36665835e-01 -1.23910914e+01
 -1.16272205e+00 -1.29166689e+01
 -2.73369188e+00 -1.33826990e+01
 -4.13061893e+00 -1.37818779e+01
 -5.32147205e+00 -1.41082698e+01
 -6.28886430e+00 -1.43568259e+01
 -7.02862339e+00 -1.45231291e+01
 -7.54814606e+00 -1.46039875e+01
 -7.86566621e+00 -1.45991962e+01
 -8.01008781e+00 -1.45143869e+01
 -8.02053405e+00 -1.43637649e+01
 -7.94392018e+00 -1.41701095e+01
 -7.82800820e+00 -1.39597928e+01
 -7.71055232e+00 -1.37543648e+01
 -7.61114180e+00 -1.35643525e+01
 -7.53218230e+00 -1.33896831e+01
 -7.46723291e+00 -1.32251014e+01
 -7.40918029e+00 -1.30653989e+01
 -7.35368735e+00 -1.29074929e+01
 -7.29892414e+00 -1.27500972e+01
 -7.24432206e+00 -1.25928142e+01
 -7.18974765e+00 -1.24355504e+01
 -7.13517695e+00 -1.22782893e+01
 -7.08060671e+00 -1.21210287e+01
 -7.02603721e+00 -1.19637702e+01
 -6.97147319e+00 -1.18065274e+01
 -6.91694165e+00 -1.16493782e+01
 -6.86256186e+00 -1.14926664e+01
 -6.80873913e+00 -1.13375599e+01
 -6.75652646e+00 -1.11870932e+01
 -6.70798264e+00 -1.10471995e+01
 -6.66603891e+00 -1.09263259e+01
 -6.63347862e+00 -1.08324936e+01
 -6.63347862e+00 -1.08324936e+01
 -6.63347862e+00 -1.08324936e+01
 -6.63347862e+00 -1.08324936e+01
 -6.63347862e+00 -1.08324936e+01
 -6.63347862e+00 -1.08324936e+01
 -6.63347862e+00 -1.08324936e+01
 -6.63347862e+00 -1.08324936e+01
 -6.63347862e+00 -1.08324936e+01
 -6.63347862e+00 -1.08324936e+01
 -6.63347862e+00 -1.08324936e+01
 -6.63347862e+00 -1.08324936e+01
 -6.63347862e+00 -1.08324936e+01
 -6.63347862e+00 -1.08324936e+01
 -6.63347862e+00 -1.08324936e+01
 -6.63347862e+00 -1.08324936e+01
 -6.63347862e+00 -1.08324936e+01
 -6.63347862e+00 -1.08324936e+01
 -6.63347862e+00 -1.08324936e+01
 -6.63347862e+00 -1.08324936e+01
 -6.63347862e+00 -1.08324936e+01
 -6.63347862e+00 -1.08324936e+01
 -6.63347862e+00 -1.08324936e+01
 -6.63347862e+00 -1.08324936e+01
 -6.63347862e+00 -1.08324936e+01
 -6.63347862e+00 -1.08324936e+01
 -6.63347862e+00 -1.08324936e+01
 -6.63347862e+00 -1.08324936e+01
 -6.63347862e+00 -1.08324936e+01
 -6.63347862e+00 -1.08324936e+01
 -6.63347862e+00 -1.08324936e+01
 -6.63347862e+00 -1.08324936e+01
 -6.63347862e+00 -1.08324936e+01
 -6.63347862e+00 -1.08324936e+01
 -6.63347862e+00 -1.08324936e+01
 -6.63347862e+00 -1.08324936e+01
 -6.63347862e+00 -1.08324936e+01
 -6.63347862e+00 -1.08324936e+01
 -6.63347862e+00 -1.08324936e+01
 -6.63347862e+00 -1.08324936e+01
 -6.63347862e+00 -1.08324936e+01
 -6.63347862e+00 -1.08324936e+01
 -6.63347862e+00 -1.08324936e+01
