 0.00000000e+00 0.00000000e+00
 0.00000000e+00 0.00000000e+00
 0.00000000e+00 0.00000000e+00
 0.00000000e+00 0.00000000e+00
 0.00000000e+00 0.00000000e+00
 0.00000000e+00 0.00000000e+00
 0.00000000e+00 0.00000000e+00
 -6.74139292e-02 8.11571520e-02
 -1.71929165e-01 1.85846948e-01
 -3.17091714e-01 3.06713108e-01
 -5.04057788e-01 4.35522279e-01
 -7.33968026e-01 5.66073190e-01
 -1.00895516e+00 6.95031521e-01
 -1.33148446e+00 8.21095596e-01
 -1.70312921e+00 9.43717941e-01
 -2.12374006e+00 1.06242097e+00
 -2.59131414e+00 1.17682144e+00
 -3.10245636e+00 1.28664280e+00
 -3.65321319e+00 1.39115582e+00
 -4.24009975e+00 1.48830368e+00
 -4.86115468e+00 1.57421305e+00
 -5.51668460e+00 1.64354164e+00
 -6.20920777e+00 1.69037730e+00
 -6.94251694e+00 1.70866514e+00
 -7.72056692e+00 1.69145684e+00
 -8.54702286e+00 1.62982261e+00
 -9.42541961e+00 1.51298317e+00
 -1.03589142e+01 1.32979950e+00
 -1.13487678e+01 1.07031918e+00
 -1.23921358e+01 7.26624026e-01
 -1.34809807e+01 2.93356592e-01
 -1.46031636e+01 -2.31800620e-01
 -1.57445733e+01 -8.48071967e-01
 -1.68902217e+01 -1.55219224e+00
 -1.80237652e+01 -2.33914684e+00
 -1.91268075e+01 -3.20230477e+00
 -2.01793457e+01 -4.13292319e+00
 -2.11612915e+01 -5.11980263e+00
 -2.20540451e+01 -6.14964330e+00
 -2.28413911e+01 -7.20762938e+00
 -2.35098100e+01 -8.27744688e+00
 -2.40486420e+01 -9.34095358e+00
 -2.44502338e+01 -1.03786351e+01
 -2.47099453e+01 -1.13713282e+01
 -2.48261468e+01 -1.23023027e+01
 -2.48004562e+01 -1.31585103e+01
 -2.46377672e+01 -1.39307333e+01
 -2.43449776e+01 -1.46131031e+01
 -2.39282696e+01 -1.52023415e+01
 -2.33906199e+01 -1.56966773e+01
 -2.27314026e+01 -1.60943572e+01
 -2.19481675e+01 -1.63920500e+01
 -2.10393007e+01 -1.65837708e+01
 -2.00064628e+01 -1.66609106e+01
 -1.88563613e+01 -1.66136618e+01
 -1.76017202e+01 -1.64335700e+01
 -1.62614765e+01 -1.61162056e+01
 -1.48601980e+01 -1.56627196e+01
 -1.34264523e+01 -1.50798343e+01
 -1.19899994e+01 -1.43788324e+01
 -1.05784551e+01 -1.35743832e+01
 -9.21462934e+00 -1.26835850e+01
 -7.91538926e+00 -1.17249506e+01
 -6.69186504e+00 -1.07168006e+01
 -5.55007927e+00 -9.67509343e+00
 -4.49145010e+00 -8.61166803e+00
 -3.51352628e+00 -7.53407641e+00
 -2.61138871e+00 -6.44727266e+00
 -1.77939396e+00 -5.35631138e+00
 -1.01265276e+00 -4.26886949e+00
 -3.08133277e-01 -3.19680668e+00
 3.34491080e-01 -2.15649169e+00
 9.12479831e-01 -1.16794991e+00
 1.42042475e+00 -2.53107156e-01
 1.85117611e+00 5.66433255e-01
 2.19686609e+00 1.27152325e+00
 2.44992622e+00 1.84690867e+00
 2.60393776e+00 2.28155521e+00
 2.65372494e+00 2.56798916e+00
 2.59465848e+00 2.70142581e+00
 2.42251868e+00 2.67953913e+00
 2.13515191e+00 2.50287136e+00
 1.73508629e+00 2.17490204e+00
 1.23097230e+00 1.70109240e+00
 6.36762691e-01 1.08767905e+00
 -3.05982144e-02 3.41681754e-01
 -7.53405950e-01 -5.27583853e-01
 -1.51436972e+00 -1.50689799e+00
 -2.29693799e+00 -2.57904332e+00
 -3.08558637e+00 -3.72430578e+00
 -3.86635162e+00 -4.92217065e+00
 -4.62695988e+00 -6.15196538e+00
 -5.35580761e+00 -7.39249607e+00
 -6.04018402e+00 -8.62157830e+00
 -6.66523376e+00 -9.81618910e+00
 -7.21472798e+00 -1.09534126e+01
 -7.67312293e+00 -1.20119839e+01
 -8.02750663e+00 -1.29739918e+01
 -8.26857005e+00 -1.38261286e+01
 -8.39057209e+00 -1.45599914e+01
 -8.39053925e+00 -1.51713521e+01
 -8.26699449e+00 -1.56587679e+01
 -8.01864671e+00 -1.60221548e+01
 -7.64346559e+00 -1.62618230e+01
 -7.13840212e+00 -1.63780497e+01
 -6.49996453e+00 -1.63710027e+01
 -5.72594626e+00 -1.62410478e+01
 -4.81843778e+00 -1.59897327e+01
 -3.78749737e+00 -1.56214425e+01
 -2.65397138e+00 -1.51451095e+01
 -1.44999131e+00 -1.45752330e+01
 -2.16789447e-01 -1.39318700e+01
 9.99460157e-01 -1.32395603e+01
 2.15287046e+00 -1.25252720e+01
 3.20357681e+00 -1.18156603e+01
 4.12368379e+00 -1.11339855e+01
 4.90287301e+00 -1.04968367e+01
 5.55197450e+00 -9.91111794e+00
 6.10138549e+00 -9.37281587e+00
 6.59204402e+00 -8.86937019e+00
 7.06158318e+00 -8.38542846e+00
 7.53351130e+00 -7.90877397e+00
 8.01569686e+00 -7.43291978e+00
 8.50653047e+00 -6.95595982e+00
 9.00200481e+00 -6.47805604e+00
 9.49928482e+00 -5.99971500e+00
 9.99709519e+00 -5.52123326e+00
 1.04950251e+01 -5.04271800e+00
 1.09929758e+01 -4.56419669e+00
 1.14909293e+01 -4.08567459e+00
 1.19888825e+01 -3.60715305e+00
 1.24868291e+01 -3.12863782e+00
 1.29847258e+01 -2.65017047e+00
 1.34823261e+01 -2.17198804e+00
 1.39785417e+01 -1.69513622e+00
 1.44696741e+01 -1.22316930e+00
 1.49461147e+01 -7.65320810e-01
 1.53890770e+01 -3.39644140e-01
 1.57718136e+01 2.81568762e-02
 1.60689262e+01 3.13675327e-01
 1.60689262e+01 3.13675327e-01
 1.60689262e+01 3.13675327e-01
 1.60689262e+01 3.13675327e-01
 1.60689262e+01 3.13675327e-01
 1.60689262e+01 3.13675327e-01
 1.60689262e+01 3.13675327e-01
 1.60689262e+01 3.13675327e-01
 1.60689262e+01 3.13675327e-01
 1.60689262e+01 3.13675327e-01
 1.60689262e+01 3.13675327e-01
 1.60689262e+01 3.13675327e-01
 1.60689262e+01 3.13675327e-01
 1.60689262e+01 3.13675327e-01
 1.60689262e+01 3.13675327e-01
 1.60689262e+01 3.13675327e-01
 1.60689262e+01 3.13675327e-01
 1.60689262e+01 3.13675327e-01
 1.60689262e+01 3.13675327e-01
 1.60689262e+01 3.13675327e-01
 1.60689262e+01 3.13675327e-01
 1.60689262e+01 3.13675327e-01
 1.60689262e+01 3.13675327e-01
 1.60689262e+01 3.13675327e-01
 1.60689262e+01 3.13675327e-01
 1.60689262e+01 3.13675327e-01
 1.60689262e+01 3.13675327e-01
 1.60689262e+01 3.13675327e-01
 1.60689262e+01 3.13675327e-01
 1.60689262e+01 3.13675327e-01
 1.60689262e+01 3.13675327e-01
 1.60689262e+01 3.13675327e-01
 1.60689262e+01 3.13675327e-01
 1.60689262e+01 3.13675327e-01
 1.60689262e+01 3.13675327e-01
 1.60689262e+01 3.13675327e-01
 1.60689262e+01 3.13675327e-01
 1.60689262e+01 3.13675327e-01
 1.60689262e+01 3.13675327e-01
