 0.00000000e+00 0.00000000e+00
 0.00000000e+00 0.00000000e+00
 0.00000000e+00 0.00000000e+00
 0.00000000e+00 0.00000000e+00
 0.00000000e+00 0.00000000e+00
 0.00000000e+00 0.00000000e+00
 0.00000000e+00 0.00000000e+00
 0.00000000e+00 0.00000000e+00
 0.00000000e+00 0.00000000e+00
 0.00000000e+00 0.00000000e+00
 0.00000000e+00 0.00000000e+00
 -6.12723211e-02 -1.17229545e-01
 -1.54904531e-01 -3.21718217e-01
 -2.81152411e-01 -6.39472520e-01
 -4.36100954e-01 -1.08952594e+00
 -6.14330287e-01 -1.68306730e+00
 -8.10792999e-01 -2.42498828e+00
 -1.02137882e+00 -3.31557894e+00
 -1.24321623e+00 -4.35136873e+00
 -1.47542477e+00 -5.52571848e+00
 -1.72001983e+00 -6.82999749e+00
 -1.98221898e+00 -8.25526156e+00
 -2.26961452e+00 -9.79347230e+00
 -2.59036452e+00 -1.14372312e+01
 -2.95125008e+00 -1.31778662e+01
 -3.35649053e+00 -1.50029150e+01
 -3.80760428e+00 -1.68944642e+01
 -4.30396115e+00 -1.88290909e+01
 -4.84339913e+00 -2.07792582e+01
 -5.42251185e+00 -2.27156588e+01
 -6.03678841e+00 -2.46099278e+01
 -6.68099471e+00 -2.64370377e+01
 -7.34961698e+00 -2.81766662e+01
 -8.03664524e+00 -2.98130892e+01
 -8.73436801e+00 -3.13337966e+01
 -9.43178879e+00 -3.27276941e+01
 -1.01137621e+01 -3.39839519e+01
 -1.07616784e+01 -3.50922208e+01
 -1.13557510e+01 -3.60441525e+01
 -1.18780142e+01 -3.68351696e+01
 -1.23147072e+01 -3.74650944e+01
 -1.26573355e+01 -3.79371994e+01
 -1.29027554e+01 -3.82565827e+01
 -1.30528617e+01 -3.84289450e+01
 -1.31138943e+01 -3.84597981e+01
 -1.30951740e+01 -3.83533055e+01
 -1.30075069e+01 -3.81103397e+01
 -1.28616179e+01 -3.77264825e+01
 -1.26666727e+01 -3.71913711e+01
 -1.24288745e+01 -3.64902156e+01
 -1.21502486e+01 -3.56068645e+01
 -1.18278231e+01 -3.45267786e+01
 -1.14534713e+01 -3.32386553e+01
 -1.10144857e+01 -3.17348488e+01
 -1.04946488e+01 -3.00119160e+01
 -9.87570902e+00 -2.80725190e+01
 -9.13951249e+00 -2.59285714e+01
 -8.27086512e+00 -2.36041547e+01
 -7.26061864e+00 -2.11366221e+01
 -6.10819754e+00 -1.85754919e+01
 -4.82306707e+00 -1.59799468e+01
 -3.42499652e+00 -1.34156992e+01
 -1.94286169e+00 -1.09508050e+01
 -4.11579204e-01 -8.64952204e+00
 1.13259347e+00 -6.56478292e+00
 2.65698320e+00 -4.73191911e+00
 4.13584107e+00 -3.16631595e+00
 5.55139077e+00 -1.86530672e+00
 6.89342051e+00 -8.12320057e-01
 8.15840834e+00 1.86703899e-02
 9.34803281e+00 6.58742186e-01
 1.04665044e+01 1.13935732e+00
 1.15172043e+01 1.48808160e+00
 1.25001393e+01 1.72603882e+00
 1.34113150e+01 1.86744693e+00
 1.42436746e+01 1.92000682e+00
 1.49883888e+01 1.88502152e+00
 1.56360146e+01 1.75799765e+00
 1.61781965e+01 1.53125702e+00
 1.66104006e+01 1.19817244e+00
 1.69349304e+01 7.56736537e-01
 1.71625430e+01 2.11003161e-01
 1.73111476e+01 -4.29028982e-01
 1.74018943e+01 -1.14801429e+00
 1.74554233e+01 -1.92613132e+00
 1.74909404e+01 -2.74059287e+00
 1.75273775e+01 -3.56788095e+00
 1.75831306e+01 -4.38618631e+00
 1.76721545e+01 -5.17730047e+00
 1.77984157e+01 -5.92762986e+00
 1.79532368e+01 -6.62858788e+00
 1.81175879e+01 -7.27668477e+00
 1.82667635e+01 -7.87328965e+00
 1.83737855e+01 -8.42391688e+00
 1.84105172e+01 -8.93712145e+00
 1.83477046e+01 -9.42330129e+00
 1.81552748e+01 -9.89372925e+00
 1.78035793e+01 -1.03599955e+01
 1.72657198e+01 -1.08336886e+01
 1.65205281e+01 -1.13258538e+01
 1.55554736e+01 -1.18460065e+01
 1.43690406e+01 -1.24010157e+01
 1.29723482e+01 -1.29943439e+01
 1.13895951e+01 -1.36258587e+01
 9.65700506e+00 -1.42920714e+01
 7.82054227e+00 -1.49863469e+01
 5.93299759e+00 -1.56985756e+01
 4.05083124e+00 -1.64144109e+01
 2.23075790e+00 -1.71150445e+01
 5.25875257e-01 -1.77784513e+01
 -1.01842329e+00 -1.83819049e+01
 -2.36773830e+00 -1.89044808e+01
 -3.50010554e+00 -1.93281388e+01
 -4.40546001e+00 -1.96369705e+01
 -5.08419991e+00 -1.98160953e+01
 -5.54679117e+00 -1.98532666e+01
 -5.81580088e+00 -1.97454064e+01
 -5.92885229e+00 -1.95078829e+01
 -5.93749652e+00 -1.91787567e+01
 -5.89763112e+00 -1.88101051e+01
 -5.85429121e+00 -1.84485254e+01
 -5.83092235e+00 -1.81186644e+01
 -5.83063264e+00 -1.78218343e+01
 -5.84618630e+00 -1.75471651e+01
 -5.86953609e+00 -1.72833372e+01
 -5.89577833e+00 -1.70235289e+01
 -5.92284528e+00 -1.67648678e+01
 -5.95009444e+00 -1.65064605e+01
 -5.97737491e+00 -1.62480969e+01
 -6.00465958e+00 -1.59897392e+01
 -6.03194465e+00 -1.57313824e+01
 -6.05922939e+00 -1.54730291e+01
 -6.08651140e+00 -1.52147017e+01
 -6.11377717e+00 -1.49565281e+01
 -6.14096707e+00 -1.46990729e+01
 -6.16787843e+00 -1.44442550e+01
 -6.19398476e+00 -1.41970598e+01
 -6.21825667e+00 -1.39672344e+01
 -6.23922854e+00 -1.37686564e+01
 -6.25550869e+00 -1.36145032e+01
 -6.25550869e+00 -1.36145032e+01
 -6.25550869e+00 -1.36145032e+01
 -6.25550869e+00 -1.36145032e+01
 -6.25550869e+00 -1.36145032e+01
 -6.25550869e+00 -1.36145032e+01
 -6.25550869e+00 -1.36145032e+01
 -6.25550869e+00 -1.36145032e+01
 -6.25550869e+00 -1.36145032e+01
 -6.25550869e+00 -1.36145032e+01
 -6.25550869e+00 -1.36145032e+01
 -6.25550869e+00 -1.36145032e+01
 -6.25550869e+00 -1.36145032e+01
 -6.25550869e+00 -1.36145032e+01
 -6.25550869e+00 -1.36145032e+01
 -6.25550869e+00 -1.36145032e+01
 -6.25550869e+00 -1.36145032e+01
 -6.25550869e+00 -1.36145032e+01
 -6.25550869e+00 -1.36145032e+01
 -6.25550869e+00 -1.36145032e+01
 -6.25550869e+00 -1.36145032e+01
 -6.25550869e+00 -1.36145032e+01
 -6.25550869e+00 -1.36145032e+01
 -6.25550869e+00 -1.36145032e+01
 -6.25550869e+00 -1.36145032e+01
 -6.25550869e+00 -1.36145032e+01
 -6.25550869e+00 -1.36145032e+01
 -6.25550869e+00 -1.36145032e+01
 -6.25550869e+00 -1.36145032e+01
 -6.25550869e+00 -1.36145032e+01
 -6.25550869e+00 -1.36145032e+01
 -6.25550869e+00 -1.36145032e+01
 -6.25550869e+00 -1.36145032e+01
 -6.25550869e+00 -1.36145032e+01
 -6.25550869e+00 -1.36145032e+01
 -6.25550869e+00 -1.36145032e+01
 -6.25550869e+00 -1.36145032e+01
 -6.25550869e+00 -1.36145032e+01
