 0.00000000e+00 0.00000000e+00
 0.00000000e+00 0.00000000e+00
 0.00000000e+00 0.00000000e+00
 0.00000000e+00 0.00000000e+00
 0.00000000e+00 0.00000000e+00
 0.00000000e+00 0.00000000e+00
 0.00000000e+00 0.00000000e+00
 0.00000000e+00 0.00000000e+00
 0.00000000e+00 0.00000000e+00
 0.00000000e+00 0.00000000e+00
 0.00000000e+00 0.00000000e+00
 -5.44165852e-02 2.16809653e-01
 -1.39038019e-01 4.56289470e-01
 -2.59047322e-01 6.68133008e-01
 -4.20557351e-01 7.99131566e-01
 -6.32363349e-01 8.02630688e-01
 -9.05417842e-01 6.40156044e-01
 -1.25084598e+00 2.79637650e-01
 -1.67827742e+00 -3.05324654e-01
 -2.19501761e+00 -1.13396265e+00
 -2.80537468e+00 -2.21561067e+00
 -3.50962883e+00 -3.54728945e+00
 -4.30319659e+00 -5.11270445e+00
 -5.17713993e+00 -6.88301931e+00
 -6.12032167e+00 -8.81931919e+00
 -7.12191433e+00 -1.08765574e+01
 -8.17251823e+00 -1.30084790e+01
 -9.26353774e+00 -1.51723568e+01
 -1.03860773e+01 -1.73320009e+01
 -1.15305431e+01 -1.94581756e+01
 -1.26867983e+01 -2.15270104e+01
 -1.38441128e+01 -2.35179935e+01
 -1.49907634e+01 -2.54128001e+01
 -1.61137019e+01 -2.71950558e+01
 -1.71986601e+01 -2.88504146e+01
 -1.82308001e+01 -3.03664635e+01
 -1.91955552e+01 -3.17324671e+01
 -2.00790354e+01 -3.29393332e+01
 -2.08681417e+01 -3.39800998e+01
 -2.15514270e+01 -3.48506421e+01
 -2.21209315e+01 -3.55497554e+01
 -2.25737431e+01 -3.60780171e+01
 -2.29122207e+01 -3.64357907e+01
 -2.31431290e+01 -3.66214334e+01
 -2.32762736e+01 -3.66306277e+01
 -2.33228271e+01 -3.64570625e+01
 -2.32936441e+01 -3.60939449e+01
 -2.31979540e+01 -3.55354075e+01
 -2.30423190e+01 -3.47772835e+01
 -2.28296537e+01 -3.38177076e+01
 -2.25586629e+01 -3.26581741e+01
 -2.22241077e+01 -3.13046594e+01
 -2.18177578e+01 -2.97676608e+01
 -2.13296310e+01 -2.80606100e+01
 -2.07491803e+01 -2.61974053e+01
 -2.00661560e+01 -2.41905749e+01
 -1.92711915e+01 -2.20514182e+01
 -1.83566264e+01 -1.97926221e+01
 -1.73180877e+01 -1.74326148e+01
 -1.61566971e+01 -1.49996683e+01
 -1.48811087e+01 -1.25334832e+01
 -1.35085759e+01 -1.00834077e+01
 -1.20647566e+01 -7.70439797e+00
 -1.05822629e+01 -5.45233170e+00
 -9.09788036e+00 -3.37924786e+00
 -7.64848150e+00 -1.52826184e+00
 -6.26616898e+00 7.15631224e-02
 -4.97365283e+00 1.40892557e+00
 -3.78093605e+00 2.49078574e+00
 -2.68413575e+00 3.33905982e+00
 -1.66686514e+00 3.98477981e+00
 -7.04028287e-01 4.46200958e+00
 2.32857267e-01 4.80328845e+00
 1.17026536e+00 5.03699866e+00
 2.12855451e+00 5.18604822e+00
 3.11974562e+00 5.26719245e+00
 4.14696913e+00 5.29083500e+00
 5.20507055e+00 5.26162433e+00
 6.28205800e+00 5.18007453e+00
 7.36126459e+00 5.04472372e+00
 8.42389349e+00 4.85383564e+00
 9.45125893e+00 4.60617638e+00
 1.04260686e+01 4.30134679e+00
 1.13325809e+01 3.94029660e+00
 1.21560322e+01 3.52592121e+00
 1.28820267e+01 3.06306436e+00
 1.34964627e+01 2.55756592e+00
 1.39861205e+01 2.01487085e+00
 1.43395731e+01 1.43915787e+00
 1.45477301e+01 8.33421068e-01
 1.46034141e+01 1.99992516e-01
 1.45004986e+01 -4.59286013e-01
 1.42341042e+01 -1.14331542e+00
 1.38020344e+01 -1.85173632e+00
 1.32056017e+01 -2.58421863e+00
 1.24486720e+01 -3.33944931e+00
 1.15360599e+01 -4.11460056e+00
 1.04727753e+01 -4.90565760e+00
 9.26426336e+00 -5.70836116e+00
 7.91704358e+00 -6.51909883e+00
 6.43940354e+00 -7.33504383e+00
 4.84217858e+00 -8.15338803e+00
 3.13993844e+00 -8.97032834e+00
 1.35275756e+00 -9.78063038e+00
 -4.92089529e-01 -1.05778190e+01
 -2.35969862e+00 -1.13542723e+01
 -4.20886494e+00 -1.21007336e+01
 -5.99464429e+00 -1.28057573e+01
 -7.67153430e+00 -1.34561226e+01
 -9.19717570e+00 -1.40385882e+01
 -1.05365743e+01 -1.45422180e+01
 -1.16662714e+01 -1.49600539e+01
 -1.25771132e+01 -1.52894265e+01
 -1.32741700e+01 -1.55309897e+01
 -1.37736945e+01 -1.56872142e+01
 -1.40991294e+01 -1.57616497e+01
 -1.42789308e+01 -1.57603237e+01
 -1.43468619e+01 -1.56950406e+01
 -1.43417946e+01 -1.55854647e+01
 -1.43030384e+01 -1.54561035e+01
 -1.42616250e+01 -1.53284529e+01
 -1.42337257e+01 -1.52140673e+01
 -1.42215916e+01 -1.51139804e+01
 -1.42203299e+01 -1.50236201e+01
 -1.42244349e+01 -1.49380578e+01
 -1.42305354e+01 -1.48542848e+01
 -1.42372057e+01 -1.47710247e+01
 -1.42440021e+01 -1.46878785e+01
 -1.42508202e+01 -1.46047520e+01
 -1.42576411e+01 -1.45216281e+01
 -1.42644624e+01 -1.44385046e+01
 -1.42712835e+01 -1.43553823e+01
 -1.42781040e+01 -1.42722682e+01
 -1.42849205e+01 -1.41892037e+01
 -1.42917180e+01 -1.41063703e+01
 -1.42984458e+01 -1.40243854e+01
 -1.43049724e+01 -1.39448530e+01
 -1.43110404e+01 -1.38709092e+01
 -1.43162833e+01 -1.38070189e+01
 -1.43203534e+01 -1.37574218e+01
 -1.43203534e+01 -1.37574218e+01
 -1.43203534e+01 -1.37574218e+01
 -1.43203534e+01 -1.37574218e+01
 -1.43203534e+01 -1.37574218e+01
 -1.43203534e+01 -1.37574218e+01
 -1.43203534e+01 -1.37574218e+01
 -1.43203534e+01 -1.37574218e+01
 -1.43203534e+01 -1.37574218e+01
 -1.43203534e+01 -1.37574218e+01
 -1.43203534e+01 -1.37574218e+01
 -1.43203534e+01 -1.37574218e+01
 -1.43203534e+01 -1.37574218e+01
 -1.43203534e+01 -1.37574218e+01
 -1.43203534e+01 -1.37574218e+01
 -1.43203534e+01 -1.37574218e+01
 -1.43203534e+01 -1.37574218e+01
 -1.43203534e+01 -1.37574218e+01
 -1.43203534e+01 -1.37574218e+01
 -1.43203534e+01 -1.37574218e+01
 -1.43203534e+01 -1.37574218e+01
 -1.43203534e+01 -1.37574218e+01
 -1.43203534e+01 -1.37574218e+01
 -1.43203534e+01 -1.37574218e+01
 -1.43203534e+01 -1.37574218e+01
 -1.43203534e+01 -1.37574218e+01
 -1.43203534e+01 -1.37574218e+01
 -1.43203534e+01 -1.37574218e+01
 -1.43203534e+01 -1.37574218e+01
 -1.43203534e+01 -1.37574218e+01
 -1.43203534e+01 -1.37574218e+01
 -1.43203534e+01 -1.37574218e+01
 -1.43203534e+01 -1.37574218e+01
 -1.43203534e+01 -1.37574218e+01
 -1.43203534e+01 -1.37574218e+01
 -1.43203534e+01 -1.37574218e+01
 -1.43203534e+01 -1.37574218e+01
 -1.43203534e+01 -1.37574218e+01
