 0.00000000e+00 0.00000000e+00
 0.00000000e+00 0.00000000e+00
 0.00000000e+00 0.00000000e+00
 0.00000000e+00 0.00000000e+00
 0.00000000e+00 0.00000000e+00
 0.00000000e+00 0.00000000e+00
 0.00000000e+00 0.00000000e+00
 0.00000000e+00 0.00000000e+00
 0.00000000e+00 0.00000000e+00
 0.00000000e+00 0.00000000e+00
 -1.82903950e-01 -2.51942046e-02
 -4.51000414e-01 -1.07291748e-01
 -8.13316571e-01 -2.85572689e-01
 -1.27607796e+00 -6.00472059e-01
 -1.84407410e+00 -1.08730008e+00
 -2.51994170e+00 -1.77295897e+00
 -3.30224216e+00 -2.67535579e+00
 -4.18347401e+00 -3.80348071e+00
 -5.14896289e+00 -5.15673951e+00
 -6.17759558e+00 -6.72414052e+00
 -7.24472142e+00 -8.48489513e+00
 -8.32618547e+00 -1.04109891e+01
 -9.40157003e+00 -1.24706397e+01
 -1.04553658e+01 -1.46309437e+01
 -1.14765414e+01 -1.68589601e+01
 -1.24579184e+01 -1.91219558e+01
 -1.33959378e+01 -2.13879556e+01
 -1.42902499e+01 -2.36268304e+01
 -1.51426499e+01 -2.58113093e+01
 -1.59558358e+01 -2.79174364e+01
 -1.67328051e+01 -2.99245729e+01
 -1.74769130e+01 -3.18153360e+01
 -1.81917810e+01 -3.35757608e+01
 -1.88805200e+01 -3.51956013e+01
 -1.95445576e+01 -3.66683433e+01
 -2.01825796e+01 -3.79905605e+01
 -2.07898289e+01 -3.91607213e+01
 -2.13580103e+01 -4.01780845e+01
 -2.18761766e+01 -4.10423914e+01
 -2.23325786e+01 -4.17543199e+01
 -2.27167251e+01 -4.23156660e+01
 -2.30207777e+01 -4.27282327e+01
 -2.32401648e+01 -4.29917812e+01
 -2.33737609e+01 -4.31027932e+01
 -2.34235431e+01 -4.30555554e+01
 -2.33935523e+01 -4.28450619e+01
 -2.32887017e+01 -4.24693411e+01
 -2.31139187e+01 -4.19293743e+01
 -2.28732801e+01 -4.12273432e+01
 -2.25690200e+01 -4.03653759e+01
 -2.22010915e+01 -3.93458021e+01
 -2.17675013e+01 -3.81720846e+01
 -2.12645962e+01 -3.68491229e+01
 -2.06867324e+01 -3.53824845e+01
 -2.00258987e+01 -3.37772299e+01
 -1.92722053e+01 -3.20375307e+01
 -1.84154147e+01 -3.01679348e+01
 -1.74470608e+01 -2.81761235e+01
 -1.63627332e+01 -2.60760525e+01
 -1.51641326e+01 -2.38899862e+01
 -1.38602432e+01 -2.16482765e+01
 -1.24669692e+01 -1.93868235e+01
 -1.10051797e+01 -1.71434362e+01
 -9.49800329e+00 -1.49546210e+01
 -7.96855852e+00 -1.28533626e+01
 -6.43852005e+00 -1.08674743e+01
 -4.92701080e+00 -9.01812102e+00
 -3.44959796e+00 -7.31875147e+00
 -2.01785498e+00 -5.77498720e+00
 -6.39732757e-01 -4.38565353e+00
 6.79566054e-01 -3.14457877e+00
 1.93657239e+00 -2.04260079e+00
 3.12866042e+00 -1.06933774e+00
 4.25352873e+00 -2.14350185e-01
 5.30920031e+00 5.32508511e-01
 6.29450167e+00 1.18128644e+00
 7.20962474e+00 1.74199550e+00
 8.05612076e+00 2.22399530e+00
 8.83621347e+00 2.63480426e+00
 9.55224657e+00 2.97904370e+00
 1.02070524e+01 3.25807462e+00
 1.08049103e+01 3.47010221e+00
 1.13519050e+01 3.61014208e+00
 1.18548961e+01 3.66985433e+00
 1.23195581e+01 3.63803669e+00
 1.27487257e+01 3.50231388e+00
 1.31417738e+01 3.25144845e+00
 1.34946284e+01 2.87720052e+00
 1.37996781e+01 2.37539229e+00
 1.40456335e+01 1.74665312e+00
 1.42180675e+01 9.97085204e-01
 1.43010153e+01 1.38263995e-01
 1.42790364e+01 -8.14133171e-01
 1.41386846e+01 -1.84291338e+00
 1.38689947e+01 -2.93210003e+00
 1.34615790e+01 -4.06865123e+00
 1.29109868e+01 -5.24276804e+00
 1.22152268e+01 -6.44723004e+00
 1.13760125e+01 -7.67623888e+00
 1.03986826e+01 -8.92379153e+00
 9.29206883e+00 -1.01816982e+01
 8.06841808e+00 -1.14379575e+01
 6.74326200e+00 -1.26762632e+01
 5.33519440e+00 -1.38767878e+01
 3.86555408e+00 -1.50178505e+01
 2.35780503e+00 -1.60779573e+01
 8.36354261e-01 -1.70377279e+01
 -6.74971127e-01 -1.78813336e+01
 -2.15408499e+00 -1.85972879e+01
 -3.58103272e+00 -1.91786845e+01
 -4.93787565e+00 -1.96231988e+01
 -6.20846589e+00 -1.99330631e+01
 -7.37826670e+00 -2.01145433e+01
 -8.43437077e+00 -2.01762346e+01
 -9.36586669e+00 -2.01268686e+01
 -1.01645342e+01 -1.99746749e+01
 -1.08261791e+01 -1.97292769e+01
 -1.13536036e+01 -1.94048020e+01
 -1.17612516e+01 -1.90219362e+01
 -1.20780429e+01 -1.86068260e+01
 -1.23429363e+01 -1.81857467e+01
 -1.25928088e+01 -1.77776177e+01
 -1.28507324e+01 -1.73895625e+01
 -1.31234187e+01 -1.70188436e+01
 -1.34075696e+01 -1.66587858e+01
 -1.36977182e+01 -1.63036786e+01
 -1.39901763e+01 -1.59503437e+01
 -1.42833094e+01 -1.55975020e+01
 -1.45765943e+01 -1.52447676e+01
 -1.48699057e+01 -1.48920513e+01
 -1.51632205e+01 -1.45393375e+01
 -1.54565354e+01 -1.41866244e+01
 -1.57498464e+01 -1.38339160e+01
 -1.60431280e+01 -1.34812429e+01
 -1.63362350e+01 -1.31287798e+01
 -1.66285264e+01 -1.27772974e+01
 -1.69178235e+01 -1.24294157e+01
 -1.71984666e+01 -1.20919405e+01
 -1.74593897e+01 -1.17781789e+01
 -1.76848372e+01 -1.15070767e+01
 -1.78598488e+01 -1.12966241e+01
 -1.78598488e+01 -1.12966241e+01
 -1.78598488e+01 -1.12966241e+01
 -1.78598488e+01 -1.12966241e+01
 -1.78598488e+01 -1.12966241e+01
 -1.78598488e+01 -1.12966241e+01
 -1.78598488e+01 -1.12966241e+01
 -1.78598488e+01 -1.12966241e+01
 -1.78598488e+01 -1.12966241e+01
 -1.78598488e+01 -1.12966241e+01
 -1.78598488e+01 -1.12966241e+01
 -1.78598488e+01 -1.12966241e+01
 -1.78598488e+01 -1.12966241e+01
 -1.78598488e+01 -1.12966241e+01
 -1.78598488e+01 -1.12966241e+01
 -1.78598488e+01 -1.12966241e+01
 -1.78598488e+01 -1.12966241e+01
 -1.78598488e+01 -1.12966241e+01
 -1.78598488e+01 -1.12966241e+01
 -1.78598488e+01 -1.12966241e+01
 -1.78598488e+01 -1.12966241e+01
 -1.78598488e+01 -1.12966241e+01
 -1.78598488e+01 -1.12966241e+01
 -1.78598488e+01 -1.12966241e+01
 -1.78598488e+01 -1.12966241e+01
 -1.78598488e+01 -1.12966241e+01
 -1.78598488e+01 -1.12966241e+01
 -1.78598488e+01 -1.12966241e+01
 -1.78598488e+01 -1.12966241e+01
 -1.78598488e+01 -1.12966241e+01
 -1.78598488e+01 -1.12966241e+01
 -1.78598488e+01 -1.12966241e+01
 -1.78598488e+01 -1.12966241e+01
 -1.78598488e+01 -1.12966241e+01
 -1.78598488e+01 -1.12966241e+01
 -1.78598488e+01 -1.12966241e+01
 -1.78598488e+01 -1.12966241e+01
