 0.00000000e+00 0.00000000e+00
 0.00000000e+00 0.00000000e+00
 0.00000000e+00 0.00000000e+00
 0.00000000e+00 0.00000000e+00
 -2.23592854e-01 -2.39886705e-01
 -5.37605198e-01 -6.03510361e-01
 -9.38145124e-01 -1.10800240e+00
 -1.41287172e+00 -1.76268199e+00
 -1.94463791e+00 -2.56977453e+00
 -2.51407068e+00 -3.52408391e+00
 -3.10182887e+00 -4.61268158e+00
 -3.69099399e+00 -5.81643339e+00
 -4.26892734e+00 -7.11374264e+00
 -4.82794906e+00 -8.48493682e+00
 -5.36509702e+00 -9.91514436e+00
 -5.88169054e+00 -1.13948807e+01
 -6.38295152e+00 -1.29193298e+01
 -6.87732128e+00 -1.44875904e+01
 -7.37524083e+00 -1.61020809e+01
 -7.88779125e+00 -1.77674298e+01
 -8.42588919e+00 -1.94884677e+01
 -9.00034891e+00 -2.12678639e+01
 -9.62232112e+00 -2.31043171e+01
 -1.03031671e+01 -2.49915856e+01
 -1.10534167e+01 -2.69179912e+01
 -1.18814729e+01 -2.88663480e+01
 -1.27927612e+01 -3.08148263e+01
 -1.37891256e+01 -3.27387788e+01
 -1.48678201e+01 -3.46126092e+01
 -1.60200197e+01 -3.64109636e+01
 -1.72295750e+01 -3.81096441e+01
 -1.84728753e+01 -3.96869026e+01
 -1.97200867e+01 -4.11248759e+01
 -2.09374038e+01 -4.24103424e+01
 -2.20898491e+01 -4.35344908e+01
 -2.31443113e+01 -4.44922104e+01
 -2.40725697e+01 -4.52815264e+01
 -2.48539825e+01 -4.59030847e+01
 -2.54772858e+01 -4.63589978e+01
 -2.59407137e+01 -4.66508870e+01
 -2.62502164e+01 -4.67781297e+01
 -2.64167778e+01 -4.67375683e+01
 -2.64540812e+01 -4.65247566e+01
 -2.63766212e+01 -4.61354659e+01
 -2.61976589e+01 -4.55661868e+01
 -2.59271845e+01 -4.48137696e+01
 -2.55707886e+01 -4.38755389e+01
 -2.51298326e+01 -4.27507365e+01
 -2.46024504e+01 -4.14424565e+01
 -2.39848098e+01 -3.99584698e+01
 -2.32724635e+01 -3.83105470e+01
 -2.24618624e+01 -3.65135193e+01
 -2.15518666e+01 -3.45854525e+01
 -2.05446826e+01 -3.25490636e+01
 -1.94458596e+01 -3.04331847e+01
 -1.82638802e+01 -2.82727384e+01
 -1.70102364e+01 -2.61066425e+01
 -1.56998696e+01 -2.39744609e+01
 -1.43506966e+01 -2.19130575e+01
 -1.29813660e+01 -1.99538648e+01
 -1.16081823e+01 -1.81207827e+01
 -1.02432159e+01 -1.64287922e+01
 -8.89462917e+00 -1.48836230e+01
 -7.56821916e+00 -1.34826635e+01
 -6.26838878e+00 -1.22168459e+01
 -4.99797611e+00 -1.10730236e+01
 -3.75797428e+00 -1.00364983e+01
 -2.54830370e+00 -9.09347937e+00
 -1.36964755e+00 -8.23313410e+00
 -2.25399314e-01 -7.44878318e+00
 8.77372593e-01 -6.73804513e+00
 1.92862725e+00 -6.10210758e+00
 2.91764647e+00 -5.54447014e+00
 3.83611184e+00 -5.06956986e+00
 4.68093357e+00 -4.68171586e+00
 5.45599191e+00 -4.38444645e+00
 6.17231478e+00 -4.17992391e+00
 6.84680384e+00 -4.06795572e+00
 7.50002321e+00 -4.04484443e+00
 8.15336543e+00 -4.10282534e+00
 8.82570154e+00 -4.23063029e+00
 9.52994018e+00 -4.41487297e+00
 1.02703358e+01 -4.64140849e+00
 1.10414477e+01 -4.89616743e+00
 1.18292105e+01 -5.16564474e+00
 1.26135998e+01 -5.43736856e+00
 1.33716671e+01 -5.70037112e+00
 1.40801852e+01 -5.94556937e+00
 1.47180564e+01 -6.16613898e+00
 1.52684599e+01 -6.35809822e+00
 1.57197619e+01 -6.52121153e+00
 1.60642310e+01 -6.65999225e+00
 1.62949751e+01 -6.78424909e+00
 1.64027874e+01 -6.90863240e+00
 1.63745930e+01 -7.05107361e+00
 1.61941085e+01 -7.23051524e+00
 1.58439914e+01 -7.46448922e+00
 1.53080668e+01 -7.76692641e+00
 1.45728126e+01 -8.14647870e+00
 1.36284057e+01 -8.60571617e+00
 1.24698488e+01 -9.14145672e+00
 1.10980797e+01 -9.74614276e+00
 9.52076151e+00 -1.04099203e+01
 7.75273233e+00 -1.11228908e+01
 5.81607390e+00 -1.18768294e+01
 3.73960072e+00 -1.26657375e+01
 1.55792903e+00 -1.34849912e+01
 -6.89166811e-01 -1.43293477e+01
 -2.95654955e+00 -1.51905087e+01
 -5.19315292e+00 -1.60551680e+01
 -7.34269501e+00 -1.69043908e+01
 -9.34729295e+00 -1.77147753e+01
 -1.11538954e+01 -1.84612193e+01
 -1.27212075e+01 -1.91204192e+01
 -1.40239583e+01 -1.96738070e+01
 -1.50528674e+01 -2.01088929e+01
 -1.58114135e+01 -2.04189540e+01
 -1.63123315e+01 -2.06020285e+01
 -1.65765827e+01 -2.06606902e+01
 -1.66356622e+01 -2.06039842e+01
 -1.65348696e+01 -2.04511878e+01
 -1.63319617e+01 -2.02334316e+01
 -1.60868130e+01 -1.99880904e+01
 -1.58456430e+01 -1.97468340e+01
 -1.56307295e+01 -1.95259308e+01
 -1.54429721e+01 -1.93261950e+01
 -1.52731422e+01 -1.91406010e+01
 -1.51119554e+01 -1.89619002e+01
 -1.49539352e+01 -1.87857483e+01
 -1.47968103e+01 -1.86103226e+01
 -1.46398821e+01 -1.84350573e+01
 -1.44829875e+01 -1.82598197e+01
 -1.43260974e+01 -1.80845858e+01
 -1.41692080e+01 -1.79093525e+01
 -1.40123207e+01 -1.77341216e+01
 -1.38554491e+01 -1.75589082e+01
 -1.36986710e+01 -1.73837992e+01
 -1.35423291e+01 -1.72091774e+01
 -1.33875887e+01 -1.70363444e+01
 -1.32374773e+01 -1.68686816e+01
 -1.30979138e+01 -1.67128000e+01
 -1.29773256e+01 -1.65781123e+01
 -1.28837148e+01 -1.64735562e+01
 -1.28837148e+01 -1.64735562e+01
 -1.28837148e+01 -1.64735562e+01
 -1.28837148e+01 -1.64735562e+01
 -1.28837148e+01 -1.64735562e+01
 -1.28837148e+01 -1.64735562e+01
 -1.28837148e+01 -1.64735562e+01
 -1.28837148e+01 -1.64735562e+01
 -1.28837148e+01 -1.64735562e+01
 -1.28837148e+01 -1.64735562e+01
 -1.28837148e+01 -1.64735562e+01
 -1.28837148e+01 -1.64735562e+01
 -1.28837148e+01 -1.64735562e+01
 -1.28837148e+01 -1.64735562e+01
 -1.28837148e+01 -1.64735562e+01
 -1.28837148e+01 -1.64735562e+01
 -1.28837148e+01 -1.64735562e+01
 -1.28837148e+01 -1.64735562e+01
 -1.28837148e+01 -1.64735562e+01
 -1.28837148e+01 -1.64735562e+01
 -1.28837148e+01 -1.64735562e+01
 -1.28837148e+01 -1.64735562e+01
 -1.28837148e+01 -1.64735562e+01
 -1.28837148e+01 -1.64735562e+01
 -1.28837148e+01 -1.64735562e+01
 -1.28837148e+01 -1.64735562e+01
 -1.28837148e+01 -1.64735562e+01
 -1.28837148e+01 -1.64735562e+01
 -1.28837148e+01 -1.64735562e+01
 -1.28837148e+01 -1.64735562e+01
 -1.28837148e+01 -1.64735562e+01
 -1.28837148e+01 -1.64735562e+01
 -1.28837148e+01 -1.64735562e+01
 -1.28837148e+01 -1.64735562e+01
 -1.28837148e+01 -1.64735562e+01
