 0.00000000e+00 0.00000000e+00
 0.00000000e+00 0.00000000e+00
 0.00000000e+00 0.00000000e+00
 0.00000000e+00 0.00000000e+00
 0.00000000e+00 0.00000000e+00
 0.00000000e+00 0.00000000e+00
 0.00000000e+00 0.00000000e+00
 0.00000000e+00 0.00000000e+00
 0.00000000e+00 0.00000000e+00
 0.00000000e+00 0.00000000e+00
 -5.82305302e-04 -1.82649915e-02
 -2.89485096e-03 -4.35640323e-02
 -1.03303451e-02 -8.00871807e-02
 -2.99372966e-02 -1.40874887e-01
 -7.30949563e-02 -2.50771720e-01
 -1.54281233e-01 -4.44798057e-01
 -2.88695479e-01 -7.63473425e-01
 -4.90979187e-01 -1.24801696e+00
 -7.75802912e-01 -1.93683460e+00
 -1.15830533e+00 -2.86277576e+00
 -1.65236466e+00 -4.04993356e+00
 -2.26745593e+00 -5.50954806e+00
 -3.00655588e+00 -7.23635675e+00
 -3.86643969e+00 -9.20782781e+00
 -4.83964670e+00 -1.13874697e+01
 -5.91652119e+00 -1.37306205e+01
 -7.08629692e+00 -1.61895365e+01
 -8.33718670e+00 -1.87157697e+01
 -9.65598926e+00 -2.12604958e+01
 -1.10277003e+01 -2.37750351e+01
 -1.24352146e+01 -2.62128276e+01
 -1.38587021e+01 -2.85318321e+01
 -1.52743384e+01 -3.06955727e+01
 -1.66531731e+01 -3.26726065e+01
 -1.79618131e+01 -3.44358927e+01
 -1.91657809e+01 -3.59634561e+01
 -2.02343908e+01 -3.72401377e+01
 -2.11447279e+01 -3.82586813e+01
 -2.18830167e+01 -3.90185745e+01
 -2.24437583e+01 -3.95232090e+01
 -2.28283995e+01 -3.97777970e+01
 -2.30444846e+01 -3.97897085e+01
 -2.31044944e+01 -3.95701973e+01
 -2.30234080e+01 -3.91350405e+01
 -2.28155072e+01 -3.85030263e+01
 -2.24919841e+01 -3.76935494e+01
 -2.20603613e+01 -3.67250011e+01
 -2.15254306e+01 -3.56141814e+01
 -2.08906285e+01 -3.43757310e+01
 -2.01589121e+01 -3.30207279e+01
 -1.93327711e+01 -3.15546606e+01
 -1.84134868e+01 -2.99760470e+01
 -1.74002456e+01 -2.82772268e+01
 -1.62901146e+01 -2.64480294e+01
 -1.50795291e+01 -2.44815141e+01
 -1.37669179e+01 -2.23797366e+01
 -1.23554365e+01 -2.01574591e+01
 -1.08549581e+01 -1.78429274e+01
 -9.28299744e+00 -1.54761452e+01
 -7.66457306e+00 -1.31055898e+01
 -6.03100329e+00 -1.07841091e+01
 -4.41746004e+00 -8.56427312e+00
 -2.85938546e+00 -6.49333414e+00
 -1.38865631e+00 -4.60861886e+00
 -3.07041045e-02 -2.93469402e+00
 1.19682641e+00 -1.48296351e+00
 2.28408395e+00 -2.53139617e-01
 3.22817498e+00 7.64403173e-01
 4.03197317e+00 1.58598068e+00
 4.70302679e+00 2.23187099e+00
 5.25290607e+00 2.72388601e+00
 5.69706365e+00 3.08384565e+00
 6.05488879e+00 3.33297782e+00
 6.34935277e+00 3.49118829e+00
 6.60577619e+00 3.57520510e+00
 6.84974932e+00 3.59657269e+00
 7.10467572e+00 3.56199456e+00
 7.38958585e+00 3.47653631e+00
 7.71787920e+00 3.34670641e+00
 8.09739588e+00 3.18070282e+00
 8.53159409e+00 2.98676618e+00
 9.02102975e+00 2.77213704e+00
 9.56437805e+00 2.54325279e+00
 1.01588938e+01 2.30605595e+00
 1.08007127e+01 2.06547828e+00
 1.14850416e+01 1.82425853e+00
 1.22055444e+01 1.58194465e+00
 1.29524750e+01 1.33471705e+00
 1.37104941e+01 1.07590973e+00
 1.44578093e+01 7.96670748e-01
 1.51671530e+01 4.86475833e-01
 1.58076929e+01 1.33719039e-01
 1.63469701e+01 -2.73264311e-01
 1.67528365e+01 -7.44694851e-01
 1.69957826e+01 -1.28768493e+00
 1.70517681e+01 -1.90487134e+00
 1.69050654e+01 -2.59370152e+00
 1.65502207e+01 -3.34646989e+00
 1.59925407e+01 -4.15093765e+00
 1.52472667e+01 -4.99130451e+00
 1.43379767e+01 -5.84945874e+00
 1.32946574e+01 -6.70653516e+00
 1.21517155e+01 -7.54461342e+00
 1.09458757e+01 -8.34810166e+00
 9.71346412e+00 -9.10442789e+00
 8.48679642e+00 -9.80413980e+00
 7.29049850e+00 -1.04408831e+01
 6.13938483e+00 -1.10115315e+01
 5.03890236e+00 -1.15162532e+01
 3.98761938e+00 -1.19582002e+01
 2.98027784e+00 -1.23428329e+01
 2.01037868e+00 -1.26770438e+01
 1.07247769e+00 -1.29680614e+01
 1.64888736e-01 -1.32220825e+01
 -7.07464511e-01 -1.34429059e+01
 -1.53178508e+00 -1.36310517e+01
 -2.28934426e+00 -1.37835914e+01
 -2.96011458e+00 -1.38946403e+01
 -3.52811995e+00 -1.39568165e+01
 -3.98656496e+00 -1.39645024e+01
 -4.34261734e+00 -1.39188805e+01
 -4.61939730e+00 -1.38318339e+01
 -4.85086704e+00 -1.37240357e+01
 -5.06981205e+00 -1.36164612e+01
 -5.29667594e+00 -1.35215496e+01
 -5.53717555e+00 -1.34410651e+01
 -5.78811741e+00 -1.33706118e+01
 -6.04448150e+00 -1.33051562e+01
 -6.30292287e+00 -1.32415721e+01
 -6.56196907e+00 -1.31785250e+01
 -6.82115086e+00 -1.31155971e+01
 -7.08035619e+00 -1.30526897e+01
 -7.33956467e+00 -1.29897851e+01
 -7.59877313e+00 -1.29268808e+01
 -7.85797820e+00 -1.28639774e+01
 -8.11715733e+00 -1.28010803e+01
 -8.37618213e+00 -1.27382206e+01
 -8.63448615e+00 -1.26755359e+01
 -8.89014409e+00 -1.26134933e+01
 -9.13815427e+00 -1.25533066e+01
 -9.36873743e+00 -1.24973491e+01
 -9.56797014e+00 -1.24489997e+01
 -9.72263153e+00 -1.24114667e+01
 -9.72263153e+00 -1.24114667e+01
 -9.72263153e+00 -1.24114667e+01
 -9.72263153e+00 -1.24114667e+01
 -9.72263153e+00 -1.24114667e+01
 -9.72263153e+00 -1.24114667e+01
 -9.72263153e+00 -1.24114667e+01
 -9.72263153e+00 -1.24114667e+01
 -9.72263153e+00 -1.24114667e+01
 -9.72263153e+00 -1.24114667e+01
 -9.72263153e+00 -1.24114667e+01
 -9.72263153e+00 -1.24114667e+01
 -9.72263153e+00 -1.24114667e+01
 -9.72263153e+00 -1.24114667e+01
 -9.72263153e+00 -1.24114667e+01
 -9.72263153e+00 -1.24114667e+01
 -9.72263153e+00 -1.24114667e+01
 -9.72263153e+00 -1.24114667e+01
 -9.72263153e+00 -1.24114667e+01
 -9.72263153e+00 -1.24114667e+01
 -9.72263153e+00 -1.24114667e+01
 -9.72263153e+00 -1.24114667e+01
 -9.72263153e+00 -1.24114667e+01
 -9.72263153e+00 -1.24114667e+01
 -9.72263153e+00 -1.24114667e+01
 -9.72263153e+00 -1.24114667e+01
 -9.72263153e+00 -1.24114667e+01
 -9.72263153e+00 -1.24114667e+01
 -9.72263153e+00 -1.24114667e+01
 -9.72263153e+00 -1.24114667e+01
 -9.72263153e+00 -1.24114667e+01
 -9.72263153e+00 -1.24114667e+01
 -9.72263153e+00 -1.24114667e+01
 -9.72263153e+00 -1.24114667e+01
 -9.72263153e+00 -1.24114667e+01
