 0.00000000e+00 0.00000000e+00
 0.00000000e+00 0.00000000e+00
 0.00000000e+00 0.00000000e+00
 0.00000000e+00 0.00000000e+00
 0.00000000e+00 0.00000000e+00
 0.00000000e+00 0.00000000e+00
 0.00000000e+00 0.00000000e+00
 0.00000000e+00 0.00000000e+00
 -3.83637692e-02 2.72450438e-02
 -1.13049341e-01 1.88202992e-02
 -2.37350503e-01 -5.54323858e-02
 -4.16916332e-01 -2.19166098e-01
 -6.46128876e-01 -4.85909114e-01
 -9.10581244e-01 -8.61783247e-01
 -1.19449802e+00 -1.35029230e+00
 -1.48807693e+00 -1.95551833e+00
 -1.79050775e+00 -2.68301317e+00
 -2.10865619e+00 -3.53934639e+00
 -2.45423802e+00 -4.53152451e+00
 -2.84157920e+00 -5.66693567e+00
 -3.28613534e+00 -6.95336859e+00
 -3.80330323e+00 -8.39813684e+00
 -4.40728573e+00 -1.00060728e+01
 -5.10971138e+00 -1.17770590e+01
 -5.91773080e+00 -1.37038724e+01
 -6.83200473e+00 -1.57708163e+01
 -7.84560013e+00 -1.79534042e+01
 -8.94443494e+00 -2.02191684e+01
 -1.01090085e+01 -2.25294075e+01
 -1.13166406e+01 -2.48415283e+01
 -1.25434648e+01 -2.71117688e+01
 -1.37656550e+01 -2.92981723e+01
 -1.49597208e+01 -3.13632923e+01
 -1.61022851e+01 -3.32757683e+01
 -1.71702682e+01 -3.50104577e+01
 -1.81421297e+01 -3.65478604e+01
 -1.89998335e+01 -3.78740427e+01
 -1.97305462e+01 -3.89815509e+01
 -2.03273517e+01 -3.98703611e+01
 -2.07891415e+01 -4.05472810e+01
 -2.11204540e+01 -4.10234887e+01
 -2.13313643e+01 -4.13116292e+01
 -2.14362530e+01 -4.14239633e+01
 -2.14509936e+01 -4.13717049e+01
 -2.13904997e+01 -4.11646741e+01
 -2.12683277e+01 -4.08105555e+01
 -2.10968253e+01 -4.03139534e+01
 -2.08857069e+01 -3.96762421e+01
 -2.06399769e+01 -3.88969261e+01
 -2.03592996e+01 -3.79757616e+01
 -2.00387167e+01 -3.69138290e+01
 -1.96692131e+01 -3.57126158e+01
 -1.92378541e+01 -3.43721775e+01
 -1.87286385e+01 -3.28903041e+01
 -1.81247917e+01 -3.12636425e+01
 -1.74116812e+01 -2.94903628e+01
 -1.65789322e+01 -2.75733431e+01
 -1.56213415e+01 -2.55228345e+01
 -1.45394525e+01 -2.33579480e+01
 -1.33406699e+01 -2.11070006e+01
 -1.20406302e+01 -1.88071892e+01
 -1.06635572e+01 -1.65036950e+01
 -9.24072222e+00 -1.42476451e+01
 -7.80748755e+00 -1.20922468e+01
 -6.40012213e+00 -1.00872862e+01
 -5.05302831e+00 -8.27347561e+00
 -3.79627041e+00 -6.67859530e+00
 -2.65315825e+00 -5.31623291e+00
 -1.63798595e+00 -4.18628724e+00
 -7.54531807e-01 -3.27617053e+00
 3.89720031e-03 -2.56280787e+00
 6.52705837e-01 -2.01603941e+00
 1.21331480e+00 -1.60299840e+00
 1.71058587e+00 -1.29206998e+00
 2.17086646e+00 -1.05546053e+00
 2.62050742e+00 -8.70472063e-01
 3.08454177e+00 -7.20108990e-01
 3.58540352e+00 -5.93426678e-01
 4.14171549e+00 -4.85481684e-01
 4.76718966e+00 -3.96530700e-01
 5.46983192e+00 -3.30604511e-01
 6.25190132e+00 -2.94131812e-01
 7.11086479e+00 -2.95026519e-01
 8.04073669e+00 -3.41846250e-01
 9.03262587e+00 -4.42437237e-01
 1.00739740e+01 -6.02239060e-01
 1.11472435e+01 -8.23094274e-01
 1.22291726e+01 -1.10310745e+00
 1.32909837e+01 -1.43730349e+00
 1.42993642e+01 -1.81855142e+00
 1.52180556e+01 -2.23867072e+00
 1.60097783e+01 -2.69007406e+00
 1.66380238e+01 -3.16789256e+00
 1.70686213e+01 -3.67160171e+00
 1.72715775e+01 -4.20504660e+00
 1.72235079e+01 -4.77489943e+00
 1.69100063e+01 -5.38873927e+00
 1.63267190e+01 -6.05385747e+00
 1.54786123e+01 -6.77682121e+00
 1.43782506e+01 -7.56306896e+00
 1.30443658e+01 -8.41608964e+00
 1.15012796e+01 -9.33648250e+00
 9.77893221e+00 -1.03214408e+01
 7.91326782e+00 -1.13646944e+01
 5.94696785e+00 -1.24563203e+01
 3.92997341e+00 -1.35819961e+01
 1.91842639e+00 -1.47221895e+01
 -2.87851016e-02 -1.58522288e+01
 -1.85497116e+00 -1.69436368e+01
 -3.51038360e+00 -1.79664978e+01
 -4.95598972e+00 -1.88925851e+01
 -6.16657373e+00 -1.96988927e+01
 -7.13322227e+00 -2.03707225e+01
 -7.86408679e+00 -2.09032071e+01
 -8.38184611e+00 -2.13006251e+01
 -8.71766819e+00 -2.15737841e+01
 -8.90387054e+00 -2.17365466e+01
 -8.96880900e+00 -2.18030723e+01
 -8.93657654e+00 -2.17873985e+01
 -8.83087971e+00 -2.17057826e+01
 -8.67852370e+00 -2.15793059e+01
 -8.50747192e+00 -2.14324058e+01
 -8.33989752e+00 -2.12863528e+01
 -8.18656099e+00 -2.11527728e+01
 -8.04759119e+00 -2.10329522e+01
 -7.91803922e+00 -2.09225655e+01
 -7.79301227e+00 -2.08168473e+01
 -7.66963956e+00 -2.07128720e+01
 -7.54673384e+00 -2.06093963e+01
 -7.42393057e+00 -2.05060315e+01
 -7.30114482e+00 -2.04026858e+01
 -7.17836142e+00 -2.02993427e+01
 -7.05557843e+00 -2.01960000e+01
 -6.93279707e+00 -2.00926587e+01
 -6.81002801e+00 -1.99893277e+01
 -6.68733206e+00 -1.98860582e+01
 -6.56497752e+00 -1.97830762e+01
 -6.44387639e+00 -1.96811490e+01
 -6.32639788e+00 -1.95822709e+01
 -6.21717428e+00 -1.94903408e+01
 -6.12280089e+00 -1.94109096e+01
 -6.04954024e+00 -1.93492483e+01
 -6.04954024e+00 -1.93492483e+01
 -6.04954024e+00 -1.93492483e+01
 -6.04954024e+00 -1.93492483e+01
 -6.04954024e+00 -1.93492483e+01
 -6.04954024e+00 -1.93492483e+01
 -6.04954024e+00 -1.93492483e+01
 -6.04954024e+00 -1.93492483e+01
 -6.04954024e+00 -1.93492483e+01
 -6.04954024e+00 -1.93492483e+01
 -6.04954024e+00 -1.93492483e+01
 -6.04954024e+00 -1.93492483e+01
 -6.04954024e+00 -1.93492483e+01
 -6.04954024e+00 -1.93492483e+01
 -6.04954024e+00 -1.93492483e+01
 -6.04954024e+00 -1.93492483e+01
 -6.04954024e+00 -1.93492483e+01
 -6.04954024e+00 -1.93492483e+01
 -6.04954024e+00 -1.93492483e+01
 -6.04954024e+00 -1.93492483e+01
 -6.04954024e+00 -1.93492483e+01
 -6.04954024e+00 -1.93492483e+01
 -6.04954024e+00 -1.93492483e+01
 -6.04954024e+00 -1.93492483e+01
 -6.04954024e+00 -1.93492483e+01
 -6.04954024e+00 -1.93492483e+01
 -6.04954024e+00 -1.93492483e+01
 -6.04954024e+00 -1.93492483e+01
 -6.04954024e+00 -1.93492483e+01
 -6.04954024e+00 -1.93492483e+01
 -6.04954024e+00 -1.93492483e+01
 -6.04954024e+00 -1.93492483e+01
 -6.04954024e+00 -1.93492483e+01
 -6.04954024e+00 -1.93492483e+01
 -6.04954024e+00 -1.93492483e+01
 -6.04954024e+00 -1.93492483e+01
