 0.00000000e+00 0.00000000e+00
 0.00000000e+00 0.00000000e+00
 0.00000000e+00 0.00000000e+00
 0.00000000e+00 0.00000000e+00
 0.00000000e+00 0.00000000e+00
 0.00000000e+00 0.00000000e+00
 0.00000000e+00 0.00000000e+00
 0.00000000e+00 0.00000000e+00
 0.00000000e+00 0.00000000e+00
 0.00000000e+00 0.00000000e+00
 -2.01445495e-02 1.19273907e-01
 -6.43406500e-02 2.18632497e-01
 -1.46614730e-01 2.46940075e-01
 -2.79904989e-01 1.54886749e-01
 -4.73350900e-01 -9.48621733e-02
 -7.32244857e-01 -5.25824652e-01
 -1.05961638e+00 -1.15131165e+00
 -1.45733078e+00 -1.97852852e+00
 -1.92606885e+00 -3.01005865e+00
 -2.46509601e+00 -4.24283238e+00
 -3.07272758e+00 -5.66674212e+00
 -3.74745128e+00 -7.26477126e+00
 -4.48895669e+00 -9.01490421e+00
 -5.29843990e+00 -1.08928875e+01
 -6.17818720e+00 -1.28746256e+01
 -7.13081108e+00 -1.49373425e+01
 -8.15832884e+00 -1.70593860e+01
 -9.26103400e+00 -1.92192621e+01
 -1.04362504e+01 -2.13947765e+01
 -1.16773024e+01 -2.35629790e+01
 -1.29728825e+01 -2.57008796e+01
 -1.43065604e+01 -2.77859741e+01
 -1.56561494e+01 -2.97956341e+01
 -1.69933160e+01 -3.17056666e+01
 -1.82844806e+01 -3.34894697e+01
 -1.94937142e+01 -3.51190803e+01
 -2.05870325e+01 -3.65682234e+01
 -2.15364207e+01 -3.78160958e+01
 -2.23222509e+01 -3.88499775e+01
 -2.29342235e+01 -3.96654273e+01
 -2.33718027e+01 -4.02642525e+01
 -2.36440958e+01 -4.06515469e+01
 -2.37677947e+01 -4.08333443e+01
 -2.37628094e+01 -4.08157531e+01
 -2.36477810e+01 -4.06049035e+01
 -2.34379345e+01 -4.02060135e+01
 -2.31451329e+01 -3.96211292e+01
 -2.27781626e+01 -3.88473898e+01
 -2.23420743e+01 -3.78777948e+01
 -2.18369221e+01 -3.67041554e+01
 -2.12569173e+01 -3.53201911e+01
 -2.05910246e+01 -3.37233238e+01
 -1.98254561e+01 -3.19154524e+01
 -1.89474225e+01 -2.99040349e+01
 -1.79487780e+01 -2.77044510e+01
 -1.68286697e+01 -2.53432113e+01
 -1.55953000e+01 -2.28601663e+01
 -1.42670842e+01 -2.03077500e+01
 -1.28727050e+01 -1.77468498e+01
 -1.14491730e+01 -1.52408301e+01
 -1.00377646e+01 -1.28498235e+01
 -8.67886533e+00 -1.06263948e+01
 -7.40718101e+00 -8.61227592e+00
 -6.24827107e+00 -6.83545238e+00
 -5.21665459e+00 -5.30782575e+00
 -4.31534949e+00 -4.02478943e+00
 -3.53648356e+00 -2.96762829e+00
 -2.86242126e+00 -2.10787577e+00
 -2.26694258e+00 -1.41165319e+00
 -1.71656203e+00 -8.42681467e-01
 -1.17274307e+00 -3.64116649e-01
 -5.95750277e-01 5.97873648e-02
 5.01832629e-02 4.61426957e-01
 7.91969157e-01 8.67150742e-01
 1.64476714e+00 1.29494338e+00
 2.61143909e+00 1.75323735e+00
 3.68328343e+00 2.24099693e+00
 4.84111953e+00 2.74866674e+00
 6.05717018e+00 3.25952490e+00
 7.29865461e+00 3.75148746e+00
 8.53266284e+00 4.19977395e+00
 9.73051002e+00 4.58032976e+00
 1.08700943e+01 4.87301941e+00
 1.19361149e+01 5.06357318e+00
 1.29188103e+01 5.14430075e+00
 1.38119778e+01 5.11443215e+00
 1.46109688e+01 4.98033533e+00
 1.53110806e+01 4.75457044e+00
 1.59063295e+01 4.45299635e+00
 1.63884938e+01 4.09094548e+00
 1.67464786e+01 3.68029647e+00
 1.69661102e+01 3.22821730e+00
 1.70308122e+01 2.73716687e+00
 1.69239998e+01 2.20560439e+00
 1.66329123e+01 1.62926341e+00
 1.61516290e+01 1.00305451e+00
 1.54813786e+01 3.23365537e-01
 1.46289891e+01 -4.09990442e-01
 1.36055625e+01 -1.19289094e+00
 1.24260510e+01 -2.01696153e+00
 1.11092129e+01 -2.86982373e+00
 9.67771129e+00 -3.73528695e+00
 8.15831585e+00 -4.59416515e+00
 6.58159520e+00 -5.42629028e+00
 4.98040048e+00 -6.21313624e+00
 3.38741375e+00 -6.93975482e+00
 1.83294537e+00 -7.59535248e+00
 3.43918134e-01 -8.17294106e+00
 -1.05616856e+00 -8.66878119e+00
 -2.34732311e+00 -9.08180560e+00
 -3.51383951e+00 -9.41286569e+00
 -4.54529247e+00 -9.66388705e+00
 -5.43671307e+00 -9.83720994e+00
 -6.18759883e+00 -9.93515574e+00
 -6.80095345e+00 -9.95997822e+00
 -7.28453740e+00 -9.91525640e+00
 -7.65491397e+00 -9.80952329e+00
 -7.94062088e+00 -9.65971516e+00
 -8.17862961e+00 -9.48946598e+00
 -8.40339849e+00 -9.32105832e+00
 -8.63619887e+00 -9.16711523e+00
 -8.88299267e+00 -9.02899864e+00
 -9.14052071e+00 -8.90176083e+00
 -9.40362516e+00 -8.77992794e+00
 -9.66886608e+00 -8.66012076e+00
 -9.93472900e+00 -8.54089634e+00
 -1.02007313e+01 -8.42180164e+00
 -1.04667578e+01 -8.30272936e+00
 -1.07327876e+01 -8.18366011e+00
 -1.09988173e+01 -8.06459134e+00
 -1.12648436e+01 -7.94552417e+00
 -1.15308432e+01 -7.82646892e+00
 -1.17966845e+01 -7.70748456e+00
 -1.20617860e+01 -7.58883128e+00
 -1.23241717e+01 -7.47139351e+00
 -1.25787085e+01 -7.35746877e+00
 -1.28153596e+01 -7.25154922e+00
 -1.30198353e+01 -7.16003066e+00
 -1.31785667e+01 -7.08898616e+00
 -1.31785667e+01 -7.08898616e+00
 -1.31785667e+01 -7.08898616e+00
 -1.31785667e+01 -7.08898616e+00
 -1.31785667e+01 -7.08898616e+00
 -1.31785667e+01 -7.08898616e+00
 -1.31785667e+01 -7.08898616e+00
 -1.31785667e+01 -7.08898616e+00
 -1.31785667e+01 -7.08898616e+00
 -1.31785667e+01 -7.08898616e+00
 -1.31785667e+01 -7.08898616e+00
 -1.31785667e+01 -7.08898616e+00
 -1.31785667e+01 -7.08898616e+00
 -1.31785667e+01 -7.08898616e+00
 -1.31785667e+01 -7.08898616e+00
 -1.31785667e+01 -7.08898616e+00
 -1.31785667e+01 -7.08898616e+00
 -1.31785667e+01 -7.08898616e+00
 -1.31785667e+01 -7.08898616e+00
 -1.31785667e+01 -7.08898616e+00
 -1.31785667e+01 -7.08898616e+00
 -1.31785667e+01 -7.08898616e+00
 -1.31785667e+01 -7.08898616e+00
 -1.31785667e+01 -7.08898616e+00
 -1.31785667e+01 -7.08898616e+00
 -1.31785667e+01 -7.08898616e+00
 -1.31785667e+01 -7.08898616e+00
 -1.31785667e+01 -7.08898616e+00
 -1.31785667e+01 -7.08898616e+00
 -1.31785667e+01 -7.08898616e+00
 -1.31785667e+01 -7.08898616e+00
 -1.31785667e+01 -7.08898616e+00
 -1.31785667e+01 -7.08898616e+00
 -1.31785667e+01 -7.08898616e+00
 -1.31785667e+01 -7.08898616e+00
 -1.31785667e+01 -7.08898616e+00
 -1.31785667e+01 -7.08898616e+00
 -1.31785667e+01 -7.08898616e+00
 -1.31785667e+01 -7.08898616e+00
