 0.00000000e+00 0.00000000e+00
 0.00000000e+00 0.00000000e+00
 0.00000000e+00 0.00000000e+00
 0.00000000e+00 0.00000000e+00
 -4.22588700e-02 -7.04258527e-03
 -8.69483793e-02 -1.54019281e-02
 -1.24932025e-01 -2.09575887e-02
 -1.48512046e-01 -1.86817826e-02
 -1.54170671e-01 -5.92974393e-03
 -1.43288888e-01 1.56619630e-02
 -1.20738290e-01 4.11524679e-02
 -9.25730600e-02 6.38612550e-02
 -6.49227001e-02 7.43483663e-02
 -4.51171030e-02 5.66413801e-02
 -4.39152039e-02 -1.55900524e-02
 -7.71214296e-02 -1.79743274e-01
 -1.65674534e-01 -4.80135700e-01
 -3.33656226e-01 -9.60278818e-01
 -6.04403162e-01 -1.65559131e+00
 -9.96611057e-01 -2.58988155e+00
 -1.52258081e+00 -3.77539299e+00
 -2.18864698e+00 -5.21381551e+00
 -2.99611020e+00 -6.89646146e+00
 -3.94157955e+00 -8.80421223e+00
 -5.01711107e+00 -1.09090493e+01
 -6.21104306e+00 -1.31777284e+01
 -7.50978143e+00 -1.55759566e+01
 -8.89962462e+00 -1.80706780e+01
 -1.03669893e+01 -2.06292692e+01
 -1.18961628e+01 -2.32164076e+01
 -1.34657219e+01 -2.57909424e+01
 -1.50461274e+01 -2.83052959e+01
 -1.66003307e+01 -3.07083412e+01
 -1.80872232e+01 -3.29504622e+01
 -1.94663182e+01 -3.49885435e+01
 -2.07021376e+01 -3.67894371e+01
 -2.17676890e+01 -3.83318097e+01
 -2.26470207e+01 -3.96069465e+01
 -2.33365932e+01 -4.06186690e+01
 -2.38446972e+01 -4.13816722e+01
 -2.41884918e+01 -4.19175888e+01
 -2.43894877e+01 -4.22494208e+01
 -2.44691848e+01 -4.23964688e+01
 -2.44462889e+01 -4.23717979e+01
 -2.43358259e+01 -4.21822960e+01
 -2.41492433e+01 -4.18296414e+01
 -2.38943643e+01 -4.13112115e+01
 -2.35753246e+01 -4.06217590e+01
 -2.31936051e+01 -3.97564721e+01
 -2.27502177e+01 -3.87142590e+01
 -2.22473059e+01 -3.74996051e+01
 -2.16876237e+01 -3.61225409e+01
 -2.10726238e+01 -3.45973104e+01
 -2.04013261e+01 -3.29405583e+01
 -1.96709350e+01 -3.11697535e+01
 -1.88781204e+01 -2.93023993e+01
 -1.80195216e+01 -2.73562148e+01
 -1.70912479e+01 -2.53499547e+01
 -1.60882896e+01 -2.33042048e+01
 -1.50049757e+01 -2.12416243e+01
 -1.38368175e+01 -1.91865202e+01
 -1.25827063e+01 -1.71639199e+01
 -1.12458904e+01 -1.51983004e+01
 -9.83331709e+00 -1.33119898e+01
 -8.35443194e+00 -1.15233330e+01
 -6.82057461e+00 -9.84507250e+00
 -5.24502324e+00 -8.28355570e+00
 -3.64298964e+00 -6.83903736e+00
 -2.03087855e+00 -5.50690246e+00
 -4.24780354e-01 -4.27935889e+00
 1.16082842e+00 -3.14704998e+00
 2.71299317e+00 -2.10030847e+00
 4.21884953e+00 -1.13028855e+00
 5.66418342e+00 -2.30247137e-01
 7.03310353e+00 6.03268786e-01
 8.30883467e+00 1.36984196e+00
 9.47505726e+00 2.06553184e+00
 1.05173524e+01 2.68426639e+00
 1.14245804e+01 3.22009334e+00
 1.21902292e+01 3.66938704e+00
 1.28137680e+01 4.03169833e+00
 1.33016001e+01 4.30880763e+00
 1.36668782e+01 4.50297654e+00
 1.39279653e+01 4.61560502e+00
 1.41059958e+01 4.64645691e+00
 1.42219859e+01 4.59324153e+00
 1.42940996e+01 4.45205512e+00
 1.43362391e+01 4.21907903e+00
 1.43583743e+01 3.89267379e+00
 1.43672374e+01 3.47465891e+00
 1.43659423e+01 2.97060643e+00
 1.43529732e+01 2.38969340e+00
 1.43222187e+01 1.74431665e+00
 1.42648969e+01 1.04915034e+00
 1.41721595e+01 3.19443523e-01
 1.40359900e+01 -4.30995518e-01
 1.38474980e+01 -1.19125925e+00
 1.35944853e+01 -1.95367811e+00
 1.32608753e+01 -2.71318828e+00
 1.28286229e+01 -3.46637539e+00
 1.22806091e+01 -4.21075435e+00
 1.16026928e+01 -4.94438773e+00
 1.07843571e+01 -5.66564399e+00
 9.81894413e+00 -6.37296084e+00
 8.70479265e+00 -7.06455776e+00
 7.44739106e+00 -7.73791881e+00
 6.06143214e+00 -8.38890767e+00
 4.57169389e+00 -9.01084803e+00
 3.01248779e+00 -9.59431820e+00
 1.42591515e+00 -1.01281123e+01
 -1.41020236e-01 -1.06009912e+01
 -1.64062337e+00 -1.10033252e+01
 -3.02952652e+00 -1.13279018e+01
 -4.27290799e+00 -1.15696536e+01
 -5.34660920e+00 -1.17246173e+01
 -6.23760637e+00 -1.17892270e+01
 -6.94454517e+00 -1.17615756e+01
 -7.47956723e+00 -1.16452869e+01
 -7.87048696e+00 -1.14540622e+01
 -8.15954924e+00 -1.12127642e+01
 -8.39502675e+00 -1.09518373e+01
 -8.61768017e+00 -1.06969462e+01
 -8.85062704e+00 -1.04609331e+01
 -9.09939444e+00 -1.02438293e+01
 -9.35983917e+00 -1.00392347e+01
 -9.62621923e+00 -9.84072228e+00
 -9.89484121e+00 -9.64445859e+00
 -1.01641096e+01 -9.44883599e+00
 -1.04335218e+01 -9.25335518e+00
 -1.07029589e+01 -9.05789879e+00
 -1.09723992e+01 -8.86244569e+00
 -1.12418396e+01 -8.66699319e+00
 -1.15112765e+01 -8.47154331e+00
 -1.17806864e+01 -8.27611298e+00
 -1.20499358e+01 -8.08079903e+00
 -1.23184360e+01 -7.88602857e+00
 -1.25841857e+01 -7.69325335e+00
 -1.28419858e+01 -7.50624481e+00
 -1.30816709e+01 -7.33237688e+00
 -1.32887681e+01 -7.18214829e+00
 -1.34495345e+01 -7.06552808e+00
 -1.34495345e+01 -7.06552808e+00
 -1.34495345e+01 -7.06552808e+00
 -1.34495345e+01 -7.06552808e+00
 -1.34495345e+01 -7.06552808e+00
 -1.34495345e+01 -7.06552808e+00
 -1.34495345e+01 -7.06552808e+00
 -1.34495345e+01 -7.06552808e+00
 -1.34495345e+01 -7.06552808e+00
 -1.34495345e+01 -7.06552808e+00
 -1.34495345e+01 -7.06552808e+00
 -1.34495345e+01 -7.06552808e+00
 -1.34495345e+01 -7.06552808e+00
 -1.34495345e+01 -7.06552808e+00
 -1.34495345e+01 -7.06552808e+00
 -1.34495345e+01 -7.06552808e+00
 -1.34495345e+01 -7.06552808e+00
 -1.34495345e+01 -7.06552808e+00
 -1.34495345e+01 -7.06552808e+00
 -1.34495345e+01 -7.06552808e+00
 -1.34495345e+01 -7.06552808e+00
 -1.34495345e+01 -7.06552808e+00
 -1.34495345e+01 -7.06552808e+00
 -1.34495345e+01 -7.06552808e+00
 -1.34495345e+01 -7.06552808e+00
 -1.34495345e+01 -7.06552808e+00
 -1.34495345e+01 -7.06552808e+00
 -1.34495345e+01 -7.06552808e+00
 -1.34495345e+01 -7.06552808e+00
 -1.34495345e+01 -7.06552808e+00
 -1.34495345e+01 -7.06552808e+00
 -1.34495345e+01 -7.06552808e+00
 -1.34495345e+01 -7.06552808e+00
 -1.34495345e+01 -7.06552808e+00
 -1.34495345e+01 -7.06552808e+00
 -1.34495345e+01 -7.06552808e+00
 -1.34495345e+01 -7.06552808e+00
