 0.00000000e+00 0.00000000e+00
 0.00000000e+00 0.00000000e+00
 0.00000000e+00 0.00000000e+00
 0.00000000e+00 0.00000000e+00
 0.00000000e+00 0.00000000e+00
 0.00000000e+00 0.00000000e+00
 0.00000000e+00 0.00000000e+00
 0.00000000e+00 0.00000000e+00
 0.00000000e+00 0.00000000e+00
 -6.37328986e-02 1.20228978e-01
 -1.67273125e-01 2.76774404e-01
 -3.17829217e-01 4.61138786e-01
 -5.20047684e-01 6.64430457e-01
 -7.78227128e-01 8.80477027e-01
 -1.09795385e+00 1.10578571e+00
 -1.48576021e+00 1.33809922e+00
 -1.94765620e+00 1.57526189e+00
 -2.48828993e+00 1.81457335e+00
 -3.11131957e+00 2.05202142e+00
 -3.82011287e+00 2.28109062e+00
 -4.61787392e+00 2.49146050e+00
 -5.50722071e+00 2.66812900e+00
 -6.48969996e+00 2.79120971e+00
 -7.56549014e+00 2.83634002e+00
 -8.73313530e+00 2.77571288e+00
 -9.98889828e+00 2.57999802e+00
 -1.13254830e+01 2.22137376e+00
 -1.27304567e+01 1.67743543e+00
 -1.41849906e+01 9.35142518e-01
 -1.56630230e+01 -6.36716651e-03
 -1.71305291e+01 -1.13492479e+00
 -1.85453182e+01 -2.42630731e+00
 -1.98587417e+01 -3.84613854e+00
 -2.10200585e+01 -5.35196538e+00
 -2.19823567e+01 -6.89553642e+00
 -2.27080800e+01 -8.42575801e+00
 -2.31729498e+01 -9.89242512e+00
 -2.33679806e+01 -1.12499284e+01
 -2.32995165e+01 -1.24596023e+01
 -2.29872231e+01 -1.34900098e+01
 -2.24601696e+01 -1.43159369e+01
 -2.17516227e+01 -1.49177031e+01
 -2.08937613e+01 -1.52816591e+01
 -1.99137630e+01 -1.54013415e+01
 -1.88322797e+01 -1.52781874e+01
 -1.76643913e+01 -1.49212169e+01
 -1.64220700e+01 -1.43458121e+01
 -1.51165661e+01 -1.35720696e+01
 -1.37595986e+01 -1.26231868e+01
 -1.23634232e+01 -1.15240824e+01
 -1.09404792e+01 -1.03001616e+01
 -9.50298146e+00 -8.97617350e+00
 -8.06255221e+00 -7.57552049e+00
 -6.63034709e+00 -6.12067507e+00
 -5.21829275e+00 -4.63499364e+00
 -3.84125786e+00 -3.14527689e+00
 -2.51885452e+00 -1.68368193e+00
 -1.27538297e+00 -2.87703287e-01
 -1.37579337e-01 1.00215855e+00
 8.68690347e-01 2.14621921e+00
 1.72117763e+00 3.10920560e+00
 2.40261331e+00 3.86212047e+00
 2.90100676e+00 4.38239439e+00
 3.20982132e+00 4.65370797e+00
 3.32857299e+00 4.66639717e+00
 3.26321705e+00 4.41779129e+00
 3.02502817e+00 3.91136831e+00
 2.62769532e+00 3.15472534e+00
 2.08410772e+00 2.15766902e+00
 1.40471198e+00 9.31848054e-01
 5.97959944e-01 -5.08090033e-01
 -3.28181271e-01 -2.14355467e+00
 -1.36512609e+00 -3.95295282e+00
 -2.50382316e+00 -5.91428163e+00
 -3.73582772e+00 -8.00772364e+00
 -5.05388262e+00 -1.02170331e+01
 -6.45070048e+00 -1.25295452e+01
 -7.91619449e+00 -1.49349087e+01
 -9.43492181e+00 -1.74225816e+01
 -1.09853175e+01 -1.99786227e+01
 -1.25407234e+01 -2.25830130e+01
 -1.40711168e+01 -2.52086579e+01
 -1.55448738e+01 -2.78221062e+01
 -1.69308817e+01 -3.03849894e+01
 -1.82012982e+01 -3.28555223e+01
 -1.93343325e+01 -3.51904831e+01
 -2.03160167e+01 -3.73481766e+01
 -2.11405813e+01 -3.92919995e+01
 -2.18098152e+01 -4.09938200e+01
 -2.23319878e+01 -4.24366742e+01
 -2.27207661e+01 -4.36162895e+01
 -2.29941150e+01 -4.45405811e+01
 -2.31724044e+01 -4.52265788e+01
 -2.32750085e+01 -4.56956246e+01
 -2.33166315e+01 -4.59690111e+01
 -2.33062520e+01 -4.60659192e+01
 -2.32494592e+01 -4.60034684e+01
 -2.31510792e+01 -4.57968268e+01
 -2.30150000e+01 -4.54578482e+01
 -2.28419179e+01 -4.49931994e+01
 -2.26278445e+01 -4.44043199e+01
 -2.23645998e+01 -4.36899371e+01
 -2.20411280e+01 -4.28492947e+01
 -2.16441225e+01 -4.18839042e+01
 -2.11580433e+01 -4.07977228e+01
 -2.05659980e+01 -3.95974565e+01
 -1.98524102e+01 -3.82940743e+01
 -1.90066710e+01 -3.69045553e+01
 -1.80259990e+01 -3.54521025e+01
 -1.69163249e+01 -3.39644481e+01
 -1.56914428e+01 -3.24714924e+01
 -1.43716580e+01 -3.10033632e+01
 -1.29828858e+01 -2.95887050e+01
 -1.15560699e+01 -2.82525958e+01
 -1.01261864e+01 -2.70144229e+01
 -8.73047827e+00 -2.58869024e+01
 -7.40611042e+00 -2.48768747e+01
 -6.18744363e+00 -2.39869990e+01
 -5.10285929e+00 -2.32166586e+01
 -4.17086635e+00 -2.25611444e+01
 -3.39532838e+00 -2.20097177e+01
 -2.76106353e+00 -2.15443045e+01
 -2.23375958e+00 -2.11407449e+01
 -1.76827003e+00 -2.07733031e+01
 -1.32333413e+00 -2.04206653e+01
 -8.73585579e-01 -2.00698964e+01
 -4.11132238e-01 -1.97161520e+01
 6.15507337e-02 -1.93593593e+01
 5.39616965e-01 -1.90008462e+01
 1.01975293e+00 -1.86416503e+01
 1.50049168e+00 -1.82822521e+01
 1.98136542e+00 -1.79228079e+01
 2.46226258e+00 -1.75633558e+01
 2.94316283e+00 -1.72039027e+01
 3.42406276e+00 -1.68444499e+01
 3.90495638e+00 -1.64850018e+01
 4.38580187e+00 -1.61255897e+01
 4.86636103e+00 -1.57663916e+01
 5.34558297e+00 -1.54081931e+01
 5.81989573e+00 -1.50536639e+01
 6.28001988e+00 -1.47097402e+01
 6.70781231e+00 -1.43899831e+01
 7.07744142e+00 -1.41137006e+01
 7.36437900e+00 -1.38992267e+01
 7.36437900e+00 -1.38992267e+01
 7.36437900e+00 -1.38992267e+01
 7.36437900e+00 -1.38992267e+01
 7.36437900e+00 -1.38992267e+01
 7.36437900e+00 -1.38992267e+01
 7.36437900e+00 -1.38992267e+01
 7.36437900e+00 -1.38992267e+01
 7.36437900e+00 -1.38992267e+01
 7.36437900e+00 -1.38992267e+01
 7.36437900e+00 -1.38992267e+01
 7.36437900e+00 -1.38992267e+01
 7.36437900e+00 -1.38992267e+01
 7.36437900e+00 -1.38992267e+01
 7.36437900e+00 -1.38992267e+01
 7.36437900e+00 -1.38992267e+01
 7.36437900e+00 -1.38992267e+01
 7.36437900e+00 -1.38992267e+01
 7.36437900e+00 -1.38992267e+01
 7.36437900e+00 -1.38992267e+01
 7.36437900e+00 -1.38992267e+01
 7.36437900e+00 -1.38992267e+01
 7.36437900e+00 -1.38992267e+01
 7.36437900e+00 -1.38992267e+01
 7.36437900e+00 -1.38992267e+01
 7.36437900e+00 -1.38992267e+01
 7.36437900e+00 -1.38992267e+01
 7.36437900e+00 -1.38992267e+01
 7.36437900e+00 -1.38992267e+01
 7.36437900e+00 -1.38992267e+01
 7.36437900e+00 -1.38992267e+01
 7.36437900e+00 -1.38992267e+01
 7.36437900e+00 -1.38992267e+01
 7.36437900e+00 -1.38992267e+01
 7.36437900e+00 -1.38992267e+01
 7.36437900e+00 -1.38992267e+01
 7.36437900e+00 -1.38992267e+01
 7.36437900e+00 -1.38992267e+01
 7.36437900e+00 -1.38992267e+01
 7.36437900e+00 -1.38992267e+01
 7.36437900e+00 -1.38992267e+01
 7.36437900e+00 -1.38992267e+01
 7.36437900e+00 -1.38992267e+01
 7.36437900e+00 -1.38992267e+01
 7.36437900e+00 -1.38992267e+01
 7.36437900e+00 -1.38992267e+01
 7.36437900e+00 -1.38992267e+01
 7.36437900e+00 -1.38992267e+01
 7.36437900e+00 -1.38992267e+01
 7.36437900e+00 -1.38992267e+01
 7.36437900e+00 -1.38992267e+01
 7.36437900e+00 -1.38992267e+01
 7.36437900e+00 -1.38992267e+01
 7.36437900e+00 -1.38992267e+01
 7.36437900e+00 -1.38992267e+01
 7.36437900e+00 -1.38992267e+01
 7.36437900e+00 -1.38992267e+01
 7.36437900e+00 -1.38992267e+01
 7.36437900e+00 -1.38992267e+01
 7.36437900e+00 -1.38992267e+01
 7.36437900e+00 -1.38992267e+01
 7.36437900e+00 -1.38992267e+01
