 0.00000000e+00 0.00000000e+00
 0.00000000e+00 0.00000000e+00
 0.00000000e+00 0.00000000e+00
 0.00000000e+00 0.00000000e+00
 0.00000000e+00 0.00000000e+00
 0.00000000e+00 0.00000000e+00
 0.00000000e+00 0.00000000e+00
 0.00000000e+00 0.00000000e+00
 0.00000000e+00 0.00000000e+00
 -1.04280777e-01 1.36091273e-01
 -2.58223109e-01 3.18189320e-01
 -4.71720629e-01 5.37750924e-01
 -7.56396438e-01 7.82639974e-01
 -1.12585112e+00 1.04030134e+00
 -1.59481380e+00 1.29838777e+00
 -2.17785732e+00 1.54398897e+00
 -2.88763171e+00 1.76307450e+00
 -3.73256167e+00 1.94046272e+00
 -4.71488957e+00 2.05986168e+00
 -5.83023067e+00 2.10403295e+00
 -7.06866582e+00 2.05561949e+00
 -8.41608944e+00 1.89868642e+00
 -9.85468333e+00 1.62034310e+00
 -1.13627941e+01 1.21188007e+00
 -1.29153926e+01 6.69146002e-01
 -1.44856773e+01 -8.14116969e-03
 -1.60471700e+01 -8.18087779e-01
 -1.75753304e+01 -1.75833578e+00
 -1.90484128e+01 -2.82662652e+00
 -2.04478213e+01 -4.02002456e+00
 -2.17580699e+01 -5.33339270e+00
 -2.29662979e+01 -6.75755985e+00
 -2.40615750e+01 -8.27734452e+00
 -2.50344459e+01 -9.86986842e+00
 -2.58768846e+01 -1.15039316e+01
 -2.65824418e+01 -1.31409506e+01
 -2.71462358e+01 -1.47373408e+01
 -2.75645042e+01 -1.62479595e+01
 -2.78338851e+01 -1.76302923e+01
 -2.79513809e+01 -1.88488419e+01
 -2.79158900e+01 -1.98785196e+01
 -2.77305010e+01 -2.07056212e+01
 -2.74033255e+01 -2.13259559e+01
 -2.69458917e+01 -2.17413038e+01
 -2.63706904e+01 -2.19560843e+01
 -2.56897950e+01 -2.19754401e+01
 -2.49145758e+01 -2.18048403e+01
 -2.40555532e+01 -2.14506429e+01
 -2.31222465e+01 -2.09208612e+01
 -2.21234835e+01 -2.02255819e+01
 -2.10680782e+01 -1.93770685e+01
 -1.99651753e+01 -1.83899676e+01
 -1.88238949e+01 -1.72816218e+01
 -1.76527311e+01 -1.60718483e+01
 -1.64593229e+01 -1.47817390e+01
 -1.52506018e+01 -1.34320222e+01
 -1.40329989e+01 -1.20421217e+01
 -1.28128684e+01 -1.06305164e+01
 -1.15976240e+01 -9.21589335e+00
 -1.03974695e+01 -7.81811209e+00
 -9.22670508e+00 -6.45859935e+00
 -8.10368746e+00 -5.16047635e+00
 -7.04958400e+00 -3.94840675e+00
 -6.08665488e+00 -2.84746254e+00
 -5.23621057e+00 -1.88057858e+00
 -4.51585633e+00 -1.06540621e+00
 -3.93633762e+00 -4.12330466e-01
 -3.49942940e+00 7.50511221e-02
 -3.19830295e+00 3.97604442e-01
 -3.02045513e+00 5.58767196e-01
 -2.95172669e+00 5.64628061e-01
 -2.97940172e+00 4.24814090e-01
 -3.09343042e+00 1.51610192e-01
 -3.28664280e+00 -2.43432722e-01
 -3.55528672e+00 -7.53184869e-01
 -3.89957671e+00 -1.37613831e+00
 -4.32275586e+00 -2.11471435e+00
 -4.82854703e+00 -2.97280712e+00
 -5.41871107e+00 -3.95477317e+00
 -6.09209223e+00 -5.06600347e+00
 -6.84497211e+00 -6.31343116e+00
 -7.67188116e+00 -7.70457311e+00
 -8.56629225e+00 -9.24536624e+00
 -9.52103715e+00 -1.09381929e+01
 -1.05285681e+01 -1.27810963e+01
 -1.15811721e+01 -1.47680765e+01
 -1.26710358e+01 -1.68898209e+01
 -1.37901460e+01 -1.91345721e+01
 -1.49303371e+01 -2.14892971e+01
 -1.60837394e+01 -2.39409666e+01
 -1.72432243e+01 -2.64768743e+01
 -1.84018669e+01 -2.90829281e+01
 -1.95509496e+01 -3.17402694e+01
 -2.06775680e+01 -3.44221402e+01
 -2.17637641e+01 -3.70930696e+01
 -2.27880951e+01 -3.97109941e+01
 -2.37287304e+01 -4.22310868e+01
 -2.45664105e+01 -4.46094760e+01
 -2.52863674e+01 -4.68060271e+01
 -2.58795089e+01 -4.87866767e+01
 -2.63436184e+01 -5.05261195e+01
 -2.66847795e+01 -5.20107064e+01
 -2.69180241e+01 -5.32401845e+01
 -2.70654336e+01 -5.42268231e+01
 -2.71512919e+01 -5.49918886e+01
 -2.71966814e+01 -5.55608517e+01
 -2.72165077e+01 -5.59588688e+01
 -2.72196355e+01 -5.62074939e+01
 -2.72110281e+01 -5.63232314e+01
 -2.71945522e+01 -5.63180960e+01
 -2.71747006e+01 -5.62011455e+01
 -2.71556573e+01 -5.59791067e+01
 -2.71383776e+01 -5.56555429e+01
 -2.71183854e+01 -5.52303105e+01
 -2.70861090e+01 -5.47011258e+01
 -2.70292016e+01 -5.40667599e+01
 -2.69349731e+01 -5.33298163e+01
 -2.67913561e+01 -5.24976928e+01
 -2.65863548e+01 -5.15818800e+01
 -2.63074361e+01 -5.05966447e+01
 -2.59421690e+01 -4.95579521e+01
 -2.54799182e+01 -4.84826972e+01
 -2.49134521e+01 -4.73878740e+01
 -2.42395379e+01 -4.62895475e+01
 -2.34583505e+01 -4.52017331e+01
 -2.25722429e+01 -4.41352018e+01
 -2.15845898e+01 -4.30962785e+01
 -2.04989475e+01 -4.20861080e+01
 -1.93185584e+01 -4.11010346e+01
 -1.80466947e+01 -4.01343010e+01
 -1.66886228e+01 -3.91786796e+01
 -1.52552711e+01 -3.82294013e+01
 -1.37673748e+01 -3.72868230e+01
 -1.22579207e+01 -3.63583606e+01
 -1.07710591e+01 -3.54591073e+01
 -9.35740378e+00 -3.46104863e+01
 -8.06765492e+00 -3.38368950e+01
 -6.94711649e+00 -3.31616559e+01
 -6.03243692e+00 -3.26043086e+01
 -5.34992883e+00 -3.21801335e+01
 -4.91398874e+00 -3.19007171e+01
 -4.72539205e+00 -3.17735251e+01
 -4.77098770e+00 -3.17998113e+01
 -5.02595630e+00 -3.19724853e+01
 -5.45755559e+00 -3.22762468e+01
 -6.02811282e+00 -3.26901987e+01
 -6.69641742e+00 -3.31906477e+01
 -7.41906321e+00 -3.37522534e+01
 -8.15427431e+00 -3.43485295e+01
 -8.86896207e+00 -3.49540867e+01
 -9.54590474e+00 -3.55490653e+01
 -1.01855665e+01 -3.61231135e+01
 -1.08000434e+01 -3.66756845e+01
 -1.14032135e+01 -3.72123217e+01
 -1.20040296e+01 -3.77397990e+01
 -1.26057732e+01 -3.82631011e+01
 -1.32086377e+01 -3.87848810e+01
 -1.38120720e+01 -3.93062158e+01
 -1.44156987e+01 -3.98274461e+01
 -1.50193724e+01 -4.03486568e+01
 -1.56230549e+01 -4.08698646e+01
 -1.62267385e+01 -4.13910719e+01
 -1.68304214e+01 -4.19122784e+01
 -1.74340964e+01 -4.24334781e+01
 -1.80377109e+01 -4.29546257e+01
 -1.86409660e+01 -4.34754629e+01
 -1.92425425e+01 -4.39948508e+01
 -1.98379564e+01 -4.45089180e+01
 -2.04155591e+01 -4.50076074e+01
 -2.09525751e+01 -4.54712553e+01
 -2.14165776e+01 -4.58718648e+01
 -2.17767758e+01 -4.61828521e+01
 -2.17767758e+01 -4.61828521e+01
 -2.17767758e+01 -4.61828521e+01
 -2.17767758e+01 -4.61828521e+01
 -2.17767758e+01 -4.61828521e+01
 -2.17767758e+01 -4.61828521e+01
 -2.17767758e+01 -4.61828521e+01
 -2.17767758e+01 -4.61828521e+01
 -2.17767758e+01 -4.61828521e+01
 -2.17767758e+01 -4.61828521e+01
 -2.17767758e+01 -4.61828521e+01
 -2.17767758e+01 -4.61828521e+01
 -2.17767758e+01 -4.61828521e+01
 -2.17767758e+01 -4.61828521e+01
 -2.17767758e+01 -4.61828521e+01
 -2.17767758e+01 -4.61828521e+01
 -2.17767758e+01 -4.61828521e+01
 -2.17767758e+01 -4.61828521e+01
 -2.17767758e+01 -4.61828521e+01
 -2.17767758e+01 -4.61828521e+01
 -2.17767758e+01 -4.61828521e+01
 -2.17767758e+01 -4.61828521e+01
 -2.17767758e+01 -4.61828521e+01
 -2.17767758e+01 -4.61828521e+01
 -2.17767758e+01 -4.61828521e+01
 -2.17767758e+01 -4.61828521e+01
 -2.17767758e+01 -4.61828521e+01
 -2.17767758e+01 -4.61828521e+01
 -2.17767758e+01 -4.61828521e+01
 -2.17767758e+01 -4.61828521e+01
 -2.17767758e+01 -4.61828521e+01
 -2.17767758e+01 -4.61828521e+01
 -2.17767758e+01 -4.61828521e+01
 -2.17767758e+01 -4.61828521e+01
