 0.00000000e+00 0.00000000e+00
 0.00000000e+00 0.00000000e+00
 0.00000000e+00 0.00000000e+00
 0.00000000e+00 0.00000000e+00
 0.00000000e+00 0.00000000e+00
 0.00000000e+00 0.00000000e+00
 0.00000000e+00 0.00000000e+00
 3.93548808e-03 6.20533854e-02
 -1.80264366e-02 1.36562048e-01
 -8.24487427e-02 2.15742017e-01
 -2.00844117e-01 2.93697651e-01
 -3.78328417e-01 3.67967464e-01
 -6.16357110e-01 4.37685092e-01
 -9.16310522e-01 5.01106538e-01
 -1.28127517e+00 5.54677621e-01
 -1.71585778e+00 5.93189301e-01
 -2.22507727e+00 6.09863686e-01
 -2.81327310e+00 5.96194386e-01
 -3.48372124e+00 5.41929682e-01
 -4.23904625e+00 4.35559056e-01
 -5.08167857e+00 2.65278259e-01
 -6.01378978e+00 1.98030603e-02
 -7.03720366e+00 -3.11518886e-01
 -8.15389008e+00 -7.39048091e-01
 -9.36641237e+00 -1.27303749e+00
 -1.06770638e+01 -1.92340301e+00
 -1.20855187e+01 -2.69908739e+00
 -1.35861012e+01 -3.60687490e+00
 -1.51655828e+01 -4.64932723e+00
 -1.68014748e+01 -5.82179761e+00
 -1.84607844e+01 -7.10941186e+00
 -2.01001882e+01 -8.48574791e+00
 -2.16689416e+01 -9.91450037e+00
 -2.31145352e+01 -1.13536764e+01
 -2.43892095e+01 -1.27604598e+01
 -2.54550275e+01 -1.40951673e+01
 -2.62866693e+01 -1.53241077e+01
 -2.68724960e+01 -1.64219270e+01
 -2.72141686e+01 -1.73734619e+01
 -2.73242127e+01 -1.81742099e+01
 -2.72214779e+01 -1.88285372e+01
 -2.69262963e+01 -1.93458672e+01
 -2.64576628e+01 -1.97363227e+01
 -2.58329463e+01 -2.00075124e+01
 -2.50688331e+01 -2.01631644e+01
 -2.41822037e+01 -2.02032071e+01
 -2.31905086e+01 -2.01247684e+01
 -2.21117755e+01 -1.99239821e+01
 -2.09645365e+01 -1.95982059e+01
 -1.97677058e+01 -1.91476984e+01
 -1.85401117e+01 -1.85762589e+01
 -1.72996239e+01 -1.78912608e+01
 -1.60623032e+01 -1.71034406e+01
 -1.48419211e+01 -1.62261573e+01
 -1.36497403e+01 -1.52739383e+01
 -1.24943052e+01 -1.42608765e+01
 -1.13811816e+01 -1.31996984e+01
 -1.03128614e+01 -1.21017654e+01
 -9.28929621e+00 -1.09776281e+01
 -8.30929833e+00 -9.83762407e+00
 -7.37226486e+00 -8.69237936e+00
 -6.47928014e+00 -7.55350384e+00
 -5.63328426e+00 -6.43461770e+00
 -4.83885203e+00 -5.35207172e+00
 -4.10214878e+00 -4.32443993e+00
 -3.43091058e+00 -3.37078638e+00
 -2.83375749e+00 -2.50871701e+00
 -2.31845900e+00 -1.75289268e+00
 -1.88976670e+00 -1.11367960e+00
 -1.54810835e+00 -5.95733802e-01
 -1.28983997e+00 -1.97454439e-01
 -1.10848800e+00 8.75036501e-02
 -9.96199667e-01 2.66870949e-01
 -9.45452618e-01 3.46354864e-01
 -9.50984343e-01 3.27965040e-01
 -1.01077204e+00 2.10285328e-01
 -1.12524803e+00 -1.05265406e-02
 -1.29594430e+00 -3.40152522e-01
 -1.52513088e+00 -7.85901537e-01
 -1.81611188e+00 -1.35607529e+00
 -2.17292136e+00 -2.05858048e+00
 -2.59932034e+00 -2.89940990e+00
 -3.09803435e+00 -3.88190760e+00
 -3.67080243e+00 -5.00716481e+00
 -4.31873933e+00 -6.27507021e+00
 -5.04196969e+00 -7.68497815e+00
 -5.83818036e+00 -9.23505411e+00
 -6.70093986e+00 -1.09203533e+01
 -7.61898072e+00 -1.27309092e+01
 -8.57697061e+00 -1.46512615e+01
 -9.55742595e+00 -1.66617405e+01
 -1.05428387e+01 -1.87406882e+01
 -1.15170954e+01 -2.08666790e+01
 -1.24660760e+01 -2.30204497e+01
 -1.33782083e+01 -2.51865908e+01
 -1.42455556e+01 -2.73546506e+01
 -1.50648588e+01 -2.95188764e+01
 -1.58372416e+01 -3.16762403e+01
 -1.65660422e+01 -3.38234775e+01
 -1.72539922e+01 -3.59545267e+01
 -1.79018543e+01 -3.80592986e+01
 -1.85092025e+01 -4.01235437e+01
 -1.90757446e+01 -4.21289243e+01
 -1.96013383e+01 -4.40528684e+01
 -2.00847625e+01 -4.58688357e+01
 -2.05227062e+01 -4.75479994e+01
 -2.09100044e+01 -4.90625344e+01
 -2.12410204e+01 -5.03894653e+01
 -2.15114178e+01 -5.15135251e+01
 -2.17194531e+01 -5.24279617e+01
 -2.18660028e+01 -5.31332029e+01
 -2.19529890e+01 -5.36342807e+01
 -2.19812788e+01 -5.39385120e+01
 -2.19503390e+01 -5.40545749e+01
 -2.18603014e+01 -5.39927475e+01
 -2.17138455e+01 -5.37648293e+01
 -2.15152634e+01 -5.33826534e+01
 -2.12674708e+01 -5.28559575e+01
 -2.09696090e+01 -5.21916118e+01
 -2.06165102e+01 -5.13952016e+01
 -2.01994898e+01 -5.04737420e+01
 -1.97074799e+01 -4.94372881e+01
 -1.91280199e+01 -4.82984590e+01
 -1.84483116e+01 -4.70709559e+01
 -1.76567500e+01 -4.57688754e+01
 -1.67447579e+01 -4.44074923e+01
 -1.57081724e+01 -4.30045598e+01
 -1.45476302e+01 -4.15805571e+01
 -1.32679640e+01 -4.01572032e+01
 -1.18770065e+01 -3.87551081e+01
 -1.03845249e+01 -3.73920567e+01
 -8.80215121e+00 -3.60824748e+01
 -7.14446383e+00 -3.48373504e+01
 -5.43015541e+00 -3.36638056e+01
 -3.68203686e+00 -3.25645503e+01
 -1.92598930e+00 -3.15382442e+01
 -1.90220424e-01 -3.05814424e+01
 1.49439563e+00 -2.96915937e+01
 3.09392002e+00 -2.88695535e+01
 4.57275487e+00 -2.81200771e+01
 5.89745338e+00 -2.74499470e+01
 7.04129326e+00 -2.68649994e+01
 7.98688224e+00 -2.63679595e+01
 8.72537576e+00 -2.59579987e+01
 9.25372222e+00 -2.56313409e+01
 9.57302412e+00 -2.53816734e+01
 9.68970455e+00 -2.51999488e+01
 9.61800464e+00 -2.50744667e+01
 9.38086421e+00 -2.49923956e+01
 9.00809266e+00 -2.49423783e+01
 8.53342920e+00 -2.49161924e+01
 7.99207434e+00 -2.49081056e+01
 7.41800065e+00 -2.49130037e+01
 6.83971423e+00 -2.49254626e+01
 6.27559778e+00 -2.49405432e+01
 5.73212387e+00 -2.49551228e+01
 5.20664988e+00 -2.49682301e+01
 4.69277824e+00 -2.49802015e+01
 4.18472855e+00 -2.49916359e+01
 3.67899259e+00 -2.50029022e+01
 3.17398892e+00 -2.50141360e+01
 2.66916994e+00 -2.50253677e+01
 2.16438804e+00 -2.50366002e+01
 1.65961204e+00 -2.50478330e+01
 1.15483685e+00 -2.50590659e+01
 6.50062415e-01 -2.50702988e+01
 1.45294644e-01 -2.50815316e+01
 -3.59422609e-01 -2.50927632e+01
 -8.63839314e-01 -2.51039882e+01
 -1.36685241e+00 -2.51151819e+01
 -1.86471262e+00 -2.51262609e+01
 -2.34767981e+00 -2.51370085e+01
 -2.79671016e+00 -2.51470009e+01
 -3.18468965e+00 -2.51556348e+01
 -3.48587236e+00 -2.51623371e+01
 -3.48587236e+00 -2.51623371e+01
 -3.48587236e+00 -2.51623371e+01
 -3.48587236e+00 -2.51623371e+01
 -3.48587236e+00 -2.51623371e+01
 -3.48587236e+00 -2.51623371e+01
 -3.48587236e+00 -2.51623371e+01
 -3.48587236e+00 -2.51623371e+01
 -3.48587236e+00 -2.51623371e+01
 -3.48587236e+00 -2.51623371e+01
 -3.48587236e+00 -2.51623371e+01
 -3.48587236e+00 -2.51623371e+01
 -3.48587236e+00 -2.51623371e+01
 -3.48587236e+00 -2.51623371e+01
 -3.48587236e+00 -2.51623371e+01
 -3.48587236e+00 -2.51623371e+01
 -3.48587236e+00 -2.51623371e+01
 -3.48587236e+00 -2.51623371e+01
 -3.48587236e+00 -2.51623371e+01
 -3.48587236e+00 -2.51623371e+01
 -3.48587236e+00 -2.51623371e+01
 -3.48587236e+00 -2.51623371e+01
 -3.48587236e+00 -2.51623371e+01
 -3.48587236e+00 -2.51623371e+01
 -3.48587236e+00 -2.51623371e+01
 -3.48587236e+00 -2.51623371e+01
 -3.48587236e+00 -2.51623371e+01
 -3.48587236e+00 -2.51623371e+01
 -3.48587236e+00 -2.51623371e+01
 -3.48587236e+00 -2.51623371e+01
 -3.48587236e+00 -2.51623371e+01
