 0.00000000e+00 0.00000000e+00
 0.00000000e+00 0.00000000e+00
 0.00000000e+00 0.00000000e+00
 0.00000000e+00 0.00000000e+00
 0.00000000e+00 0.00000000e+00
 0.00000000e+00 0.00000000e+00
 0.00000000e+00 0.00000000e+00
 0.00000000e+00 0.00000000e+00
 0.00000000e+00 0.00000000e+00
 5.26945511e-02 4.26869740e-02
 1.10712615e-01 9.53632234e-02
 1.62182487e-01 1.54975673e-01
 1.93643976e-01 2.19460799e-01
 1.91326084e-01 2.87877440e-01
 1.41943671e-01 3.59509103e-01
 3.37909724e-02 4.33120927e-01
 -1.42503394e-01 5.06567149e-01
 -3.94378395e-01 5.76162584e-01
 -7.28702512e-01 6.35758000e-01
 -1.15321886e+00 6.76150967e-01
 -1.67717599e+00 6.84870172e-01
 -2.31056910e+00 6.45726401e-01
 -3.06220803e+00 5.38586754e-01
 -3.93775688e+00 3.40877409e-01
 -4.93888585e+00 3.10242563e-02
 -6.06356181e+00 -4.07914853e-01
 -7.30641385e+00 -9.86141686e-01
 -8.65809683e+00 -1.70687196e+00
 -1.01037364e+01 -2.56728437e+00
 -1.16218207e+01 -3.55960996e+00
 -1.31847477e+01 -4.67148897e+00
 -1.47606069e+01 -5.88559400e+00
 -1.63146810e+01 -7.17943964e+00
 -1.78099860e+01 -8.52628481e+00
 -1.92077420e+01 -9.89704039e+00
 -2.04691199e+01 -1.12621829e+01
 -2.15585599e+01 -1.25928481e+01
 -2.24474150e+01 -1.38612909e+01
 -2.31160661e+01 -1.50415649e+01
 -2.35537943e+01 -1.61108592e+01
 -2.37576387e+01 -1.70508989e+01
 -2.37318944e+01 -1.78483351e+01
 -2.34880354e+01 -1.84936377e+01
 -2.30432426e+01 -1.89789882e+01
 -2.24170828e+01 -1.92962955e+01
 -2.16285876e+01 -1.94367197e+01
 -2.06960882e+01 -1.93926522e+01
 -1.96394860e+01 -1.91613737e+01
 -1.84825963e+01 -1.87479406e+01
 -1.72536708e+01 -1.81655718e+01
 -1.59840181e+01 -1.74341087e+01
 -1.47057407e+01 -1.65779838e+01
 -1.34492839e+01 -1.56241852e+01
 -1.22408438e+01 -1.45999757e+01
 -1.10998284e+01 -1.35303184e+01
 -1.00370357e+01 -1.24354122e+01
 -9.05409786e+00 -1.13291440e+01
 -8.14432371e+00 -1.02193869e+01
 -7.29499664e+00 -9.11046959e+00
 -6.49111203e+00 -8.00695156e+00
 -5.71984064e+00 -6.91700777e+00
 -4.97416224e+00 -5.85405630e+00
 -4.25435673e+00 -4.83644944e+00
 -3.56733185e+00 -3.88599288e+00
 -2.92459652e+00 -3.02611466e+00
 -2.33945160e+00 -2.28008874e+00
 -1.82385272e+00 -1.66958864e+00
 -1.38600881e+00 -1.21392873e+00
 -1.02976184e+00 -9.29893955e-01
 -7.55359670e-01 -8.31262648e-01
 -5.60238604e-01 -9.27358011e-01
 -4.39594842e-01 -1.22145217e+00
 -3.87997017e-01 -1.71076009e+00
 -4.02158534e-01 -2.38861215e+00
 -4.82583368e-01 -3.24720810e+00
 -6.32308177e-01 -4.27870745e+00
 -8.54159081e-01 -5.47435449e+00
 -1.14904620e+00 -6.82363637e+00
 -1.51574884e+00 -8.31521452e+00
 -1.95125236e+00 -9.93901668e+00
 -2.45141076e+00 -1.16874874e+01
 -3.01205068e+00 -1.35548404e+01
 -3.62959652e+00 -1.55347249e+01
 -4.29996162e+00 -1.76175520e+01
 -5.01617171e+00 -1.97888622e+01
 -5.76695270e+00 -2.20298331e+01
 -6.53776928e+00 -2.43200733e+01
 -7.31344079e+00 -2.66413102e+01
 -8.08036503e+00 -2.89796996e+01
 -8.82736436e+00 -3.13254632e+01
 -9.54568849e+00 -3.36706854e+01
 -1.02290927e+01 -3.60070816e+01
 -1.08739289e+01 -3.83245519e+01
 -1.14783624e+01 -4.06100450e+01
 -1.20405683e+01 -4.28463622e+01
 -1.25570735e+01 -4.50114673e+01
 -1.30223394e+01 -4.70790873e+01
 -1.34295031e+01 -4.90205799e+01
 -1.37717093e+01 -5.08073402e+01
 -1.40438464e+01 -5.24133296e+01
 -1.42445649e+01 -5.38178602e+01
 -1.43777740e+01 -5.50082998e+01
 -1.44521802e+01 -5.59813330e+01
 -1.44782861e+01 -5.67415487e+01
 -1.44648639e+01 -5.72977453e+01
 -1.44181427e+01 -5.76589385e+01
 -1.43440056e+01 -5.78323282e+01
 -1.42497386e+01 -5.78241118e+01
 -1.41427312e+01 -5.76416534e+01
 -1.40275206e+01 -5.72943014e+01
 -1.39040177e+01 -5.67919715e+01
 -1.37677918e+01 -5.61435199e+01
 -1.36114204e+01 -5.53571460e+01
 -1.34257196e+01 -5.44425930e+01
 -1.32003384e+01 -5.34131796e+01
 -1.29240331e+01 -5.22864193e+01
 -1.25854975e+01 -5.10836307e+01
 -1.21752958e+01 -4.98294380e+01
 -1.16882941e+01 -4.85512771e+01
 -1.11251571e+01 -4.72783692e+01
 -1.04919752e+01 -4.60399283e+01
 -9.79842126e+00 -4.48629624e+01
 -9.05556745e+00 -4.37700257e+01
 -8.27415937e+00 -4.27769962e+01
 -7.46357538e+00 -4.18911678e+01
 -6.63141017e+00 -4.11104332e+01
 -5.78352385e+00 -4.04241483e+01
 -4.92449655e+00 -3.98153954e+01
 -4.05866635e+00 -3.92638553e+01
 -3.19190486e+00 -3.87487567e+01
 -2.33377794e+00 -3.82516641e+01
 -1.49897705e+00 -3.77587481e+01
 -7.06311777e-01 -3.72621021e+01
 2.61228111e-02 -3.67599503e+01
 6.88717061e-01 -3.62558366e+01
 1.28654843e+00 -3.57567295e+01
 1.83841988e+00 -3.52699379e+01
 2.36799663e+00 -3.47996963e+01
 2.89343708e+00 -3.43454314e+01
 3.42294925e+00 -3.39029276e+01
 3.95729020e+00 -3.34671515e+01
 4.49452209e+00 -3.30343859e+01
 5.03294274e+00 -3.26026765e+01
 5.57172429e+00 -3.21712576e+01
 6.11058895e+00 -3.17399014e+01
 6.64946831e+00 -3.13085559e+01
 7.18834962e+00 -3.08772118e+01
 7.72723040e+00 -3.04458684e+01
 8.26610410e+00 -3.00145307e+01
 8.80492387e+00 -2.95832362e+01
 9.34342279e+00 -2.91521985e+01
 9.88042326e+00 -2.87223603e+01
 1.04119227e+01 -2.82969253e+01
 1.09275228e+01 -2.78842168e+01
 1.14068930e+01 -2.75005082e+01
 1.18210873e+01 -2.71689693e+01
 1.21426202e+01 -2.69116006e+01
 1.21426202e+01 -2.69116006e+01
 1.21426202e+01 -2.69116006e+01
 1.21426202e+01 -2.69116006e+01
 1.21426202e+01 -2.69116006e+01
 1.21426202e+01 -2.69116006e+01
 1.21426202e+01 -2.69116006e+01
 1.21426202e+01 -2.69116006e+01
 1.21426202e+01 -2.69116006e+01
 1.21426202e+01 -2.69116006e+01
 1.21426202e+01 -2.69116006e+01
 1.21426202e+01 -2.69116006e+01
 1.21426202e+01 -2.69116006e+01
 1.21426202e+01 -2.69116006e+01
 1.21426202e+01 -2.69116006e+01
 1.21426202e+01 -2.69116006e+01
 1.21426202e+01 -2.69116006e+01
 1.21426202e+01 -2.69116006e+01
 1.21426202e+01 -2.69116006e+01
 1.21426202e+01 -2.69116006e+01
 1.21426202e+01 -2.69116006e+01
 1.21426202e+01 -2.69116006e+01
 1.21426202e+01 -2.69116006e+01
 1.21426202e+01 -2.69116006e+01
 1.21426202e+01 -2.69116006e+01
 1.21426202e+01 -2.69116006e+01
 1.21426202e+01 -2.69116006e+01
 1.21426202e+01 -2.69116006e+01
 1.21426202e+01 -2.69116006e+01
 1.21426202e+01 -2.69116006e+01
 1.21426202e+01 -2.69116006e+01
 1.21426202e+01 -2.69116006e+01
 1.21426202e+01 -2.69116006e+01
 1.21426202e+01 -2.69116006e+01
 1.21426202e+01 -2.69116006e+01
 1.21426202e+01 -2.69116006e+01
 1.21426202e+01 -2.69116006e+01
 1.21426202e+01 -2.69116006e+01
 1.21426202e+01 -2.69116006e+01
 1.21426202e+01 -2.69116006e+01
 1.21426202e+01 -2.69116006e+01
 1.21426202e+01 -2.69116006e+01
 1.21426202e+01 -2.69116006e+01
 1.21426202e+01 -2.69116006e+01
 1.21426202e+01 -2.69116006e+01
 1.21426202e+01 -2.69116006e+01
 1.21426202e+01 -2.69116006e+01
 1.21426202e+01 -2.69116006e+01
 1.21426202e+01 -2.69116006e+01
