 0.00000000e+00 0.00000000e+00
 0.00000000e+00 0.00000000e+00
 0.00000000e+00 0.00000000e+00
 0.00000000e+00 0.00000000e+00
 0.00000000e+00 0.00000000e+00
 0.00000000e+00 0.00000000e+00
 0.00000000e+00 0.00000000e+00
 0.00000000e+00 0.00000000e+00
 0.00000000e+00 0.00000000e+00
 0.00000000e+00 0.00000000e+00
 -4.77620518e-02 1.13065530e-01
 -1.38816553e-01 2.50974945e-01
 -2.88754073e-01 4.01721717e-01
 -5.07419497e-01 5.55094193e-01
 -7.97649538e-01 7.04796307e-01
 -1.15773658e+00 8.46656718e-01
 -1.58522582e+00 9.75987778e-01
 -2.07979738e+00 1.08628222e+00
 -2.64451918e+00 1.16922709e+00
 -3.28559848e+00 1.21491942e+00
 -4.01106830e+00 1.21138418e+00
 -4.82915693e+00 1.14371809e+00
 -5.74697651e+00 9.94357372e-01
 -6.76958996e+00 7.45365889e-01
 -7.89916159e+00 3.81626922e-01
 -9.13395576e+00 -1.07019440e-01
 -1.04671677e+01 -7.25435434e-01
 -1.18858851e+01 -1.47398038e+00
 -1.33706589e+01 -2.34959182e+00
 -1.48958687e+01 -3.34673859e+00
 -1.64305300e+01 -4.45797755e+00
 -1.79390902e+01 -5.67378002e+00
 -1.93823108e+01 -6.98151933e+00
 -2.07189324e+01 -8.36404769e+00
 -2.19086195e+01 -9.79868470e+00
 -2.29157879e+01 -1.12572225e+01
 -2.37132918e+01 -1.27068204e+01
 -2.42848743e+01 -1.41112787e+01
 -2.46253406e+01 -1.54326489e+01
 -2.47381245e+01 -1.66335922e+01
 -2.46318117e+01 -1.76804035e+01
 -2.43181407e+01 -1.85457202e+01
 -2.38118294e+01 -1.92098191e+01
 -2.31301228e+01 -1.96602904e+01
 -2.22911019e+01 -1.98909020e+01
 -2.13124466e+01 -1.99007296e+01
 -2.02122479e+01 -1.96940152e+01
 -1.90110235e+01 -1.92803937e+01
 -1.77325543e+01 -1.86747667e+01
 -1.64021948e+01 -1.78964092e+01
 -1.50437002e+01 -1.69674757e+01
 -1.36767534e+01 -1.59112420e+01
 -1.23162261e+01 -1.47502123e+01
 -1.09725698e+01 -1.35043716e+01
 -9.65257483e+00 -1.21903853e+01
 -8.36071921e+00 -1.08225118e+01
 -7.10162975e+00 -9.41505798e+00
 -5.88311884e+00 -7.98522767e+00
 -4.71816335e+00 -6.55510715e+00
 -3.62467969e+00 -5.15221683e+00
 -2.62348749e+00 -3.80862751e+00
 -1.73547090e+00 -2.55865363e+00
 -9.78386285e-01 -1.43520242e+00
 -3.63604626e-01 -4.65519671e-01
 1.06295411e-01 3.32161458e-01
 4.37978633e-01 9.49585353e-01
 6.45347910e-01 1.38671195e+00
 7.45396018e-01 1.64849934e+00
 7.53565759e-01 1.74217562e+00
 6.81593521e-01 1.67593897e+00
 5.39294955e-01 1.45851779e+00
 3.37649125e-01 1.09873174e+00
 8.93770513e-02 6.05063870e-01
 -1.93128899e-01 -1.42398690e-02
 -4.99784076e-01 -7.50586283e-01
 -8.23429677e-01 -1.59479272e+00
 -1.16028052e+00 -2.53807639e+00
 -1.51126682e+00 -3.57440104e+00
 -1.88357834e+00 -4.70320303e+00
 -2.29089525e+00 -5.93090021e+00
 -2.75154705e+00 -7.27011211e+00
 -3.28511002e+00 -8.73679553e+00
 -3.90867067e+00 -1.03464384e+01
 -4.63388258e+00 -1.21105838e+01
 -5.46542899e+00 -1.40345480e+01
 -6.40103983e+00 -1.61165289e+01
 -7.43276854e+00 -1.83476942e+01
 -8.54863703e+00 -2.07127846e+01
 -9.73344701e+00 -2.31912342e+01
 -1.09682346e+01 -2.57589476e+01
 -1.22291720e+01 -2.83903331e+01
 -1.34873397e+01 -3.10597954e+01
 -1.47100804e+01 -3.37422575e+01
 -1.58634802e+01 -3.64129863e+01
 -1.69150300e+01 -3.90474507e+01
 -1.78360394e+01 -4.16218163e+01
 -1.86042045e+01 -4.41139732e+01
 -1.92067487e+01 -4.65043705e+01
 -1.96435689e+01 -4.87761069e+01
 -1.99287015e+01 -5.09144283e+01
 -2.00882195e+01 -5.29061405e+01
 -2.01543254e+01 -5.47392879e+01
 -2.01583667e+01 -5.64031713e+01
 -2.01264114e+01 -5.78885924e+01
 -2.00782781e+01 -5.91882665e+01
 -2.00281785e+01 -6.02975566e+01
 -1.99852846e+01 -6.12155166e+01
 -1.99538277e+01 -6.19455606e+01
 -1.99330587e+01 -6.24947848e+01
 -1.99176350e+01 -6.28715964e+01
 -1.98986967e+01 -6.30824697e+01
 -1.98654783e+01 -6.31294818e+01
 -1.98071493e+01 -6.30099049e+01
 -1.97139735e+01 -6.27175894e+01
 -1.95765184e+01 -6.22448357e+01
 -1.93832621e+01 -6.15841077e+01
 -1.91189306e+01 -6.07300824e+01
 -1.87653377e+01 -5.96825052e+01
 -1.83042428e+01 -5.84493514e+01
 -1.77206128e+01 -5.70491412e+01
 -1.70051878e+01 -5.55115793e+01
 -1.61562604e+01 -5.38764957e+01
 -1.51810316e+01 -5.21914009e+01
 -1.40963494e+01 -5.05078028e+01
 -1.29279235e+01 -4.88766668e+01
 -1.17074085e+01 -4.73439336e+01
 -1.04678414e+01 -4.59468709e+01
 -9.23875415e+00 -4.47113130e+01
 -8.04237299e+00 -4.36496262e+01
 -6.89176653e+00 -4.27598341e+01
 -5.79111113e+00 -4.20268485e+01
 -4.73797182e+00 -4.14261906e+01
 -3.72739041e+00 -4.09292689e+01
 -2.75678812e+00 -4.05086058e+01
 -1.82966258e+00 -4.01418975e+01
 -9.56384210e-01 -3.98144082e+01
 -1.52227722e-01 -3.95192878e+01
 5.65811375e-01 -3.92556860e+01
 1.18215191e+00 -3.90254472e+01
 1.68542322e+00 -3.88298917e+01
 2.07081377e+00 -3.86678899e+01
 2.34138330e+00 -3.85354230e+01
 2.50767137e+00 -3.84261345e+01
 2.58562540e+00 -3.83324561e+01
 2.59375449e+00 -3.82471089e+01
 2.55069280e+00 -3.81646201e+01
 2.47379335e+00 -3.80822938e+01
 2.37855012e+00 -3.80002097e+01
 2.27814697e+00 -3.79201140e+01
 2.18240465e+00 -3.78436127e+01
 2.09620885e+00 -3.77708563e+01
 2.01892101e+00 -3.77007512e+01
 1.94626427e+00 -3.76321642e+01
 1.87380247e+00 -3.75646117e+01
 1.79932236e+00 -3.74979840e+01
 1.72279384e+00 -3.74321007e+01
 1.64505199e+00 -3.73666666e+01
 1.56680603e+00 -3.73014311e+01
 1.48840491e+00 -3.72362607e+01
 1.40996759e+00 -3.71711063e+01
 1.33152380e+00 -3.71059549e+01
 1.25307912e+00 -3.70408039e+01
 1.17463445e+00 -3.69756531e+01
 1.09619081e+00 -3.69105032e+01
 1.01775502e+00 -3.68453597e+01
 9.39365941e-01 -3.67802551e+01
 8.61194986e-01 -3.67153316e+01
 7.83824819e-01 -3.66510732e+01
 7.08769107e-01 -3.65887370e+01
 6.38987363e-01 -3.65307810e+01
 5.78693253e-01 -3.64807048e+01
 5.31887833e-01 -3.64418314e+01
 5.31887833e-01 -3.64418314e+01
 5.31887833e-01 -3.64418314e+01
 5.31887833e-01 -3.64418314e+01
 5.31887833e-01 -3.64418314e+01
 5.31887833e-01 -3.64418314e+01
 5.31887833e-01 -3.64418314e+01
 5.31887833e-01 -3.64418314e+01
 5.31887833e-01 -3.64418314e+01
 5.31887833e-01 -3.64418314e+01
 5.31887833e-01 -3.64418314e+01
 5.31887833e-01 -3.64418314e+01
 5.31887833e-01 -3.64418314e+01
 5.31887833e-01 -3.64418314e+01
 5.31887833e-01 -3.64418314e+01
 5.31887833e-01 -3.64418314e+01
 5.31887833e-01 -3.64418314e+01
 5.31887833e-01 -3.64418314e+01
 5.31887833e-01 -3.64418314e+01
 5.31887833e-01 -3.64418314e+01
 5.31887833e-01 -3.64418314e+01
 5.31887833e-01 -3.64418314e+01
 5.31887833e-01 -3.64418314e+01
 5.31887833e-01 -3.64418314e+01
 5.31887833e-01 -3.64418314e+01
 5.31887833e-01 -3.64418314e+01
 5.31887833e-01 -3.64418314e+01
 5.31887833e-01 -3.64418314e+01
 5.31887833e-01 -3.64418314e+01
 5.31887833e-01 -3.64418314e+01
 5.31887833e-01 -3.64418314e+01
 5.31887833e-01 -3.64418314e+01
 5.31887833e-01 -3.64418314e+01
 5.31887833e-01 -3.64418314e+01
