 0.00000000e+00 0.00000000e+00
 0.00000000e+00 0.00000000e+00
 0.00000000e+00 0.00000000e+00
 0.00000000e+00 0.00000000e+00
 0.00000000e+00 0.00000000e+00
 0.00000000e+00 0.00000000e+00
 0.00000000e+00 0.00000000e+00
 0.00000000e+00 0.00000000e+00
 0.00000000e+00 0.00000000e+00
 0.00000000e+00 0.00000000e+00
 0.00000000e+00 0.00000000e+00
 0.00000000e+00 0.00000000e+00
 0.00000000e+00 0.00000000e+00
 0.00000000e+00 0.00000000e+00
 0.00000000e+00 0.00000000e+00
 0.00000000e+00 0.00000000e+00
 0.00000000e+00 0.00000000e+00
 0.00000000e+00 0.00000000e+00
 0.00000000e+00 0.00000000e+00
 0.00000000e+00 0.00000000e+00
 0.00000000e+00 0.00000000e+00
 0.00000000e+00 0.00000000e+00
 0.00000000e+00 0.00000000e+00
 0.00000000e+00 0.00000000e+00
 0.00000000e+00 0.00000000e+00
 0.00000000e+00 0.00000000e+00
 0.00000000e+00 0.00000000e+00
 0.00000000e+00 0.00000000e+00
 0.00000000e+00 0.00000000e+00
 0.00000000e+00 0.00000000e+00
 0.00000000e+00 0.00000000e+00
 0.00000000e+00 0.00000000e+00
 0.00000000e+00 0.00000000e+00
 0.00000000e+00 0.00000000e+00
 0.00000000e+00 0.00000000e+00
 0.00000000e+00 0.00000000e+00
 0.00000000e+00 0.00000000e+00
 0.00000000e+00 0.00000000e+00
 0.00000000e+00 0.00000000e+00
 0.00000000e+00 0.00000000e+00
 0.00000000e+00 0.00000000e+00
 0.00000000e+00 0.00000000e+00
 0.00000000e+00 0.00000000e+00
 0.00000000e+00 0.00000000e+00
 0.00000000e+00 0.00000000e+00
 0.00000000e+00 0.00000000e+00
 0.00000000e+00 0.00000000e+00
 0.00000000e+00 0.00000000e+00
 0.00000000e+00 0.00000000e+00
 0.00000000e+00 0.00000000e+00
 0.00000000e+00 0.00000000e+00
 0.00000000e+00 0.00000000e+00
 -7.22297792e-02 1.86874990e-01
 -2.20172992e-01 4.00867557e-01
 -4.72352619e-01 6.04279243e-01
 -8.50992915e-01 7.58044056e-01
 -1.37141293e+00 8.29929447e-01
 -2.04289159e+00 7.95069995e-01
 -2.86855862e+00 6.32753034e-01
 -3.84487716e+00 3.24361699e-01
 -4.96239780e+00 -1.46152608e-01
 -6.20794137e+00 -7.90836251e-01
 -7.56666832e+00 -1.61702613e+00
 -9.02264196e+00 -2.62759578e+00
 -1.05582388e+01 -3.82126322e+00
 -1.21539433e+01 -5.19202339e+00
 -1.37891029e+01 -6.72762123e+00
 -1.54424199e+01 -8.40798716e+00
 -1.70908560e+01 -1.02045969e+01
 -1.87073918e+01 -1.20807507e+01
 -2.02595073e+01 -1.39923171e+01
 -2.17099523e+01 -1.58892700e+01
 -2.30198880e+01 -1.77189010e+01
 -2.41530751e+01 -1.94307055e+01
 -2.50793926e+01 -2.09815805e+01
 -2.57766286e+01 -2.23395222e+01
 -2.62306014e+01 -2.34846191e+01
 -2.64346472e+01 -2.44074429e+01
 -2.63896355e+01 -2.51062538e+01
 -2.61043987e+01 -2.55846380e+01
 -2.55950078e+01 -2.58499644e+01
 -2.48820650e+01 -2.59119355e+01
 -2.39875911e+01 -2.57810017e+01
 -2.29337816e+01 -2.54675766e+01
 -2.17439233e+01 -2.49827616e+01
 -2.04437149e+01 -2.43398765e+01
 -1.90612550e+01 -2.35554421e+01
 -1.76255228e+01 -2.26488207e+01
 -1.61644330e+01 -2.16406007e+01
 -1.47034290e+01 -2.05505322e+01
 -1.32647079e+01 -1.93960843e+01
 -1.18667054e+01 -1.81921990e+01
 -1.05237148e+01 -1.69520507e+01
 -9.24599872e+00 -1.56882735e+01
 -8.04082585e+00 -1.44142254e+01
 -6.91426336e+00 -1.31450294e+01
 -5.87273496e+00 -1.18981467e+01
 -4.92319937e+00 -1.06932151e+01
 -4.07177855e+00 -9.55102126e+00
 -3.32209549e+00 -8.49183698e+00
 -2.67483461e+00 -7.53362446e+00
 -2.12851016e+00 -6.69050812e+00
 -1.67998027e+00 -5.97164919e+00
 -1.32386170e+00 -5.38071918e+00
 -1.05176094e+00 -4.91639489e+00
 -8.52680733e-01 -4.57409263e+00
 -7.14636530e-01 -4.34851747e+00
 -6.26353822e-01 -4.23606085e+00
 -5.78411222e-01 -4.23611592e+00
 -5.64290422e-01 -4.35107069e+00
 -5.81436844e-01 -4.58550517e+00
 -6.31268972e-01 -4.94527202e+00
 -7.17706873e-01 -5.43675494e+00
 -8.45702251e-01 -6.06624979e+00
 -1.02123668e+00 -6.83942001e+00
 -1.25226413e+00 -7.76098334e+00
 -1.54908525e+00 -8.83482108e+00
 -1.92343373e+00 -1.00644521e+01
 -2.38651086e+00 -1.14535574e+01
 -2.94664348e+00 -1.30061515e+01
 -3.60745052e+00 -1.47259554e+01
 -4.36709279e+00 -1.66146243e+01
 -5.21831001e+00 -1.86690350e+01
 -6.14862661e+00 -2.08787503e+01
 -7.14084728e+00 -2.32252044e+01
 -8.17451342e+00 -2.56832585e+01
 -9.22839928e+00 -2.82240045e+01
 -1.02832040e+01 -3.08170270e+01
 -1.13233309e+01 -3.34316743e+01
 -1.23369856e+01 -3.60383096e+01
 -1.33145253e+01 -3.86100850e+01
 -1.42460622e+01 -4.11245426e+01
 -1.51201080e+01 -4.35641687e+01
 -1.59243406e+01 -4.59158045e+01
 -1.66476462e+01 -4.81694168e+01
 -1.72816967e+01 -5.03167455e+01
 -1.78215533e+01 -5.23500262e+01
 -1.82662207e+01 -5.42609098e+01
 -1.86197448e+01 -5.60399876e+01
 -1.88921298e+01 -5.76773115e+01
 -1.90989139e+01 -5.91636494e+01
 -1.92591086e+01 -6.04917020e+01
 -1.93920344e+01 -6.16567664e+01
 -1.95135779e+01 -6.26570080e+01
 -1.96327946e+01 -6.34938216e+01
 -1.97508934e+01 -6.41722281e+01
 -1.98638073e+01 -6.47003104e+01
 -1.99664207e+01 -6.50866952e+01
 -2.00550334e+01 -6.53366280e+01
 -2.01266393e+01 -6.54488092e+01
 -2.01764598e+01 -6.54148939e+01
 -2.01960950e+01 -6.52215411e+01
 -2.01732560e+01 -6.48532632e+01
 -2.00923888e+01 -6.42946315e+01
 -1.99354144e+01 -6.35318725e+01
 -1.96825016e+01 -6.25547109e+01
 -1.93130209e+01 -6.13586915e+01
 -1.88067552e+01 -5.99470197e+01
 -1.81451314e+01 -5.83306821e+01
 -1.73119004e+01 -5.65268009e+01
 -1.62931397e+01 -5.45567123e+01
 -1.50774586e+01 -5.24455022e+01
 -1.36575572e+01 -5.02233512e+01
 -1.20332850e+01 -4.79273366e+01
 -1.02150917e+01 -4.56019752e+01
 -8.22664451e+00 -4.32979528e+01
 -6.10614913e+00 -4.10696194e+01
 -3.90602751e+00 -3.89717530e+01
 -1.68999063e+00 -3.70554826e+01
 4.73148721e-01 -3.53633407e+01
 2.51778322e+00 -3.39243548e+01
 4.38924528e+00 -3.27508211e+01
 6.04868944e+00 -3.18378912e+01
 7.47467051e+00 -3.11656858e+01
 8.66237740e+00 -3.07028778e+01
 9.62158259e+00 -3.04110498e+01
 1.03735449e+01 -3.02495001e+01
 1.09465268e+01 -3.01798259e+01
 1.13703628e+01 -3.01691668e+01
 1.16719488e+01 -3.01912816e+01
 1.18735684e+01 -3.02258015e+01
 1.19942914e+01 -3.02573276e+01
 1.20528946e+01 -3.02760649e+01
 1.20698542e+01 -3.02795914e+01
 1.20662345e+01 -3.02729029e+01
 1.20595214e+01 -3.02646198e+01
 1.20596275e+01 -3.02614451e+01
 1.20686149e+01 -3.02652802e+01
 1.20840497e+01 -3.02744388e+01
 1.21027837e+01 -3.02864076e+01
 1.21227794e+01 -3.02994735e+01
 1.21431436e+01 -3.03128642e+01
 1.21635908e+01 -3.03263288e+01
 1.21840524e+01 -3.03398063e+01
 1.22045161e+01 -3.03532856e+01
 1.22249799e+01 -3.03667651e+01
 1.22454434e+01 -3.03802444e+01
 1.22659049e+01 -3.03937223e+01
 1.22863543e+01 -3.04071923e+01
 1.23067467e+01 -3.04206247e+01
 1.23269302e+01 -3.04339196e+01
 1.23465100e+01 -3.04468167e+01
 1.23647139e+01 -3.04588076e+01
 1.23804428e+01 -3.04691682e+01
 1.23926529e+01 -3.04772110e+01
