 0.00000000e+00 0.00000000e+00
 0.00000000e+00 0.00000000e+00
 0.00000000e+00 0.00000000e+00
 0.00000000e+00 0.00000000e+00
 0.00000000e+00 0.00000000e+00
 0.00000000e+00 0.00000000e+00
 0.00000000e+00 0.00000000e+00
 0.00000000e+00 0.00000000e+00
 -7.82665994e-02 1.73178586e-01
 -2.07403949e-01 3.93526847e-01
 -3.96071730e-01 6.43345410e-01
 -6.46825600e-01 9.02882846e-01
 -9.58039874e-01 1.15560663e+00
 -1.32667898e+00 1.38907202e+00
 -1.74992573e+00 1.59349596e+00
 -2.22557752e+00 1.76034471e+00
 -2.75224108e+00 1.88160235e+00
 -3.33000123e+00 1.94932857e+00
 -3.96131031e+00 1.95500849e+00
 -4.65147344e+00 1.88878475e+00
 -5.40847105e+00 1.73919646e+00
 -6.24223210e+00 1.49365803e+00
 -7.16350709e+00 1.13910450e+00
 -8.18247496e+00 6.62205195e-01
 -9.30717610e+00 4.92106380e-02
 -1.05417465e+01 -7.14012148e-01
 -1.18845510e+01 -1.64112165e+00
 -1.33265709e+01 -2.74324747e+00
 -1.48502966e+01 -4.02593751e+00
 -1.64292026e+01 -5.48581900e+00
 -1.80282036e+01 -7.10780918e+00
 -1.96057063e+01 -8.86363887e+00
 -2.11171364e+01 -1.07122893e+01
 -2.25188482e+01 -1.26025177e+01
 -2.37714700e+01 -1.44772007e+01
 -2.48427014e+01 -1.62790196e+01
 -2.57098328e+01 -1.79566132e+01
 -2.63615092e+01 -1.94696976e+01
 -2.67977704e+01 -2.07917996e+01
 -2.70280211e+01 -2.19103839e+01
 -2.70676905e+01 -2.28249931e+01
 -2.69348513e+01 -2.35438783e+01
 -2.66477047e+01 -2.40794249e+01
 -2.62230468e+01 -2.44432952e+01
 -2.56752889e+01 -2.46429274e+01
 -2.50158513e+01 -2.46807585e+01
 -2.42534603e+01 -2.45562067e+01
 -2.33958484e+01 -2.42690187e+01
 -2.24522688e+01 -2.38221061e+01
 -2.14353117e+01 -2.32227239e+01
 -2.03609031e+01 -2.24820494e+01
 -1.92467375e+01 -2.16139085e+01
 -1.81103481e+01 -2.06332858e+01
 -1.69676862e+01 -1.95548728e+01
 -1.58321455e+01 -1.83917994e+01
 -1.47137296e+01 -1.71548581e+01
 -1.36186364e+01 -1.58527335e+01
 -1.25498291e+01 -1.44936561e+01
 -1.15086006e+01 -1.30881309e+01
 -1.04963949e+01 -1.16514409e+01
 -9.51617803e+00 -1.02046608e+01
 -8.57327093e+00 -8.77397551e+00
 -7.67578344e+00 -7.38891211e+00
 -6.83448222e+00 -6.08006633e+00
 -6.06186438e+00 -4.87661615e+00
 -5.37052905e+00 -3.80372403e+00
 -4.77116405e+00 -2.87989098e+00
 -4.27059755e+00 -2.11468110e+00
 -3.87055701e+00 -1.50780161e+00
 -3.56754582e+00 -1.05041697e+00
 -3.35357962e+00 -7.28547899e-01
 -3.21756440e+00 -5.27400040e-01
 -3.14802342e+00 -4.35260596e-01
 -3.13754016e+00 -4.46024063e-01
 -3.18660856e+00 -5.60067255e-01
 -3.30315020e+00 -7.83811440e-01
 -3.49746687e+00 -1.12854193e+00
 -3.77713492e+00 -1.60883077e+00
 -4.14559949e+00 -2.24053255e+00
 -4.60342893e+00 -3.03816744e+00
 -5.14929074e+00 -4.01191965e+00
 -5.77974858e+00 -5.16529706e+00
 -6.48873095e+00 -6.49472111e+00
 -7.26748784e+00 -7.99131921e+00
 -8.10531842e+00 -9.64372551e+00
 -8.99073678e+00 -1.14400782e+01
 -9.91208391e+00 -1.33682139e+01
 -1.08567603e+01 -1.54145804e+01
 -1.18096156e+01 -1.75632711e+01
 -1.27522982e+01 -1.97962678e+01
 -1.36649167e+01 -2.20949759e+01
 -1.45293847e+01 -2.44421781e+01
 -1.53323473e+01 -2.68231985e+01
 -1.60662424e+01 -2.92256673e+01
 -1.67290281e+01 -3.16384330e+01
 -1.73239577e+01 -3.40509410e+01
 -1.78596312e+01 -3.64539330e+01
 -1.83493327e+01 -3.88408602e+01
 -1.88091155e+01 -4.12084308e+01
 -1.92552884e+01 -4.35554605e+01
 -1.97023980e+01 -4.58808471e+01
 -2.01623345e+01 -4.81821362e+01
 -2.06443421e+01 -5.04552618e+01
 -2.11550692e+01 -5.26947796e+01
 -2.16979633e+01 -5.48935664e+01
 -2.22720927e+01 -5.70417817e+01
 -2.28710654e+01 -5.91258729e+01
 -2.34827881e+01 -6.11283638e+01
 -2.40904565e+01 -6.30283110e+01
 -2.46745472e+01 -6.48019875e+01
 -2.52151856e+01 -6.64239748e+01
 -2.56944106e+01 -6.78693623e+01
 -2.60981196e+01 -6.91170694e+01
 -2.64174444e+01 -7.01527528e+01
 -2.66491959e+01 -7.09691167e+01
 -2.67949550e+01 -7.15632041e+01
 -2.68585749e+01 -7.19331660e+01
 -2.68431579e+01 -7.20777326e+01
 -2.67500665e+01 -7.19988869e+01
 -2.65811435e+01 -7.17050478e+01
 -2.63416518e+01 -7.12118959e+01
 -2.60407995e+01 -7.05406649e+01
 -2.56899658e+01 -6.97160561e+01
 -2.53006918e+01 -6.87654945e+01
 -2.48832263e+01 -6.77190012e+01
 -2.44451589e+01 -6.66075314e+01
 -2.39899048e+01 -6.54589347e+01
 -2.35151748e+01 -6.42930834e+01
 -2.30115855e+01 -6.31184925e+01
 -2.24618054e+01 -6.19316317e+01
 -2.18410064e+01 -6.07187603e+01
 -2.11192290e+01 -5.94594416e+01
 -2.02653230e+01 -5.81306597e+01
 -1.92511548e+01 -5.67106752e+01
 -1.80549756e+01 -5.51824445e+01
 -1.66640654e+01 -5.35369428e+01
 -1.50774623e+01 -5.17765569e+01
 -1.33089980e+01 -4.99181160e+01
 -1.13897058e+01 -4.79945013e+01
 -9.36800204e+00 -4.60535085e+01
 -7.30657746e+00 -4.41533569e+01
 -5.27647457e+00 -4.23557609e+01
 -3.34991601e+00 -4.07184718e+01
 -1.59321743e+00 -3.92889260e+01
 -6.06548731e-02 -3.80998600e+01
 1.20975159e+00 -3.71672683e+01
 2.19782496e+00 -3.64907546e+01
 2.90037730e+00 -3.60558787e+01
 3.32870360e+00 -3.58378025e+01
 3.50525090e+00 -3.58055638e+01
 3.46013534e+00 -3.59263261e+01
 3.22789813e+00 -3.61687089e+01
 2.84481253e+00 -3.65042413e+01
 2.34731923e+00 -3.69067091e+01
 1.77187047e+00 -3.73503864e+01
 1.15528221e+00 -3.78088875e+01
 5.34100736e-01 -3.82558976e+01
 -5.75315767e-02 -3.86675893e+01
 -5.90724898e-01 -3.90252214e+01
 -1.04438153e+00 -3.93163111e+01
 -1.40682710e+00 -3.95337544e+01
 -1.67603058e+00 -3.96734732e+01
 -1.85766460e+00 -3.97320324e+01
 -1.96082835e+00 -3.97058416e+01
 -1.99352148e+00 -3.95926245e+01
 -1.96161407e+00 -3.93943207e+01
 -1.87237293e+00 -3.91198903e+01
 -1.73854591e+00 -3.87866897e+01
 -1.57817446e+00 -3.84189877e+01
 -1.40975115e+00 -3.80424993e+01
 -1.24650179e+00 -3.76766373e+01
 -1.09376367e+00 -3.73294984e+01
 -9.50565737e-01 -3.69991856e+01
 -8.13354862e-01 -3.66794603e+01
 -6.78960224e-01 -3.63647317e+01
 -5.45584217e-01 -3.60518142e+01
 -4.12494255e-01 -3.57394058e+01
 -2.79466895e-01 -3.54271089e+01
 -1.46450229e-01 -3.51148310e+01
 -1.34350042e-02 -3.48025556e+01
 1.19579891e-01 -3.44902810e+01
 2.52593021e-01 -3.41780105e+01
 3.85592838e-01 -3.38657712e+01
 5.18513456e-01 -3.35537179e+01
 6.51064205e-01 -3.32425329e+01
 7.82257096e-01 -3.29345357e+01
 9.09525478e-01 -3.26357520e+01
 1.02785104e+00 -3.23579630e+01
 1.13008888e+00 -3.21179426e+01
 1.20945460e+00 -3.19316183e+01
 1.20945460e+00 -3.19316183e+01
 1.20945460e+00 -3.19316183e+01
 1.20945460e+00 -3.19316183e+01
 1.20945460e+00 -3.19316183e+01
 1.20945460e+00 -3.19316183e+01
 1.20945460e+00 -3.19316183e+01
 1.20945460e+00 -3.19316183e+01
 1.20945460e+00 -3.19316183e+01
 1.20945460e+00 -3.19316183e+01
 1.20945460e+00 -3.19316183e+01
 1.20945460e+00 -3.19316183e+01
 1.20945460e+00 -3.19316183e+01
 1.20945460e+00 -3.19316183e+01
 1.20945460e+00 -3.19316183e+01
 1.20945460e+00 -3.19316183e+01
