 0.00000000e+00 0.00000000e+00
 0.00000000e+00 0.00000000e+00
 0.00000000e+00 0.00000000e+00
 0.00000000e+00 0.00000000e+00
 0.00000000e+00 0.00000000e+00
 0.00000000e+00 0.00000000e+00
 -2.04086744e-02 2.74242883e-02
 -6.30886865e-02 6.23353286e-02
 -1.37100754e-01 1.02449596e-01
 -2.45478648e-01 1.45207306e-01
 -3.83006966e-01 1.88895345e-01
 -5.40028110e-01 2.33589889e-01
 -7.09722799e-01 2.81403407e-01
 -8.93077677e-01 3.35505188e-01
 -1.09838122e+00 3.98310845e-01
 -1.33704118e+00 4.70261569e-01
 -1.61965621e+00 5.50040471e-01
 -1.95469801e+00 6.35273035e-01
 -2.34950384e+00 7.22199764e-01
 -2.81184704e+00 8.04314638e-01
 -3.35059537e+00 8.71347205e-01
 -3.97525806e+00 9.09333169e-01
 -4.69538922e+00 9.00983723e-01
 -5.52072695e+00 8.25552330e-01
 -6.46172828e+00 6.58925985e-01
 -7.52918797e+00 3.75163884e-01
 -8.73200564e+00 -5.07697788e-02
 -1.00735566e+01 -6.40467390e-01
 -1.15481452e+01 -1.41039246e+00
 -1.31388420e+01 -2.37063551e+00
 -1.48171083e+01 -3.52368804e+00
 -1.65437814e+01 -4.86315192e+00
 -1.82706911e+01 -6.37236928e+00
 -1.99427876e+01 -8.02323868e+00
 -2.15017317e+01 -9.77595621e+00
 -2.28918463e+01 -1.15804042e+01
 -2.40675878e+01 -1.33793719e+01
 -2.49998042e+01 -1.51132237e+01
 -2.56779662e+01 -1.67252399e+01
 -2.61077753e+01 -1.81666329e+01
 -2.63064510e+01 -1.94002305e+01
 -2.62987184e+01 -2.04021173e+01
 -2.61140100e+01 -2.11611740e+01
 -2.57828650e+01 -2.16770726e+01
 -2.53317167e+01 -2.19573727e+01
 -2.47784344e+01 -2.20141420e+01
 -2.41313239e+01 -2.18606790e+01
 -2.33916499e+01 -2.15093168e+01
 -2.25577721e+01 -2.09710978e+01
 -2.16290021e+01 -2.02571130e+01
 -2.06080712e+01 -1.93803555e+01
 -1.95018965e+01 -1.83568931e+01
 -1.83211064e+01 -1.72059827e+01
 -1.70790955e+01 -1.59495613e+01
 -1.57909362e+01 -1.46116192e+01
 -1.44721184e+01 -1.32175374e+01
 -1.31375113e+01 -1.17933041e+01
 -1.18012493e+01 -1.03647482e+01
 -1.04775719e+01 -8.95698604e+00
 -9.18174388e+00 -7.59400959e+00
 -7.93021782e+00 -6.29816528e+00
 -6.74008747e+00 -5.08945943e+00
 -5.62851645e+00 -3.98486370e+00
 -4.61234393e+00 -2.99776781e+00
 -3.70714787e+00 -2.13756452e+00
 -2.92522725e+00 -1.40921009e+00
 -2.27322453e+00 -8.12604714e-01
 -1.75077217e+00 -3.42053637e-01
 -1.35075474e+00 1.33698639e-02
 -1.06066952e+00 2.68001194e-01
 -8.64704359e-01 4.36877929e-01
 -7.46907798e-01 5.33332822e-01
 -6.94954501e-01 5.67479536e-01
 -7.02285039e-01 5.45455006e-01
 -7.67404081e-01 4.69148688e-01
 -8.92062851e-01 3.36241676e-01
 -1.08021589e+00 1.40639570e-01
 -1.33716743e+00 -1.26221697e-01
 -1.66761699e+00 -4.72993070e-01
 -2.07296866e+00 -9.05696239e-01
 -2.54928109e+00 -1.42580787e+00
 -3.08657079e+00 -2.02973704e+00
 -3.66925956e+00 -2.70958414e+00
 -4.27737667e+00 -3.45465081e+00
 -4.88832926e+00 -4.25308232e+00
 -5.47902596e+00 -5.09330024e+00
 -6.02790818e+00 -5.96526528e+00
 -6.51646984e+00 -6.86172150e+00
 -6.93030598e+00 -7.77938244e+00
 -7.26021013e+00 -8.71972381e+00
 -7.50373141e+00 -9.68896869e+00
 -7.66665052e+00 -1.06972482e+01
 -7.76269839e+00 -1.17574110e+01
 -7.81030277e+00 -1.28839021e+01
 -7.82800229e+00 -1.40916876e+01
 -7.83247271e+00 -1.53949209e+01
 -7.84086416e+00 -1.68050765e+01
 -7.87384986e+00 -1.83286830e+01
 -7.95427650e+00 -1.99654727e+01
 -8.10143570e+00 -2.17079140e+01
 -8.32619125e+00 -2.35421135e+01
 -8.63054690e+00 -2.54489899e+01
 -9.00993540e+00 -2.74048133e+01
 -9.45509540e+00 -2.93815081e+01
 -9.95303591e+00 -3.13480179e+01
 -1.04881921e+01 -3.32734138e+01
 -1.10440967e+01 -3.51307958e+01
 -1.16050699e+01 -3.69001922e+01
 -1.21575924e+01 -3.85696273e+01
 -1.26913451e+01 -4.01350257e+01
 -1.31998790e+01 -4.15998102e+01
 -1.36807454e+01 -4.29741164e+01
 -1.41349643e+01 -4.42730476e+01
 -1.45659922e+01 -4.55138859e+01
 -1.49785914e+01 -4.67128277e+01
 -1.53778651e+01 -4.78819248e+01
 -1.57682766e+01 -4.90266423e+01
 -1.61523760e+01 -5.01443515e+01
 -1.65295037e+01 -5.12242480e+01
 -1.68952451e+01 -5.22490206e+01
 -1.72420641e+01 -5.31978603e+01
 -1.75607459e+01 -5.40497987e+01
 -1.78419791e+01 -5.47864269e+01
 -1.80777942e+01 -5.53933195e+01
 -1.82628169e+01 -5.58598417e+01
 -1.83947091e+01 -5.61778611e+01
 -1.84728599e+01 -5.63405978e+01
 -1.84960123e+01 -5.63424146e+01
 -1.84613293e+01 -5.61792365e+01
 -1.83657518e+01 -5.58487459e+01
 -1.82069903e+01 -5.53499272e+01
 -1.79817814e+01 -5.46825208e+01
 -1.76829519e+01 -5.38475846e+01
 -1.72984475e+01 -5.28496454e+01
 -1.68130640e+01 -5.16992764e+01
 -1.62111452e+01 -5.04141986e+01
 -1.54785868e+01 -4.90180601e+01
 -1.46038333e+01 -4.75376789e+01
 -1.35784318e+01 -4.60002504e+01
 -1.23978128e+01 -4.44315347e+01
 -1.10624942e+01 -4.28549999e+01
 -9.57913291e+00 -4.12911960e+01
 -7.96057137e+00 -3.97568511e+01
 -6.22477491e+00 -3.82638853e+01
 -4.39348525e+00 -3.68188768e+01
 -2.49143640e+00 -3.54234820e+01
 -5.46309917e-01 -3.40761638e+01
 1.41087215e+00 -3.27751484e+01
 3.34541449e+00 -3.15217277e+01
 5.21927569e+00 -3.03224326e+01
 6.99244882e+00 -2.91889022e+01
 8.62531501e+00 -2.81355490e+01
 1.00815213e+01 -2.71764020e+01
 1.13306986e+01 -2.63225958e+01
 1.23502759e+01 -2.55810082e+01
 1.31261232e+01 -2.49538563e+01
 1.36525562e+01 -2.44390709e+01
 1.39325097e+01 -2.40313154e+01
 1.39782480e+01 -2.37232183e+01
 1.38125163e+01 -2.35059707e+01
 1.34698152e+01 -2.33684896e+01
 1.29966408e+01 -2.32955147e+01
 1.24478165e+01 -2.32668134e+01
 1.18765023e+01 -2.32599073e+01
 1.13210178e+01 -2.32558584e+01
 1.07972716e+01 -2.32441065e+01
 1.03024652e+01 -2.32226623e+01
 9.82586874e+00 -2.31942917e+01
 9.35783727e+00 -2.31624140e+01
 8.89289795e+00 -2.31292057e+01
 8.42882459e+00 -2.30956109e+01
 7.96494019e+00 -2.30619295e+01
 7.50108797e+00 -2.30282330e+01
 7.03724008e+00 -2.29945345e+01
 6.57339327e+00 -2.29608358e+01
 6.10955262e+00 -2.29271375e+01
 5.64575838e+00 -2.28934427e+01
 5.18224033e+00 -2.28597678e+01
 4.72001208e+00 -2.28261867e+01
 4.26251892e+00 -2.27929496e+01
 3.81871123e+00 -2.27607068e+01
 3.40608874e+00 -2.27307295e+01
 3.04956705e+00 -2.27048281e+01
 2.77280456e+00 -2.26847211e+01
 2.77280456e+00 -2.26847211e+01
 2.77280456e+00 -2.26847211e+01
 2.77280456e+00 -2.26847211e+01
 2.77280456e+00 -2.26847211e+01
 2.77280456e+00 -2.26847211e+01
 2.77280456e+00 -2.26847211e+01
 2.77280456e+00 -2.26847211e+01
 2.77280456e+00 -2.26847211e+01
 2.77280456e+00 -2.26847211e+01
 2.77280456e+00 -2.26847211e+01
 2.77280456e+00 -2.26847211e+01
 2.77280456e+00 -2.26847211e+01
 2.77280456e+00 -2.26847211e+01
 2.77280456e+00 -2.26847211e+01
 2.77280456e+00 -2.26847211e+01
 2.77280456e+00 -2.26847211e+01
 2.77280456e+00 -2.26847211e+01
 2.77280456e+00 -2.26847211e+01
 2.77280456e+00 -2.26847211e+01
 2.77280456e+00 -2.26847211e+01
 2.77280456e+00 -2.26847211e+01
