 0.00000000e+00 0.00000000e+00
 0.00000000e+00 0.00000000e+00
 0.00000000e+00 0.00000000e+00
 0.00000000e+00 0.00000000e+00
 0.00000000e+00 0.00000000e+00
 0.00000000e+00 0.00000000e+00
 0.00000000e+00 0.00000000e+00
 0.00000000e+00 0.00000000e+00
 0.00000000e+00 0.00000000e+00
 0.00000000e+00 0.00000000e+00
 0.00000000e+00 0.00000000e+00
 0.00000000e+00 0.00000000e+00
 0.00000000e+00 0.00000000e+00
 0.00000000e+00 0.00000000e+00
 0.00000000e+00 0.00000000e+00
 0.00000000e+00 0.00000000e+00
 0.00000000e+00 0.00000000e+00
 0.00000000e+00 0.00000000e+00
 0.00000000e+00 0.00000000e+00
 0.00000000e+00 0.00000000e+00
 0.00000000e+00 0.00000000e+00
 0.00000000e+00 0.00000000e+00
 0.00000000e+00 0.00000000e+00
 0.00000000e+00 0.00000000e+00
 0.00000000e+00 0.00000000e+00
 0.00000000e+00 0.00000000e+00
 0.00000000e+00 0.00000000e+00
 0.00000000e+00 0.00000000e+00
 0.00000000e+00 0.00000000e+00
 0.00000000e+00 0.00000000e+00
 0.00000000e+00 0.00000000e+00
 0.00000000e+00 0.00000000e+00
 0.00000000e+00 0.00000000e+00
 0.00000000e+00 0.00000000e+00
 0.00000000e+00 0.00000000e+00
 0.00000000e+00 0.00000000e+00
 0.00000000e+00 0.00000000e+00
 0.00000000e+00 0.00000000e+00
 0.00000000e+00 0.00000000e+00
 0.00000000e+00 0.00000000e+00
 0.00000000e+00 0.00000000e+00
 0.00000000e+00 0.00000000e+00
 0.00000000e+00 0.00000000e+00
 0.00000000e+00 0.00000000e+00
 0.00000000e+00 0.00000000e+00
 0.00000000e+00 0.00000000e+00
 0.00000000e+00 0.00000000e+00
 0.00000000e+00 0.00000000e+00
 0.00000000e+00 0.00000000e+00
 0.00000000e+00 0.00000000e+00
 0.00000000e+00 0.00000000e+00
 0.00000000e+00 0.00000000e+00
 0.00000000e+00 0.00000000e+00
 0.00000000e+00 0.00000000e+00
 0.00000000e+00 0.00000000e+00
 0.00000000e+00 0.00000000e+00
 -1.20781287e-01 8.93948137e-02
 -3.12599984e-01 1.98094346e-01
 -5.82263137e-01 3.13688727e-01
 -9.28764469e-01 4.23456491e-01
 -1.34864069e+00 5.17397823e-01
 -1.84054872e+00 5.87829594e-01
 -2.40652441e+00 6.26802791e-01
 -3.05104801e+00 6.23762727e-01
 -3.77973051e+00 5.65455300e-01
 -4.59837168e+00 4.37984292e-01
 -5.51233251e+00 2.28709606e-01
 -6.52578047e+00 -7.36696760e-02
 -7.64054612e+00 -4.79868259e-01
 -8.85509339e+00 -1.00000426e+00
 -1.01643890e+01 -1.64297981e+00
 -1.15607550e+01 -2.41629855e+00
 -1.30349741e+01 -3.32632167e+00
 -1.45766515e+01 -4.37793132e+00
 -1.61731441e+01 -5.57287376e+00
 -1.78072776e+01 -6.90706363e+00
 -1.94550565e+01 -8.36782686e+00
 -2.10847086e+01 -9.93205136e+00
 -2.26576543e+01 -1.15656825e+01
 -2.41310887e+01 -1.32246332e+01
 -2.54614430e+01 -1.48574181e+01
 -2.66081680e+01 -1.64098650e+01
 -2.75374992e+01 -1.78312910e+01
 -2.82255572e+01 -1.90803618e+01
 -2.86598626e+01 -2.01287973e+01
 -2.88388772e+01 -2.09621238e+01
 -2.87700504e+01 -2.15779403e+01
 -2.84672475e+01 -2.19828317e+01
 -2.79483953e+01 -2.21888817e+01
 -2.72338600e+01 -2.22103098e+01
 -2.63455659e+01 -2.20607765e+01
 -2.53065378e+01 -2.17520934e+01
 -2.41405782e+01 -2.12947144e+01
 -2.28719826e+01 -2.06994280e+01
 -2.15252865e+01 -1.99789662e+01
 -2.01248669e+01 -1.91485353e+01
 -1.86939218e+01 -1.82252419e+01
 -1.72526095e+01 -1.72269754e+01
 -1.58161579e+01 -1.61711873e+01
 -1.43944460e+01 -1.50737589e+01
 -1.29937406e+01 -1.39482071e+01
 -1.16196202e+01 -1.28055877e+01
 -1.02793915e+01 -1.16553125e+01
 -8.98305244e+00 -1.05067242e+01
 -7.74313226e+00 -9.37089124e+00
 -6.57434461e+00 -8.26197097e+00
 -5.49338436e+00 -7.19768894e+00
 -4.51807989e+00 -6.19867278e+00
 -3.66501343e+00 -5.28647132e+00
 -2.94604609e+00 -4.48045589e+00
 -2.36541708e+00 -3.79451608e+00
 -1.91881376e+00 -3.23488995e+00
 -1.59450195e+00 -2.79997865e+00
 -1.37573157e+00 -2.48187568e+00
 -1.24377919e+00 -2.26872934e+00
 -1.18140811e+00 -2.14754884e+00
 -1.17623450e+00 -2.10760888e+00
 -1.22281320e+00 -2.14394785e+00
 -1.32265075e+00 -2.25943086e+00
 -1.48269036e+00 -2.46433665e+00
 -1.71314800e+00 -2.77410935e+00
 -2.02491211e+00 -3.20669315e+00
 -2.42691512e+00 -3.78019609e+00
 -2.92448146e+00 -4.51086273e+00
 -3.51891750e+00 -5.41131848e+00
 -4.20753171e+00 -6.48936617e+00
 -4.98367870e+00 -7.74759687e+00
 -5.83733714e+00 -9.18361237e+00
 -6.75642561e+00 -1.07903527e+01
 -7.72815505e+00 -1.25563455e+01
 -8.73962630e+00 -1.44661066e+01
 -9.77752130e+00 -1.65007708e+01
 -1.08274352e+01 -1.86386661e+01
 -1.18737906e+01 -2.08556891e+01
 -1.29008299e+01 -2.31259099e+01
 -1.38940589e+01 -2.54229058e+01
 -1.48410913e+01 -2.77215023e+01
 -1.57316841e+01 -2.99989668e+01
 -1.65576779e+01 -3.22352428e+01
 -1.73135085e+01 -3.44126811e+01
 -1.79970797e+01 -3.65157440e+01
 -1.86099890e+01 -3.85306729e+01
 -1.91564647e+01 -4.04450004e+01
 -1.96417717e+01 -4.22470517e+01
 -2.00713397e+01 -4.39256745e+01
 -2.04506362e+01 -4.54701286e+01
 -2.07847072e+01 -4.68699215e+01
 -2.10769722e+01 -4.81148763e+01
 -2.13283049e+01 -4.91961162e+01
 -2.15377077e+01 -5.01079272e+01
 -2.17044538e+01 -5.08491903e+01
 -2.18296605e+01 -5.14228988e+01
 -2.19150835e+01 -5.18336586e+01
 -2.19595635e+01 -5.20847143e+01
 -2.19564330e+01 -5.21762293e+01
 -2.18942970e+01 -5.21050752e+01
 -2.17596521e+01 -5.18650391e+01
 -2.15379137e+01 -5.14467157e+01
 -2.12116116e+01 -5.08377524e+01
 -2.07576181e+01 -5.00246833e+01
 -2.01461353e+01 -4.89967159e+01
 -1.93428281e+01 -4.77504583e+01
 -1.83135991e+01 -4.62938944e+01
 -1.70305304e+01 -4.46483733e+01
 -1.54777590e+01 -4.28483758e+01
 -1.36565299e+01 -4.09395399e+01
 -1.15884886e+01 -3.89755933e+01
 -9.31602121e+00 -3.70145191e+01
 -6.89918727e+00 -3.51139258e+01
 -4.41002831e+00 -3.33259010e+01
 -1.92551724e+00 -3.16924031e+01
 4.79828648e-01 -3.02423671e+01
 2.74072588e+00 -2.89908972e+01
 4.80615142e+00 -2.79400966e+01
 6.64156788e+00 -2.70809371e+01
 8.22812342e+00 -2.63958794e+01
 9.55986005e+00 -2.58621476e+01
 1.06404196e+01 -2.54553580e+01
 1.14799380e+01 -2.51528147e+01
 1.20924035e+01 -2.49355226e+01
 1.24948692e+01 -2.47881820e+01
 1.27104845e+01 -2.46973606e+01
 1.27742999e+01 -2.46492424e+01
 1.27355551e+01 -2.46287992e+01
 1.26497508e+01 -2.46213252e+01
 1.25626430e+01 -2.46154188e+01
 1.24980065e+01 -2.46050953e+01
 1.24584228e+01 -2.45893511e+01
 1.24357983e+01 -2.45697879e+01
 1.24214378e+01 -2.45483090e+01
 1.24101186e+01 -2.45261079e+01
 1.23996605e+01 -2.45036981e+01
 1.23893914e+01 -2.44812416e+01
 1.23791547e+01 -2.44587769e+01
 1.23689223e+01 -2.44363112e+01
 1.23586903e+01 -2.44138454e+01
 1.23484586e+01 -2.43913799e+01
 1.23382278e+01 -2.43689167e+01
 1.23280031e+01 -2.43464668e+01
 1.23178069e+01 -2.43240794e+01
 1.23077152e+01 -2.43019213e+01
 1.22979253e+01 -2.42804261e+01
 1.22888233e+01 -2.42604413e+01
 1.22809589e+01 -2.42431736e+01
 1.22748538e+01 -2.42297690e+01
