 0.00000000e+00 0.00000000e+00
 0.00000000e+00 0.00000000e+00
 0.00000000e+00 0.00000000e+00
 0.00000000e+00 0.00000000e+00
 0.00000000e+00 0.00000000e+00
 0.00000000e+00 0.00000000e+00
 0.00000000e+00 0.00000000e+00
 0.00000000e+00 0.00000000e+00
 -6.17319748e-03 1.02642434e-01
 -4.45656096e-02 2.24297298e-01
 -1.28952536e-01 3.51790965e-01
 -2.65815552e-01 4.75072373e-01
 -4.55702738e-01 5.90178845e-01
 -6.97458067e-01 6.97547475e-01
 -9.91115828e-01 7.98844402e-01
 -1.33856324e+00 8.95043971e-01
 -1.74377171e+00 9.85917545e-01
 -2.21369074e+00 1.06975902e+00
 -2.75894952e+00 1.14263167e+00
 -3.39326684e+00 1.19737294e+00
 -4.13180293e+00 1.22295859e+00
 -4.98938375e+00 1.20453036e+00
 -5.97886879e+00 1.12398372e+00
 -7.10926725e+00 9.60877435e-01
 -8.38346980e+00 6.93604555e-01
 -9.79611962e+00 3.01133493e-01
 -1.13323868e+01 -2.34349845e-01
 -1.29680132e+01 -9.24282433e-01
 -1.46703515e+01 -1.77112759e+00
 -1.63998439e+01 -2.76718988e+00
 -1.81116087e+01 -3.89489264e+00
 -1.97571959e+01 -5.12803289e+00
 -2.12868924e+01 -6.43347323e+00
 -2.26530409e+01 -7.77307089e+00
 -2.38142928e+01 -9.10608933e+00
 -2.47396078e+01 -1.03923003e+01
 -2.54103598e+01 -1.15953213e+01
 -2.58201520e+01 -1.26850648e+01
 -2.59735771e+01 -1.36382716e+01
 -2.58849481e+01 -1.44372483e+01
 -2.55764268e+01 -1.50682442e+01
 -2.50745680e+01 -1.55208759e+01
 -2.44058752e+01 -1.57886694e+01
 -2.35934724e+01 -1.58699072e+01
 -2.26565184e+01 -1.57682817e+01
 -2.16120269e+01 -1.54932785e+01
 -2.04773673e+01 -1.50601010e+01
 -1.92719659e+01 -1.44889377e+01
 -1.80178332e+01 -1.38036364e+01
 -1.67391901e+01 -1.30298877e+01
 -1.54613161e+01 -1.21928998e+01
 -1.42084809e+01 -1.13148070e+01
 -1.30011245e+01 -1.04125112e+01
 -1.18531642e+01 -9.49668545e+00
 -1.07706353e+01 -8.57216908e+00
 -9.75229951e+00 -7.63947976e+00
 -8.79172629e+00 -6.69703048e+00
 -7.87965516e+00 -5.74364387e+00
 -7.00590765e+00 -4.78078255e+00
 -6.16117703e+00 -3.81388792e+00
 -5.33919830e+00 -2.85269071e+00
 -4.53879890e+00 -1.91090607e+00
 -3.76464350e+00 -1.00566431e+00
 -3.02612054e+00 -1.56408040e-01
 -2.33498234e+00 6.17275560e-01
 -1.70286581e+00 1.29864598e+00
 -1.13942899e+00 1.87635702e+00
 -6.51129972e-01 2.34544831e+00
 -2.40413632e-01 2.70688832e+00
 9.46524114e-02 2.96647167e+00
 3.60098493e-01 3.13346408e+00
 5.65231215e-01 3.21893199e+00
 7.21609684e-01 3.23385116e+00
 8.41804184e-01 3.18725829e+00
 9.37394354e-01 3.08459004e+00
 1.01612352e+00 2.92644671e+00
 1.07939460e+00 2.70818969e+00
 1.12141462e+00 2.42043135e+00
 1.12984001e+00 2.04996583e+00
 1.08697263e+00 1.58072117e+00
 9.71471858e-01 9.94719158e-01
 7.61137015e-01 2.73312540e-01
 4.36142591e-01 -6.01112548e-01
 -1.87524966e-02 -1.64329775e+00
 -6.13208241e-01 -2.86390531e+00
 -1.35023058e+00 -4.26930915e+00
 -2.22443719e+00 -5.86184606e+00
 -3.22082763e+00 -7.63971326e+00
 -4.31542309e+00 -9.59625802e+00
 -5.47760606e+00 -1.17190670e+01
 -6.67295277e+00 -1.39895127e+01
 -7.86594386e+00 -1.63830514e+01
 -9.02277411e+00 -1.88697771e+01
 -1.01143001e+01 -2.14145351e+01
 -1.11185658e+01 -2.39769239e+01
 -1.20222956e+01 -2.65126362e+01
 -1.28212141e+01 -2.89771429e+01
 -1.35194753e+01 -3.13309162e+01
 -1.41285122e+01 -3.35441646e+01
 -1.46653495e+01 -3.55995646e+01
 -1.51502917e+01 -3.74928522e+01
 -1.56042077e+01 -3.92318824e+01
 -1.60460894e+01 -4.08345144e+01
 -1.64915309e+01 -4.23252352e+01
 -1.69521504e+01 -4.37306321e+01
 -1.74353868e+01 -4.50745962e+01
 -1.79441909e+01 -4.63745259e+01
 -1.84766939e+01 -4.76392353e+01
 -1.90262493e+01 -4.88684189e+01
 -1.95819619e+01 -5.00532145e+01
 -2.01294567e+01 -5.11776993e+01
 -2.06518827e+01 -5.22214784e+01
 -2.11317061e+01 -5.31633446e+01
 -2.15535516e+01 -5.39852592e+01
 -2.19070615e+01 -5.46752504e+01
 -2.21881341e+01 -5.52280407e+01
 -2.23978938e+01 -5.56433702e+01
 -2.25398614e+01 -5.59230987e+01
 -2.26160988e+01 -5.60681911e+01
 -2.26238963e+01 -5.60760260e+01
 -2.25553364e+01 -5.59384134e+01
 -2.23998383e+01 -5.56411094e+01
 -2.21461671e+01 -5.51651046e+01
 -2.17811332e+01 -5.44889215e+01
 -2.12867333e+01 -5.35912114e+01
 -2.06392301e+01 -5.24537193e+01
 -1.98110670e+01 -5.10645458e+01
 -1.87740919e+01 -4.94209018e+01
 -1.75028302e+01 -4.75306444e+01
 -1.59777690e+01 -4.54126720e+01
 -1.41889959e+01 -4.30965829e+01
 -1.21400890e+01 -4.06217463e+01
 -9.85151347e+00 -3.80359025e+01
 -7.36244219e+00 -3.53936279e+01
 -4.73020046e+00 -3.27547689e+01
 -2.02716208e+00 -3.01822719e+01
 6.64693124e-01 -2.77385689e+01
 3.26113712e+00 -2.54804194e+01
 5.68393665e+00 -2.34535184e+01
 7.86823233e+00 -2.16888586e+01
 9.76754070e+00 -2.02017651e+01
 1.13560666e+01 -1.89927955e+01
 1.26288458e+01 -1.80492492e+01
 1.36000843e+01 -1.73469791e+01
 1.42997618e+01 -1.68529909e+01
 1.47687322e+01 -1.65290708e+01
 1.50527363e+01 -1.63360440e+01
 1.51957503e+01 -1.62381084e+01
 1.52338086e+01 -1.62065296e+01
 1.51916414e+01 -1.62214657e+01
 1.50838294e+01 -1.62710119e+01
 1.49192773e+01 -1.63482015e+01
 1.47061989e+01 -1.64477510e+01
 1.44558127e+01 -1.65637929e+01
 1.41835623e+01 -1.66891325e+01
 1.39065540e+01 -1.68162639e+01
 1.36381407e+01 -1.69395032e+01
 1.33838622e+01 -1.70565286e+01
 1.31421006e+01 -1.71680477e+01
 1.29081486e+01 -1.72760991e+01
 1.26778550e+01 -1.73825046e+01
 1.24488784e+01 -1.74883092e+01
 1.22202697e+01 -1.75939435e+01
 1.19917410e+01 -1.76995403e+01
 1.17632259e+01 -1.78051307e+01
 1.15347126e+01 -1.79107202e+01
 1.13061998e+01 -1.80163095e+01
 1.10776901e+01 -1.81218974e+01
 1.08492032e+01 -1.82274747e+01
 1.06208524e+01 -1.83329891e+01
 1.03931370e+01 -1.84382099e+01
 1.01677544e+01 -1.85423529e+01
 9.94911382e+00 -1.86433805e+01
 9.74583657e+00 -1.87373091e+01
 9.57019721e+00 -1.88184671e+01
 9.43385098e+00 -1.88814688e+01
 9.43385098e+00 -1.88814688e+01
 9.43385098e+00 -1.88814688e+01
 9.43385098e+00 -1.88814688e+01
 9.43385098e+00 -1.88814688e+01
 9.43385098e+00 -1.88814688e+01
 9.43385098e+00 -1.88814688e+01
 9.43385098e+00 -1.88814688e+01
 9.43385098e+00 -1.88814688e+01
 9.43385098e+00 -1.88814688e+01
 9.43385098e+00 -1.88814688e+01
 9.43385098e+00 -1.88814688e+01
 9.43385098e+00 -1.88814688e+01
 9.43385098e+00 -1.88814688e+01
 9.43385098e+00 -1.88814688e+01
 9.43385098e+00 -1.88814688e+01
 9.43385098e+00 -1.88814688e+01
 9.43385098e+00 -1.88814688e+01
 9.43385098e+00 -1.88814688e+01
 9.43385098e+00 -1.88814688e+01
 9.43385098e+00 -1.88814688e+01
 9.43385098e+00 -1.88814688e+01
 9.43385098e+00 -1.88814688e+01
 9.43385098e+00 -1.88814688e+01
 9.43385098e+00 -1.88814688e+01
 9.43385098e+00 -1.88814688e+01
 9.43385098e+00 -1.88814688e+01
 9.43385098e+00 -1.88814688e+01
 9.43385098e+00 -1.88814688e+01
 9.43385098e+00 -1.88814688e+01
