 0.00000000e+00 0.00000000e+00
 0.00000000e+00 0.00000000e+00
 0.00000000e+00 0.00000000e+00
 0.00000000e+00 0.00000000e+00
 0.00000000e+00 0.00000000e+00
 0.00000000e+00 0.00000000e+00
 0.00000000e+00 0.00000000e+00
 2.65307694e-01 1.62174630e-01
 5.59098112e-01 3.70383715e-01
 8.31192421e-01 6.08758010e-01
 1.04474430e+00 8.59434075e-01
 1.18881746e+00 1.10876696e+00
 1.27099054e+00 1.34973033e+00
 1.30012334e+00 1.58103804e+00
 1.27456705e+00 1.80431816e+00
 1.18196819e+00 2.02056280e+00
 1.00515482e+00 2.22710090e+00
 7.25857358e-01 2.41580437e+00
 3.24185396e-01 2.57222764e+00
 -2.22259987e-01 2.67520813e+00
 -9.36354455e-01 2.69738813e+00
 -1.83743933e+00 2.60758467e+00
 -2.93789439e+00 2.37493748e+00
 -4.24106040e+00 1.97346978e+00
 -5.73986232e+00 1.38558470e+00
 -7.41607583e+00 6.03958441e-01
 -9.24080949e+00 -3.67817195e-01
 -1.11762199e+01 -1.51540303e+00
 -1.31779305e+01 -2.81492187e+00
 -1.51978122e+01 -4.23588361e+00
 -1.71868071e+01 -5.74565478e+00
 -1.90971472e+01 -7.31365569e+00
 -2.08835665e+01 -8.91295986e+00
 -2.25039246e+01 -1.05186063e+01
 -2.39200927e+01 -1.21043788e+01
 -2.50997030e+01 -1.36407920e+01
 -2.60187153e+01 -1.50956546e+01
 -2.66639038e+01 -1.64362547e+01
 -2.70337023e+01 -1.76312812e+01
 -2.71363064e+01 -1.86517239e+01
 -2.69859306e+01 -1.94716166e+01
 -2.65998286e+01 -2.00697632e+01
 -2.59975730e+01 -2.04323363e+01
 -2.52014627e+01 -2.05549688e+01
 -2.42364311e+01 -2.04431337e+01
 -2.31293448e+01 -2.01108596e+01
 -2.19082091e+01 -1.95787190e+01
 -2.06012541e+01 -1.88719287e+01
 -1.92357804e+01 -1.80187487e+01
 -1.78369788e+01 -1.70487644e+01
 -1.64268525e+01 -1.59906951e+01
 -1.50231453e+01 -1.48701371e+01
 -1.36383866e+01 -1.37082143e+01
 -1.22795111e+01 -1.25216993e+01
 -1.09485412e+01 -1.13242783e+01
 -9.64455666e+00 -1.01282889e+01
 -8.36672481e+00 -8.94651779e+00
 -7.11773156e+00 -7.79384967e+00
 -5.90671048e+00 -6.68843722e+00
 -4.75057604e+00 -5.65175030e+00
 -3.67272482e+00 -4.70675622e+00
 -2.69899335e+00 -3.87419946e+00
 -1.85227342e+00 -3.16841569e+00
 -1.14799728e+00 -2.59485907e+00
 -5.92107735e-01 -2.15045469e+00
 -1.81719815e-01 -1.82614033e+00
 9.23331591e-02 -1.61033037e+00
 2.41991439e-01 -1.49248382e+00
 2.78432163e-01 -1.46619528e+00
 2.09723361e-01 -1.53105230e+00
 4.01972175e-02 -1.69294433e+00
 -2.29521352e-01 -1.96348062e+00
 -6.02777299e-01 -2.35911739e+00
 -1.08637119e+00 -2.89948491e+00
 -1.68779812e+00 -3.60432632e+00
 -2.41102235e+00 -4.48992120e+00
 -3.25324156e+00 -5.56673684e+00
 -4.20402495e+00 -6.83898172e+00
 -5.24607998e+00 -8.30505219e+00
 -6.35625193e+00 -9.95752290e+00
 -7.50630152e+00 -1.17824967e+01
 -8.66389676e+00 -1.37593143e+01
 -9.79435823e+00 -1.58616358e+01
 -1.08634783e+01 -1.80598683e+01
 -1.18413934e+01 -2.03238259e+01
 -1.27068310e+01 -2.26244226e+01
 -1.34503862e+01 -2.49343501e+01
 -1.40755773e+01 -2.72287893e+01
 -1.45974537e+01 -2.94868568e+01
 -1.50395868e+01 -3.16931291e+01
 -1.54303716e+01 -3.38378577e+01
 -1.57988913e+01 -3.59151709e+01
 -1.61703777e+01 -3.79199068e+01
 -1.65620296e+01 -3.98444404e+01
 -1.69805168e+01 -4.16765397e+01
 -1.74219132e+01 -4.33986407e+01
 -1.78737234e+01 -4.49886955e+01
 -1.83181444e+01 -4.64226754e+01
 -1.87357028e+01 -4.76782615e+01
 -1.91085602e+01 -4.87383876e+01
 -1.94230421e+01 -4.95930433e+01
 -1.96712563e+01 -5.02387437e+01
 -1.98518571e+01 -5.06767450e+01
 -1.99697771e+01 -5.09118063e+01
 -2.00341537e+01 -5.09521180e+01
 -2.00540588e+01 -5.08092337e+01
 -2.00336700e+01 -5.04967510e+01
 -1.99698524e+01 -5.00282471e+01
 -1.98532561e+01 -4.94163570e+01
 -1.96710210e+01 -4.86741096e+01
 -1.94089720e+01 -4.78175373e+01
 -1.90532361e+01 -4.68672343e+01
 -1.85918929e+01 -4.58472243e+01
 -1.80162175e+01 -4.47815985e+01
 -1.73207943e+01 -4.36909229e+01
 -1.65026901e+01 -4.25900782e+01
 -1.55604569e+01 -4.14878205e+01
 -1.44935641e+01 -4.03874876e+01
 -1.33024438e+01 -3.92882361e+01
 -1.19888827e+01 -3.81865336e+01
 -1.05564796e+01 -3.70780392e+01
 -9.01169942e+00 -3.59601153e+01
 -7.36648148e+00 -3.48347508e+01
 -5.64200451e+00 -3.37110386e+01
 -3.87125613e+00 -3.26062076e+01
 -2.09813264e+00 -3.15446626e+01
 -3.73020410e-01 -3.05551828e+01
 1.25327479e+00 -2.96670494e+01
 2.73535861e+00 -2.89061657e+01
 4.03794724e+00 -2.82920067e+01
 5.13901973e+00 -2.78357469e+01
 6.03087181e+00 -2.75394691e+01
 6.71894125e+00 -2.73959609e+01
 7.21938354e+00 -2.73886666e+01
 7.55658443e+00 -2.74923743e+01
 7.76054841e+00 -2.76760104e+01
 7.86344511e+00 -2.79077280e+01
 7.89595166e+00 -2.81604122e+01
 7.88507846e+00 -2.84153550e+01
 7.85342708e+00 -2.86630961e+01
 7.81799267e+00 -2.89016219e+01
 7.78840771e+00 -2.91330303e+01
 7.76703004e+00 -2.93603673e+01
 7.75182272e+00 -2.95858921e+01
 7.73985288e+00 -2.98107783e+01
 7.72914474e+00 -3.00354853e+01
 7.71881044e+00 -3.02601520e+01
 7.70856125e+00 -3.04848115e+01
 7.69832704e+00 -3.07094700e+01
 7.68809488e+00 -3.09341283e+01
 7.67786295e+00 -3.11587863e+01
 7.66763117e+00 -3.13834413e+01
 7.65740041e+00 -3.16080739e+01
 7.64717575e+00 -3.18325727e+01
 7.63697954e+00 -3.20564468e+01
 7.62688778e+00 -3.22780275e+01
 7.61709790e+00 -3.24929798e+01
 7.60799593e+00 -3.26928280e+01
 7.60013149e+00 -3.28655046e+01
 7.59402643e+00 -3.29995508e+01
 7.59402643e+00 -3.29995508e+01
 7.59402643e+00 -3.29995508e+01
 7.59402643e+00 -3.29995508e+01
 7.59402643e+00 -3.29995508e+01
 7.59402643e+00 -3.29995508e+01
 7.59402643e+00 -3.29995508e+01
 7.59402643e+00 -3.29995508e+01
 7.59402643e+00 -3.29995508e+01
 7.59402643e+00 -3.29995508e+01
 7.59402643e+00 -3.29995508e+01
 7.59402643e+00 -3.29995508e+01
 7.59402643e+00 -3.29995508e+01
 7.59402643e+00 -3.29995508e+01
 7.59402643e+00 -3.29995508e+01
 7.59402643e+00 -3.29995508e+01
 7.59402643e+00 -3.29995508e+01
 7.59402643e+00 -3.29995508e+01
 7.59402643e+00 -3.29995508e+01
 7.59402643e+00 -3.29995508e+01
 7.59402643e+00 -3.29995508e+01
 7.59402643e+00 -3.29995508e+01
 7.59402643e+00 -3.29995508e+01
 7.59402643e+00 -3.29995508e+01
 7.59402643e+00 -3.29995508e+01
 7.59402643e+00 -3.29995508e+01
 7.59402643e+00 -3.29995508e+01
 7.59402643e+00 -3.29995508e+01
 7.59402643e+00 -3.29995508e+01
 7.59402643e+00 -3.29995508e+01
 7.59402643e+00 -3.29995508e+01
 7.59402643e+00 -3.29995508e+01
 7.59402643e+00 -3.29995508e+01
 7.59402643e+00 -3.29995508e+01
 7.59402643e+00 -3.29995508e+01
 7.59402643e+00 -3.29995508e+01
 7.59402643e+00 -3.29995508e+01
 7.59402643e+00 -3.29995508e+01
 7.59402643e+00 -3.29995508e+01
 7.59402643e+00 -3.29995508e+01
 7.59402643e+00 -3.29995508e+01
 7.59402643e+00 -3.29995508e+01
 7.59402643e+00 -3.29995508e+01
 7.59402643e+00 -3.29995508e+01
 7.59402643e+00 -3.29995508e+01
 7.59402643e+00 -3.29995508e+01
