 0.00000000e+00 0.00000000e+00
 0.00000000e+00 0.00000000e+00
 0.00000000e+00 0.00000000e+00
 0.00000000e+00 0.00000000e+00
 0.00000000e+00 0.00000000e+00
 0.00000000e+00 0.00000000e+00
 0.00000000e+00 0.00000000e+00
 0.00000000e+00 0.00000000e+00
 0.00000000e+00 0.00000000e+00
 -5.91982465e-04 1.11003102e-01
 -2.94529486e-03 2.57711857e-01
 -1.05054554e-02 4.32937311e-01
 -3.03545356e-02 6.27751368e-01
 -7.35903996e-02 8.33959694e-01
 -1.53295180e-01 1.04429408e+00
 -2.80823769e-01 1.25171496e+00
 -4.63197350e-01 1.44908222e+00
 -7.03389902e-01 1.62933586e+00
 -1.00231341e+00 1.78577920e+00
 -1.36033755e+00 1.91198088e+00
 -1.77778641e+00 2.00104708e+00
 -2.25506659e+00 2.04463262e+00
 -2.79267878e+00 2.03264201e+00
 -3.39086255e+00 1.95441468e+00
 -4.04896247e+00 1.80098044e+00
 -4.76493997e+00 1.56673309e+00
 -5.53509887e+00 1.24940198e+00
 -6.35372575e+00 8.49109533e-01
 -7.21265818e+00 3.67957618e-01
 -8.10130099e+00 -1.89675399e-01
 -9.00752118e+00 -8.17022752e-01
 -9.91909636e+00 -1.50558677e+00
 -1.08247277e+01 -2.24634695e+00
 -1.17140743e+01 -3.03097781e+00
 -1.25775464e+01 -3.85266600e+00
 -1.34068092e+01 -4.70633653e+00
 -1.41954954e+01 -5.58827663e+00
 -1.49386989e+01 -6.49525423e+00
 -1.56310064e+01 -7.42331091e+00
 -1.62644914e+01 -8.36661276e+00
 -1.68281034e+01 -9.31692114e+00
 -1.73084944e+01 -1.02639844e+01
 -1.76913422e+01 -1.11965180e+01
 -1.79625693e+01 -1.21030970e+01
 -1.81095517e+01 -1.29725928e+01
 -1.81222991e+01 -1.37943228e+01
 -1.79940702e+01 -1.45582343e+01
 -1.77211359e+01 -1.52551195e+01
 -1.73021609e+01 -1.58765503e+01
 -1.67379249e+01 -1.64143502e+01
 -1.60317048e+01 -1.68598535e+01
 -1.51901367e+01 -1.72034200e+01
 -1.42240550e+01 -1.74345177e+01
 -1.31488028e+01 -1.75425034e+01
 -1.19839401e+01 -1.75181282e+01
 -1.07527564e+01 -1.73554298e+01
 -9.48181081e+00 -1.70531937e+01
 -8.20003759e+00 -1.66152827e+01
 -6.93680837e+00 -1.60498987e+01
 -5.71914204e+00 -1.53683849e+01
 -4.56909347e+00 -1.45840383e+01
 -3.50230546e+00 -1.37109739e+01
 -2.52782300e+00 -1.27628877e+01
 -1.64849113e+00 -1.17518310e+01
 -8.61434587e-01 -1.06874849e+01
 -1.58826657e-01 -9.57739764e+00
 4.70746151e-01 -8.42818490e+00
 1.04055232e+00 -7.24731345e+00
 1.56403021e+00 -6.04503229e+00
 2.05319976e+00 -4.83603383e+00
 2.51702230e+00 -3.64035255e+00
 2.95986513e+00 -2.48301221e+00
 3.38067310e+00 -1.39219139e+00
 3.77343226e+00 -3.96148954e-01
 4.12881298e+00 4.80282615e-01
 4.43615781e+00 1.21841426e+00
 4.68501299e+00 1.80659223e+00
 4.86596451e+00 2.23910002e+00
 4.97088863e+00 2.51388117e+00
 4.99283988e+00 2.63040075e+00
 4.92610217e+00 2.58869831e+00
 4.76693852e+00 2.38948791e+00
 4.51467865e+00 2.03401619e+00
 4.17214693e+00 1.52310774e+00
 3.74527327e+00 8.56843844e-01
 3.24270419e+00 3.65456703e-02
 2.67577521e+00 -9.31627782e-01
 2.05833430e+00 -2.03410558e+00
 1.40607600e+00 -3.25018202e+00
 7.35687926e-01 -4.55457410e+00
 6.41910598e-02 -5.92023230e+00
 -5.91302146e-01 -7.31979968e+00
 -1.21322799e+00 -8.72558697e+00
 -1.78284296e+00 -1.01092001e+01
 -2.27993264e+00 -1.14420809e+01
 -2.68362997e+00 -1.26971509e+01
 -2.97431589e+00 -1.38506543e+01
 -3.13584548e+00 -1.48832836e+01
 -3.15682272e+00 -1.57804191e+01
 -3.03018558e+00 -1.65318226e+01
 -2.75205109e+00 -1.71310635e+01
 -2.32143486e+00 -1.75747112e+01
 -1.74090799e+00 -1.78613410e+01
 -1.01674409e+00 -1.79906928e+01
 -1.57781433e-01 -1.79634899e+01
 8.26063572e-01 -1.77819634e+01
 1.92418935e+00 -1.74504386e+01
 3.12424890e+00 -1.69755199e+01
 4.41061272e+00 -1.63662468e+01
 5.76365203e+00 -1.56346319e+01
 7.16035129e+00 -1.47961847e+01
 8.57566523e+00 -1.38697108e+01
 9.98357213e+00 -1.28762525e+01
 1.13574364e+01 -1.18377387e+01
 1.26705955e+01 -1.07760620e+01
 1.38987515e+01 -9.71261278e+00
 1.50249371e+01 -8.66729999e+00
 1.60456930e+01 -7.65607918e+00
 1.69745617e+01 -6.68760420e+00
 1.78386476e+01 -5.76133941e+00
 1.86683896e+01 -4.86909382e+00
 1.94868865e+01 -3.99939578e+00
 2.03056638e+01 -3.14197543e+00
 2.11275000e+01 -2.29002651e+00
 2.19515280e+01 -1.44006372e+00
 2.27765174e+01 -5.90685376e-01
 2.36018079e+01 2.58554188e-01
 2.44271689e+01 1.10776728e+00
 2.52525426e+01 1.95697632e+00
 2.60779179e+01 2.80618478e+00
 2.69032923e+01 3.65539203e+00
 2.77286558e+01 4.50458808e+00
 2.85539368e+01 5.35369915e+00
 2.93787262e+01 6.20230458e+00
 3.02012206e+01 7.04854866e+00
 3.10152893e+01 7.88612377e+00
 3.18050060e+01 8.69864362e+00
 3.25392313e+01 9.45406982e+00
 3.31736302e+01 1.01067871e+01
 3.36661046e+01 1.06134818e+01
 3.36661046e+01 1.06134818e+01
 3.36661046e+01 1.06134818e+01
 3.36661046e+01 1.06134818e+01
 3.36661046e+01 1.06134818e+01
 3.36661046e+01 1.06134818e+01
 3.36661046e+01 1.06134818e+01
 3.36661046e+01 1.06134818e+01
 3.36661046e+01 1.06134818e+01
 3.36661046e+01 1.06134818e+01
 3.36661046e+01 1.06134818e+01
 3.36661046e+01 1.06134818e+01
 3.36661046e+01 1.06134818e+01
 3.36661046e+01 1.06134818e+01
 3.36661046e+01 1.06134818e+01
 3.36661046e+01 1.06134818e+01
 3.36661046e+01 1.06134818e+01
 3.36661046e+01 1.06134818e+01
 3.36661046e+01 1.06134818e+01
 3.36661046e+01 1.06134818e+01
 3.36661046e+01 1.06134818e+01
 3.36661046e+01 1.06134818e+01
 3.36661046e+01 1.06134818e+01
 3.36661046e+01 1.06134818e+01
 3.36661046e+01 1.06134818e+01
 3.36661046e+01 1.06134818e+01
 3.36661046e+01 1.06134818e+01
 3.36661046e+01 1.06134818e+01
 3.36661046e+01 1.06134818e+01
 3.36661046e+01 1.06134818e+01
 3.36661046e+01 1.06134818e+01
 3.36661046e+01 1.06134818e+01
 3.36661046e+01 1.06134818e+01
 3.36661046e+01 1.06134818e+01
 3.36661046e+01 1.06134818e+01
 3.36661046e+01 1.06134818e+01
 3.36661046e+01 1.06134818e+01
 3.36661046e+01 1.06134818e+01
 3.36661046e+01 1.06134818e+01
