 0.00000000e+00 0.00000000e+00
 0.00000000e+00 0.00000000e+00
 0.00000000e+00 0.00000000e+00
 0.00000000e+00 0.00000000e+00
 0.00000000e+00 0.00000000e+00
 6.32294951e-02 2.55942448e-01
 6.18514462e-02 5.58994615e-01
 -6.17601844e-02 8.72229232e-01
 -3.48479760e-01 1.16314374e+00
 -8.11203923e-01 1.41288570e+00
 -1.43859216e+00 1.61549282e+00
 -2.20725938e+00 1.77280392e+00
 -3.09326240e+00 1.88997740e+00
 -4.07771535e+00 1.97246559e+00
 -5.14672664e+00 2.02368168e+00
 -6.28899299e+00 2.04338139e+00
 -7.49405531e+00 2.02747618e+00
 -8.75195089e+00 1.96919820e+00
 -1.00535651e+01 1.86034257e+00
 -1.13911214e+01 1.69161889e+00
 -1.27586020e+01 1.45244256e+00
 -1.41519147e+01 1.13090657e+00
 -1.55688899e+01 7.14123367e-01
 -1.70094733e+01 1.88751523e-01
 -1.84759517e+01 -4.58406739e-01
 -1.99723088e+01 -1.23973291e+00
 -2.15022137e+01 -2.16603253e+00
 -2.30664702e+01 -3.24568851e+00
 -2.46612601e+01 -4.48369105e+00
 -2.62774902e+01 -5.88046403e+00
 -2.79003578e+01 -7.43042171e+00
 -2.95084171e+01 -9.12024222e+00
 -3.10728199e+01 -1.09270104e+01
 -3.25583563e+01 -1.28168406e+01
 -3.39269632e+01 -1.47451111e+01
 -3.51422450e+01 -1.66592859e+01
 -3.61729160e+01 -1.85041462e+01
 -3.69946963e+01 -2.02279208e+01
 -3.75916481e+01 -2.17874277e+01
 -3.79574363e+01 -2.31511242e+01
 -3.80957943e+01 -2.43001030e+01
 -3.80193119e+01 -2.52275607e+01
 -3.77464769e+01 -2.59368870e+01
 -3.72978099e+01 -2.64381644e+01
 -3.66923340e+01 -2.67435529e+01
 -3.59454374e+01 -2.68633858e+01
 -3.50685899e+01 -2.68049764e+01
 -3.40706540e+01 -2.65741724e+01
 -3.29600561e+01 -2.61775969e+01
 -3.17470374e+01 -2.56238945e+01
 -3.04453602e+01 -2.49241264e+01
 -2.90729996e+01 -2.40919076e+01
 -2.76515550e+01 -2.31430946e+01
 -2.62045041e+01 -2.20947556e+01
 -2.47548407e+01 -2.09637519e+01
 -2.33226867e+01 -1.97654529e+01
 -2.19232473e+01 -1.85129132e+01
 -2.05655627e+01 -1.72166986e+01
 -1.92526786e+01 -1.58854904e+01
 -1.79833569e+01 -1.45274951e+01
 -1.67546340e+01 -1.31525168e+01
 -1.55644738e+01 -1.17742493e+01
 -1.44143278e+01 -1.04120323e+01
 -1.33114586e+01 -9.09130369e+00
 -1.22700734e+01 -7.84241529e+00
 -1.13098886e+01 -6.69802525e+00
 -1.04519370e+01 -5.68970817e+00
 -9.71358038e+00 -4.84482143e+00
 -9.10550774e+00 -4.18474445e+00
 -8.63165914e+00 -3.72487311e+00
 -8.29039139e+00 -3.47569010e+00
 -8.07509066e+00 -3.44387986e+00
 -7.97488664e+00 -3.63282141e+00
 -7.97719323e+00 -4.04233786e+00
 -8.07156670e+00 -4.66827139e+00
 -8.25223356e+00 -5.50271812e+00
 -8.51769773e+00 -6.53487346e+00
 -8.86835063e+00 -7.75156624e+00
 -9.30410039e+00 -9.13718350e+00
 -9.82337562e+00 -1.06738087e+01
 -1.04235553e+01 -1.23423274e+01
 -1.11020757e+01 -1.41244401e+01
 -1.18575850e+01 -1.60051260e+01
 -1.26907771e+01 -1.79748027e+01
 -1.36043702e+01 -2.00298392e+01
 -1.46017610e+01 -2.21704585e+01
 -1.56846404e+01 -2.43969912e+01
 -1.68505469e+01 -2.67068519e+01
 -1.80912018e+01 -2.90936301e+01
 -1.93917773e+01 -3.15474743e+01
 -2.07308273e+01 -3.40549113e+01
 -2.20808454e+01 -3.65973024e+01
 -2.34097935e+01 -3.91491565e+01
 -2.46837718e+01 -4.16782462e+01
 -2.58704123e+01 -4.41479652e+01
 -2.69422786e+01 -4.65204796e+01
 -2.78796303e+01 -4.87591980e+01
 -2.86719270e+01 -5.08303942e+01
 -2.93176012e+01 -5.27045828e+01
 -2.98223765e+01 -5.43580479e+01
 -3.01972593e+01 -5.57744419e+01
 -3.04572093e+01 -5.69457705e+01
 -3.06200791e+01 -5.78716230e+01
 -3.07040306e+01 -5.85561133e+01
 -3.07226117e+01 -5.90037771e+01
 -3.06800582e+01 -5.92168812e+01
 -3.05707925e+01 -5.91956244e+01
 -3.03831919e+01 -5.89402124e+01
 -3.01030478e+01 -5.84524172e+01
 -2.97135649e+01 -5.77356899e+01
 -2.91940715e+01 -5.67954774e+01
 -2.85210179e+01 -5.56417096e+01
 -2.76714636e+01 -5.42927791e+01
 -2.66268686e+01 -5.27779733e+01
 -2.53759299e+01 -5.11361783e+01
 -2.39166265e+01 -4.94117143e+01
 -2.22575885e+01 -4.76500057e+01
 -2.04183730e+01 -4.58950199e+01
 -1.84285091e+01 -4.41884435e+01
 -1.63259231e+01 -4.25693158e+01
 -1.41552922e+01 -4.10730105e+01
 -1.19659202e+01 -3.97295428e+01
 -9.80836205e+00 -3.85620561e+01
 -7.73001275e+00 -3.75862532e+01
 -5.77100587e+00 -3.68107888e+01
 -3.96176084e+00 -3.62380638e+01
 -2.32251677e+00 -3.58648292e+01
 -8.64188080e-01 -3.56822868e+01
 4.10333728e-01 -3.56758324e+01
 1.50476465e+00 -3.58252075e+01
 2.42772766e+00 -3.61059079e+01
 3.19071322e+00 -3.64916192e+01
 3.80615629e+00 -3.69562663e+01
 4.28640696e+00 -3.74746387e+01
 4.64418793e+00 -3.80221193e+01
 4.89443039e+00 -3.85750312e+01
 5.05632687e+00 -3.91127509e+01
 5.15364605e+00 -3.96213401e+01
 5.21193399e+00 -4.00966442e+01
 5.25348009e+00 -4.05440440e+01
 5.29305786e+00 -4.09740566e+01
 5.33708515e+00 -4.13965497e+01
 5.38613388e+00 -4.18174031e+01
 5.43844540e+00 -4.22387063e+01
 5.49228364e+00 -4.26606181e+01
 5.54666537e+00 -4.30828408e+01
 5.60119710e+00 -4.35051677e+01
 5.65576114e+00 -4.39275200e+01
 5.71033063e+00 -4.43498769e+01
 5.76490084e+00 -4.47722345e+01
 5.81947104e+00 -4.51945915e+01
 5.87404053e+00 -4.56169430e+01
 5.92860455e+00 -4.60392522e+01
 5.98313609e+00 -4.64613099e+01
 6.03751588e+00 -4.68821932e+01
 6.09133861e+00 -4.72987650e+01
 6.14355128e+00 -4.77028754e+01
 6.19209510e+00 -4.80785900e+01
 6.23403883e+00 -4.84032219e+01
 6.26659912e+00 -4.86552288e+01
 6.26659912e+00 -4.86552288e+01
 6.26659912e+00 -4.86552288e+01
 6.26659912e+00 -4.86552288e+01
 6.26659912e+00 -4.86552288e+01
 6.26659912e+00 -4.86552288e+01
 6.26659912e+00 -4.86552288e+01
 6.26659912e+00 -4.86552288e+01
 6.26659912e+00 -4.86552288e+01
 6.26659912e+00 -4.86552288e+01
 6.26659912e+00 -4.86552288e+01
 6.26659912e+00 -4.86552288e+01
 6.26659912e+00 -4.86552288e+01
 6.26659912e+00 -4.86552288e+01
 6.26659912e+00 -4.86552288e+01
 6.26659912e+00 -4.86552288e+01
 6.26659912e+00 -4.86552288e+01
 6.26659912e+00 -4.86552288e+01
 6.26659912e+00 -4.86552288e+01
 6.26659912e+00 -4.86552288e+01
 6.26659912e+00 -4.86552288e+01
 6.26659912e+00 -4.86552288e+01
 6.26659912e+00 -4.86552288e+01
 6.26659912e+00 -4.86552288e+01
 6.26659912e+00 -4.86552288e+01
 6.26659912e+00 -4.86552288e+01
 6.26659912e+00 -4.86552288e+01
 6.26659912e+00 -4.86552288e+01
 6.26659912e+00 -4.86552288e+01
 6.26659912e+00 -4.86552288e+01
 6.26659912e+00 -4.86552288e+01
 6.26659912e+00 -4.86552288e+01
 6.26659912e+00 -4.86552288e+01
 6.26659912e+00 -4.86552288e+01
 6.26659912e+00 -4.86552288e+01
 6.26659912e+00 -4.86552288e+01
 6.26659912e+00 -4.86552288e+01
 6.26659912e+00 -4.86552288e+01
 6.26659912e+00 -4.86552288e+01
 6.26659912e+00 -4.86552288e+01
 6.26659912e+00 -4.86552288e+01
 6.26659912e+00 -4.86552288e+01
 6.26659912e+00 -4.86552288e+01
 6.26659912e+00 -4.86552288e+01
 6.26659912e+00 -4.86552288e+01
 6.26659912e+00 -4.86552288e+01
