 0.00000000e+00 0.00000000e+00
 0.00000000e+00 0.00000000e+00
 0.00000000e+00 0.00000000e+00
 0.00000000e+00 0.00000000e+00
 0.00000000e+00 0.00000000e+00
 0.00000000e+00 0.00000000e+00
 0.00000000e+00 0.00000000e+00
 0.00000000e+00 0.00000000e+00
 0.00000000e+00 0.00000000e+00
 0.00000000e+00 0.00000000e+00
 0.00000000e+00 0.00000000e+00
 0.00000000e+00 0.00000000e+00
 -2.20319844e-01 1.91272697e-01
 -5.72062321e-01 4.36095523e-01
 -1.07528781e+00 7.15404549e-01
 -1.73164404e+00 1.00678823e+00
 -2.52558473e+00 1.29003486e+00
 -3.43186084e+00 1.54840710e+00
 -4.42514720e+00 1.76761831e+00
 -5.48687052e+00 1.93468880e+00
 -6.60685219e+00 2.03730161e+00
 -7.78100856e+00 2.06321759e+00
 -9.00795569e+00 1.99944257e+00
 -1.02865570e+01 1.83186476e+00
 -1.16149774e+01 1.54629499e+00
 -1.29908331e+01 1.13046426e+00
 -1.44116525e+01 5.75498038e-01
 -1.58750035e+01 -1.23919000e-01
 -1.73780581e+01 -9.70254267e-01
 -1.89166329e+01 -1.96372212e+00
 -2.04838172e+01 -3.10185686e+00
 -2.20684865e+01 -4.37784717e+00
 -2.36541191e+01 -5.77832673e+00
 -2.52180627e+01 -7.28152110e+00
 -2.67311985e+01 -8.85621646e+00
 -2.81583589e+01 -1.04619727e+01
 -2.94603077e+01 -1.20513120e+01
 -3.05975698e+01 -1.35741074e+01
 -3.15350043e+01 -1.49829914e+01
 -3.22451878e+01 -1.62378699e+01
 -3.27095620e+01 -1.73085317e+01
 -3.29182125e+01 -1.81757334e+01
 -3.28699674e+01 -1.88314768e+01
 -3.25729823e+01 -1.92784801e+01
 -3.20439651e+01 -1.95281639e+01
 -3.13048766e+01 -1.95968081e+01
 -3.03788153e+01 -1.95010216e+01
 -2.92878412e+01 -1.92549280e+01
 -2.80535026e+01 -1.88705426e+01
 -2.66985748e+01 -1.83601485e+01
 -2.52480664e+01 -1.77380513e+01
 -2.37285023e+01 -1.70203915e+01
 -2.21658724e+01 -1.62237724e+01
 -2.05835640e+01 -1.53639185e+01
 -1.90013278e+01 -1.44546342e+01
 -1.74352258e+01 -1.35068180e+01
 -1.58978711e+01 -1.25277119e+01
 -1.43986445e+01 -1.15209060e+01
 -1.29441666e+01 -1.04873146e+01
 -1.15392791e+01 -9.42681777e+00
 -1.01883009e+01 -8.34009553e+00
 -8.89614244e+00 -7.23040298e+00
 -7.66906936e+00 -6.10515806e+00
 -6.51502258e+00 -4.97696786e+00
 -5.44344217e+00 -3.86363571e+00
 -4.46476110e+00 -2.78716849e+00
 -3.58968863e+00 -1.77218212e+00
 -2.82804387e+00 -8.43792991e-01
 -2.18710183e+00 -2.48016394e-02
 -1.67016183e+00 6.67374849e-01
 -1.27612787e+00 1.22257641e+00
 -1.00017640e+00 1.63727238e+00
 -8.35258851e-01 1.91167222e+00
 -7.74310455e-01 2.04631811e+00
 -8.12500663e-01 2.03993131e+00
 -9.48045590e-01 1.88906846e+00
 -1.18082219e+00 1.58894449e+00
 -1.51000128e+00 1.13440339e+00
 -1.93257005e+00 5.20483735e-01
 -2.44326998e+00 -2.57207095e-01
 -3.03528846e+00 -1.20185101e+00
 -3.70123878e+00 -2.31464246e+00
 -4.43440346e+00 -3.59470908e+00
 -5.22995158e+00 -5.04030880e+00
 -6.08555506e+00 -6.65062406e+00
 -7.00116845e+00 -8.42662232e+00
 -7.97814343e+00 -1.03701781e+01
 -9.01779229e+00 -1.24819470e+01
 -1.01194504e+01 -1.47586655e+01
 -1.12785058e+01 -1.71900394e+01
 -1.24852441e+01 -1.97556839e+01
 -1.37249712e+01 -2.24234631e+01
 -1.49791654e+01 -2.51505889e+01
 -1.62271800e+01 -2.78874760e+01
 -1.74480459e+01 -3.05826458e+01
 -1.86219014e+01 -3.31866282e+01
 -1.97309522e+01 -3.56543363e+01
 -2.07602822e+01 -3.79469644e+01
 -2.16984682e+01 -4.00340946e+01
 -2.25375325e+01 -4.18952560e+01
 -2.32723239e+01 -4.35198939e+01
 -2.39000649e+01 -4.49058219e+01
 -2.44204554e+01 -4.60571967e+01
 -2.48359599e+01 -4.69827277e+01
 -2.51516729e+01 -4.76937349e+01
 -2.53744423e+01 -4.82014411e+01
 -2.55111195e+01 -4.85140603e+01
 -2.55658545e+01 -4.86351420e+01
 -2.55371804e+01 -4.85639017e+01
 -2.54168440e+01 -4.82968212e+01
 -2.51912788e+01 -4.78292172e+01
 -2.48435434e+01 -4.71561028e+01
 -2.43533227e+01 -4.62728445e+01
 -2.36961989e+01 -4.51767281e+01
 -2.28452466e+01 -4.38698216e+01
 -2.17756234e+01 -4.23621340e+01
 -2.04704229e+01 -4.06737058e+01
 -1.89262846e+01 -3.88353495e+01
 -1.71578749e+01 -3.68887186e+01
 -1.51999660e+01 -3.48860054e+01
 -1.31060637e+01 -3.28886037e+01
 -1.09438574e+01 -3.09638166e+01
 -8.78844226e+00 -2.91793422e+01
 -6.71393856e+00 -2.75962709e+01
 -4.78439809e+00 -2.62621569e+01
 -3.04602263e+00 -2.52058459e+01
 -1.52307117e+00 -2.44349963e+01
 -2.18481838e-01 -2.39363275e+01
 8.81813062e-01 -2.36782568e+01
 1.80299619e+00 -2.36155197e+01
 2.57562835e+00 -2.36951337e+01
 3.23085509e+00 -2.38626612e+01
 3.79688340e+00 -2.40675262e+01
 4.29699390e+00 -2.42669009e+01
 4.74908323e+00 -2.44293225e+01
 5.16625690e+00 -2.45392469e+01
 5.55786833e+00 -2.46002759e+01
 5.93069344e+00 -2.46317634e+01
 6.29004177e+00 -2.46574952e+01
 6.64042302e+00 -2.46935465e+01
 6.98556267e+00 -2.47440051e+01
 7.32812061e+00 -2.48051865e+01
 7.66963550e+00 -2.48719128e+01
 8.01081026e+00 -2.49407673e+01
 8.35189635e+00 -2.50102435e+01
 8.69296409e+00 -2.50798595e+01
 9.03402883e+00 -2.51494999e+01
 9.37509314e+00 -2.52191436e+01
 9.71615694e+00 -2.52887876e+01
 1.00572162e+01 -2.53584306e+01
 1.03982414e+01 -2.54280667e+01
 1.07390635e+01 -2.54976614e+01
 1.10789372e+01 -2.55670623e+01
 1.14153293e+01 -2.56357523e+01
 1.17416584e+01 -2.57023876e+01
 1.20450573e+01 -2.57643405e+01
 1.23072056e+01 -2.58178702e+01
 1.25107075e+01 -2.58594246e+01
 1.25107075e+01 -2.58594246e+01
 1.25107075e+01 -2.58594246e+01
 1.25107075e+01 -2.58594246e+01
 1.25107075e+01 -2.58594246e+01
 1.25107075e+01 -2.58594246e+01
 1.25107075e+01 -2.58594246e+01
 1.25107075e+01 -2.58594246e+01
 1.25107075e+01 -2.58594246e+01
 1.25107075e+01 -2.58594246e+01
 1.25107075e+01 -2.58594246e+01
 1.25107075e+01 -2.58594246e+01
 1.25107075e+01 -2.58594246e+01
 1.25107075e+01 -2.58594246e+01
 1.25107075e+01 -2.58594246e+01
 1.25107075e+01 -2.58594246e+01
 1.25107075e+01 -2.58594246e+01
 1.25107075e+01 -2.58594246e+01
 1.25107075e+01 -2.58594246e+01
 1.25107075e+01 -2.58594246e+01
 1.25107075e+01 -2.58594246e+01
 1.25107075e+01 -2.58594246e+01
 1.25107075e+01 -2.58594246e+01
 1.25107075e+01 -2.58594246e+01
 1.25107075e+01 -2.58594246e+01
 1.25107075e+01 -2.58594246e+01
 1.25107075e+01 -2.58594246e+01
 1.25107075e+01 -2.58594246e+01
 1.25107075e+01 -2.58594246e+01
 1.25107075e+01 -2.58594246e+01
 1.25107075e+01 -2.58594246e+01
 1.25107075e+01 -2.58594246e+01
 1.25107075e+01 -2.58594246e+01
 1.25107075e+01 -2.58594246e+01
 1.25107075e+01 -2.58594246e+01
 1.25107075e+01 -2.58594246e+01
 1.25107075e+01 -2.58594246e+01
 1.25107075e+01 -2.58594246e+01
 1.25107075e+01 -2.58594246e+01
 1.25107075e+01 -2.58594246e+01
 1.25107075e+01 -2.58594246e+01
 1.25107075e+01 -2.58594246e+01
 1.25107075e+01 -2.58594246e+01
 1.25107075e+01 -2.58594246e+01
 1.25107075e+01 -2.58594246e+01
 1.25107075e+01 -2.58594246e+01
 1.25107075e+01 -2.58594246e+01
 1.25107075e+01 -2.58594246e+01
