 0.00000000e+00 0.00000000e+00
 0.00000000e+00 0.00000000e+00
 0.00000000e+00 0.00000000e+00
 0.00000000e+00 0.00000000e+00
 0.00000000e+00 0.00000000e+00
 0.00000000e+00 0.00000000e+00
 0.00000000e+00 0.00000000e+00
 0.00000000e+00 0.00000000e+00
 0.00000000e+00 0.00000000e+00
 0.00000000e+00 0.00000000e+00
 0.00000000e+00 0.00000000e+00
 -9.47131297e-04 1.01607749e-03
 -4.70971199e-03 4.33618929e-03
 -1.68096839e-02 1.32370063e-02
 -4.87045410e-02 3.30875444e-02
 -1.18776745e-01 7.05380079e-02
 -2.49908426e-01 1.31488701e-01
 -4.64589844e-01 2.18902181e-01
 -7.81254064e-01 3.31623835e-01
 -1.21395796e+00 4.64189321e-01
 -1.77353549e+00 6.06757237e-01
 -2.46756764e+00 7.44994511e-01
 -3.29932478e+00 8.60702966e-01
 -4.26762596e+00 9.33346978e-01
 -5.36833757e+00 9.41143521e-01
 -6.59637160e+00 8.60687150e-01
 -7.94674244e+00 6.66450407e-01
 -9.41413666e+00 3.32500355e-01
 -1.09913966e+01 -1.63415422e-01
 -1.26677898e+01 -8.35650078e-01
 -1.44276013e+01 -1.68825378e+00
 -1.62487431e+01 -2.71458887e+00
 -1.81010490e+01 -3.89813404e+00
 -1.99450344e+01 -5.21357141e+00
 -2.17325073e+01 -6.62782708e+00
 -2.34095094e+01 -8.10164129e+00
 -2.49208794e+01 -9.59241802e+00
 -2.62155205e+01 -1.10580397e+01
 -2.72516384e+01 -1.24601919e+01
 -2.80009943e+01 -1.37658533e+01
 -2.84510855e+01 -1.49468461e+01
 -2.86048195e+01 -1.59785028e+01
 -2.84781041e+01 -1.68387059e+01
 -2.80959893e+01 -1.75079199e+01
 -2.74880026e+01 -1.79700361e+01
 -2.66837343e+01 -1.82134054e+01
 -2.57100760e+01 -1.82315589e+01
 -2.45910043e+01 -1.80237916e+01
 -2.33494737e+01 -1.75962487e+01
 -2.20097679e+01 -1.69634251e+01
 -2.05986253e+01 -1.61487522e+01
 -1.91446857e+01 -1.51830427e+01
 -1.76769463e+01 -1.41010139e+01
 -1.62229211e+01 -1.29371811e+01
 -1.48066892e+01 -1.17224208e+01
 -1.34469034e+01 -1.04820015e+01
 -1.21551516e+01 -9.23524321e+00
 -1.09354816e+01 -7.99644286e+00
 -9.78587529e+00 -6.77668770e+00
 -8.70153092e+00 -5.58641578e+00
 -7.67872116e+00 -4.43829486e+00
 -6.71783627e+00 -3.34922576e+00
 -5.82473363e+00 -2.34013672e+00
 -5.00993140e+00 -1.43338581e+00
 -4.28577481e+00 -6.49188806e-01
 -3.66271516e+00 -2.98644910e-03
 -3.14648128e+00 4.95422836e-01
 -2.73741883e+00 8.41530353e-01
 -2.43195489e+00 1.03522750e+00
 -2.22509876e+00 1.07932580e+00
 -2.11280931e+00 9.77441942e-01
 -2.09354077e+00 7.32006381e-01
 -2.16868133e+00 3.43205399e-01
 -2.34214771e+00 -1.91130425e-01
 -2.61993784e+00 -8.75028249e-01
 -3.00984554e+00 -1.71350953e+00
 -3.52042156e+00 -2.71180331e+00
 -4.15873496e+00 -3.87516732e+00
 -4.92797429e+00 -5.20924253e+00
 -5.82607161e+00 -6.72012001e+00
 -6.84549006e+00 -8.41339273e+00
 -7.97367602e+00 -1.02925003e+01
 -9.19358013e+00 -1.23575208e+01
 -1.04838469e+01 -1.46050423e+01
 -1.18189654e+01 -1.70283903e+01
 -1.31702303e+01 -1.96171546e+01
 -1.45079841e+01 -2.23561309e+01
 -1.58048698e+01 -2.52247384e+01
 -1.70395007e+01 -2.81974975e+01
 -1.81998264e+01 -3.12451000e+01
 -1.92853371e+01 -3.43352025e+01
 -2.03074339e+01 -3.74326913e+01
 -2.12877668e+01 -4.05002314e+01
 -2.22546972e+01 -4.35001139e+01
 -2.32383384e+01 -4.63971588e+01
 -2.42649753e+01 -4.91611813e+01
 -2.53517026e+01 -5.17678044e+01
 -2.65019294e+01 -5.41976443e+01
 -2.77026626e+01 -5.64346261e+01
 -2.89248237e+01 -5.84641266e+01
 -3.01271093e+01 -6.02714886e+01
 -3.12623506e+01 -6.18413645e+01
 -3.22842411e+01 -6.31578503e+01
 -3.31522841e+01 -6.42046856e+01
 -3.38338681e+01 -6.49651116e+01
 -3.43040717e+01 -6.54223091e+01
 -3.45447552e+01 -6.55617126e+01
 -3.45439384e+01 -6.53747549e+01
 -3.42953719e+01 -6.48616557e+01
 -3.37977189e+01 -6.40313754e+01
 -3.30531095e+01 -6.28994866e+01
 -3.20658218e+01 -6.14865077e+01
 -3.08424489e+01 -5.98181866e+01
 -2.93938268e+01 -5.79268030e+01
 -2.77372137e+01 -5.58517336e+01
 -2.58971695e+01 -5.36387526e+01
 -2.39052164e+01 -5.13386947e+01
 -2.17992265e+01 -4.90059128e+01
 -1.96227829e+01 -4.66963685e+01
 -1.74240550e+01 -4.44652421e+01
 -1.52541067e+01 -4.23643064e+01
 -1.31650447e+01 -4.04392601e+01
 -1.12077785e+01 -3.87268904e+01
 -9.42828617e+00 -3.72520703e+01
 -7.86224503e+00 -3.60253485e+01
 -6.53026492e+00 -3.50424506e+01
 -5.43650248e+00 -3.42864155e+01
 -4.57099504e+00 -3.37315628e+01
 -3.91352095e+00 -3.33475999e+01
 -3.43683155e+00 -3.31029741e+01
 -3.10901625e+00 -3.29677854e+01
 -2.89634701e+00 -3.29162973e+01
 -2.76762373e+00 -3.29279802e+01
 -2.69868606e+00 -3.29864956e+01
 -2.67397532e+00 -3.30780054e+01
 -2.68398335e+00 -3.31906412e+01
 -2.72124025e+00 -3.33150637e+01
 -2.77802683e+00 -3.34446676e+01
 -2.84625529e+00 -3.35749196e+01
 -2.91843074e+00 -3.37026898e+01
 -2.98901745e+00 -3.38262287e+01
 -3.05545363e+00 -3.39453442e+01
 -3.11787294e+00 -3.40610521e+01
 -3.17769410e+00 -3.41747481e+01
 -3.23627894e+00 -3.42875225e+01
 -3.29441671e+00 -3.43999675e+01
 -3.35242985e+00 -3.45123207e+01
 -3.41041600e+00 -3.46246538e+01
 -3.46839760e+00 -3.47369834e+01
 -3.52637859e+00 -3.48493126e+01
 -3.58435944e+00 -3.49616417e+01
 -3.64233952e+00 -3.50739692e+01
 -3.70031380e+00 -3.51862854e+01
 -3.75825356e+00 -3.52985348e+01
 -3.81603209e+00 -3.54104719e+01
 -3.87321874e+00 -3.55212623e+01
 -3.92869470e+00 -3.56287384e+01
 -3.98027251e+00 -3.57286625e+01
 -4.02483772e+00 -3.58150008e+01
 -4.05943303e+00 -3.58820239e+01
 -4.05943303e+00 -3.58820239e+01
 -4.05943303e+00 -3.58820239e+01
 -4.05943303e+00 -3.58820239e+01
 -4.05943303e+00 -3.58820239e+01
 -4.05943303e+00 -3.58820239e+01
 -4.05943303e+00 -3.58820239e+01
 -4.05943303e+00 -3.58820239e+01
 -4.05943303e+00 -3.58820239e+01
 -4.05943303e+00 -3.58820239e+01
 -4.05943303e+00 -3.58820239e+01
 -4.05943303e+00 -3.58820239e+01
 -4.05943303e+00 -3.58820239e+01
 -4.05943303e+00 -3.58820239e+01
 -4.05943303e+00 -3.58820239e+01
 -4.05943303e+00 -3.58820239e+01
 -4.05943303e+00 -3.58820239e+01
 -4.05943303e+00 -3.58820239e+01
 -4.05943303e+00 -3.58820239e+01
 -4.05943303e+00 -3.58820239e+01
 -4.05943303e+00 -3.58820239e+01
 -4.05943303e+00 -3.58820239e+01
 -4.05943303e+00 -3.58820239e+01
 -4.05943303e+00 -3.58820239e+01
 -4.05943303e+00 -3.58820239e+01
 -4.05943303e+00 -3.58820239e+01
 -4.05943303e+00 -3.58820239e+01
 -4.05943303e+00 -3.58820239e+01
 -4.05943303e+00 -3.58820239e+01
 -4.05943303e+00 -3.58820239e+01
 -4.05943303e+00 -3.58820239e+01
 -4.05943303e+00 -3.58820239e+01
 -4.05943303e+00 -3.58820239e+01
 -4.05943303e+00 -3.58820239e+01
 -4.05943303e+00 -3.58820239e+01
 -4.05943303e+00 -3.58820239e+01
 -4.05943303e+00 -3.58820239e+01
 -4.05943303e+00 -3.58820239e+01
 -4.05943303e+00 -3.58820239e+01
 -4.05943303e+00 -3.58820239e+01
 -4.05943303e+00 -3.58820239e+01
 -4.05943303e+00 -3.58820239e+01
 -4.05943303e+00 -3.58820239e+01
 -4.05943303e+00 -3.58820239e+01
 -4.05943303e+00 -3.58820239e+01
 -4.05943303e+00 -3.58820239e+01
