 0.00000000e+00 0.00000000e+00
 0.00000000e+00 0.00000000e+00
 0.00000000e+00 0.00000000e+00
 0.00000000e+00 0.00000000e+00
 0.00000000e+00 0.00000000e+00
 0.00000000e+00 0.00000000e+00
 0.00000000e+00 0.00000000e+00
 0.00000000e+00 0.00000000e+00
 0.00000000e+00 0.00000000e+00
 0.00000000e+00 0.00000000e+00
 0.00000000e+00 0.00000000e+00
 0.00000000e+00 0.00000000e+00
 0.00000000e+00 0.00000000e+00
 0.00000000e+00 0.00000000e+00
 0.00000000e+00 0.00000000e+00
 0.00000000e+00 0.00000000e+00
 0.00000000e+00 0.00000000e+00
 0.00000000e+00 0.00000000e+00
 -2.36892566e-01 1.57246505e-01
 -5.56414413e-01 3.56560176e-01
 -9.49689019e-01 5.78372261e-01
 -1.40722927e+00 7.98136479e-01
 -1.92550564e+00 9.91287905e-01
 -2.50830766e+00 1.13489205e+00
 -3.16494314e+00 1.20763808e+00
 -3.90773661e+00 1.19014493e+00
 -4.74954994e+00 1.06596716e+00
 -5.70118373e+00 8.22715753e-01
 -6.76852685e+00 4.52780362e-01
 -7.94968860e+00 -4.64619563e-02
 -9.23314224e+00 -6.72836095e-01
 -1.05982025e+01 -1.41994595e+00
 -1.20178407e+01 -2.27836239e+00
 -1.34620436e+01 -3.23745251e+00
 -1.48998688e+01 -4.28717983e+00
 -1.63000615e+01 -5.41879738e+00
 -1.76313580e+01 -6.62391015e+00
 -1.88630187e+01 -7.89245966e+00
 -1.99650024e+01 -9.21074751e+00
 -2.09076471e+01 -1.05602262e+01
 -2.16622179e+01 -1.19170616e+01
 -2.22035012e+01 -1.32523195e+01
 -2.25132865e+01 -1.45329741e+01
 -2.25821248e+01 -1.57239347e+01
 -2.24086253e+01 -1.67907324e+01
 -2.19984925e+01 -1.77021013e+01
 -2.13650944e+01 -1.84317920e+01
 -2.05300703e+01 -1.89594036e+01
 -1.95216296e+01 -1.92706617e+01
 -1.83711644e+01 -1.93579908e+01
 -1.71109348e+01 -1.92217565e+01
 -1.57739056e+01 -1.88714328e+01
 -1.43940913e+01 -1.83254850e+01
 -1.30055706e+01 -1.76095176e+01
 -1.16402710e+01 -1.67533747e+01
 -1.03258129e+01 -1.57883494e+01
 -9.08411504e+00 -1.47451276e+01
 -7.93054231e+00 -1.36521422e+01
 -6.87345054e+00 -1.25338658e+01
 -5.91452594e+00 -1.14094878e+01
 -5.05020442e+00 -1.02930813e+01
 -4.27383022e+00 -9.19569362e+00
 -3.57795568e+00 -8.12851514e+00
 -2.95634319e+00 -7.10559353e+00
 -2.40529566e+00 -6.14479462e+00
 -1.92395963e+00 -5.26665266e+00
 -1.51351408e+00 -4.49200457e+00
 -1.17562109e+00 -3.84007791e+00
 -9.10882384e-01 -3.32826411e+00
 -7.17995675e-01 -2.97335167e+00
 -5.93899259e-01 -2.79274941e+00
 -5.34906140e-01 -2.80432670e+00
 -5.38367402e-01 -3.02471497e+00
 -6.03402069e-01 -3.46716988e+00
 -7.29429236e-01 -4.14046711e+00
 -9.13691751e-01 -5.04917774e+00
 -1.15047465e+00 -6.19380503e+00
 -1.43275106e+00 -7.56917990e+00
 -1.75447729e+00 -9.16196008e+00
 -2.11203666e+00 -1.09499792e+01
 -2.50500461e+00 -1.29047848e+01
 -2.93677450e+00 -1.49955625e+01
 -3.41481063e+00 -1.71915528e+01
 -3.94993812e+00 -1.94621551e+01
 -4.55447550e+00 -2.17765265e+01
 -5.23966635e+00 -2.41047489e+01
 -6.01331267e+00 -2.64206496e+01
 -6.87820791e+00 -2.87043915e+01
 -7.83112825e+00 -3.09429609e+01
 -8.86199404e+00 -3.31285024e+01
 -9.95344602e+00 -3.52557685e+01
 -1.10811361e+01 -3.73193583e+01
 -1.22144962e+01 -3.93105070e+01
 -1.33179120e+01 -4.12138294e+01
 -1.43528599e+01 -4.30057063e+01
 -1.52813707e+01 -4.46558213e+01
 -1.60703028e+01 -4.61314665e+01
 -1.66953400e+01 -4.74024523e+01
 -1.71434303e+01 -4.84444278e+01
 -1.74125130e+01 -4.92399432e+01
 -1.75085608e+01 -4.97780754e+01
 -1.74418013e+01 -5.00537543e+01
 -1.72241659e+01 -5.00672682e+01
 -1.68676652e+01 -4.98236414e+01
 -1.63818967e+01 -4.93313909e+01
 -1.57709172e+01 -4.86009609e+01
 -1.50320887e+01 -4.76442125e+01
 -1.41583240e+01 -4.64761742e+01
 -1.31422565e+01 -4.51185493e+01
 -1.19802074e+01 -4.36029812e+01
 -1.06754129e+01 -4.19723108e+01
 -9.24093264e+00 -4.02793296e+01
 -7.70182460e+00 -3.85833444e+01
 -6.09519024e+00 -3.69450883e+01
 -4.46723792e+00 -3.54208726e+01
 -2.86809031e+00 -3.40572884e+01
 -1.34595184e+00 -3.28875308e+01
 5.81693684e-02 -3.19296383e+01
 1.31463604e+00 -3.11863167e+01
 2.40762559e+00 -3.06459427e+01
 3.33510337e+00 -3.02847611e+01
 4.10639088e+00 -3.00707626e+01
 4.73838067e+00 -2.99692353e+01
 5.25151272e+00 -2.99483540e+01
 5.66639953e+00 -2.99823306e+01
 6.00215718e+00 -3.00513584e+01
 6.27692045e+00 -3.01401499e+01
 6.50911348e+00 -3.02371695e+01
 6.71697704e+00 -3.03347974e+01
 6.91571693e+00 -3.04293293e+01
 7.11465635e+00 -3.05201043e+01
 7.31706410e+00 -3.06080564e+01
 7.52253895e+00 -3.06944290e+01
 7.72968636e+00 -3.07801143e+01
 7.93748961e+00 -3.08655642e+01
 8.14548633e+00 -3.09509504e+01
 8.35352678e+00 -3.10363232e+01
 8.56157485e+00 -3.11216937e+01
 8.76962393e+00 -3.12070639e+01
 8.97767284e+00 -3.12924339e+01
 9.18571902e+00 -3.13778029e+01
 9.39374437e+00 -3.14631632e+01
 9.60164585e+00 -3.15484728e+01
 9.80896882e+00 -3.16335449e+01
 1.00141680e+01 -3.17177456e+01
 1.02132288e+01 -3.17994275e+01
 1.03983021e+01 -3.18753698e+01
 1.05582125e+01 -3.19409869e+01
 1.06823487e+01 -3.19919244e+01
 1.06823487e+01 -3.19919244e+01
 1.06823487e+01 -3.19919244e+01
 1.06823487e+01 -3.19919244e+01
 1.06823487e+01 -3.19919244e+01
 1.06823487e+01 -3.19919244e+01
 1.06823487e+01 -3.19919244e+01
 1.06823487e+01 -3.19919244e+01
 1.06823487e+01 -3.19919244e+01
 1.06823487e+01 -3.19919244e+01
 1.06823487e+01 -3.19919244e+01
 1.06823487e+01 -3.19919244e+01
 1.06823487e+01 -3.19919244e+01
 1.06823487e+01 -3.19919244e+01
 1.06823487e+01 -3.19919244e+01
 1.06823487e+01 -3.19919244e+01
 1.06823487e+01 -3.19919244e+01
 1.06823487e+01 -3.19919244e+01
 1.06823487e+01 -3.19919244e+01
 1.06823487e+01 -3.19919244e+01
 1.06823487e+01 -3.19919244e+01
 1.06823487e+01 -3.19919244e+01
 1.06823487e+01 -3.19919244e+01
 1.06823487e+01 -3.19919244e+01
 1.06823487e+01 -3.19919244e+01
 1.06823487e+01 -3.19919244e+01
 1.06823487e+01 -3.19919244e+01
 1.06823487e+01 -3.19919244e+01
 1.06823487e+01 -3.19919244e+01
 1.06823487e+01 -3.19919244e+01
 1.06823487e+01 -3.19919244e+01
 1.06823487e+01 -3.19919244e+01
 1.06823487e+01 -3.19919244e+01
 1.06823487e+01 -3.19919244e+01
 1.06823487e+01 -3.19919244e+01
 1.06823487e+01 -3.19919244e+01
 1.06823487e+01 -3.19919244e+01
 1.06823487e+01 -3.19919244e+01
 1.06823487e+01 -3.19919244e+01
 1.06823487e+01 -3.19919244e+01
 1.06823487e+01 -3.19919244e+01
 1.06823487e+01 -3.19919244e+01
 1.06823487e+01 -3.19919244e+01
 1.06823487e+01 -3.19919244e+01
 1.06823487e+01 -3.19919244e+01
 1.06823487e+01 -3.19919244e+01
 1.06823487e+01 -3.19919244e+01
 1.06823487e+01 -3.19919244e+01
 1.06823487e+01 -3.19919244e+01
 1.06823487e+01 -3.19919244e+01
 1.06823487e+01 -3.19919244e+01
 1.06823487e+01 -3.19919244e+01
 1.06823487e+01 -3.19919244e+01
 1.06823487e+01 -3.19919244e+01
 1.06823487e+01 -3.19919244e+01
 1.06823487e+01 -3.19919244e+01
 1.06823487e+01 -3.19919244e+01
