 0.00000000e+00 0.00000000e+00
 0.00000000e+00 0.00000000e+00
 0.00000000e+00 0.00000000e+00
 0.00000000e+00 0.00000000e+00
 0.00000000e+00 0.00000000e+00
 0.00000000e+00 0.00000000e+00
 0.00000000e+00 0.00000000e+00
 0.00000000e+00 0.00000000e+00
 -3.24259222e-01 4.59952920e-02
 -7.71896985e-01 1.08728591e-01
 -1.33211125e+00 1.85040417e-01
 -1.98407314e+00 2.67881349e-01
 -2.70464360e+00 3.47824379e-01
 -3.47411573e+00 4.15371328e-01
 -4.28015264e+00 4.61950164e-01
 -5.11922954e+00 4.78889146e-01
 -5.99495675e+00 4.56101766e-01
 -6.91492237e+00 3.82220395e-01
 -7.88853909e+00 2.45815966e-01
 -8.92655463e+00 3.64430277e-02
 -1.00409399e+01 -2.54824643e-01
 -1.12438108e+01 -6.35055219e-01
 -1.25453573e+01 -1.10935768e+00
 -1.39518064e+01 -1.68136011e+00
 -1.54642809e+01 -2.35423573e+00
 -1.70784740e+01 -3.13165889e+00
 -1.87845024e+01 -4.01799102e+00
 -2.05665812e+01 -5.01750238e+00
 -2.24027584e+01 -6.13295899e+00
 -2.42651750e+01 -7.36401623e+00
 -2.61209278e+01 -8.70565959e+00
 -2.79330811e+01 -1.01467523e+01
 -2.96615129e+01 -1.16688605e+01
 -3.12639968e+01 -1.32458206e+01
 -3.26982803e+01 -1.48444970e+01
 -3.39253302e+01 -1.64267464e+01
 -3.49128630e+01 -1.79522640e+01
 -3.56378659e+01 -1.93818820e+01
 -3.60875728e+01 -2.06807785e+01
 -3.62593488e+01 -2.18209367e+01
 -3.61599041e+01 -2.27823530e+01
 -3.58035288e+01 -2.35529023e+01
 -3.52090434e+01 -2.41271240e+01
 -3.43962451e+01 -2.45044091e+01
 -3.33834434e+01 -2.46873345e+01
 -3.21870897e+01 -2.46809314e+01
 -3.08232147e+01 -2.44928600e+01
 -2.93097126e+01 -2.41335009e+01
 -2.76685967e+01 -2.36154609e+01
 -2.59276141e+01 -2.29533346e+01
 -2.41207804e+01 -2.21643784e+01
 -2.22874687e+01 -2.12691760e+01
 -2.04698082e+01 -2.02910534e+01
 -1.87087715e+01 -1.92544639e+01
 -1.70402705e+01 -1.81835294e+01
 -1.54926473e+01 -1.71012685e+01
 -1.40858962e+01 -1.60291166e+01
 -1.28320079e+01 -1.49864136e+01
 -1.17357347e+01 -1.39901080e+01
 -1.07954458e+01 -1.30550548e+01
 -1.00042286e+01 -1.21947933e+01
 -9.35160349e+00 -1.14220221e+01
 -8.82567780e+00 -1.07479974e+01
 -8.41479679e+00 -1.01812955e+01
 -8.10800118e+00 -9.72782049e+00
 -7.89477717e+00 -9.39362613e+00
 -7.76546608e+00 -9.18970985e+00
 -7.71333060e+00 -9.13565079e+00
 -7.73744440e+00 -9.25936746e+00
 -7.84377305e+00 -9.59333935e+00
 -8.04289557e+00 -1.01702082e+01
 -8.34627478e+00 -1.10197972e+01
 -8.76396881e+00 -1.21666426e+01
 -9.30379359e+00 -1.36262001e+01
 -9.96996346e+00 -1.53999663e+01
 -1.07608163e+01 -1.74719583e+01
 -1.16673459e+01 -1.98089233e+01
 -1.26740710e+01 -2.23646498e+01
 -1.37619618e+01 -2.50865701e+01
 -1.49117702e+01 -2.79220095e+01
 -1.61062532e+01 -3.08222815e+01
 -1.73308653e+01 -3.37444094e+01
 -1.85733555e+01 -3.66513481e+01
 -1.98230094e+01 -3.95116018e+01
 -2.10700889e+01 -4.22984231e+01
 -2.23052752e+01 -4.49884499e+01
 -2.35184426e+01 -4.75602233e+01
 -2.46968952e+01 -4.99933986e+01
 -2.58243369e+01 -5.22687086e+01
 -2.68815826e+01 -5.43679516e+01
 -2.78486467e+01 -5.62737724e+01
 -2.87071117e+01 -5.79699879e+01
 -2.94421070e+01 -5.94431131e+01
 -3.00437234e+01 -6.06844347e+01
 -3.05075995e+01 -6.16908833e+01
 -3.08343341e+01 -6.24634003e+01
 -3.10278299e+01 -6.30033830e+01
 -3.10931981e+01 -6.33092684e+01
 -3.10349336e+01 -6.33747866e+01
 -3.08556173e+01 -6.31886799e+01
 -3.05547024e+01 -6.27350248e+01
 -3.01268832e+01 -6.19942370e+01
 -2.95605647e+01 -6.09458898e+01
 -2.88378522e+01 -5.95744505e+01
 -2.79373165e+01 -5.78778433e+01
 -2.68399365e+01 -5.58767958e+01
 -2.55371612e+01 -5.36213368e+01
 -2.40382660e+01 -5.11911657e+01
 -2.23738587e+01 -4.86891233e+01
 -2.05943655e+01 -4.62298599e+01
 -1.87646380e+01 -4.39269403e+01
 -1.69564807e+01 -4.18807183e+01
 -1.52402238e+01 -4.01680670e+01
 -1.36760065e+01 -3.88349362e+01
 -1.23060231e+01 -3.78931534e+01
 -1.11497162e+01 -3.73224210e+01
 -1.02034151e+01 -3.70769237e+01
 -9.44449610e+00 -3.70945852e+01
 -8.83891156e+00 -3.73067270e+01
 -8.34992843e+00 -3.76464643e+01
 -7.94522932e+00 -3.80550519e+01
 -7.60018655e+00 -3.84863012e+01
 -7.29724380e+00 -3.89095410e+01
 -7.02339391e+00 -3.93106314e+01
 -6.76817930e+00 -3.96894778e+01
 -6.52328158e+00 -4.00538015e+01
 -6.28296501e+00 -4.04120805e+01
 -6.04411387e+00 -4.07694709e+01
 -5.80550233e+00 -4.11276638e+01
 -5.56683858e+00 -4.14866080e+01
 -5.32812132e+00 -4.18459104e+01
 -5.08938298e+00 -4.22053297e+01
 -4.85063917e+00 -4.25647772e+01
 -4.61189432e+00 -4.29242297e+01
 -4.37314935e+00 -4.32836829e+01
 -4.13440469e+00 -4.36431357e+01
 -3.89566318e+00 -4.40025838e+01
 -3.65694556e+00 -4.43619959e+01
 -3.41837009e+00 -4.47211940e+01
 -3.18045849e+00 -4.50793925e+01
 -2.94498407e+00 -4.54339217e+01
 -2.71655364e+00 -4.57778454e+01
 -2.50417442e+00 -4.60976025e+01
 -2.32067060e+00 -4.63738850e+01
 -2.17821933e+00 -4.65883589e+01
 -2.17821933e+00 -4.65883589e+01
 -2.17821933e+00 -4.65883589e+01
 -2.17821933e+00 -4.65883589e+01
 -2.17821933e+00 -4.65883589e+01
 -2.17821933e+00 -4.65883589e+01
 -2.17821933e+00 -4.65883589e+01
 -2.17821933e+00 -4.65883589e+01
 -2.17821933e+00 -4.65883589e+01
 -2.17821933e+00 -4.65883589e+01
 -2.17821933e+00 -4.65883589e+01
 -2.17821933e+00 -4.65883589e+01
 -2.17821933e+00 -4.65883589e+01
 -2.17821933e+00 -4.65883589e+01
 -2.17821933e+00 -4.65883589e+01
 -2.17821933e+00 -4.65883589e+01
 -2.17821933e+00 -4.65883589e+01
 -2.17821933e+00 -4.65883589e+01
 -2.17821933e+00 -4.65883589e+01
 -2.17821933e+00 -4.65883589e+01
 -2.17821933e+00 -4.65883589e+01
 -2.17821933e+00 -4.65883589e+01
 -2.17821933e+00 -4.65883589e+01
 -2.17821933e+00 -4.65883589e+01
 -2.17821933e+00 -4.65883589e+01
 -2.17821933e+00 -4.65883589e+01
 -2.17821933e+00 -4.65883589e+01
 -2.17821933e+00 -4.65883589e+01
 -2.17821933e+00 -4.65883589e+01
 -2.17821933e+00 -4.65883589e+01
 -2.17821933e+00 -4.65883589e+01
 -2.17821933e+00 -4.65883589e+01
 -2.17821933e+00 -4.65883589e+01
 -2.17821933e+00 -4.65883589e+01
 -2.17821933e+00 -4.65883589e+01
 -2.17821933e+00 -4.65883589e+01
 -2.17821933e+00 -4.65883589e+01
 -2.17821933e+00 -4.65883589e+01
 -2.17821933e+00 -4.65883589e+01
 -2.17821933e+00 -4.65883589e+01
 -2.17821933e+00 -4.65883589e+01
 -2.17821933e+00 -4.65883589e+01
 -2.17821933e+00 -4.65883589e+01
 -2.17821933e+00 -4.65883589e+01
 -2.17821933e+00 -4.65883589e+01
 -2.17821933e+00 -4.65883589e+01
 -2.17821933e+00 -4.65883589e+01
 -2.17821933e+00 -4.65883589e+01
 -2.17821933e+00 -4.65883589e+01
 -2.17821933e+00 -4.65883589e+01
 -2.17821933e+00 -4.65883589e+01
 -2.17821933e+00 -4.65883589e+01
 -2.17821933e+00 -4.65883589e+01
 -2.17821933e+00 -4.65883589e+01
 -2.17821933e+00 -4.65883589e+01
 -2.17821933e+00 -4.65883589e+01
 -2.17821933e+00 -4.65883589e+01
 -2.17821933e+00 -4.65883589e+01
 -2.17821933e+00 -4.65883589e+01
 -2.17821933e+00 -4.65883589e+01
 -2.17821933e+00 -4.65883589e+01
