 0.00000000e+00 0.00000000e+00
 0.00000000e+00 0.00000000e+00
 0.00000000e+00 0.00000000e+00
 0.00000000e+00 0.00000000e+00
 0.00000000e+00 0.00000000e+00
 0.00000000e+00 0.00000000e+00
 0.00000000e+00 0.00000000e+00
 0.00000000e+00 0.00000000e+00
 0.00000000e+00 0.00000000e+00
 0.00000000e+00 0.00000000e+00
 0.00000000e+00 0.00000000e+00
 -4.23580147e-01 1.05462416e-01
 -1.04653551e+00 2.19303042e-01
 -1.87802446e+00 3.17711105e-01
 -2.90704865e+00 3.78802023e-01
 -4.10910546e+00 3.87407147e-01
 -5.45403745e+00 3.35123529e-01
 -6.91292746e+00 2.18514504e-01
 -8.46209519e+00 3.71951927e-02
 -1.00832431e+01 -2.08399592e-01
 -1.17610842e+01 -5.19180142e-01
 -1.34809665e+01 -8.98218093e-01
 -1.52281044e+01 -1.34998443e+00
 -1.69883614e+01 -1.87929286e+00
 -1.87495707e+01 -2.49111714e+00
 -2.05024397e+01 -3.19115669e+00
 -2.22406571e+01 -3.98628212e+00
 -2.39604000e+01 -4.88427525e+00
 -2.56596523e+01 -5.89278164e+00
 -2.73373960e+01 -7.01760628e+00
 -2.89922024e+01 -8.26058525e+00
 -3.06197960e+01 -9.61745537e+00
 -3.22100735e+01 -1.10762538e+01
 -3.37450029e+01 -1.26165290e+01
 -3.51986413e+01 -1.42092564e+01
 -3.65392741e+01 -1.58174782e+01
 -3.77326936e+01 -1.73982464e+01
 -3.87455806e+01 -1.89064449e+01
 -3.95484639e+01 -2.02999705e+01
 -4.01182476e+01 -2.15444718e+01
 -4.04401767e+01 -2.26156914e+01
 -4.05084014e+01 -2.34988925e+01
 -4.03245583e+01 -2.41867156e+01
 -3.98954426e+01 -2.46772909e+01
 -3.92314770e+01 -2.49731728e+01
 -3.83462179e+01 -2.50803631e+01
 -3.72560659e+01 -2.50067954e+01
 -3.59800030e+01 -2.47607586e+01
 -3.45397149e+01 -2.43503907e+01
 -3.29599528e+01 -2.37846755e+01
 -3.12686489e+01 -2.30749831e+01
 -2.94965190e+01 -2.22357559e+01
 -2.76760363e+01 -2.12840252e+01
 -2.58397608e+01 -2.02385961e+01
 -2.40184078e+01 -1.91195618e+01
 -2.22393739e+01 -1.79479424e+01
 -2.05261916e+01 -1.67450825e+01
 -1.88988219e+01 -1.55320596e+01
 -1.73743848e+01 -1.43297538e+01
 -1.59679121e+01 -1.31598022e+01
 -1.46927078e+01 -1.20456269e+01
 -1.35599755e+01 -1.10120566e+01
 -1.25777137e+01 -1.00827958e+01
 -1.17492997e+01 -9.27674913e+00
 -1.10723525e+01 -8.60522971e+00
 -1.05383144e+01 -8.07140595e+00
 -1.01329471e+01 -7.67178889e+00
 -9.83769987e+00 -7.39870101e+00
 -9.63167080e+00 -7.24309942e+00
 -9.49394208e+00 -7.19771399e+00
 -9.40635707e+00 -7.25996933e+00
 -9.35644679e+00 -7.43356835e+00
 -9.33930980e+00 -7.72837494e+00
 -9.35741626e+00 -8.15924818e+00
 -9.41869362e+00 -8.74421817e+00
 -9.53417786e+00 -9.50184220e+00
 -9.71620267e+00 -1.04479972e+01
 -9.97712047e+00 -1.15930084e+01
 -1.03279196e+01 -1.29399553e+01
 -1.07765699e+01 -1.44844442e+01
 -1.13267538e+01 -1.62155759e+01
 -1.19775335e+01 -1.81174871e+01
 -1.27237979e+01 -2.01708299e+01
 -1.35570082e+01 -2.23538061e+01
 -1.44657890e+01 -2.46427770e+01
 -1.54361070e+01 -2.70128647e+01
 -1.64513384e+01 -2.94389023e+01
 -1.74929955e+01 -3.18963908e+01
 -1.85425072e+01 -3.43616547e+01
 -1.95834784e+01 -3.68110022e+01
 -2.06032207e+01 -3.92197168e+01
 -2.15925979e+01 -4.15617990e+01
 -2.25442385e+01 -4.38104045e+01
 -2.34503113e+01 -4.59381083e+01
 -2.43012880e+01 -4.79165939e+01
 -2.50860277e+01 -4.97167397e+01
 -2.57924323e+01 -5.13105237e+01
 -2.64081697e+01 -5.26745692e+01
 -2.69217194e+01 -5.37930854e+01
 -2.73238966e+01 -5.46579988e+01
 -2.76092593e+01 -5.52664834e+01
 -2.77762918e+01 -5.56183205e+01
 -2.78256891e+01 -5.57151613e+01
 -2.77577301e+01 -5.55611969e+01
 -2.75708867e+01 -5.51629380e+01
 -2.72621853e+01 -5.45271421e+01
 -2.68273911e+01 -5.36588646e+01
 -2.62598031e+01 -5.25623641e+01
 -2.55493211e+01 -5.12451169e+01
 -2.46841015e+01 -4.97224178e+01
 -2.36548857e+01 -4.80199696e+01
 -2.24599302e+01 -4.61740728e+01
 -2.11082971e+01 -4.42306554e+01
 -1.96206736e+01 -4.22439097e+01
 -1.80284369e+01 -4.02741060e+01
 -1.63720771e+01 -3.83840406e+01
 -1.46990870e+01 -3.66343337e+01
 -1.30603211e+01 -3.50783560e+01
 -1.15042200e+01 -3.37577066e+01
 -1.00702203e+01 -3.26990569e+01
 -8.78410189e+00 -3.19128651e+01
 -7.65703373e+00 -3.13940030e+01
 -6.68757279e+00 -3.11237390e+01
 -5.86475505e+00 -3.10721627e+01
 -5.17142482e+00 -3.12007365e+01
 -4.58790352e+00 -3.14655749e+01
 -4.09555922e+00 -3.18216724e+01
 -3.67894687e+00 -3.22272087e+01
 -3.32547795e+00 -3.26472869e+01
 -3.02311906e+00 -3.30573134e+01
 -2.75829901e+00 -3.34453959e+01
 -2.51632088e+00 -3.38116333e+01
 -2.28428978e+00 -3.41633354e+01
 -2.05394567e+00 -3.45087076e+01
 -1.82200183e+00 -3.48529002e+01
 -1.58826205e+00 -3.51977190e+01
 -1.35349118e+00 -3.55432141e+01
 -1.11831050e+00 -3.58890439e+01
 -8.83008816e-01 -3.62349849e+01
 -6.47679886e-01 -3.65809530e+01
 -4.12346227e-01 -3.69269261e+01
 -1.77011956e-01 -3.72728998e+01
 5.83220616e-02 -3.76188731e+01
 2.93652981e-01 -3.79648419e+01
 5.28960349e-01 -3.83107760e+01
 7.64127597e-01 -3.86565042e+01
 9.98640461e-01 -3.90012703e+01
 1.23075096e+00 -3.93425046e+01
 1.45591810e+00 -3.96735312e+01
 1.66526333e+00 -3.99812974e+01
 1.84614566e+00 -4.02472193e+01
 1.98656192e+00 -4.04536505e+01
 1.98656192e+00 -4.04536505e+01
 1.98656192e+00 -4.04536505e+01
 1.98656192e+00 -4.04536505e+01
 1.98656192e+00 -4.04536505e+01
 1.98656192e+00 -4.04536505e+01
 1.98656192e+00 -4.04536505e+01
 1.98656192e+00 -4.04536505e+01
 1.98656192e+00 -4.04536505e+01
 1.98656192e+00 -4.04536505e+01
 1.98656192e+00 -4.04536505e+01
 1.98656192e+00 -4.04536505e+01
 1.98656192e+00 -4.04536505e+01
 1.98656192e+00 -4.04536505e+01
 1.98656192e+00 -4.04536505e+01
 1.98656192e+00 -4.04536505e+01
 1.98656192e+00 -4.04536505e+01
 1.98656192e+00 -4.04536505e+01
 1.98656192e+00 -4.04536505e+01
 1.98656192e+00 -4.04536505e+01
 1.98656192e+00 -4.04536505e+01
 1.98656192e+00 -4.04536505e+01
 1.98656192e+00 -4.04536505e+01
 1.98656192e+00 -4.04536505e+01
 1.98656192e+00 -4.04536505e+01
 1.98656192e+00 -4.04536505e+01
 1.98656192e+00 -4.04536505e+01
 1.98656192e+00 -4.04536505e+01
 1.98656192e+00 -4.04536505e+01
 1.98656192e+00 -4.04536505e+01
 1.98656192e+00 -4.04536505e+01
 1.98656192e+00 -4.04536505e+01
 1.98656192e+00 -4.04536505e+01
 1.98656192e+00 -4.04536505e+01
 1.98656192e+00 -4.04536505e+01
 1.98656192e+00 -4.04536505e+01
 1.98656192e+00 -4.04536505e+01
 1.98656192e+00 -4.04536505e+01
 1.98656192e+00 -4.04536505e+01
 1.98656192e+00 -4.04536505e+01
 1.98656192e+00 -4.04536505e+01
 1.98656192e+00 -4.04536505e+01
 1.98656192e+00 -4.04536505e+01
 1.98656192e+00 -4.04536505e+01
 1.98656192e+00 -4.04536505e+01
 1.98656192e+00 -4.04536505e+01
 1.98656192e+00 -4.04536505e+01
 1.98656192e+00 -4.04536505e+01
 1.98656192e+00 -4.04536505e+01
 1.98656192e+00 -4.04536505e+01
 1.98656192e+00 -4.04536505e+01
 1.98656192e+00 -4.04536505e+01
 1.98656192e+00 -4.04536505e+01
 1.98656192e+00 -4.04536505e+01
