 0.00000000e+00 0.00000000e+00
 0.00000000e+00 0.00000000e+00
 0.00000000e+00 0.00000000e+00
 0.00000000e+00 0.00000000e+00
 6.48136491e-02 6.86203419e-02
 1.42811522e-01 1.59447481e-01
 2.25226953e-01 2.68251641e-01
 3.03953599e-01 3.90496372e-01
 3.72633876e-01 5.23850778e-01
 4.24828832e-01 6.68876589e-01
 4.52013966e-01 8.28028100e-01
 4.43660904e-01 1.00392323e+00
 3.89382696e-01 1.19781747e+00
 2.81292109e-01 1.40876321e+00
 1.14601609e-01 1.63345813e+00
 -1.13626617e-01 1.86645210e+00
 -4.05838527e-01 2.10032577e+00
 -7.64208822e-01 2.32579895e+00
 -1.19020337e+00 2.53216844e+00
 -1.68442657e+00 2.70842791e+00
 -2.24690808e+00 2.84479497e+00
 -2.87746832e+00 2.93365330e+00
 -3.57600122e+00 2.96883484e+00
 -4.34280670e+00 2.94348759e+00
 -5.17896034e+00 2.84868688e+00
 -6.08634500e+00 2.67457747e+00
 -7.06703376e+00 2.41287497e+00
 -8.12221005e+00 2.05818285e+00
 -9.25111353e+00 1.60756843e+00
 -1.04503577e+01 1.05965260e+00
 -1.17136137e+01 4.14075675e-01
 -1.30313751e+01 -3.28510772e-01
 -1.43905621e+01 -1.16589361e+00
 -1.57740883e+01 -2.09350558e+00
 -1.71608636e+01 -3.10402000e+00
 -1.85266759e+01 -4.18752156e+00
 -1.98458289e+01 -5.33181978e+00
 -2.10927494e+01 -6.52252887e+00
 -2.22429591e+01 -7.74304439e+00
 -2.32737120e+01 -8.97474717e+00
 -2.41649292e+01 -1.01975495e+01
 -2.49004654e+01 -1.13907379e+01
 -2.54692634e+01 -1.25341251e+01
 -2.58658463e+01 -1.36094693e+01
 -2.60895282e+01 -1.46018215e+01
 -2.61424618e+01 -1.55002712e+01
 -2.60281769e+01 -1.62978343e+01
 -2.57519793e+01 -1.69907091e+01
 -2.53220580e+01 -1.75773805e+01
 -2.47494607e+01 -1.80579610e+01
 -2.40474692e+01 -1.84338612e+01
 -2.32319325e+01 -1.87075650e+01
 -2.23222528e+01 -1.88821978e+01
 -2.13414753e+01 -1.89608785e+01
 -2.03148561e+01 -1.89462558e+01
 -1.92674528e+01 -1.88405332e+01
 -1.82215484e+01 -1.86457026e+01
 -1.71944762e+01 -1.83635044e+01
 -1.61971344e+01 -1.79951583e+01
 -1.52334165e+01 -1.75412651e+01
 -1.43008814e+01 -1.70019776e+01
 -1.33926596e+01 -1.63771875e+01
 -1.24998631e+01 -1.56665530e+01
 -1.16136284e+01 -1.48694359e+01
 -1.07265789e+01 -1.39850221e+01
 -9.83394499e+00 -1.30129536e+01
 -8.93437397e+00 -1.19545417e+01
 -8.03024637e+00 -1.08142731e+01
 -7.12749277e+00 -9.60129568e+00
 -6.23513817e+00 -8.33071291e+00
 -5.36481060e+00 -7.02436969e+00
 -4.53026390e+00 -5.71057221e+00
 -3.74669658e+00 -4.42241662e+00
 -3.02956611e+00 -3.19498037e+00
 -2.39294293e+00 -2.06197384e+00
 -1.84790369e+00 -1.05241032e+00
 -1.40145045e+00 -1.87756271e-01
 -1.05598351e+00 5.19863134e-01
 -8.09176070e-01 1.06766917e+00
 -6.54680013e-01 1.45999636e+00
 -5.84486856e-01 1.70431684e+00
 -5.92429089e-01 1.80714155e+00
 -6.76287335e-01 1.77170959e+00
 -8.36682984e-01 1.59815399e+00
 -1.07420695e+00 1.28501259e+00
 -1.38744425e+00 8.30563993e-01
 -1.77250426e+00 2.33794470e-01
 -2.22318867e+00 -5.04231151e-01
 -2.73145019e+00 -1.37848255e+00
 -3.28817106e+00 -2.37859934e+00
 -3.88397223e+00 -3.48912283e+00
 -4.50981547e+00 -4.69118670e+00
 -5.15737035e+00 -5.96438056e+00
 -5.81882814e+00 -7.28761786e+00
 -6.48567389e+00 -8.63892477e+00
 -7.14666695e+00 -9.99487226e+00
 -7.78624781e+00 -1.13303080e+01
 -8.38442563e+00 -1.26186067e+01
 -8.91799975e+00 -1.38325254e+01
 -9.36232739e+00 -1.49458082e+01
 -9.69327806e+00 -1.59353757e+01
 -9.88915807e+00 -1.67833736e+01
 -9.93198498e+00 -1.74782648e+01
 -9.80800040e+00 -1.80147268e+01
 -9.50822264e+00 -1.83927081e+01
 -9.02919065e+00 -1.86160220e+01
 -8.37303389e+00 -1.86906273e+01
 -7.54689202e+00 -1.86231322e+01
 -6.56293417e+00 -1.84204814e+01
 -5.43946802e+00 -1.80908824e+01
 -4.20211166e+00 -1.76447529e+01
 -2.88385438e+00 -1.70948611e+01
 -1.52383607e+00 -1.64560110e+01
 -1.65265103e-01 -1.57446669e+01
 1.14751310e+00 -1.49782991e+01
 2.37312612e+00 -1.41742830e+01
 3.47813175e+00 -1.33487134e+01
 4.44176398e+00 -1.25156957e+01
 5.25970933e+00 -1.16873408e+01
 5.94624938e+00 -1.08740103e+01
 6.53267167e+00 -1.00838839e+01
 7.05941981e+00 -9.32146622e+00
 7.56353515e+00 -8.58613335e+00
 8.06846040e+00 -7.87251390e+00
 8.58245784e+00 -7.17305695e+00
 9.10442701e+00 -6.48105278e+00
 9.63073701e+00 -5.79219086e+00
 1.01587485e+01 -5.10438453e+00
 1.06872619e+01 -4.41685951e+00
 1.12158888e+01 -3.72939375e+00
 1.17445355e+01 -3.04193782e+00
 1.22731848e+01 -2.35448325e+00
 1.28018336e+01 -1.66702976e+00
 1.33304756e+01 -9.79585332e-01
 1.38590646e+01 -2.92209709e-01
 1.43873388e+01 3.94756596e-01
 1.49141431e+01 1.07981133e+00
 1.54355507e+01 1.75784832e+00
 1.59413610e+01 2.41560248e+00
 1.64116292e+01 3.02713798e+00
 1.68179591e+01 3.55552817e+00
 1.71333869e+01 3.96570961e+00
 1.71333869e+01 3.96570961e+00
 1.71333869e+01 3.96570961e+00
 1.71333869e+01 3.96570961e+00
 1.71333869e+01 3.96570961e+00
 1.71333869e+01 3.96570961e+00
 1.71333869e+01 3.96570961e+00
 1.71333869e+01 3.96570961e+00
 1.71333869e+01 3.96570961e+00
 1.71333869e+01 3.96570961e+00
 1.71333869e+01 3.96570961e+00
 1.71333869e+01 3.96570961e+00
 1.71333869e+01 3.96570961e+00
 1.71333869e+01 3.96570961e+00
 1.71333869e+01 3.96570961e+00
 1.71333869e+01 3.96570961e+00
 1.71333869e+01 3.96570961e+00
 1.71333869e+01 3.96570961e+00
 1.71333869e+01 3.96570961e+00
 1.71333869e+01 3.96570961e+00
 1.71333869e+01 3.96570961e+00
 1.71333869e+01 3.96570961e+00
 1.71333869e+01 3.96570961e+00
 1.71333869e+01 3.96570961e+00
 1.71333869e+01 3.96570961e+00
 1.71333869e+01 3.96570961e+00
 1.71333869e+01 3.96570961e+00
 1.71333869e+01 3.96570961e+00
 1.71333869e+01 3.96570961e+00
 1.71333869e+01 3.96570961e+00
 1.71333869e+01 3.96570961e+00
 1.71333869e+01 3.96570961e+00
 1.71333869e+01 3.96570961e+00
 1.71333869e+01 3.96570961e+00
 1.71333869e+01 3.96570961e+00
 1.71333869e+01 3.96570961e+00
 1.71333869e+01 3.96570961e+00
