 0.00000000e+00 0.00000000e+00
 0.00000000e+00 0.00000000e+00
 0.00000000e+00 0.00000000e+00
 0.00000000e+00 0.00000000e+00
 -7.80245778e-05 3.88596853e-01
 -4.69630668e-04 8.60997585e-01
 -2.04863964e-03 1.36107079e+00
 -7.20741940e-03 1.83031042e+00
 -2.10153094e-02 2.22223229e+00
 -5.17286276e-02 2.50394351e+00
 -1.09552551e-01 2.65174851e+00
 -2.03829719e-01 2.64804565e+00
 -3.40571074e-01 2.48073526e+00
 -5.22116510e-01 2.14306886e+00
 -7.48609491e-01 1.63275598e+00
 -1.01956266e+00 9.50929370e-01
 -1.33451447e+00 1.01990411e-01
 -1.69311267e+00 -9.05629275e-01
 -2.09530865e+00 -2.05896012e+00
 -2.54184986e+00 -3.34144414e+00
 -3.03464197e+00 -4.73523905e+00
 -3.57636020e+00 -6.22356128e+00
 -4.16925958e+00 -7.79188189e+00
 -4.81390429e+00 -9.42778381e+00
 -5.50842466e+00 -1.11199011e+01
 -6.24807080e+00 -1.28563944e+01
 -7.02450417e+00 -1.46234471e+01
 -7.82485242e+00 -1.64042254e+01
 -8.63126128e+00 -1.81783204e+01
 -9.42172505e+00 -1.99214542e+01
 -1.01722604e+01 -2.16056734e+01
 -1.08596235e+01 -2.32006591e+01
 -1.14636350e+01 -2.46763601e+01
 -1.19689222e+01 -2.60062681e+01
 -1.23666173e+01 -2.71702224e+01
 -1.26563235e+01 -2.81561193e+01
 -1.28474129e+01 -2.89606309e+01
 -1.29575882e+01 -2.95889826e+01
 -1.30075506e+01 -3.00532495e+01
 -1.30139961e+01 -3.03688347e+01
 -1.29858546e+01 -3.05500248e+01
 -1.29265512e+01 -3.06063804e+01
 -1.28393189e+01 -3.05411632e+01
 -1.27299639e+01 -3.03517012e+01
 -1.26053426e+01 -3.00308705e+01
 -1.24707239e+01 -2.95691119e+01
 -1.23290841e+01 -2.89569282e+01
 -1.21820106e+01 -2.81878194e+01
 -1.20303417e+01 -2.72610204e+01
 -1.18737194e+01 -2.61830348e+01
 -1.17096795e+01 -2.49674550e+01
 -1.15332790e+01 -2.36334955e+01
 -1.13375574e+01 -2.22041432e+01
 -1.11143486e+01 -2.07045655e+01
 -1.08549134e+01 -1.91608910e+01
 -1.05503240e+01 -1.75991586e+01
 -1.01919126e+01 -1.60441679e+01
 -9.77195214e+00 -1.45180576e+01
 -9.28411381e+00 -1.30387160e+01
 -8.72310848e+00 -1.16184246e+01
 -8.08380494e+00 -1.02631814e+01
 -7.36086653e+00 -8.97289777e+00
 -6.54948873e+00 -7.74232436e+00
 -5.64687591e+00 -6.56244654e+00
 -4.65373884e+00 -5.42222268e+00
 -3.57527822e+00 -4.31059348e+00
 -2.42150175e+00 -3.21851971e+00
 -1.20721792e+00 -2.14072504e+00
 4.77452908e-02 -1.07701363e+00
 1.31808099e+00 -3.32198263e-02
 2.57311559e+00 9.78343490e-01
 3.77842461e+00 1.93950115e+00
 4.89909151e+00 2.82840377e+00
 5.90388049e+00 3.62288286e+00
 6.76922841e+00 4.30347185e+00
 7.48193586e+00 4.85448301e+00
 8.03981347e+00 5.26299855e+00
 8.45051896e+00 5.51763744e+00
 8.72969014e+00 5.60926539e+00
 8.89925649e+00 5.53373428e+00
 8.98584197e+00 5.29453542e+00
 9.01878388e+00 4.90340776e+00
 9.02792511e+00 4.37913380e+00
 9.04202392e+00 3.74644186e+00
 9.08819270e+00 3.03616644e+00
 9.19126879e+00 2.28545693e+00
 9.37142443e+00 1.53580407e+00
 9.64024692e+00 8.28393666e-01
 9.99778086e+00 1.98807297e-01
 1.04324014e+01 -3.26360684e-01
 1.09229829e+01 -7.30075073e-01
 1.14419404e+01 -1.00371765e+00
 1.19584626e+01 -1.14591133e+00
 1.24416684e+01 -1.16205500e+00
 1.28633910e+01 -1.06404447e+00
 1.32007289e+01 -8.69272992e-01
 1.34390095e+01 -5.98722041e-01
 1.35754234e+01 -2.74819875e-01
 1.36220681e+01 8.03653809e-02
 1.36052503e+01 4.46979258e-01
 1.35582721e+01 8.09855309e-01
 1.35097947e+01 1.16077783e+00
 1.34751616e+01 1.49859527e+00
 1.34563348e+01 1.82661558e+00
 1.34483345e+01 2.14912520e+00
 1.34456544e+01 2.46923366e+00
 1.34449452e+01 2.78852308e+00
 1.34447970e+01 3.10759298e+00
 1.34447726e+01 3.42661659e+00
 1.34447694e+01 3.74563253e+00
 1.34447691e+01 4.06464744e+00
 1.34447691e+01 4.38366181e+00
 1.34447691e+01 4.70267197e+00
 1.34447691e+01 5.02165020e+00
 1.34447691e+01 5.34043849e+00
 1.34447691e+01 5.65833970e+00
 1.34447691e+01 5.97298432e+00
 1.34447691e+01 6.27821664e+00
 1.34447691e+01 6.56200109e+00
 1.34447691e+01 6.80720177e+00
 1.34447691e+01 6.99754740e+00
 1.34447691e+01 6.99754740e+00
 1.34447691e+01 6.99754740e+00
 1.34447691e+01 6.99754740e+00
 1.34447691e+01 6.99754740e+00
 1.34447691e+01 6.99754740e+00
 1.34447691e+01 6.99754740e+00
 1.34447691e+01 6.99754740e+00
 1.34447691e+01 6.99754740e+00
 1.34447691e+01 6.99754740e+00
 1.34447691e+01 6.99754740e+00
 1.34447691e+01 6.99754740e+00
 1.34447691e+01 6.99754740e+00
 1.34447691e+01 6.99754740e+00
 1.34447691e+01 6.99754740e+00
 1.34447691e+01 6.99754740e+00
 1.34447691e+01 6.99754740e+00
 1.34447691e+01 6.99754740e+00
 1.34447691e+01 6.99754740e+00
 1.34447691e+01 6.99754740e+00
 1.34447691e+01 6.99754740e+00
 1.34447691e+01 6.99754740e+00
 1.34447691e+01 6.99754740e+00
 1.34447691e+01 6.99754740e+00
 1.34447691e+01 6.99754740e+00
 1.34447691e+01 6.99754740e+00
 1.34447691e+01 6.99754740e+00
 1.34447691e+01 6.99754740e+00
 1.34447691e+01 6.99754740e+00
 1.34447691e+01 6.99754740e+00
 1.34447691e+01 6.99754740e+00
 1.34447691e+01 6.99754740e+00
 1.34447691e+01 6.99754740e+00
 1.34447691e+01 6.99754740e+00
 1.34447691e+01 6.99754740e+00
 1.34447691e+01 6.99754740e+00
 1.34447691e+01 6.99754740e+00
 1.34447691e+01 6.99754740e+00
 1.34447691e+01 6.99754740e+00
 1.34447691e+01 6.99754740e+00
 1.34447691e+01 6.99754740e+00
 1.34447691e+01 6.99754740e+00
 1.34447691e+01 6.99754740e+00
 1.34447691e+01 6.99754740e+00
 1.34447691e+01 6.99754740e+00
 1.34447691e+01 6.99754740e+00
 1.34447691e+01 6.99754740e+00
 1.34447691e+01 6.99754740e+00
 1.34447691e+01 6.99754740e+00
 1.34447691e+01 6.99754740e+00
 1.34447691e+01 6.99754740e+00
 1.34447691e+01 6.99754740e+00
 1.34447691e+01 6.99754740e+00
 1.34447691e+01 6.99754740e+00
