 0.00000000e+00 0.00000000e+00
 0.00000000e+00 0.00000000e+00
 0.00000000e+00 0.00000000e+00
 0.00000000e+00 0.00000000e+00
 -5.02997842e-02 7.81802756e-02
 -1.01313722e-01 1.53727988e-01
 -1.45887480e-01 2.01394079e-01
 -1.82786879e-01 1.96335695e-01
 -2.15587685e-01 1.18548321e-01
 -2.48807695e-01 -4.60910720e-02
 -2.86158146e-01 -3.06195532e-01
 -3.31608861e-01 -6.65704775e-01
 -3.90512892e-01 -1.12520135e+00
 -4.69340879e-01 -1.68318953e+00
 -5.74980068e-01 -2.33669831e+00
 -7.14663109e-01 -3.08146768e+00
 -8.96411086e-01 -3.91249741e+00
 -1.12931856e+00 -4.82525523e+00
 -1.42338752e+00 -5.81716702e+00
 -1.78901784e+00 -6.88872258e+00
 -2.23607457e+00 -8.04351843e+00
 -2.77236347e+00 -9.28691953e+00
 -3.40184977e+00 -1.06237766e+01
 -4.12317019e+00 -1.20560293e+01
 -4.92845589e+00 -1.35805577e+01
 -5.80224636e+00 -1.51871145e+01
 -6.72088755e+00 -1.68564823e+01
 -7.65330328e+00 -1.85596332e+01
 -8.56365494e+00 -2.02585900e+01
 -9.41554123e+00 -2.19090219e+01
 -1.01766701e+01 -2.34641785e+01
 -1.08228179e+01 -2.48797186e+01
 -1.13404350e+01 -2.61188232e+01
 -1.17277908e+01 -2.71564320e+01
 -1.19945295e+01 -2.79810132e+01
 -1.21593502e+01 -2.85929441e+01
 -1.22459267e+01 -2.90004125e+01
 -1.22781736e+01 -2.92151055e+01
 -1.22765465e+01 -2.92493999e+01
 -1.22562629e+01 -2.91151243e+01
 -1.22270732e+01 -2.88231173e+01
 -1.21939691e+01 -2.83831446e+01
 -1.21582352e+01 -2.78042437e+01
 -1.21179742e+01 -2.70955413e+01
 -1.20679545e+01 -2.62672016e+01
 -1.19998214e+01 -2.53308720e+01
 -1.19033324e+01 -2.42991377e+01
 -1.17678764e+01 -2.31840088e+01
 -1.15831318e+01 -2.19949841e+01
 -1.13387015e+01 -2.07375609e+01
 -1.10237297e+01 -1.94130582e+01
 -1.06273845e+01 -1.80201527e+01
 -1.01399466e+01 -1.65576732e+01
 -9.55373389e+00 -1.50274977e+01
 -8.86370267e+00 -1.34364813e+01
 -8.06832282e+00 -1.17972642e+01
 -7.17134638e+00 -1.01286595e+01
 -6.18420194e+00 -8.45614848e+00
 -5.12773653e+00 -6.81202400e+00
 -4.03209461e+00 -5.23415780e+00
 -2.93455485e+00 -3.76284682e+00
 -1.87583650e+00 -2.43616884e+00
 -8.95347179e-01 -1.28502212e+00
 -2.58956476e-02 -3.29328000e-01
 7.11176876e-01 4.23409626e-01
 1.30927063e+00 9.77019788e-01
 1.77728563e+00 1.34417427e+00
 2.13754088e+00 1.54408495e+00
 2.42146603e+00 1.60102525e+00
 2.66459200e+00 1.54278204e+00
 2.90239834e+00 1.39797895e+00
 3.16760344e+00 1.19300668e+00
 3.48856183e+00 9.50735133e-01
 3.88837103e+00 6.91885930e-01
 4.38471608e+00 4.37213862e-01
 4.99052916e+00 2.07885643e-01
 5.71487269e+00 2.35258455e-02
 6.56269380e+00 -1.00300415e-01
 7.53250479e+00 -1.53483613e-01
 8.61289189e+00 -1.31711974e-01
 9.78024407e+00 -3.65438479e-02
 1.09994460e+01 1.24750297e-01
 1.22273904e+01 3.39902723e-01
 1.34182887e+01 5.92953035e-01
 1.45303780e+01 8.66261925e-01
 1.55341156e+01 1.14339318e+00
 1.64204895e+01 1.41227355e+00
 1.72048980e+01 1.66725832e+00
 1.79213268e+01 1.90889552e+00
 1.86075468e+01 2.14141030e+00
 1.92905004e+01 2.36946824e+00
 1.99813186e+01 2.59614626e+00
 2.06801582e+01 2.82272849e+00
 2.13835992e+01 3.04947469e+00
 2.20888936e+01 3.27632829e+00
 2.27947439e+01 3.50322109e+00
 2.35007212e+01 3.73012385e+00
 2.42067209e+01 3.95702846e+00
 2.49127236e+01 4.18393332e+00
 2.56187257e+01 4.41083791e+00
 2.63247184e+01 4.63773950e+00
 2.70306405e+01 4.86461838e+00
 2.77361423e+01 5.09136216e+00
 2.84396809e+01 5.31747499e+00
 2.91360124e+01 5.54127152e+00
 2.98115138e+01 5.75837338e+00
 3.04395495e+01 5.96022007e+00
 3.09821965e+01 6.13462336e+00
 3.14034452e+01 6.27001005e+00
 3.14034452e+01 6.27001005e+00
 3.14034452e+01 6.27001005e+00
 3.14034452e+01 6.27001005e+00
 3.14034452e+01 6.27001005e+00
 3.14034452e+01 6.27001005e+00
 3.14034452e+01 6.27001005e+00
 3.14034452e+01 6.27001005e+00
 3.14034452e+01 6.27001005e+00
 3.14034452e+01 6.27001005e+00
 3.14034452e+01 6.27001005e+00
 3.14034452e+01 6.27001005e+00
 3.14034452e+01 6.27001005e+00
 3.14034452e+01 6.27001005e+00
 3.14034452e+01 6.27001005e+00
 3.14034452e+01 6.27001005e+00
 3.14034452e+01 6.27001005e+00
 3.14034452e+01 6.27001005e+00
 3.14034452e+01 6.27001005e+00
 3.14034452e+01 6.27001005e+00
 3.14034452e+01 6.27001005e+00
 3.14034452e+01 6.27001005e+00
 3.14034452e+01 6.27001005e+00
 3.14034452e+01 6.27001005e+00
 3.14034452e+01 6.27001005e+00
 3.14034452e+01 6.27001005e+00
 3.14034452e+01 6.27001005e+00
 3.14034452e+01 6.27001005e+00
 3.14034452e+01 6.27001005e+00
 3.14034452e+01 6.27001005e+00
 3.14034452e+01 6.27001005e+00
 3.14034452e+01 6.27001005e+00
 3.14034452e+01 6.27001005e+00
 3.14034452e+01 6.27001005e+00
 3.14034452e+01 6.27001005e+00
 3.14034452e+01 6.27001005e+00
 3.14034452e+01 6.27001005e+00
 3.14034452e+01 6.27001005e+00
 3.14034452e+01 6.27001005e+00
 3.14034452e+01 6.27001005e+00
 3.14034452e+01 6.27001005e+00
 3.14034452e+01 6.27001005e+00
 3.14034452e+01 6.27001005e+00
 3.14034452e+01 6.27001005e+00
 3.14034452e+01 6.27001005e+00
 3.14034452e+01 6.27001005e+00
 3.14034452e+01 6.27001005e+00
 3.14034452e+01 6.27001005e+00
 3.14034452e+01 6.27001005e+00
 3.14034452e+01 6.27001005e+00
 3.14034452e+01 6.27001005e+00
 3.14034452e+01 6.27001005e+00
 3.14034452e+01 6.27001005e+00
 3.14034452e+01 6.27001005e+00
 3.14034452e+01 6.27001005e+00
 3.14034452e+01 6.27001005e+00
 3.14034452e+01 6.27001005e+00
 3.14034452e+01 6.27001005e+00
 3.14034452e+01 6.27001005e+00
 3.14034452e+01 6.27001005e+00
 3.14034452e+01 6.27001005e+00
 3.14034452e+01 6.27001005e+00
 3.14034452e+01 6.27001005e+00
 3.14034452e+01 6.27001005e+00
 3.14034452e+01 6.27001005e+00
 3.14034452e+01 6.27001005e+00
