 0.00000000e+00 0.00000000e+00
 0.00000000e+00 0.00000000e+00
 0.00000000e+00 0.00000000e+00
 0.00000000e+00 0.00000000e+00
 -4.08653710e-02 2.15920202e-02
 -1.19125643e-01 1.30882427e-02
 -2.47362167e-01 -5.33475019e-02
 -4.29729465e-01 -2.02243605e-01
 -6.58043946e-01 -4.50146025e-01
 -9.13499301e-01 -8.05491064e-01
 -1.17333510e+00 -1.27102675e+00
 -1.41835638e+00 -1.84624174e+00
 -1.63732418e+00 -2.52860562e+00
 -1.82756342e+00 -3.31383945e+00
 -1.99374809e+00 -4.19598222e+00
 -2.14640233e+00 -5.16770678e+00
 -2.30014344e+00 -6.22090633e+00
 -2.47151988e+00 -7.34749594e+00
 -2.67702499e+00 -8.54037349e+00
 -2.93188539e+00 -9.79433967e+00
 -3.24939192e+00 -1.11066723e+01
 -3.64008403e+00 -1.24770740e+01
 -4.11076718e+00 -1.39068039e+01
 -4.66419397e+00 -1.53970540e+01
 -5.29978644e+00 -1.69470377e+01
 -6.01438953e+00 -1.85524054e+01
 -6.80177985e+00 -2.02041828e+01
 -7.65111513e+00 -2.18879183e+01
 -8.54572274e+00 -2.35828152e+01
 -9.46305045e+00 -2.52611673e+01
 -1.03755010e+01 -2.68888126e+01
 -1.12520549e+01 -2.84272930e+01
 -1.20613062e+01 -2.98378668e+01
 -1.27758838e+01 -3.10865641e+01
 -1.33766464e+01 -3.21486520e+01
 -1.38547091e+01 -3.30108299e+01
 -1.42106654e+01 -3.36704535e+01
 -1.44518269e+01 -3.41326006e+01
 -1.45890524e+01 -3.44067270e+01
 -1.46347798e+01 -3.45041751e+01
 -1.46028144e+01 -3.44364600e+01
 -1.45084345e+01 -3.42135935e+01
 -1.43667305e+01 -3.38423872e+01
 -1.41894516e+01 -3.33256592e+01
 -1.39831164e+01 -3.26631880e+01
 -1.37498757e+01 -3.18540648e+01
 -1.34893203e+01 -3.08990950e+01
 -1.31988851e+01 -2.98021611e+01
 -1.28730226e+01 -2.85704847e+01
 -1.25030301e+01 -2.72142490e+01
 -1.20783949e+01 -2.57459352e+01
 -1.15887764e+01 -2.41796927e+01
 -1.10255728e+01 -2.25311889e+01
 -1.03830390e+01 -2.08182357e+01
 -9.65931537e+00 -1.90620017e+01
 -8.85721464e+00 -1.72881633e+01
 -7.98446707e+00 -1.55272471e+01
 -7.05364185e+00 -1.38136925e+01
 -6.08213161e+00 -1.21836430e+01
 -5.09197934e+00 -1.06719276e+01
 -4.10873617e+00 -9.30893030e+00
 -3.15875169e+00 -8.11801463e+00
 -2.26521735e+00 -7.11390141e+00
 -1.44419200e+00 -6.30200048e+00
 -7.02078793e-01 -5.67844684e+00
 -3.53465800e-02 -5.23078316e+00
 5.67900974e-01 -4.93957365e+00
 1.12557450e+00 -4.78111672e+00
 1.65912592e+00 -4.73073288e+00
 2.19092496e+00 -4.76551718e+00
 2.74145788e+00 -4.86570223e+00
 3.32683795e+00 -5.01468226e+00
 3.95737762e+00 -5.19839018e+00
 4.63770664e+00 -5.40464817e+00
 5.36836966e+00 -5.62269410e+00
 6.14809502e+00 -5.84281723e+00
 6.97517975e+00 -6.05604035e+00
 7.84663928e+00 -6.25395519e+00
 8.75547149e+00 -6.42900815e+00
 9.68811756e+00 -6.57545628e+00
 1.06240535e+01 -6.69064865e+00
 1.15377342e+01 -6.77567568e+00
 1.24017217e+01 -6.83465463e+00
 1.31897561e+01 -6.87307112e+00
 1.38792925e+01 -6.89645037e+00
 1.44536797e+01 -6.91012983e+00
 1.49042942e+01 -6.91974851e+00
 1.52327444e+01 -6.93155319e+00
 1.54525802e+01 -6.95170320e+00
 1.55887066e+01 -6.98420267e+00
 1.56725548e+01 -7.02853811e+00
 1.57337909e+01 -7.07949814e+00
 1.57928902e+01 -7.13024814e+00
 1.58588778e+01 -7.17625991e+00
 1.59324425e+01 -7.21677960e+00
 1.60109087e+01 -7.25342739e+00
 1.60916659e+01 -7.28812781e+00
 1.61732385e+01 -7.32209442e+00
 1.62550361e+01 -7.35584956e+00
 1.63368822e+01 -7.38955765e+00
 1.64187364e+01 -7.42325762e+00
 1.65005917e+01 -7.45695649e+00
 1.65824470e+01 -7.49065520e+00
 1.66643012e+01 -7.52435345e+00
 1.67461473e+01 -7.55804834e+00
 1.68279446e+01 -7.59172316e+00
 1.69095143e+01 -7.62530427e+00
 1.69902484e+01 -7.65854138e+00
 1.70685674e+01 -7.69078423e+00
 1.71413831e+01 -7.72076146e+00
 1.72042987e+01 -7.74666294e+00
 1.72531391e+01 -7.76676987e+00
 1.72531391e+01 -7.76676987e+00
 1.72531391e+01 -7.76676987e+00
 1.72531391e+01 -7.76676987e+00
 1.72531391e+01 -7.76676987e+00
 1.72531391e+01 -7.76676987e+00
 1.72531391e+01 -7.76676987e+00
 1.72531391e+01 -7.76676987e+00
 1.72531391e+01 -7.76676987e+00
 1.72531391e+01 -7.76676987e+00
 1.72531391e+01 -7.76676987e+00
 1.72531391e+01 -7.76676987e+00
 1.72531391e+01 -7.76676987e+00
 1.72531391e+01 -7.76676987e+00
 1.72531391e+01 -7.76676987e+00
 1.72531391e+01 -7.76676987e+00
 1.72531391e+01 -7.76676987e+00
 1.72531391e+01 -7.76676987e+00
 1.72531391e+01 -7.76676987e+00
 1.72531391e+01 -7.76676987e+00
 1.72531391e+01 -7.76676987e+00
 1.72531391e+01 -7.76676987e+00
 1.72531391e+01 -7.76676987e+00
 1.72531391e+01 -7.76676987e+00
 1.72531391e+01 -7.76676987e+00
 1.72531391e+01 -7.76676987e+00
 1.72531391e+01 -7.76676987e+00
 1.72531391e+01 -7.76676987e+00
 1.72531391e+01 -7.76676987e+00
 1.72531391e+01 -7.76676987e+00
 1.72531391e+01 -7.76676987e+00
 1.72531391e+01 -7.76676987e+00
 1.72531391e+01 -7.76676987e+00
 1.72531391e+01 -7.76676987e+00
 1.72531391e+01 -7.76676987e+00
 1.72531391e+01 -7.76676987e+00
 1.72531391e+01 -7.76676987e+00
 1.72531391e+01 -7.76676987e+00
 1.72531391e+01 -7.76676987e+00
 1.72531391e+01 -7.76676987e+00
 1.72531391e+01 -7.76676987e+00
 1.72531391e+01 -7.76676987e+00
 1.72531391e+01 -7.76676987e+00
 1.72531391e+01 -7.76676987e+00
 1.72531391e+01 -7.76676987e+00
 1.72531391e+01 -7.76676987e+00
 1.72531391e+01 -7.76676987e+00
 1.72531391e+01 -7.76676987e+00
 1.72531391e+01 -7.76676987e+00
 1.72531391e+01 -7.76676987e+00
 1.72531391e+01 -7.76676987e+00
 1.72531391e+01 -7.76676987e+00
 1.72531391e+01 -7.76676987e+00
 1.72531391e+01 -7.76676987e+00
 1.72531391e+01 -7.76676987e+00
 1.72531391e+01 -7.76676987e+00
 1.72531391e+01 -7.76676987e+00
 1.72531391e+01 -7.76676987e+00
 1.72531391e+01 -7.76676987e+00
 1.72531391e+01 -7.76676987e+00
 1.72531391e+01 -7.76676987e+00
 1.72531391e+01 -7.76676987e+00
 1.72531391e+01 -7.76676987e+00
