 0.00000000e+00 0.00000000e+00
 0.00000000e+00 0.00000000e+00
 0.00000000e+00 0.00000000e+00
 0.00000000e+00 0.00000000e+00
 6.46776999e-02 4.16996437e-02
 1.34451943e-01 7.14585272e-02
 1.95472571e-01 6.88152598e-02
 2.37194797e-01 1.36898082e-02
 2.54453141e-01 -1.11205683e-01
 2.43833393e-01 -3.20030981e-01
 1.99237758e-01 -6.23938600e-01
 1.11905614e-01 -1.03097207e+00
 -2.54715061e-02 -1.54573304e+00
 -2.15440884e-01 -2.16885318e+00
 -4.56359822e-01 -2.89667541e+00
 -7.45031035e-01 -3.72185113e+00
 -1.07823918e+00 -4.63494948e+00
 -1.45265588e+00 -5.62617766e+00
 -1.86463310e+00 -6.68622948e+00
 -2.31084621e+00 -7.80629197e+00
 -2.78928553e+00 -8.97808653e+00
 -3.29956414e+00 -1.01944579e+01
 -3.84210926e+00 -1.14499818e+01
 -4.41673479e+00 -1.27406685e+01
 -5.02153890e+00 -1.40625082e+01
 -5.65260834e+00 -1.54095121e+01
 -6.30403068e+00 -1.67721616e+01
 -6.96746261e+00 -1.81366865e+01
 -7.63141472e+00 -1.94849938e+01
 -8.28116868e+00 -2.07950357e+01
 -8.89982878e+00 -2.20417536e+01
 -9.47020559e+00 -2.31988049e+01
 -9.97697497e+00 -2.42410323e+01
 -1.04086230e+01 -2.51474048e+01
 -1.07586151e+01 -2.59038512e+01
 -1.10252802e+01 -2.65050228e+01
 -1.12104877e+01 -2.69540712e+01
 -1.13179338e+01 -2.72602874e+01
 -1.13520356e+01 -2.74354446e+01
 -1.13179265e+01 -2.74902945e+01
 -1.12221359e+01 -2.74325093e+01
 -1.10727875e+01 -2.72662771e+01
 -1.08786414e+01 -2.69925455e+01
 -1.06478517e+01 -2.66091216e+01
 -1.03876268e+01 -2.61112526e+01
 -1.01044179e+01 -2.54935378e+01
 -9.80341692e+00 -2.47524854e+01
 -9.48732409e+00 -2.38880109e+01
 -9.15548924e+00 -2.29030684e+01
 -8.80402804e+00 -2.18022319e+01
 -8.42642418e+00 -2.05906750e+01
 -8.01395456e+00 -1.92742320e+01
 -7.55604837e+00 -1.78600747e+01
 -7.04132523e+00 -1.63572785e+01
 -6.45963258e+00 -1.47772825e+01
 -5.80437960e+00 -1.31348863e+01
 -5.07425836e+00 -1.14500878e+01
 -4.27426934e+00 -9.74999766e+00
 -3.41644440e+00 -8.06930086e+00
 -2.52012188e+00 -6.44815339e+00
 -1.61110367e+00 -4.92784772e+00
 -7.19310019e-01 -3.54579621e+00
 1.24886489e-01 -2.33138650e+00
 8.95153960e-01 -1.30335539e+00
 1.57368395e+00 -4.68550560e-01
 2.15444718e+00 1.78102071e-01
 2.64422085e+00 6.52188805e-01
 3.06123352e+00 9.76570687e-01
 3.43199486e+00 1.17657946e+00
 3.78716660e+00 1.27508204e+00
 4.15741733e+00 1.28940579e+00
 4.56996435e+00 1.23102673e+00
 5.04593654e+00 1.10701402e+00
 5.59852635e+00 9.21703839e-01
 6.23233597e+00 6.78303638e-01
 6.94428218e+00 3.80981108e-01
 7.72547177e+00 3.72583484e-02
 8.56289436e+00 -3.40489822e-01
 9.44042754e+00 -7.35409909e-01
 1.03394364e+01 -1.12809760e+00
 1.12392755e+01 -1.49875394e+00
 1.21178728e+01 -1.82853082e+00
 1.29527358e+01 -2.10019051e+00
 1.37226091e+01 -2.29880149e+00
 1.44095245e+01 -2.41268828e+00
 1.50010114e+01 -2.43469415e+00
 1.54928883e+01 -2.36474966e+00
 1.58926488e+01 -2.21403085e+00
 1.62209249e+01 -2.00704087e+00
 1.65071434e+01 -1.77626725e+00
 1.67795423e+01 -1.55022128e+00
 1.70560039e+01 -1.34358686e+00
 1.73421355e+01 -1.15682927e+00
 1.76360208e+01 -9.83249870e-01
 1.79339957e+01 -8.16056847e-01
 1.82335476e+01 -6.51213801e-01
 1.85335601e+01 -4.87037459e-01
 1.88336760e+01 -3.23007946e-01
 1.91338099e+01 -1.59003615e-01
 1.94339462e+01 4.99733188e-03
 1.97340823e+01 1.68997704e-01
 2.00342145e+01 3.32995885e-01
 2.03343166e+01 4.96977652e-01
 2.06342401e+01 6.60861770e-01
 2.09333290e+01 8.24289860e-01
 2.12293539e+01 9.86043782e-01
 2.15165236e+01 1.14295899e+00
 2.17835146e+01 1.28884818e+00
 2.20142052e+01 1.41490205e+00
 2.21932868e+01 1.51275579e+00
 2.21932868e+01 1.51275579e+00
 2.21932868e+01 1.51275579e+00
 2.21932868e+01 1.51275579e+00
 2.21932868e+01 1.51275579e+00
 2.21932868e+01 1.51275579e+00
 2.21932868e+01 1.51275579e+00
 2.21932868e+01 1.51275579e+00
 2.21932868e+01 1.51275579e+00
 2.21932868e+01 1.51275579e+00
 2.21932868e+01 1.51275579e+00
 2.21932868e+01 1.51275579e+00
 2.21932868e+01 1.51275579e+00
 2.21932868e+01 1.51275579e+00
 2.21932868e+01 1.51275579e+00
 2.21932868e+01 1.51275579e+00
 2.21932868e+01 1.51275579e+00
 2.21932868e+01 1.51275579e+00
 2.21932868e+01 1.51275579e+00
 2.21932868e+01 1.51275579e+00
 2.21932868e+01 1.51275579e+00
 2.21932868e+01 1.51275579e+00
 2.21932868e+01 1.51275579e+00
 2.21932868e+01 1.51275579e+00
 2.21932868e+01 1.51275579e+00
 2.21932868e+01 1.51275579e+00
 2.21932868e+01 1.51275579e+00
 2.21932868e+01 1.51275579e+00
 2.21932868e+01 1.51275579e+00
 2.21932868e+01 1.51275579e+00
 2.21932868e+01 1.51275579e+00
 2.21932868e+01 1.51275579e+00
 2.21932868e+01 1.51275579e+00
 2.21932868e+01 1.51275579e+00
 2.21932868e+01 1.51275579e+00
 2.21932868e+01 1.51275579e+00
 2.21932868e+01 1.51275579e+00
 2.21932868e+01 1.51275579e+00
 2.21932868e+01 1.51275579e+00
 2.21932868e+01 1.51275579e+00
 2.21932868e+01 1.51275579e+00
 2.21932868e+01 1.51275579e+00
 2.21932868e+01 1.51275579e+00
 2.21932868e+01 1.51275579e+00
 2.21932868e+01 1.51275579e+00
 2.21932868e+01 1.51275579e+00
 2.21932868e+01 1.51275579e+00
 2.21932868e+01 1.51275579e+00
 2.21932868e+01 1.51275579e+00
 2.21932868e+01 1.51275579e+00
 2.21932868e+01 1.51275579e+00
 2.21932868e+01 1.51275579e+00
 2.21932868e+01 1.51275579e+00
 2.21932868e+01 1.51275579e+00
 2.21932868e+01 1.51275579e+00
 2.21932868e+01 1.51275579e+00
 2.21932868e+01 1.51275579e+00
 2.21932868e+01 1.51275579e+00
 2.21932868e+01 1.51275579e+00
 2.21932868e+01 1.51275579e+00
 2.21932868e+01 1.51275579e+00
 2.21932868e+01 1.51275579e+00
 2.21932868e+01 1.51275579e+00
 2.21932868e+01 1.51275579e+00
 2.21932868e+01 1.51275579e+00
