 0.00000000e+00 0.00000000e+00
 0.00000000e+00 0.00000000e+00
 0.00000000e+00 0.00000000e+00
 0.00000000e+00 0.00000000e+00
 -1.36880365e-01 1.13462081e-01
 -3.05194334e-01 2.40795372e-01
 -4.85848913e-01 3.60932592e-01
 -6.59183629e-01 4.54676920e-01
 -8.12145333e-01 5.07824667e-01
 -9.41161966e-01 5.08919672e-01
 -1.05082059e+00 4.45624475e-01
 -1.15040020e+00 3.03234712e-01
 -1.25080982e+00 6.57579122e-02
 -1.36315766e+00 -2.82091247e-01
 -1.49821146e+00 -7.53460098e-01
 -1.66568301e+00 -1.35866320e+00
 -1.87331733e+00 -2.10459910e+00
 -2.12640480e+00 -2.99386951e+00
 -2.42806209e+00 -4.02379840e+00
 -2.77992764e+00 -5.18594974e+00
 -3.18248421e+00 -6.46671239e+00
 -3.63461779e+00 -7.84896916e+00
 -4.13283051e+00 -9.31412381e+00
 -4.67076021e+00 -1.08435776e+01
 -5.23933060e+00 -1.24192831e+01
 -5.82761823e+00 -1.40235743e+01
 -6.42414293e+00 -1.56386536e+01
 -7.01760350e+00 -1.72460097e+01
 -7.59634165e+00 -1.88257808e+01
 -8.14746308e+00 -2.03560126e+01
 -8.65741290e+00 -2.18122357e+01
 -9.11426668e+00 -2.31681707e+01
 -9.50987845e+00 -2.43978249e+01
 -9.84009941e+00 -2.54783169e+01
 -1.01035040e+01 -2.63925027e+01
 -1.03007775e+01 -2.71307302e+01
 -1.04359725e+01 -2.76911431e+01
 -1.05180280e+01 -2.80781599e+01
 -1.05595961e+01 -2.82995937e+01
 -1.05725002e+01 -2.83637748e+01
 -1.05628040e+01 -2.82779314e+01
 -1.05293752e+01 -2.80479417e+01
 -1.04669441e+01 -2.76785971e+01
 -1.03707571e+01 -2.71737426e+01
 -1.02388136e+01 -2.65366654e+01
 -1.00706219e+01 -2.57713522e+01
 -9.86496986e+00 -2.48841608e+01
 -9.61915102e+00 -2.38844856e+01
 -9.32942126e+00 -2.27835829e+01
 -8.99137706e+00 -2.15923237e+01
 -8.60024967e+00 -2.03196384e+01
 -8.15197998e+00 -1.89729067e+01
 -7.64493464e+00 -1.75600166e+01
 -7.08101897e+00 -1.60917016e+01
 -6.46555758e+00 -1.45829624e+01
 -5.80674590e+00 -1.30533226e+01
 -5.11569787e+00 -1.15263341e+01
 -4.40699052e+00 -1.00288237e+01
 -3.69870933e+00 -8.59000671e+00
 -3.01126599e+00 -7.24009640e+00
 -2.36514736e+00 -6.00793756e+00
 -1.77839295e+00 -4.91777237e+00
 -1.26471940e+00 -3.98608331e+00
 -8.32772943e-01 -3.21970005e+00
 -4.86034879e-01 -2.61566380e+00
 -2.22296212e-01 -2.16237142e+00
 -3.25058994e-02 -1.84123001e+00
 9.97137268e-02 -1.62846280e+00
 1.96931988e-01 -1.49705650e+00
 2.85947772e-01 -1.41892540e+00
 3.95932304e-01 -1.36741587e+00
 5.56397557e-01 -1.31992620e+00
 7.94858534e-01 -1.25966983e+00
 1.13490287e+00 -1.17569455e+00
 1.59483503e+00 -1.06162028e+00
 2.18609360e+00 -9.14545567e-01
 2.91097911e+00 -7.35034498e-01
 3.76050880e+00 -5.28009448e-01
 4.71404710e+00 -3.03789175e-01
 5.74183536e+00 -7.82537533e-02
 6.80988787e+00 1.28808508e-01
 7.88522825e+00 2.97202372e-01
 8.93940980e+00 4.10252168e-01
 9.94978973e+00 4.57111113e-01
 1.08995514e+01 4.32709503e-01
 1.17773545e+01 3.36804711e-01
 1.25764940e+01 1.73996870e-01
 1.32934897e+01 -4.54567117e-02
 1.39268173e+01 -3.05784620e-01
 1.44764019e+01 -5.87747570e-01
 1.49436353e+01 -8.71825588e-01
 1.53312683e+01 -1.14104160e+00
 1.56429346e+01 -1.38233017e+00
 1.58827750e+01 -1.58644086e+00
 1.60558888e+01 -1.74725940e+00
 1.61695233e+01 -1.86130697e+00
 1.62336012e+01 -1.92761853e+00
 1.62594277e+01 -1.94828765e+00
 1.62576151e+01 -1.92985647e+00
 1.62373566e+01 -1.88416671e+00
 1.62070451e+01 -1.82624417e+00
 1.61741332e+01 -1.76921541e+00
 1.61436350e+01 -1.71997721e+00
 1.61171890e+01 -1.67901920e+00
 1.60939882e+01 -1.64358242e+00
 1.60725514e+01 -1.61081149e+00
 1.60518176e+01 -1.57901417e+00
 1.60312952e+01 -1.54749060e+00
 1.60108214e+01 -1.51602677e+00
 1.59903562e+01 -1.48457310e+00
 1.59698922e+01 -1.45312079e+00
 1.59494284e+01 -1.42166866e+00
 1.59289648e+01 -1.39021695e+00
 1.59085033e+01 -1.35876839e+00
 1.58880540e+01 -1.32733856e+00
 1.58676615e+01 -1.29599619e+00
 1.58474780e+01 -1.26497489e+00
 1.58278983e+01 -1.23488156e+00
 1.58096943e+01 -1.20690281e+00
 1.57939654e+01 -1.18272810e+00
 1.57817553e+01 -1.16396163e+00
 1.57817553e+01 -1.16396163e+00
 1.57817553e+01 -1.16396163e+00
 1.57817553e+01 -1.16396163e+00
 1.57817553e+01 -1.16396163e+00
 1.57817553e+01 -1.16396163e+00
 1.57817553e+01 -1.16396163e+00
 1.57817553e+01 -1.16396163e+00
 1.57817553e+01 -1.16396163e+00
 1.57817553e+01 -1.16396163e+00
 1.57817553e+01 -1.16396163e+00
 1.57817553e+01 -1.16396163e+00
 1.57817553e+01 -1.16396163e+00
 1.57817553e+01 -1.16396163e+00
 1.57817553e+01 -1.16396163e+00
 1.57817553e+01 -1.16396163e+00
 1.57817553e+01 -1.16396163e+00
 1.57817553e+01 -1.16396163e+00
 1.57817553e+01 -1.16396163e+00
 1.57817553e+01 -1.16396163e+00
 1.57817553e+01 -1.16396163e+00
 1.57817553e+01 -1.16396163e+00
 1.57817553e+01 -1.16396163e+00
 1.57817553e+01 -1.16396163e+00
 1.57817553e+01 -1.16396163e+00
 1.57817553e+01 -1.16396163e+00
 1.57817553e+01 -1.16396163e+00
 1.57817553e+01 -1.16396163e+00
 1.57817553e+01 -1.16396163e+00
 1.57817553e+01 -1.16396163e+00
 1.57817553e+01 -1.16396163e+00
 1.57817553e+01 -1.16396163e+00
 1.57817553e+01 -1.16396163e+00
 1.57817553e+01 -1.16396163e+00
 1.57817553e+01 -1.16396163e+00
 1.57817553e+01 -1.16396163e+00
 1.57817553e+01 -1.16396163e+00
 1.57817553e+01 -1.16396163e+00
 1.57817553e+01 -1.16396163e+00
 1.57817553e+01 -1.16396163e+00
 1.57817553e+01 -1.16396163e+00
 1.57817553e+01 -1.16396163e+00
 1.57817553e+01 -1.16396163e+00
 1.57817553e+01 -1.16396163e+00
 1.57817553e+01 -1.16396163e+00
 1.57817553e+01 -1.16396163e+00
 1.57817553e+01 -1.16396163e+00
 1.57817553e+01 -1.16396163e+00
 1.57817553e+01 -1.16396163e+00
 1.57817553e+01 -1.16396163e+00
 1.57817553e+01 -1.16396163e+00
 1.57817553e+01 -1.16396163e+00
 1.57817553e+01 -1.16396163e+00
 1.57817553e+01 -1.16396163e+00
