 0.00000000e+00 0.00000000e+00
 0.00000000e+00 0.00000000e+00
 0.00000000e+00 0.00000000e+00
 0.00000000e+00 0.00000000e+00
 -2.46331598e-02 2.34499811e-02
 -5.23402105e-02 4.75999439e-02
 -7.70471792e-02 6.60637656e-02
 -9.47320266e-02 7.15551524e-02
 -1.05727759e-01 5.65283246e-02
 -1.14119564e-01 1.34972557e-02
 -1.25939644e-01 -6.46506484e-02
 -1.47720522e-01 -1.84612707e-01
 -1.85337644e-01 -3.53300740e-01
 -2.42919795e-01 -5.78786857e-01
 -3.22273499e-01 -8.70600509e-01
 -4.23272590e-01 -1.23881529e+00
 -5.45305561e-01 -1.69236932e+00
 -6.89241546e-01 -2.23766893e+00
 -8.58482143e-01 -2.87817376e+00
 -1.05806431e+00 -3.61472676e+00
 -1.29273184e+00 -4.44582368e+00
 -1.56575647e+00 -5.36734041e+00
 -1.87883045e+00 -6.37203329e+00
 -2.23190653e+00 -7.44954015e+00
 -2.62243883e+00 -8.58723726e+00
 -3.04488191e+00 -9.77159065e+00
 -3.49138189e+00 -1.09893146e+01
 -3.95335409e+00 -1.22279230e+01
 -4.42285197e+00 -1.34757335e+01
 -4.89315405e+00 -1.47216373e+01
 -5.35887747e+00 -1.59548651e+01
 -5.81601673e+00 -1.71646717e+01
 -6.26173641e+00 -1.83396815e+01
 -6.69350961e+00 -1.94669568e+01
 -7.10773597e+00 -2.05314153e+01
 -7.49869132e+00 -2.15163007e+01
 -7.85871144e+00 -2.24048014e+01
 -8.17966879e+00 -2.31822554e+01
 -8.45469747e+00 -2.38381482e+01
 -8.67902571e+00 -2.43672442e+01
 -8.85008606e+00 -2.47695687e+01
 -8.96791425e+00 -2.50494066e+01
 -9.03554248e+00 -2.52135839e+01
 -9.05788809e+00 -2.52692379e+01
 -9.03953563e+00 -2.52217153e+01
 -8.98418447e+00 -2.50736366e+01
 -8.89666353e+00 -2.48253550e+01
 -8.78458360e+00 -2.44758433e+01
 -8.65702802e+00 -2.40232568e+01
 -8.52143246e+00 -2.34654250e+01
 -8.38125668e+00 -2.28005902e+01
 -8.23532811e+00 -2.20281255e+01
 -8.07832365e+00 -2.11489184e+01
 -7.90194184e+00 -2.01655143e+01
 -7.69654286e+00 -1.90822628e+01
 -7.45277645e+00 -1.79055428e+01
 -7.16256353e+00 -1.66440292e+01
 -6.81928979e+00 -1.53089352e+01
 -6.41784086e+00 -1.39140309e+01
 -5.95512991e+00 -1.24752131e+01
 -5.43089202e+00 -1.10097416e+01
 -4.84808802e+00 -9.53564485e+00
 -4.21299588e+00 -8.07167537e+00
 -3.53556365e+00 -6.63760874e+00
 -2.82975016e+00 -5.25424791e+00
 -2.11277186e+00 -3.94264889e+00
 -1.40286080e+00 -2.72262321e+00
 -7.16400148e-01 -1.61094667e+00
 -6.55802294e-02 -6.19623882e-01
 5.43077451e-01 2.45676582e-01
 1.10975157e+00 9.86791746e-01
 1.64206897e+00 1.61325851e+00
 2.15483942e+00 2.14094498e+00
 2.66802995e+00 2.58907630e+00
 3.20337878e+00 2.97634162e+00
 3.78099189e+00 3.31721845e+00
 4.41708699e+00 3.61956877e+00
 5.12308704e+00 3.88405939e+00
 5.90539227e+00 4.10543724e+00
 6.76514987e+00 4.27528273e+00
 7.69808716e+00 4.38528414e+00
 8.69496960e+00 4.42961054e+00
 9.74289646e+00 4.40570118e+00
 1.08269167e+01 4.31449645e+00
 1.19311908e+01 4.16147583e+00
 1.30394271e+01 3.95799334e+00
 1.41349351e+01 3.72101667e+00
 1.52007573e+01 3.47060672e+00
 1.62201515e+01 3.22654894e+00
 1.71774077e+01 3.00586588e+00
 1.80586397e+01 2.82165746e+00
 1.88522457e+01 2.68265270e+00
 1.95492694e+01 2.59292532e+00
 2.01442094e+01 2.55189918e+00
 2.06365720e+01 2.55494717e+00
 2.10329683e+01 2.59429596e+00
 2.13487277e+01 2.65979196e+00
 2.16070050e+01 2.73997297e+00
 2.18338840e+01 2.82420872e+00
 2.20511523e+01 2.90527843e+00
 2.22713035e+01 2.98052188e+00
 2.24978362e+01 3.05071641e+00
 2.27293143e+01 3.11787511e+00
 2.29633361e+01 3.18366404e+00
 2.31983200e+01 3.24897663e+00
 2.34335808e+01 3.31416013e+00
 2.36689031e+01 3.37931626e+00
 2.39042359e+01 3.44446784e+00
 2.41395700e+01 3.50961881e+00
 2.43749040e+01 3.57476964e+00
 2.46102350e+01 3.63991960e+00
 2.48455423e+01 3.70506304e+00
 2.50807096e+01 3.77016769e+00
 2.53152224e+01 3.83509118e+00
 2.55473329e+01 3.89934958e+00
 2.57725001e+01 3.96168576e+00
 2.59818453e+01 4.01964174e+00
 2.61627276e+01 4.06971794e+00
 2.63031439e+01 4.10859134e+00
 2.63031439e+01 4.10859134e+00
 2.63031439e+01 4.10859134e+00
 2.63031439e+01 4.10859134e+00
 2.63031439e+01 4.10859134e+00
 2.63031439e+01 4.10859134e+00
 2.63031439e+01 4.10859134e+00
 2.63031439e+01 4.10859134e+00
 2.63031439e+01 4.10859134e+00
 2.63031439e+01 4.10859134e+00
 2.63031439e+01 4.10859134e+00
 2.63031439e+01 4.10859134e+00
 2.63031439e+01 4.10859134e+00
 2.63031439e+01 4.10859134e+00
 2.63031439e+01 4.10859134e+00
 2.63031439e+01 4.10859134e+00
 2.63031439e+01 4.10859134e+00
 2.63031439e+01 4.10859134e+00
 2.63031439e+01 4.10859134e+00
 2.63031439e+01 4.10859134e+00
 2.63031439e+01 4.10859134e+00
 2.63031439e+01 4.10859134e+00
 2.63031439e+01 4.10859134e+00
 2.63031439e+01 4.10859134e+00
 2.63031439e+01 4.10859134e+00
 2.63031439e+01 4.10859134e+00
 2.63031439e+01 4.10859134e+00
 2.63031439e+01 4.10859134e+00
 2.63031439e+01 4.10859134e+00
 2.63031439e+01 4.10859134e+00
 2.63031439e+01 4.10859134e+00
 2.63031439e+01 4.10859134e+00
 2.63031439e+01 4.10859134e+00
 2.63031439e+01 4.10859134e+00
 2.63031439e+01 4.10859134e+00
 2.63031439e+01 4.10859134e+00
 2.63031439e+01 4.10859134e+00
 2.63031439e+01 4.10859134e+00
 2.63031439e+01 4.10859134e+00
 2.63031439e+01 4.10859134e+00
 2.63031439e+01 4.10859134e+00
 2.63031439e+01 4.10859134e+00
 2.63031439e+01 4.10859134e+00
 2.63031439e+01 4.10859134e+00
 2.63031439e+01 4.10859134e+00
 2.63031439e+01 4.10859134e+00
 2.63031439e+01 4.10859134e+00
 2.63031439e+01 4.10859134e+00
 2.63031439e+01 4.10859134e+00
 2.63031439e+01 4.10859134e+00
 2.63031439e+01 4.10859134e+00
 2.63031439e+01 4.10859134e+00
 2.63031439e+01 4.10859134e+00
 2.63031439e+01 4.10859134e+00
 2.63031439e+01 4.10859134e+00
 2.63031439e+01 4.10859134e+00
