 0.00000000e+00 0.00000000e+00
 0.00000000e+00 0.00000000e+00
 0.00000000e+00 0.00000000e+00
 0.00000000e+00 0.00000000e+00
 -1.02092992e-04 -1.77558649e-03
 -6.05151941e-04 -7.73650259e-03
 -2.58737003e-03 -2.43029270e-02
 -8.88164785e-03 -6.30539095e-02
 -2.51560427e-02 -1.40847799e-01
 -5.99052617e-02 -2.77818853e-01
 -1.22355954e-01 -4.94107255e-01
 -2.19198870e-01 -8.06924638e-01
 -3.52692239e-01 -1.22877276e+00
 -5.21365332e-01 -1.76646623e+00
 -7.21723018e-01 -2.42039049e+00
 -9.48911538e-01 -3.18410298e+00
 -1.19640924e+00 -4.04493598e+00
 -1.45617846e+00 -4.98601134e+00
 -1.71999477e+00 -5.98928888e+00
 -1.98129621e+00 -7.03863430e+00
 -2.23635583e+00 -8.12193898e+00
 -2.48423897e+00 -9.23201380e+00
 -2.72615216e+00 -1.03665855e+01
 -2.96512314e+00 -1.15276344e+01
 -3.20609241e+00 -1.27199041e+01
 -3.45562617e+00 -1.39484808e+01
 -3.72067299e+00 -1.52158872e+01
 -4.00667624e+00 -1.65195162e+01
 -4.31582120e+00 -1.78500355e+01
 -4.64594244e+00 -1.91909362e+01
 -4.99025895e+00 -2.05191442e+01
 -5.33804358e+00 -2.18066117e+01
 -5.67621556e+00 -2.30228154e+01
 -5.99141415e+00 -2.41379641e+01
 -6.27189757e+00 -2.51265230e+01
 -6.50906858e+00 -2.59704932e+01
 -6.69882496e+00 -2.66617565e+01
 -6.84231481e+00 -2.72027378e+01
 -6.94504057e+00 -2.76049549e+01
 -7.01444728e+00 -2.78858021e+01
 -7.05790549e+00 -2.80645249e+01
 -7.08228779e+00 -2.81583762e+01
 -7.09408498e+00 -2.81798710e+01
 -7.09884863e+00 -2.81358354e+01
 -7.10040598e+00 -2.80278817e+01
 -7.10074507e+00 -2.78529075e+01
 -7.10046543e+00 -2.76031016e+01
 -7.09906743e+00 -2.72666635e+01
 -7.09466232e+00 -2.68301468e+01
 -7.08331138e+00 -2.62814527e+01
 -7.05858585e+00 -2.56119331e+01
 -7.01171440e+00 -2.48173083e+01
 -6.93212151e+00 -2.38982040e+01
 -6.80811778e+00 -2.28608722e+01
 -6.62782552e+00 -2.17177525e+01
 -6.38017550e+00 -2.04872451e+01
 -6.05550270e+00 -1.91926256e+01
 -5.64575708e+00 -1.78604647e+01
 -5.14477723e+00 -1.65187225e+01
 -4.54885054e+00 -1.51945830e+01
 -3.85756162e+00 -1.39124497e+01
 -3.07475761e+00 -1.26927457e+01
 -2.20911199e+00 -1.15517675e+01
 -1.27375753e+00 -1.05021883e+01
 -2.84976392e-01 -9.55350626e+00
 7.39493849e-01 -8.71207378e+00
 1.78188242e+00 -7.98096150e+00
 2.82547267e+00 -7.36006622e+00
 3.85582480e+00 -6.84649334e+00
 4.86210267e+00 -6.43495198e+00
 5.83763414e+00 -6.11798278e+00
 6.77906916e+00 -5.88598849e+00
 7.68451111e+00 -5.72712897e+00
 8.55152590e+00 -5.62736563e+00
 9.37575864e+00 -5.57124080e+00
 1.01505102e+01 -5.54377966e+00
 1.08673227e+01 -5.53295909e+00
 1.15174827e+01 -5.53142939e+00
 1.20941933e+01 -5.53653663e+00
 1.25946515e+01 -5.54871645e+00
 1.30208435e+01 -5.56916810e+00
 1.33786017e+01 -5.59813102e+00
 1.36759774e+01 -5.63467272e+00
 1.39223264e+01 -5.67756749e+00
 1.41281568e+01 -5.72604198e+00
 1.43046930e+01 -5.77997366e+00
 1.44626161e+01 -5.84006690e+00
 1.46105773e+01 -5.90800041e+00
 1.47545026e+01 -5.98590921e+00
 1.48981887e+01 -6.07541027e+00
 1.50446158e+01 -6.17712018e+00
 1.51966467e+01 -6.29076236e+00
 1.53563302e+01 -6.41515463e+00
 1.55235579e+01 -6.54791449e+00
 1.56955936e+01 -6.68543949e+00
 1.58681287e+01 -6.82357858e+00
 1.60371738e+01 -6.95880807e+00
 1.62005897e+01 -7.08926698e+00
 1.63584514e+01 -7.21499618e+00
 1.65122673e+01 -7.33727086e+00
 1.66638062e+01 -7.45759842e+00
 1.68143414e+01 -7.57706703e+00
 1.69645287e+01 -7.69623786e+00
 1.71146212e+01 -7.81532751e+00
 1.72646934e+01 -7.93439978e+00
 1.74147622e+01 -8.05346912e+00
 1.75648305e+01 -8.17253807e+00
 1.77148986e+01 -8.29160682e+00
 1.78649647e+01 -8.41067399e+00
 1.80150158e+01 -8.52972924e+00
 1.81649775e+01 -8.64871360e+00
 1.83145219e+01 -8.76736687e+00
 1.84625344e+01 -8.88480465e+00
 1.86061193e+01 -8.99872939e+00
 1.87396148e+01 -9.10464894e+00
 1.88549600e+01 -9.19616750e+00
 1.89445008e+01 -9.26721200e+00
 1.89445008e+01 -9.26721200e+00
 1.89445008e+01 -9.26721200e+00
 1.89445008e+01 -9.26721200e+00
 1.89445008e+01 -9.26721200e+00
 1.89445008e+01 -9.26721200e+00
 1.89445008e+01 -9.26721200e+00
 1.89445008e+01 -9.26721200e+00
 1.89445008e+01 -9.26721200e+00
 1.89445008e+01 -9.26721200e+00
 1.89445008e+01 -9.26721200e+00
 1.89445008e+01 -9.26721200e+00
 1.89445008e+01 -9.26721200e+00
 1.89445008e+01 -9.26721200e+00
 1.89445008e+01 -9.26721200e+00
 1.89445008e+01 -9.26721200e+00
 1.89445008e+01 -9.26721200e+00
 1.89445008e+01 -9.26721200e+00
 1.89445008e+01 -9.26721200e+00
 1.89445008e+01 -9.26721200e+00
 1.89445008e+01 -9.26721200e+00
 1.89445008e+01 -9.26721200e+00
 1.89445008e+01 -9.26721200e+00
 1.89445008e+01 -9.26721200e+00
 1.89445008e+01 -9.26721200e+00
 1.89445008e+01 -9.26721200e+00
 1.89445008e+01 -9.26721200e+00
 1.89445008e+01 -9.26721200e+00
 1.89445008e+01 -9.26721200e+00
 1.89445008e+01 -9.26721200e+00
 1.89445008e+01 -9.26721200e+00
 1.89445008e+01 -9.26721200e+00
 1.89445008e+01 -9.26721200e+00
 1.89445008e+01 -9.26721200e+00
 1.89445008e+01 -9.26721200e+00
 1.89445008e+01 -9.26721200e+00
 1.89445008e+01 -9.26721200e+00
 1.89445008e+01 -9.26721200e+00
 1.89445008e+01 -9.26721200e+00
 1.89445008e+01 -9.26721200e+00
 1.89445008e+01 -9.26721200e+00
 1.89445008e+01 -9.26721200e+00
 1.89445008e+01 -9.26721200e+00
 1.89445008e+01 -9.26721200e+00
 1.89445008e+01 -9.26721200e+00
 1.89445008e+01 -9.26721200e+00
 1.89445008e+01 -9.26721200e+00
 1.89445008e+01 -9.26721200e+00
 1.89445008e+01 -9.26721200e+00
 1.89445008e+01 -9.26721200e+00
 1.89445008e+01 -9.26721200e+00
 1.89445008e+01 -9.26721200e+00
 1.89445008e+01 -9.26721200e+00
 1.89445008e+01 -9.26721200e+00
 1.89445008e+01 -9.26721200e+00
 1.89445008e+01 -9.26721200e+00
 1.89445008e+01 -9.26721200e+00
 1.89445008e+01 -9.26721200e+00
