 0.00000000e+00 0.00000000e+00
 0.00000000e+00 0.00000000e+00
 0.00000000e+00 0.00000000e+00
 0.00000000e+00 0.00000000e+00
 1.75197095e-02 1.87231383e-02
 2.76457127e-02 3.26429941e-02
 1.97362694e-02 2.88290061e-02
 -1.94115273e-02 -9.17941964e-03
 -1.05269904e-01 -9.84808345e-02
 -2.53455923e-01 -2.54394074e-01
 -4.76191289e-01 -4.89744076e-01
 -7.79736128e-01 -8.15535210e-01
 -1.16418402e+00 -1.24161316e+00
 -1.62491234e+00 -1.77619919e+00
 -2.15426669e+00 -2.42440182e+00
 -2.74269859e+00 -3.18690653e+00
 -3.37952235e+00 -4.06006139e+00
 -4.05394269e+00 -5.03743978e+00
 -4.75655545e+00 -6.11170919e+00
 -5.48045526e+00 -7.27553355e+00
 -6.22079345e+00 -8.52137633e+00
 -6.97292097e+00 -9.84109290e+00
 -7.73066631e+00 -1.12259940e+01
 -8.48598796e+00 -1.26672175e+01
 -9.22983528e+00 -1.41559372e+01
 -9.95344190e+00 -1.56832385e+01
 -1.06496111e+01 -1.72397284e+01
 -1.13137033e+01 -1.88149306e+01
 -1.19438870e+01 -2.03965592e+01
 -1.25404883e+01 -2.19699476e+01
 -1.31048363e+01 -2.35179861e+01
 -1.36381147e+01 -2.50216929e+01
 -1.41404342e+01 -2.64610951e+01
 -1.46102776e+01 -2.78159481e+01
 -1.50444866e+01 -2.90662736e+01
 -1.54386671e+01 -3.01932906e+01
 -1.57877324e+01 -3.11812311e+01
 -1.60866089e+01 -3.20196821e+01
 -1.63313512e+01 -3.27052515e+01
 -1.65206025e+01 -3.32413748e+01
 -1.66564628e+01 -3.36361324e+01
 -1.67433404e+01 -3.38991465e+01
 -1.67849767e+01 -3.40388930e+01
 -1.67826299e+01 -3.40610779e+01
 -1.67369318e+01 -3.39679860e+01
 -1.66513796e+01 -3.37584608e+01
 -1.65329491e+01 -3.34282461e+01
 -1.63888772e+01 -3.29706697e+01
 -1.62232242e+01 -3.23779628e+01
 -1.60362342e+01 -3.16434171e+01
 -1.58257036e+01 -3.07638641e+01
 -1.55880022e+01 -2.97413564e+01
 -1.53178366e+01 -2.85833258e+01
 -1.50076071e+01 -2.73015860e+01
 -1.46477768e+01 -2.59111861e+01
 -1.42288317e+01 -2.44297827e+01
 -1.37437679e+01 -2.28775181e+01
 -1.31893840e+01 -2.12769516e+01
 -1.25659280e+01 -1.96524116e+01
 -1.18762127e+01 -1.80282746e+01
 -1.11253124e+01 -1.64264371e+01
 -1.03207372e+01 -1.48642029e+01
 -9.47221381e+00 -1.33537821e+01
 -8.59075143e+00 -1.19033541e+01
 -7.68765634e+00 -1.05185424e+01
 -6.77414313e+00 -9.20323542e+00
 -5.86126289e+00 -7.95961260e+00
 -4.95944058e+00 -6.78811605e+00
 -4.07753185e+00 -5.68817147e+00
 -3.22211403e+00 -4.65953734e+00
 -2.39779902e+00 -3.70333159e+00
 -1.60854455e+00 -2.82214260e+00
 -8.58949759e-01 -2.01959085e+00
 -1.54487298e-01 -1.30004174e+00
 4.99361954e-01 -6.68859282e-01
 1.09839972e+00 -1.33220758e-01
 1.64098878e+00 2.96874397e-01
 2.12907174e+00 6.08209070e-01
 2.56849674e+00 7.85483461e-01
 2.96856571e+00 8.14302748e-01
 3.34147765e+00 6.85217933e-01
 3.70227057e+00 3.97225667e-01
 4.06892216e+00 -4.04946458e-02
 4.46174479e+00 -6.08604959e-01
 4.90179789e+00 -1.27862489e+00
 5.40901776e+00 -2.01450222e+00
 6.00098316e+00 -2.77501198e+00
 6.69238019e+00 -3.51736110e+00
 7.49416180e+00 -4.20162741e+00
 8.41132112e+00 -4.79475046e+00
 9.43936129e+00 -5.27281185e+00
 1.05609697e+01 -5.62148685e+00
 1.17448817e+01 -5.83558343e+00
 1.29479755e+01 -5.91844681e+00
 1.41199444e+01 -5.88120486e+00
 1.52088251e+01 -5.74142344e+00
 1.61659418e+01 -5.52100923e+00
 1.69499129e+01 -5.24377301e+00
 1.75303637e+01 -4.93333836e+00
 1.78924017e+01 -4.61156180e+00
 1.80423188e+01 -4.29674890e+00
 1.80124803e+01 -4.00107747e+00
 1.78596246e+01 -3.72831688e+00
 1.76512098e+01 -3.47423252e+00
 1.74436129e+01 -3.23051292e+00
 1.72661511e+01 -2.98976220e+00
 1.71216604e+01 -2.74815660e+00
 1.69994949e+01 -2.50495365e+00
 1.68882603e+01 -2.26070335e+00
 1.67810726e+01 -2.01600447e+00
 1.66750378e+01 -1.77116619e+00
 1.65692576e+01 -1.52629532e+00
 1.64635211e+01 -1.28141864e+00
 1.63577905e+01 -1.03654117e+00
 1.62520607e+01 -7.91663958e-01
 1.61463323e+01 -5.46789965e-01
 1.60406145e+01 -3.01940478e-01
 1.59349596e+01 -5.72367941e-02
 1.58295988e+01 1.86785970e-01
 1.57253173e+01 4.28308950e-01
 1.56241552e+01 6.62607002e-01
 1.55301016e+01 8.80441542e-01
 1.54488356e+01 1.06865896e+00
 1.53857500e+01 1.21476934e+00
 1.53857500e+01 1.21476934e+00
 1.53857500e+01 1.21476934e+00
 1.53857500e+01 1.21476934e+00
 1.53857500e+01 1.21476934e+00
 1.53857500e+01 1.21476934e+00
 1.53857500e+01 1.21476934e+00
 1.53857500e+01 1.21476934e+00
 1.53857500e+01 1.21476934e+00
 1.53857500e+01 1.21476934e+00
 1.53857500e+01 1.21476934e+00
 1.53857500e+01 1.21476934e+00
 1.53857500e+01 1.21476934e+00
 1.53857500e+01 1.21476934e+00
 1.53857500e+01 1.21476934e+00
 1.53857500e+01 1.21476934e+00
 1.53857500e+01 1.21476934e+00
 1.53857500e+01 1.21476934e+00
 1.53857500e+01 1.21476934e+00
 1.53857500e+01 1.21476934e+00
 1.53857500e+01 1.21476934e+00
 1.53857500e+01 1.21476934e+00
 1.53857500e+01 1.21476934e+00
 1.53857500e+01 1.21476934e+00
 1.53857500e+01 1.21476934e+00
 1.53857500e+01 1.21476934e+00
 1.53857500e+01 1.21476934e+00
 1.53857500e+01 1.21476934e+00
 1.53857500e+01 1.21476934e+00
 1.53857500e+01 1.21476934e+00
 1.53857500e+01 1.21476934e+00
 1.53857500e+01 1.21476934e+00
 1.53857500e+01 1.21476934e+00
 1.53857500e+01 1.21476934e+00
 1.53857500e+01 1.21476934e+00
 1.53857500e+01 1.21476934e+00
 1.53857500e+01 1.21476934e+00
 1.53857500e+01 1.21476934e+00
 1.53857500e+01 1.21476934e+00
 1.53857500e+01 1.21476934e+00
 1.53857500e+01 1.21476934e+00
 1.53857500e+01 1.21476934e+00
 1.53857500e+01 1.21476934e+00
 1.53857500e+01 1.21476934e+00
 1.53857500e+01 1.21476934e+00
 1.53857500e+01 1.21476934e+00
 1.53857500e+01 1.21476934e+00
 1.53857500e+01 1.21476934e+00
 1.53857500e+01 1.21476934e+00
 1.53857500e+01 1.21476934e+00
 1.53857500e+01 1.21476934e+00
