 0.00000000e+00 0.00000000e+00
 0.00000000e+00 0.00000000e+00
 0.00000000e+00 0.00000000e+00
 0.00000000e+00 0.00000000e+00
 7.50889759e-02 4.80988970e-02
 1.55565315e-01 9.83788212e-02
 2.26210079e-01 1.41010718e-01
 2.77028104e-01 1.69050121e-01
 3.06925051e-01 1.79014231e-01
 3.21176856e-01 1.67604226e-01
 3.26242745e-01 1.28429284e-01
 3.25953803e-01 5.21786303e-02
 3.20049046e-01 -7.04722339e-02
 3.04197269e-01 -2.46810344e-01
 2.71280511e-01 -4.82675044e-01
 2.14084975e-01 -7.83937830e-01
 1.28013882e-01 -1.15671950e+00
 1.15145149e-02 -1.60650983e+00
 -1.35957473e-01 -2.13755221e+00
 -3.16048131e-01 -2.75290963e+00
 -5.31921265e-01 -3.45459788e+00
 -7.87471525e-01 -4.24344052e+00
 -1.08640088e+00 -5.11901216e+00
 -1.43145972e+00 -6.07993061e+00
 -1.82388749e+00 -7.12425508e+00
 -2.26331346e+00 -8.24987547e+00
 -2.74833304e+00 -9.45513906e+00
 -3.27756589e+00 -1.07397000e+01
 -3.85051657e+00 -1.21049730e+01
 -4.46745635e+00 -1.35533995e+01
 -5.12825067e+00 -1.50863103e+01
 -5.83107292e+00 -1.67011513e+01
 -6.57196938e+00 -1.83892938e+01
 -7.34505811e+00 -2.01351065e+01
 -8.14231948e+00 -2.19161489e+01
 -8.95260089e+00 -2.37040917e+01
 -9.76069725e+00 -2.54662211e+01
 -1.05476545e+01 -2.71675957e+01
 -1.12925650e+01 -2.87738244e+01
 -1.19751123e+01 -3.02540628e+01
 -1.25779321e+01 -3.15834775e+01
 -1.30883935e+01 -3.27445963e+01
 -1.34998124e+01 -3.37276694e+01
 -1.38120545e+01 -3.45305532e+01
 -1.40314119e+01 -3.51582549e+01
 -1.41696086e+01 -3.56218496e+01
 -1.42415946e+01 -3.59365556e+01
 -1.42621453e+01 -3.61189836e+01
 -1.42426354e+01 -3.61839673e+01
 -1.41900794e+01 -3.61420533e+01
 -1.41090643e+01 -3.59987824e+01
 -1.40046821e+01 -3.57556259e+01
 -1.38836413e+01 -3.54112885e+01
 -1.37527122e+01 -3.49626561e+01
 -1.36164399e+01 -3.44058145e+01
 -1.34762414e+01 -3.37373977e+01
 -1.33307383e+01 -3.29555421e+01
 -1.31759256e+01 -3.20596903e+01
 -1.30048444e+01 -3.10495842e+01
 -1.28077391e+01 -2.99246839e+01
 -1.25734777e+01 -2.86848967e+01
 -1.22918314e+01 -2.73322348e+01
 -1.19554229e+01 -2.58722230e+01
 -1.15603995e+01 -2.43144053e+01
 -1.11058118e+01 -2.26723612e+01
 -1.05924242e+01 -2.09639175e+01
 -1.00217172e+01 -1.92115616e+01
 -9.39554493e+00 -1.74423758e+01
 -8.71671440e+00 -1.56870154e+01
 -7.99022073e+00 -1.39779965e+01
 -7.22408037e+00 -1.23477791e+01
 -6.42889296e+00 -1.08266825e+01
 -5.61649582e+00 -9.44054390e+00
 -4.79865926e+00 -8.20851022e+00
 -3.98601313e+00 -7.14152327e+00
 -3.18664465e+00 -6.24167802e+00
 -2.40421938e+00 -5.50245165e+00
 -1.63648267e+00 -4.91001495e+00
 -8.75324735e-01 -4.44579390e+00
 -1.08869207e-01 -4.08983991e+00
 6.75123388e-01 -3.82390108e+00
 1.48608044e+00 -3.63315176e+00
 2.32901892e+00 -3.50644923e+00
 3.20456932e+00 -3.43577342e+00
 4.10949009e+00 -3.41529239e+00
 5.03677969e+00 -3.43993710e+00
 5.97568081e+00 -3.50369518e+00
 6.91242768e+00 -3.59866668e+00
 7.83185736e+00 -3.71565160e+00
 8.71899276e+00 -3.84559909e+00
 9.55979036e+00 -3.98056341e+00
 1.03413317e+01 -4.11372583e+00
 1.10523707e+01 -4.23906170e+00
 1.16845848e+01 -4.35110147e+00
 1.22340024e+01 -4.44467419e+00
 1.27019656e+01 -4.51450508e+00
 1.30954346e+01 -4.55476413e+00
 1.34266719e+01 -4.55872307e+00
 1.37122162e+01 -4.51888584e+00
 1.39709540e+01 -4.42810928e+00
 1.42212956e+01 -4.28160456e+00
 1.44780163e+01 -4.07880354e+00
 1.47498279e+01 -3.82417011e+00
 1.50386052e+01 -3.52691943e+00
 1.53404297e+01 -3.19993959e+00
 1.56479321e+01 -2.85785515e+00
 1.59531842e+01 -2.51420240e+00
 1.62503437e+01 -2.17850278e+00
 1.65371740e+01 -1.85469369e+00
 1.68148306e+01 -1.54183818e+00
 1.70862451e+01 -1.23651332e+00
 1.73543208e+01 -9.35231090e-01
 1.76209827e+01 -6.35665209e-01
 1.78871702e+01 -3.36677043e-01
 1.81532318e+01 -3.78428664e-02
 1.84192670e+01 2.60958882e-01
 1.86852978e+01 5.59755245e-01
 1.89513279e+01 8.58550873e-01
 1.92173577e+01 1.15734602e+00
 1.94833840e+01 1.45613723e+00
 1.97493836e+01 1.75489853e+00
 2.00152248e+01 2.05348192e+00
 2.02803263e+01 2.35123447e+00
 2.05427121e+01 2.64593682e+00
 2.07972489e+01 2.93182343e+00
 2.10339000e+01 3.19762154e+00
 2.12383757e+01 3.42728133e+00
 2.13971071e+01 3.60556280e+00
 2.13971071e+01 3.60556280e+00
 2.13971071e+01 3.60556280e+00
 2.13971071e+01 3.60556280e+00
 2.13971071e+01 3.60556280e+00
 2.13971071e+01 3.60556280e+00
 2.13971071e+01 3.60556280e+00
 2.13971071e+01 3.60556280e+00
 2.13971071e+01 3.60556280e+00
 2.13971071e+01 3.60556280e+00
 2.13971071e+01 3.60556280e+00
 2.13971071e+01 3.60556280e+00
 2.13971071e+01 3.60556280e+00
 2.13971071e+01 3.60556280e+00
 2.13971071e+01 3.60556280e+00
 2.13971071e+01 3.60556280e+00
 2.13971071e+01 3.60556280e+00
 2.13971071e+01 3.60556280e+00
 2.13971071e+01 3.60556280e+00
 2.13971071e+01 3.60556280e+00
 2.13971071e+01 3.60556280e+00
 2.13971071e+01 3.60556280e+00
 2.13971071e+01 3.60556280e+00
 2.13971071e+01 3.60556280e+00
 2.13971071e+01 3.60556280e+00
 2.13971071e+01 3.60556280e+00
 2.13971071e+01 3.60556280e+00
 2.13971071e+01 3.60556280e+00
 2.13971071e+01 3.60556280e+00
 2.13971071e+01 3.60556280e+00
 2.13971071e+01 3.60556280e+00
 2.13971071e+01 3.60556280e+00
 2.13971071e+01 3.60556280e+00
 2.13971071e+01 3.60556280e+00
 2.13971071e+01 3.60556280e+00
 2.13971071e+01 3.60556280e+00
 2.13971071e+01 3.60556280e+00
 2.13971071e+01 3.60556280e+00
 2.13971071e+01 3.60556280e+00
 2.13971071e+01 3.60556280e+00
 2.13971071e+01 3.60556280e+00
 2.13971071e+01 3.60556280e+00
 2.13971071e+01 3.60556280e+00
 2.13971071e+01 3.60556280e+00
 2.13971071e+01 3.60556280e+00
 2.13971071e+01 3.60556280e+00
 2.13971071e+01 3.60556280e+00
