0.000452242 0.000112 0.000149 0.06 0 0 163022 5058 17978 
0.00415103 0.000118 0.000233 0.571 0 0 2.01491e+06 9512 1.19349e+06 
0.0262557 0.00014 0.024482 3.864 0 4 5.87562e+06 17078 7.70098e+06 
0.0768225 0.000173 0.087507 12.013 0 19 9.29849e+06 277551 1.33547e+07 
0.173219 0.000188 0.204705 26.99 0 40 1.14577e+07 1.90189e+06 1.60383e+07 
0.340985 0.000197 0.368448 52.39 0 74 1.2663e+07 2.85286e+06 1.78266e+07 
0.608066 0.000206 0.602789 89.767 0 118 1.33129e+07 3.49441e+06 1.88248e+07 
1.06082 0.000231 0.994481 146.853 0 189 1.36369e+07 3.63802e+06 1.90337e+07 
1.82023 0.000266 1.5882 230.4 0 293 1.38118e+07 3.7301e+06 1.9228e+07 
3.17501 0.000269 2.66242 349.097 0 436 1.39094e+07 3.84539e+06 1.93724e+07 
1.08416 0.090948 1.39834 130.621 24 189 1.40842e+07 3.93537e+06 1.93708e+07 
0.67448 0.039953 0.910491 99.373 16 140 1.41805e+07 3.99484e+06 1.94533e+07 
0.450023 0.024788 0.615218 69.181 2 104 1.43614e+07 4.10898e+06 1.97348e+07 
0.294554 0.018049 0.439083 45.945 2 72 1.47312e+07 4.35879e+06 2.00887e+07 
0.200334 0.014027 0.30182 31.172 2 49 1.54573e+07 4.90383e+06 2.09104e+07 
0.112245 0.011245 0.167676 17.384 2 28 1.69018e+07 6.47367e+06 2.26677e+07 
0.0594639 0.008422 0.079686 9.588 2 16 1.97177e+07 8.60894e+06 2.56607e+07 
0.0304689 0.005457 0.035243 5.041 2 6 2.50562e+07 1.23093e+07 3.28506e+07 
0.0158817 0.002195 0.019324 3.021 2 2 3.4508e+07 1.82761e+07 4.40208e+07 
0.00865291 0.001789 0.012087 2.188 2 2 4.93086e+07 2.73041e+07 6.24171e+07 
0.00461907 0.001347 0.006014 2 2 2 6.78836e+07 4.01803e+07 8.58447e+07 
0.0023273 0.001091 0.001854 2 2 2 8.97639e+07 5.70231e+07 1.15008e+08 
0.00141036 0.000977 0.001276 2 2 2 1.19042e+08 7.87291e+07 1.51759e+08 
