0.00039678 0.00013 0.000153 0.08 0 0 4.2978e+09 70502 1.86734e+06 
0.00438056 0.000122 0.000163 0.3 0 0 1.04478e+11 74084 2.51242e+06 
0.0440678 0.000125 0.000212 1.74 0 0 3.03757e+11 80580 1.11465e+09 
0.266677 0.000139 0.034308 7.16 0 9 4.56497e+11 291472 2.93225e+09 
1.61962 0.000159 0.144439 19.34 0 30 5.60163e+11 525042 2.73725e+10 
5.50115 0.000181 0.419137 41.08 0 53 6.15616e+11 3.17567e+06 2.90503e+10 
12.7122 0.00021 0.950978 84.06 0 99 6.4164e+11 1.72819e+07 3.00527e+10 
22.764 0.000265 1.95381 155.12 0 164 6.46237e+11 3.47698e+07 3.08374e+10 
37.7721 0.00048 4.57681 258.57 0 261 6.47294e+11 8.08269e+07 3.16569e+10 
57.6179 0.198521 10.7579 404.33 53 405 6.60446e+11 9.87111e+07 5.28293e+10 
32.9697 0.107739 2.99047 195.14 40 187 6.68983e+11 1.42823e+08 5.59724e+10 
12.3908 0.048386 1.41586 92.34 16 118 6.66091e+11 1.81618e+08 5.49581e+10 
8.60919 0.026494 0.785873 63.87 2 89 6.74366e+11 2.04554e+08 6.0214e+10 
0.854875 0.010268 0.284212 30.06 2 46 6.87698e+11 2.89886e+08 6.40868e+10 
0.54723 0.005056 0.166324 18.92 2 20 7.22754e+11 3.71666e+08 6.96434e+10 
0.328329 0.003592 0.071074 10.28 2 12 7.7282e+11 4.16735e+08 7.93014e+10 
0.107201 0.00259 0.040578 6.11 2 6 8.76397e+11 3.72131e+08 9.25945e+10 
0.050398 0.002044 0.01313 4.18 2 2 1.08145e+12 3.39491e+08 1.33278e+11 
0.0141037 0.001799 0.007186 3.31 2 2 1.50363e+12 4.86178e+08 1.95849e+11 
0.00737807 0.001449 0.003931 2.49 2 2 2.34444e+12 7.56874e+08 2.2595e+11 
0.00348976 0.001216 0.001961 2 2 2 3.68249e+12 9.8025e+08 2.62659e+11 
0.00297696 0.001139 0.001381 2 2 2 4.56329e+12 1.38671e+09 4.58174e+11 
0.0013263 0.001135 0.001275 2 2 2 5.42831e+12 1.83178e+09 5.51242e+11 
